id,position,gas_fee,mev_potential,creator_id,created_at,included_at,target_tx
11,2,43000000,0,user_9,0,19,
46,22,6300000,7840,user_34,0,19,
128,2,6299999,0,builder_17,0,0,46
43,34,6100000,0,user_33,0,19,
51,33,6100000,0,user_40,0,19,
38,96,3200000,21800,user_30,0,9,
129,6,3199999,0,builder_17,0,0,38
15,86,2600000,0,user_11,0,8,
61,87,2600000,0,user_46,0,8,
42,88,2500000,0,user_32,0,8,
44,96,2000000,322000,user_33,0,8,
130,11,1999999,0,builder_17,0,0,44
45,98,2300000,0,user_33,0,8,
10,94,2000000,0,user_8,0,6,
39,98,1500000,0,user_30,0,4,
66,90,1300000,0,user_49,0,3,
37,94,1200000,0,user_28,0,3,
60,93,1200000,0,user_45,0,3,
13,95,1100000,0,user_11,0,3,
65,97,1000000,0,user_48,0,3,
5,99,660000,14200,user_4,0,3,
131,21,659999,0,builder_17,0,0,5
17,84,660001,0,user_14,0,2,5
6,86,660001,0,user_5,0,2,5
8,87,660001,0,user_5,0,2,5
21,91,660001,0,user_17,0,2,5
23,92,660001,0,user_18,0,2,5
24,93,660001,0,user_18,0,2,5
25,94,660001,0,user_18,0,2,5
31,89,660001,0,user_25,0,2,5
32,90,660001,0,user_25,0,2,5
19,85,660001,0,user_15,0,2,5
29,88,660001,0,user_22,0,2,5
16,95,659999,0,user_14,0,2,5
7,96,659999,0,user_5,0,2,5
22,99,659999,0,user_18,0,2,5
26,86,659999,0,user_18,0,1,5
33,97,659999,0,user_26,0,2,5
34,98,659999,0,user_26,0,2,5
48,87,420000,0,user_35,0,1,
12,89,310000,0,user_11,0,1,
4,95,260000,0,user_4,0,1,
14,96,220000,0,user_11,0,1,
41,97,220000,0,user_32,0,1,
63,98,220000,0,user_47,0,1,
132,45,150001,0,builder_17,0,0,1
1,99,150000,39400,user_1,0,1,
64,47,160000,0,user_48,0,0,
49,48,160000,0,user_36,0,0,
53,49,160000,0,user_42,0,0,
2,50,150001,0,user_2,0,0,1
9,51,150001,0,user_7,0,0,1
18,52,150001,0,user_15,0,0,1
3,53,149999,0,user_3,0,0,1
20,54,149999,0,user_16,0,0,1
30,55,149999,0,user_23,0,0,1
28,56,149999,0,user_20,0,0,1
50,57,130000,0,user_39,0,0,
52,58,110000,0,user_41,0,0,
40,59,87000,0,user_31,0,0,
62,60,82000,0,user_46,0,0,
0,61,80000,0,user_1,0,0,
54,62,77000,0,user_42,0,0,
47,63,70000,0,user_34,0,0,
11,2,43000000,0,user_9,0,19,
46,22,6300000,7840,user_34,0,19,
323,2,6299999,0,builder_18,1,1,46
164,23,6300001,0,user_14,1,19,46
187,28,6300000,0,user_33,1,19,
165,31,6299999,0,user_14,1,19,46
166,29,6299999,0,user_16,1,19,46
152,30,6299999,0,user_6,1,19,46
51,33,6100000,0,user_40,0,19,
43,34,6100000,0,user_33,0,19,
324,10,5000001,0,builder_18,1,1,177
177,36,5000000,381000,user_27,1,19,
55,99,4200000,33100,user_43,0,19,
325,13,4199999,0,builder_18,1,1,55
156,95,4200001,0,user_9,1,16,55
162,99,4200001,0,user_13,1,17,55
163,94,4200001,0,user_13,1,16,55
169,96,4200001,0,user_17,1,16,55
171,98,4199999,0,user_20,1,13,55
159,99,4199999,0,user_13,1,13,55
176,99,4199999,0,user_26,1,12,55
326,21,3200001,0,builder_18,1,1,38
38,96,3200000,21800,user_30,0,9,
144,77,3200001,0,user_4,1,8,38
142,81,3199999,0,user_3,1,8,38
143,82,3199999,0,user_3,1,8,38
174,83,3199999,0,user_23,1,8,38
15,86,2600000,0,user_11,0,8,
61,87,2600000,0,user_46,0,8,
199,84,2600000,0,user_47,1,8,
42,88,2500000,0,user_32,0,8,
327,31,2000001,0,builder_18,1,1,44
44,96,2000000,322000,user_33,0,8,
45,98,2300000,0,user_33,0,8,
36,97,2300000,0,user_27,0,8,
154,96,2000001,0,user_7,1,7,44
172,94,2000001,0,user_21,1,7,44
145,97,2000001,0,user_5,1,7,44
149,98,2000001,0,user_5,1,7,44
151,95,2000001,0,user_6,1,7,44
173,99,2000001,0,user_22,1,7,44
10,94,2000000,0,user_8,0,6,
140,98,1999999,0,user_2,1,6,44
158,93,1999999,0,user_10,1,5,44
139,91,1999999,0,user_0,1,5,44
160,94,1999999,0,user_13,1,5,44
161,95,1999999,0,user_13,1,5,44
167,96,1999999,0,user_17,1,5,44
147,99,1999999,0,user_5,1,6,44
150,97,1999999,0,user_6,1,5,44
153,98,1999999,0,user_6,1,5,44
175,99,1999999,0,user_26,1,5,44
196,92,1800000,0,user_44,1,4,
181,93,1600000,0,user_30,1,4,
194,94,1600000,0,user_42,1,4,
39,98,1500000,0,user_30,0,4,
200,97,1500000,0,user_48,1,4,
185,99,1500000,0,user_32,1,4,
35,86,1400000,0,user_27,0,3,
56,87,1400000,0,user_43,0,3,
198,88,1400000,0,user_46,1,3,
66,90,1300000,0,user_49,0,3,
37,94,1200000,0,user_28,0,3,
60,93,1200000,0,user_45,0,3,
197,92,1200000,0,user_45,1,3,
13,95,1100000,0,user_11,0,3,
65,97,1000000,0,user_48,0,3,
328,67,660001,0,builder_18,1,1,5
5,99,660000,14200,user_4,0,3,
6,86,660001,0,user_5,0,2,5
8,87,660001,0,user_5,0,2,5
27,83,660001,0,user_19,0,2,5
17,84,660001,0,user_14,0,2,5
19,85,660001,0,user_15,0,2,5
29,88,660001,0,user_22,0,2,5
31,89,660001,0,user_25,0,2,5
32,90,660001,0,user_25,0,2,5
21,91,660001,0,user_17,0,2,5
23,92,660001,0,user_18,0,2,5
24,93,660001,0,user_18,0,2,5
25,94,660001,0,user_18,0,2,5
7,96,659999,0,user_5,0,2,5
16,95,659999,0,user_14,0,2,5
33,97,659999,0,user_26,0,2,5
34,98,659999,0,user_26,0,2,5
22,99,659999,0,user_18,0,2,5
26,86,659999,0,user_18,0,1,5
48,87,420000,0,user_35,0,1,
183,88,340000,0,user_32,1,1,
12,89,310000,0,user_11,0,1,
193,90,310000,0,user_40,1,1,
329,91,260001,0,builder_18,1,1,192
192,92,260000,21800,user_39,1,1,
57,93,110000,164000,user_43,0,1,
330,94,109999,0,builder_18,1,1,57
4,95,260000,0,user_4,0,1,
14,96,220000,0,user_11,0,1,
41,97,220000,0,user_32,0,1,
63,98,220000,0,user_47,0,1,
1,99,150000,39400,user_1,0,1,
11,2,43000000,0,user_9,0,19,
46,22,6300000,7840,user_34,0,19,
514,2,6299999,0,builder_18,2,2,46
164,23,6300001,0,user_14,1,19,46
187,28,6300000,0,user_33,1,19,
152,30,6299999,0,user_6,1,19,46
165,31,6299999,0,user_14,1,19,46
166,29,6299999,0,user_16,1,19,46
43,34,6100000,0,user_33,0,19,
51,33,6100000,0,user_40,0,19,
345,52,5000001,0,user_12,2,19,177
353,53,5000001,0,user_24,2,19,177
191,71,5000000,0,user_38,1,19,
348,79,4999999,0,user_16,2,19,177
354,80,4999999,0,user_24,2,19,177
55,99,4200000,33100,user_43,0,19,
515,16,4199999,0,builder_18,2,2,55
162,99,4200001,0,user_13,1,17,55
163,94,4200001,0,user_13,1,16,55
156,95,4200001,0,user_9,1,16,55
169,96,4200001,0,user_17,1,16,55
343,98,4200001,0,user_10,2,17,55
341,97,4200001,0,user_8,2,17,55
362,97,4200000,0,user_32,2,15,
159,99,4199999,0,user_13,1,13,55
171,98,4199999,0,user_20,1,13,55
176,99,4199999,0,user_26,1,12,55
344,99,4199999,0,user_11,2,15,55
340,99,4199999,0,user_8,2,14,55
38,96,3200000,21800,user_30,0,9,
516,30,3199999,0,builder_18,2,2,38
144,77,3200001,0,user_4,1,8,38
142,81,3199999,0,user_3,1,8,38
143,82,3199999,0,user_3,1,8,38
174,83,3199999,0,user_23,1,8,38
15,86,2600000,0,user_11,0,8,
61,87,2600000,0,user_46,0,8,
199,84,2600000,0,user_47,1,8,
42,88,2500000,0,user_32,0,8,
369,93,2400000,0,user_42,2,8,
44,96,2000000,322000,user_33,0,8,
517,41,1999999,0,builder_18,2,2,44
45,98,2300000,0,user_33,0,8,
36,97,2300000,0,user_27,0,8,
145,97,2000001,0,user_5,1,7,44
149,98,2000001,0,user_5,1,7,44
151,95,2000001,0,user_6,1,7,44
154,96,2000001,0,user_7,1,7,44
172,94,2000001,0,user_21,1,7,44
173,99,2000001,0,user_22,1,7,44
355,89,2000001,0,user_25,2,6,44
10,94,2000000,0,user_8,0,6,
140,98,1999999,0,user_2,1,6,44
147,99,1999999,0,user_5,1,6,44
158,93,1999999,0,user_10,1,5,44
160,94,1999999,0,user_13,1,5,44
161,95,1999999,0,user_13,1,5,44
150,97,1999999,0,user_6,1,5,44
153,98,1999999,0,user_6,1,5,44
139,91,1999999,0,user_0,1,5,44
175,99,1999999,0,user_26,1,5,44
167,96,1999999,0,user_17,1,5,44
338,88,1999999,0,user_6,2,5,44
196,92,1800000,0,user_44,1,4,
194,94,1600000,0,user_42,1,4,
181,93,1600000,0,user_30,1,4,
39,98,1500000,0,user_30,0,4,
185,99,1500000,0,user_32,1,4,
200,97,1500000,0,user_48,1,4,
35,86,1400000,0,user_27,0,3,
56,87,1400000,0,user_43,0,3,
198,88,1400000,0,user_46,1,3,
373,85,1400000,0,user_44,2,3,
66,90,1300000,0,user_49,0,3,
37,94,1200000,0,user_28,0,3,
60,93,1200000,0,user_45,0,3,
197,92,1200000,0,user_45,1,3,
13,95,1100000,0,user_11,0,3,
65,97,1000000,0,user_48,0,3,
5,99,660000,14200,user_4,0,3,
518,80,659999,0,builder_18,2,2,5
519,81,73001,0,builder_18,2,2,195
195,82,73000,594000,user_43,1,2,
27,83,660001,0,user_19,0,2,5
17,84,660001,0,user_14,0,2,5
19,85,660001,0,user_15,0,2,5
6,86,660001,0,user_5,0,2,5
8,87,660001,0,user_5,0,2,5
29,88,660001,0,user_22,0,2,5
31,89,660001,0,user_25,0,2,5
32,90,660001,0,user_25,0,2,5
21,91,660001,0,user_17,0,2,5
23,92,660001,0,user_18,0,2,5
24,93,660001,0,user_18,0,2,5
25,94,660001,0,user_18,0,2,5
16,95,659999,0,user_14,0,2,5
7,96,659999,0,user_5,0,2,5
33,97,659999,0,user_26,0,2,5
34,98,659999,0,user_26,0,2,5
22,99,659999,0,user_18,0,2,5
11,2,43000000,0,user_9,0,19,
358,9,27000000,0,user_28,2,19,
686,2,6300001,0,builder_17,3,3,46
46,22,6300000,7840,user_34,0,19,
164,23,6300001,0,user_14,1,19,46
187,28,6300000,0,user_33,1,19,
165,31,6299999,0,user_14,1,19,46
166,29,6299999,0,user_16,1,19,46
152,30,6299999,0,user_6,1,19,46
51,33,6100000,0,user_40,0,19,
43,34,6100000,0,user_33,0,19,
687,11,5000001,0,builder_17,3,3,177
177,36,5000000,381000,user_27,1,19,
345,52,5000001,0,user_12,2,19,177
353,53,5000001,0,user_24,2,19,177
349,65,5000001,0,user_19,2,19,177
538,51,5000001,0,user_17,3,19,177
547,50,5000001,0,user_26,3,19,177
191,71,5000000,0,user_38,1,19,
348,79,4999999,0,user_16,2,19,177
354,80,4999999,0,user_24,2,19,177
528,77,4999999,0,user_8,3,19,177
529,78,4999999,0,user_8,3,19,177
545,76,4999999,0,user_21,3,19,177
688,24,4200001,0,builder_17,3,3,55
55,99,4200000,33100,user_43,0,19,
156,95,4200001,0,user_9,1,16,55
343,98,4200001,0,user_10,2,17,55
341,97,4200001,0,user_8,2,17,55
162,99,4200001,0,user_13,1,17,55
163,94,4200001,0,user_13,1,16,55
169,96,4200001,0,user_17,1,16,55
362,97,4200000,0,user_32,2,15,
552,97,4200000,0,user_34,3,16,
344,99,4199999,0,user_11,2,15,55
340,99,4199999,0,user_8,2,14,55
159,99,4199999,0,user_13,1,13,55
176,99,4199999,0,user_26,1,12,55
171,98,4199999,0,user_20,1,13,55
38,96,3200000,21800,user_30,0,9,
689,40,3199999,0,builder_17,3,3,38
144,77,3200001,0,user_4,1,8,38
142,81,3199999,0,user_3,1,8,38
143,82,3199999,0,user_3,1,8,38
174,83,3199999,0,user_23,1,8,38
199,84,2600000,0,user_47,1,8,
61,87,2600000,0,user_46,0,8,
15,86,2600000,0,user_11,0,8,
42,88,2500000,0,user_32,0,8,
690,49,2400001,0,builder_17,3,3,553
553,91,2400000,18600,user_36,3,8,
369,93,2400000,0,user_42,2,8,
44,96,2000000,322000,user_33,0,8,
691,53,1999999,0,builder_17,3,3,44
36,97,2300000,0,user_27,0,8,
45,98,2300000,0,user_33,0,8,
355,89,2000001,0,user_25,2,6,44
154,96,2000001,0,user_7,1,7,44
172,94,2000001,0,user_21,1,7,44
145,97,2000001,0,user_5,1,7,44
149,98,2000001,0,user_5,1,7,44
151,95,2000001,0,user_6,1,7,44
173,99,2000001,0,user_22,1,7,44
539,91,2000001,0,user_17,3,7,44
10,94,2000000,0,user_8,0,6,
338,88,1999999,0,user_6,2,5,44
522,96,1999999,0,user_0,3,6,44
158,93,1999999,0,user_10,1,5,44
139,91,1999999,0,user_0,1,5,44
160,94,1999999,0,user_13,1,5,44
161,95,1999999,0,user_13,1,5,44
167,96,1999999,0,user_17,1,5,44
147,99,1999999,0,user_5,1,6,44
150,97,1999999,0,user_6,1,5,44
153,98,1999999,0,user_6,1,5,44
175,99,1999999,0,user_26,1,5,44
140,98,1999999,0,user_2,1,6,44
196,92,1800000,0,user_44,1,4,
371,96,1600000,0,user_43,2,4,
181,93,1600000,0,user_30,1,4,
194,94,1600000,0,user_42,1,4,
360,95,1600000,0,user_28,2,4,
200,97,1500000,0,user_48,1,4,
185,99,1500000,0,user_32,1,4,
39,98,1500000,0,user_30,0,4,
373,85,1400000,0,user_44,2,3,
35,86,1400000,0,user_27,0,3,
56,87,1400000,0,user_43,0,3,
198,88,1400000,0,user_46,1,3,
359,89,1400000,0,user_28,2,3,
66,90,1300000,0,user_49,0,3,
556,91,1300000,0,user_40,3,3,
197,92,1200000,0,user_45,1,3,
60,93,1200000,0,user_45,0,3,
37,94,1200000,0,user_28,0,3,
13,95,1100000,0,user_11,0,3,
560,96,1100000,0,user_46,3,3,
65,97,1000000,0,user_48,0,3,
692,98,660001,0,builder_17,3,3,5
5,99,660000,14200,user_4,0,3,
11,2,43000000,0,user_9,0,19,
735,7,30000000,0,user_35,4,19,
358,9,27000000,0,user_28,2,19,
46,22,6300000,7840,user_34,0,19,
866,4,6299999,0,builder_17,4,4,46
164,23,6300001,0,user_14,1,19,46
187,28,6300000,0,user_33,1,19,
152,30,6299999,0,user_6,1,19,46
165,31,6299999,0,user_14,1,19,46
166,29,6299999,0,user_16,1,19,46
43,34,6100000,0,user_33,0,19,
51,33,6100000,0,user_40,0,19,
177,36,5000000,381000,user_27,1,19,
867,13,4999999,0,builder_17,4,4,177
349,65,5000001,0,user_19,2,19,177
538,51,5000001,0,user_17,3,19,177
547,50,5000001,0,user_26,3,19,177
353,53,5000001,0,user_24,2,19,177
345,52,5000001,0,user_12,2,19,177
714,59,5000001,0,user_15,4,19,177
191,71,5000000,0,user_38,1,19,
749,72,5000000,0,user_47,4,19,
731,70,5000000,0,user_30,4,19,
528,77,4999999,0,user_8,3,19,177
529,78,4999999,0,user_8,3,19,177
545,76,4999999,0,user_21,3,19,177
348,79,4999999,0,user_16,2,19,177
354,80,4999999,0,user_24,2,19,177
724,85,4999999,0,user_25,4,19,177
868,29,4500001,0,builder_17,4,4,732
732,94,4500000,16400,user_31,4,19,
55,99,4200000,33100,user_43,0,19,
869,32,4199999,0,builder_17,4,4,55
156,95,4200001,0,user_9,1,16,55
343,98,4200001,0,user_10,2,17,55
169,96,4200001,0,user_17,1,16,55
162,99,4200001,0,user_13,1,17,55
163,94,4200001,0,user_13,1,16,55
341,97,4200001,0,user_8,2,17,55
552,97,4200000,0,user_34,3,16,
362,97,4200000,0,user_32,2,15,
176,99,4199999,0,user_26,1,12,55
344,99,4199999,0,user_11,2,15,55
159,99,4199999,0,user_13,1,13,55
171,98,4199999,0,user_20,1,13,55
340,99,4199999,0,user_8,2,14,55
38,96,3200000,21800,user_30,0,9,
870,47,3199999,0,builder_17,4,4,38
555,98,3200000,6390,user_37,3,9,
871,49,3199999,0,builder_17,4,4,555
144,77,3200001,0,user_4,1,8,38
742,78,3200000,0,user_40,4,8,
174,83,3199999,0,user_23,1,8,38
142,81,3199999,0,user_3,1,8,38
143,82,3199999,0,user_3,1,8,38
554,85,2600000,0,user_37,3,8,
199,84,2600000,0,user_47,1,8,
61,87,2600000,0,user_46,0,8,
15,86,2600000,0,user_11,0,8,
42,88,2500000,0,user_32,0,8,
553,91,2400000,18600,user_36,3,8,
872,61,2399999,0,builder_17,4,4,553
369,93,2400000,0,user_42,2,8,
44,96,2000000,322000,user_33,0,8,
873,64,1999999,0,builder_17,4,4,44
45,98,2300000,0,user_33,0,8,
36,97,2300000,0,user_27,0,8,
539,91,2000001,0,user_17,3,7,44
145,97,2000001,0,user_5,1,7,44
149,98,2000001,0,user_5,1,7,44
154,96,2000001,0,user_7,1,7,44
151,95,2000001,0,user_6,1,7,44
172,94,2000001,0,user_21,1,7,44
173,99,2000001,0,user_22,1,7,44
355,89,2000001,0,user_25,2,6,44
706,90,2000001,0,user_5,4,7,44
716,92,2000001,0,user_17,4,7,44
10,94,2000000,0,user_8,0,6,
750,93,2000000,0,user_48,4,6,
710,97,1999999,0,user_9,4,6,44
158,93,1999999,0,user_10,1,5,44
147,99,1999999,0,user_5,1,6,44
150,97,1999999,0,user_6,1,5,44
153,98,1999999,0,user_6,1,5,44
175,99,1999999,0,user_26,1,5,44
167,96,1999999,0,user_17,1,5,44
338,88,1999999,0,user_6,2,5,44
140,98,1999999,0,user_2,1,6,44
160,94,1999999,0,user_13,1,5,44
161,95,1999999,0,user_13,1,5,44
139,91,1999999,0,user_0,1,5,44
522,96,1999999,0,user_0,3,6,44
196,92,1800000,0,user_44,1,4,
181,93,1600000,0,user_30,1,4,
194,94,1600000,0,user_42,1,4,
360,95,1600000,0,user_28,2,4,
371,96,1600000,0,user_43,2,4,
200,97,1500000,0,user_48,1,4,
39,98,1500000,0,user_30,0,4,
185,99,1500000,0,user_32,1,4,
11,2,43000000,0,user_9,0,19,
735,7,30000000,0,user_35,4,19,
358,9,27000000,0,user_28,2,19,
1096,3,170001,0,builder_17,5,5,727
727,18,170000,17700000,user_27,4,19,
46,22,6300000,7840,user_34,0,19,
1097,6,6299999,0,builder_17,5,5,46
164,23,6300001,0,user_14,1,19,46
187,28,6300000,0,user_33,1,19,
165,31,6299999,0,user_14,1,19,46
166,29,6299999,0,user_16,1,19,46
152,30,6299999,0,user_6,1,19,46
51,33,6100000,0,user_40,0,19,
43,34,6100000,0,user_33,0,19,
1098,14,5000001,0,builder_17,5,5,177
177,36,5000000,381000,user_27,1,19,
714,59,5000001,0,user_15,4,19,177
883,60,5000001,0,user_0,5,19,177
345,52,5000001,0,user_12,2,19,177
349,65,5000001,0,user_19,2,19,177
547,50,5000001,0,user_26,3,19,177
719,58,5000001,0,user_19,4,19,177
353,53,5000001,0,user_24,2,19,177
538,51,5000001,0,user_17,3,19,177
749,72,5000000,0,user_47,4,19,
731,70,5000000,0,user_30,4,19,
191,71,5000000,0,user_38,1,19,
724,85,4999999,0,user_25,4,19,177
348,79,4999999,0,user_16,2,19,177
545,76,4999999,0,user_21,3,19,177
528,77,4999999,0,user_8,3,19,177
529,78,4999999,0,user_8,3,19,177
354,80,4999999,0,user_24,2,19,177
732,94,4500000,16400,user_31,4,19,
1099,34,4499999,0,builder_17,5,5,732
1100,35,4200001,0,builder_17,5,5,55
55,99,4200000,33100,user_43,0,19,
341,97,4200001,0,user_8,2,17,55
343,98,4200001,0,user_10,2,17,55
156,95,4200001,0,user_9,1,16,55
162,99,4200001,0,user_13,1,17,55
163,94,4200001,0,user_13,1,16,55
169,96,4200001,0,user_17,1,16,55
552,97,4200000,0,user_34,3,16,
362,97,4200000,0,user_32,2,15,
340,99,4199999,0,user_8,2,14,55
159,99,4199999,0,user_13,1,13,55
176,99,4199999,0,user_26,1,12,55
171,98,4199999,0,user_20,1,13,55
344,99,4199999,0,user_11,2,15,55
38,96,3200000,21800,user_30,0,9,
1101,51,3199999,0,builder_17,5,5,38
555,98,3200000,6390,user_37,3,9,
1102,53,3199999,0,builder_17,5,5,555
144,77,3200001,0,user_4,1,8,38
742,78,3200000,0,user_40,4,8,
910,80,3200000,0,user_32,5,8,
142,81,3199999,0,user_3,1,8,38
143,82,3199999,0,user_3,1,8,38
174,83,3199999,0,user_23,1,8,38
554,85,2600000,0,user_37,3,8,
15,86,2600000,0,user_11,0,8,
61,87,2600000,0,user_46,0,8,
199,84,2600000,0,user_47,1,8,
909,89,2500000,0,user_28,5,8,
42,88,2500000,0,user_32,0,8,
1103,66,2400001,0,builder_17,5,5,553
553,91,2400000,18600,user_36,3,8,
369,93,2400000,0,user_42,2,8,
1104,69,2000001,0,builder_17,5,5,44
44,96,2000000,322000,user_33,0,8,
36,97,2300000,0,user_27,0,8,
45,98,2300000,0,user_33,0,8,
716,92,2000001,0,user_17,4,7,44
706,90,2000001,0,user_5,4,7,44
355,89,2000001,0,user_25,2,6,44
896,88,2000001,0,user_11,5,7,44
539,91,2000001,0,user_17,3,7,44
145,97,2000001,0,user_5,1,7,44
149,98,2000001,0,user_5,1,7,44
154,96,2000001,0,user_7,1,7,44
151,95,2000001,0,user_6,1,7,44
173,99,2000001,0,user_22,1,7,44
172,94,2000001,0,user_21,1,7,44
750,93,2000000,0,user_48,4,6,
10,94,2000000,0,user_8,0,6,
912,95,2000000,0,user_35,5,6,
522,96,1999999,0,user_0,3,6,44
338,88,1999999,0,user_6,2,5,44
710,97,1999999,0,user_9,4,6,44
147,99,1999999,0,user_5,1,6,44
139,91,1999999,0,user_0,1,5,44
140,98,1999999,0,user_2,1,6,44
158,93,1999999,0,user_10,1,5,44
160,94,1999999,0,user_13,1,5,44
161,95,1999999,0,user_13,1,5,44
167,96,1999999,0,user_17,1,5,44
150,97,1999999,0,user_6,1,5,44
153,98,1999999,0,user_6,1,5,44
175,99,1999999,0,user_26,1,5,44
11,2,43000000,0,user_9,0,19,
735,7,30000000,0,user_35,4,19,
358,9,27000000,0,user_28,2,19,
727,18,170000,17700000,user_27,4,19,
1331,4,169999,0,builder_18,6,6,727
46,22,6300000,7840,user_34,0,19,
1332,6,6299999,0,builder_18,6,6,46
164,23,6300001,0,user_14,1,19,46
187,28,6300000,0,user_33,1,19,
152,30,6299999,0,user_6,1,19,46
165,31,6299999,0,user_14,1,19,46
166,29,6299999,0,user_16,1,19,46
43,34,6100000,0,user_33,0,19,
51,33,6100000,0,user_40,0,19,
1158,32,6100000,0,user_47,6,19,
177,36,5000000,381000,user_27,1,19,
1333,16,4999999,0,builder_18,6,6,177
908,41,5200000,0,user_27,5,19,
547,50,5000001,0,user_26,3,19,177
538,51,5000001,0,user_17,3,19,177
719,58,5000001,0,user_19,4,19,177
714,59,5000001,0,user_15,4,19,177
345,52,5000001,0,user_12,2,19,177
353,53,5000001,0,user_24,2,19,177
349,65,5000001,0,user_19,2,19,177
883,60,5000001,0,user_0,5,19,177
1124,48,5000001,0,user_10,6,19,177
749,72,5000000,0,user_47,4,19,
731,70,5000000,0,user_30,4,19,
191,71,5000000,0,user_38,1,19,
545,76,4999999,0,user_21,3,19,177
528,77,4999999,0,user_8,3,19,177
529,78,4999999,0,user_8,3,19,177
724,85,4999999,0,user_25,4,19,177
348,79,4999999,0,user_16,2,19,177
354,80,4999999,0,user_24,2,19,177
1334,36,4500001,0,builder_18,6,6,732
732,94,4500000,16400,user_31,4,19,
1335,38,4200001,0,builder_18,6,6,55
55,99,4200000,33100,user_43,0,19,
162,99,4200001,0,user_13,1,17,55
163,94,4200001,0,user_13,1,16,55
156,95,4200001,0,user_9,1,16,55
169,96,4200001,0,user_17,1,16,55
343,98,4200001,0,user_10,2,17,55
341,97,4200001,0,user_8,2,17,55
552,97,4200000,0,user_34,3,16,
362,97,4200000,0,user_32,2,15,
1151,98,4200000,0,user_34,6,16,
159,99,4199999,0,user_13,1,13,55
171,98,4199999,0,user_20,1,13,55
176,99,4199999,0,user_26,1,12,55
344,99,4199999,0,user_11,2,15,55
340,99,4199999,0,user_8,2,14,55
1144,98,3500000,5640,user_30,6,11,
1336,55,3499999,0,builder_18,6,6,1144
38,96,3200000,21800,user_30,0,9,
1337,57,3199999,0,builder_18,6,6,38
1338,58,3200001,0,builder_18,6,6,555
555,98,3200000,6390,user_37,3,9,
144,77,3200001,0,user_4,1,8,38
742,78,3200000,0,user_40,4,8,
910,80,3200000,0,user_32,5,8,
922,79,3200000,0,user_43,5,8,
142,81,3199999,0,user_3,1,8,38
143,82,3199999,0,user_3,1,8,38
174,83,3199999,0,user_23,1,8,38
554,85,2600000,0,user_37,3,8,
15,86,2600000,0,user_11,0,8,
61,87,2600000,0,user_46,0,8,
199,84,2600000,0,user_47,1,8,
909,89,2500000,0,user_28,5,8,
42,88,2500000,0,user_32,0,8,
1339,73,2400001,0,builder_18,6,6,553
553,91,2400000,18600,user_36,3,8,
369,93,2400000,0,user_42,2,8,
44,96,2000000,322000,user_33,0,8,
1340,77,1999999,0,builder_18,6,6,44
45,98,2300000,0,user_33,0,8,
36,97,2300000,0,user_27,0,8,
539,91,2000001,0,user_17,3,7,44
706,90,2000001,0,user_5,4,7,44
716,92,2000001,0,user_17,4,7,44
145,97,2000001,0,user_5,1,7,44
149,98,2000001,0,user_5,1,7,44
151,95,2000001,0,user_6,1,7,44
154,96,2000001,0,user_7,1,7,44
172,94,2000001,0,user_21,1,7,44
173,99,2000001,0,user_22,1,7,44
355,89,2000001,0,user_25,2,6,44
896,88,2000001,0,user_11,5,7,44
1114,89,2000001,0,user_1,6,7,44
1136,99,2000001,0,user_20,6,8,44
750,93,2000000,0,user_48,4,6,
10,94,2000000,0,user_8,0,6,
912,95,2000000,0,user_35,5,6,
522,96,1999999,0,user_0,3,6,44
710,97,1999999,0,user_9,4,6,44
140,98,1999999,0,user_2,1,6,44
147,99,1999999,0,user_5,1,6,44
11,2,43000000,0,user_9,0,19,
735,7,30000000,0,user_35,4,19,
1370,5,30000000,0,user_29,7,19,
358,9,27000000,0,user_28,2,19,
1578,4,170001,0,builder_18,7,7,727
727,18,170000,17700000,user_27,4,19,
1579,6,6300001,0,builder_18,7,7,46
46,22,6300000,7840,user_34,0,19,
164,23,6300001,0,user_14,1,19,46
187,28,6300000,0,user_33,1,19,
1147,25,6300000,0,user_31,6,19,
165,31,6299999,0,user_14,1,19,46
166,29,6299999,0,user_16,1,19,46
152,30,6299999,0,user_6,1,19,46
51,33,6100000,0,user_40,0,19,
43,34,6100000,0,user_33,0,19,
1158,32,6100000,0,user_47,6,19,
177,36,5000000,381000,user_27,1,19,
1580,18,4999999,0,builder_18,7,7,177
908,41,5200000,0,user_27,5,19,
1581,20,5000001,0,builder_18,7,7,1384
1384,45,5000000,13900,user_45,7,19,
1380,47,5000000,6390,user_41,7,19,
1582,23,4999999,0,builder_18,7,7,1380
883,60,5000001,0,user_0,5,19,177
1124,48,5000001,0,user_10,6,19,177
538,51,5000001,0,user_17,3,19,177
547,50,5000001,0,user_26,3,19,177
719,58,5000001,0,user_19,4,19,177
714,59,5000001,0,user_15,4,19,177
345,52,5000001,0,user_12,2,19,177
349,65,5000001,0,user_19,2,19,177
353,53,5000001,0,user_24,2,19,177
749,72,5000000,0,user_47,4,19,
731,70,5000000,0,user_30,4,19,
191,71,5000000,0,user_38,1,19,
1377,69,5000000,0,user_37,7,19,
545,76,4999999,0,user_21,3,19,177
528,77,4999999,0,user_8,3,19,177
529,78,4999999,0,user_8,3,19,177
724,85,4999999,0,user_25,4,19,177
348,79,4999999,0,user_16,2,19,177
354,80,4999999,0,user_24,2,19,177
732,94,4500000,16400,user_31,4,19,
1583,44,4499999,0,builder_18,7,7,732
1584,45,4200001,0,builder_18,7,7,55
55,99,4200000,33100,user_43,0,19,
162,99,4200001,0,user_13,1,17,55
163,94,4200001,0,user_13,1,16,55
169,96,4200001,0,user_17,1,16,55
156,95,4200001,0,user_9,1,16,55
343,98,4200001,0,user_10,2,17,55
341,97,4200001,0,user_8,2,17,55
362,97,4200000,0,user_32,2,15,
552,97,4200000,0,user_34,3,16,
1151,98,4200000,0,user_34,6,16,
159,99,4199999,0,user_13,1,13,55
171,98,4199999,0,user_20,1,13,55
176,99,4199999,0,user_26,1,12,55
344,99,4199999,0,user_11,2,15,55
340,99,4199999,0,user_8,2,14,55
1585,61,3500001,0,builder_18,7,7,1144
1144,98,3500000,5640,user_30,6,11,
1586,63,3200001,0,builder_18,7,7,38
38,96,3200000,21800,user_30,0,9,
555,98,3200000,6390,user_37,3,9,
1587,66,3199999,0,builder_18,7,7,555
144,77,3200001,0,user_4,1,8,38
910,80,3200000,0,user_32,5,8,
922,79,3200000,0,user_43,5,8,
742,78,3200000,0,user_40,4,8,
142,81,3199999,0,user_3,1,8,38
143,82,3199999,0,user_3,1,8,38
174,83,3199999,0,user_23,1,8,38
554,85,2600000,0,user_37,3,8,
199,84,2600000,0,user_47,1,8,
61,87,2600000,0,user_46,0,8,
15,86,2600000,0,user_11,0,8,
909,89,2500000,0,user_28,5,8,
42,88,2500000,0,user_32,0,8,
1588,80,2400001,0,builder_18,7,7,553
553,91,2400000,18600,user_36,3,8,
369,93,2400000,0,user_42,2,8,
1160,92,2400000,0,user_49,6,8,
44,96,2000000,322000,user_33,0,8,
1589,85,1999999,0,builder_18,7,7,44
45,98,2300000,0,user_33,0,8,
36,97,2300000,0,user_27,0,8,
896,88,2000001,0,user_11,5,7,44
1114,89,2000001,0,user_1,6,7,44
706,90,2000001,0,user_5,4,7,44
539,91,2000001,0,user_17,3,7,44
716,92,2000001,0,user_17,4,7,44
1136,99,2000001,0,user_20,6,8,44
172,94,2000001,0,user_21,1,7,44
151,95,2000001,0,user_6,1,7,44
154,96,2000001,0,user_7,1,7,44
145,97,2000001,0,user_5,1,7,44
149,98,2000001,0,user_5,1,7,44
173,99,2000001,0,user_22,1,7,44
11,2,43000000,0,user_9,0,19,
1627,3,43000000,0,user_29,8,19,
735,7,30000000,0,user_35,4,19,
1370,5,30000000,0,user_29,7,19,
358,9,27000000,0,user_28,2,19,
727,18,170000,17700000,user_27,4,19,
1876,6,169999,0,builder_18,8,8,727
1618,20,3500000,7190000,user_27,8,19,
1877,8,3499999,0,builder_18,8,8,1618
1878,9,6300001,0,builder_18,8,8,46
46,22,6300000,7840,user_34,0,19,
164,23,6300001,0,user_14,1,19,46
1147,25,6300000,0,user_31,6,19,
187,28,6300000,0,user_33,1,19,
1640,27,6300000,0,user_44,8,19,
165,31,6299999,0,user_14,1,19,46
166,29,6299999,0,user_16,1,19,46
152,30,6299999,0,user_6,1,19,46
1158,32,6100000,0,user_47,6,19,
43,34,6100000,0,user_33,0,19,
51,33,6100000,0,user_40,0,19,
1626,35,6100000,0,user_29,8,19,
177,36,5000000,381000,user_27,1,19,
1879,23,4999999,0,builder_18,8,8,177
908,41,5200000,0,user_27,5,19,
1384,45,5000000,13900,user_45,7,19,
1880,26,4999999,0,builder_18,8,8,1384
1881,27,5000001,0,builder_18,8,8,1380
1380,47,5000000,6390,user_41,7,19,
1124,48,5000001,0,user_10,6,19,177
345,52,5000001,0,user_12,2,19,177
349,65,5000001,0,user_19,2,19,177
353,53,5000001,0,user_24,2,19,177
547,50,5000001,0,user_26,3,19,177
538,51,5000001,0,user_17,3,19,177
714,59,5000001,0,user_15,4,19,177
883,60,5000001,0,user_0,5,19,177
719,58,5000001,0,user_19,4,19,177
1617,61,5000001,0,user_26,8,19,177
749,72,5000000,0,user_47,4,19,
1377,69,5000000,0,user_37,7,19,
191,71,5000000,0,user_38,1,19,
731,70,5000000,0,user_30,4,19,
348,79,4999999,0,user_16,2,19,177
354,80,4999999,0,user_24,2,19,177
528,77,4999999,0,user_8,3,19,177
529,78,4999999,0,user_8,3,19,177
545,76,4999999,0,user_21,3,19,177
724,85,4999999,0,user_25,4,19,177
1593,75,4999999,0,user_7,8,19,177
1882,50,4500001,0,builder_18,8,8,732
732,94,4500000,16400,user_31,4,19,
1883,52,4200001,0,builder_18,8,8,55
55,99,4200000,33100,user_43,0,19,
341,97,4200001,0,user_8,2,17,55
343,98,4200001,0,user_10,2,17,55
169,96,4200001,0,user_17,1,16,55
156,95,4200001,0,user_9,1,16,55
162,99,4200001,0,user_13,1,17,55
163,94,4200001,0,user_13,1,16,55
1151,98,4200000,0,user_34,6,16,
362,97,4200000,0,user_32,2,15,
552,97,4200000,0,user_34,3,16,
1634,98,4200000,0,user_39,8,15,
344,99,4199999,0,user_11,2,15,55
340,99,4199999,0,user_8,2,14,55
176,99,4199999,0,user_26,1,12,55
159,99,4199999,0,user_13,1,13,55
171,98,4199999,0,user_20,1,13,55
1884,69,3500001,0,builder_18,8,8,1371
1371,97,3500000,283000,user_31,7,11,
1885,71,3500001,0,builder_18,8,8,1144
1144,98,3500000,5640,user_30,6,11,
1886,73,3200001,0,builder_18,8,8,38
38,96,3200000,21800,user_30,0,9,
555,98,3200000,6390,user_37,3,9,
1887,76,3199999,0,builder_18,8,8,555
144,77,3200001,0,user_4,1,8,38
742,78,3200000,0,user_40,4,8,
922,79,3200000,0,user_43,5,8,
910,80,3200000,0,user_32,5,8,
142,81,3199999,0,user_3,1,8,38
143,82,3199999,0,user_3,1,8,38
174,83,3199999,0,user_23,1,8,38
199,84,2600000,0,user_47,1,8,
554,85,2600000,0,user_37,3,8,
15,86,2600000,0,user_11,0,8,
61,87,2600000,0,user_46,0,8,
42,88,2500000,0,user_32,0,8,
909,89,2500000,0,user_28,5,8,
1888,90,2400001,0,builder_18,8,8,553
553,91,2400000,18600,user_36,3,8,
1160,92,2400000,0,user_49,6,8,
369,93,2400000,0,user_42,2,8,
1629,94,2400000,0,user_32,8,8,
1889,95,2000001,0,builder_18,8,8,44
44,96,2000000,322000,user_33,0,8,
36,97,2300000,0,user_27,0,8,
45,98,2300000,0,user_33,0,8,
1136,99,2000001,0,user_20,6,8,44
11,2,43000000,0,user_9,0,19,
1627,3,43000000,0,user_29,8,19,
1370,5,30000000,0,user_29,7,19,
735,7,30000000,0,user_35,4,19,
1931,8,30000000,0,user_41,9,19,
358,9,27000000,0,user_28,2,19,
1926,10,27000000,0,user_34,9,19,
727,18,170000,17700000,user_27,4,19,
2156,8,169999,0,builder_18,9,9,727
2157,9,3500001,0,builder_18,9,9,1618
1618,20,3500000,7190000,user_27,8,19,
46,22,6300000,7840,user_34,0,19,
2158,12,6299999,0,builder_18,9,9,46
164,23,6300001,0,user_14,1,19,46
1147,25,6300000,0,user_31,6,19,
1640,27,6300000,0,user_44,8,19,
187,28,6300000,0,user_33,1,19,
165,31,6299999,0,user_14,1,19,46
166,29,6299999,0,user_16,1,19,46
152,30,6299999,0,user_6,1,19,46
1158,32,6100000,0,user_47,6,19,
51,33,6100000,0,user_40,0,19,
43,34,6100000,0,user_33,0,19,
1626,35,6100000,0,user_29,8,19,
177,36,5000000,381000,user_27,1,19,
2159,25,4999999,0,builder_18,9,9,177
908,41,5200000,0,user_27,5,19,
1384,45,5000000,13900,user_45,7,19,
2160,28,4999999,0,builder_18,9,9,1384
2161,29,5000001,0,builder_18,9,9,1380
1380,47,5000000,6390,user_41,7,19,
1124,48,5000001,0,user_10,6,19,177
538,51,5000001,0,user_17,3,19,177
547,50,5000001,0,user_26,3,19,177
719,58,5000001,0,user_19,4,19,177
345,52,5000001,0,user_12,2,19,177
353,53,5000001,0,user_24,2,19,177
349,65,5000001,0,user_19,2,19,177
714,59,5000001,0,user_15,4,19,177
883,60,5000001,0,user_0,5,19,177
1617,61,5000001,0,user_26,8,19,177
1911,62,5000001,0,user_20,9,19,177
1905,49,5000001,0,user_13,9,19,177
1910,63,5000001,0,user_18,9,19,177
1917,64,5000001,0,user_24,9,19,177
1377,69,5000000,0,user_37,7,19,
191,71,5000000,0,user_38,1,19,
749,72,5000000,0,user_47,4,19,
731,70,5000000,0,user_30,4,19,
1929,73,5000000,0,user_39,9,19,
528,77,4999999,0,user_8,3,19,177
529,78,4999999,0,user_8,3,19,177
545,76,4999999,0,user_21,3,19,177
348,79,4999999,0,user_16,2,19,177
354,80,4999999,0,user_24,2,19,177
724,85,4999999,0,user_25,4,19,177
1593,75,4999999,0,user_7,8,19,177
1894,86,4999999,0,user_4,9,19,177
1901,87,4999999,0,user_10,9,19,177
1909,88,4999999,0,user_18,9,19,177
1898,89,4999999,0,user_5,9,19,177
1914,90,4999999,0,user_23,9,19,177
1913,92,4999999,0,user_22,9,19,177
1916,91,4999999,0,user_24,9,19,177
732,94,4500000,16400,user_31,4,19,
2162,65,4499999,0,builder_18,9,9,732
55,99,4200000,33100,user_43,0,19,
2163,67,4199999,0,builder_18,9,9,55
343,98,4200001,0,user_10,2,17,55
156,95,4200001,0,user_9,1,16,55
162,99,4200001,0,user_13,1,17,55
163,94,4200001,0,user_13,1,16,55
169,96,4200001,0,user_17,1,16,55
341,97,4200001,0,user_8,2,17,55
1151,98,4200000,0,user_34,6,16,
1622,99,4200000,0,user_28,8,16,
552,97,4200000,0,user_34,3,16,
362,97,4200000,0,user_32,2,15,
1634,98,4200000,0,user_39,8,15,
171,98,4199999,0,user_20,1,13,55
159,99,4199999,0,user_13,1,13,55
344,99,4199999,0,user_11,2,15,55
340,99,4199999,0,user_8,2,14,55
176,99,4199999,0,user_26,1,12,55
1371,97,3500000,283000,user_31,7,11,
2164,85,3499999,0,builder_18,9,9,1371
1144,98,3500000,5640,user_30,6,11,
2165,87,3499999,0,builder_18,9,9,1144
1892,99,3500001,0,user_1,9,10,1618
1895,97,3500001,0,user_4,9,10,1618
1896,98,3500001,0,user_4,9,10,1618
1907,91,3500001,0,user_16,9,9,1618
1897,92,3499999,0,user_4,9,9,1618
1900,93,3499999,0,user_10,9,9,1618
1902,94,3499999,0,user_10,9,9,1618
1912,95,3499999,0,user_21,9,9,1618
38,96,3200000,21800,user_30,0,9,
2166,97,3199999,0,builder_18,9,9,38
555,98,3200000,6390,user_37,3,9,
2167,99,3199999,0,builder_18,9,9,555
1627,3,43000000,0,user_29,8,19,
11,2,43000000,0,user_9,0,19,
1370,5,30000000,0,user_29,7,19,
735,7,30000000,0,user_35,4,19,
1931,8,30000000,0,user_41,9,19,
358,9,27000000,0,user_28,2,19,
1926,10,27000000,0,user_34,9,19,
2217,12,19000000,0,user_40,10,19,
727,18,170000,17700000,user_27,4,19,
2406,9,169999,0,builder_18,10,10,727
2407,10,3500001,0,builder_18,10,10,1618
1618,20,3500000,7190000,user_27,8,19,
46,22,6300000,7840,user_34,0,19,
2408,13,6299999,0,builder_18,10,10,46
164,23,6300001,0,user_14,1,19,46
1147,25,6300000,0,user_31,6,19,
1640,27,6300000,0,user_44,8,19,
187,28,6300000,0,user_33,1,19,
152,30,6299999,0,user_6,1,19,46
165,31,6299999,0,user_14,1,19,46
166,29,6299999,0,user_16,1,19,46
1158,32,6100000,0,user_47,6,19,
1626,35,6100000,0,user_29,8,19,
43,34,6100000,0,user_33,0,19,
51,33,6100000,0,user_40,0,19,
177,36,5000000,381000,user_27,1,19,
2409,26,4999999,0,builder_18,10,10,177
908,41,5200000,0,user_27,5,19,
1384,45,5000000,13900,user_45,7,19,
2410,29,4999999,0,builder_18,10,10,1384
1380,47,5000000,6390,user_41,7,19,
2411,31,4999999,0,builder_18,10,10,1380
1124,48,5000001,0,user_10,6,19,177
1617,61,5000001,0,user_26,8,19,177
1905,49,5000001,0,user_13,9,19,177
1911,62,5000001,0,user_20,9,19,177
547,50,5000001,0,user_26,3,19,177
538,51,5000001,0,user_17,3,19,177
719,58,5000001,0,user_19,4,19,177
714,59,5000001,0,user_15,4,19,177
345,52,5000001,0,user_12,2,19,177
353,53,5000001,0,user_24,2,19,177
349,65,5000001,0,user_19,2,19,177
883,60,5000001,0,user_0,5,19,177
1910,63,5000001,0,user_18,9,19,177
1917,64,5000001,0,user_24,9,19,177
2184,54,5000001,0,user_11,10,19,177
2168,55,5000001,0,user_0,10,19,177
2181,56,5000001,0,user_9,10,19,177
2183,57,5000001,0,user_9,10,19,177
1377,69,5000000,0,user_37,7,19,
749,72,5000000,0,user_47,4,19,
731,70,5000000,0,user_30,4,19,
191,71,5000000,0,user_38,1,19,
1929,73,5000000,0,user_39,9,19,
1593,75,4999999,0,user_7,8,19,177
1894,86,4999999,0,user_4,9,19,177
1898,89,4999999,0,user_5,9,19,177
1901,87,4999999,0,user_10,9,19,177
545,76,4999999,0,user_21,3,19,177
528,77,4999999,0,user_8,3,19,177
529,78,4999999,0,user_8,3,19,177
724,85,4999999,0,user_25,4,19,177
348,79,4999999,0,user_16,2,19,177
354,80,4999999,0,user_24,2,19,177
1913,92,4999999,0,user_22,9,19,177
1909,88,4999999,0,user_18,9,19,177
1914,90,4999999,0,user_23,9,19,177
1916,91,4999999,0,user_24,9,19,177
2179,82,4999999,0,user_9,10,19,177
2180,83,4999999,0,user_9,10,19,177
2182,84,4999999,0,user_9,10,19,177
2178,81,4999999,0,user_8,10,19,177
2412,73,4500001,0,builder_18,10,10,732
732,94,4500000,16400,user_31,4,19,
55,99,4200000,33100,user_43,0,19,
2413,76,4199999,0,builder_18,10,10,55
162,99,4200001,0,user_13,1,17,55
163,94,4200001,0,user_13,1,16,55
156,95,4200001,0,user_9,1,16,55
169,96,4200001,0,user_17,1,16,55
343,98,4200001,0,user_10,2,17,55
341,97,4200001,0,user_8,2,17,55
1622,99,4200000,0,user_28,8,16,
1634,98,4200000,0,user_39,8,15,
552,97,4200000,0,user_34,3,16,
362,97,4200000,0,user_32,2,15,
1151,98,4200000,0,user_34,6,16,
159,99,4199999,0,user_13,1,13,55
171,98,4199999,0,user_20,1,13,55
176,99,4199999,0,user_26,1,12,55
344,99,4199999,0,user_11,2,15,55
340,99,4199999,0,user_8,2,14,55
1371,97,3500000,283000,user_31,7,11,
2414,94,3499999,0,builder_18,10,10,1371
1144,98,3500000,5640,user_30,6,11,
2415,96,3499999,0,builder_18,10,10,1144
1895,97,3500001,0,user_4,9,10,1618
1896,98,3500001,0,user_4,9,10,1618
1892,99,3500001,0,user_1,9,10,1618
1627,3,43000000,0,user_29,8,19,
11,2,43000000,0,user_9,0,19,
1931,8,30000000,0,user_41,9,19,
735,7,30000000,0,user_35,4,19,
1370,5,30000000,0,user_29,7,19,
2214,6,30000000,0,user_38,10,19,
1926,10,27000000,0,user_34,9,19,
358,9,27000000,0,user_28,2,19,
2217,12,19000000,0,user_40,10,19,
2449,13,19000000,0,user_32,11,19,
727,18,170000,17700000,user_27,4,19,
2640,11,169999,0,builder_18,11,11,727
2641,12,3500001,0,builder_18,11,11,1618
1618,20,3500000,7190000,user_27,8,19,
46,22,6300000,7840,user_34,0,19,
2642,15,6299999,0,builder_18,11,11,46
164,23,6300001,0,user_14,1,19,46
1640,27,6300000,0,user_44,8,19,
187,28,6300000,0,user_33,1,19,
1147,25,6300000,0,user_31,6,19,
165,31,6299999,0,user_14,1,19,46
166,29,6299999,0,user_16,1,19,46
152,30,6299999,0,user_6,1,19,46
1626,35,6100000,0,user_29,8,19,
51,33,6100000,0,user_40,0,19,
43,34,6100000,0,user_33,0,19,
1158,32,6100000,0,user_47,6,19,
2643,27,5000001,0,builder_18,11,11,177
177,36,5000000,381000,user_27,1,19,
908,41,5200000,0,user_27,5,19,
2226,40,5200000,0,user_49,10,19,
1384,45,5000000,13900,user_45,7,19,
2644,32,4999999,0,builder_18,11,11,1384
1380,47,5000000,6390,user_41,7,19,
2645,34,4999999,0,builder_18,11,11,1380
1617,61,5000001,0,user_26,8,19,177
1905,49,5000001,0,user_13,9,19,177
1911,62,5000001,0,user_20,9,19,177
1910,63,5000001,0,user_18,9,19,177
1917,64,5000001,0,user_24,9,19,177
2184,54,5000001,0,user_11,10,19,177
2168,55,5000001,0,user_0,10,19,177
883,60,5000001,0,user_0,5,19,177
1124,48,5000001,0,user_10,6,19,177
538,51,5000001,0,user_17,3,19,177
547,50,5000001,0,user_26,3,19,177
719,58,5000001,0,user_19,4,19,177
714,59,5000001,0,user_15,4,19,177
345,52,5000001,0,user_12,2,19,177
349,65,5000001,0,user_19,2,19,177
353,53,5000001,0,user_24,2,19,177
2181,56,5000001,0,user_9,10,19,177
2183,57,5000001,0,user_9,10,19,177
1929,73,5000000,0,user_39,9,19,
1377,69,5000000,0,user_37,7,19,
749,72,5000000,0,user_47,4,19,
731,70,5000000,0,user_30,4,19,
191,71,5000000,0,user_38,1,19,
1593,75,4999999,0,user_7,8,19,177
1894,86,4999999,0,user_4,9,19,177
1898,89,4999999,0,user_5,9,19,177
1913,92,4999999,0,user_22,9,19,177
1901,87,4999999,0,user_10,9,19,177
1909,88,4999999,0,user_18,9,19,177
1914,90,4999999,0,user_23,9,19,177
1916,91,4999999,0,user_24,9,19,177
545,76,4999999,0,user_21,3,19,177
528,77,4999999,0,user_8,3,19,177
529,78,4999999,0,user_8,3,19,177
724,85,4999999,0,user_25,4,19,177
348,79,4999999,0,user_16,2,19,177
354,80,4999999,0,user_24,2,19,177
2178,81,4999999,0,user_8,10,19,177
2179,82,4999999,0,user_9,10,19,177
2180,83,4999999,0,user_9,10,19,177
2182,84,4999999,0,user_9,10,19,177
732,94,4500000,16400,user_31,4,19,
2646,77,4499999,0,builder_18,11,11,732
2647,78,4200001,0,builder_18,11,11,55
55,99,4200000,33100,user_43,0,19,
162,99,4200001,0,user_13,1,17,55
163,94,4200001,0,user_13,1,16,55
169,96,4200001,0,user_17,1,16,55
156,95,4200001,0,user_9,1,16,55
343,98,4200001,0,user_10,2,17,55
341,97,4200001,0,user_8,2,17,55
1622,99,4200000,0,user_28,8,16,
1634,98,4200000,0,user_39,8,15,
362,97,4200000,0,user_32,2,15,
552,97,4200000,0,user_34,3,16,
1151,98,4200000,0,user_34,6,16,
159,99,4199999,0,user_13,1,13,55
171,98,4199999,0,user_20,1,13,55
176,99,4199999,0,user_26,1,12,55
344,99,4199999,0,user_11,2,15,55
340,99,4199999,0,user_8,2,14,55
2648,96,3500001,0,builder_18,11,11,1371
1371,97,3500000,283000,user_31,7,11,
1144,98,3500000,5640,user_30,6,11,
2649,99,3499999,0,builder_18,11,11,1144
2678,4,43000000,0,user_34,12,19,
1627,3,43000000,0,user_29,8,19,
11,2,43000000,0,user_9,0,19,
2214,6,30000000,0,user_38,10,19,
1931,8,30000000,0,user_41,9,19,
1370,5,30000000,0,user_29,7,19,
735,7,30000000,0,user_35,4,19,
1926,10,27000000,0,user_34,9,19,
2677,11,27000000,0,user_32,12,19,
358,9,27000000,0,user_28,2,19,
2449,13,19000000,0,user_32,11,19,
2217,12,19000000,0,user_40,10,19,
727,18,170000,17700000,user_27,4,19,
2857,13,169999,0,builder_17,12,12,727
2858,14,3500001,0,builder_17,12,12,1618
1618,20,3500000,7190000,user_27,8,19,
46,22,6300000,7840,user_34,0,19,
2859,17,6299999,0,builder_17,12,12,46
164,23,6300001,0,user_14,1,19,46
1640,27,6300000,0,user_44,8,19,
1147,25,6300000,0,user_31,6,19,
187,28,6300000,0,user_33,1,19,
166,29,6299999,0,user_16,1,19,46
152,30,6299999,0,user_6,1,19,46
165,31,6299999,0,user_14,1,19,46
1626,35,6100000,0,user_29,8,19,
51,33,6100000,0,user_40,0,19,
1158,32,6100000,0,user_47,6,19,
43,34,6100000,0,user_33,0,19,
177,36,5000000,381000,user_27,1,19,
2860,30,4999999,0,builder_17,12,12,177
2226,40,5200000,0,user_49,10,19,
908,41,5200000,0,user_27,5,19,
2861,33,5000001,0,builder_17,12,12,1384
1384,45,5000000,13900,user_45,7,19,
2862,35,5000001,0,builder_17,12,12,1380
1380,47,5000000,6390,user_41,7,19,
2181,56,5000001,0,user_9,10,19,177
2183,57,5000001,0,user_9,10,19,177
2168,55,5000001,0,user_0,10,19,177
1910,63,5000001,0,user_18,9,19,177
1911,62,5000001,0,user_20,9,19,177
2184,54,5000001,0,user_11,10,19,177
1617,61,5000001,0,user_26,8,19,177
1905,49,5000001,0,user_13,9,19,177
1917,64,5000001,0,user_24,9,19,177
1124,48,5000001,0,user_10,6,19,177
538,51,5000001,0,user_17,3,19,177
547,50,5000001,0,user_26,3,19,177
345,52,5000001,0,user_12,2,19,177
353,53,5000001,0,user_24,2,19,177
719,58,5000001,0,user_19,4,19,177
714,59,5000001,0,user_15,4,19,177
883,60,5000001,0,user_0,5,19,177
349,65,5000001,0,user_19,2,19,177
1929,73,5000000,0,user_39,9,19,
731,70,5000000,0,user_30,4,19,
1377,69,5000000,0,user_37,7,19,
749,72,5000000,0,user_47,4,19,
191,71,5000000,0,user_38,1,19,
2179,82,4999999,0,user_9,10,19,177
2180,83,4999999,0,user_9,10,19,177
2182,84,4999999,0,user_9,10,19,177
2178,81,4999999,0,user_8,10,19,177
1909,88,4999999,0,user_18,9,19,177
1894,86,4999999,0,user_4,9,19,177
1898,89,4999999,0,user_5,9,19,177
1913,92,4999999,0,user_22,9,19,177
1901,87,4999999,0,user_10,9,19,177
1914,90,4999999,0,user_23,9,19,177
1916,91,4999999,0,user_24,9,19,177
545,76,4999999,0,user_21,3,19,177
528,77,4999999,0,user_8,3,19,177
529,78,4999999,0,user_8,3,19,177
348,79,4999999,0,user_16,2,19,177
354,80,4999999,0,user_24,2,19,177
1593,75,4999999,0,user_7,8,19,177
724,85,4999999,0,user_25,4,19,177
2863,78,4500001,0,builder_17,12,12,732
732,94,4500000,16400,user_31,4,19,
2864,80,4200001,0,builder_17,12,12,2681
2681,97,4200000,231000,user_36,12,19,
55,99,4200000,33100,user_43,0,19,
2865,83,4199999,0,builder_17,12,12,55
343,98,4200001,0,user_10,2,17,55
341,97,4200001,0,user_8,2,17,55
162,99,4200001,0,user_13,1,17,55
163,94,4200001,0,user_13,1,16,55
156,95,4200001,0,user_9,1,16,55
169,96,4200001,0,user_17,1,16,55
1634,98,4200000,0,user_39,8,15,
1622,99,4200000,0,user_28,8,16,
552,97,4200000,0,user_34,3,16,
1151,98,4200000,0,user_34,6,16,
362,97,4200000,0,user_32,2,15,
344,99,4199999,0,user_11,2,15,55
340,99,4199999,0,user_8,2,14,55
159,99,4199999,0,user_13,1,13,55
171,98,4199999,0,user_20,1,13,55
176,99,4199999,0,user_26,1,12,55
3089,0,43000001,0,builder_18,13,13,2919
2919,1,43000000,56200,user_39,13,19,
11,2,43000000,0,user_9,0,19,
1627,3,43000000,0,user_29,8,19,
2678,4,43000000,0,user_34,12,19,
2214,6,30000000,0,user_38,10,19,
1370,5,30000000,0,user_29,7,19,
735,7,30000000,0,user_35,4,19,
1931,8,30000000,0,user_41,9,19,
358,9,27000000,0,user_28,2,19,
1926,10,27000000,0,user_34,9,19,
2677,11,27000000,0,user_32,12,19,
2449,13,19000000,0,user_32,11,19,
2217,12,19000000,0,user_40,10,19,
727,18,170000,17700000,user_27,4,19,
3090,15,169999,0,builder_18,13,13,727
1618,20,3500000,7190000,user_27,8,19,
3091,17,3499999,0,builder_18,13,13,1618
3092,18,6300001,0,builder_18,13,13,46
46,22,6300000,7840,user_34,0,19,
164,23,6300001,0,user_14,1,19,46
1147,25,6300000,0,user_31,6,19,
1640,27,6300000,0,user_44,8,19,
187,28,6300000,0,user_33,1,19,
165,31,6299999,0,user_14,1,19,46
166,29,6299999,0,user_16,1,19,46
152,30,6299999,0,user_6,1,19,46
1158,32,6100000,0,user_47,6,19,
51,33,6100000,0,user_40,0,19,
43,34,6100000,0,user_33,0,19,
1626,35,6100000,0,user_29,8,19,
3093,31,5000001,0,builder_18,13,13,177
177,36,5000000,381000,user_27,1,19,
2226,40,5200000,0,user_49,10,19,
908,41,5200000,0,user_27,5,19,
1384,45,5000000,13900,user_45,7,19,
3094,36,4999999,0,builder_18,13,13,1384
1380,47,5000000,6390,user_41,7,19,
3095,38,4999999,0,builder_18,13,13,1380
2184,54,5000001,0,user_11,10,19,177
1905,49,5000001,0,user_13,9,19,177
2168,55,5000001,0,user_0,10,19,177
2181,56,5000001,0,user_9,10,19,177
2183,57,5000001,0,user_9,10,19,177
1124,48,5000001,0,user_10,6,19,177
538,51,5000001,0,user_17,3,19,177
547,50,5000001,0,user_26,3,19,177
719,58,5000001,0,user_19,4,19,177
345,52,5000001,0,user_12,2,19,177
353,53,5000001,0,user_24,2,19,177
349,65,5000001,0,user_19,2,19,177
714,59,5000001,0,user_15,4,19,177
883,60,5000001,0,user_0,5,19,177
1617,61,5000001,0,user_26,8,19,177
1911,62,5000001,0,user_20,9,19,177
1910,63,5000001,0,user_18,9,19,177
1917,64,5000001,0,user_24,9,19,177
1377,69,5000000,0,user_37,7,19,
191,71,5000000,0,user_38,1,19,
749,72,5000000,0,user_47,4,19,
731,70,5000000,0,user_30,4,19,
1929,73,5000000,0,user_39,9,19,
2913,74,5000000,0,user_34,13,19,
2179,82,4999999,0,user_9,10,19,177
2180,83,4999999,0,user_9,10,19,177
2182,84,4999999,0,user_9,10,19,177
2178,81,4999999,0,user_8,10,19,177
528,77,4999999,0,user_8,3,19,177
529,78,4999999,0,user_8,3,19,177
545,76,4999999,0,user_21,3,19,177
348,79,4999999,0,user_16,2,19,177
354,80,4999999,0,user_24,2,19,177
724,85,4999999,0,user_25,4,19,177
1593,75,4999999,0,user_7,8,19,177
1894,86,4999999,0,user_4,9,19,177
1901,87,4999999,0,user_10,9,19,177
1909,88,4999999,0,user_18,9,19,177
1898,89,4999999,0,user_5,9,19,177
1914,90,4999999,0,user_23,9,19,177
1916,91,4999999,0,user_24,9,19,177
1913,92,4999999,0,user_22,9,19,177
3096,81,4500001,0,builder_18,13,13,732
732,94,4500000,16400,user_31,4,19,
2681,97,4200000,231000,user_36,12,19,
3097,84,4199999,0,builder_18,13,13,2681
55,99,4200000,33100,user_43,0,19,
3098,86,4199999,0,builder_18,13,13,55
343,98,4200001,0,user_10,2,17,55
156,95,4200001,0,user_9,1,16,55
162,99,4200001,0,user_13,1,17,55
163,94,4200001,0,user_13,1,16,55
169,96,4200001,0,user_17,1,16,55
341,97,4200001,0,user_8,2,17,55
1151,98,4200000,0,user_34,6,16,
1622,99,4200000,0,user_28,8,16,
552,97,4200000,0,user_34,3,16,
362,97,4200000,0,user_32,2,15,
1634,98,4200000,0,user_39,8,15,
171,98,4199999,0,user_20,1,13,55
159,99,4199999,0,user_13,1,13,55
3311,0,43000001,0,builder_17,14,14,2919
2919,1,43000000,56200,user_39,13,19,
2678,4,43000000,0,user_34,12,19,
11,2,43000000,0,user_9,0,19,
1627,3,43000000,0,user_29,8,19,
2214,6,30000000,0,user_38,10,19,
1370,5,30000000,0,user_29,7,19,
735,7,30000000,0,user_35,4,19,
1931,8,30000000,0,user_41,9,19,
2677,11,27000000,0,user_32,12,19,
358,9,27000000,0,user_28,2,19,
1926,10,27000000,0,user_34,9,19,
2449,13,19000000,0,user_32,11,19,
2217,12,19000000,0,user_40,10,19,
3312,14,170001,0,builder_17,14,14,727
727,18,170000,17700000,user_27,4,19,
3313,16,3500001,0,builder_17,14,14,1618
1618,20,3500000,7190000,user_27,8,19,
3314,18,6300001,0,builder_17,14,14,46
46,22,6300000,7840,user_34,0,19,
164,23,6300001,0,user_14,1,19,46
1147,25,6300000,0,user_31,6,19,
187,28,6300000,0,user_33,1,19,
1640,27,6300000,0,user_44,8,19,
166,29,6299999,0,user_16,1,19,46
152,30,6299999,0,user_6,1,19,46
165,31,6299999,0,user_14,1,19,46
1158,32,6100000,0,user_47,6,19,
51,33,6100000,0,user_40,0,19,
43,34,6100000,0,user_33,0,19,
1626,35,6100000,0,user_29,8,19,
177,36,5000000,381000,user_27,1,19,
3315,32,4999999,0,builder_17,14,14,177
2226,40,5200000,0,user_49,10,19,
908,41,5200000,0,user_27,5,19,
3316,35,5000001,0,builder_17,14,14,1384
1384,45,5000000,13900,user_45,7,19,
3317,37,5000001,0,builder_17,14,14,1380
1380,47,5000000,6390,user_41,7,19,
2168,55,5000001,0,user_0,10,19,177
2181,56,5000001,0,user_9,10,19,177
2183,57,5000001,0,user_9,10,19,177
1124,48,5000001,0,user_10,6,19,177
538,51,5000001,0,user_17,3,19,177
547,50,5000001,0,user_26,3,19,177
345,52,5000001,0,user_12,2,19,177
353,53,5000001,0,user_24,2,19,177
1905,49,5000001,0,user_13,9,19,177
2184,54,5000001,0,user_11,10,19,177
714,59,5000001,0,user_15,4,19,177
883,60,5000001,0,user_0,5,19,177
719,58,5000001,0,user_19,4,19,177
1617,61,5000001,0,user_26,8,19,177
1910,63,5000001,0,user_18,9,19,177
1917,64,5000001,0,user_24,9,19,177
1911,62,5000001,0,user_20,9,19,177
349,65,5000001,0,user_19,2,19,177
2913,74,5000000,0,user_34,13,19,
1377,69,5000000,0,user_37,7,19,
731,70,5000000,0,user_30,4,19,
749,72,5000000,0,user_47,4,19,
191,71,5000000,0,user_38,1,19,
1929,73,5000000,0,user_39,9,19,
1914,90,4999999,0,user_23,9,19,177
2179,82,4999999,0,user_9,10,19,177
2180,83,4999999,0,user_9,10,19,177
2182,84,4999999,0,user_9,10,19,177
528,77,4999999,0,user_8,3,19,177
529,78,4999999,0,user_8,3,19,177
545,76,4999999,0,user_21,3,19,177
348,79,4999999,0,user_16,2,19,177
354,80,4999999,0,user_24,2,19,177
1593,75,4999999,0,user_7,8,19,177
2178,81,4999999,0,user_8,10,19,177
724,85,4999999,0,user_25,4,19,177
1894,86,4999999,0,user_4,9,19,177
1898,89,4999999,0,user_5,9,19,177
1913,92,4999999,0,user_22,9,19,177
1901,87,4999999,0,user_10,9,19,177
1909,88,4999999,0,user_18,9,19,177
1916,91,4999999,0,user_24,9,19,177
3318,81,4500001,0,builder_17,14,14,732
732,94,4500000,16400,user_31,4,19,
2681,97,4200000,231000,user_36,12,19,
3319,84,4199999,0,builder_17,14,14,2681
55,99,4200000,33100,user_43,0,19,
3320,86,4199999,0,builder_17,14,14,55
343,98,4200001,0,user_10,2,17,55
341,97,4200001,0,user_8,2,17,55
169,96,4200001,0,user_17,1,16,55
156,95,4200001,0,user_9,1,16,55
162,99,4200001,0,user_13,1,17,55
163,94,4200001,0,user_13,1,16,55
1151,98,4200000,0,user_34,6,16,
552,97,4200000,0,user_34,3,16,
362,97,4200000,0,user_32,2,15,
1634,98,4200000,0,user_39,8,15,
1622,99,4200000,0,user_28,8,16,
344,99,4199999,0,user_11,2,15,55
340,99,4199999,0,user_8,2,14,55
2919,1,43000000,56200,user_39,13,19,
3552,1,42999999,0,builder_17,15,15,2919
2678,4,43000000,0,user_34,12,19,
11,2,43000000,0,user_9,0,19,
1627,3,43000000,0,user_29,8,19,
1370,5,30000000,0,user_29,7,19,
735,7,30000000,0,user_35,4,19,
1931,8,30000000,0,user_41,9,19,
2214,6,30000000,0,user_38,10,19,
358,9,27000000,0,user_28,2,19,
1926,10,27000000,0,user_34,9,19,
2677,11,27000000,0,user_32,12,19,
2217,12,19000000,0,user_40,10,19,
2449,13,19000000,0,user_32,11,19,
727,18,170000,17700000,user_27,4,19,
3553,15,169999,0,builder_17,15,15,727
3554,16,3500001,0,builder_17,15,15,1618
1618,20,3500000,7190000,user_27,8,19,
46,22,6300000,7840,user_34,0,19,
3555,19,6299999,0,builder_17,15,15,46
164,23,6300001,0,user_14,1,19,46
1147,25,6300000,0,user_31,6,19,
1640,27,6300000,0,user_44,8,19,
187,28,6300000,0,user_33,1,19,
166,29,6299999,0,user_16,1,19,46
152,30,6299999,0,user_6,1,19,46
165,31,6299999,0,user_14,1,19,46
1158,32,6100000,0,user_47,6,19,
51,33,6100000,0,user_40,0,19,
43,34,6100000,0,user_33,0,19,
1626,35,6100000,0,user_29,8,19,
3556,31,5000001,0,builder_17,15,15,177
177,36,5000000,381000,user_27,1,19,
908,41,5200000,0,user_27,5,19,
2226,40,5200000,0,user_49,10,19,
3557,35,5000001,0,builder_17,15,15,1384
1384,45,5000000,13900,user_45,7,19,
3558,37,5000001,0,builder_17,15,15,1380
1380,47,5000000,6390,user_41,7,19,
1124,48,5000001,0,user_10,6,19,177
1905,49,5000001,0,user_13,9,19,177
547,50,5000001,0,user_26,3,19,177
538,51,5000001,0,user_17,3,19,177
345,52,5000001,0,user_12,2,19,177
353,53,5000001,0,user_24,2,19,177
2184,54,5000001,0,user_11,10,19,177
719,58,5000001,0,user_19,4,19,177
714,59,5000001,0,user_15,4,19,177
883,60,5000001,0,user_0,5,19,177
1617,61,5000001,0,user_26,8,19,177
1911,62,5000001,0,user_20,9,19,177
1910,63,5000001,0,user_18,9,19,177
2168,55,5000001,0,user_0,10,19,177
2181,56,5000001,0,user_9,10,19,177
2183,57,5000001,0,user_9,10,19,177
1917,64,5000001,0,user_24,9,19,177
349,65,5000001,0,user_19,2,19,177
2913,74,5000000,0,user_34,13,19,
1377,69,5000000,0,user_37,7,19,
731,70,5000000,0,user_30,4,19,
191,71,5000000,0,user_38,1,19,
749,72,5000000,0,user_47,4,19,
1929,73,5000000,0,user_39,9,19,
1593,75,4999999,0,user_7,8,19,177
545,76,4999999,0,user_21,3,19,177
528,77,4999999,0,user_8,3,19,177
529,78,4999999,0,user_8,3,19,177
348,79,4999999,0,user_16,2,19,177
354,80,4999999,0,user_24,2,19,177
2178,81,4999999,0,user_8,10,19,177
724,85,4999999,0,user_25,4,19,177
1894,86,4999999,0,user_4,9,19,177
1901,87,4999999,0,user_10,9,19,177
1909,88,4999999,0,user_18,9,19,177
1898,89,4999999,0,user_5,9,19,177
1914,90,4999999,0,user_23,9,19,177
2179,82,4999999,0,user_9,10,19,177
2180,83,4999999,0,user_9,10,19,177
2182,84,4999999,0,user_9,10,19,177
1916,91,4999999,0,user_24,9,19,177
1913,92,4999999,0,user_22,9,19,177
732,94,4500000,16400,user_31,4,19,
3559,82,4499999,0,builder_17,15,15,732
3378,95,4500000,0,user_42,15,19,
2681,97,4200000,231000,user_36,12,19,
3560,85,4199999,0,builder_17,15,15,2681
3561,86,4200001,0,builder_17,15,15,55
55,99,4200000,33100,user_43,0,19,
343,98,4200001,0,user_10,2,17,55
341,97,4200001,0,user_8,2,17,55
156,95,4200001,0,user_9,1,16,55
162,99,4200001,0,user_13,1,17,55
163,94,4200001,0,user_13,1,16,55
169,96,4200001,0,user_17,1,16,55
552,97,4200000,0,user_34,3,16,
1151,98,4200000,0,user_34,6,16,
1622,99,4200000,0,user_28,8,16,
362,97,4200000,0,user_32,2,15,
1634,98,4200000,0,user_39,8,15,
344,99,4199999,0,user_11,2,15,55
3811,0,43000001,0,builder_17,16,16,2919
2919,1,43000000,56200,user_39,13,19,
2678,4,43000000,0,user_34,12,19,
1627,3,43000000,0,user_29,8,19,
11,2,43000000,0,user_9,0,19,
1370,5,30000000,0,user_29,7,19,
735,7,30000000,0,user_35,4,19,
1931,8,30000000,0,user_41,9,19,
2214,6,30000000,0,user_38,10,19,
2677,11,27000000,0,user_32,12,19,
358,9,27000000,0,user_28,2,19,
1926,10,27000000,0,user_34,9,19,
2217,12,19000000,0,user_40,10,19,
2449,13,19000000,0,user_32,11,19,
3812,14,170001,0,builder_17,16,16,727
727,18,170000,17700000,user_27,4,19,
3813,16,3500001,0,builder_17,16,16,1618
1618,20,3500000,7190000,user_27,8,19,
3814,18,6300001,0,builder_17,16,16,46
46,22,6300000,7840,user_34,0,19,
164,23,6300001,0,user_14,1,19,46
1147,25,6300000,0,user_31,6,19,
1640,27,6300000,0,user_44,8,19,
187,28,6300000,0,user_33,1,19,
166,29,6299999,0,user_16,1,19,46
152,30,6299999,0,user_6,1,19,46
165,31,6299999,0,user_14,1,19,46
51,33,6100000,0,user_40,0,19,
1158,32,6100000,0,user_47,6,19,
1626,35,6100000,0,user_29,8,19,
43,34,6100000,0,user_33,0,19,
3815,31,5000001,0,builder_17,16,16,177
177,36,5000000,381000,user_27,1,19,
3380,38,5000000,215000,user_43,15,19,
3816,34,4999999,0,builder_17,16,16,3380
908,41,5200000,0,user_27,5,19,
2226,40,5200000,0,user_49,10,19,
1384,45,5000000,13900,user_45,7,19,
3817,38,4999999,0,builder_17,16,16,1384
1380,47,5000000,6390,user_41,7,19,
3818,40,4999999,0,builder_17,16,16,1380
1905,49,5000001,0,user_13,9,19,177
2184,54,5000001,0,user_11,10,19,177
1124,48,5000001,0,user_10,6,19,177
538,51,5000001,0,user_17,3,19,177
547,50,5000001,0,user_26,3,19,177
345,52,5000001,0,user_12,2,19,177
353,53,5000001,0,user_24,2,19,177
1617,61,5000001,0,user_26,8,19,177
1911,62,5000001,0,user_20,9,19,177
719,58,5000001,0,user_19,4,19,177
714,59,5000001,0,user_15,4,19,177
883,60,5000001,0,user_0,5,19,177
1910,63,5000001,0,user_18,9,19,177
1917,64,5000001,0,user_24,9,19,177
2168,55,5000001,0,user_0,10,19,177
2181,56,5000001,0,user_9,10,19,177
2183,57,5000001,0,user_9,10,19,177
349,65,5000001,0,user_19,2,19,177
2913,74,5000000,0,user_34,13,19,
1377,69,5000000,0,user_37,7,19,
731,70,5000000,0,user_30,4,19,
749,72,5000000,0,user_47,4,19,
191,71,5000000,0,user_38,1,19,
1929,73,5000000,0,user_39,9,19,
3625,68,5000000,0,user_42,16,19,
1593,75,4999999,0,user_7,8,19,177
545,76,4999999,0,user_21,3,19,177
528,77,4999999,0,user_8,3,19,177
529,78,4999999,0,user_8,3,19,177
348,79,4999999,0,user_16,2,19,177
354,80,4999999,0,user_24,2,19,177
2178,81,4999999,0,user_8,10,19,177
1894,86,4999999,0,user_4,9,19,177
1898,89,4999999,0,user_5,9,19,177
1901,87,4999999,0,user_10,9,19,177
724,85,4999999,0,user_25,4,19,177
1913,92,4999999,0,user_22,9,19,177
1909,88,4999999,0,user_18,9,19,177
1914,90,4999999,0,user_23,9,19,177
1916,91,4999999,0,user_24,9,19,177
2179,82,4999999,0,user_9,10,19,177
2180,83,4999999,0,user_9,10,19,177
2182,84,4999999,0,user_9,10,19,177
732,94,4500000,16400,user_31,4,19,
3819,85,4499999,0,builder_17,16,16,732
3378,95,4500000,0,user_42,15,19,
2681,97,4200000,231000,user_36,12,19,
3820,88,4199999,0,builder_17,16,16,2681
3821,89,4200001,0,builder_17,16,16,55
55,99,4200000,33100,user_43,0,19,
343,98,4200001,0,user_10,2,17,55
341,97,4200001,0,user_8,2,17,55
162,99,4200001,0,user_13,1,17,55
163,94,4200001,0,user_13,1,16,55
156,95,4200001,0,user_9,1,16,55
169,96,4200001,0,user_17,1,16,55
552,97,4200000,0,user_34,3,16,
1151,98,4200000,0,user_34,6,16,
1622,99,4200000,0,user_28,8,16,
4091,0,43000001,0,builder_17,17,17,2919
2919,1,43000000,56200,user_39,13,19,
1627,3,43000000,0,user_29,8,19,
11,2,43000000,0,user_9,0,19,
2678,4,43000000,0,user_34,12,19,
1370,5,30000000,0,user_29,7,19,
1931,8,30000000,0,user_41,9,19,
735,7,30000000,0,user_35,4,19,
2214,6,30000000,0,user_38,10,19,
1926,10,27000000,0,user_34,9,19,
358,9,27000000,0,user_28,2,19,
2677,11,27000000,0,user_32,12,19,
2217,12,19000000,0,user_40,10,19,
2449,13,19000000,0,user_32,11,19,
4092,14,660001,0,builder_17,17,17,3875
3875,15,660000,17700000,user_31,17,19,
727,18,170000,17700000,user_27,4,19,
4093,17,169999,0,builder_17,17,17,727
4094,18,3500001,0,builder_17,17,17,1618
1618,20,3500000,7190000,user_27,8,19,
4095,20,6300001,0,builder_17,17,17,46
46,22,6300000,7840,user_34,0,19,
164,23,6300001,0,user_14,1,19,46
1147,25,6300000,0,user_31,6,19,
1640,27,6300000,0,user_44,8,19,
187,28,6300000,0,user_33,1,19,
3876,24,6300000,0,user_31,17,19,
166,29,6299999,0,user_16,1,19,46
152,30,6299999,0,user_6,1,19,46
165,31,6299999,0,user_14,1,19,46
1158,32,6100000,0,user_47,6,19,
51,33,6100000,0,user_40,0,19,
1626,35,6100000,0,user_29,8,19,
43,34,6100000,0,user_33,0,19,
4096,34,5000001,0,builder_17,17,17,177
177,36,5000000,381000,user_27,1,19,
4097,36,5000001,0,builder_17,17,17,3380
3380,38,5000000,215000,user_43,15,19,
908,41,5200000,0,user_27,5,19,
2226,40,5200000,0,user_49,10,19,
4098,40,5000001,0,builder_17,17,17,3874
3874,43,5000000,14200,user_30,17,19,
4099,42,5000001,0,builder_17,17,17,1384
1384,45,5000000,13900,user_45,7,19,
1380,47,5000000,6390,user_41,7,19,
4100,45,4999999,0,builder_17,17,17,1380
2184,54,5000001,0,user_11,10,19,177
1905,49,5000001,0,user_13,9,19,177
1124,48,5000001,0,user_10,6,19,177
345,52,5000001,0,user_12,2,19,177
353,53,5000001,0,user_24,2,19,177
547,50,5000001,0,user_26,3,19,177
538,51,5000001,0,user_17,3,19,177
1617,61,5000001,0,user_26,8,19,177
1911,62,5000001,0,user_20,9,19,177
1910,63,5000001,0,user_18,9,19,177
1917,64,5000001,0,user_24,9,19,177
2168,55,5000001,0,user_0,10,19,177
883,60,5000001,0,user_0,5,19,177
719,58,5000001,0,user_19,4,19,177
714,59,5000001,0,user_15,4,19,177
2181,56,5000001,0,user_9,10,19,177
2183,57,5000001,0,user_9,10,19,177
349,65,5000001,0,user_19,2,19,177
3625,68,5000000,0,user_42,16,19,
1377,69,5000000,0,user_37,7,19,
731,70,5000000,0,user_30,4,19,
1929,73,5000000,0,user_39,9,19,
749,72,5000000,0,user_47,4,19,
191,71,5000000,0,user_38,1,19,
2913,74,5000000,0,user_34,13,19,
3882,66,5000000,0,user_35,17,19,
2178,81,4999999,0,user_8,10,19,177
348,79,4999999,0,user_16,2,19,177
354,80,4999999,0,user_24,2,19,177
528,77,4999999,0,user_8,3,19,177
529,78,4999999,0,user_8,3,19,177
545,76,4999999,0,user_21,3,19,177
1593,75,4999999,0,user_7,8,19,177
1894,86,4999999,0,user_4,9,19,177
1898,89,4999999,0,user_5,9,19,177
1913,92,4999999,0,user_22,9,19,177
1901,87,4999999,0,user_10,9,19,177
1909,88,4999999,0,user_18,9,19,177
1914,90,4999999,0,user_23,9,19,177
1916,91,4999999,0,user_24,9,19,177
724,85,4999999,0,user_25,4,19,177
2179,82,4999999,0,user_9,10,19,177
2180,83,4999999,0,user_9,10,19,177
2182,84,4999999,0,user_9,10,19,177
732,94,4500000,16400,user_31,4,19,
4101,91,4499999,0,builder_17,17,17,732
3378,95,4500000,0,user_42,15,19,
4102,93,4200001,0,builder_17,17,17,2681
2681,97,4200000,231000,user_36,12,19,
4103,95,4200001,0,builder_17,17,17,55
55,99,4200000,33100,user_43,0,19,
341,97,4200001,0,user_8,2,17,55
343,98,4200001,0,user_10,2,17,55
162,99,4200001,0,user_13,1,17,55
4386,0,43000001,0,builder_17,18,18,2919
2919,1,43000000,56200,user_39,13,19,
11,2,43000000,0,user_9,0,19,
1627,3,43000000,0,user_29,8,19,
2678,4,43000000,0,user_34,12,19,
1370,5,30000000,0,user_29,7,19,
2214,6,30000000,0,user_38,10,19,
1931,8,30000000,0,user_41,9,19,
735,7,30000000,0,user_35,4,19,
1926,10,27000000,0,user_34,9,19,
358,9,27000000,0,user_28,2,19,
2677,11,27000000,0,user_32,12,19,
2217,12,19000000,0,user_40,10,19,
2449,13,19000000,0,user_32,11,19,
3875,15,660000,17700000,user_31,17,19,
4387,15,659999,0,builder_17,18,18,3875
4388,16,170001,0,builder_17,18,18,727
727,18,170000,17700000,user_27,4,19,
1618,20,3500000,7190000,user_27,8,19,
4389,19,3499999,0,builder_17,18,18,1618
4390,20,6300001,0,builder_17,18,18,46
46,22,6300000,7840,user_34,0,19,
164,23,6300001,0,user_14,1,19,46
1147,25,6300000,0,user_31,6,19,
3876,24,6300000,0,user_31,17,19,
187,28,6300000,0,user_33,1,19,
1640,27,6300000,0,user_44,8,19,
4166,26,6300000,0,user_45,18,19,
166,29,6299999,0,user_16,1,19,46
152,30,6299999,0,user_6,1,19,46
165,31,6299999,0,user_14,1,19,46
1158,32,6100000,0,user_47,6,19,
51,33,6100000,0,user_40,0,19,
43,34,6100000,0,user_33,0,19,
1626,35,6100000,0,user_29,8,19,
177,36,5000000,381000,user_27,1,19,
4391,36,4999999,0,builder_17,18,18,177
4392,37,5000001,0,builder_17,18,18,3380
3380,38,5000000,215000,user_43,15,19,
2226,40,5200000,0,user_49,10,19,
908,41,5200000,0,user_27,5,19,
4393,41,5000001,0,builder_17,18,18,4151
4151,42,5000000,36800,user_34,18,18,
4394,43,5000001,0,builder_17,18,18,3874
3874,43,5000000,14200,user_30,17,19,
1384,45,5000000,13900,user_45,7,19,
4395,46,4999999,0,builder_17,18,18,1384
1380,47,5000000,6390,user_41,7,19,
4396,48,4999999,0,builder_17,18,18,1380
2184,54,5000001,0,user_11,10,19,177
1905,49,5000001,0,user_13,9,19,177
1124,48,5000001,0,user_10,6,19,177
538,51,5000001,0,user_17,3,19,177
547,50,5000001,0,user_26,3,19,177
345,52,5000001,0,user_12,2,19,177
353,53,5000001,0,user_24,2,19,177
2168,55,5000001,0,user_0,10,19,177
2181,56,5000001,0,user_9,10,19,177
2183,57,5000001,0,user_9,10,19,177
1910,63,5000001,0,user_18,9,19,177
1917,64,5000001,0,user_24,9,19,177
1911,62,5000001,0,user_20,9,19,177
714,59,5000001,0,user_15,4,19,177
883,60,5000001,0,user_0,5,19,177
719,58,5000001,0,user_19,4,19,177
1617,61,5000001,0,user_26,8,19,177
349,65,5000001,0,user_19,2,19,177
3625,68,5000000,0,user_42,16,19,
3882,66,5000000,0,user_35,17,19,
1377,69,5000000,0,user_37,7,19,
731,70,5000000,0,user_30,4,19,
3888,67,5000000,0,user_38,17,19,
1929,73,5000000,0,user_39,9,19,
749,72,5000000,0,user_47,4,19,
191,71,5000000,0,user_38,1,19,
2913,74,5000000,0,user_34,13,19,
2178,81,4999999,0,user_8,10,19,177
528,77,4999999,0,user_8,3,19,177
529,78,4999999,0,user_8,3,19,177
545,76,4999999,0,user_21,3,19,177
348,79,4999999,0,user_16,2,19,177
354,80,4999999,0,user_24,2,19,177
1593,75,4999999,0,user_7,8,19,177
1898,89,4999999,0,user_5,9,19,177
2179,82,4999999,0,user_9,10,19,177
2180,83,4999999,0,user_9,10,19,177
2182,84,4999999,0,user_9,10,19,177
1894,86,4999999,0,user_4,9,19,177
1909,88,4999999,0,user_18,9,19,177
1914,90,4999999,0,user_23,9,19,177
1916,91,4999999,0,user_24,9,19,177
1913,92,4999999,0,user_22,9,19,177
1901,87,4999999,0,user_10,9,19,177
724,85,4999999,0,user_25,4,19,177
732,94,4500000,16400,user_31,4,19,
4397,95,4499999,0,builder_17,18,18,732
3378,95,4500000,0,user_42,15,19,
2681,97,4200000,231000,user_36,12,19,
4398,98,4199999,0,builder_17,18,18,2681
55,99,4200000,33100,user_43,0,19,
4687,0,43000001,0,builder_17,19,19,2919
2919,1,43000000,56200,user_39,13,19,
11,2,43000000,0,user_9,0,19,
1627,3,43000000,0,user_29,8,19,
2678,4,43000000,0,user_34,12,19,
1370,5,30000000,0,user_29,7,19,
2214,6,30000000,0,user_38,10,19,
735,7,30000000,0,user_35,4,19,
1931,8,30000000,0,user_41,9,19,
358,9,27000000,0,user_28,2,19,
1926,10,27000000,0,user_34,9,19,
2677,11,27000000,0,user_32,12,19,
2217,12,19000000,0,user_40,10,19,
2449,13,19000000,0,user_32,11,19,
4445,14,19000000,0,user_36,19,19,
3875,15,660000,17700000,user_31,17,19,
4688,16,659999,0,builder_17,19,19,3875
4689,17,170001,0,builder_17,19,19,727
727,18,170000,17700000,user_27,4,19,
4690,19,3500001,0,builder_17,19,19,1618
1618,20,3500000,7190000,user_27,8,19,
4691,21,6300001,0,builder_17,19,19,46
46,22,6300000,7840,user_34,0,19,
164,23,6300001,0,user_14,1,19,46
3876,24,6300000,0,user_31,17,19,
1147,25,6300000,0,user_31,6,19,
4166,26,6300000,0,user_45,18,19,
1640,27,6300000,0,user_44,8,19,
187,28,6300000,0,user_33,1,19,
166,29,6299999,0,user_16,1,19,46
152,30,6299999,0,user_6,1,19,46
165,31,6299999,0,user_14,1,19,46
1158,32,6100000,0,user_47,6,19,
51,33,6100000,0,user_40,0,19,
43,34,6100000,0,user_33,0,19,
1626,35,6100000,0,user_29,8,19,
177,36,5000000,381000,user_27,1,19,
4692,37,4999999,0,builder_17,19,19,177
3380,38,5000000,215000,user_43,15,19,
4693,39,4999999,0,builder_17,19,19,3380
2226,40,5200000,0,user_49,10,19,
908,41,5200000,0,user_27,5,19,
4694,42,5000001,0,builder_17,19,19,3874
3874,43,5000000,14200,user_30,17,19,
4695,44,5000001,0,builder_17,19,19,1384
1384,45,5000000,13900,user_45,7,19,
4696,46,5000001,0,builder_17,19,19,1380
1380,47,5000000,6390,user_41,7,19,
1124,48,5000001,0,user_10,6,19,177
1905,49,5000001,0,user_13,9,19,177
547,50,5000001,0,user_26,3,19,177
538,51,5000001,0,user_17,3,19,177
345,52,5000001,0,user_12,2,19,177
353,53,5000001,0,user_24,2,19,177
2184,54,5000001,0,user_11,10,19,177
2168,55,5000001,0,user_0,10,19,177
2181,56,5000001,0,user_9,10,19,177
2183,57,5000001,0,user_9,10,19,177
719,58,5000001,0,user_19,4,19,177
714,59,5000001,0,user_15,4,19,177
883,60,5000001,0,user_0,5,19,177
1617,61,5000001,0,user_26,8,19,177
1911,62,5000001,0,user_20,9,19,177
1910,63,5000001,0,user_18,9,19,177
1917,64,5000001,0,user_24,9,19,177
349,65,5000001,0,user_19,2,19,177
3882,66,5000000,0,user_35,17,19,
3888,67,5000000,0,user_38,17,19,
3625,68,5000000,0,user_42,16,19,
1377,69,5000000,0,user_37,7,19,
731,70,5000000,0,user_30,4,19,
191,71,5000000,0,user_38,1,19,
749,72,5000000,0,user_47,4,19,
1929,73,5000000,0,user_39,9,19,
2913,74,5000000,0,user_34,13,19,
1593,75,4999999,0,user_7,8,19,177
545,76,4999999,0,user_21,3,19,177
528,77,4999999,0,user_8,3,19,177
529,78,4999999,0,user_8,3,19,177
348,79,4999999,0,user_16,2,19,177
354,80,4999999,0,user_24,2,19,177
2178,81,4999999,0,user_8,10,19,177
2179,82,4999999,0,user_9,10,19,177
2180,83,4999999,0,user_9,10,19,177
2182,84,4999999,0,user_9,10,19,177
724,85,4999999,0,user_25,4,19,177
1894,86,4999999,0,user_4,9,19,177
1901,87,4999999,0,user_10,9,19,177
1909,88,4999999,0,user_18,9,19,177
1898,89,4999999,0,user_5,9,19,177
1914,90,4999999,0,user_23,9,19,177
1916,91,4999999,0,user_24,9,19,177
1913,92,4999999,0,user_22,9,19,177
4697,93,4500001,0,builder_17,19,19,732
732,94,4500000,16400,user_31,4,19,
3378,95,4500000,0,user_42,15,19,
4698,96,4200001,0,builder_17,19,19,2681
2681,97,4200000,231000,user_36,12,19,
4699,98,4200001,0,builder_17,19,19,55
55,99,4200000,33100,user_43,0,19,
11,2,43000000,0,user_9,20,39,
46,22,6300000,7840,user_34,20,39,
128,2,6299999,0,builder_17,20,20,46
43,34,6100000,0,user_33,20,39,
51,33,6100000,0,user_40,20,39,
38,96,3200000,21800,user_30,20,29,
129,6,3199999,0,builder_17,20,20,38
15,86,2600000,0,user_11,20,28,
61,87,2600000,0,user_46,20,28,
42,88,2500000,0,user_32,20,28,
44,96,2000000,322000,user_33,20,28,
130,11,1999999,0,builder_17,20,20,44
45,98,2300000,0,user_33,20,28,
10,94,2000000,0,user_8,20,26,
39,98,1500000,0,user_30,20,24,
66,90,1300000,0,user_49,20,23,
37,94,1200000,0,user_28,20,23,
60,93,1200000,0,user_45,20,23,
13,95,1100000,0,user_11,20,23,
65,97,1000000,0,user_48,20,23,
5,99,660000,14200,user_4,20,23,
131,21,659999,0,builder_17,20,20,5
17,84,660001,0,user_14,20,22,5
6,86,660001,0,user_5,20,22,5
8,87,660001,0,user_5,20,22,5
21,91,660001,0,user_17,20,22,5
23,92,660001,0,user_18,20,22,5
24,93,660001,0,user_18,20,22,5
25,94,660001,0,user_18,20,22,5
31,89,660001,0,user_25,20,22,5
32,90,660001,0,user_25,20,22,5
19,85,660001,0,user_15,20,22,5
29,88,660001,0,user_22,20,22,5
16,95,659999,0,user_14,20,22,5
7,96,659999,0,user_5,20,22,5
22,99,659999,0,user_18,20,22,5
26,86,659999,0,user_18,20,21,5
33,97,659999,0,user_26,20,22,5
34,98,659999,0,user_26,20,22,5
48,87,420000,0,user_35,20,21,
12,89,310000,0,user_11,20,21,
4,95,260000,0,user_4,20,21,
14,96,220000,0,user_11,20,21,
41,97,220000,0,user_32,20,21,
63,98,220000,0,user_47,20,21,
132,45,150001,0,builder_17,20,20,1
1,99,150000,39400,user_1,20,21,
64,47,160000,0,user_48,20,20,
49,48,160000,0,user_36,20,20,
53,49,160000,0,user_42,20,20,
2,50,150001,0,user_2,20,20,1
9,51,150001,0,user_7,20,20,1
18,52,150001,0,user_15,20,20,1
3,53,149999,0,user_3,20,20,1
20,54,149999,0,user_16,20,20,1
30,55,149999,0,user_23,20,20,1
28,56,149999,0,user_20,20,20,1
50,57,130000,0,user_39,20,20,
52,58,110000,0,user_41,20,20,
40,59,87000,0,user_31,20,20,
62,60,82000,0,user_46,20,20,
0,61,80000,0,user_1,20,20,
54,62,77000,0,user_42,20,20,
47,63,70000,0,user_34,20,20,
11,2,43000000,0,user_9,20,39,
46,22,6300000,7840,user_34,20,39,
323,2,6299999,0,builder_18,21,21,46
164,23,6300001,0,user_14,21,39,46
187,28,6300000,0,user_33,21,39,
165,31,6299999,0,user_14,21,39,46
166,29,6299999,0,user_16,21,39,46
152,30,6299999,0,user_6,21,39,46
51,33,6100000,0,user_40,20,39,
43,34,6100000,0,user_33,20,39,
324,10,5000001,0,builder_18,21,21,177
177,36,5000000,381000,user_27,21,39,
55,99,4200000,33100,user_43,20,39,
325,13,4199999,0,builder_18,21,21,55
156,95,4200001,0,user_9,21,36,55
162,99,4200001,0,user_13,21,37,55
163,94,4200001,0,user_13,21,36,55
169,96,4200001,0,user_17,21,36,55
171,98,4199999,0,user_20,21,33,55
159,99,4199999,0,user_13,21,33,55
176,99,4199999,0,user_26,21,32,55
326,21,3200001,0,builder_18,21,21,38
38,96,3200000,21800,user_30,20,29,
144,77,3200001,0,user_4,21,28,38
142,81,3199999,0,user_3,21,28,38
143,82,3199999,0,user_3,21,28,38
174,83,3199999,0,user_23,21,28,38
15,86,2600000,0,user_11,20,28,
61,87,2600000,0,user_46,20,28,
199,84,2600000,0,user_47,21,28,
42,88,2500000,0,user_32,20,28,
327,31,2000001,0,builder_18,21,21,44
44,96,2000000,322000,user_33,20,28,
45,98,2300000,0,user_33,20,28,
36,97,2300000,0,user_27,20,28,
154,96,2000001,0,user_7,21,27,44
172,94,2000001,0,user_21,21,27,44
145,97,2000001,0,user_5,21,27,44
149,98,2000001,0,user_5,21,27,44
151,95,2000001,0,user_6,21,27,44
173,99,2000001,0,user_22,21,27,44
10,94,2000000,0,user_8,20,26,
140,98,1999999,0,user_2,21,26,44
158,93,1999999,0,user_10,21,25,44
139,91,1999999,0,user_0,21,25,44
160,94,1999999,0,user_13,21,25,44
161,95,1999999,0,user_13,21,25,44
167,96,1999999,0,user_17,21,25,44
147,99,1999999,0,user_5,21,26,44
150,97,1999999,0,user_6,21,25,44
153,98,1999999,0,user_6,21,25,44
175,99,1999999,0,user_26,21,25,44
196,92,1800000,0,user_44,21,24,
181,93,1600000,0,user_30,21,24,
194,94,1600000,0,user_42,21,24,
39,98,1500000,0,user_30,20,24,
200,97,1500000,0,user_48,21,24,
185,99,1500000,0,user_32,21,24,
35,86,1400000,0,user_27,20,23,
56,87,1400000,0,user_43,20,23,
198,88,1400000,0,user_46,21,23,
66,90,1300000,0,user_49,20,23,
37,94,1200000,0,user_28,20,23,
60,93,1200000,0,user_45,20,23,
197,92,1200000,0,user_45,21,23,
13,95,1100000,0,user_11,20,23,
65,97,1000000,0,user_48,20,23,
328,67,660001,0,builder_18,21,21,5
5,99,660000,14200,user_4,20,23,
6,86,660001,0,user_5,20,22,5
8,87,660001,0,user_5,20,22,5
27,83,660001,0,user_19,20,22,5
17,84,660001,0,user_14,20,22,5
19,85,660001,0,user_15,20,22,5
29,88,660001,0,user_22,20,22,5
31,89,660001,0,user_25,20,22,5
32,90,660001,0,user_25,20,22,5
21,91,660001,0,user_17,20,22,5
23,92,660001,0,user_18,20,22,5
24,93,660001,0,user_18,20,22,5
25,94,660001,0,user_18,20,22,5
7,96,659999,0,user_5,20,22,5
16,95,659999,0,user_14,20,22,5
33,97,659999,0,user_26,20,22,5
34,98,659999,0,user_26,20,22,5
22,99,659999,0,user_18,20,22,5
26,86,659999,0,user_18,20,21,5
48,87,420000,0,user_35,20,21,
183,88,340000,0,user_32,21,21,
12,89,310000,0,user_11,20,21,
193,90,310000,0,user_40,21,21,
329,91,260001,0,builder_18,21,21,192
192,92,260000,21800,user_39,21,21,
57,93,110000,164000,user_43,20,21,
330,94,109999,0,builder_18,21,21,57
4,95,260000,0,user_4,20,21,
14,96,220000,0,user_11,20,21,
41,97,220000,0,user_32,20,21,
63,98,220000,0,user_47,20,21,
1,99,150000,39400,user_1,20,21,
11,2,43000000,0,user_9,20,39,
46,22,6300000,7840,user_34,20,39,
514,2,6299999,0,builder_18,22,22,46
164,23,6300001,0,user_14,21,39,46
187,28,6300000,0,user_33,21,39,
152,30,6299999,0,user_6,21,39,46
165,31,6299999,0,user_14,21,39,46
166,29,6299999,0,user_16,21,39,46
43,34,6100000,0,user_33,20,39,
51,33,6100000,0,user_40,20,39,
345,52,5000001,0,user_12,22,39,177
353,53,5000001,0,user_24,22,39,177
191,71,5000000,0,user_38,21,39,
348,79,4999999,0,user_16,22,39,177
354,80,4999999,0,user_24,22,39,177
55,99,4200000,33100,user_43,20,39,
515,16,4199999,0,builder_18,22,22,55
162,99,4200001,0,user_13,21,37,55
163,94,4200001,0,user_13,21,36,55
156,95,4200001,0,user_9,21,36,55
169,96,4200001,0,user_17,21,36,55
343,98,4200001,0,user_10,22,37,55
341,97,4200001,0,user_8,22,37,55
362,97,4200000,0,user_32,22,35,
159,99,4199999,0,user_13,21,33,55
171,98,4199999,0,user_20,21,33,55
176,99,4199999,0,user_26,21,32,55
344,99,4199999,0,user_11,22,35,55
340,99,4199999,0,user_8,22,34,55
38,96,3200000,21800,user_30,20,29,
516,30,3199999,0,builder_18,22,22,38
144,77,3200001,0,user_4,21,28,38
142,81,3199999,0,user_3,21,28,38
143,82,3199999,0,user_3,21,28,38
174,83,3199999,0,user_23,21,28,38
15,86,2600000,0,user_11,20,28,
61,87,2600000,0,user_46,20,28,
199,84,2600000,0,user_47,21,28,
42,88,2500000,0,user_32,20,28,
369,93,2400000,0,user_42,22,28,
44,96,2000000,322000,user_33,20,28,
517,41,1999999,0,builder_18,22,22,44
45,98,2300000,0,user_33,20,28,
36,97,2300000,0,user_27,20,28,
145,97,2000001,0,user_5,21,27,44
149,98,2000001,0,user_5,21,27,44
151,95,2000001,0,user_6,21,27,44
154,96,2000001,0,user_7,21,27,44
172,94,2000001,0,user_21,21,27,44
173,99,2000001,0,user_22,21,27,44
355,89,2000001,0,user_25,22,26,44
10,94,2000000,0,user_8,20,26,
140,98,1999999,0,user_2,21,26,44
147,99,1999999,0,user_5,21,26,44
158,93,1999999,0,user_10,21,25,44
160,94,1999999,0,user_13,21,25,44
161,95,1999999,0,user_13,21,25,44
150,97,1999999,0,user_6,21,25,44
153,98,1999999,0,user_6,21,25,44
139,91,1999999,0,user_0,21,25,44
175,99,1999999,0,user_26,21,25,44
167,96,1999999,0,user_17,21,25,44
338,88,1999999,0,user_6,22,25,44
196,92,1800000,0,user_44,21,24,
194,94,1600000,0,user_42,21,24,
181,93,1600000,0,user_30,21,24,
39,98,1500000,0,user_30,20,24,
185,99,1500000,0,user_32,21,24,
200,97,1500000,0,user_48,21,24,
35,86,1400000,0,user_27,20,23,
56,87,1400000,0,user_43,20,23,
198,88,1400000,0,user_46,21,23,
373,85,1400000,0,user_44,22,23,
66,90,1300000,0,user_49,20,23,
37,94,1200000,0,user_28,20,23,
60,93,1200000,0,user_45,20,23,
197,92,1200000,0,user_45,21,23,
13,95,1100000,0,user_11,20,23,
65,97,1000000,0,user_48,20,23,
5,99,660000,14200,user_4,20,23,
518,80,659999,0,builder_18,22,22,5
519,81,73001,0,builder_18,22,22,195
195,82,73000,594000,user_43,21,22,
27,83,660001,0,user_19,20,22,5
17,84,660001,0,user_14,20,22,5
19,85,660001,0,user_15,20,22,5
6,86,660001,0,user_5,20,22,5
8,87,660001,0,user_5,20,22,5
29,88,660001,0,user_22,20,22,5
31,89,660001,0,user_25,20,22,5
32,90,660001,0,user_25,20,22,5
21,91,660001,0,user_17,20,22,5
23,92,660001,0,user_18,20,22,5
24,93,660001,0,user_18,20,22,5
25,94,660001,0,user_18,20,22,5
16,95,659999,0,user_14,20,22,5
7,96,659999,0,user_5,20,22,5
33,97,659999,0,user_26,20,22,5
34,98,659999,0,user_26,20,22,5
22,99,659999,0,user_18,20,22,5
11,2,43000000,0,user_9,20,39,
358,9,27000000,0,user_28,22,39,
686,2,6300001,0,builder_17,23,23,46
46,22,6300000,7840,user_34,20,39,
164,23,6300001,0,user_14,21,39,46
187,28,6300000,0,user_33,21,39,
165,31,6299999,0,user_14,21,39,46
166,29,6299999,0,user_16,21,39,46
152,30,6299999,0,user_6,21,39,46
51,33,6100000,0,user_40,20,39,
43,34,6100000,0,user_33,20,39,
687,11,5000001,0,builder_17,23,23,177
177,36,5000000,381000,user_27,21,39,
345,52,5000001,0,user_12,22,39,177
353,53,5000001,0,user_24,22,39,177
349,65,5000001,0,user_19,22,39,177
538,51,5000001,0,user_17,23,39,177
547,50,5000001,0,user_26,23,39,177
191,71,5000000,0,user_38,21,39,
348,79,4999999,0,user_16,22,39,177
354,80,4999999,0,user_24,22,39,177
528,77,4999999,0,user_8,23,39,177
529,78,4999999,0,user_8,23,39,177
545,76,4999999,0,user_21,23,39,177
688,24,4200001,0,builder_17,23,23,55
55,99,4200000,33100,user_43,20,39,
156,95,4200001,0,user_9,21,36,55
343,98,4200001,0,user_10,22,37,55
341,97,4200001,0,user_8,22,37,55
162,99,4200001,0,user_13,21,37,55
163,94,4200001,0,user_13,21,36,55
169,96,4200001,0,user_17,21,36,55
362,97,4200000,0,user_32,22,35,
552,97,4200000,0,user_34,23,36,
344,99,4199999,0,user_11,22,35,55
340,99,4199999,0,user_8,22,34,55
159,99,4199999,0,user_13,21,33,55
176,99,4199999,0,user_26,21,32,55
171,98,4199999,0,user_20,21,33,55
38,96,3200000,21800,user_30,20,29,
689,40,3199999,0,builder_17,23,23,38
144,77,3200001,0,user_4,21,28,38
142,81,3199999,0,user_3,21,28,38
143,82,3199999,0,user_3,21,28,38
174,83,3199999,0,user_23,21,28,38
199,84,2600000,0,user_47,21,28,
61,87,2600000,0,user_46,20,28,
15,86,2600000,0,user_11,20,28,
42,88,2500000,0,user_32,20,28,
690,49,2400001,0,builder_17,23,23,553
553,91,2400000,18600,user_36,23,28,
369,93,2400000,0,user_42,22,28,
44,96,2000000,322000,user_33,20,28,
691,53,1999999,0,builder_17,23,23,44
36,97,2300000,0,user_27,20,28,
45,98,2300000,0,user_33,20,28,
355,89,2000001,0,user_25,22,26,44
154,96,2000001,0,user_7,21,27,44
172,94,2000001,0,user_21,21,27,44
145,97,2000001,0,user_5,21,27,44
149,98,2000001,0,user_5,21,27,44
151,95,2000001,0,user_6,21,27,44
173,99,2000001,0,user_22,21,27,44
539,91,2000001,0,user_17,23,27,44
10,94,2000000,0,user_8,20,26,
338,88,1999999,0,user_6,22,25,44
522,96,1999999,0,user_0,23,26,44
158,93,1999999,0,user_10,21,25,44
139,91,1999999,0,user_0,21,25,44
160,94,1999999,0,user_13,21,25,44
161,95,1999999,0,user_13,21,25,44
167,96,1999999,0,user_17,21,25,44
147,99,1999999,0,user_5,21,26,44
150,97,1999999,0,user_6,21,25,44
153,98,1999999,0,user_6,21,25,44
175,99,1999999,0,user_26,21,25,44
140,98,1999999,0,user_2,21,26,44
196,92,1800000,0,user_44,21,24,
371,96,1600000,0,user_43,22,24,
181,93,1600000,0,user_30,21,24,
194,94,1600000,0,user_42,21,24,
360,95,1600000,0,user_28,22,24,
200,97,1500000,0,user_48,21,24,
185,99,1500000,0,user_32,21,24,
39,98,1500000,0,user_30,20,24,
373,85,1400000,0,user_44,22,23,
35,86,1400000,0,user_27,20,23,
56,87,1400000,0,user_43,20,23,
198,88,1400000,0,user_46,21,23,
359,89,1400000,0,user_28,22,23,
66,90,1300000,0,user_49,20,23,
556,91,1300000,0,user_40,23,23,
197,92,1200000,0,user_45,21,23,
60,93,1200000,0,user_45,20,23,
37,94,1200000,0,user_28,20,23,
13,95,1100000,0,user_11,20,23,
560,96,1100000,0,user_46,23,23,
65,97,1000000,0,user_48,20,23,
692,98,660001,0,builder_17,23,23,5
5,99,660000,14200,user_4,20,23,
11,2,43000000,0,user_9,20,39,
735,7,30000000,0,user_35,24,39,
358,9,27000000,0,user_28,22,39,
46,22,6300000,7840,user_34,20,39,
866,4,6299999,0,builder_17,24,24,46
164,23,6300001,0,user_14,21,39,46
187,28,6300000,0,user_33,21,39,
152,30,6299999,0,user_6,21,39,46
165,31,6299999,0,user_14,21,39,46
166,29,6299999,0,user_16,21,39,46
43,34,6100000,0,user_33,20,39,
51,33,6100000,0,user_40,20,39,
177,36,5000000,381000,user_27,21,39,
867,13,4999999,0,builder_17,24,24,177
349,65,5000001,0,user_19,22,39,177
538,51,5000001,0,user_17,23,39,177
547,50,5000001,0,user_26,23,39,177
353,53,5000001,0,user_24,22,39,177
345,52,5000001,0,user_12,22,39,177
714,59,5000001,0,user_15,24,39,177
191,71,5000000,0,user_38,21,39,
749,72,5000000,0,user_47,24,39,
731,70,5000000,0,user_30,24,39,
528,77,4999999,0,user_8,23,39,177
529,78,4999999,0,user_8,23,39,177
545,76,4999999,0,user_21,23,39,177
348,79,4999999,0,user_16,22,39,177
354,80,4999999,0,user_24,22,39,177
724,85,4999999,0,user_25,24,39,177
868,29,4500001,0,builder_17,24,24,732
732,94,4500000,16400,user_31,24,39,
55,99,4200000,33100,user_43,20,39,
869,32,4199999,0,builder_17,24,24,55
156,95,4200001,0,user_9,21,36,55
343,98,4200001,0,user_10,22,37,55
169,96,4200001,0,user_17,21,36,55
162,99,4200001,0,user_13,21,37,55
163,94,4200001,0,user_13,21,36,55
341,97,4200001,0,user_8,22,37,55
552,97,4200000,0,user_34,23,36,
362,97,4200000,0,user_32,22,35,
176,99,4199999,0,user_26,21,32,55
344,99,4199999,0,user_11,22,35,55
159,99,4199999,0,user_13,21,33,55
171,98,4199999,0,user_20,21,33,55
340,99,4199999,0,user_8,22,34,55
38,96,3200000,21800,user_30,20,29,
870,47,3199999,0,builder_17,24,24,38
555,98,3200000,6390,user_37,23,29,
871,49,3199999,0,builder_17,24,24,555
144,77,3200001,0,user_4,21,28,38
742,78,3200000,0,user_40,24,28,
174,83,3199999,0,user_23,21,28,38
142,81,3199999,0,user_3,21,28,38
143,82,3199999,0,user_3,21,28,38
554,85,2600000,0,user_37,23,28,
199,84,2600000,0,user_47,21,28,
61,87,2600000,0,user_46,20,28,
15,86,2600000,0,user_11,20,28,
42,88,2500000,0,user_32,20,28,
553,91,2400000,18600,user_36,23,28,
872,61,2399999,0,builder_17,24,24,553
369,93,2400000,0,user_42,22,28,
44,96,2000000,322000,user_33,20,28,
873,64,1999999,0,builder_17,24,24,44
45,98,2300000,0,user_33,20,28,
36,97,2300000,0,user_27,20,28,
539,91,2000001,0,user_17,23,27,44
145,97,2000001,0,user_5,21,27,44
149,98,2000001,0,user_5,21,27,44
154,96,2000001,0,user_7,21,27,44
151,95,2000001,0,user_6,21,27,44
172,94,2000001,0,user_21,21,27,44
173,99,2000001,0,user_22,21,27,44
355,89,2000001,0,user_25,22,26,44
706,90,2000001,0,user_5,24,27,44
716,92,2000001,0,user_17,24,27,44
10,94,2000000,0,user_8,20,26,
750,93,2000000,0,user_48,24,26,
710,97,1999999,0,user_9,24,26,44
158,93,1999999,0,user_10,21,25,44
147,99,1999999,0,user_5,21,26,44
150,97,1999999,0,user_6,21,25,44
153,98,1999999,0,user_6,21,25,44
175,99,1999999,0,user_26,21,25,44
167,96,1999999,0,user_17,21,25,44
338,88,1999999,0,user_6,22,25,44
140,98,1999999,0,user_2,21,26,44
160,94,1999999,0,user_13,21,25,44
161,95,1999999,0,user_13,21,25,44
139,91,1999999,0,user_0,21,25,44
522,96,1999999,0,user_0,23,26,44
196,92,1800000,0,user_44,21,24,
181,93,1600000,0,user_30,21,24,
194,94,1600000,0,user_42,21,24,
360,95,1600000,0,user_28,22,24,
371,96,1600000,0,user_43,22,24,
200,97,1500000,0,user_48,21,24,
39,98,1500000,0,user_30,20,24,
185,99,1500000,0,user_32,21,24,
11,2,43000000,0,user_9,20,39,
735,7,30000000,0,user_35,24,39,
358,9,27000000,0,user_28,22,39,
1096,3,170001,0,builder_17,25,25,727
727,18,170000,17700000,user_27,24,39,
46,22,6300000,7840,user_34,20,39,
1097,6,6299999,0,builder_17,25,25,46
164,23,6300001,0,user_14,21,39,46
187,28,6300000,0,user_33,21,39,
165,31,6299999,0,user_14,21,39,46
166,29,6299999,0,user_16,21,39,46
152,30,6299999,0,user_6,21,39,46
51,33,6100000,0,user_40,20,39,
43,34,6100000,0,user_33,20,39,
1098,14,5000001,0,builder_17,25,25,177
177,36,5000000,381000,user_27,21,39,
714,59,5000001,0,user_15,24,39,177
883,60,5000001,0,user_0,25,39,177
345,52,5000001,0,user_12,22,39,177
349,65,5000001,0,user_19,22,39,177
547,50,5000001,0,user_26,23,39,177
719,58,5000001,0,user_19,24,39,177
353,53,5000001,0,user_24,22,39,177
538,51,5000001,0,user_17,23,39,177
749,72,5000000,0,user_47,24,39,
731,70,5000000,0,user_30,24,39,
191,71,5000000,0,user_38,21,39,
724,85,4999999,0,user_25,24,39,177
348,79,4999999,0,user_16,22,39,177
545,76,4999999,0,user_21,23,39,177
528,77,4999999,0,user_8,23,39,177
529,78,4999999,0,user_8,23,39,177
354,80,4999999,0,user_24,22,39,177
732,94,4500000,16400,user_31,24,39,
1099,34,4499999,0,builder_17,25,25,732
1100,35,4200001,0,builder_17,25,25,55
55,99,4200000,33100,user_43,20,39,
341,97,4200001,0,user_8,22,37,55
343,98,4200001,0,user_10,22,37,55
156,95,4200001,0,user_9,21,36,55
162,99,4200001,0,user_13,21,37,55
163,94,4200001,0,user_13,21,36,55
169,96,4200001,0,user_17,21,36,55
552,97,4200000,0,user_34,23,36,
362,97,4200000,0,user_32,22,35,
340,99,4199999,0,user_8,22,34,55
159,99,4199999,0,user_13,21,33,55
176,99,4199999,0,user_26,21,32,55
171,98,4199999,0,user_20,21,33,55
344,99,4199999,0,user_11,22,35,55
38,96,3200000,21800,user_30,20,29,
1101,51,3199999,0,builder_17,25,25,38
555,98,3200000,6390,user_37,23,29,
1102,53,3199999,0,builder_17,25,25,555
144,77,3200001,0,user_4,21,28,38
742,78,3200000,0,user_40,24,28,
910,80,3200000,0,user_32,25,28,
142,81,3199999,0,user_3,21,28,38
143,82,3199999,0,user_3,21,28,38
174,83,3199999,0,user_23,21,28,38
554,85,2600000,0,user_37,23,28,
15,86,2600000,0,user_11,20,28,
61,87,2600000,0,user_46,20,28,
199,84,2600000,0,user_47,21,28,
909,89,2500000,0,user_28,25,28,
42,88,2500000,0,user_32,20,28,
1103,66,2400001,0,builder_17,25,25,553
553,91,2400000,18600,user_36,23,28,
369,93,2400000,0,user_42,22,28,
1104,69,2000001,0,builder_17,25,25,44
44,96,2000000,322000,user_33,20,28,
36,97,2300000,0,user_27,20,28,
45,98,2300000,0,user_33,20,28,
716,92,2000001,0,user_17,24,27,44
706,90,2000001,0,user_5,24,27,44
355,89,2000001,0,user_25,22,26,44
896,88,2000001,0,user_11,25,27,44
539,91,2000001,0,user_17,23,27,44
145,97,2000001,0,user_5,21,27,44
149,98,2000001,0,user_5,21,27,44
154,96,2000001,0,user_7,21,27,44
151,95,2000001,0,user_6,21,27,44
173,99,2000001,0,user_22,21,27,44
172,94,2000001,0,user_21,21,27,44
750,93,2000000,0,user_48,24,26,
10,94,2000000,0,user_8,20,26,
912,95,2000000,0,user_35,25,26,
522,96,1999999,0,user_0,23,26,44
338,88,1999999,0,user_6,22,25,44
710,97,1999999,0,user_9,24,26,44
147,99,1999999,0,user_5,21,26,44
139,91,1999999,0,user_0,21,25,44
140,98,1999999,0,user_2,21,26,44
158,93,1999999,0,user_10,21,25,44
160,94,1999999,0,user_13,21,25,44
161,95,1999999,0,user_13,21,25,44
167,96,1999999,0,user_17,21,25,44
150,97,1999999,0,user_6,21,25,44
153,98,1999999,0,user_6,21,25,44
175,99,1999999,0,user_26,21,25,44
11,2,43000000,0,user_9,20,39,
735,7,30000000,0,user_35,24,39,
358,9,27000000,0,user_28,22,39,
727,18,170000,17700000,user_27,24,39,
1331,4,169999,0,builder_18,26,26,727
46,22,6300000,7840,user_34,20,39,
1332,6,6299999,0,builder_18,26,26,46
164,23,6300001,0,user_14,21,39,46
187,28,6300000,0,user_33,21,39,
152,30,6299999,0,user_6,21,39,46
165,31,6299999,0,user_14,21,39,46
166,29,6299999,0,user_16,21,39,46
43,34,6100000,0,user_33,20,39,
51,33,6100000,0,user_40,20,39,
1158,32,6100000,0,user_47,26,39,
177,36,5000000,381000,user_27,21,39,
1333,16,4999999,0,builder_18,26,26,177
908,41,5200000,0,user_27,25,39,
547,50,5000001,0,user_26,23,39,177
538,51,5000001,0,user_17,23,39,177
719,58,5000001,0,user_19,24,39,177
714,59,5000001,0,user_15,24,39,177
345,52,5000001,0,user_12,22,39,177
353,53,5000001,0,user_24,22,39,177
349,65,5000001,0,user_19,22,39,177
883,60,5000001,0,user_0,25,39,177
1124,48,5000001,0,user_10,26,39,177
749,72,5000000,0,user_47,24,39,
731,70,5000000,0,user_30,24,39,
191,71,5000000,0,user_38,21,39,
545,76,4999999,0,user_21,23,39,177
528,77,4999999,0,user_8,23,39,177
529,78,4999999,0,user_8,23,39,177
724,85,4999999,0,user_25,24,39,177
348,79,4999999,0,user_16,22,39,177
354,80,4999999,0,user_24,22,39,177
1334,36,4500001,0,builder_18,26,26,732
732,94,4500000,16400,user_31,24,39,
1335,38,4200001,0,builder_18,26,26,55
55,99,4200000,33100,user_43,20,39,
162,99,4200001,0,user_13,21,37,55
163,94,4200001,0,user_13,21,36,55
156,95,4200001,0,user_9,21,36,55
169,96,4200001,0,user_17,21,36,55
343,98,4200001,0,user_10,22,37,55
341,97,4200001,0,user_8,22,37,55
552,97,4200000,0,user_34,23,36,
362,97,4200000,0,user_32,22,35,
1151,98,4200000,0,user_34,26,36,
159,99,4199999,0,user_13,21,33,55
171,98,4199999,0,user_20,21,33,55
176,99,4199999,0,user_26,21,32,55
344,99,4199999,0,user_11,22,35,55
340,99,4199999,0,user_8,22,34,55
1144,98,3500000,5640,user_30,26,31,
1336,55,3499999,0,builder_18,26,26,1144
38,96,3200000,21800,user_30,20,29,
1337,57,3199999,0,builder_18,26,26,38
1338,58,3200001,0,builder_18,26,26,555
555,98,3200000,6390,user_37,23,29,
144,77,3200001,0,user_4,21,28,38
742,78,3200000,0,user_40,24,28,
910,80,3200000,0,user_32,25,28,
922,79,3200000,0,user_43,25,28,
142,81,3199999,0,user_3,21,28,38
143,82,3199999,0,user_3,21,28,38
174,83,3199999,0,user_23,21,28,38
554,85,2600000,0,user_37,23,28,
15,86,2600000,0,user_11,20,28,
61,87,2600000,0,user_46,20,28,
199,84,2600000,0,user_47,21,28,
909,89,2500000,0,user_28,25,28,
42,88,2500000,0,user_32,20,28,
1339,73,2400001,0,builder_18,26,26,553
553,91,2400000,18600,user_36,23,28,
369,93,2400000,0,user_42,22,28,
44,96,2000000,322000,user_33,20,28,
1340,77,1999999,0,builder_18,26,26,44
45,98,2300000,0,user_33,20,28,
36,97,2300000,0,user_27,20,28,
539,91,2000001,0,user_17,23,27,44
706,90,2000001,0,user_5,24,27,44
716,92,2000001,0,user_17,24,27,44
145,97,2000001,0,user_5,21,27,44
149,98,2000001,0,user_5,21,27,44
151,95,2000001,0,user_6,21,27,44
154,96,2000001,0,user_7,21,27,44
172,94,2000001,0,user_21,21,27,44
173,99,2000001,0,user_22,21,27,44
355,89,2000001,0,user_25,22,26,44
896,88,2000001,0,user_11,25,27,44
1114,89,2000001,0,user_1,26,27,44
1136,99,2000001,0,user_20,26,28,44
750,93,2000000,0,user_48,24,26,
10,94,2000000,0,user_8,20,26,
912,95,2000000,0,user_35,25,26,
522,96,1999999,0,user_0,23,26,44
710,97,1999999,0,user_9,24,26,44
140,98,1999999,0,user_2,21,26,44
147,99,1999999,0,user_5,21,26,44
11,2,43000000,0,user_9,20,39,
735,7,30000000,0,user_35,24,39,
1370,5,30000000,0,user_29,27,39,
358,9,27000000,0,user_28,22,39,
1578,4,170001,0,builder_18,27,27,727
727,18,170000,17700000,user_27,24,39,
1579,6,6300001,0,builder_18,27,27,46
46,22,6300000,7840,user_34,20,39,
164,23,6300001,0,user_14,21,39,46
187,28,6300000,0,user_33,21,39,
1147,25,6300000,0,user_31,26,39,
165,31,6299999,0,user_14,21,39,46
166,29,6299999,0,user_16,21,39,46
152,30,6299999,0,user_6,21,39,46
51,33,6100000,0,user_40,20,39,
43,34,6100000,0,user_33,20,39,
1158,32,6100000,0,user_47,26,39,
177,36,5000000,381000,user_27,21,39,
1580,18,4999999,0,builder_18,27,27,177
908,41,5200000,0,user_27,25,39,
1581,20,5000001,0,builder_18,27,27,1384
1384,45,5000000,13900,user_45,27,39,
1380,47,5000000,6390,user_41,27,39,
1582,23,4999999,0,builder_18,27,27,1380
883,60,5000001,0,user_0,25,39,177
1124,48,5000001,0,user_10,26,39,177
538,51,5000001,0,user_17,23,39,177
547,50,5000001,0,user_26,23,39,177
719,58,5000001,0,user_19,24,39,177
714,59,5000001,0,user_15,24,39,177
345,52,5000001,0,user_12,22,39,177
349,65,5000001,0,user_19,22,39,177
353,53,5000001,0,user_24,22,39,177
749,72,5000000,0,user_47,24,39,
731,70,5000000,0,user_30,24,39,
191,71,5000000,0,user_38,21,39,
1377,69,5000000,0,user_37,27,39,
545,76,4999999,0,user_21,23,39,177
528,77,4999999,0,user_8,23,39,177
529,78,4999999,0,user_8,23,39,177
724,85,4999999,0,user_25,24,39,177
348,79,4999999,0,user_16,22,39,177
354,80,4999999,0,user_24,22,39,177
732,94,4500000,16400,user_31,24,39,
1583,44,4499999,0,builder_18,27,27,732
1584,45,4200001,0,builder_18,27,27,55
55,99,4200000,33100,user_43,20,39,
162,99,4200001,0,user_13,21,37,55
163,94,4200001,0,user_13,21,36,55
169,96,4200001,0,user_17,21,36,55
156,95,4200001,0,user_9,21,36,55
343,98,4200001,0,user_10,22,37,55
341,97,4200001,0,user_8,22,37,55
362,97,4200000,0,user_32,22,35,
552,97,4200000,0,user_34,23,36,
1151,98,4200000,0,user_34,26,36,
159,99,4199999,0,user_13,21,33,55
171,98,4199999,0,user_20,21,33,55
176,99,4199999,0,user_26,21,32,55
344,99,4199999,0,user_11,22,35,55
340,99,4199999,0,user_8,22,34,55
1585,61,3500001,0,builder_18,27,27,1144
1144,98,3500000,5640,user_30,26,31,
1586,63,3200001,0,builder_18,27,27,38
38,96,3200000,21800,user_30,20,29,
555,98,3200000,6390,user_37,23,29,
1587,66,3199999,0,builder_18,27,27,555
144,77,3200001,0,user_4,21,28,38
910,80,3200000,0,user_32,25,28,
922,79,3200000,0,user_43,25,28,
742,78,3200000,0,user_40,24,28,
142,81,3199999,0,user_3,21,28,38
143,82,3199999,0,user_3,21,28,38
174,83,3199999,0,user_23,21,28,38
554,85,2600000,0,user_37,23,28,
199,84,2600000,0,user_47,21,28,
61,87,2600000,0,user_46,20,28,
15,86,2600000,0,user_11,20,28,
909,89,2500000,0,user_28,25,28,
42,88,2500000,0,user_32,20,28,
1588,80,2400001,0,builder_18,27,27,553
553,91,2400000,18600,user_36,23,28,
369,93,2400000,0,user_42,22,28,
1160,92,2400000,0,user_49,26,28,
44,96,2000000,322000,user_33,20,28,
1589,85,1999999,0,builder_18,27,27,44
45,98,2300000,0,user_33,20,28,
36,97,2300000,0,user_27,20,28,
896,88,2000001,0,user_11,25,27,44
1114,89,2000001,0,user_1,26,27,44
706,90,2000001,0,user_5,24,27,44
539,91,2000001,0,user_17,23,27,44
716,92,2000001,0,user_17,24,27,44
1136,99,2000001,0,user_20,26,28,44
172,94,2000001,0,user_21,21,27,44
151,95,2000001,0,user_6,21,27,44
154,96,2000001,0,user_7,21,27,44
145,97,2000001,0,user_5,21,27,44
149,98,2000001,0,user_5,21,27,44
173,99,2000001,0,user_22,21,27,44
11,2,43000000,0,user_9,20,39,
1627,3,43000000,0,user_29,28,39,
735,7,30000000,0,user_35,24,39,
1370,5,30000000,0,user_29,27,39,
358,9,27000000,0,user_28,22,39,
727,18,170000,17700000,user_27,24,39,
1876,6,169999,0,builder_18,28,28,727
1618,20,3500000,7190000,user_27,28,39,
1877,8,3499999,0,builder_18,28,28,1618
1878,9,6300001,0,builder_18,28,28,46
46,22,6300000,7840,user_34,20,39,
164,23,6300001,0,user_14,21,39,46
1147,25,6300000,0,user_31,26,39,
187,28,6300000,0,user_33,21,39,
1640,27,6300000,0,user_44,28,39,
165,31,6299999,0,user_14,21,39,46
166,29,6299999,0,user_16,21,39,46
152,30,6299999,0,user_6,21,39,46
1158,32,6100000,0,user_47,26,39,
43,34,6100000,0,user_33,20,39,
51,33,6100000,0,user_40,20,39,
1626,35,6100000,0,user_29,28,39,
177,36,5000000,381000,user_27,21,39,
1879,23,4999999,0,builder_18,28,28,177
908,41,5200000,0,user_27,25,39,
1384,45,5000000,13900,user_45,27,39,
1880,26,4999999,0,builder_18,28,28,1384
1881,27,5000001,0,builder_18,28,28,1380
1380,47,5000000,6390,user_41,27,39,
1124,48,5000001,0,user_10,26,39,177
345,52,5000001,0,user_12,22,39,177
349,65,5000001,0,user_19,22,39,177
353,53,5000001,0,user_24,22,39,177
547,50,5000001,0,user_26,23,39,177
538,51,5000001,0,user_17,23,39,177
714,59,5000001,0,user_15,24,39,177
883,60,5000001,0,user_0,25,39,177
719,58,5000001,0,user_19,24,39,177
1617,61,5000001,0,user_26,28,39,177
749,72,5000000,0,user_47,24,39,
1377,69,5000000,0,user_37,27,39,
191,71,5000000,0,user_38,21,39,
731,70,5000000,0,user_30,24,39,
348,79,4999999,0,user_16,22,39,177
354,80,4999999,0,user_24,22,39,177
528,77,4999999,0,user_8,23,39,177
529,78,4999999,0,user_8,23,39,177
545,76,4999999,0,user_21,23,39,177
724,85,4999999,0,user_25,24,39,177
1593,75,4999999,0,user_7,28,39,177
1882,50,4500001,0,builder_18,28,28,732
732,94,4500000,16400,user_31,24,39,
1883,52,4200001,0,builder_18,28,28,55
55,99,4200000,33100,user_43,20,39,
341,97,4200001,0,user_8,22,37,55
343,98,4200001,0,user_10,22,37,55
169,96,4200001,0,user_17,21,36,55
156,95,4200001,0,user_9,21,36,55
162,99,4200001,0,user_13,21,37,55
163,94,4200001,0,user_13,21,36,55
1151,98,4200000,0,user_34,26,36,
362,97,4200000,0,user_32,22,35,
552,97,4200000,0,user_34,23,36,
1634,98,4200000,0,user_39,28,35,
344,99,4199999,0,user_11,22,35,55
340,99,4199999,0,user_8,22,34,55
176,99,4199999,0,user_26,21,32,55
159,99,4199999,0,user_13,21,33,55
171,98,4199999,0,user_20,21,33,55
1884,69,3500001,0,builder_18,28,28,1371
1371,97,3500000,283000,user_31,27,31,
1885,71,3500001,0,builder_18,28,28,1144
1144,98,3500000,5640,user_30,26,31,
1886,73,3200001,0,builder_18,28,28,38
38,96,3200000,21800,user_30,20,29,
555,98,3200000,6390,user_37,23,29,
1887,76,3199999,0,builder_18,28,28,555
144,77,3200001,0,user_4,21,28,38
742,78,3200000,0,user_40,24,28,
922,79,3200000,0,user_43,25,28,
910,80,3200000,0,user_32,25,28,
142,81,3199999,0,user_3,21,28,38
143,82,3199999,0,user_3,21,28,38
174,83,3199999,0,user_23,21,28,38
199,84,2600000,0,user_47,21,28,
554,85,2600000,0,user_37,23,28,
15,86,2600000,0,user_11,20,28,
61,87,2600000,0,user_46,20,28,
42,88,2500000,0,user_32,20,28,
909,89,2500000,0,user_28,25,28,
1888,90,2400001,0,builder_18,28,28,553
553,91,2400000,18600,user_36,23,28,
1160,92,2400000,0,user_49,26,28,
369,93,2400000,0,user_42,22,28,
1629,94,2400000,0,user_32,28,28,
1889,95,2000001,0,builder_18,28,28,44
44,96,2000000,322000,user_33,20,28,
36,97,2300000,0,user_27,20,28,
45,98,2300000,0,user_33,20,28,
1136,99,2000001,0,user_20,26,28,44
11,2,43000000,0,user_9,20,39,
1627,3,43000000,0,user_29,28,39,
1370,5,30000000,0,user_29,27,39,
735,7,30000000,0,user_35,24,39,
1931,8,30000000,0,user_41,29,39,
358,9,27000000,0,user_28,22,39,
1926,10,27000000,0,user_34,29,39,
727,18,170000,17700000,user_27,24,39,
2156,8,169999,0,builder_18,29,29,727
2157,9,3500001,0,builder_18,29,29,1618
1618,20,3500000,7190000,user_27,28,39,
46,22,6300000,7840,user_34,20,39,
2158,12,6299999,0,builder_18,29,29,46
164,23,6300001,0,user_14,21,39,46
1147,25,6300000,0,user_31,26,39,
1640,27,6300000,0,user_44,28,39,
187,28,6300000,0,user_33,21,39,
165,31,6299999,0,user_14,21,39,46
166,29,6299999,0,user_16,21,39,46
152,30,6299999,0,user_6,21,39,46
1158,32,6100000,0,user_47,26,39,
51,33,6100000,0,user_40,20,39,
43,34,6100000,0,user_33,20,39,
1626,35,6100000,0,user_29,28,39,
177,36,5000000,381000,user_27,21,39,
2159,25,4999999,0,builder_18,29,29,177
908,41,5200000,0,user_27,25,39,
1384,45,5000000,13900,user_45,27,39,
2160,28,4999999,0,builder_18,29,29,1384
2161,29,5000001,0,builder_18,29,29,1380
1380,47,5000000,6390,user_41,27,39,
1124,48,5000001,0,user_10,26,39,177
538,51,5000001,0,user_17,23,39,177
547,50,5000001,0,user_26,23,39,177
719,58,5000001,0,user_19,24,39,177
345,52,5000001,0,user_12,22,39,177
353,53,5000001,0,user_24,22,39,177
349,65,5000001,0,user_19,22,39,177
714,59,5000001,0,user_15,24,39,177
883,60,5000001,0,user_0,25,39,177
1617,61,5000001,0,user_26,28,39,177
1911,62,5000001,0,user_20,29,39,177
1905,49,5000001,0,user_13,29,39,177
1910,63,5000001,0,user_18,29,39,177
1917,64,5000001,0,user_24,29,39,177
1377,69,5000000,0,user_37,27,39,
191,71,5000000,0,user_38,21,39,
749,72,5000000,0,user_47,24,39,
731,70,5000000,0,user_30,24,39,
1929,73,5000000,0,user_39,29,39,
528,77,4999999,0,user_8,23,39,177
529,78,4999999,0,user_8,23,39,177
545,76,4999999,0,user_21,23,39,177
348,79,4999999,0,user_16,22,39,177
354,80,4999999,0,user_24,22,39,177
724,85,4999999,0,user_25,24,39,177
1593,75,4999999,0,user_7,28,39,177
1894,86,4999999,0,user_4,29,39,177
1901,87,4999999,0,user_10,29,39,177
1909,88,4999999,0,user_18,29,39,177
1898,89,4999999,0,user_5,29,39,177
1914,90,4999999,0,user_23,29,39,177
1913,92,4999999,0,user_22,29,39,177
1916,91,4999999,0,user_24,29,39,177
732,94,4500000,16400,user_31,24,39,
2162,65,4499999,0,builder_18,29,29,732
55,99,4200000,33100,user_43,20,39,
2163,67,4199999,0,builder_18,29,29,55
343,98,4200001,0,user_10,22,37,55
156,95,4200001,0,user_9,21,36,55
162,99,4200001,0,user_13,21,37,55
163,94,4200001,0,user_13,21,36,55
169,96,4200001,0,user_17,21,36,55
341,97,4200001,0,user_8,22,37,55
1151,98,4200000,0,user_34,26,36,
1622,99,4200000,0,user_28,28,36,
552,97,4200000,0,user_34,23,36,
362,97,4200000,0,user_32,22,35,
1634,98,4200000,0,user_39,28,35,
171,98,4199999,0,user_20,21,33,55
159,99,4199999,0,user_13,21,33,55
344,99,4199999,0,user_11,22,35,55
340,99,4199999,0,user_8,22,34,55
176,99,4199999,0,user_26,21,32,55
1371,97,3500000,283000,user_31,27,31,
2164,85,3499999,0,builder_18,29,29,1371
1144,98,3500000,5640,user_30,26,31,
2165,87,3499999,0,builder_18,29,29,1144
1892,99,3500001,0,user_1,29,30,1618
1895,97,3500001,0,user_4,29,30,1618
1896,98,3500001,0,user_4,29,30,1618
1907,91,3500001,0,user_16,29,29,1618
1897,92,3499999,0,user_4,29,29,1618
1900,93,3499999,0,user_10,29,29,1618
1902,94,3499999,0,user_10,29,29,1618
1912,95,3499999,0,user_21,29,29,1618
38,96,3200000,21800,user_30,20,29,
2166,97,3199999,0,builder_18,29,29,38
555,98,3200000,6390,user_37,23,29,
2167,99,3199999,0,builder_18,29,29,555
1627,3,43000000,0,user_29,28,39,
11,2,43000000,0,user_9,20,39,
1370,5,30000000,0,user_29,27,39,
735,7,30000000,0,user_35,24,39,
1931,8,30000000,0,user_41,29,39,
358,9,27000000,0,user_28,22,39,
1926,10,27000000,0,user_34,29,39,
2217,12,19000000,0,user_40,30,39,
727,18,170000,17700000,user_27,24,39,
2406,9,169999,0,builder_18,30,30,727
2407,10,3500001,0,builder_18,30,30,1618
1618,20,3500000,7190000,user_27,28,39,
46,22,6300000,7840,user_34,20,39,
2408,13,6299999,0,builder_18,30,30,46
164,23,6300001,0,user_14,21,39,46
1147,25,6300000,0,user_31,26,39,
1640,27,6300000,0,user_44,28,39,
187,28,6300000,0,user_33,21,39,
152,30,6299999,0,user_6,21,39,46
165,31,6299999,0,user_14,21,39,46
166,29,6299999,0,user_16,21,39,46
1158,32,6100000,0,user_47,26,39,
1626,35,6100000,0,user_29,28,39,
43,34,6100000,0,user_33,20,39,
51,33,6100000,0,user_40,20,39,
177,36,5000000,381000,user_27,21,39,
2409,26,4999999,0,builder_18,30,30,177
908,41,5200000,0,user_27,25,39,
1384,45,5000000,13900,user_45,27,39,
2410,29,4999999,0,builder_18,30,30,1384
1380,47,5000000,6390,user_41,27,39,
2411,31,4999999,0,builder_18,30,30,1380
1124,48,5000001,0,user_10,26,39,177
1617,61,5000001,0,user_26,28,39,177
1905,49,5000001,0,user_13,29,39,177
1911,62,5000001,0,user_20,29,39,177
547,50,5000001,0,user_26,23,39,177
538,51,5000001,0,user_17,23,39,177
719,58,5000001,0,user_19,24,39,177
714,59,5000001,0,user_15,24,39,177
345,52,5000001,0,user_12,22,39,177
353,53,5000001,0,user_24,22,39,177
349,65,5000001,0,user_19,22,39,177
883,60,5000001,0,user_0,25,39,177
1910,63,5000001,0,user_18,29,39,177
1917,64,5000001,0,user_24,29,39,177
2184,54,5000001,0,user_11,30,39,177
2168,55,5000001,0,user_0,30,39,177
2181,56,5000001,0,user_9,30,39,177
2183,57,5000001,0,user_9,30,39,177
1377,69,5000000,0,user_37,27,39,
749,72,5000000,0,user_47,24,39,
731,70,5000000,0,user_30,24,39,
191,71,5000000,0,user_38,21,39,
1929,73,5000000,0,user_39,29,39,
1593,75,4999999,0,user_7,28,39,177
1894,86,4999999,0,user_4,29,39,177
1898,89,4999999,0,user_5,29,39,177
1901,87,4999999,0,user_10,29,39,177
545,76,4999999,0,user_21,23,39,177
528,77,4999999,0,user_8,23,39,177
529,78,4999999,0,user_8,23,39,177
724,85,4999999,0,user_25,24,39,177
348,79,4999999,0,user_16,22,39,177
354,80,4999999,0,user_24,22,39,177
1913,92,4999999,0,user_22,29,39,177
1909,88,4999999,0,user_18,29,39,177
1914,90,4999999,0,user_23,29,39,177
1916,91,4999999,0,user_24,29,39,177
2179,82,4999999,0,user_9,30,39,177
2180,83,4999999,0,user_9,30,39,177
2182,84,4999999,0,user_9,30,39,177
2178,81,4999999,0,user_8,30,39,177
2412,73,4500001,0,builder_18,30,30,732
732,94,4500000,16400,user_31,24,39,
55,99,4200000,33100,user_43,20,39,
2413,76,4199999,0,builder_18,30,30,55
162,99,4200001,0,user_13,21,37,55
163,94,4200001,0,user_13,21,36,55
156,95,4200001,0,user_9,21,36,55
169,96,4200001,0,user_17,21,36,55
343,98,4200001,0,user_10,22,37,55
341,97,4200001,0,user_8,22,37,55
1622,99,4200000,0,user_28,28,36,
1634,98,4200000,0,user_39,28,35,
552,97,4200000,0,user_34,23,36,
362,97,4200000,0,user_32,22,35,
1151,98,4200000,0,user_34,26,36,
159,99,4199999,0,user_13,21,33,55
171,98,4199999,0,user_20,21,33,55
176,99,4199999,0,user_26,21,32,55
344,99,4199999,0,user_11,22,35,55
340,99,4199999,0,user_8,22,34,55
1371,97,3500000,283000,user_31,27,31,
2414,94,3499999,0,builder_18,30,30,1371
1144,98,3500000,5640,user_30,26,31,
2415,96,3499999,0,builder_18,30,30,1144
1895,97,3500001,0,user_4,29,30,1618
1896,98,3500001,0,user_4,29,30,1618
1892,99,3500001,0,user_1,29,30,1618
1627,3,43000000,0,user_29,28,39,
11,2,43000000,0,user_9,20,39,
1931,8,30000000,0,user_41,29,39,
735,7,30000000,0,user_35,24,39,
1370,5,30000000,0,user_29,27,39,
2214,6,30000000,0,user_38,30,39,
1926,10,27000000,0,user_34,29,39,
358,9,27000000,0,user_28,22,39,
2217,12,19000000,0,user_40,30,39,
2449,13,19000000,0,user_32,31,39,
727,18,170000,17700000,user_27,24,39,
2640,11,169999,0,builder_18,31,31,727
2641,12,3500001,0,builder_18,31,31,1618
1618,20,3500000,7190000,user_27,28,39,
46,22,6300000,7840,user_34,20,39,
2642,15,6299999,0,builder_18,31,31,46
164,23,6300001,0,user_14,21,39,46
1640,27,6300000,0,user_44,28,39,
187,28,6300000,0,user_33,21,39,
1147,25,6300000,0,user_31,26,39,
165,31,6299999,0,user_14,21,39,46
166,29,6299999,0,user_16,21,39,46
152,30,6299999,0,user_6,21,39,46
1626,35,6100000,0,user_29,28,39,
51,33,6100000,0,user_40,20,39,
43,34,6100000,0,user_33,20,39,
1158,32,6100000,0,user_47,26,39,
2643,27,5000001,0,builder_18,31,31,177
177,36,5000000,381000,user_27,21,39,
908,41,5200000,0,user_27,25,39,
2226,40,5200000,0,user_49,30,39,
1384,45,5000000,13900,user_45,27,39,
2644,32,4999999,0,builder_18,31,31,1384
1380,47,5000000,6390,user_41,27,39,
2645,34,4999999,0,builder_18,31,31,1380
1617,61,5000001,0,user_26,28,39,177
1905,49,5000001,0,user_13,29,39,177
1911,62,5000001,0,user_20,29,39,177
1910,63,5000001,0,user_18,29,39,177
1917,64,5000001,0,user_24,29,39,177
2184,54,5000001,0,user_11,30,39,177
2168,55,5000001,0,user_0,30,39,177
883,60,5000001,0,user_0,25,39,177
1124,48,5000001,0,user_10,26,39,177
538,51,5000001,0,user_17,23,39,177
547,50,5000001,0,user_26,23,39,177
719,58,5000001,0,user_19,24,39,177
714,59,5000001,0,user_15,24,39,177
345,52,5000001,0,user_12,22,39,177
349,65,5000001,0,user_19,22,39,177
353,53,5000001,0,user_24,22,39,177
2181,56,5000001,0,user_9,30,39,177
2183,57,5000001,0,user_9,30,39,177
1929,73,5000000,0,user_39,29,39,
1377,69,5000000,0,user_37,27,39,
749,72,5000000,0,user_47,24,39,
731,70,5000000,0,user_30,24,39,
191,71,5000000,0,user_38,21,39,
1593,75,4999999,0,user_7,28,39,177
1894,86,4999999,0,user_4,29,39,177
1898,89,4999999,0,user_5,29,39,177
1913,92,4999999,0,user_22,29,39,177
1901,87,4999999,0,user_10,29,39,177
1909,88,4999999,0,user_18,29,39,177
1914,90,4999999,0,user_23,29,39,177
1916,91,4999999,0,user_24,29,39,177
545,76,4999999,0,user_21,23,39,177
528,77,4999999,0,user_8,23,39,177
529,78,4999999,0,user_8,23,39,177
724,85,4999999,0,user_25,24,39,177
348,79,4999999,0,user_16,22,39,177
354,80,4999999,0,user_24,22,39,177
2178,81,4999999,0,user_8,30,39,177
2179,82,4999999,0,user_9,30,39,177
2180,83,4999999,0,user_9,30,39,177
2182,84,4999999,0,user_9,30,39,177
732,94,4500000,16400,user_31,24,39,
2646,77,4499999,0,builder_18,31,31,732
2647,78,4200001,0,builder_18,31,31,55
55,99,4200000,33100,user_43,20,39,
162,99,4200001,0,user_13,21,37,55
163,94,4200001,0,user_13,21,36,55
169,96,4200001,0,user_17,21,36,55
156,95,4200001,0,user_9,21,36,55
343,98,4200001,0,user_10,22,37,55
341,97,4200001,0,user_8,22,37,55
1622,99,4200000,0,user_28,28,36,
1634,98,4200000,0,user_39,28,35,
362,97,4200000,0,user_32,22,35,
552,97,4200000,0,user_34,23,36,
1151,98,4200000,0,user_34,26,36,
159,99,4199999,0,user_13,21,33,55
171,98,4199999,0,user_20,21,33,55
176,99,4199999,0,user_26,21,32,55
344,99,4199999,0,user_11,22,35,55
340,99,4199999,0,user_8,22,34,55
2648,96,3500001,0,builder_18,31,31,1371
1371,97,3500000,283000,user_31,27,31,
1144,98,3500000,5640,user_30,26,31,
2649,99,3499999,0,builder_18,31,31,1144
2678,4,43000000,0,user_34,32,39,
1627,3,43000000,0,user_29,28,39,
11,2,43000000,0,user_9,20,39,
2214,6,30000000,0,user_38,30,39,
1931,8,30000000,0,user_41,29,39,
1370,5,30000000,0,user_29,27,39,
735,7,30000000,0,user_35,24,39,
1926,10,27000000,0,user_34,29,39,
2677,11,27000000,0,user_32,32,39,
358,9,27000000,0,user_28,22,39,
2449,13,19000000,0,user_32,31,39,
2217,12,19000000,0,user_40,30,39,
727,18,170000,17700000,user_27,24,39,
2857,13,169999,0,builder_17,32,32,727
2858,14,3500001,0,builder_17,32,32,1618
1618,20,3500000,7190000,user_27,28,39,
46,22,6300000,7840,user_34,20,39,
2859,17,6299999,0,builder_17,32,32,46
164,23,6300001,0,user_14,21,39,46
1640,27,6300000,0,user_44,28,39,
1147,25,6300000,0,user_31,26,39,
187,28,6300000,0,user_33,21,39,
166,29,6299999,0,user_16,21,39,46
152,30,6299999,0,user_6,21,39,46
165,31,6299999,0,user_14,21,39,46
1626,35,6100000,0,user_29,28,39,
51,33,6100000,0,user_40,20,39,
1158,32,6100000,0,user_47,26,39,
43,34,6100000,0,user_33,20,39,
177,36,5000000,381000,user_27,21,39,
2860,30,4999999,0,builder_17,32,32,177
2226,40,5200000,0,user_49,30,39,
908,41,5200000,0,user_27,25,39,
2861,33,5000001,0,builder_17,32,32,1384
1384,45,5000000,13900,user_45,27,39,
2862,35,5000001,0,builder_17,32,32,1380
1380,47,5000000,6390,user_41,27,39,
2181,56,5000001,0,user_9,30,39,177
2183,57,5000001,0,user_9,30,39,177
2168,55,5000001,0,user_0,30,39,177
1910,63,5000001,0,user_18,29,39,177
1911,62,5000001,0,user_20,29,39,177
2184,54,5000001,0,user_11,30,39,177
1617,61,5000001,0,user_26,28,39,177
1905,49,5000001,0,user_13,29,39,177
1917,64,5000001,0,user_24,29,39,177
1124,48,5000001,0,user_10,26,39,177
538,51,5000001,0,user_17,23,39,177
547,50,5000001,0,user_26,23,39,177
345,52,5000001,0,user_12,22,39,177
353,53,5000001,0,user_24,22,39,177
719,58,5000001,0,user_19,24,39,177
714,59,5000001,0,user_15,24,39,177
883,60,5000001,0,user_0,25,39,177
349,65,5000001,0,user_19,22,39,177
1929,73,5000000,0,user_39,29,39,
731,70,5000000,0,user_30,24,39,
1377,69,5000000,0,user_37,27,39,
749,72,5000000,0,user_47,24,39,
191,71,5000000,0,user_38,21,39,
2179,82,4999999,0,user_9,30,39,177
2180,83,4999999,0,user_9,30,39,177
2182,84,4999999,0,user_9,30,39,177
2178,81,4999999,0,user_8,30,39,177
1909,88,4999999,0,user_18,29,39,177
1894,86,4999999,0,user_4,29,39,177
1898,89,4999999,0,user_5,29,39,177
1913,92,4999999,0,user_22,29,39,177
1901,87,4999999,0,user_10,29,39,177
1914,90,4999999,0,user_23,29,39,177
1916,91,4999999,0,user_24,29,39,177
545,76,4999999,0,user_21,23,39,177
528,77,4999999,0,user_8,23,39,177
529,78,4999999,0,user_8,23,39,177
348,79,4999999,0,user_16,22,39,177
354,80,4999999,0,user_24,22,39,177
1593,75,4999999,0,user_7,28,39,177
724,85,4999999,0,user_25,24,39,177
2863,78,4500001,0,builder_17,32,32,732
732,94,4500000,16400,user_31,24,39,
2864,80,4200001,0,builder_17,32,32,2681
2681,97,4200000,231000,user_36,32,39,
55,99,4200000,33100,user_43,20,39,
2865,83,4199999,0,builder_17,32,32,55
343,98,4200001,0,user_10,22,37,55
341,97,4200001,0,user_8,22,37,55
162,99,4200001,0,user_13,21,37,55
163,94,4200001,0,user_13,21,36,55
156,95,4200001,0,user_9,21,36,55
169,96,4200001,0,user_17,21,36,55
1634,98,4200000,0,user_39,28,35,
1622,99,4200000,0,user_28,28,36,
552,97,4200000,0,user_34,23,36,
1151,98,4200000,0,user_34,26,36,
362,97,4200000,0,user_32,22,35,
344,99,4199999,0,user_11,22,35,55
340,99,4199999,0,user_8,22,34,55
159,99,4199999,0,user_13,21,33,55
171,98,4199999,0,user_20,21,33,55
176,99,4199999,0,user_26,21,32,55
3089,0,43000001,0,builder_18,33,33,2919
2919,1,43000000,56200,user_39,33,39,
11,2,43000000,0,user_9,20,39,
1627,3,43000000,0,user_29,28,39,
2678,4,43000000,0,user_34,32,39,
2214,6,30000000,0,user_38,30,39,
1370,5,30000000,0,user_29,27,39,
735,7,30000000,0,user_35,24,39,
1931,8,30000000,0,user_41,29,39,
358,9,27000000,0,user_28,22,39,
1926,10,27000000,0,user_34,29,39,
2677,11,27000000,0,user_32,32,39,
2449,13,19000000,0,user_32,31,39,
2217,12,19000000,0,user_40,30,39,
727,18,170000,17700000,user_27,24,39,
3090,15,169999,0,builder_18,33,33,727
1618,20,3500000,7190000,user_27,28,39,
3091,17,3499999,0,builder_18,33,33,1618
3092,18,6300001,0,builder_18,33,33,46
46,22,6300000,7840,user_34,20,39,
164,23,6300001,0,user_14,21,39,46
1147,25,6300000,0,user_31,26,39,
1640,27,6300000,0,user_44,28,39,
187,28,6300000,0,user_33,21,39,
165,31,6299999,0,user_14,21,39,46
166,29,6299999,0,user_16,21,39,46
152,30,6299999,0,user_6,21,39,46
1158,32,6100000,0,user_47,26,39,
51,33,6100000,0,user_40,20,39,
43,34,6100000,0,user_33,20,39,
1626,35,6100000,0,user_29,28,39,
3093,31,5000001,0,builder_18,33,33,177
177,36,5000000,381000,user_27,21,39,
2226,40,5200000,0,user_49,30,39,
908,41,5200000,0,user_27,25,39,
1384,45,5000000,13900,user_45,27,39,
3094,36,4999999,0,builder_18,33,33,1384
1380,47,5000000,6390,user_41,27,39,
3095,38,4999999,0,builder_18,33,33,1380
2184,54,5000001,0,user_11,30,39,177
1905,49,5000001,0,user_13,29,39,177
2168,55,5000001,0,user_0,30,39,177
2181,56,5000001,0,user_9,30,39,177
2183,57,5000001,0,user_9,30,39,177
1124,48,5000001,0,user_10,26,39,177
538,51,5000001,0,user_17,23,39,177
547,50,5000001,0,user_26,23,39,177
719,58,5000001,0,user_19,24,39,177
345,52,5000001,0,user_12,22,39,177
353,53,5000001,0,user_24,22,39,177
349,65,5000001,0,user_19,22,39,177
714,59,5000001,0,user_15,24,39,177
883,60,5000001,0,user_0,25,39,177
1617,61,5000001,0,user_26,28,39,177
1911,62,5000001,0,user_20,29,39,177
1910,63,5000001,0,user_18,29,39,177
1917,64,5000001,0,user_24,29,39,177
1377,69,5000000,0,user_37,27,39,
191,71,5000000,0,user_38,21,39,
749,72,5000000,0,user_47,24,39,
731,70,5000000,0,user_30,24,39,
1929,73,5000000,0,user_39,29,39,
2913,74,5000000,0,user_34,33,39,
2179,82,4999999,0,user_9,30,39,177
2180,83,4999999,0,user_9,30,39,177
2182,84,4999999,0,user_9,30,39,177
2178,81,4999999,0,user_8,30,39,177
528,77,4999999,0,user_8,23,39,177
529,78,4999999,0,user_8,23,39,177
545,76,4999999,0,user_21,23,39,177
348,79,4999999,0,user_16,22,39,177
354,80,4999999,0,user_24,22,39,177
724,85,4999999,0,user_25,24,39,177
1593,75,4999999,0,user_7,28,39,177
1894,86,4999999,0,user_4,29,39,177
1901,87,4999999,0,user_10,29,39,177
1909,88,4999999,0,user_18,29,39,177
1898,89,4999999,0,user_5,29,39,177
1914,90,4999999,0,user_23,29,39,177
1916,91,4999999,0,user_24,29,39,177
1913,92,4999999,0,user_22,29,39,177
3096,81,4500001,0,builder_18,33,33,732
732,94,4500000,16400,user_31,24,39,
2681,97,4200000,231000,user_36,32,39,
3097,84,4199999,0,builder_18,33,33,2681
55,99,4200000,33100,user_43,20,39,
3098,86,4199999,0,builder_18,33,33,55
343,98,4200001,0,user_10,22,37,55
156,95,4200001,0,user_9,21,36,55
162,99,4200001,0,user_13,21,37,55
163,94,4200001,0,user_13,21,36,55
169,96,4200001,0,user_17,21,36,55
341,97,4200001,0,user_8,22,37,55
1151,98,4200000,0,user_34,26,36,
1622,99,4200000,0,user_28,28,36,
552,97,4200000,0,user_34,23,36,
362,97,4200000,0,user_32,22,35,
1634,98,4200000,0,user_39,28,35,
171,98,4199999,0,user_20,21,33,55
159,99,4199999,0,user_13,21,33,55
3311,0,43000001,0,builder_17,34,34,2919
2919,1,43000000,56200,user_39,33,39,
2678,4,43000000,0,user_34,32,39,
11,2,43000000,0,user_9,20,39,
1627,3,43000000,0,user_29,28,39,
2214,6,30000000,0,user_38,30,39,
1370,5,30000000,0,user_29,27,39,
735,7,30000000,0,user_35,24,39,
1931,8,30000000,0,user_41,29,39,
2677,11,27000000,0,user_32,32,39,
358,9,27000000,0,user_28,22,39,
1926,10,27000000,0,user_34,29,39,
2449,13,19000000,0,user_32,31,39,
2217,12,19000000,0,user_40,30,39,
3312,14,170001,0,builder_17,34,34,727
727,18,170000,17700000,user_27,24,39,
3313,16,3500001,0,builder_17,34,34,1618
1618,20,3500000,7190000,user_27,28,39,
3314,18,6300001,0,builder_17,34,34,46
46,22,6300000,7840,user_34,20,39,
164,23,6300001,0,user_14,21,39,46
1147,25,6300000,0,user_31,26,39,
187,28,6300000,0,user_33,21,39,
1640,27,6300000,0,user_44,28,39,
166,29,6299999,0,user_16,21,39,46
152,30,6299999,0,user_6,21,39,46
165,31,6299999,0,user_14,21,39,46
1158,32,6100000,0,user_47,26,39,
51,33,6100000,0,user_40,20,39,
43,34,6100000,0,user_33,20,39,
1626,35,6100000,0,user_29,28,39,
177,36,5000000,381000,user_27,21,39,
3315,32,4999999,0,builder_17,34,34,177
2226,40,5200000,0,user_49,30,39,
908,41,5200000,0,user_27,25,39,
3316,35,5000001,0,builder_17,34,34,1384
1384,45,5000000,13900,user_45,27,39,
3317,37,5000001,0,builder_17,34,34,1380
1380,47,5000000,6390,user_41,27,39,
2168,55,5000001,0,user_0,30,39,177
2181,56,5000001,0,user_9,30,39,177
2183,57,5000001,0,user_9,30,39,177
1124,48,5000001,0,user_10,26,39,177
538,51,5000001,0,user_17,23,39,177
547,50,5000001,0,user_26,23,39,177
345,52,5000001,0,user_12,22,39,177
353,53,5000001,0,user_24,22,39,177
1905,49,5000001,0,user_13,29,39,177
2184,54,5000001,0,user_11,30,39,177
714,59,5000001,0,user_15,24,39,177
883,60,5000001,0,user_0,25,39,177
719,58,5000001,0,user_19,24,39,177
1617,61,5000001,0,user_26,28,39,177
1910,63,5000001,0,user_18,29,39,177
1917,64,5000001,0,user_24,29,39,177
1911,62,5000001,0,user_20,29,39,177
349,65,5000001,0,user_19,22,39,177
2913,74,5000000,0,user_34,33,39,
1377,69,5000000,0,user_37,27,39,
731,70,5000000,0,user_30,24,39,
749,72,5000000,0,user_47,24,39,
191,71,5000000,0,user_38,21,39,
1929,73,5000000,0,user_39,29,39,
1914,90,4999999,0,user_23,29,39,177
2179,82,4999999,0,user_9,30,39,177
2180,83,4999999,0,user_9,30,39,177
2182,84,4999999,0,user_9,30,39,177
528,77,4999999,0,user_8,23,39,177
529,78,4999999,0,user_8,23,39,177
545,76,4999999,0,user_21,23,39,177
348,79,4999999,0,user_16,22,39,177
354,80,4999999,0,user_24,22,39,177
1593,75,4999999,0,user_7,28,39,177
2178,81,4999999,0,user_8,30,39,177
724,85,4999999,0,user_25,24,39,177
1894,86,4999999,0,user_4,29,39,177
1898,89,4999999,0,user_5,29,39,177
1913,92,4999999,0,user_22,29,39,177
1901,87,4999999,0,user_10,29,39,177
1909,88,4999999,0,user_18,29,39,177
1916,91,4999999,0,user_24,29,39,177
3318,81,4500001,0,builder_17,34,34,732
732,94,4500000,16400,user_31,24,39,
2681,97,4200000,231000,user_36,32,39,
3319,84,4199999,0,builder_17,34,34,2681
55,99,4200000,33100,user_43,20,39,
3320,86,4199999,0,builder_17,34,34,55
343,98,4200001,0,user_10,22,37,55
341,97,4200001,0,user_8,22,37,55
169,96,4200001,0,user_17,21,36,55
156,95,4200001,0,user_9,21,36,55
162,99,4200001,0,user_13,21,37,55
163,94,4200001,0,user_13,21,36,55
1151,98,4200000,0,user_34,26,36,
552,97,4200000,0,user_34,23,36,
362,97,4200000,0,user_32,22,35,
1634,98,4200000,0,user_39,28,35,
1622,99,4200000,0,user_28,28,36,
344,99,4199999,0,user_11,22,35,55
340,99,4199999,0,user_8,22,34,55
2919,1,43000000,56200,user_39,33,39,
3552,1,42999999,0,builder_17,35,35,2919
2678,4,43000000,0,user_34,32,39,
11,2,43000000,0,user_9,20,39,
1627,3,43000000,0,user_29,28,39,
1370,5,30000000,0,user_29,27,39,
735,7,30000000,0,user_35,24,39,
1931,8,30000000,0,user_41,29,39,
2214,6,30000000,0,user_38,30,39,
358,9,27000000,0,user_28,22,39,
1926,10,27000000,0,user_34,29,39,
2677,11,27000000,0,user_32,32,39,
2217,12,19000000,0,user_40,30,39,
2449,13,19000000,0,user_32,31,39,
727,18,170000,17700000,user_27,24,39,
3553,15,169999,0,builder_17,35,35,727
3554,16,3500001,0,builder_17,35,35,1618
1618,20,3500000,7190000,user_27,28,39,
46,22,6300000,7840,user_34,20,39,
3555,19,6299999,0,builder_17,35,35,46
164,23,6300001,0,user_14,21,39,46
1147,25,6300000,0,user_31,26,39,
1640,27,6300000,0,user_44,28,39,
187,28,6300000,0,user_33,21,39,
166,29,6299999,0,user_16,21,39,46
152,30,6299999,0,user_6,21,39,46
165,31,6299999,0,user_14,21,39,46
1158,32,6100000,0,user_47,26,39,
51,33,6100000,0,user_40,20,39,
43,34,6100000,0,user_33,20,39,
1626,35,6100000,0,user_29,28,39,
3556,31,5000001,0,builder_17,35,35,177
177,36,5000000,381000,user_27,21,39,
908,41,5200000,0,user_27,25,39,
2226,40,5200000,0,user_49,30,39,
3557,35,5000001,0,builder_17,35,35,1384
1384,45,5000000,13900,user_45,27,39,
3558,37,5000001,0,builder_17,35,35,1380
1380,47,5000000,6390,user_41,27,39,
1124,48,5000001,0,user_10,26,39,177
1905,49,5000001,0,user_13,29,39,177
547,50,5000001,0,user_26,23,39,177
538,51,5000001,0,user_17,23,39,177
345,52,5000001,0,user_12,22,39,177
353,53,5000001,0,user_24,22,39,177
2184,54,5000001,0,user_11,30,39,177
719,58,5000001,0,user_19,24,39,177
714,59,5000001,0,user_15,24,39,177
883,60,5000001,0,user_0,25,39,177
1617,61,5000001,0,user_26,28,39,177
1911,62,5000001,0,user_20,29,39,177
1910,63,5000001,0,user_18,29,39,177
2168,55,5000001,0,user_0,30,39,177
2181,56,5000001,0,user_9,30,39,177
2183,57,5000001,0,user_9,30,39,177
1917,64,5000001,0,user_24,29,39,177
349,65,5000001,0,user_19,22,39,177
2913,74,5000000,0,user_34,33,39,
1377,69,5000000,0,user_37,27,39,
731,70,5000000,0,user_30,24,39,
191,71,5000000,0,user_38,21,39,
749,72,5000000,0,user_47,24,39,
1929,73,5000000,0,user_39,29,39,
1593,75,4999999,0,user_7,28,39,177
545,76,4999999,0,user_21,23,39,177
528,77,4999999,0,user_8,23,39,177
529,78,4999999,0,user_8,23,39,177
348,79,4999999,0,user_16,22,39,177
354,80,4999999,0,user_24,22,39,177
2178,81,4999999,0,user_8,30,39,177
724,85,4999999,0,user_25,24,39,177
1894,86,4999999,0,user_4,29,39,177
1901,87,4999999,0,user_10,29,39,177
1909,88,4999999,0,user_18,29,39,177
1898,89,4999999,0,user_5,29,39,177
1914,90,4999999,0,user_23,29,39,177
2179,82,4999999,0,user_9,30,39,177
2180,83,4999999,0,user_9,30,39,177
2182,84,4999999,0,user_9,30,39,177
1916,91,4999999,0,user_24,29,39,177
1913,92,4999999,0,user_22,29,39,177
732,94,4500000,16400,user_31,24,39,
3559,82,4499999,0,builder_17,35,35,732
3378,95,4500000,0,user_42,35,39,
2681,97,4200000,231000,user_36,32,39,
3560,85,4199999,0,builder_17,35,35,2681
3561,86,4200001,0,builder_17,35,35,55
55,99,4200000,33100,user_43,20,39,
343,98,4200001,0,user_10,22,37,55
341,97,4200001,0,user_8,22,37,55
156,95,4200001,0,user_9,21,36,55
162,99,4200001,0,user_13,21,37,55
163,94,4200001,0,user_13,21,36,55
169,96,4200001,0,user_17,21,36,55
552,97,4200000,0,user_34,23,36,
1151,98,4200000,0,user_34,26,36,
1622,99,4200000,0,user_28,28,36,
362,97,4200000,0,user_32,22,35,
1634,98,4200000,0,user_39,28,35,
344,99,4199999,0,user_11,22,35,55
3811,0,43000001,0,builder_17,36,36,2919
2919,1,43000000,56200,user_39,33,39,
2678,4,43000000,0,user_34,32,39,
1627,3,43000000,0,user_29,28,39,
11,2,43000000,0,user_9,20,39,
1370,5,30000000,0,user_29,27,39,
735,7,30000000,0,user_35,24,39,
1931,8,30000000,0,user_41,29,39,
2214,6,30000000,0,user_38,30,39,
2677,11,27000000,0,user_32,32,39,
358,9,27000000,0,user_28,22,39,
1926,10,27000000,0,user_34,29,39,
2217,12,19000000,0,user_40,30,39,
2449,13,19000000,0,user_32,31,39,
3812,14,170001,0,builder_17,36,36,727
727,18,170000,17700000,user_27,24,39,
3813,16,3500001,0,builder_17,36,36,1618
1618,20,3500000,7190000,user_27,28,39,
3814,18,6300001,0,builder_17,36,36,46
46,22,6300000,7840,user_34,20,39,
164,23,6300001,0,user_14,21,39,46
1147,25,6300000,0,user_31,26,39,
1640,27,6300000,0,user_44,28,39,
187,28,6300000,0,user_33,21,39,
166,29,6299999,0,user_16,21,39,46
152,30,6299999,0,user_6,21,39,46
165,31,6299999,0,user_14,21,39,46
51,33,6100000,0,user_40,20,39,
1158,32,6100000,0,user_47,26,39,
1626,35,6100000,0,user_29,28,39,
43,34,6100000,0,user_33,20,39,
3815,31,5000001,0,builder_17,36,36,177
177,36,5000000,381000,user_27,21,39,
3380,38,5000000,215000,user_43,35,39,
3816,34,4999999,0,builder_17,36,36,3380
908,41,5200000,0,user_27,25,39,
2226,40,5200000,0,user_49,30,39,
1384,45,5000000,13900,user_45,27,39,
3817,38,4999999,0,builder_17,36,36,1384
1380,47,5000000,6390,user_41,27,39,
3818,40,4999999,0,builder_17,36,36,1380
1905,49,5000001,0,user_13,29,39,177
2184,54,5000001,0,user_11,30,39,177
1124,48,5000001,0,user_10,26,39,177
538,51,5000001,0,user_17,23,39,177
547,50,5000001,0,user_26,23,39,177
345,52,5000001,0,user_12,22,39,177
353,53,5000001,0,user_24,22,39,177
1617,61,5000001,0,user_26,28,39,177
1911,62,5000001,0,user_20,29,39,177
719,58,5000001,0,user_19,24,39,177
714,59,5000001,0,user_15,24,39,177
883,60,5000001,0,user_0,25,39,177
1910,63,5000001,0,user_18,29,39,177
1917,64,5000001,0,user_24,29,39,177
2168,55,5000001,0,user_0,30,39,177
2181,56,5000001,0,user_9,30,39,177
2183,57,5000001,0,user_9,30,39,177
349,65,5000001,0,user_19,22,39,177
2913,74,5000000,0,user_34,33,39,
1377,69,5000000,0,user_37,27,39,
731,70,5000000,0,user_30,24,39,
749,72,5000000,0,user_47,24,39,
191,71,5000000,0,user_38,21,39,
1929,73,5000000,0,user_39,29,39,
3625,68,5000000,0,user_42,36,39,
1593,75,4999999,0,user_7,28,39,177
545,76,4999999,0,user_21,23,39,177
528,77,4999999,0,user_8,23,39,177
529,78,4999999,0,user_8,23,39,177
348,79,4999999,0,user_16,22,39,177
354,80,4999999,0,user_24,22,39,177
2178,81,4999999,0,user_8,30,39,177
1894,86,4999999,0,user_4,29,39,177
1898,89,4999999,0,user_5,29,39,177
1901,87,4999999,0,user_10,29,39,177
724,85,4999999,0,user_25,24,39,177
1913,92,4999999,0,user_22,29,39,177
1909,88,4999999,0,user_18,29,39,177
1914,90,4999999,0,user_23,29,39,177
1916,91,4999999,0,user_24,29,39,177
2179,82,4999999,0,user_9,30,39,177
2180,83,4999999,0,user_9,30,39,177
2182,84,4999999,0,user_9,30,39,177
732,94,4500000,16400,user_31,24,39,
3819,85,4499999,0,builder_17,36,36,732
3378,95,4500000,0,user_42,35,39,
2681,97,4200000,231000,user_36,32,39,
3820,88,4199999,0,builder_17,36,36,2681
3821,89,4200001,0,builder_17,36,36,55
55,99,4200000,33100,user_43,20,39,
343,98,4200001,0,user_10,22,37,55
341,97,4200001,0,user_8,22,37,55
162,99,4200001,0,user_13,21,37,55
163,94,4200001,0,user_13,21,36,55
156,95,4200001,0,user_9,21,36,55
169,96,4200001,0,user_17,21,36,55
552,97,4200000,0,user_34,23,36,
1151,98,4200000,0,user_34,26,36,
1622,99,4200000,0,user_28,28,36,
4091,0,43000001,0,builder_17,37,37,2919
2919,1,43000000,56200,user_39,33,39,
1627,3,43000000,0,user_29,28,39,
11,2,43000000,0,user_9,20,39,
2678,4,43000000,0,user_34,32,39,
1370,5,30000000,0,user_29,27,39,
1931,8,30000000,0,user_41,29,39,
735,7,30000000,0,user_35,24,39,
2214,6,30000000,0,user_38,30,39,
1926,10,27000000,0,user_34,29,39,
358,9,27000000,0,user_28,22,39,
2677,11,27000000,0,user_32,32,39,
2217,12,19000000,0,user_40,30,39,
2449,13,19000000,0,user_32,31,39,
4092,14,660001,0,builder_17,37,37,3875
3875,15,660000,17700000,user_31,37,39,
727,18,170000,17700000,user_27,24,39,
4093,17,169999,0,builder_17,37,37,727
4094,18,3500001,0,builder_17,37,37,1618
1618,20,3500000,7190000,user_27,28,39,
4095,20,6300001,0,builder_17,37,37,46
46,22,6300000,7840,user_34,20,39,
164,23,6300001,0,user_14,21,39,46
1147,25,6300000,0,user_31,26,39,
1640,27,6300000,0,user_44,28,39,
187,28,6300000,0,user_33,21,39,
3876,24,6300000,0,user_31,37,39,
166,29,6299999,0,user_16,21,39,46
152,30,6299999,0,user_6,21,39,46
165,31,6299999,0,user_14,21,39,46
1158,32,6100000,0,user_47,26,39,
51,33,6100000,0,user_40,20,39,
1626,35,6100000,0,user_29,28,39,
43,34,6100000,0,user_33,20,39,
4096,34,5000001,0,builder_17,37,37,177
177,36,5000000,381000,user_27,21,39,
4097,36,5000001,0,builder_17,37,37,3380
3380,38,5000000,215000,user_43,35,39,
908,41,5200000,0,user_27,25,39,
2226,40,5200000,0,user_49,30,39,
4098,40,5000001,0,builder_17,37,37,3874
3874,43,5000000,14200,user_30,37,39,
4099,42,5000001,0,builder_17,37,37,1384
1384,45,5000000,13900,user_45,27,39,
1380,47,5000000,6390,user_41,27,39,
4100,45,4999999,0,builder_17,37,37,1380
2184,54,5000001,0,user_11,30,39,177
1905,49,5000001,0,user_13,29,39,177
1124,48,5000001,0,user_10,26,39,177
345,52,5000001,0,user_12,22,39,177
353,53,5000001,0,user_24,22,39,177
547,50,5000001,0,user_26,23,39,177
538,51,5000001,0,user_17,23,39,177
1617,61,5000001,0,user_26,28,39,177
1911,62,5000001,0,user_20,29,39,177
1910,63,5000001,0,user_18,29,39,177
1917,64,5000001,0,user_24,29,39,177
2168,55,5000001,0,user_0,30,39,177
883,60,5000001,0,user_0,25,39,177
719,58,5000001,0,user_19,24,39,177
714,59,5000001,0,user_15,24,39,177
2181,56,5000001,0,user_9,30,39,177
2183,57,5000001,0,user_9,30,39,177
349,65,5000001,0,user_19,22,39,177
3625,68,5000000,0,user_42,36,39,
1377,69,5000000,0,user_37,27,39,
731,70,5000000,0,user_30,24,39,
1929,73,5000000,0,user_39,29,39,
749,72,5000000,0,user_47,24,39,
191,71,5000000,0,user_38,21,39,
2913,74,5000000,0,user_34,33,39,
3882,66,5000000,0,user_35,37,39,
2178,81,4999999,0,user_8,30,39,177
348,79,4999999,0,user_16,22,39,177
354,80,4999999,0,user_24,22,39,177
528,77,4999999,0,user_8,23,39,177
529,78,4999999,0,user_8,23,39,177
545,76,4999999,0,user_21,23,39,177
1593,75,4999999,0,user_7,28,39,177
1894,86,4999999,0,user_4,29,39,177
1898,89,4999999,0,user_5,29,39,177
1913,92,4999999,0,user_22,29,39,177
1901,87,4999999,0,user_10,29,39,177
1909,88,4999999,0,user_18,29,39,177
1914,90,4999999,0,user_23,29,39,177
1916,91,4999999,0,user_24,29,39,177
724,85,4999999,0,user_25,24,39,177
2179,82,4999999,0,user_9,30,39,177
2180,83,4999999,0,user_9,30,39,177
2182,84,4999999,0,user_9,30,39,177
732,94,4500000,16400,user_31,24,39,
4101,91,4499999,0,builder_17,37,37,732
3378,95,4500000,0,user_42,35,39,
4102,93,4200001,0,builder_17,37,37,2681
2681,97,4200000,231000,user_36,32,39,
4103,95,4200001,0,builder_17,37,37,55
55,99,4200000,33100,user_43,20,39,
341,97,4200001,0,user_8,22,37,55
343,98,4200001,0,user_10,22,37,55
162,99,4200001,0,user_13,21,37,55
4386,0,43000001,0,builder_17,38,38,2919
2919,1,43000000,56200,user_39,33,39,
11,2,43000000,0,user_9,20,39,
1627,3,43000000,0,user_29,28,39,
2678,4,43000000,0,user_34,32,39,
1370,5,30000000,0,user_29,27,39,
2214,6,30000000,0,user_38,30,39,
1931,8,30000000,0,user_41,29,39,
735,7,30000000,0,user_35,24,39,
1926,10,27000000,0,user_34,29,39,
358,9,27000000,0,user_28,22,39,
2677,11,27000000,0,user_32,32,39,
2217,12,19000000,0,user_40,30,39,
2449,13,19000000,0,user_32,31,39,
3875,15,660000,17700000,user_31,37,39,
4387,15,659999,0,builder_17,38,38,3875
4388,16,170001,0,builder_17,38,38,727
727,18,170000,17700000,user_27,24,39,
1618,20,3500000,7190000,user_27,28,39,
4389,19,3499999,0,builder_17,38,38,1618
4390,20,6300001,0,builder_17,38,38,46
46,22,6300000,7840,user_34,20,39,
164,23,6300001,0,user_14,21,39,46
1147,25,6300000,0,user_31,26,39,
3876,24,6300000,0,user_31,37,39,
187,28,6300000,0,user_33,21,39,
1640,27,6300000,0,user_44,28,39,
4166,26,6300000,0,user_45,38,39,
166,29,6299999,0,user_16,21,39,46
152,30,6299999,0,user_6,21,39,46
165,31,6299999,0,user_14,21,39,46
1158,32,6100000,0,user_47,26,39,
51,33,6100000,0,user_40,20,39,
43,34,6100000,0,user_33,20,39,
1626,35,6100000,0,user_29,28,39,
177,36,5000000,381000,user_27,21,39,
4391,36,4999999,0,builder_17,38,38,177
4392,37,5000001,0,builder_17,38,38,3380
3380,38,5000000,215000,user_43,35,39,
2226,40,5200000,0,user_49,30,39,
908,41,5200000,0,user_27,25,39,
4393,41,5000001,0,builder_17,38,38,4151
4151,42,5000000,36800,user_34,38,38,
4394,43,5000001,0,builder_17,38,38,3874
3874,43,5000000,14200,user_30,37,39,
1384,45,5000000,13900,user_45,27,39,
4395,46,4999999,0,builder_17,38,38,1384
1380,47,5000000,6390,user_41,27,39,
4396,48,4999999,0,builder_17,38,38,1380
2184,54,5000001,0,user_11,30,39,177
1905,49,5000001,0,user_13,29,39,177
1124,48,5000001,0,user_10,26,39,177
538,51,5000001,0,user_17,23,39,177
547,50,5000001,0,user_26,23,39,177
345,52,5000001,0,user_12,22,39,177
353,53,5000001,0,user_24,22,39,177
2168,55,5000001,0,user_0,30,39,177
2181,56,5000001,0,user_9,30,39,177
2183,57,5000001,0,user_9,30,39,177
1910,63,5000001,0,user_18,29,39,177
1917,64,5000001,0,user_24,29,39,177
1911,62,5000001,0,user_20,29,39,177
714,59,5000001,0,user_15,24,39,177
883,60,5000001,0,user_0,25,39,177
719,58,5000001,0,user_19,24,39,177
1617,61,5000001,0,user_26,28,39,177
349,65,5000001,0,user_19,22,39,177
3625,68,5000000,0,user_42,36,39,
3882,66,5000000,0,user_35,37,39,
1377,69,5000000,0,user_37,27,39,
731,70,5000000,0,user_30,24,39,
3888,67,5000000,0,user_38,37,39,
1929,73,5000000,0,user_39,29,39,
749,72,5000000,0,user_47,24,39,
191,71,5000000,0,user_38,21,39,
2913,74,5000000,0,user_34,33,39,
2178,81,4999999,0,user_8,30,39,177
528,77,4999999,0,user_8,23,39,177
529,78,4999999,0,user_8,23,39,177
545,76,4999999,0,user_21,23,39,177
348,79,4999999,0,user_16,22,39,177
354,80,4999999,0,user_24,22,39,177
1593,75,4999999,0,user_7,28,39,177
1898,89,4999999,0,user_5,29,39,177
2179,82,4999999,0,user_9,30,39,177
2180,83,4999999,0,user_9,30,39,177
2182,84,4999999,0,user_9,30,39,177
1894,86,4999999,0,user_4,29,39,177
1909,88,4999999,0,user_18,29,39,177
1914,90,4999999,0,user_23,29,39,177
1916,91,4999999,0,user_24,29,39,177
1913,92,4999999,0,user_22,29,39,177
1901,87,4999999,0,user_10,29,39,177
724,85,4999999,0,user_25,24,39,177
732,94,4500000,16400,user_31,24,39,
4397,95,4499999,0,builder_17,38,38,732
3378,95,4500000,0,user_42,35,39,
2681,97,4200000,231000,user_36,32,39,
4398,98,4199999,0,builder_17,38,38,2681
55,99,4200000,33100,user_43,20,39,
4687,0,43000001,0,builder_17,39,39,2919
2919,1,43000000,56200,user_39,33,39,
11,2,43000000,0,user_9,20,39,
1627,3,43000000,0,user_29,28,39,
2678,4,43000000,0,user_34,32,39,
1370,5,30000000,0,user_29,27,39,
2214,6,30000000,0,user_38,30,39,
735,7,30000000,0,user_35,24,39,
1931,8,30000000,0,user_41,29,39,
358,9,27000000,0,user_28,22,39,
1926,10,27000000,0,user_34,29,39,
2677,11,27000000,0,user_32,32,39,
2217,12,19000000,0,user_40,30,39,
2449,13,19000000,0,user_32,31,39,
4445,14,19000000,0,user_36,39,39,
3875,15,660000,17700000,user_31,37,39,
4688,16,659999,0,builder_17,39,39,3875
4689,17,170001,0,builder_17,39,39,727
727,18,170000,17700000,user_27,24,39,
4690,19,3500001,0,builder_17,39,39,1618
1618,20,3500000,7190000,user_27,28,39,
4691,21,6300001,0,builder_17,39,39,46
46,22,6300000,7840,user_34,20,39,
164,23,6300001,0,user_14,21,39,46
3876,24,6300000,0,user_31,37,39,
1147,25,6300000,0,user_31,26,39,
4166,26,6300000,0,user_45,38,39,
1640,27,6300000,0,user_44,28,39,
187,28,6300000,0,user_33,21,39,
166,29,6299999,0,user_16,21,39,46
152,30,6299999,0,user_6,21,39,46
165,31,6299999,0,user_14,21,39,46
1158,32,6100000,0,user_47,26,39,
51,33,6100000,0,user_40,20,39,
43,34,6100000,0,user_33,20,39,
1626,35,6100000,0,user_29,28,39,
177,36,5000000,381000,user_27,21,39,
4692,37,4999999,0,builder_17,39,39,177
3380,38,5000000,215000,user_43,35,39,
4693,39,4999999,0,builder_17,39,39,3380
2226,40,5200000,0,user_49,30,39,
908,41,5200000,0,user_27,25,39,
4694,42,5000001,0,builder_17,39,39,3874
3874,43,5000000,14200,user_30,37,39,
4695,44,5000001,0,builder_17,39,39,1384
1384,45,5000000,13900,user_45,27,39,
4696,46,5000001,0,builder_17,39,39,1380
1380,47,5000000,6390,user_41,27,39,
1124,48,5000001,0,user_10,26,39,177
1905,49,5000001,0,user_13,29,39,177
547,50,5000001,0,user_26,23,39,177
538,51,5000001,0,user_17,23,39,177
345,52,5000001,0,user_12,22,39,177
353,53,5000001,0,user_24,22,39,177
2184,54,5000001,0,user_11,30,39,177
2168,55,5000001,0,user_0,30,39,177
2181,56,5000001,0,user_9,30,39,177
2183,57,5000001,0,user_9,30,39,177
719,58,5000001,0,user_19,24,39,177
714,59,5000001,0,user_15,24,39,177
883,60,5000001,0,user_0,25,39,177
1617,61,5000001,0,user_26,28,39,177
1911,62,5000001,0,user_20,29,39,177
1910,63,5000001,0,user_18,29,39,177
1917,64,5000001,0,user_24,29,39,177
349,65,5000001,0,user_19,22,39,177
3882,66,5000000,0,user_35,37,39,
3888,67,5000000,0,user_38,37,39,
3625,68,5000000,0,user_42,36,39,
1377,69,5000000,0,user_37,27,39,
731,70,5000000,0,user_30,24,39,
191,71,5000000,0,user_38,21,39,
749,72,5000000,0,user_47,24,39,
1929,73,5000000,0,user_39,29,39,
2913,74,5000000,0,user_34,33,39,
1593,75,4999999,0,user_7,28,39,177
545,76,4999999,0,user_21,23,39,177
528,77,4999999,0,user_8,23,39,177
529,78,4999999,0,user_8,23,39,177
348,79,4999999,0,user_16,22,39,177
354,80,4999999,0,user_24,22,39,177
2178,81,4999999,0,user_8,30,39,177
2179,82,4999999,0,user_9,30,39,177
2180,83,4999999,0,user_9,30,39,177
2182,84,4999999,0,user_9,30,39,177
724,85,4999999,0,user_25,24,39,177
1894,86,4999999,0,user_4,29,39,177
1901,87,4999999,0,user_10,29,39,177
1909,88,4999999,0,user_18,29,39,177
1898,89,4999999,0,user_5,29,39,177
1914,90,4999999,0,user_23,29,39,177
1916,91,4999999,0,user_24,29,39,177
1913,92,4999999,0,user_22,29,39,177
4697,93,4500001,0,builder_17,39,39,732
732,94,4500000,16400,user_31,24,39,
3378,95,4500000,0,user_42,35,39,
4698,96,4200001,0,builder_17,39,39,2681
2681,97,4200000,231000,user_36,32,39,
4699,98,4200001,0,builder_17,39,39,55
55,99,4200000,33100,user_43,20,39,
11,2,43000000,0,user_9,40,59,
46,22,6300000,7840,user_34,40,59,
128,2,6299999,0,builder_17,40,40,46
43,34,6100000,0,user_33,40,59,
51,33,6100000,0,user_40,40,59,
38,96,3200000,21800,user_30,40,49,
129,6,3199999,0,builder_17,40,40,38
15,86,2600000,0,user_11,40,48,
61,87,2600000,0,user_46,40,48,
42,88,2500000,0,user_32,40,48,
44,96,2000000,322000,user_33,40,48,
130,11,1999999,0,builder_17,40,40,44
45,98,2300000,0,user_33,40,48,
10,94,2000000,0,user_8,40,46,
39,98,1500000,0,user_30,40,44,
66,90,1300000,0,user_49,40,43,
37,94,1200000,0,user_28,40,43,
60,93,1200000,0,user_45,40,43,
13,95,1100000,0,user_11,40,43,
65,97,1000000,0,user_48,40,43,
5,99,660000,14200,user_4,40,43,
131,21,659999,0,builder_17,40,40,5
17,84,660001,0,user_14,40,42,5
6,86,660001,0,user_5,40,42,5
8,87,660001,0,user_5,40,42,5
21,91,660001,0,user_17,40,42,5
23,92,660001,0,user_18,40,42,5
24,93,660001,0,user_18,40,42,5
25,94,660001,0,user_18,40,42,5
31,89,660001,0,user_25,40,42,5
32,90,660001,0,user_25,40,42,5
19,85,660001,0,user_15,40,42,5
29,88,660001,0,user_22,40,42,5
16,95,659999,0,user_14,40,42,5
7,96,659999,0,user_5,40,42,5
22,99,659999,0,user_18,40,42,5
26,86,659999,0,user_18,40,41,5
33,97,659999,0,user_26,40,42,5
34,98,659999,0,user_26,40,42,5
48,87,420000,0,user_35,40,41,
12,89,310000,0,user_11,40,41,
4,95,260000,0,user_4,40,41,
14,96,220000,0,user_11,40,41,
41,97,220000,0,user_32,40,41,
63,98,220000,0,user_47,40,41,
132,45,150001,0,builder_17,40,40,1
1,99,150000,39400,user_1,40,41,
64,47,160000,0,user_48,40,40,
49,48,160000,0,user_36,40,40,
53,49,160000,0,user_42,40,40,
2,50,150001,0,user_2,40,40,1
9,51,150001,0,user_7,40,40,1
18,52,150001,0,user_15,40,40,1
3,53,149999,0,user_3,40,40,1
20,54,149999,0,user_16,40,40,1
30,55,149999,0,user_23,40,40,1
28,56,149999,0,user_20,40,40,1
50,57,130000,0,user_39,40,40,
52,58,110000,0,user_41,40,40,
40,59,87000,0,user_31,40,40,
62,60,82000,0,user_46,40,40,
0,61,80000,0,user_1,40,40,
54,62,77000,0,user_42,40,40,
47,63,70000,0,user_34,40,40,
11,2,43000000,0,user_9,40,59,
46,22,6300000,7840,user_34,40,59,
323,2,6299999,0,builder_18,41,41,46
164,23,6300001,0,user_14,41,59,46
187,28,6300000,0,user_33,41,59,
165,31,6299999,0,user_14,41,59,46
166,29,6299999,0,user_16,41,59,46
152,30,6299999,0,user_6,41,59,46
51,33,6100000,0,user_40,40,59,
43,34,6100000,0,user_33,40,59,
324,10,5000001,0,builder_18,41,41,177
177,36,5000000,381000,user_27,41,59,
55,99,4200000,33100,user_43,40,59,
325,13,4199999,0,builder_18,41,41,55
156,95,4200001,0,user_9,41,56,55
162,99,4200001,0,user_13,41,57,55
163,94,4200001,0,user_13,41,56,55
169,96,4200001,0,user_17,41,56,55
171,98,4199999,0,user_20,41,53,55
159,99,4199999,0,user_13,41,53,55
176,99,4199999,0,user_26,41,52,55
326,21,3200001,0,builder_18,41,41,38
38,96,3200000,21800,user_30,40,49,
144,77,3200001,0,user_4,41,48,38
142,81,3199999,0,user_3,41,48,38
143,82,3199999,0,user_3,41,48,38
174,83,3199999,0,user_23,41,48,38
15,86,2600000,0,user_11,40,48,
61,87,2600000,0,user_46,40,48,
199,84,2600000,0,user_47,41,48,
42,88,2500000,0,user_32,40,48,
327,31,2000001,0,builder_18,41,41,44
44,96,2000000,322000,user_33,40,48,
45,98,2300000,0,user_33,40,48,
36,97,2300000,0,user_27,40,48,
154,96,2000001,0,user_7,41,47,44
172,94,2000001,0,user_21,41,47,44
145,97,2000001,0,user_5,41,47,44
149,98,2000001,0,user_5,41,47,44
151,95,2000001,0,user_6,41,47,44
173,99,2000001,0,user_22,41,47,44
10,94,2000000,0,user_8,40,46,
140,98,1999999,0,user_2,41,46,44
158,93,1999999,0,user_10,41,45,44
139,91,1999999,0,user_0,41,45,44
160,94,1999999,0,user_13,41,45,44
161,95,1999999,0,user_13,41,45,44
167,96,1999999,0,user_17,41,45,44
147,99,1999999,0,user_5,41,46,44
150,97,1999999,0,user_6,41,45,44
153,98,1999999,0,user_6,41,45,44
175,99,1999999,0,user_26,41,45,44
196,92,1800000,0,user_44,41,44,
181,93,1600000,0,user_30,41,44,
194,94,1600000,0,user_42,41,44,
39,98,1500000,0,user_30,40,44,
200,97,1500000,0,user_48,41,44,
185,99,1500000,0,user_32,41,44,
35,86,1400000,0,user_27,40,43,
56,87,1400000,0,user_43,40,43,
198,88,1400000,0,user_46,41,43,
66,90,1300000,0,user_49,40,43,
37,94,1200000,0,user_28,40,43,
60,93,1200000,0,user_45,40,43,
197,92,1200000,0,user_45,41,43,
13,95,1100000,0,user_11,40,43,
65,97,1000000,0,user_48,40,43,
328,67,660001,0,builder_18,41,41,5
5,99,660000,14200,user_4,40,43,
6,86,660001,0,user_5,40,42,5
8,87,660001,0,user_5,40,42,5
27,83,660001,0,user_19,40,42,5
17,84,660001,0,user_14,40,42,5
19,85,660001,0,user_15,40,42,5
29,88,660001,0,user_22,40,42,5
31,89,660001,0,user_25,40,42,5
32,90,660001,0,user_25,40,42,5
21,91,660001,0,user_17,40,42,5
23,92,660001,0,user_18,40,42,5
24,93,660001,0,user_18,40,42,5
25,94,660001,0,user_18,40,42,5
7,96,659999,0,user_5,40,42,5
16,95,659999,0,user_14,40,42,5
33,97,659999,0,user_26,40,42,5
34,98,659999,0,user_26,40,42,5
22,99,659999,0,user_18,40,42,5
26,86,659999,0,user_18,40,41,5
48,87,420000,0,user_35,40,41,
183,88,340000,0,user_32,41,41,
12,89,310000,0,user_11,40,41,
193,90,310000,0,user_40,41,41,
329,91,260001,0,builder_18,41,41,192
192,92,260000,21800,user_39,41,41,
57,93,110000,164000,user_43,40,41,
330,94,109999,0,builder_18,41,41,57
4,95,260000,0,user_4,40,41,
14,96,220000,0,user_11,40,41,
41,97,220000,0,user_32,40,41,
63,98,220000,0,user_47,40,41,
1,99,150000,39400,user_1,40,41,
11,2,43000000,0,user_9,40,59,
46,22,6300000,7840,user_34,40,59,
514,2,6299999,0,builder_18,42,42,46
164,23,6300001,0,user_14,41,59,46
187,28,6300000,0,user_33,41,59,
152,30,6299999,0,user_6,41,59,46
165,31,6299999,0,user_14,41,59,46
166,29,6299999,0,user_16,41,59,46
43,34,6100000,0,user_33,40,59,
51,33,6100000,0,user_40,40,59,
345,52,5000001,0,user_12,42,59,177
353,53,5000001,0,user_24,42,59,177
191,71,5000000,0,user_38,41,59,
348,79,4999999,0,user_16,42,59,177
354,80,4999999,0,user_24,42,59,177
55,99,4200000,33100,user_43,40,59,
515,16,4199999,0,builder_18,42,42,55
162,99,4200001,0,user_13,41,57,55
163,94,4200001,0,user_13,41,56,55
156,95,4200001,0,user_9,41,56,55
169,96,4200001,0,user_17,41,56,55
343,98,4200001,0,user_10,42,57,55
341,97,4200001,0,user_8,42,57,55
362,97,4200000,0,user_32,42,55,
159,99,4199999,0,user_13,41,53,55
171,98,4199999,0,user_20,41,53,55
176,99,4199999,0,user_26,41,52,55
344,99,4199999,0,user_11,42,55,55
340,99,4199999,0,user_8,42,54,55
38,96,3200000,21800,user_30,40,49,
516,30,3199999,0,builder_18,42,42,38
144,77,3200001,0,user_4,41,48,38
142,81,3199999,0,user_3,41,48,38
143,82,3199999,0,user_3,41,48,38
174,83,3199999,0,user_23,41,48,38
15,86,2600000,0,user_11,40,48,
61,87,2600000,0,user_46,40,48,
199,84,2600000,0,user_47,41,48,
42,88,2500000,0,user_32,40,48,
369,93,2400000,0,user_42,42,48,
44,96,2000000,322000,user_33,40,48,
517,41,1999999,0,builder_18,42,42,44
45,98,2300000,0,user_33,40,48,
36,97,2300000,0,user_27,40,48,
145,97,2000001,0,user_5,41,47,44
149,98,2000001,0,user_5,41,47,44
151,95,2000001,0,user_6,41,47,44
154,96,2000001,0,user_7,41,47,44
172,94,2000001,0,user_21,41,47,44
173,99,2000001,0,user_22,41,47,44
355,89,2000001,0,user_25,42,46,44
10,94,2000000,0,user_8,40,46,
140,98,1999999,0,user_2,41,46,44
147,99,1999999,0,user_5,41,46,44
158,93,1999999,0,user_10,41,45,44
160,94,1999999,0,user_13,41,45,44
161,95,1999999,0,user_13,41,45,44
150,97,1999999,0,user_6,41,45,44
153,98,1999999,0,user_6,41,45,44
139,91,1999999,0,user_0,41,45,44
175,99,1999999,0,user_26,41,45,44
167,96,1999999,0,user_17,41,45,44
338,88,1999999,0,user_6,42,45,44
196,92,1800000,0,user_44,41,44,
194,94,1600000,0,user_42,41,44,
181,93,1600000,0,user_30,41,44,
39,98,1500000,0,user_30,40,44,
185,99,1500000,0,user_32,41,44,
200,97,1500000,0,user_48,41,44,
35,86,1400000,0,user_27,40,43,
56,87,1400000,0,user_43,40,43,
198,88,1400000,0,user_46,41,43,
373,85,1400000,0,user_44,42,43,
66,90,1300000,0,user_49,40,43,
37,94,1200000,0,user_28,40,43,
60,93,1200000,0,user_45,40,43,
197,92,1200000,0,user_45,41,43,
13,95,1100000,0,user_11,40,43,
65,97,1000000,0,user_48,40,43,
5,99,660000,14200,user_4,40,43,
518,80,659999,0,builder_18,42,42,5
519,81,73001,0,builder_18,42,42,195
195,82,73000,594000,user_43,41,42,
27,83,660001,0,user_19,40,42,5
17,84,660001,0,user_14,40,42,5
19,85,660001,0,user_15,40,42,5
6,86,660001,0,user_5,40,42,5
8,87,660001,0,user_5,40,42,5
29,88,660001,0,user_22,40,42,5
31,89,660001,0,user_25,40,42,5
32,90,660001,0,user_25,40,42,5
21,91,660001,0,user_17,40,42,5
23,92,660001,0,user_18,40,42,5
24,93,660001,0,user_18,40,42,5
25,94,660001,0,user_18,40,42,5
16,95,659999,0,user_14,40,42,5
7,96,659999,0,user_5,40,42,5
33,97,659999,0,user_26,40,42,5
34,98,659999,0,user_26,40,42,5
22,99,659999,0,user_18,40,42,5
11,2,43000000,0,user_9,40,59,
358,9,27000000,0,user_28,42,59,
686,2,6300001,0,builder_17,43,43,46
46,22,6300000,7840,user_34,40,59,
164,23,6300001,0,user_14,41,59,46
187,28,6300000,0,user_33,41,59,
165,31,6299999,0,user_14,41,59,46
166,29,6299999,0,user_16,41,59,46
152,30,6299999,0,user_6,41,59,46
51,33,6100000,0,user_40,40,59,
43,34,6100000,0,user_33,40,59,
687,11,5000001,0,builder_17,43,43,177
177,36,5000000,381000,user_27,41,59,
345,52,5000001,0,user_12,42,59,177
353,53,5000001,0,user_24,42,59,177
349,65,5000001,0,user_19,42,59,177
538,51,5000001,0,user_17,43,59,177
547,50,5000001,0,user_26,43,59,177
191,71,5000000,0,user_38,41,59,
348,79,4999999,0,user_16,42,59,177
354,80,4999999,0,user_24,42,59,177
528,77,4999999,0,user_8,43,59,177
529,78,4999999,0,user_8,43,59,177
545,76,4999999,0,user_21,43,59,177
688,24,4200001,0,builder_17,43,43,55
55,99,4200000,33100,user_43,40,59,
156,95,4200001,0,user_9,41,56,55
343,98,4200001,0,user_10,42,57,55
341,97,4200001,0,user_8,42,57,55
162,99,4200001,0,user_13,41,57,55
163,94,4200001,0,user_13,41,56,55
169,96,4200001,0,user_17,41,56,55
362,97,4200000,0,user_32,42,55,
552,97,4200000,0,user_34,43,56,
344,99,4199999,0,user_11,42,55,55
340,99,4199999,0,user_8,42,54,55
159,99,4199999,0,user_13,41,53,55
176,99,4199999,0,user_26,41,52,55
171,98,4199999,0,user_20,41,53,55
38,96,3200000,21800,user_30,40,49,
689,40,3199999,0,builder_17,43,43,38
144,77,3200001,0,user_4,41,48,38
142,81,3199999,0,user_3,41,48,38
143,82,3199999,0,user_3,41,48,38
174,83,3199999,0,user_23,41,48,38
199,84,2600000,0,user_47,41,48,
61,87,2600000,0,user_46,40,48,
15,86,2600000,0,user_11,40,48,
42,88,2500000,0,user_32,40,48,
690,49,2400001,0,builder_17,43,43,553
553,91,2400000,18600,user_36,43,48,
369,93,2400000,0,user_42,42,48,
44,96,2000000,322000,user_33,40,48,
691,53,1999999,0,builder_17,43,43,44
36,97,2300000,0,user_27,40,48,
45,98,2300000,0,user_33,40,48,
355,89,2000001,0,user_25,42,46,44
154,96,2000001,0,user_7,41,47,44
172,94,2000001,0,user_21,41,47,44
145,97,2000001,0,user_5,41,47,44
149,98,2000001,0,user_5,41,47,44
151,95,2000001,0,user_6,41,47,44
173,99,2000001,0,user_22,41,47,44
539,91,2000001,0,user_17,43,47,44
10,94,2000000,0,user_8,40,46,
338,88,1999999,0,user_6,42,45,44
522,96,1999999,0,user_0,43,46,44
158,93,1999999,0,user_10,41,45,44
139,91,1999999,0,user_0,41,45,44
160,94,1999999,0,user_13,41,45,44
161,95,1999999,0,user_13,41,45,44
167,96,1999999,0,user_17,41,45,44
147,99,1999999,0,user_5,41,46,44
150,97,1999999,0,user_6,41,45,44
153,98,1999999,0,user_6,41,45,44
175,99,1999999,0,user_26,41,45,44
140,98,1999999,0,user_2,41,46,44
196,92,1800000,0,user_44,41,44,
371,96,1600000,0,user_43,42,44,
181,93,1600000,0,user_30,41,44,
194,94,1600000,0,user_42,41,44,
360,95,1600000,0,user_28,42,44,
200,97,1500000,0,user_48,41,44,
185,99,1500000,0,user_32,41,44,
39,98,1500000,0,user_30,40,44,
373,85,1400000,0,user_44,42,43,
35,86,1400000,0,user_27,40,43,
56,87,1400000,0,user_43,40,43,
198,88,1400000,0,user_46,41,43,
359,89,1400000,0,user_28,42,43,
66,90,1300000,0,user_49,40,43,
556,91,1300000,0,user_40,43,43,
197,92,1200000,0,user_45,41,43,
60,93,1200000,0,user_45,40,43,
37,94,1200000,0,user_28,40,43,
13,95,1100000,0,user_11,40,43,
560,96,1100000,0,user_46,43,43,
65,97,1000000,0,user_48,40,43,
692,98,660001,0,builder_17,43,43,5
5,99,660000,14200,user_4,40,43,
11,2,43000000,0,user_9,40,59,
735,7,30000000,0,user_35,44,59,
358,9,27000000,0,user_28,42,59,
46,22,6300000,7840,user_34,40,59,
866,4,6299999,0,builder_17,44,44,46
164,23,6300001,0,user_14,41,59,46
187,28,6300000,0,user_33,41,59,
152,30,6299999,0,user_6,41,59,46
165,31,6299999,0,user_14,41,59,46
166,29,6299999,0,user_16,41,59,46
43,34,6100000,0,user_33,40,59,
51,33,6100000,0,user_40,40,59,
177,36,5000000,381000,user_27,41,59,
867,13,4999999,0,builder_17,44,44,177
349,65,5000001,0,user_19,42,59,177
538,51,5000001,0,user_17,43,59,177
547,50,5000001,0,user_26,43,59,177
353,53,5000001,0,user_24,42,59,177
345,52,5000001,0,user_12,42,59,177
714,59,5000001,0,user_15,44,59,177
191,71,5000000,0,user_38,41,59,
749,72,5000000,0,user_47,44,59,
731,70,5000000,0,user_30,44,59,
528,77,4999999,0,user_8,43,59,177
529,78,4999999,0,user_8,43,59,177
545,76,4999999,0,user_21,43,59,177
348,79,4999999,0,user_16,42,59,177
354,80,4999999,0,user_24,42,59,177
724,85,4999999,0,user_25,44,59,177
868,29,4500001,0,builder_17,44,44,732
732,94,4500000,16400,user_31,44,59,
55,99,4200000,33100,user_43,40,59,
869,32,4199999,0,builder_17,44,44,55
156,95,4200001,0,user_9,41,56,55
343,98,4200001,0,user_10,42,57,55
169,96,4200001,0,user_17,41,56,55
162,99,4200001,0,user_13,41,57,55
163,94,4200001,0,user_13,41,56,55
341,97,4200001,0,user_8,42,57,55
552,97,4200000,0,user_34,43,56,
362,97,4200000,0,user_32,42,55,
176,99,4199999,0,user_26,41,52,55
344,99,4199999,0,user_11,42,55,55
159,99,4199999,0,user_13,41,53,55
171,98,4199999,0,user_20,41,53,55
340,99,4199999,0,user_8,42,54,55
38,96,3200000,21800,user_30,40,49,
870,47,3199999,0,builder_17,44,44,38
555,98,3200000,6390,user_37,43,49,
871,49,3199999,0,builder_17,44,44,555
144,77,3200001,0,user_4,41,48,38
742,78,3200000,0,user_40,44,48,
174,83,3199999,0,user_23,41,48,38
142,81,3199999,0,user_3,41,48,38
143,82,3199999,0,user_3,41,48,38
554,85,2600000,0,user_37,43,48,
199,84,2600000,0,user_47,41,48,
61,87,2600000,0,user_46,40,48,
15,86,2600000,0,user_11,40,48,
42,88,2500000,0,user_32,40,48,
553,91,2400000,18600,user_36,43,48,
872,61,2399999,0,builder_17,44,44,553
369,93,2400000,0,user_42,42,48,
44,96,2000000,322000,user_33,40,48,
873,64,1999999,0,builder_17,44,44,44
45,98,2300000,0,user_33,40,48,
36,97,2300000,0,user_27,40,48,
539,91,2000001,0,user_17,43,47,44
145,97,2000001,0,user_5,41,47,44
149,98,2000001,0,user_5,41,47,44
154,96,2000001,0,user_7,41,47,44
151,95,2000001,0,user_6,41,47,44
172,94,2000001,0,user_21,41,47,44
173,99,2000001,0,user_22,41,47,44
355,89,2000001,0,user_25,42,46,44
706,90,2000001,0,user_5,44,47,44
716,92,2000001,0,user_17,44,47,44
10,94,2000000,0,user_8,40,46,
750,93,2000000,0,user_48,44,46,
710,97,1999999,0,user_9,44,46,44
158,93,1999999,0,user_10,41,45,44
147,99,1999999,0,user_5,41,46,44
150,97,1999999,0,user_6,41,45,44
153,98,1999999,0,user_6,41,45,44
175,99,1999999,0,user_26,41,45,44
167,96,1999999,0,user_17,41,45,44
338,88,1999999,0,user_6,42,45,44
140,98,1999999,0,user_2,41,46,44
160,94,1999999,0,user_13,41,45,44
161,95,1999999,0,user_13,41,45,44
139,91,1999999,0,user_0,41,45,44
522,96,1999999,0,user_0,43,46,44
196,92,1800000,0,user_44,41,44,
181,93,1600000,0,user_30,41,44,
194,94,1600000,0,user_42,41,44,
360,95,1600000,0,user_28,42,44,
371,96,1600000,0,user_43,42,44,
200,97,1500000,0,user_48,41,44,
39,98,1500000,0,user_30,40,44,
185,99,1500000,0,user_32,41,44,
11,2,43000000,0,user_9,40,59,
735,7,30000000,0,user_35,44,59,
358,9,27000000,0,user_28,42,59,
1096,3,170001,0,builder_17,45,45,727
727,18,170000,17700000,user_27,44,59,
46,22,6300000,7840,user_34,40,59,
1097,6,6299999,0,builder_17,45,45,46
164,23,6300001,0,user_14,41,59,46
187,28,6300000,0,user_33,41,59,
165,31,6299999,0,user_14,41,59,46
166,29,6299999,0,user_16,41,59,46
152,30,6299999,0,user_6,41,59,46
51,33,6100000,0,user_40,40,59,
43,34,6100000,0,user_33,40,59,
1098,14,5000001,0,builder_17,45,45,177
177,36,5000000,381000,user_27,41,59,
714,59,5000001,0,user_15,44,59,177
883,60,5000001,0,user_0,45,59,177
345,52,5000001,0,user_12,42,59,177
349,65,5000001,0,user_19,42,59,177
547,50,5000001,0,user_26,43,59,177
719,58,5000001,0,user_19,44,59,177
353,53,5000001,0,user_24,42,59,177
538,51,5000001,0,user_17,43,59,177
749,72,5000000,0,user_47,44,59,
731,70,5000000,0,user_30,44,59,
191,71,5000000,0,user_38,41,59,
724,85,4999999,0,user_25,44,59,177
348,79,4999999,0,user_16,42,59,177
545,76,4999999,0,user_21,43,59,177
528,77,4999999,0,user_8,43,59,177
529,78,4999999,0,user_8,43,59,177
354,80,4999999,0,user_24,42,59,177
732,94,4500000,16400,user_31,44,59,
1099,34,4499999,0,builder_17,45,45,732
1100,35,4200001,0,builder_17,45,45,55
55,99,4200000,33100,user_43,40,59,
341,97,4200001,0,user_8,42,57,55
343,98,4200001,0,user_10,42,57,55
156,95,4200001,0,user_9,41,56,55
162,99,4200001,0,user_13,41,57,55
163,94,4200001,0,user_13,41,56,55
169,96,4200001,0,user_17,41,56,55
552,97,4200000,0,user_34,43,56,
362,97,4200000,0,user_32,42,55,
340,99,4199999,0,user_8,42,54,55
159,99,4199999,0,user_13,41,53,55
176,99,4199999,0,user_26,41,52,55
171,98,4199999,0,user_20,41,53,55
344,99,4199999,0,user_11,42,55,55
38,96,3200000,21800,user_30,40,49,
1101,51,3199999,0,builder_17,45,45,38
555,98,3200000,6390,user_37,43,49,
1102,53,3199999,0,builder_17,45,45,555
144,77,3200001,0,user_4,41,48,38
742,78,3200000,0,user_40,44,48,
910,80,3200000,0,user_32,45,48,
142,81,3199999,0,user_3,41,48,38
143,82,3199999,0,user_3,41,48,38
174,83,3199999,0,user_23,41,48,38
554,85,2600000,0,user_37,43,48,
15,86,2600000,0,user_11,40,48,
61,87,2600000,0,user_46,40,48,
199,84,2600000,0,user_47,41,48,
909,89,2500000,0,user_28,45,48,
42,88,2500000,0,user_32,40,48,
1103,66,2400001,0,builder_17,45,45,553
553,91,2400000,18600,user_36,43,48,
369,93,2400000,0,user_42,42,48,
1104,69,2000001,0,builder_17,45,45,44
44,96,2000000,322000,user_33,40,48,
36,97,2300000,0,user_27,40,48,
45,98,2300000,0,user_33,40,48,
716,92,2000001,0,user_17,44,47,44
706,90,2000001,0,user_5,44,47,44
355,89,2000001,0,user_25,42,46,44
896,88,2000001,0,user_11,45,47,44
539,91,2000001,0,user_17,43,47,44
145,97,2000001,0,user_5,41,47,44
149,98,2000001,0,user_5,41,47,44
154,96,2000001,0,user_7,41,47,44
151,95,2000001,0,user_6,41,47,44
173,99,2000001,0,user_22,41,47,44
172,94,2000001,0,user_21,41,47,44
750,93,2000000,0,user_48,44,46,
10,94,2000000,0,user_8,40,46,
912,95,2000000,0,user_35,45,46,
522,96,1999999,0,user_0,43,46,44
338,88,1999999,0,user_6,42,45,44
710,97,1999999,0,user_9,44,46,44
147,99,1999999,0,user_5,41,46,44
139,91,1999999,0,user_0,41,45,44
140,98,1999999,0,user_2,41,46,44
158,93,1999999,0,user_10,41,45,44
160,94,1999999,0,user_13,41,45,44
161,95,1999999,0,user_13,41,45,44
167,96,1999999,0,user_17,41,45,44
150,97,1999999,0,user_6,41,45,44
153,98,1999999,0,user_6,41,45,44
175,99,1999999,0,user_26,41,45,44
11,2,43000000,0,user_9,40,59,
735,7,30000000,0,user_35,44,59,
358,9,27000000,0,user_28,42,59,
727,18,170000,17700000,user_27,44,59,
1331,4,169999,0,builder_18,46,46,727
46,22,6300000,7840,user_34,40,59,
1332,6,6299999,0,builder_18,46,46,46
164,23,6300001,0,user_14,41,59,46
187,28,6300000,0,user_33,41,59,
152,30,6299999,0,user_6,41,59,46
165,31,6299999,0,user_14,41,59,46
166,29,6299999,0,user_16,41,59,46
43,34,6100000,0,user_33,40,59,
51,33,6100000,0,user_40,40,59,
1158,32,6100000,0,user_47,46,59,
177,36,5000000,381000,user_27,41,59,
1333,16,4999999,0,builder_18,46,46,177
908,41,5200000,0,user_27,45,59,
547,50,5000001,0,user_26,43,59,177
538,51,5000001,0,user_17,43,59,177
719,58,5000001,0,user_19,44,59,177
714,59,5000001,0,user_15,44,59,177
345,52,5000001,0,user_12,42,59,177
353,53,5000001,0,user_24,42,59,177
349,65,5000001,0,user_19,42,59,177
883,60,5000001,0,user_0,45,59,177
1124,48,5000001,0,user_10,46,59,177
749,72,5000000,0,user_47,44,59,
731,70,5000000,0,user_30,44,59,
191,71,5000000,0,user_38,41,59,
545,76,4999999,0,user_21,43,59,177
528,77,4999999,0,user_8,43,59,177
529,78,4999999,0,user_8,43,59,177
724,85,4999999,0,user_25,44,59,177
348,79,4999999,0,user_16,42,59,177
354,80,4999999,0,user_24,42,59,177
1334,36,4500001,0,builder_18,46,46,732
732,94,4500000,16400,user_31,44,59,
1335,38,4200001,0,builder_18,46,46,55
55,99,4200000,33100,user_43,40,59,
162,99,4200001,0,user_13,41,57,55
163,94,4200001,0,user_13,41,56,55
156,95,4200001,0,user_9,41,56,55
169,96,4200001,0,user_17,41,56,55
343,98,4200001,0,user_10,42,57,55
341,97,4200001,0,user_8,42,57,55
552,97,4200000,0,user_34,43,56,
362,97,4200000,0,user_32,42,55,
1151,98,4200000,0,user_34,46,56,
159,99,4199999,0,user_13,41,53,55
171,98,4199999,0,user_20,41,53,55
176,99,4199999,0,user_26,41,52,55
344,99,4199999,0,user_11,42,55,55
340,99,4199999,0,user_8,42,54,55
1144,98,3500000,5640,user_30,46,51,
1336,55,3499999,0,builder_18,46,46,1144
38,96,3200000,21800,user_30,40,49,
1337,57,3199999,0,builder_18,46,46,38
1338,58,3200001,0,builder_18,46,46,555
555,98,3200000,6390,user_37,43,49,
144,77,3200001,0,user_4,41,48,38
742,78,3200000,0,user_40,44,48,
910,80,3200000,0,user_32,45,48,
922,79,3200000,0,user_43,45,48,
142,81,3199999,0,user_3,41,48,38
143,82,3199999,0,user_3,41,48,38
174,83,3199999,0,user_23,41,48,38
554,85,2600000,0,user_37,43,48,
15,86,2600000,0,user_11,40,48,
61,87,2600000,0,user_46,40,48,
199,84,2600000,0,user_47,41,48,
909,89,2500000,0,user_28,45,48,
42,88,2500000,0,user_32,40,48,
1339,73,2400001,0,builder_18,46,46,553
553,91,2400000,18600,user_36,43,48,
369,93,2400000,0,user_42,42,48,
44,96,2000000,322000,user_33,40,48,
1340,77,1999999,0,builder_18,46,46,44
45,98,2300000,0,user_33,40,48,
36,97,2300000,0,user_27,40,48,
539,91,2000001,0,user_17,43,47,44
706,90,2000001,0,user_5,44,47,44
716,92,2000001,0,user_17,44,47,44
145,97,2000001,0,user_5,41,47,44
149,98,2000001,0,user_5,41,47,44
151,95,2000001,0,user_6,41,47,44
154,96,2000001,0,user_7,41,47,44
172,94,2000001,0,user_21,41,47,44
173,99,2000001,0,user_22,41,47,44
355,89,2000001,0,user_25,42,46,44
896,88,2000001,0,user_11,45,47,44
1114,89,2000001,0,user_1,46,47,44
1136,99,2000001,0,user_20,46,48,44
750,93,2000000,0,user_48,44,46,
10,94,2000000,0,user_8,40,46,
912,95,2000000,0,user_35,45,46,
522,96,1999999,0,user_0,43,46,44
710,97,1999999,0,user_9,44,46,44
140,98,1999999,0,user_2,41,46,44
147,99,1999999,0,user_5,41,46,44
11,2,43000000,0,user_9,40,59,
735,7,30000000,0,user_35,44,59,
1370,5,30000000,0,user_29,47,59,
358,9,27000000,0,user_28,42,59,
1578,4,170001,0,builder_18,47,47,727
727,18,170000,17700000,user_27,44,59,
1579,6,6300001,0,builder_18,47,47,46
46,22,6300000,7840,user_34,40,59,
164,23,6300001,0,user_14,41,59,46
187,28,6300000,0,user_33,41,59,
1147,25,6300000,0,user_31,46,59,
165,31,6299999,0,user_14,41,59,46
166,29,6299999,0,user_16,41,59,46
152,30,6299999,0,user_6,41,59,46
51,33,6100000,0,user_40,40,59,
43,34,6100000,0,user_33,40,59,
1158,32,6100000,0,user_47,46,59,
177,36,5000000,381000,user_27,41,59,
1580,18,4999999,0,builder_18,47,47,177
908,41,5200000,0,user_27,45,59,
1581,20,5000001,0,builder_18,47,47,1384
1384,45,5000000,13900,user_45,47,59,
1380,47,5000000,6390,user_41,47,59,
1582,23,4999999,0,builder_18,47,47,1380
883,60,5000001,0,user_0,45,59,177
1124,48,5000001,0,user_10,46,59,177
538,51,5000001,0,user_17,43,59,177
547,50,5000001,0,user_26,43,59,177
719,58,5000001,0,user_19,44,59,177
714,59,5000001,0,user_15,44,59,177
345,52,5000001,0,user_12,42,59,177
349,65,5000001,0,user_19,42,59,177
353,53,5000001,0,user_24,42,59,177
749,72,5000000,0,user_47,44,59,
731,70,5000000,0,user_30,44,59,
191,71,5000000,0,user_38,41,59,
1377,69,5000000,0,user_37,47,59,
545,76,4999999,0,user_21,43,59,177
528,77,4999999,0,user_8,43,59,177
529,78,4999999,0,user_8,43,59,177
724,85,4999999,0,user_25,44,59,177
348,79,4999999,0,user_16,42,59,177
354,80,4999999,0,user_24,42,59,177
732,94,4500000,16400,user_31,44,59,
1583,44,4499999,0,builder_18,47,47,732
1584,45,4200001,0,builder_18,47,47,55
55,99,4200000,33100,user_43,40,59,
162,99,4200001,0,user_13,41,57,55
163,94,4200001,0,user_13,41,56,55
169,96,4200001,0,user_17,41,56,55
156,95,4200001,0,user_9,41,56,55
343,98,4200001,0,user_10,42,57,55
341,97,4200001,0,user_8,42,57,55
362,97,4200000,0,user_32,42,55,
552,97,4200000,0,user_34,43,56,
1151,98,4200000,0,user_34,46,56,
159,99,4199999,0,user_13,41,53,55
171,98,4199999,0,user_20,41,53,55
176,99,4199999,0,user_26,41,52,55
344,99,4199999,0,user_11,42,55,55
340,99,4199999,0,user_8,42,54,55
1585,61,3500001,0,builder_18,47,47,1144
1144,98,3500000,5640,user_30,46,51,
1586,63,3200001,0,builder_18,47,47,38
38,96,3200000,21800,user_30,40,49,
555,98,3200000,6390,user_37,43,49,
1587,66,3199999,0,builder_18,47,47,555
144,77,3200001,0,user_4,41,48,38
910,80,3200000,0,user_32,45,48,
922,79,3200000,0,user_43,45,48,
742,78,3200000,0,user_40,44,48,
142,81,3199999,0,user_3,41,48,38
143,82,3199999,0,user_3,41,48,38
174,83,3199999,0,user_23,41,48,38
554,85,2600000,0,user_37,43,48,
199,84,2600000,0,user_47,41,48,
61,87,2600000,0,user_46,40,48,
15,86,2600000,0,user_11,40,48,
909,89,2500000,0,user_28,45,48,
42,88,2500000,0,user_32,40,48,
1588,80,2400001,0,builder_18,47,47,553
553,91,2400000,18600,user_36,43,48,
369,93,2400000,0,user_42,42,48,
1160,92,2400000,0,user_49,46,48,
44,96,2000000,322000,user_33,40,48,
1589,85,1999999,0,builder_18,47,47,44
45,98,2300000,0,user_33,40,48,
36,97,2300000,0,user_27,40,48,
896,88,2000001,0,user_11,45,47,44
1114,89,2000001,0,user_1,46,47,44
706,90,2000001,0,user_5,44,47,44
539,91,2000001,0,user_17,43,47,44
716,92,2000001,0,user_17,44,47,44
1136,99,2000001,0,user_20,46,48,44
172,94,2000001,0,user_21,41,47,44
151,95,2000001,0,user_6,41,47,44
154,96,2000001,0,user_7,41,47,44
145,97,2000001,0,user_5,41,47,44
149,98,2000001,0,user_5,41,47,44
173,99,2000001,0,user_22,41,47,44
11,2,43000000,0,user_9,40,59,
1627,3,43000000,0,user_29,48,59,
735,7,30000000,0,user_35,44,59,
1370,5,30000000,0,user_29,47,59,
358,9,27000000,0,user_28,42,59,
727,18,170000,17700000,user_27,44,59,
1876,6,169999,0,builder_18,48,48,727
1618,20,3500000,7190000,user_27,48,59,
1877,8,3499999,0,builder_18,48,48,1618
1878,9,6300001,0,builder_18,48,48,46
46,22,6300000,7840,user_34,40,59,
164,23,6300001,0,user_14,41,59,46
1147,25,6300000,0,user_31,46,59,
187,28,6300000,0,user_33,41,59,
1640,27,6300000,0,user_44,48,59,
165,31,6299999,0,user_14,41,59,46
166,29,6299999,0,user_16,41,59,46
152,30,6299999,0,user_6,41,59,46
1158,32,6100000,0,user_47,46,59,
43,34,6100000,0,user_33,40,59,
51,33,6100000,0,user_40,40,59,
1626,35,6100000,0,user_29,48,59,
177,36,5000000,381000,user_27,41,59,
1879,23,4999999,0,builder_18,48,48,177
908,41,5200000,0,user_27,45,59,
1384,45,5000000,13900,user_45,47,59,
1880,26,4999999,0,builder_18,48,48,1384
1881,27,5000001,0,builder_18,48,48,1380
1380,47,5000000,6390,user_41,47,59,
1124,48,5000001,0,user_10,46,59,177
345,52,5000001,0,user_12,42,59,177
349,65,5000001,0,user_19,42,59,177
353,53,5000001,0,user_24,42,59,177
547,50,5000001,0,user_26,43,59,177
538,51,5000001,0,user_17,43,59,177
714,59,5000001,0,user_15,44,59,177
883,60,5000001,0,user_0,45,59,177
719,58,5000001,0,user_19,44,59,177
1617,61,5000001,0,user_26,48,59,177
749,72,5000000,0,user_47,44,59,
1377,69,5000000,0,user_37,47,59,
191,71,5000000,0,user_38,41,59,
731,70,5000000,0,user_30,44,59,
348,79,4999999,0,user_16,42,59,177
354,80,4999999,0,user_24,42,59,177
528,77,4999999,0,user_8,43,59,177
529,78,4999999,0,user_8,43,59,177
545,76,4999999,0,user_21,43,59,177
724,85,4999999,0,user_25,44,59,177
1593,75,4999999,0,user_7,48,59,177
1882,50,4500001,0,builder_18,48,48,732
732,94,4500000,16400,user_31,44,59,
1883,52,4200001,0,builder_18,48,48,55
55,99,4200000,33100,user_43,40,59,
341,97,4200001,0,user_8,42,57,55
343,98,4200001,0,user_10,42,57,55
169,96,4200001,0,user_17,41,56,55
156,95,4200001,0,user_9,41,56,55
162,99,4200001,0,user_13,41,57,55
163,94,4200001,0,user_13,41,56,55
1151,98,4200000,0,user_34,46,56,
362,97,4200000,0,user_32,42,55,
552,97,4200000,0,user_34,43,56,
1634,98,4200000,0,user_39,48,55,
344,99,4199999,0,user_11,42,55,55
340,99,4199999,0,user_8,42,54,55
176,99,4199999,0,user_26,41,52,55
159,99,4199999,0,user_13,41,53,55
171,98,4199999,0,user_20,41,53,55
1884,69,3500001,0,builder_18,48,48,1371
1371,97,3500000,283000,user_31,47,51,
1885,71,3500001,0,builder_18,48,48,1144
1144,98,3500000,5640,user_30,46,51,
1886,73,3200001,0,builder_18,48,48,38
38,96,3200000,21800,user_30,40,49,
555,98,3200000,6390,user_37,43,49,
1887,76,3199999,0,builder_18,48,48,555
144,77,3200001,0,user_4,41,48,38
742,78,3200000,0,user_40,44,48,
922,79,3200000,0,user_43,45,48,
910,80,3200000,0,user_32,45,48,
142,81,3199999,0,user_3,41,48,38
143,82,3199999,0,user_3,41,48,38
174,83,3199999,0,user_23,41,48,38
199,84,2600000,0,user_47,41,48,
554,85,2600000,0,user_37,43,48,
15,86,2600000,0,user_11,40,48,
61,87,2600000,0,user_46,40,48,
42,88,2500000,0,user_32,40,48,
909,89,2500000,0,user_28,45,48,
1888,90,2400001,0,builder_18,48,48,553
553,91,2400000,18600,user_36,43,48,
1160,92,2400000,0,user_49,46,48,
369,93,2400000,0,user_42,42,48,
1629,94,2400000,0,user_32,48,48,
1889,95,2000001,0,builder_18,48,48,44
44,96,2000000,322000,user_33,40,48,
36,97,2300000,0,user_27,40,48,
45,98,2300000,0,user_33,40,48,
1136,99,2000001,0,user_20,46,48,44
11,2,43000000,0,user_9,40,59,
1627,3,43000000,0,user_29,48,59,
1370,5,30000000,0,user_29,47,59,
735,7,30000000,0,user_35,44,59,
1931,8,30000000,0,user_41,49,59,
358,9,27000000,0,user_28,42,59,
1926,10,27000000,0,user_34,49,59,
727,18,170000,17700000,user_27,44,59,
2156,8,169999,0,builder_18,49,49,727
2157,9,3500001,0,builder_18,49,49,1618
1618,20,3500000,7190000,user_27,48,59,
46,22,6300000,7840,user_34,40,59,
2158,12,6299999,0,builder_18,49,49,46
164,23,6300001,0,user_14,41,59,46
1147,25,6300000,0,user_31,46,59,
1640,27,6300000,0,user_44,48,59,
187,28,6300000,0,user_33,41,59,
165,31,6299999,0,user_14,41,59,46
166,29,6299999,0,user_16,41,59,46
152,30,6299999,0,user_6,41,59,46
1158,32,6100000,0,user_47,46,59,
51,33,6100000,0,user_40,40,59,
43,34,6100000,0,user_33,40,59,
1626,35,6100000,0,user_29,48,59,
177,36,5000000,381000,user_27,41,59,
2159,25,4999999,0,builder_18,49,49,177
908,41,5200000,0,user_27,45,59,
1384,45,5000000,13900,user_45,47,59,
2160,28,4999999,0,builder_18,49,49,1384
2161,29,5000001,0,builder_18,49,49,1380
1380,47,5000000,6390,user_41,47,59,
1124,48,5000001,0,user_10,46,59,177
538,51,5000001,0,user_17,43,59,177
547,50,5000001,0,user_26,43,59,177
719,58,5000001,0,user_19,44,59,177
345,52,5000001,0,user_12,42,59,177
353,53,5000001,0,user_24,42,59,177
349,65,5000001,0,user_19,42,59,177
714,59,5000001,0,user_15,44,59,177
883,60,5000001,0,user_0,45,59,177
1617,61,5000001,0,user_26,48,59,177
1911,62,5000001,0,user_20,49,59,177
1905,49,5000001,0,user_13,49,59,177
1910,63,5000001,0,user_18,49,59,177
1917,64,5000001,0,user_24,49,59,177
1377,69,5000000,0,user_37,47,59,
191,71,5000000,0,user_38,41,59,
749,72,5000000,0,user_47,44,59,
731,70,5000000,0,user_30,44,59,
1929,73,5000000,0,user_39,49,59,
528,77,4999999,0,user_8,43,59,177
529,78,4999999,0,user_8,43,59,177
545,76,4999999,0,user_21,43,59,177
348,79,4999999,0,user_16,42,59,177
354,80,4999999,0,user_24,42,59,177
724,85,4999999,0,user_25,44,59,177
1593,75,4999999,0,user_7,48,59,177
1894,86,4999999,0,user_4,49,59,177
1901,87,4999999,0,user_10,49,59,177
1909,88,4999999,0,user_18,49,59,177
1898,89,4999999,0,user_5,49,59,177
1914,90,4999999,0,user_23,49,59,177
1913,92,4999999,0,user_22,49,59,177
1916,91,4999999,0,user_24,49,59,177
732,94,4500000,16400,user_31,44,59,
2162,65,4499999,0,builder_18,49,49,732
55,99,4200000,33100,user_43,40,59,
2163,67,4199999,0,builder_18,49,49,55
343,98,4200001,0,user_10,42,57,55
156,95,4200001,0,user_9,41,56,55
162,99,4200001,0,user_13,41,57,55
163,94,4200001,0,user_13,41,56,55
169,96,4200001,0,user_17,41,56,55
341,97,4200001,0,user_8,42,57,55
1151,98,4200000,0,user_34,46,56,
1622,99,4200000,0,user_28,48,56,
552,97,4200000,0,user_34,43,56,
362,97,4200000,0,user_32,42,55,
1634,98,4200000,0,user_39,48,55,
171,98,4199999,0,user_20,41,53,55
159,99,4199999,0,user_13,41,53,55
344,99,4199999,0,user_11,42,55,55
340,99,4199999,0,user_8,42,54,55
176,99,4199999,0,user_26,41,52,55
1371,97,3500000,283000,user_31,47,51,
2164,85,3499999,0,builder_18,49,49,1371
1144,98,3500000,5640,user_30,46,51,
2165,87,3499999,0,builder_18,49,49,1144
1892,99,3500001,0,user_1,49,50,1618
1895,97,3500001,0,user_4,49,50,1618
1896,98,3500001,0,user_4,49,50,1618
1907,91,3500001,0,user_16,49,49,1618
1897,92,3499999,0,user_4,49,49,1618
1900,93,3499999,0,user_10,49,49,1618
1902,94,3499999,0,user_10,49,49,1618
1912,95,3499999,0,user_21,49,49,1618
38,96,3200000,21800,user_30,40,49,
2166,97,3199999,0,builder_18,49,49,38
555,98,3200000,6390,user_37,43,49,
2167,99,3199999,0,builder_18,49,49,555
1627,3,43000000,0,user_29,48,59,
11,2,43000000,0,user_9,40,59,
1370,5,30000000,0,user_29,47,59,
735,7,30000000,0,user_35,44,59,
1931,8,30000000,0,user_41,49,59,
358,9,27000000,0,user_28,42,59,
1926,10,27000000,0,user_34,49,59,
2217,12,19000000,0,user_40,50,59,
727,18,170000,17700000,user_27,44,59,
2406,9,169999,0,builder_18,50,50,727
2407,10,3500001,0,builder_18,50,50,1618
1618,20,3500000,7190000,user_27,48,59,
46,22,6300000,7840,user_34,40,59,
2408,13,6299999,0,builder_18,50,50,46
164,23,6300001,0,user_14,41,59,46
1147,25,6300000,0,user_31,46,59,
1640,27,6300000,0,user_44,48,59,
187,28,6300000,0,user_33,41,59,
152,30,6299999,0,user_6,41,59,46
165,31,6299999,0,user_14,41,59,46
166,29,6299999,0,user_16,41,59,46
1158,32,6100000,0,user_47,46,59,
1626,35,6100000,0,user_29,48,59,
43,34,6100000,0,user_33,40,59,
51,33,6100000,0,user_40,40,59,
177,36,5000000,381000,user_27,41,59,
2409,26,4999999,0,builder_18,50,50,177
908,41,5200000,0,user_27,45,59,
1384,45,5000000,13900,user_45,47,59,
2410,29,4999999,0,builder_18,50,50,1384
1380,47,5000000,6390,user_41,47,59,
2411,31,4999999,0,builder_18,50,50,1380
1124,48,5000001,0,user_10,46,59,177
1617,61,5000001,0,user_26,48,59,177
1905,49,5000001,0,user_13,49,59,177
1911,62,5000001,0,user_20,49,59,177
547,50,5000001,0,user_26,43,59,177
538,51,5000001,0,user_17,43,59,177
719,58,5000001,0,user_19,44,59,177
714,59,5000001,0,user_15,44,59,177
345,52,5000001,0,user_12,42,59,177
353,53,5000001,0,user_24,42,59,177
349,65,5000001,0,user_19,42,59,177
883,60,5000001,0,user_0,45,59,177
1910,63,5000001,0,user_18,49,59,177
1917,64,5000001,0,user_24,49,59,177
2184,54,5000001,0,user_11,50,59,177
2168,55,5000001,0,user_0,50,59,177
2181,56,5000001,0,user_9,50,59,177
2183,57,5000001,0,user_9,50,59,177
1377,69,5000000,0,user_37,47,59,
749,72,5000000,0,user_47,44,59,
731,70,5000000,0,user_30,44,59,
191,71,5000000,0,user_38,41,59,
1929,73,5000000,0,user_39,49,59,
1593,75,4999999,0,user_7,48,59,177
1894,86,4999999,0,user_4,49,59,177
1898,89,4999999,0,user_5,49,59,177
1901,87,4999999,0,user_10,49,59,177
545,76,4999999,0,user_21,43,59,177
528,77,4999999,0,user_8,43,59,177
529,78,4999999,0,user_8,43,59,177
724,85,4999999,0,user_25,44,59,177
348,79,4999999,0,user_16,42,59,177
354,80,4999999,0,user_24,42,59,177
1913,92,4999999,0,user_22,49,59,177
1909,88,4999999,0,user_18,49,59,177
1914,90,4999999,0,user_23,49,59,177
1916,91,4999999,0,user_24,49,59,177
2179,82,4999999,0,user_9,50,59,177
2180,83,4999999,0,user_9,50,59,177
2182,84,4999999,0,user_9,50,59,177
2178,81,4999999,0,user_8,50,59,177
2412,73,4500001,0,builder_18,50,50,732
732,94,4500000,16400,user_31,44,59,
55,99,4200000,33100,user_43,40,59,
2413,76,4199999,0,builder_18,50,50,55
162,99,4200001,0,user_13,41,57,55
163,94,4200001,0,user_13,41,56,55
156,95,4200001,0,user_9,41,56,55
169,96,4200001,0,user_17,41,56,55
343,98,4200001,0,user_10,42,57,55
341,97,4200001,0,user_8,42,57,55
1622,99,4200000,0,user_28,48,56,
1634,98,4200000,0,user_39,48,55,
552,97,4200000,0,user_34,43,56,
362,97,4200000,0,user_32,42,55,
1151,98,4200000,0,user_34,46,56,
159,99,4199999,0,user_13,41,53,55
171,98,4199999,0,user_20,41,53,55
176,99,4199999,0,user_26,41,52,55
344,99,4199999,0,user_11,42,55,55
340,99,4199999,0,user_8,42,54,55
1371,97,3500000,283000,user_31,47,51,
2414,94,3499999,0,builder_18,50,50,1371
1144,98,3500000,5640,user_30,46,51,
2415,96,3499999,0,builder_18,50,50,1144
1895,97,3500001,0,user_4,49,50,1618
1896,98,3500001,0,user_4,49,50,1618
1892,99,3500001,0,user_1,49,50,1618
1627,3,43000000,0,user_29,48,59,
11,2,43000000,0,user_9,40,59,
1931,8,30000000,0,user_41,49,59,
735,7,30000000,0,user_35,44,59,
1370,5,30000000,0,user_29,47,59,
2214,6,30000000,0,user_38,50,59,
1926,10,27000000,0,user_34,49,59,
358,9,27000000,0,user_28,42,59,
2217,12,19000000,0,user_40,50,59,
2449,13,19000000,0,user_32,51,59,
727,18,170000,17700000,user_27,44,59,
2640,11,169999,0,builder_18,51,51,727
2641,12,3500001,0,builder_18,51,51,1618
1618,20,3500000,7190000,user_27,48,59,
46,22,6300000,7840,user_34,40,59,
2642,15,6299999,0,builder_18,51,51,46
164,23,6300001,0,user_14,41,59,46
1640,27,6300000,0,user_44,48,59,
187,28,6300000,0,user_33,41,59,
1147,25,6300000,0,user_31,46,59,
165,31,6299999,0,user_14,41,59,46
166,29,6299999,0,user_16,41,59,46
152,30,6299999,0,user_6,41,59,46
1626,35,6100000,0,user_29,48,59,
51,33,6100000,0,user_40,40,59,
43,34,6100000,0,user_33,40,59,
1158,32,6100000,0,user_47,46,59,
2643,27,5000001,0,builder_18,51,51,177
177,36,5000000,381000,user_27,41,59,
908,41,5200000,0,user_27,45,59,
2226,40,5200000,0,user_49,50,59,
1384,45,5000000,13900,user_45,47,59,
2644,32,4999999,0,builder_18,51,51,1384
1380,47,5000000,6390,user_41,47,59,
2645,34,4999999,0,builder_18,51,51,1380
1617,61,5000001,0,user_26,48,59,177
1905,49,5000001,0,user_13,49,59,177
1911,62,5000001,0,user_20,49,59,177
1910,63,5000001,0,user_18,49,59,177
1917,64,5000001,0,user_24,49,59,177
2184,54,5000001,0,user_11,50,59,177
2168,55,5000001,0,user_0,50,59,177
883,60,5000001,0,user_0,45,59,177
1124,48,5000001,0,user_10,46,59,177
538,51,5000001,0,user_17,43,59,177
547,50,5000001,0,user_26,43,59,177
719,58,5000001,0,user_19,44,59,177
714,59,5000001,0,user_15,44,59,177
345,52,5000001,0,user_12,42,59,177
349,65,5000001,0,user_19,42,59,177
353,53,5000001,0,user_24,42,59,177
2181,56,5000001,0,user_9,50,59,177
2183,57,5000001,0,user_9,50,59,177
1929,73,5000000,0,user_39,49,59,
1377,69,5000000,0,user_37,47,59,
749,72,5000000,0,user_47,44,59,
731,70,5000000,0,user_30,44,59,
191,71,5000000,0,user_38,41,59,
1593,75,4999999,0,user_7,48,59,177
1894,86,4999999,0,user_4,49,59,177
1898,89,4999999,0,user_5,49,59,177
1913,92,4999999,0,user_22,49,59,177
1901,87,4999999,0,user_10,49,59,177
1909,88,4999999,0,user_18,49,59,177
1914,90,4999999,0,user_23,49,59,177
1916,91,4999999,0,user_24,49,59,177
545,76,4999999,0,user_21,43,59,177
528,77,4999999,0,user_8,43,59,177
529,78,4999999,0,user_8,43,59,177
724,85,4999999,0,user_25,44,59,177
348,79,4999999,0,user_16,42,59,177
354,80,4999999,0,user_24,42,59,177
2178,81,4999999,0,user_8,50,59,177
2179,82,4999999,0,user_9,50,59,177
2180,83,4999999,0,user_9,50,59,177
2182,84,4999999,0,user_9,50,59,177
732,94,4500000,16400,user_31,44,59,
2646,77,4499999,0,builder_18,51,51,732
2647,78,4200001,0,builder_18,51,51,55
55,99,4200000,33100,user_43,40,59,
162,99,4200001,0,user_13,41,57,55
163,94,4200001,0,user_13,41,56,55
169,96,4200001,0,user_17,41,56,55
156,95,4200001,0,user_9,41,56,55
343,98,4200001,0,user_10,42,57,55
341,97,4200001,0,user_8,42,57,55
1622,99,4200000,0,user_28,48,56,
1634,98,4200000,0,user_39,48,55,
362,97,4200000,0,user_32,42,55,
552,97,4200000,0,user_34,43,56,
1151,98,4200000,0,user_34,46,56,
159,99,4199999,0,user_13,41,53,55
171,98,4199999,0,user_20,41,53,55
176,99,4199999,0,user_26,41,52,55
344,99,4199999,0,user_11,42,55,55
340,99,4199999,0,user_8,42,54,55
2648,96,3500001,0,builder_18,51,51,1371
1371,97,3500000,283000,user_31,47,51,
1144,98,3500000,5640,user_30,46,51,
2649,99,3499999,0,builder_18,51,51,1144
2678,4,43000000,0,user_34,52,59,
1627,3,43000000,0,user_29,48,59,
11,2,43000000,0,user_9,40,59,
2214,6,30000000,0,user_38,50,59,
1931,8,30000000,0,user_41,49,59,
1370,5,30000000,0,user_29,47,59,
735,7,30000000,0,user_35,44,59,
1926,10,27000000,0,user_34,49,59,
2677,11,27000000,0,user_32,52,59,
358,9,27000000,0,user_28,42,59,
2449,13,19000000,0,user_32,51,59,
2217,12,19000000,0,user_40,50,59,
727,18,170000,17700000,user_27,44,59,
2857,13,169999,0,builder_17,52,52,727
2858,14,3500001,0,builder_17,52,52,1618
1618,20,3500000,7190000,user_27,48,59,
46,22,6300000,7840,user_34,40,59,
2859,17,6299999,0,builder_17,52,52,46
164,23,6300001,0,user_14,41,59,46
1640,27,6300000,0,user_44,48,59,
1147,25,6300000,0,user_31,46,59,
187,28,6300000,0,user_33,41,59,
166,29,6299999,0,user_16,41,59,46
152,30,6299999,0,user_6,41,59,46
165,31,6299999,0,user_14,41,59,46
1626,35,6100000,0,user_29,48,59,
51,33,6100000,0,user_40,40,59,
1158,32,6100000,0,user_47,46,59,
43,34,6100000,0,user_33,40,59,
177,36,5000000,381000,user_27,41,59,
2860,30,4999999,0,builder_17,52,52,177
2226,40,5200000,0,user_49,50,59,
908,41,5200000,0,user_27,45,59,
2861,33,5000001,0,builder_17,52,52,1384
1384,45,5000000,13900,user_45,47,59,
2862,35,5000001,0,builder_17,52,52,1380
1380,47,5000000,6390,user_41,47,59,
2181,56,5000001,0,user_9,50,59,177
2183,57,5000001,0,user_9,50,59,177
2168,55,5000001,0,user_0,50,59,177
1910,63,5000001,0,user_18,49,59,177
1911,62,5000001,0,user_20,49,59,177
2184,54,5000001,0,user_11,50,59,177
1617,61,5000001,0,user_26,48,59,177
1905,49,5000001,0,user_13,49,59,177
1917,64,5000001,0,user_24,49,59,177
1124,48,5000001,0,user_10,46,59,177
538,51,5000001,0,user_17,43,59,177
547,50,5000001,0,user_26,43,59,177
345,52,5000001,0,user_12,42,59,177
353,53,5000001,0,user_24,42,59,177
719,58,5000001,0,user_19,44,59,177
714,59,5000001,0,user_15,44,59,177
883,60,5000001,0,user_0,45,59,177
349,65,5000001,0,user_19,42,59,177
1929,73,5000000,0,user_39,49,59,
731,70,5000000,0,user_30,44,59,
1377,69,5000000,0,user_37,47,59,
749,72,5000000,0,user_47,44,59,
191,71,5000000,0,user_38,41,59,
2179,82,4999999,0,user_9,50,59,177
2180,83,4999999,0,user_9,50,59,177
2182,84,4999999,0,user_9,50,59,177
2178,81,4999999,0,user_8,50,59,177
1909,88,4999999,0,user_18,49,59,177
1894,86,4999999,0,user_4,49,59,177
1898,89,4999999,0,user_5,49,59,177
1913,92,4999999,0,user_22,49,59,177
1901,87,4999999,0,user_10,49,59,177
1914,90,4999999,0,user_23,49,59,177
1916,91,4999999,0,user_24,49,59,177
545,76,4999999,0,user_21,43,59,177
528,77,4999999,0,user_8,43,59,177
529,78,4999999,0,user_8,43,59,177
348,79,4999999,0,user_16,42,59,177
354,80,4999999,0,user_24,42,59,177
1593,75,4999999,0,user_7,48,59,177
724,85,4999999,0,user_25,44,59,177
2863,78,4500001,0,builder_17,52,52,732
732,94,4500000,16400,user_31,44,59,
2864,80,4200001,0,builder_17,52,52,2681
2681,97,4200000,231000,user_36,52,59,
55,99,4200000,33100,user_43,40,59,
2865,83,4199999,0,builder_17,52,52,55
343,98,4200001,0,user_10,42,57,55
341,97,4200001,0,user_8,42,57,55
162,99,4200001,0,user_13,41,57,55
163,94,4200001,0,user_13,41,56,55
156,95,4200001,0,user_9,41,56,55
169,96,4200001,0,user_17,41,56,55
1634,98,4200000,0,user_39,48,55,
1622,99,4200000,0,user_28,48,56,
552,97,4200000,0,user_34,43,56,
1151,98,4200000,0,user_34,46,56,
362,97,4200000,0,user_32,42,55,
344,99,4199999,0,user_11,42,55,55
340,99,4199999,0,user_8,42,54,55
159,99,4199999,0,user_13,41,53,55
171,98,4199999,0,user_20,41,53,55
176,99,4199999,0,user_26,41,52,55
3089,0,43000001,0,builder_18,53,53,2919
2919,1,43000000,56200,user_39,53,59,
11,2,43000000,0,user_9,40,59,
1627,3,43000000,0,user_29,48,59,
2678,4,43000000,0,user_34,52,59,
2214,6,30000000,0,user_38,50,59,
1370,5,30000000,0,user_29,47,59,
735,7,30000000,0,user_35,44,59,
1931,8,30000000,0,user_41,49,59,
358,9,27000000,0,user_28,42,59,
1926,10,27000000,0,user_34,49,59,
2677,11,27000000,0,user_32,52,59,
2449,13,19000000,0,user_32,51,59,
2217,12,19000000,0,user_40,50,59,
727,18,170000,17700000,user_27,44,59,
3090,15,169999,0,builder_18,53,53,727
1618,20,3500000,7190000,user_27,48,59,
3091,17,3499999,0,builder_18,53,53,1618
3092,18,6300001,0,builder_18,53,53,46
46,22,6300000,7840,user_34,40,59,
164,23,6300001,0,user_14,41,59,46
1147,25,6300000,0,user_31,46,59,
1640,27,6300000,0,user_44,48,59,
187,28,6300000,0,user_33,41,59,
165,31,6299999,0,user_14,41,59,46
166,29,6299999,0,user_16,41,59,46
152,30,6299999,0,user_6,41,59,46
1158,32,6100000,0,user_47,46,59,
51,33,6100000,0,user_40,40,59,
43,34,6100000,0,user_33,40,59,
1626,35,6100000,0,user_29,48,59,
3093,31,5000001,0,builder_18,53,53,177
177,36,5000000,381000,user_27,41,59,
2226,40,5200000,0,user_49,50,59,
908,41,5200000,0,user_27,45,59,
1384,45,5000000,13900,user_45,47,59,
3094,36,4999999,0,builder_18,53,53,1384
1380,47,5000000,6390,user_41,47,59,
3095,38,4999999,0,builder_18,53,53,1380
2184,54,5000001,0,user_11,50,59,177
1905,49,5000001,0,user_13,49,59,177
2168,55,5000001,0,user_0,50,59,177
2181,56,5000001,0,user_9,50,59,177
2183,57,5000001,0,user_9,50,59,177
1124,48,5000001,0,user_10,46,59,177
538,51,5000001,0,user_17,43,59,177
547,50,5000001,0,user_26,43,59,177
719,58,5000001,0,user_19,44,59,177
345,52,5000001,0,user_12,42,59,177
353,53,5000001,0,user_24,42,59,177
349,65,5000001,0,user_19,42,59,177
714,59,5000001,0,user_15,44,59,177
883,60,5000001,0,user_0,45,59,177
1617,61,5000001,0,user_26,48,59,177
1911,62,5000001,0,user_20,49,59,177
1910,63,5000001,0,user_18,49,59,177
1917,64,5000001,0,user_24,49,59,177
1377,69,5000000,0,user_37,47,59,
191,71,5000000,0,user_38,41,59,
749,72,5000000,0,user_47,44,59,
731,70,5000000,0,user_30,44,59,
1929,73,5000000,0,user_39,49,59,
2913,74,5000000,0,user_34,53,59,
2179,82,4999999,0,user_9,50,59,177
2180,83,4999999,0,user_9,50,59,177
2182,84,4999999,0,user_9,50,59,177
2178,81,4999999,0,user_8,50,59,177
528,77,4999999,0,user_8,43,59,177
529,78,4999999,0,user_8,43,59,177
545,76,4999999,0,user_21,43,59,177
348,79,4999999,0,user_16,42,59,177
354,80,4999999,0,user_24,42,59,177
724,85,4999999,0,user_25,44,59,177
1593,75,4999999,0,user_7,48,59,177
1894,86,4999999,0,user_4,49,59,177
1901,87,4999999,0,user_10,49,59,177
1909,88,4999999,0,user_18,49,59,177
1898,89,4999999,0,user_5,49,59,177
1914,90,4999999,0,user_23,49,59,177
1916,91,4999999,0,user_24,49,59,177
1913,92,4999999,0,user_22,49,59,177
3096,81,4500001,0,builder_18,53,53,732
732,94,4500000,16400,user_31,44,59,
2681,97,4200000,231000,user_36,52,59,
3097,84,4199999,0,builder_18,53,53,2681
55,99,4200000,33100,user_43,40,59,
3098,86,4199999,0,builder_18,53,53,55
343,98,4200001,0,user_10,42,57,55
156,95,4200001,0,user_9,41,56,55
162,99,4200001,0,user_13,41,57,55
163,94,4200001,0,user_13,41,56,55
169,96,4200001,0,user_17,41,56,55
341,97,4200001,0,user_8,42,57,55
1151,98,4200000,0,user_34,46,56,
1622,99,4200000,0,user_28,48,56,
552,97,4200000,0,user_34,43,56,
362,97,4200000,0,user_32,42,55,
1634,98,4200000,0,user_39,48,55,
171,98,4199999,0,user_20,41,53,55
159,99,4199999,0,user_13,41,53,55
3311,0,43000001,0,builder_17,54,54,2919
2919,1,43000000,56200,user_39,53,59,
2678,4,43000000,0,user_34,52,59,
11,2,43000000,0,user_9,40,59,
1627,3,43000000,0,user_29,48,59,
2214,6,30000000,0,user_38,50,59,
1370,5,30000000,0,user_29,47,59,
735,7,30000000,0,user_35,44,59,
1931,8,30000000,0,user_41,49,59,
2677,11,27000000,0,user_32,52,59,
358,9,27000000,0,user_28,42,59,
1926,10,27000000,0,user_34,49,59,
2449,13,19000000,0,user_32,51,59,
2217,12,19000000,0,user_40,50,59,
3312,14,170001,0,builder_17,54,54,727
727,18,170000,17700000,user_27,44,59,
3313,16,3500001,0,builder_17,54,54,1618
1618,20,3500000,7190000,user_27,48,59,
3314,18,6300001,0,builder_17,54,54,46
46,22,6300000,7840,user_34,40,59,
164,23,6300001,0,user_14,41,59,46
1147,25,6300000,0,user_31,46,59,
187,28,6300000,0,user_33,41,59,
1640,27,6300000,0,user_44,48,59,
166,29,6299999,0,user_16,41,59,46
152,30,6299999,0,user_6,41,59,46
165,31,6299999,0,user_14,41,59,46
1158,32,6100000,0,user_47,46,59,
51,33,6100000,0,user_40,40,59,
43,34,6100000,0,user_33,40,59,
1626,35,6100000,0,user_29,48,59,
177,36,5000000,381000,user_27,41,59,
3315,32,4999999,0,builder_17,54,54,177
2226,40,5200000,0,user_49,50,59,
908,41,5200000,0,user_27,45,59,
3316,35,5000001,0,builder_17,54,54,1384
1384,45,5000000,13900,user_45,47,59,
3317,37,5000001,0,builder_17,54,54,1380
1380,47,5000000,6390,user_41,47,59,
2168,55,5000001,0,user_0,50,59,177
2181,56,5000001,0,user_9,50,59,177
2183,57,5000001,0,user_9,50,59,177
1124,48,5000001,0,user_10,46,59,177
538,51,5000001,0,user_17,43,59,177
547,50,5000001,0,user_26,43,59,177
345,52,5000001,0,user_12,42,59,177
353,53,5000001,0,user_24,42,59,177
1905,49,5000001,0,user_13,49,59,177
2184,54,5000001,0,user_11,50,59,177
714,59,5000001,0,user_15,44,59,177
883,60,5000001,0,user_0,45,59,177
719,58,5000001,0,user_19,44,59,177
1617,61,5000001,0,user_26,48,59,177
1910,63,5000001,0,user_18,49,59,177
1917,64,5000001,0,user_24,49,59,177
1911,62,5000001,0,user_20,49,59,177
349,65,5000001,0,user_19,42,59,177
2913,74,5000000,0,user_34,53,59,
1377,69,5000000,0,user_37,47,59,
731,70,5000000,0,user_30,44,59,
749,72,5000000,0,user_47,44,59,
191,71,5000000,0,user_38,41,59,
1929,73,5000000,0,user_39,49,59,
1914,90,4999999,0,user_23,49,59,177
2179,82,4999999,0,user_9,50,59,177
2180,83,4999999,0,user_9,50,59,177
2182,84,4999999,0,user_9,50,59,177
528,77,4999999,0,user_8,43,59,177
529,78,4999999,0,user_8,43,59,177
545,76,4999999,0,user_21,43,59,177
348,79,4999999,0,user_16,42,59,177
354,80,4999999,0,user_24,42,59,177
1593,75,4999999,0,user_7,48,59,177
2178,81,4999999,0,user_8,50,59,177
724,85,4999999,0,user_25,44,59,177
1894,86,4999999,0,user_4,49,59,177
1898,89,4999999,0,user_5,49,59,177
1913,92,4999999,0,user_22,49,59,177
1901,87,4999999,0,user_10,49,59,177
1909,88,4999999,0,user_18,49,59,177
1916,91,4999999,0,user_24,49,59,177
3318,81,4500001,0,builder_17,54,54,732
732,94,4500000,16400,user_31,44,59,
2681,97,4200000,231000,user_36,52,59,
3319,84,4199999,0,builder_17,54,54,2681
55,99,4200000,33100,user_43,40,59,
3320,86,4199999,0,builder_17,54,54,55
343,98,4200001,0,user_10,42,57,55
341,97,4200001,0,user_8,42,57,55
169,96,4200001,0,user_17,41,56,55
156,95,4200001,0,user_9,41,56,55
162,99,4200001,0,user_13,41,57,55
163,94,4200001,0,user_13,41,56,55
1151,98,4200000,0,user_34,46,56,
552,97,4200000,0,user_34,43,56,
362,97,4200000,0,user_32,42,55,
1634,98,4200000,0,user_39,48,55,
1622,99,4200000,0,user_28,48,56,
344,99,4199999,0,user_11,42,55,55
340,99,4199999,0,user_8,42,54,55
2919,1,43000000,56200,user_39,53,59,
3552,1,42999999,0,builder_17,55,55,2919
2678,4,43000000,0,user_34,52,59,
11,2,43000000,0,user_9,40,59,
1627,3,43000000,0,user_29,48,59,
1370,5,30000000,0,user_29,47,59,
735,7,30000000,0,user_35,44,59,
1931,8,30000000,0,user_41,49,59,
2214,6,30000000,0,user_38,50,59,
358,9,27000000,0,user_28,42,59,
1926,10,27000000,0,user_34,49,59,
2677,11,27000000,0,user_32,52,59,
2217,12,19000000,0,user_40,50,59,
2449,13,19000000,0,user_32,51,59,
727,18,170000,17700000,user_27,44,59,
3553,15,169999,0,builder_17,55,55,727
3554,16,3500001,0,builder_17,55,55,1618
1618,20,3500000,7190000,user_27,48,59,
46,22,6300000,7840,user_34,40,59,
3555,19,6299999,0,builder_17,55,55,46
164,23,6300001,0,user_14,41,59,46
1147,25,6300000,0,user_31,46,59,
1640,27,6300000,0,user_44,48,59,
187,28,6300000,0,user_33,41,59,
166,29,6299999,0,user_16,41,59,46
152,30,6299999,0,user_6,41,59,46
165,31,6299999,0,user_14,41,59,46
1158,32,6100000,0,user_47,46,59,
51,33,6100000,0,user_40,40,59,
43,34,6100000,0,user_33,40,59,
1626,35,6100000,0,user_29,48,59,
3556,31,5000001,0,builder_17,55,55,177
177,36,5000000,381000,user_27,41,59,
908,41,5200000,0,user_27,45,59,
2226,40,5200000,0,user_49,50,59,
3557,35,5000001,0,builder_17,55,55,1384
1384,45,5000000,13900,user_45,47,59,
3558,37,5000001,0,builder_17,55,55,1380
1380,47,5000000,6390,user_41,47,59,
1124,48,5000001,0,user_10,46,59,177
1905,49,5000001,0,user_13,49,59,177
547,50,5000001,0,user_26,43,59,177
538,51,5000001,0,user_17,43,59,177
345,52,5000001,0,user_12,42,59,177
353,53,5000001,0,user_24,42,59,177
2184,54,5000001,0,user_11,50,59,177
719,58,5000001,0,user_19,44,59,177
714,59,5000001,0,user_15,44,59,177
883,60,5000001,0,user_0,45,59,177
1617,61,5000001,0,user_26,48,59,177
1911,62,5000001,0,user_20,49,59,177
1910,63,5000001,0,user_18,49,59,177
2168,55,5000001,0,user_0,50,59,177
2181,56,5000001,0,user_9,50,59,177
2183,57,5000001,0,user_9,50,59,177
1917,64,5000001,0,user_24,49,59,177
349,65,5000001,0,user_19,42,59,177
2913,74,5000000,0,user_34,53,59,
1377,69,5000000,0,user_37,47,59,
731,70,5000000,0,user_30,44,59,
191,71,5000000,0,user_38,41,59,
749,72,5000000,0,user_47,44,59,
1929,73,5000000,0,user_39,49,59,
1593,75,4999999,0,user_7,48,59,177
545,76,4999999,0,user_21,43,59,177
528,77,4999999,0,user_8,43,59,177
529,78,4999999,0,user_8,43,59,177
348,79,4999999,0,user_16,42,59,177
354,80,4999999,0,user_24,42,59,177
2178,81,4999999,0,user_8,50,59,177
724,85,4999999,0,user_25,44,59,177
1894,86,4999999,0,user_4,49,59,177
1901,87,4999999,0,user_10,49,59,177
1909,88,4999999,0,user_18,49,59,177
1898,89,4999999,0,user_5,49,59,177
1914,90,4999999,0,user_23,49,59,177
2179,82,4999999,0,user_9,50,59,177
2180,83,4999999,0,user_9,50,59,177
2182,84,4999999,0,user_9,50,59,177
1916,91,4999999,0,user_24,49,59,177
1913,92,4999999,0,user_22,49,59,177
732,94,4500000,16400,user_31,44,59,
3559,82,4499999,0,builder_17,55,55,732
3378,95,4500000,0,user_42,55,59,
2681,97,4200000,231000,user_36,52,59,
3560,85,4199999,0,builder_17,55,55,2681
3561,86,4200001,0,builder_17,55,55,55
55,99,4200000,33100,user_43,40,59,
343,98,4200001,0,user_10,42,57,55
341,97,4200001,0,user_8,42,57,55
156,95,4200001,0,user_9,41,56,55
162,99,4200001,0,user_13,41,57,55
163,94,4200001,0,user_13,41,56,55
169,96,4200001,0,user_17,41,56,55
552,97,4200000,0,user_34,43,56,
1151,98,4200000,0,user_34,46,56,
1622,99,4200000,0,user_28,48,56,
362,97,4200000,0,user_32,42,55,
1634,98,4200000,0,user_39,48,55,
344,99,4199999,0,user_11,42,55,55
3811,0,43000001,0,builder_17,56,56,2919
2919,1,43000000,56200,user_39,53,59,
2678,4,43000000,0,user_34,52,59,
1627,3,43000000,0,user_29,48,59,
11,2,43000000,0,user_9,40,59,
1370,5,30000000,0,user_29,47,59,
735,7,30000000,0,user_35,44,59,
1931,8,30000000,0,user_41,49,59,
2214,6,30000000,0,user_38,50,59,
2677,11,27000000,0,user_32,52,59,
358,9,27000000,0,user_28,42,59,
1926,10,27000000,0,user_34,49,59,
2217,12,19000000,0,user_40,50,59,
2449,13,19000000,0,user_32,51,59,
3812,14,170001,0,builder_17,56,56,727
727,18,170000,17700000,user_27,44,59,
3813,16,3500001,0,builder_17,56,56,1618
1618,20,3500000,7190000,user_27,48,59,
3814,18,6300001,0,builder_17,56,56,46
46,22,6300000,7840,user_34,40,59,
164,23,6300001,0,user_14,41,59,46
1147,25,6300000,0,user_31,46,59,
1640,27,6300000,0,user_44,48,59,
187,28,6300000,0,user_33,41,59,
166,29,6299999,0,user_16,41,59,46
152,30,6299999,0,user_6,41,59,46
165,31,6299999,0,user_14,41,59,46
51,33,6100000,0,user_40,40,59,
1158,32,6100000,0,user_47,46,59,
1626,35,6100000,0,user_29,48,59,
43,34,6100000,0,user_33,40,59,
3815,31,5000001,0,builder_17,56,56,177
177,36,5000000,381000,user_27,41,59,
3380,38,5000000,215000,user_43,55,59,
3816,34,4999999,0,builder_17,56,56,3380
908,41,5200000,0,user_27,45,59,
2226,40,5200000,0,user_49,50,59,
1384,45,5000000,13900,user_45,47,59,
3817,38,4999999,0,builder_17,56,56,1384
1380,47,5000000,6390,user_41,47,59,
3818,40,4999999,0,builder_17,56,56,1380
1905,49,5000001,0,user_13,49,59,177
2184,54,5000001,0,user_11,50,59,177
1124,48,5000001,0,user_10,46,59,177
538,51,5000001,0,user_17,43,59,177
547,50,5000001,0,user_26,43,59,177
345,52,5000001,0,user_12,42,59,177
353,53,5000001,0,user_24,42,59,177
1617,61,5000001,0,user_26,48,59,177
1911,62,5000001,0,user_20,49,59,177
719,58,5000001,0,user_19,44,59,177
714,59,5000001,0,user_15,44,59,177
883,60,5000001,0,user_0,45,59,177
1910,63,5000001,0,user_18,49,59,177
1917,64,5000001,0,user_24,49,59,177
2168,55,5000001,0,user_0,50,59,177
2181,56,5000001,0,user_9,50,59,177
2183,57,5000001,0,user_9,50,59,177
349,65,5000001,0,user_19,42,59,177
2913,74,5000000,0,user_34,53,59,
1377,69,5000000,0,user_37,47,59,
731,70,5000000,0,user_30,44,59,
749,72,5000000,0,user_47,44,59,
191,71,5000000,0,user_38,41,59,
1929,73,5000000,0,user_39,49,59,
3625,68,5000000,0,user_42,56,59,
1593,75,4999999,0,user_7,48,59,177
545,76,4999999,0,user_21,43,59,177
528,77,4999999,0,user_8,43,59,177
529,78,4999999,0,user_8,43,59,177
348,79,4999999,0,user_16,42,59,177
354,80,4999999,0,user_24,42,59,177
2178,81,4999999,0,user_8,50,59,177
1894,86,4999999,0,user_4,49,59,177
1898,89,4999999,0,user_5,49,59,177
1901,87,4999999,0,user_10,49,59,177
724,85,4999999,0,user_25,44,59,177
1913,92,4999999,0,user_22,49,59,177
1909,88,4999999,0,user_18,49,59,177
1914,90,4999999,0,user_23,49,59,177
1916,91,4999999,0,user_24,49,59,177
2179,82,4999999,0,user_9,50,59,177
2180,83,4999999,0,user_9,50,59,177
2182,84,4999999,0,user_9,50,59,177
732,94,4500000,16400,user_31,44,59,
3819,85,4499999,0,builder_17,56,56,732
3378,95,4500000,0,user_42,55,59,
2681,97,4200000,231000,user_36,52,59,
3820,88,4199999,0,builder_17,56,56,2681
3821,89,4200001,0,builder_17,56,56,55
55,99,4200000,33100,user_43,40,59,
343,98,4200001,0,user_10,42,57,55
341,97,4200001,0,user_8,42,57,55
162,99,4200001,0,user_13,41,57,55
163,94,4200001,0,user_13,41,56,55
156,95,4200001,0,user_9,41,56,55
169,96,4200001,0,user_17,41,56,55
552,97,4200000,0,user_34,43,56,
1151,98,4200000,0,user_34,46,56,
1622,99,4200000,0,user_28,48,56,
4091,0,43000001,0,builder_17,57,57,2919
2919,1,43000000,56200,user_39,53,59,
1627,3,43000000,0,user_29,48,59,
11,2,43000000,0,user_9,40,59,
2678,4,43000000,0,user_34,52,59,
1370,5,30000000,0,user_29,47,59,
1931,8,30000000,0,user_41,49,59,
735,7,30000000,0,user_35,44,59,
2214,6,30000000,0,user_38,50,59,
1926,10,27000000,0,user_34,49,59,
358,9,27000000,0,user_28,42,59,
2677,11,27000000,0,user_32,52,59,
2217,12,19000000,0,user_40,50,59,
2449,13,19000000,0,user_32,51,59,
4092,14,660001,0,builder_17,57,57,3875
3875,15,660000,17700000,user_31,57,59,
727,18,170000,17700000,user_27,44,59,
4093,17,169999,0,builder_17,57,57,727
4094,18,3500001,0,builder_17,57,57,1618
1618,20,3500000,7190000,user_27,48,59,
4095,20,6300001,0,builder_17,57,57,46
46,22,6300000,7840,user_34,40,59,
164,23,6300001,0,user_14,41,59,46
1147,25,6300000,0,user_31,46,59,
1640,27,6300000,0,user_44,48,59,
187,28,6300000,0,user_33,41,59,
3876,24,6300000,0,user_31,57,59,
166,29,6299999,0,user_16,41,59,46
152,30,6299999,0,user_6,41,59,46
165,31,6299999,0,user_14,41,59,46
1158,32,6100000,0,user_47,46,59,
51,33,6100000,0,user_40,40,59,
1626,35,6100000,0,user_29,48,59,
43,34,6100000,0,user_33,40,59,
4096,34,5000001,0,builder_17,57,57,177
177,36,5000000,381000,user_27,41,59,
4097,36,5000001,0,builder_17,57,57,3380
3380,38,5000000,215000,user_43,55,59,
908,41,5200000,0,user_27,45,59,
2226,40,5200000,0,user_49,50,59,
4098,40,5000001,0,builder_17,57,57,3874
3874,43,5000000,14200,user_30,57,59,
4099,42,5000001,0,builder_17,57,57,1384
1384,45,5000000,13900,user_45,47,59,
1380,47,5000000,6390,user_41,47,59,
4100,45,4999999,0,builder_17,57,57,1380
2184,54,5000001,0,user_11,50,59,177
1905,49,5000001,0,user_13,49,59,177
1124,48,5000001,0,user_10,46,59,177
345,52,5000001,0,user_12,42,59,177
353,53,5000001,0,user_24,42,59,177
547,50,5000001,0,user_26,43,59,177
538,51,5000001,0,user_17,43,59,177
1617,61,5000001,0,user_26,48,59,177
1911,62,5000001,0,user_20,49,59,177
1910,63,5000001,0,user_18,49,59,177
1917,64,5000001,0,user_24,49,59,177
2168,55,5000001,0,user_0,50,59,177
883,60,5000001,0,user_0,45,59,177
719,58,5000001,0,user_19,44,59,177
714,59,5000001,0,user_15,44,59,177
2181,56,5000001,0,user_9,50,59,177
2183,57,5000001,0,user_9,50,59,177
349,65,5000001,0,user_19,42,59,177
3625,68,5000000,0,user_42,56,59,
1377,69,5000000,0,user_37,47,59,
731,70,5000000,0,user_30,44,59,
1929,73,5000000,0,user_39,49,59,
749,72,5000000,0,user_47,44,59,
191,71,5000000,0,user_38,41,59,
2913,74,5000000,0,user_34,53,59,
3882,66,5000000,0,user_35,57,59,
2178,81,4999999,0,user_8,50,59,177
348,79,4999999,0,user_16,42,59,177
354,80,4999999,0,user_24,42,59,177
528,77,4999999,0,user_8,43,59,177
529,78,4999999,0,user_8,43,59,177
545,76,4999999,0,user_21,43,59,177
1593,75,4999999,0,user_7,48,59,177
1894,86,4999999,0,user_4,49,59,177
1898,89,4999999,0,user_5,49,59,177
1913,92,4999999,0,user_22,49,59,177
1901,87,4999999,0,user_10,49,59,177
1909,88,4999999,0,user_18,49,59,177
1914,90,4999999,0,user_23,49,59,177
1916,91,4999999,0,user_24,49,59,177
724,85,4999999,0,user_25,44,59,177
2179,82,4999999,0,user_9,50,59,177
2180,83,4999999,0,user_9,50,59,177
2182,84,4999999,0,user_9,50,59,177
732,94,4500000,16400,user_31,44,59,
4101,91,4499999,0,builder_17,57,57,732
3378,95,4500000,0,user_42,55,59,
4102,93,4200001,0,builder_17,57,57,2681
2681,97,4200000,231000,user_36,52,59,
4103,95,4200001,0,builder_17,57,57,55
55,99,4200000,33100,user_43,40,59,
341,97,4200001,0,user_8,42,57,55
343,98,4200001,0,user_10,42,57,55
162,99,4200001,0,user_13,41,57,55
4386,0,43000001,0,builder_17,58,58,2919
2919,1,43000000,56200,user_39,53,59,
11,2,43000000,0,user_9,40,59,
1627,3,43000000,0,user_29,48,59,
2678,4,43000000,0,user_34,52,59,
1370,5,30000000,0,user_29,47,59,
2214,6,30000000,0,user_38,50,59,
1931,8,30000000,0,user_41,49,59,
735,7,30000000,0,user_35,44,59,
1926,10,27000000,0,user_34,49,59,
358,9,27000000,0,user_28,42,59,
2677,11,27000000,0,user_32,52,59,
2217,12,19000000,0,user_40,50,59,
2449,13,19000000,0,user_32,51,59,
3875,15,660000,17700000,user_31,57,59,
4387,15,659999,0,builder_17,58,58,3875
4388,16,170001,0,builder_17,58,58,727
727,18,170000,17700000,user_27,44,59,
1618,20,3500000,7190000,user_27,48,59,
4389,19,3499999,0,builder_17,58,58,1618
4390,20,6300001,0,builder_17,58,58,46
46,22,6300000,7840,user_34,40,59,
164,23,6300001,0,user_14,41,59,46
1147,25,6300000,0,user_31,46,59,
3876,24,6300000,0,user_31,57,59,
187,28,6300000,0,user_33,41,59,
1640,27,6300000,0,user_44,48,59,
4166,26,6300000,0,user_45,58,59,
166,29,6299999,0,user_16,41,59,46
152,30,6299999,0,user_6,41,59,46
165,31,6299999,0,user_14,41,59,46
1158,32,6100000,0,user_47,46,59,
51,33,6100000,0,user_40,40,59,
43,34,6100000,0,user_33,40,59,
1626,35,6100000,0,user_29,48,59,
177,36,5000000,381000,user_27,41,59,
4391,36,4999999,0,builder_17,58,58,177
4392,37,5000001,0,builder_17,58,58,3380
3380,38,5000000,215000,user_43,55,59,
2226,40,5200000,0,user_49,50,59,
908,41,5200000,0,user_27,45,59,
4393,41,5000001,0,builder_17,58,58,4151
4151,42,5000000,36800,user_34,58,58,
4394,43,5000001,0,builder_17,58,58,3874
3874,43,5000000,14200,user_30,57,59,
1384,45,5000000,13900,user_45,47,59,
4395,46,4999999,0,builder_17,58,58,1384
1380,47,5000000,6390,user_41,47,59,
4396,48,4999999,0,builder_17,58,58,1380
2184,54,5000001,0,user_11,50,59,177
1905,49,5000001,0,user_13,49,59,177
1124,48,5000001,0,user_10,46,59,177
538,51,5000001,0,user_17,43,59,177
547,50,5000001,0,user_26,43,59,177
345,52,5000001,0,user_12,42,59,177
353,53,5000001,0,user_24,42,59,177
2168,55,5000001,0,user_0,50,59,177
2181,56,5000001,0,user_9,50,59,177
2183,57,5000001,0,user_9,50,59,177
1910,63,5000001,0,user_18,49,59,177
1917,64,5000001,0,user_24,49,59,177
1911,62,5000001,0,user_20,49,59,177
714,59,5000001,0,user_15,44,59,177
883,60,5000001,0,user_0,45,59,177
719,58,5000001,0,user_19,44,59,177
1617,61,5000001,0,user_26,48,59,177
349,65,5000001,0,user_19,42,59,177
3625,68,5000000,0,user_42,56,59,
3882,66,5000000,0,user_35,57,59,
1377,69,5000000,0,user_37,47,59,
731,70,5000000,0,user_30,44,59,
3888,67,5000000,0,user_38,57,59,
1929,73,5000000,0,user_39,49,59,
749,72,5000000,0,user_47,44,59,
191,71,5000000,0,user_38,41,59,
2913,74,5000000,0,user_34,53,59,
2178,81,4999999,0,user_8,50,59,177
528,77,4999999,0,user_8,43,59,177
529,78,4999999,0,user_8,43,59,177
545,76,4999999,0,user_21,43,59,177
348,79,4999999,0,user_16,42,59,177
354,80,4999999,0,user_24,42,59,177
1593,75,4999999,0,user_7,48,59,177
1898,89,4999999,0,user_5,49,59,177
2179,82,4999999,0,user_9,50,59,177
2180,83,4999999,0,user_9,50,59,177
2182,84,4999999,0,user_9,50,59,177
1894,86,4999999,0,user_4,49,59,177
1909,88,4999999,0,user_18,49,59,177
1914,90,4999999,0,user_23,49,59,177
1916,91,4999999,0,user_24,49,59,177
1913,92,4999999,0,user_22,49,59,177
1901,87,4999999,0,user_10,49,59,177
724,85,4999999,0,user_25,44,59,177
732,94,4500000,16400,user_31,44,59,
4397,95,4499999,0,builder_17,58,58,732
3378,95,4500000,0,user_42,55,59,
2681,97,4200000,231000,user_36,52,59,
4398,98,4199999,0,builder_17,58,58,2681
55,99,4200000,33100,user_43,40,59,
4687,0,43000001,0,builder_17,59,59,2919
2919,1,43000000,56200,user_39,53,59,
11,2,43000000,0,user_9,40,59,
1627,3,43000000,0,user_29,48,59,
2678,4,43000000,0,user_34,52,59,
1370,5,30000000,0,user_29,47,59,
2214,6,30000000,0,user_38,50,59,
735,7,30000000,0,user_35,44,59,
1931,8,30000000,0,user_41,49,59,
358,9,27000000,0,user_28,42,59,
1926,10,27000000,0,user_34,49,59,
2677,11,27000000,0,user_32,52,59,
2217,12,19000000,0,user_40,50,59,
2449,13,19000000,0,user_32,51,59,
4445,14,19000000,0,user_36,59,59,
3875,15,660000,17700000,user_31,57,59,
4688,16,659999,0,builder_17,59,59,3875
4689,17,170001,0,builder_17,59,59,727
727,18,170000,17700000,user_27,44,59,
4690,19,3500001,0,builder_17,59,59,1618
1618,20,3500000,7190000,user_27,48,59,
4691,21,6300001,0,builder_17,59,59,46
46,22,6300000,7840,user_34,40,59,
164,23,6300001,0,user_14,41,59,46
3876,24,6300000,0,user_31,57,59,
1147,25,6300000,0,user_31,46,59,
4166,26,6300000,0,user_45,58,59,
1640,27,6300000,0,user_44,48,59,
187,28,6300000,0,user_33,41,59,
166,29,6299999,0,user_16,41,59,46
152,30,6299999,0,user_6,41,59,46
165,31,6299999,0,user_14,41,59,46
1158,32,6100000,0,user_47,46,59,
51,33,6100000,0,user_40,40,59,
43,34,6100000,0,user_33,40,59,
1626,35,6100000,0,user_29,48,59,
177,36,5000000,381000,user_27,41,59,
4692,37,4999999,0,builder_17,59,59,177
3380,38,5000000,215000,user_43,55,59,
4693,39,4999999,0,builder_17,59,59,3380
2226,40,5200000,0,user_49,50,59,
908,41,5200000,0,user_27,45,59,
4694,42,5000001,0,builder_17,59,59,3874
3874,43,5000000,14200,user_30,57,59,
4695,44,5000001,0,builder_17,59,59,1384
1384,45,5000000,13900,user_45,47,59,
4696,46,5000001,0,builder_17,59,59,1380
1380,47,5000000,6390,user_41,47,59,
1124,48,5000001,0,user_10,46,59,177
1905,49,5000001,0,user_13,49,59,177
547,50,5000001,0,user_26,43,59,177
538,51,5000001,0,user_17,43,59,177
345,52,5000001,0,user_12,42,59,177
353,53,5000001,0,user_24,42,59,177
2184,54,5000001,0,user_11,50,59,177
2168,55,5000001,0,user_0,50,59,177
2181,56,5000001,0,user_9,50,59,177
2183,57,5000001,0,user_9,50,59,177
719,58,5000001,0,user_19,44,59,177
714,59,5000001,0,user_15,44,59,177
883,60,5000001,0,user_0,45,59,177
1617,61,5000001,0,user_26,48,59,177
1911,62,5000001,0,user_20,49,59,177
1910,63,5000001,0,user_18,49,59,177
1917,64,5000001,0,user_24,49,59,177
349,65,5000001,0,user_19,42,59,177
3882,66,5000000,0,user_35,57,59,
3888,67,5000000,0,user_38,57,59,
3625,68,5000000,0,user_42,56,59,
1377,69,5000000,0,user_37,47,59,
731,70,5000000,0,user_30,44,59,
191,71,5000000,0,user_38,41,59,
749,72,5000000,0,user_47,44,59,
1929,73,5000000,0,user_39,49,59,
2913,74,5000000,0,user_34,53,59,
1593,75,4999999,0,user_7,48,59,177
545,76,4999999,0,user_21,43,59,177
528,77,4999999,0,user_8,43,59,177
529,78,4999999,0,user_8,43,59,177
348,79,4999999,0,user_16,42,59,177
354,80,4999999,0,user_24,42,59,177
2178,81,4999999,0,user_8,50,59,177
2179,82,4999999,0,user_9,50,59,177
2180,83,4999999,0,user_9,50,59,177
2182,84,4999999,0,user_9,50,59,177
724,85,4999999,0,user_25,44,59,177
1894,86,4999999,0,user_4,49,59,177
1901,87,4999999,0,user_10,49,59,177
1909,88,4999999,0,user_18,49,59,177
1898,89,4999999,0,user_5,49,59,177
1914,90,4999999,0,user_23,49,59,177
1916,91,4999999,0,user_24,49,59,177
1913,92,4999999,0,user_22,49,59,177
4697,93,4500001,0,builder_17,59,59,732
732,94,4500000,16400,user_31,44,59,
3378,95,4500000,0,user_42,55,59,
4698,96,4200001,0,builder_17,59,59,2681
2681,97,4200000,231000,user_36,52,59,
4699,98,4200001,0,builder_17,59,59,55
55,99,4200000,33100,user_43,40,59,
11,2,43000000,0,user_9,60,79,
46,22,6300000,7840,user_34,60,79,
128,2,6299999,0,builder_17,60,60,46
43,34,6100000,0,user_33,60,79,
51,33,6100000,0,user_40,60,79,
38,96,3200000,21800,user_30,60,69,
129,6,3199999,0,builder_17,60,60,38
15,86,2600000,0,user_11,60,68,
61,87,2600000,0,user_46,60,68,
42,88,2500000,0,user_32,60,68,
44,96,2000000,322000,user_33,60,68,
130,11,1999999,0,builder_17,60,60,44
45,98,2300000,0,user_33,60,68,
10,94,2000000,0,user_8,60,66,
39,98,1500000,0,user_30,60,64,
66,90,1300000,0,user_49,60,63,
37,94,1200000,0,user_28,60,63,
60,93,1200000,0,user_45,60,63,
13,95,1100000,0,user_11,60,63,
65,97,1000000,0,user_48,60,63,
5,99,660000,14200,user_4,60,63,
131,21,659999,0,builder_17,60,60,5
17,84,660001,0,user_14,60,62,5
6,86,660001,0,user_5,60,62,5
8,87,660001,0,user_5,60,62,5
21,91,660001,0,user_17,60,62,5
23,92,660001,0,user_18,60,62,5
24,93,660001,0,user_18,60,62,5
25,94,660001,0,user_18,60,62,5
31,89,660001,0,user_25,60,62,5
32,90,660001,0,user_25,60,62,5
19,85,660001,0,user_15,60,62,5
29,88,660001,0,user_22,60,62,5
16,95,659999,0,user_14,60,62,5
7,96,659999,0,user_5,60,62,5
22,99,659999,0,user_18,60,62,5
26,86,659999,0,user_18,60,61,5
33,97,659999,0,user_26,60,62,5
34,98,659999,0,user_26,60,62,5
48,87,420000,0,user_35,60,61,
12,89,310000,0,user_11,60,61,
4,95,260000,0,user_4,60,61,
14,96,220000,0,user_11,60,61,
41,97,220000,0,user_32,60,61,
63,98,220000,0,user_47,60,61,
132,45,150001,0,builder_17,60,60,1
1,99,150000,39400,user_1,60,61,
64,47,160000,0,user_48,60,60,
49,48,160000,0,user_36,60,60,
53,49,160000,0,user_42,60,60,
2,50,150001,0,user_2,60,60,1
9,51,150001,0,user_7,60,60,1
18,52,150001,0,user_15,60,60,1
3,53,149999,0,user_3,60,60,1
20,54,149999,0,user_16,60,60,1
30,55,149999,0,user_23,60,60,1
28,56,149999,0,user_20,60,60,1
50,57,130000,0,user_39,60,60,
52,58,110000,0,user_41,60,60,
40,59,87000,0,user_31,60,60,
62,60,82000,0,user_46,60,60,
0,61,80000,0,user_1,60,60,
54,62,77000,0,user_42,60,60,
47,63,70000,0,user_34,60,60,
11,2,43000000,0,user_9,60,79,
46,22,6300000,7840,user_34,60,79,
323,2,6299999,0,builder_18,61,61,46
164,23,6300001,0,user_14,61,79,46
187,28,6300000,0,user_33,61,79,
165,31,6299999,0,user_14,61,79,46
166,29,6299999,0,user_16,61,79,46
152,30,6299999,0,user_6,61,79,46
51,33,6100000,0,user_40,60,79,
43,34,6100000,0,user_33,60,79,
324,10,5000001,0,builder_18,61,61,177
177,36,5000000,381000,user_27,61,79,
55,99,4200000,33100,user_43,60,79,
325,13,4199999,0,builder_18,61,61,55
156,95,4200001,0,user_9,61,76,55
162,99,4200001,0,user_13,61,77,55
163,94,4200001,0,user_13,61,76,55
169,96,4200001,0,user_17,61,76,55
171,98,4199999,0,user_20,61,73,55
159,99,4199999,0,user_13,61,73,55
176,99,4199999,0,user_26,61,72,55
326,21,3200001,0,builder_18,61,61,38
38,96,3200000,21800,user_30,60,69,
144,77,3200001,0,user_4,61,68,38
142,81,3199999,0,user_3,61,68,38
143,82,3199999,0,user_3,61,68,38
174,83,3199999,0,user_23,61,68,38
15,86,2600000,0,user_11,60,68,
61,87,2600000,0,user_46,60,68,
199,84,2600000,0,user_47,61,68,
42,88,2500000,0,user_32,60,68,
327,31,2000001,0,builder_18,61,61,44
44,96,2000000,322000,user_33,60,68,
45,98,2300000,0,user_33,60,68,
36,97,2300000,0,user_27,60,68,
154,96,2000001,0,user_7,61,67,44
172,94,2000001,0,user_21,61,67,44
145,97,2000001,0,user_5,61,67,44
149,98,2000001,0,user_5,61,67,44
151,95,2000001,0,user_6,61,67,44
173,99,2000001,0,user_22,61,67,44
10,94,2000000,0,user_8,60,66,
140,98,1999999,0,user_2,61,66,44
158,93,1999999,0,user_10,61,65,44
139,91,1999999,0,user_0,61,65,44
160,94,1999999,0,user_13,61,65,44
161,95,1999999,0,user_13,61,65,44
167,96,1999999,0,user_17,61,65,44
147,99,1999999,0,user_5,61,66,44
150,97,1999999,0,user_6,61,65,44
153,98,1999999,0,user_6,61,65,44
175,99,1999999,0,user_26,61,65,44
196,92,1800000,0,user_44,61,64,
181,93,1600000,0,user_30,61,64,
194,94,1600000,0,user_42,61,64,
39,98,1500000,0,user_30,60,64,
200,97,1500000,0,user_48,61,64,
185,99,1500000,0,user_32,61,64,
35,86,1400000,0,user_27,60,63,
56,87,1400000,0,user_43,60,63,
198,88,1400000,0,user_46,61,63,
66,90,1300000,0,user_49,60,63,
37,94,1200000,0,user_28,60,63,
60,93,1200000,0,user_45,60,63,
197,92,1200000,0,user_45,61,63,
13,95,1100000,0,user_11,60,63,
65,97,1000000,0,user_48,60,63,
328,67,660001,0,builder_18,61,61,5
5,99,660000,14200,user_4,60,63,
6,86,660001,0,user_5,60,62,5
8,87,660001,0,user_5,60,62,5
27,83,660001,0,user_19,60,62,5
17,84,660001,0,user_14,60,62,5
19,85,660001,0,user_15,60,62,5
29,88,660001,0,user_22,60,62,5
31,89,660001,0,user_25,60,62,5
32,90,660001,0,user_25,60,62,5
21,91,660001,0,user_17,60,62,5
23,92,660001,0,user_18,60,62,5
24,93,660001,0,user_18,60,62,5
25,94,660001,0,user_18,60,62,5
7,96,659999,0,user_5,60,62,5
16,95,659999,0,user_14,60,62,5
33,97,659999,0,user_26,60,62,5
34,98,659999,0,user_26,60,62,5
22,99,659999,0,user_18,60,62,5
26,86,659999,0,user_18,60,61,5
48,87,420000,0,user_35,60,61,
183,88,340000,0,user_32,61,61,
12,89,310000,0,user_11,60,61,
193,90,310000,0,user_40,61,61,
329,91,260001,0,builder_18,61,61,192
192,92,260000,21800,user_39,61,61,
57,93,110000,164000,user_43,60,61,
330,94,109999,0,builder_18,61,61,57
4,95,260000,0,user_4,60,61,
14,96,220000,0,user_11,60,61,
41,97,220000,0,user_32,60,61,
63,98,220000,0,user_47,60,61,
1,99,150000,39400,user_1,60,61,
11,2,43000000,0,user_9,60,79,
46,22,6300000,7840,user_34,60,79,
514,2,6299999,0,builder_18,62,62,46
164,23,6300001,0,user_14,61,79,46
187,28,6300000,0,user_33,61,79,
152,30,6299999,0,user_6,61,79,46
165,31,6299999,0,user_14,61,79,46
166,29,6299999,0,user_16,61,79,46
43,34,6100000,0,user_33,60,79,
51,33,6100000,0,user_40,60,79,
345,52,5000001,0,user_12,62,79,177
353,53,5000001,0,user_24,62,79,177
191,71,5000000,0,user_38,61,79,
348,79,4999999,0,user_16,62,79,177
354,80,4999999,0,user_24,62,79,177
55,99,4200000,33100,user_43,60,79,
515,16,4199999,0,builder_18,62,62,55
162,99,4200001,0,user_13,61,77,55
163,94,4200001,0,user_13,61,76,55
156,95,4200001,0,user_9,61,76,55
169,96,4200001,0,user_17,61,76,55
343,98,4200001,0,user_10,62,77,55
341,97,4200001,0,user_8,62,77,55
362,97,4200000,0,user_32,62,75,
159,99,4199999,0,user_13,61,73,55
171,98,4199999,0,user_20,61,73,55
176,99,4199999,0,user_26,61,72,55
344,99,4199999,0,user_11,62,75,55
340,99,4199999,0,user_8,62,74,55
38,96,3200000,21800,user_30,60,69,
516,30,3199999,0,builder_18,62,62,38
144,77,3200001,0,user_4,61,68,38
142,81,3199999,0,user_3,61,68,38
143,82,3199999,0,user_3,61,68,38
174,83,3199999,0,user_23,61,68,38
15,86,2600000,0,user_11,60,68,
61,87,2600000,0,user_46,60,68,
199,84,2600000,0,user_47,61,68,
42,88,2500000,0,user_32,60,68,
369,93,2400000,0,user_42,62,68,
44,96,2000000,322000,user_33,60,68,
517,41,1999999,0,builder_18,62,62,44
45,98,2300000,0,user_33,60,68,
36,97,2300000,0,user_27,60,68,
145,97,2000001,0,user_5,61,67,44
149,98,2000001,0,user_5,61,67,44
151,95,2000001,0,user_6,61,67,44
154,96,2000001,0,user_7,61,67,44
172,94,2000001,0,user_21,61,67,44
173,99,2000001,0,user_22,61,67,44
355,89,2000001,0,user_25,62,66,44
10,94,2000000,0,user_8,60,66,
140,98,1999999,0,user_2,61,66,44
147,99,1999999,0,user_5,61,66,44
158,93,1999999,0,user_10,61,65,44
160,94,1999999,0,user_13,61,65,44
161,95,1999999,0,user_13,61,65,44
150,97,1999999,0,user_6,61,65,44
153,98,1999999,0,user_6,61,65,44
139,91,1999999,0,user_0,61,65,44
175,99,1999999,0,user_26,61,65,44
167,96,1999999,0,user_17,61,65,44
338,88,1999999,0,user_6,62,65,44
196,92,1800000,0,user_44,61,64,
194,94,1600000,0,user_42,61,64,
181,93,1600000,0,user_30,61,64,
39,98,1500000,0,user_30,60,64,
185,99,1500000,0,user_32,61,64,
200,97,1500000,0,user_48,61,64,
35,86,1400000,0,user_27,60,63,
56,87,1400000,0,user_43,60,63,
198,88,1400000,0,user_46,61,63,
373,85,1400000,0,user_44,62,63,
66,90,1300000,0,user_49,60,63,
37,94,1200000,0,user_28,60,63,
60,93,1200000,0,user_45,60,63,
197,92,1200000,0,user_45,61,63,
13,95,1100000,0,user_11,60,63,
65,97,1000000,0,user_48,60,63,
5,99,660000,14200,user_4,60,63,
518,80,659999,0,builder_18,62,62,5
519,81,73001,0,builder_18,62,62,195
195,82,73000,594000,user_43,61,62,
27,83,660001,0,user_19,60,62,5
17,84,660001,0,user_14,60,62,5
19,85,660001,0,user_15,60,62,5
6,86,660001,0,user_5,60,62,5
8,87,660001,0,user_5,60,62,5
29,88,660001,0,user_22,60,62,5
31,89,660001,0,user_25,60,62,5
32,90,660001,0,user_25,60,62,5
21,91,660001,0,user_17,60,62,5
23,92,660001,0,user_18,60,62,5
24,93,660001,0,user_18,60,62,5
25,94,660001,0,user_18,60,62,5
16,95,659999,0,user_14,60,62,5
7,96,659999,0,user_5,60,62,5
33,97,659999,0,user_26,60,62,5
34,98,659999,0,user_26,60,62,5
22,99,659999,0,user_18,60,62,5
11,2,43000000,0,user_9,60,79,
358,9,27000000,0,user_28,62,79,
686,2,6300001,0,builder_17,63,63,46
46,22,6300000,7840,user_34,60,79,
164,23,6300001,0,user_14,61,79,46
187,28,6300000,0,user_33,61,79,
165,31,6299999,0,user_14,61,79,46
166,29,6299999,0,user_16,61,79,46
152,30,6299999,0,user_6,61,79,46
51,33,6100000,0,user_40,60,79,
43,34,6100000,0,user_33,60,79,
687,11,5000001,0,builder_17,63,63,177
177,36,5000000,381000,user_27,61,79,
345,52,5000001,0,user_12,62,79,177
353,53,5000001,0,user_24,62,79,177
349,65,5000001,0,user_19,62,79,177
538,51,5000001,0,user_17,63,79,177
547,50,5000001,0,user_26,63,79,177
191,71,5000000,0,user_38,61,79,
348,79,4999999,0,user_16,62,79,177
354,80,4999999,0,user_24,62,79,177
528,77,4999999,0,user_8,63,79,177
529,78,4999999,0,user_8,63,79,177
545,76,4999999,0,user_21,63,79,177
688,24,4200001,0,builder_17,63,63,55
55,99,4200000,33100,user_43,60,79,
156,95,4200001,0,user_9,61,76,55
343,98,4200001,0,user_10,62,77,55
341,97,4200001,0,user_8,62,77,55
162,99,4200001,0,user_13,61,77,55
163,94,4200001,0,user_13,61,76,55
169,96,4200001,0,user_17,61,76,55
362,97,4200000,0,user_32,62,75,
552,97,4200000,0,user_34,63,76,
344,99,4199999,0,user_11,62,75,55
340,99,4199999,0,user_8,62,74,55
159,99,4199999,0,user_13,61,73,55
176,99,4199999,0,user_26,61,72,55
171,98,4199999,0,user_20,61,73,55
38,96,3200000,21800,user_30,60,69,
689,40,3199999,0,builder_17,63,63,38
144,77,3200001,0,user_4,61,68,38
142,81,3199999,0,user_3,61,68,38
143,82,3199999,0,user_3,61,68,38
174,83,3199999,0,user_23,61,68,38
199,84,2600000,0,user_47,61,68,
61,87,2600000,0,user_46,60,68,
15,86,2600000,0,user_11,60,68,
42,88,2500000,0,user_32,60,68,
690,49,2400001,0,builder_17,63,63,553
553,91,2400000,18600,user_36,63,68,
369,93,2400000,0,user_42,62,68,
44,96,2000000,322000,user_33,60,68,
691,53,1999999,0,builder_17,63,63,44
36,97,2300000,0,user_27,60,68,
45,98,2300000,0,user_33,60,68,
355,89,2000001,0,user_25,62,66,44
154,96,2000001,0,user_7,61,67,44
172,94,2000001,0,user_21,61,67,44
145,97,2000001,0,user_5,61,67,44
149,98,2000001,0,user_5,61,67,44
151,95,2000001,0,user_6,61,67,44
173,99,2000001,0,user_22,61,67,44
539,91,2000001,0,user_17,63,67,44
10,94,2000000,0,user_8,60,66,
338,88,1999999,0,user_6,62,65,44
522,96,1999999,0,user_0,63,66,44
158,93,1999999,0,user_10,61,65,44
139,91,1999999,0,user_0,61,65,44
160,94,1999999,0,user_13,61,65,44
161,95,1999999,0,user_13,61,65,44
167,96,1999999,0,user_17,61,65,44
147,99,1999999,0,user_5,61,66,44
150,97,1999999,0,user_6,61,65,44
153,98,1999999,0,user_6,61,65,44
175,99,1999999,0,user_26,61,65,44
140,98,1999999,0,user_2,61,66,44
196,92,1800000,0,user_44,61,64,
371,96,1600000,0,user_43,62,64,
181,93,1600000,0,user_30,61,64,
194,94,1600000,0,user_42,61,64,
360,95,1600000,0,user_28,62,64,
200,97,1500000,0,user_48,61,64,
185,99,1500000,0,user_32,61,64,
39,98,1500000,0,user_30,60,64,
373,85,1400000,0,user_44,62,63,
35,86,1400000,0,user_27,60,63,
56,87,1400000,0,user_43,60,63,
198,88,1400000,0,user_46,61,63,
359,89,1400000,0,user_28,62,63,
66,90,1300000,0,user_49,60,63,
556,91,1300000,0,user_40,63,63,
197,92,1200000,0,user_45,61,63,
60,93,1200000,0,user_45,60,63,
37,94,1200000,0,user_28,60,63,
13,95,1100000,0,user_11,60,63,
560,96,1100000,0,user_46,63,63,
65,97,1000000,0,user_48,60,63,
692,98,660001,0,builder_17,63,63,5
5,99,660000,14200,user_4,60,63,
11,2,43000000,0,user_9,60,79,
735,7,30000000,0,user_35,64,79,
358,9,27000000,0,user_28,62,79,
46,22,6300000,7840,user_34,60,79,
866,4,6299999,0,builder_17,64,64,46
164,23,6300001,0,user_14,61,79,46
187,28,6300000,0,user_33,61,79,
152,30,6299999,0,user_6,61,79,46
165,31,6299999,0,user_14,61,79,46
166,29,6299999,0,user_16,61,79,46
43,34,6100000,0,user_33,60,79,
51,33,6100000,0,user_40,60,79,
177,36,5000000,381000,user_27,61,79,
867,13,4999999,0,builder_17,64,64,177
349,65,5000001,0,user_19,62,79,177
538,51,5000001,0,user_17,63,79,177
547,50,5000001,0,user_26,63,79,177
353,53,5000001,0,user_24,62,79,177
345,52,5000001,0,user_12,62,79,177
714,59,5000001,0,user_15,64,79,177
191,71,5000000,0,user_38,61,79,
749,72,5000000,0,user_47,64,79,
731,70,5000000,0,user_30,64,79,
528,77,4999999,0,user_8,63,79,177
529,78,4999999,0,user_8,63,79,177
545,76,4999999,0,user_21,63,79,177
348,79,4999999,0,user_16,62,79,177
354,80,4999999,0,user_24,62,79,177
724,85,4999999,0,user_25,64,79,177
868,29,4500001,0,builder_17,64,64,732
732,94,4500000,16400,user_31,64,79,
55,99,4200000,33100,user_43,60,79,
869,32,4199999,0,builder_17,64,64,55
156,95,4200001,0,user_9,61,76,55
343,98,4200001,0,user_10,62,77,55
169,96,4200001,0,user_17,61,76,55
162,99,4200001,0,user_13,61,77,55
163,94,4200001,0,user_13,61,76,55
341,97,4200001,0,user_8,62,77,55
552,97,4200000,0,user_34,63,76,
362,97,4200000,0,user_32,62,75,
176,99,4199999,0,user_26,61,72,55
344,99,4199999,0,user_11,62,75,55
159,99,4199999,0,user_13,61,73,55
171,98,4199999,0,user_20,61,73,55
340,99,4199999,0,user_8,62,74,55
38,96,3200000,21800,user_30,60,69,
870,47,3199999,0,builder_17,64,64,38
555,98,3200000,6390,user_37,63,69,
871,49,3199999,0,builder_17,64,64,555
144,77,3200001,0,user_4,61,68,38
742,78,3200000,0,user_40,64,68,
174,83,3199999,0,user_23,61,68,38
142,81,3199999,0,user_3,61,68,38
143,82,3199999,0,user_3,61,68,38
554,85,2600000,0,user_37,63,68,
199,84,2600000,0,user_47,61,68,
61,87,2600000,0,user_46,60,68,
15,86,2600000,0,user_11,60,68,
42,88,2500000,0,user_32,60,68,
553,91,2400000,18600,user_36,63,68,
872,61,2399999,0,builder_17,64,64,553
369,93,2400000,0,user_42,62,68,
44,96,2000000,322000,user_33,60,68,
873,64,1999999,0,builder_17,64,64,44
45,98,2300000,0,user_33,60,68,
36,97,2300000,0,user_27,60,68,
539,91,2000001,0,user_17,63,67,44
145,97,2000001,0,user_5,61,67,44
149,98,2000001,0,user_5,61,67,44
154,96,2000001,0,user_7,61,67,44
151,95,2000001,0,user_6,61,67,44
172,94,2000001,0,user_21,61,67,44
173,99,2000001,0,user_22,61,67,44
355,89,2000001,0,user_25,62,66,44
706,90,2000001,0,user_5,64,67,44
716,92,2000001,0,user_17,64,67,44
10,94,2000000,0,user_8,60,66,
750,93,2000000,0,user_48,64,66,
710,97,1999999,0,user_9,64,66,44
158,93,1999999,0,user_10,61,65,44
147,99,1999999,0,user_5,61,66,44
150,97,1999999,0,user_6,61,65,44
153,98,1999999,0,user_6,61,65,44
175,99,1999999,0,user_26,61,65,44
167,96,1999999,0,user_17,61,65,44
338,88,1999999,0,user_6,62,65,44
140,98,1999999,0,user_2,61,66,44
160,94,1999999,0,user_13,61,65,44
161,95,1999999,0,user_13,61,65,44
139,91,1999999,0,user_0,61,65,44
522,96,1999999,0,user_0,63,66,44
196,92,1800000,0,user_44,61,64,
181,93,1600000,0,user_30,61,64,
194,94,1600000,0,user_42,61,64,
360,95,1600000,0,user_28,62,64,
371,96,1600000,0,user_43,62,64,
200,97,1500000,0,user_48,61,64,
39,98,1500000,0,user_30,60,64,
185,99,1500000,0,user_32,61,64,
11,2,43000000,0,user_9,60,79,
735,7,30000000,0,user_35,64,79,
358,9,27000000,0,user_28,62,79,
1096,3,170001,0,builder_17,65,65,727
727,18,170000,17700000,user_27,64,79,
46,22,6300000,7840,user_34,60,79,
1097,6,6299999,0,builder_17,65,65,46
164,23,6300001,0,user_14,61,79,46
187,28,6300000,0,user_33,61,79,
165,31,6299999,0,user_14,61,79,46
166,29,6299999,0,user_16,61,79,46
152,30,6299999,0,user_6,61,79,46
51,33,6100000,0,user_40,60,79,
43,34,6100000,0,user_33,60,79,
1098,14,5000001,0,builder_17,65,65,177
177,36,5000000,381000,user_27,61,79,
714,59,5000001,0,user_15,64,79,177
883,60,5000001,0,user_0,65,79,177
345,52,5000001,0,user_12,62,79,177
349,65,5000001,0,user_19,62,79,177
547,50,5000001,0,user_26,63,79,177
719,58,5000001,0,user_19,64,79,177
353,53,5000001,0,user_24,62,79,177
538,51,5000001,0,user_17,63,79,177
749,72,5000000,0,user_47,64,79,
731,70,5000000,0,user_30,64,79,
191,71,5000000,0,user_38,61,79,
724,85,4999999,0,user_25,64,79,177
348,79,4999999,0,user_16,62,79,177
545,76,4999999,0,user_21,63,79,177
528,77,4999999,0,user_8,63,79,177
529,78,4999999,0,user_8,63,79,177
354,80,4999999,0,user_24,62,79,177
732,94,4500000,16400,user_31,64,79,
1099,34,4499999,0,builder_17,65,65,732
1100,35,4200001,0,builder_17,65,65,55
55,99,4200000,33100,user_43,60,79,
341,97,4200001,0,user_8,62,77,55
343,98,4200001,0,user_10,62,77,55
156,95,4200001,0,user_9,61,76,55
162,99,4200001,0,user_13,61,77,55
163,94,4200001,0,user_13,61,76,55
169,96,4200001,0,user_17,61,76,55
552,97,4200000,0,user_34,63,76,
362,97,4200000,0,user_32,62,75,
340,99,4199999,0,user_8,62,74,55
159,99,4199999,0,user_13,61,73,55
176,99,4199999,0,user_26,61,72,55
171,98,4199999,0,user_20,61,73,55
344,99,4199999,0,user_11,62,75,55
38,96,3200000,21800,user_30,60,69,
1101,51,3199999,0,builder_17,65,65,38
555,98,3200000,6390,user_37,63,69,
1102,53,3199999,0,builder_17,65,65,555
144,77,3200001,0,user_4,61,68,38
742,78,3200000,0,user_40,64,68,
910,80,3200000,0,user_32,65,68,
142,81,3199999,0,user_3,61,68,38
143,82,3199999,0,user_3,61,68,38
174,83,3199999,0,user_23,61,68,38
554,85,2600000,0,user_37,63,68,
15,86,2600000,0,user_11,60,68,
61,87,2600000,0,user_46,60,68,
199,84,2600000,0,user_47,61,68,
909,89,2500000,0,user_28,65,68,
42,88,2500000,0,user_32,60,68,
1103,66,2400001,0,builder_17,65,65,553
553,91,2400000,18600,user_36,63,68,
369,93,2400000,0,user_42,62,68,
1104,69,2000001,0,builder_17,65,65,44
44,96,2000000,322000,user_33,60,68,
36,97,2300000,0,user_27,60,68,
45,98,2300000,0,user_33,60,68,
716,92,2000001,0,user_17,64,67,44
706,90,2000001,0,user_5,64,67,44
355,89,2000001,0,user_25,62,66,44
896,88,2000001,0,user_11,65,67,44
539,91,2000001,0,user_17,63,67,44
145,97,2000001,0,user_5,61,67,44
149,98,2000001,0,user_5,61,67,44
154,96,2000001,0,user_7,61,67,44
151,95,2000001,0,user_6,61,67,44
173,99,2000001,0,user_22,61,67,44
172,94,2000001,0,user_21,61,67,44
750,93,2000000,0,user_48,64,66,
10,94,2000000,0,user_8,60,66,
912,95,2000000,0,user_35,65,66,
522,96,1999999,0,user_0,63,66,44
338,88,1999999,0,user_6,62,65,44
710,97,1999999,0,user_9,64,66,44
147,99,1999999,0,user_5,61,66,44
139,91,1999999,0,user_0,61,65,44
140,98,1999999,0,user_2,61,66,44
158,93,1999999,0,user_10,61,65,44
160,94,1999999,0,user_13,61,65,44
161,95,1999999,0,user_13,61,65,44
167,96,1999999,0,user_17,61,65,44
150,97,1999999,0,user_6,61,65,44
153,98,1999999,0,user_6,61,65,44
175,99,1999999,0,user_26,61,65,44
11,2,43000000,0,user_9,60,79,
735,7,30000000,0,user_35,64,79,
358,9,27000000,0,user_28,62,79,
727,18,170000,17700000,user_27,64,79,
1331,4,169999,0,builder_18,66,66,727
46,22,6300000,7840,user_34,60,79,
1332,6,6299999,0,builder_18,66,66,46
164,23,6300001,0,user_14,61,79,46
187,28,6300000,0,user_33,61,79,
152,30,6299999,0,user_6,61,79,46
165,31,6299999,0,user_14,61,79,46
166,29,6299999,0,user_16,61,79,46
43,34,6100000,0,user_33,60,79,
51,33,6100000,0,user_40,60,79,
1158,32,6100000,0,user_47,66,79,
177,36,5000000,381000,user_27,61,79,
1333,16,4999999,0,builder_18,66,66,177
908,41,5200000,0,user_27,65,79,
547,50,5000001,0,user_26,63,79,177
538,51,5000001,0,user_17,63,79,177
719,58,5000001,0,user_19,64,79,177
714,59,5000001,0,user_15,64,79,177
345,52,5000001,0,user_12,62,79,177
353,53,5000001,0,user_24,62,79,177
349,65,5000001,0,user_19,62,79,177
883,60,5000001,0,user_0,65,79,177
1124,48,5000001,0,user_10,66,79,177
749,72,5000000,0,user_47,64,79,
731,70,5000000,0,user_30,64,79,
191,71,5000000,0,user_38,61,79,
545,76,4999999,0,user_21,63,79,177
528,77,4999999,0,user_8,63,79,177
529,78,4999999,0,user_8,63,79,177
724,85,4999999,0,user_25,64,79,177
348,79,4999999,0,user_16,62,79,177
354,80,4999999,0,user_24,62,79,177
1334,36,4500001,0,builder_18,66,66,732
732,94,4500000,16400,user_31,64,79,
1335,38,4200001,0,builder_18,66,66,55
55,99,4200000,33100,user_43,60,79,
162,99,4200001,0,user_13,61,77,55
163,94,4200001,0,user_13,61,76,55
156,95,4200001,0,user_9,61,76,55
169,96,4200001,0,user_17,61,76,55
343,98,4200001,0,user_10,62,77,55
341,97,4200001,0,user_8,62,77,55
552,97,4200000,0,user_34,63,76,
362,97,4200000,0,user_32,62,75,
1151,98,4200000,0,user_34,66,76,
159,99,4199999,0,user_13,61,73,55
171,98,4199999,0,user_20,61,73,55
176,99,4199999,0,user_26,61,72,55
344,99,4199999,0,user_11,62,75,55
340,99,4199999,0,user_8,62,74,55
1144,98,3500000,5640,user_30,66,71,
1336,55,3499999,0,builder_18,66,66,1144
38,96,3200000,21800,user_30,60,69,
1337,57,3199999,0,builder_18,66,66,38
1338,58,3200001,0,builder_18,66,66,555
555,98,3200000,6390,user_37,63,69,
144,77,3200001,0,user_4,61,68,38
742,78,3200000,0,user_40,64,68,
910,80,3200000,0,user_32,65,68,
922,79,3200000,0,user_43,65,68,
142,81,3199999,0,user_3,61,68,38
143,82,3199999,0,user_3,61,68,38
174,83,3199999,0,user_23,61,68,38
554,85,2600000,0,user_37,63,68,
15,86,2600000,0,user_11,60,68,
61,87,2600000,0,user_46,60,68,
199,84,2600000,0,user_47,61,68,
909,89,2500000,0,user_28,65,68,
42,88,2500000,0,user_32,60,68,
1339,73,2400001,0,builder_18,66,66,553
553,91,2400000,18600,user_36,63,68,
369,93,2400000,0,user_42,62,68,
44,96,2000000,322000,user_33,60,68,
1340,77,1999999,0,builder_18,66,66,44
45,98,2300000,0,user_33,60,68,
36,97,2300000,0,user_27,60,68,
539,91,2000001,0,user_17,63,67,44
706,90,2000001,0,user_5,64,67,44
716,92,2000001,0,user_17,64,67,44
145,97,2000001,0,user_5,61,67,44
149,98,2000001,0,user_5,61,67,44
151,95,2000001,0,user_6,61,67,44
154,96,2000001,0,user_7,61,67,44
172,94,2000001,0,user_21,61,67,44
173,99,2000001,0,user_22,61,67,44
355,89,2000001,0,user_25,62,66,44
896,88,2000001,0,user_11,65,67,44
1114,89,2000001,0,user_1,66,67,44
1136,99,2000001,0,user_20,66,68,44
750,93,2000000,0,user_48,64,66,
10,94,2000000,0,user_8,60,66,
912,95,2000000,0,user_35,65,66,
522,96,1999999,0,user_0,63,66,44
710,97,1999999,0,user_9,64,66,44
140,98,1999999,0,user_2,61,66,44
147,99,1999999,0,user_5,61,66,44
11,2,43000000,0,user_9,60,79,
735,7,30000000,0,user_35,64,79,
1370,5,30000000,0,user_29,67,79,
358,9,27000000,0,user_28,62,79,
1578,4,170001,0,builder_18,67,67,727
727,18,170000,17700000,user_27,64,79,
1579,6,6300001,0,builder_18,67,67,46
46,22,6300000,7840,user_34,60,79,
164,23,6300001,0,user_14,61,79,46
187,28,6300000,0,user_33,61,79,
1147,25,6300000,0,user_31,66,79,
165,31,6299999,0,user_14,61,79,46
166,29,6299999,0,user_16,61,79,46
152,30,6299999,0,user_6,61,79,46
51,33,6100000,0,user_40,60,79,
43,34,6100000,0,user_33,60,79,
1158,32,6100000,0,user_47,66,79,
177,36,5000000,381000,user_27,61,79,
1580,18,4999999,0,builder_18,67,67,177
908,41,5200000,0,user_27,65,79,
1581,20,5000001,0,builder_18,67,67,1384
1384,45,5000000,13900,user_45,67,79,
1380,47,5000000,6390,user_41,67,79,
1582,23,4999999,0,builder_18,67,67,1380
883,60,5000001,0,user_0,65,79,177
1124,48,5000001,0,user_10,66,79,177
538,51,5000001,0,user_17,63,79,177
547,50,5000001,0,user_26,63,79,177
719,58,5000001,0,user_19,64,79,177
714,59,5000001,0,user_15,64,79,177
345,52,5000001,0,user_12,62,79,177
349,65,5000001,0,user_19,62,79,177
353,53,5000001,0,user_24,62,79,177
749,72,5000000,0,user_47,64,79,
731,70,5000000,0,user_30,64,79,
191,71,5000000,0,user_38,61,79,
1377,69,5000000,0,user_37,67,79,
545,76,4999999,0,user_21,63,79,177
528,77,4999999,0,user_8,63,79,177
529,78,4999999,0,user_8,63,79,177
724,85,4999999,0,user_25,64,79,177
348,79,4999999,0,user_16,62,79,177
354,80,4999999,0,user_24,62,79,177
732,94,4500000,16400,user_31,64,79,
1583,44,4499999,0,builder_18,67,67,732
1584,45,4200001,0,builder_18,67,67,55
55,99,4200000,33100,user_43,60,79,
162,99,4200001,0,user_13,61,77,55
163,94,4200001,0,user_13,61,76,55
169,96,4200001,0,user_17,61,76,55
156,95,4200001,0,user_9,61,76,55
343,98,4200001,0,user_10,62,77,55
341,97,4200001,0,user_8,62,77,55
362,97,4200000,0,user_32,62,75,
552,97,4200000,0,user_34,63,76,
1151,98,4200000,0,user_34,66,76,
159,99,4199999,0,user_13,61,73,55
171,98,4199999,0,user_20,61,73,55
176,99,4199999,0,user_26,61,72,55
344,99,4199999,0,user_11,62,75,55
340,99,4199999,0,user_8,62,74,55
1585,61,3500001,0,builder_18,67,67,1144
1144,98,3500000,5640,user_30,66,71,
1586,63,3200001,0,builder_18,67,67,38
38,96,3200000,21800,user_30,60,69,
555,98,3200000,6390,user_37,63,69,
1587,66,3199999,0,builder_18,67,67,555
144,77,3200001,0,user_4,61,68,38
910,80,3200000,0,user_32,65,68,
922,79,3200000,0,user_43,65,68,
742,78,3200000,0,user_40,64,68,
142,81,3199999,0,user_3,61,68,38
143,82,3199999,0,user_3,61,68,38
174,83,3199999,0,user_23,61,68,38
554,85,2600000,0,user_37,63,68,
199,84,2600000,0,user_47,61,68,
61,87,2600000,0,user_46,60,68,
15,86,2600000,0,user_11,60,68,
909,89,2500000,0,user_28,65,68,
42,88,2500000,0,user_32,60,68,
1588,80,2400001,0,builder_18,67,67,553
553,91,2400000,18600,user_36,63,68,
369,93,2400000,0,user_42,62,68,
1160,92,2400000,0,user_49,66,68,
44,96,2000000,322000,user_33,60,68,
1589,85,1999999,0,builder_18,67,67,44
45,98,2300000,0,user_33,60,68,
36,97,2300000,0,user_27,60,68,
896,88,2000001,0,user_11,65,67,44
1114,89,2000001,0,user_1,66,67,44
706,90,2000001,0,user_5,64,67,44
539,91,2000001,0,user_17,63,67,44
716,92,2000001,0,user_17,64,67,44
1136,99,2000001,0,user_20,66,68,44
172,94,2000001,0,user_21,61,67,44
151,95,2000001,0,user_6,61,67,44
154,96,2000001,0,user_7,61,67,44
145,97,2000001,0,user_5,61,67,44
149,98,2000001,0,user_5,61,67,44
173,99,2000001,0,user_22,61,67,44
11,2,43000000,0,user_9,60,79,
1627,3,43000000,0,user_29,68,79,
735,7,30000000,0,user_35,64,79,
1370,5,30000000,0,user_29,67,79,
358,9,27000000,0,user_28,62,79,
727,18,170000,17700000,user_27,64,79,
1876,6,169999,0,builder_18,68,68,727
1618,20,3500000,7190000,user_27,68,79,
1877,8,3499999,0,builder_18,68,68,1618
1878,9,6300001,0,builder_18,68,68,46
46,22,6300000,7840,user_34,60,79,
164,23,6300001,0,user_14,61,79,46
1147,25,6300000,0,user_31,66,79,
187,28,6300000,0,user_33,61,79,
1640,27,6300000,0,user_44,68,79,
165,31,6299999,0,user_14,61,79,46
166,29,6299999,0,user_16,61,79,46
152,30,6299999,0,user_6,61,79,46
1158,32,6100000,0,user_47,66,79,
43,34,6100000,0,user_33,60,79,
51,33,6100000,0,user_40,60,79,
1626,35,6100000,0,user_29,68,79,
177,36,5000000,381000,user_27,61,79,
1879,23,4999999,0,builder_18,68,68,177
908,41,5200000,0,user_27,65,79,
1384,45,5000000,13900,user_45,67,79,
1880,26,4999999,0,builder_18,68,68,1384
1881,27,5000001,0,builder_18,68,68,1380
1380,47,5000000,6390,user_41,67,79,
1124,48,5000001,0,user_10,66,79,177
345,52,5000001,0,user_12,62,79,177
349,65,5000001,0,user_19,62,79,177
353,53,5000001,0,user_24,62,79,177
547,50,5000001,0,user_26,63,79,177
538,51,5000001,0,user_17,63,79,177
714,59,5000001,0,user_15,64,79,177
883,60,5000001,0,user_0,65,79,177
719,58,5000001,0,user_19,64,79,177
1617,61,5000001,0,user_26,68,79,177
749,72,5000000,0,user_47,64,79,
1377,69,5000000,0,user_37,67,79,
191,71,5000000,0,user_38,61,79,
731,70,5000000,0,user_30,64,79,
348,79,4999999,0,user_16,62,79,177
354,80,4999999,0,user_24,62,79,177
528,77,4999999,0,user_8,63,79,177
529,78,4999999,0,user_8,63,79,177
545,76,4999999,0,user_21,63,79,177
724,85,4999999,0,user_25,64,79,177
1593,75,4999999,0,user_7,68,79,177
1882,50,4500001,0,builder_18,68,68,732
732,94,4500000,16400,user_31,64,79,
1883,52,4200001,0,builder_18,68,68,55
55,99,4200000,33100,user_43,60,79,
341,97,4200001,0,user_8,62,77,55
343,98,4200001,0,user_10,62,77,55
169,96,4200001,0,user_17,61,76,55
156,95,4200001,0,user_9,61,76,55
162,99,4200001,0,user_13,61,77,55
163,94,4200001,0,user_13,61,76,55
1151,98,4200000,0,user_34,66,76,
362,97,4200000,0,user_32,62,75,
552,97,4200000,0,user_34,63,76,
1634,98,4200000,0,user_39,68,75,
344,99,4199999,0,user_11,62,75,55
340,99,4199999,0,user_8,62,74,55
176,99,4199999,0,user_26,61,72,55
159,99,4199999,0,user_13,61,73,55
171,98,4199999,0,user_20,61,73,55
1884,69,3500001,0,builder_18,68,68,1371
1371,97,3500000,283000,user_31,67,71,
1885,71,3500001,0,builder_18,68,68,1144
1144,98,3500000,5640,user_30,66,71,
1886,73,3200001,0,builder_18,68,68,38
38,96,3200000,21800,user_30,60,69,
555,98,3200000,6390,user_37,63,69,
1887,76,3199999,0,builder_18,68,68,555
144,77,3200001,0,user_4,61,68,38
742,78,3200000,0,user_40,64,68,
922,79,3200000,0,user_43,65,68,
910,80,3200000,0,user_32,65,68,
142,81,3199999,0,user_3,61,68,38
143,82,3199999,0,user_3,61,68,38
174,83,3199999,0,user_23,61,68,38
199,84,2600000,0,user_47,61,68,
554,85,2600000,0,user_37,63,68,
15,86,2600000,0,user_11,60,68,
61,87,2600000,0,user_46,60,68,
42,88,2500000,0,user_32,60,68,
909,89,2500000,0,user_28,65,68,
1888,90,2400001,0,builder_18,68,68,553
553,91,2400000,18600,user_36,63,68,
1160,92,2400000,0,user_49,66,68,
369,93,2400000,0,user_42,62,68,
1629,94,2400000,0,user_32,68,68,
1889,95,2000001,0,builder_18,68,68,44
44,96,2000000,322000,user_33,60,68,
36,97,2300000,0,user_27,60,68,
45,98,2300000,0,user_33,60,68,
1136,99,2000001,0,user_20,66,68,44
11,2,43000000,0,user_9,60,79,
1627,3,43000000,0,user_29,68,79,
1370,5,30000000,0,user_29,67,79,
735,7,30000000,0,user_35,64,79,
1931,8,30000000,0,user_41,69,79,
358,9,27000000,0,user_28,62,79,
1926,10,27000000,0,user_34,69,79,
727,18,170000,17700000,user_27,64,79,
2156,8,169999,0,builder_18,69,69,727
2157,9,3500001,0,builder_18,69,69,1618
1618,20,3500000,7190000,user_27,68,79,
46,22,6300000,7840,user_34,60,79,
2158,12,6299999,0,builder_18,69,69,46
164,23,6300001,0,user_14,61,79,46
1147,25,6300000,0,user_31,66,79,
1640,27,6300000,0,user_44,68,79,
187,28,6300000,0,user_33,61,79,
165,31,6299999,0,user_14,61,79,46
166,29,6299999,0,user_16,61,79,46
152,30,6299999,0,user_6,61,79,46
1158,32,6100000,0,user_47,66,79,
51,33,6100000,0,user_40,60,79,
43,34,6100000,0,user_33,60,79,
1626,35,6100000,0,user_29,68,79,
177,36,5000000,381000,user_27,61,79,
2159,25,4999999,0,builder_18,69,69,177
908,41,5200000,0,user_27,65,79,
1384,45,5000000,13900,user_45,67,79,
2160,28,4999999,0,builder_18,69,69,1384
2161,29,5000001,0,builder_18,69,69,1380
1380,47,5000000,6390,user_41,67,79,
1124,48,5000001,0,user_10,66,79,177
538,51,5000001,0,user_17,63,79,177
547,50,5000001,0,user_26,63,79,177
719,58,5000001,0,user_19,64,79,177
345,52,5000001,0,user_12,62,79,177
353,53,5000001,0,user_24,62,79,177
349,65,5000001,0,user_19,62,79,177
714,59,5000001,0,user_15,64,79,177
883,60,5000001,0,user_0,65,79,177
1617,61,5000001,0,user_26,68,79,177
1911,62,5000001,0,user_20,69,79,177
1905,49,5000001,0,user_13,69,79,177
1910,63,5000001,0,user_18,69,79,177
1917,64,5000001,0,user_24,69,79,177
1377,69,5000000,0,user_37,67,79,
191,71,5000000,0,user_38,61,79,
749,72,5000000,0,user_47,64,79,
731,70,5000000,0,user_30,64,79,
1929,73,5000000,0,user_39,69,79,
528,77,4999999,0,user_8,63,79,177
529,78,4999999,0,user_8,63,79,177
545,76,4999999,0,user_21,63,79,177
348,79,4999999,0,user_16,62,79,177
354,80,4999999,0,user_24,62,79,177
724,85,4999999,0,user_25,64,79,177
1593,75,4999999,0,user_7,68,79,177
1894,86,4999999,0,user_4,69,79,177
1901,87,4999999,0,user_10,69,79,177
1909,88,4999999,0,user_18,69,79,177
1898,89,4999999,0,user_5,69,79,177
1914,90,4999999,0,user_23,69,79,177
1913,92,4999999,0,user_22,69,79,177
1916,91,4999999,0,user_24,69,79,177
732,94,4500000,16400,user_31,64,79,
2162,65,4499999,0,builder_18,69,69,732
55,99,4200000,33100,user_43,60,79,
2163,67,4199999,0,builder_18,69,69,55
343,98,4200001,0,user_10,62,77,55
156,95,4200001,0,user_9,61,76,55
162,99,4200001,0,user_13,61,77,55
163,94,4200001,0,user_13,61,76,55
169,96,4200001,0,user_17,61,76,55
341,97,4200001,0,user_8,62,77,55
1151,98,4200000,0,user_34,66,76,
1622,99,4200000,0,user_28,68,76,
552,97,4200000,0,user_34,63,76,
362,97,4200000,0,user_32,62,75,
1634,98,4200000,0,user_39,68,75,
171,98,4199999,0,user_20,61,73,55
159,99,4199999,0,user_13,61,73,55
344,99,4199999,0,user_11,62,75,55
340,99,4199999,0,user_8,62,74,55
176,99,4199999,0,user_26,61,72,55
1371,97,3500000,283000,user_31,67,71,
2164,85,3499999,0,builder_18,69,69,1371
1144,98,3500000,5640,user_30,66,71,
2165,87,3499999,0,builder_18,69,69,1144
1892,99,3500001,0,user_1,69,70,1618
1895,97,3500001,0,user_4,69,70,1618
1896,98,3500001,0,user_4,69,70,1618
1907,91,3500001,0,user_16,69,69,1618
1897,92,3499999,0,user_4,69,69,1618
1900,93,3499999,0,user_10,69,69,1618
1902,94,3499999,0,user_10,69,69,1618
1912,95,3499999,0,user_21,69,69,1618
38,96,3200000,21800,user_30,60,69,
2166,97,3199999,0,builder_18,69,69,38
555,98,3200000,6390,user_37,63,69,
2167,99,3199999,0,builder_18,69,69,555
1627,3,43000000,0,user_29,68,79,
11,2,43000000,0,user_9,60,79,
1370,5,30000000,0,user_29,67,79,
735,7,30000000,0,user_35,64,79,
1931,8,30000000,0,user_41,69,79,
358,9,27000000,0,user_28,62,79,
1926,10,27000000,0,user_34,69,79,
2217,12,19000000,0,user_40,70,79,
727,18,170000,17700000,user_27,64,79,
2406,9,169999,0,builder_18,70,70,727
2407,10,3500001,0,builder_18,70,70,1618
1618,20,3500000,7190000,user_27,68,79,
46,22,6300000,7840,user_34,60,79,
2408,13,6299999,0,builder_18,70,70,46
164,23,6300001,0,user_14,61,79,46
1147,25,6300000,0,user_31,66,79,
1640,27,6300000,0,user_44,68,79,
187,28,6300000,0,user_33,61,79,
152,30,6299999,0,user_6,61,79,46
165,31,6299999,0,user_14,61,79,46
166,29,6299999,0,user_16,61,79,46
1158,32,6100000,0,user_47,66,79,
1626,35,6100000,0,user_29,68,79,
43,34,6100000,0,user_33,60,79,
51,33,6100000,0,user_40,60,79,
177,36,5000000,381000,user_27,61,79,
2409,26,4999999,0,builder_18,70,70,177
908,41,5200000,0,user_27,65,79,
1384,45,5000000,13900,user_45,67,79,
2410,29,4999999,0,builder_18,70,70,1384
1380,47,5000000,6390,user_41,67,79,
2411,31,4999999,0,builder_18,70,70,1380
1124,48,5000001,0,user_10,66,79,177
1617,61,5000001,0,user_26,68,79,177
1905,49,5000001,0,user_13,69,79,177
1911,62,5000001,0,user_20,69,79,177
547,50,5000001,0,user_26,63,79,177
538,51,5000001,0,user_17,63,79,177
719,58,5000001,0,user_19,64,79,177
714,59,5000001,0,user_15,64,79,177
345,52,5000001,0,user_12,62,79,177
353,53,5000001,0,user_24,62,79,177
349,65,5000001,0,user_19,62,79,177
883,60,5000001,0,user_0,65,79,177
1910,63,5000001,0,user_18,69,79,177
1917,64,5000001,0,user_24,69,79,177
2184,54,5000001,0,user_11,70,79,177
2168,55,5000001,0,user_0,70,79,177
2181,56,5000001,0,user_9,70,79,177
2183,57,5000001,0,user_9,70,79,177
1377,69,5000000,0,user_37,67,79,
749,72,5000000,0,user_47,64,79,
731,70,5000000,0,user_30,64,79,
191,71,5000000,0,user_38,61,79,
1929,73,5000000,0,user_39,69,79,
1593,75,4999999,0,user_7,68,79,177
1894,86,4999999,0,user_4,69,79,177
1898,89,4999999,0,user_5,69,79,177
1901,87,4999999,0,user_10,69,79,177
545,76,4999999,0,user_21,63,79,177
528,77,4999999,0,user_8,63,79,177
529,78,4999999,0,user_8,63,79,177
724,85,4999999,0,user_25,64,79,177
348,79,4999999,0,user_16,62,79,177
354,80,4999999,0,user_24,62,79,177
1913,92,4999999,0,user_22,69,79,177
1909,88,4999999,0,user_18,69,79,177
1914,90,4999999,0,user_23,69,79,177
1916,91,4999999,0,user_24,69,79,177
2179,82,4999999,0,user_9,70,79,177
2180,83,4999999,0,user_9,70,79,177
2182,84,4999999,0,user_9,70,79,177
2178,81,4999999,0,user_8,70,79,177
2412,73,4500001,0,builder_18,70,70,732
732,94,4500000,16400,user_31,64,79,
55,99,4200000,33100,user_43,60,79,
2413,76,4199999,0,builder_18,70,70,55
162,99,4200001,0,user_13,61,77,55
163,94,4200001,0,user_13,61,76,55
156,95,4200001,0,user_9,61,76,55
169,96,4200001,0,user_17,61,76,55
343,98,4200001,0,user_10,62,77,55
341,97,4200001,0,user_8,62,77,55
1622,99,4200000,0,user_28,68,76,
1634,98,4200000,0,user_39,68,75,
552,97,4200000,0,user_34,63,76,
362,97,4200000,0,user_32,62,75,
1151,98,4200000,0,user_34,66,76,
159,99,4199999,0,user_13,61,73,55
171,98,4199999,0,user_20,61,73,55
176,99,4199999,0,user_26,61,72,55
344,99,4199999,0,user_11,62,75,55
340,99,4199999,0,user_8,62,74,55
1371,97,3500000,283000,user_31,67,71,
2414,94,3499999,0,builder_18,70,70,1371
1144,98,3500000,5640,user_30,66,71,
2415,96,3499999,0,builder_18,70,70,1144
1895,97,3500001,0,user_4,69,70,1618
1896,98,3500001,0,user_4,69,70,1618
1892,99,3500001,0,user_1,69,70,1618
1627,3,43000000,0,user_29,68,79,
11,2,43000000,0,user_9,60,79,
1931,8,30000000,0,user_41,69,79,
735,7,30000000,0,user_35,64,79,
1370,5,30000000,0,user_29,67,79,
2214,6,30000000,0,user_38,70,79,
1926,10,27000000,0,user_34,69,79,
358,9,27000000,0,user_28,62,79,
2217,12,19000000,0,user_40,70,79,
2449,13,19000000,0,user_32,71,79,
727,18,170000,17700000,user_27,64,79,
2640,11,169999,0,builder_18,71,71,727
2641,12,3500001,0,builder_18,71,71,1618
1618,20,3500000,7190000,user_27,68,79,
46,22,6300000,7840,user_34,60,79,
2642,15,6299999,0,builder_18,71,71,46
164,23,6300001,0,user_14,61,79,46
1640,27,6300000,0,user_44,68,79,
187,28,6300000,0,user_33,61,79,
1147,25,6300000,0,user_31,66,79,
165,31,6299999,0,user_14,61,79,46
166,29,6299999,0,user_16,61,79,46
152,30,6299999,0,user_6,61,79,46
1626,35,6100000,0,user_29,68,79,
51,33,6100000,0,user_40,60,79,
43,34,6100000,0,user_33,60,79,
1158,32,6100000,0,user_47,66,79,
2643,27,5000001,0,builder_18,71,71,177
177,36,5000000,381000,user_27,61,79,
908,41,5200000,0,user_27,65,79,
2226,40,5200000,0,user_49,70,79,
1384,45,5000000,13900,user_45,67,79,
2644,32,4999999,0,builder_18,71,71,1384
1380,47,5000000,6390,user_41,67,79,
2645,34,4999999,0,builder_18,71,71,1380
1617,61,5000001,0,user_26,68,79,177
1905,49,5000001,0,user_13,69,79,177
1911,62,5000001,0,user_20,69,79,177
1910,63,5000001,0,user_18,69,79,177
1917,64,5000001,0,user_24,69,79,177
2184,54,5000001,0,user_11,70,79,177
2168,55,5000001,0,user_0,70,79,177
883,60,5000001,0,user_0,65,79,177
1124,48,5000001,0,user_10,66,79,177
538,51,5000001,0,user_17,63,79,177
547,50,5000001,0,user_26,63,79,177
719,58,5000001,0,user_19,64,79,177
714,59,5000001,0,user_15,64,79,177
345,52,5000001,0,user_12,62,79,177
349,65,5000001,0,user_19,62,79,177
353,53,5000001,0,user_24,62,79,177
2181,56,5000001,0,user_9,70,79,177
2183,57,5000001,0,user_9,70,79,177
1929,73,5000000,0,user_39,69,79,
1377,69,5000000,0,user_37,67,79,
749,72,5000000,0,user_47,64,79,
731,70,5000000,0,user_30,64,79,
191,71,5000000,0,user_38,61,79,
1593,75,4999999,0,user_7,68,79,177
1894,86,4999999,0,user_4,69,79,177
1898,89,4999999,0,user_5,69,79,177
1913,92,4999999,0,user_22,69,79,177
1901,87,4999999,0,user_10,69,79,177
1909,88,4999999,0,user_18,69,79,177
1914,90,4999999,0,user_23,69,79,177
1916,91,4999999,0,user_24,69,79,177
545,76,4999999,0,user_21,63,79,177
528,77,4999999,0,user_8,63,79,177
529,78,4999999,0,user_8,63,79,177
724,85,4999999,0,user_25,64,79,177
348,79,4999999,0,user_16,62,79,177
354,80,4999999,0,user_24,62,79,177
2178,81,4999999,0,user_8,70,79,177
2179,82,4999999,0,user_9,70,79,177
2180,83,4999999,0,user_9,70,79,177
2182,84,4999999,0,user_9,70,79,177
732,94,4500000,16400,user_31,64,79,
2646,77,4499999,0,builder_18,71,71,732
2647,78,4200001,0,builder_18,71,71,55
55,99,4200000,33100,user_43,60,79,
162,99,4200001,0,user_13,61,77,55
163,94,4200001,0,user_13,61,76,55
169,96,4200001,0,user_17,61,76,55
156,95,4200001,0,user_9,61,76,55
343,98,4200001,0,user_10,62,77,55
341,97,4200001,0,user_8,62,77,55
1622,99,4200000,0,user_28,68,76,
1634,98,4200000,0,user_39,68,75,
362,97,4200000,0,user_32,62,75,
552,97,4200000,0,user_34,63,76,
1151,98,4200000,0,user_34,66,76,
159,99,4199999,0,user_13,61,73,55
171,98,4199999,0,user_20,61,73,55
176,99,4199999,0,user_26,61,72,55
344,99,4199999,0,user_11,62,75,55
340,99,4199999,0,user_8,62,74,55
2648,96,3500001,0,builder_18,71,71,1371
1371,97,3500000,283000,user_31,67,71,
1144,98,3500000,5640,user_30,66,71,
2649,99,3499999,0,builder_18,71,71,1144
2678,4,43000000,0,user_34,72,79,
1627,3,43000000,0,user_29,68,79,
11,2,43000000,0,user_9,60,79,
2214,6,30000000,0,user_38,70,79,
1931,8,30000000,0,user_41,69,79,
1370,5,30000000,0,user_29,67,79,
735,7,30000000,0,user_35,64,79,
1926,10,27000000,0,user_34,69,79,
2677,11,27000000,0,user_32,72,79,
358,9,27000000,0,user_28,62,79,
2449,13,19000000,0,user_32,71,79,
2217,12,19000000,0,user_40,70,79,
727,18,170000,17700000,user_27,64,79,
2857,13,169999,0,builder_17,72,72,727
2858,14,3500001,0,builder_17,72,72,1618
1618,20,3500000,7190000,user_27,68,79,
46,22,6300000,7840,user_34,60,79,
2859,17,6299999,0,builder_17,72,72,46
164,23,6300001,0,user_14,61,79,46
1640,27,6300000,0,user_44,68,79,
1147,25,6300000,0,user_31,66,79,
187,28,6300000,0,user_33,61,79,
166,29,6299999,0,user_16,61,79,46
152,30,6299999,0,user_6,61,79,46
165,31,6299999,0,user_14,61,79,46
1626,35,6100000,0,user_29,68,79,
51,33,6100000,0,user_40,60,79,
1158,32,6100000,0,user_47,66,79,
43,34,6100000,0,user_33,60,79,
177,36,5000000,381000,user_27,61,79,
2860,30,4999999,0,builder_17,72,72,177
2226,40,5200000,0,user_49,70,79,
908,41,5200000,0,user_27,65,79,
2861,33,5000001,0,builder_17,72,72,1384
1384,45,5000000,13900,user_45,67,79,
2862,35,5000001,0,builder_17,72,72,1380
1380,47,5000000,6390,user_41,67,79,
2181,56,5000001,0,user_9,70,79,177
2183,57,5000001,0,user_9,70,79,177
2168,55,5000001,0,user_0,70,79,177
1910,63,5000001,0,user_18,69,79,177
1911,62,5000001,0,user_20,69,79,177
2184,54,5000001,0,user_11,70,79,177
1617,61,5000001,0,user_26,68,79,177
1905,49,5000001,0,user_13,69,79,177
1917,64,5000001,0,user_24,69,79,177
1124,48,5000001,0,user_10,66,79,177
538,51,5000001,0,user_17,63,79,177
547,50,5000001,0,user_26,63,79,177
345,52,5000001,0,user_12,62,79,177
353,53,5000001,0,user_24,62,79,177
719,58,5000001,0,user_19,64,79,177
714,59,5000001,0,user_15,64,79,177
883,60,5000001,0,user_0,65,79,177
349,65,5000001,0,user_19,62,79,177
1929,73,5000000,0,user_39,69,79,
731,70,5000000,0,user_30,64,79,
1377,69,5000000,0,user_37,67,79,
749,72,5000000,0,user_47,64,79,
191,71,5000000,0,user_38,61,79,
2179,82,4999999,0,user_9,70,79,177
2180,83,4999999,0,user_9,70,79,177
2182,84,4999999,0,user_9,70,79,177
2178,81,4999999,0,user_8,70,79,177
1909,88,4999999,0,user_18,69,79,177
1894,86,4999999,0,user_4,69,79,177
1898,89,4999999,0,user_5,69,79,177
1913,92,4999999,0,user_22,69,79,177
1901,87,4999999,0,user_10,69,79,177
1914,90,4999999,0,user_23,69,79,177
1916,91,4999999,0,user_24,69,79,177
545,76,4999999,0,user_21,63,79,177
528,77,4999999,0,user_8,63,79,177
529,78,4999999,0,user_8,63,79,177
348,79,4999999,0,user_16,62,79,177
354,80,4999999,0,user_24,62,79,177
1593,75,4999999,0,user_7,68,79,177
724,85,4999999,0,user_25,64,79,177
2863,78,4500001,0,builder_17,72,72,732
732,94,4500000,16400,user_31,64,79,
2864,80,4200001,0,builder_17,72,72,2681
2681,97,4200000,231000,user_36,72,79,
55,99,4200000,33100,user_43,60,79,
2865,83,4199999,0,builder_17,72,72,55
343,98,4200001,0,user_10,62,77,55
341,97,4200001,0,user_8,62,77,55
162,99,4200001,0,user_13,61,77,55
163,94,4200001,0,user_13,61,76,55
156,95,4200001,0,user_9,61,76,55
169,96,4200001,0,user_17,61,76,55
1634,98,4200000,0,user_39,68,75,
1622,99,4200000,0,user_28,68,76,
552,97,4200000,0,user_34,63,76,
1151,98,4200000,0,user_34,66,76,
362,97,4200000,0,user_32,62,75,
344,99,4199999,0,user_11,62,75,55
340,99,4199999,0,user_8,62,74,55
159,99,4199999,0,user_13,61,73,55
171,98,4199999,0,user_20,61,73,55
176,99,4199999,0,user_26,61,72,55
3089,0,43000001,0,builder_18,73,73,2919
2919,1,43000000,56200,user_39,73,79,
11,2,43000000,0,user_9,60,79,
1627,3,43000000,0,user_29,68,79,
2678,4,43000000,0,user_34,72,79,
2214,6,30000000,0,user_38,70,79,
1370,5,30000000,0,user_29,67,79,
735,7,30000000,0,user_35,64,79,
1931,8,30000000,0,user_41,69,79,
358,9,27000000,0,user_28,62,79,
1926,10,27000000,0,user_34,69,79,
2677,11,27000000,0,user_32,72,79,
2449,13,19000000,0,user_32,71,79,
2217,12,19000000,0,user_40,70,79,
727,18,170000,17700000,user_27,64,79,
3090,15,169999,0,builder_18,73,73,727
1618,20,3500000,7190000,user_27,68,79,
3091,17,3499999,0,builder_18,73,73,1618
3092,18,6300001,0,builder_18,73,73,46
46,22,6300000,7840,user_34,60,79,
164,23,6300001,0,user_14,61,79,46
1147,25,6300000,0,user_31,66,79,
1640,27,6300000,0,user_44,68,79,
187,28,6300000,0,user_33,61,79,
165,31,6299999,0,user_14,61,79,46
166,29,6299999,0,user_16,61,79,46
152,30,6299999,0,user_6,61,79,46
1158,32,6100000,0,user_47,66,79,
51,33,6100000,0,user_40,60,79,
43,34,6100000,0,user_33,60,79,
1626,35,6100000,0,user_29,68,79,
3093,31,5000001,0,builder_18,73,73,177
177,36,5000000,381000,user_27,61,79,
2226,40,5200000,0,user_49,70,79,
908,41,5200000,0,user_27,65,79,
1384,45,5000000,13900,user_45,67,79,
3094,36,4999999,0,builder_18,73,73,1384
1380,47,5000000,6390,user_41,67,79,
3095,38,4999999,0,builder_18,73,73,1380
2184,54,5000001,0,user_11,70,79,177
1905,49,5000001,0,user_13,69,79,177
2168,55,5000001,0,user_0,70,79,177
2181,56,5000001,0,user_9,70,79,177
2183,57,5000001,0,user_9,70,79,177
1124,48,5000001,0,user_10,66,79,177
538,51,5000001,0,user_17,63,79,177
547,50,5000001,0,user_26,63,79,177
719,58,5000001,0,user_19,64,79,177
345,52,5000001,0,user_12,62,79,177
353,53,5000001,0,user_24,62,79,177
349,65,5000001,0,user_19,62,79,177
714,59,5000001,0,user_15,64,79,177
883,60,5000001,0,user_0,65,79,177
1617,61,5000001,0,user_26,68,79,177
1911,62,5000001,0,user_20,69,79,177
1910,63,5000001,0,user_18,69,79,177
1917,64,5000001,0,user_24,69,79,177
1377,69,5000000,0,user_37,67,79,
191,71,5000000,0,user_38,61,79,
749,72,5000000,0,user_47,64,79,
731,70,5000000,0,user_30,64,79,
1929,73,5000000,0,user_39,69,79,
2913,74,5000000,0,user_34,73,79,
2179,82,4999999,0,user_9,70,79,177
2180,83,4999999,0,user_9,70,79,177
2182,84,4999999,0,user_9,70,79,177
2178,81,4999999,0,user_8,70,79,177
528,77,4999999,0,user_8,63,79,177
529,78,4999999,0,user_8,63,79,177
545,76,4999999,0,user_21,63,79,177
348,79,4999999,0,user_16,62,79,177
354,80,4999999,0,user_24,62,79,177
724,85,4999999,0,user_25,64,79,177
1593,75,4999999,0,user_7,68,79,177
1894,86,4999999,0,user_4,69,79,177
1901,87,4999999,0,user_10,69,79,177
1909,88,4999999,0,user_18,69,79,177
1898,89,4999999,0,user_5,69,79,177
1914,90,4999999,0,user_23,69,79,177
1916,91,4999999,0,user_24,69,79,177
1913,92,4999999,0,user_22,69,79,177
3096,81,4500001,0,builder_18,73,73,732
732,94,4500000,16400,user_31,64,79,
2681,97,4200000,231000,user_36,72,79,
3097,84,4199999,0,builder_18,73,73,2681
55,99,4200000,33100,user_43,60,79,
3098,86,4199999,0,builder_18,73,73,55
343,98,4200001,0,user_10,62,77,55
156,95,4200001,0,user_9,61,76,55
162,99,4200001,0,user_13,61,77,55
163,94,4200001,0,user_13,61,76,55
169,96,4200001,0,user_17,61,76,55
341,97,4200001,0,user_8,62,77,55
1151,98,4200000,0,user_34,66,76,
1622,99,4200000,0,user_28,68,76,
552,97,4200000,0,user_34,63,76,
362,97,4200000,0,user_32,62,75,
1634,98,4200000,0,user_39,68,75,
171,98,4199999,0,user_20,61,73,55
159,99,4199999,0,user_13,61,73,55
3311,0,43000001,0,builder_17,74,74,2919
2919,1,43000000,56200,user_39,73,79,
2678,4,43000000,0,user_34,72,79,
11,2,43000000,0,user_9,60,79,
1627,3,43000000,0,user_29,68,79,
2214,6,30000000,0,user_38,70,79,
1370,5,30000000,0,user_29,67,79,
735,7,30000000,0,user_35,64,79,
1931,8,30000000,0,user_41,69,79,
2677,11,27000000,0,user_32,72,79,
358,9,27000000,0,user_28,62,79,
1926,10,27000000,0,user_34,69,79,
2449,13,19000000,0,user_32,71,79,
2217,12,19000000,0,user_40,70,79,
3312,14,170001,0,builder_17,74,74,727
727,18,170000,17700000,user_27,64,79,
3313,16,3500001,0,builder_17,74,74,1618
1618,20,3500000,7190000,user_27,68,79,
3314,18,6300001,0,builder_17,74,74,46
46,22,6300000,7840,user_34,60,79,
164,23,6300001,0,user_14,61,79,46
1147,25,6300000,0,user_31,66,79,
187,28,6300000,0,user_33,61,79,
1640,27,6300000,0,user_44,68,79,
166,29,6299999,0,user_16,61,79,46
152,30,6299999,0,user_6,61,79,46
165,31,6299999,0,user_14,61,79,46
1158,32,6100000,0,user_47,66,79,
51,33,6100000,0,user_40,60,79,
43,34,6100000,0,user_33,60,79,
1626,35,6100000,0,user_29,68,79,
177,36,5000000,381000,user_27,61,79,
3315,32,4999999,0,builder_17,74,74,177
2226,40,5200000,0,user_49,70,79,
908,41,5200000,0,user_27,65,79,
3316,35,5000001,0,builder_17,74,74,1384
1384,45,5000000,13900,user_45,67,79,
3317,37,5000001,0,builder_17,74,74,1380
1380,47,5000000,6390,user_41,67,79,
2168,55,5000001,0,user_0,70,79,177
2181,56,5000001,0,user_9,70,79,177
2183,57,5000001,0,user_9,70,79,177
1124,48,5000001,0,user_10,66,79,177
538,51,5000001,0,user_17,63,79,177
547,50,5000001,0,user_26,63,79,177
345,52,5000001,0,user_12,62,79,177
353,53,5000001,0,user_24,62,79,177
1905,49,5000001,0,user_13,69,79,177
2184,54,5000001,0,user_11,70,79,177
714,59,5000001,0,user_15,64,79,177
883,60,5000001,0,user_0,65,79,177
719,58,5000001,0,user_19,64,79,177
1617,61,5000001,0,user_26,68,79,177
1910,63,5000001,0,user_18,69,79,177
1917,64,5000001,0,user_24,69,79,177
1911,62,5000001,0,user_20,69,79,177
349,65,5000001,0,user_19,62,79,177
2913,74,5000000,0,user_34,73,79,
1377,69,5000000,0,user_37,67,79,
731,70,5000000,0,user_30,64,79,
749,72,5000000,0,user_47,64,79,
191,71,5000000,0,user_38,61,79,
1929,73,5000000,0,user_39,69,79,
1914,90,4999999,0,user_23,69,79,177
2179,82,4999999,0,user_9,70,79,177
2180,83,4999999,0,user_9,70,79,177
2182,84,4999999,0,user_9,70,79,177
528,77,4999999,0,user_8,63,79,177
529,78,4999999,0,user_8,63,79,177
545,76,4999999,0,user_21,63,79,177
348,79,4999999,0,user_16,62,79,177
354,80,4999999,0,user_24,62,79,177
1593,75,4999999,0,user_7,68,79,177
2178,81,4999999,0,user_8,70,79,177
724,85,4999999,0,user_25,64,79,177
1894,86,4999999,0,user_4,69,79,177
1898,89,4999999,0,user_5,69,79,177
1913,92,4999999,0,user_22,69,79,177
1901,87,4999999,0,user_10,69,79,177
1909,88,4999999,0,user_18,69,79,177
1916,91,4999999,0,user_24,69,79,177
3318,81,4500001,0,builder_17,74,74,732
732,94,4500000,16400,user_31,64,79,
2681,97,4200000,231000,user_36,72,79,
3319,84,4199999,0,builder_17,74,74,2681
55,99,4200000,33100,user_43,60,79,
3320,86,4199999,0,builder_17,74,74,55
343,98,4200001,0,user_10,62,77,55
341,97,4200001,0,user_8,62,77,55
169,96,4200001,0,user_17,61,76,55
156,95,4200001,0,user_9,61,76,55
162,99,4200001,0,user_13,61,77,55
163,94,4200001,0,user_13,61,76,55
1151,98,4200000,0,user_34,66,76,
552,97,4200000,0,user_34,63,76,
362,97,4200000,0,user_32,62,75,
1634,98,4200000,0,user_39,68,75,
1622,99,4200000,0,user_28,68,76,
344,99,4199999,0,user_11,62,75,55
340,99,4199999,0,user_8,62,74,55
2919,1,43000000,56200,user_39,73,79,
3552,1,42999999,0,builder_17,75,75,2919
2678,4,43000000,0,user_34,72,79,
11,2,43000000,0,user_9,60,79,
1627,3,43000000,0,user_29,68,79,
1370,5,30000000,0,user_29,67,79,
735,7,30000000,0,user_35,64,79,
1931,8,30000000,0,user_41,69,79,
2214,6,30000000,0,user_38,70,79,
358,9,27000000,0,user_28,62,79,
1926,10,27000000,0,user_34,69,79,
2677,11,27000000,0,user_32,72,79,
2217,12,19000000,0,user_40,70,79,
2449,13,19000000,0,user_32,71,79,
727,18,170000,17700000,user_27,64,79,
3553,15,169999,0,builder_17,75,75,727
3554,16,3500001,0,builder_17,75,75,1618
1618,20,3500000,7190000,user_27,68,79,
46,22,6300000,7840,user_34,60,79,
3555,19,6299999,0,builder_17,75,75,46
164,23,6300001,0,user_14,61,79,46
1147,25,6300000,0,user_31,66,79,
1640,27,6300000,0,user_44,68,79,
187,28,6300000,0,user_33,61,79,
166,29,6299999,0,user_16,61,79,46
152,30,6299999,0,user_6,61,79,46
165,31,6299999,0,user_14,61,79,46
1158,32,6100000,0,user_47,66,79,
51,33,6100000,0,user_40,60,79,
43,34,6100000,0,user_33,60,79,
1626,35,6100000,0,user_29,68,79,
3556,31,5000001,0,builder_17,75,75,177
177,36,5000000,381000,user_27,61,79,
908,41,5200000,0,user_27,65,79,
2226,40,5200000,0,user_49,70,79,
3557,35,5000001,0,builder_17,75,75,1384
1384,45,5000000,13900,user_45,67,79,
3558,37,5000001,0,builder_17,75,75,1380
1380,47,5000000,6390,user_41,67,79,
1124,48,5000001,0,user_10,66,79,177
1905,49,5000001,0,user_13,69,79,177
547,50,5000001,0,user_26,63,79,177
538,51,5000001,0,user_17,63,79,177
345,52,5000001,0,user_12,62,79,177
353,53,5000001,0,user_24,62,79,177
2184,54,5000001,0,user_11,70,79,177
719,58,5000001,0,user_19,64,79,177
714,59,5000001,0,user_15,64,79,177
883,60,5000001,0,user_0,65,79,177
1617,61,5000001,0,user_26,68,79,177
1911,62,5000001,0,user_20,69,79,177
1910,63,5000001,0,user_18,69,79,177
2168,55,5000001,0,user_0,70,79,177
2181,56,5000001,0,user_9,70,79,177
2183,57,5000001,0,user_9,70,79,177
1917,64,5000001,0,user_24,69,79,177
349,65,5000001,0,user_19,62,79,177
2913,74,5000000,0,user_34,73,79,
1377,69,5000000,0,user_37,67,79,
731,70,5000000,0,user_30,64,79,
191,71,5000000,0,user_38,61,79,
749,72,5000000,0,user_47,64,79,
1929,73,5000000,0,user_39,69,79,
1593,75,4999999,0,user_7,68,79,177
545,76,4999999,0,user_21,63,79,177
528,77,4999999,0,user_8,63,79,177
529,78,4999999,0,user_8,63,79,177
348,79,4999999,0,user_16,62,79,177
354,80,4999999,0,user_24,62,79,177
2178,81,4999999,0,user_8,70,79,177
724,85,4999999,0,user_25,64,79,177
1894,86,4999999,0,user_4,69,79,177
1901,87,4999999,0,user_10,69,79,177
1909,88,4999999,0,user_18,69,79,177
1898,89,4999999,0,user_5,69,79,177
1914,90,4999999,0,user_23,69,79,177
2179,82,4999999,0,user_9,70,79,177
2180,83,4999999,0,user_9,70,79,177
2182,84,4999999,0,user_9,70,79,177
1916,91,4999999,0,user_24,69,79,177
1913,92,4999999,0,user_22,69,79,177
732,94,4500000,16400,user_31,64,79,
3559,82,4499999,0,builder_17,75,75,732
3378,95,4500000,0,user_42,75,79,
2681,97,4200000,231000,user_36,72,79,
3560,85,4199999,0,builder_17,75,75,2681
3561,86,4200001,0,builder_17,75,75,55
55,99,4200000,33100,user_43,60,79,
343,98,4200001,0,user_10,62,77,55
341,97,4200001,0,user_8,62,77,55
156,95,4200001,0,user_9,61,76,55
162,99,4200001,0,user_13,61,77,55
163,94,4200001,0,user_13,61,76,55
169,96,4200001,0,user_17,61,76,55
552,97,4200000,0,user_34,63,76,
1151,98,4200000,0,user_34,66,76,
1622,99,4200000,0,user_28,68,76,
362,97,4200000,0,user_32,62,75,
1634,98,4200000,0,user_39,68,75,
344,99,4199999,0,user_11,62,75,55
3811,0,43000001,0,builder_17,76,76,2919
2919,1,43000000,56200,user_39,73,79,
2678,4,43000000,0,user_34,72,79,
1627,3,43000000,0,user_29,68,79,
11,2,43000000,0,user_9,60,79,
1370,5,30000000,0,user_29,67,79,
735,7,30000000,0,user_35,64,79,
1931,8,30000000,0,user_41,69,79,
2214,6,30000000,0,user_38,70,79,
2677,11,27000000,0,user_32,72,79,
358,9,27000000,0,user_28,62,79,
1926,10,27000000,0,user_34,69,79,
2217,12,19000000,0,user_40,70,79,
2449,13,19000000,0,user_32,71,79,
3812,14,170001,0,builder_17,76,76,727
727,18,170000,17700000,user_27,64,79,
3813,16,3500001,0,builder_17,76,76,1618
1618,20,3500000,7190000,user_27,68,79,
3814,18,6300001,0,builder_17,76,76,46
46,22,6300000,7840,user_34,60,79,
164,23,6300001,0,user_14,61,79,46
1147,25,6300000,0,user_31,66,79,
1640,27,6300000,0,user_44,68,79,
187,28,6300000,0,user_33,61,79,
166,29,6299999,0,user_16,61,79,46
152,30,6299999,0,user_6,61,79,46
165,31,6299999,0,user_14,61,79,46
51,33,6100000,0,user_40,60,79,
1158,32,6100000,0,user_47,66,79,
1626,35,6100000,0,user_29,68,79,
43,34,6100000,0,user_33,60,79,
3815,31,5000001,0,builder_17,76,76,177
177,36,5000000,381000,user_27,61,79,
3380,38,5000000,215000,user_43,75,79,
3816,34,4999999,0,builder_17,76,76,3380
908,41,5200000,0,user_27,65,79,
2226,40,5200000,0,user_49,70,79,
1384,45,5000000,13900,user_45,67,79,
3817,38,4999999,0,builder_17,76,76,1384
1380,47,5000000,6390,user_41,67,79,
3818,40,4999999,0,builder_17,76,76,1380
1905,49,5000001,0,user_13,69,79,177
2184,54,5000001,0,user_11,70,79,177
1124,48,5000001,0,user_10,66,79,177
538,51,5000001,0,user_17,63,79,177
547,50,5000001,0,user_26,63,79,177
345,52,5000001,0,user_12,62,79,177
353,53,5000001,0,user_24,62,79,177
1617,61,5000001,0,user_26,68,79,177
1911,62,5000001,0,user_20,69,79,177
719,58,5000001,0,user_19,64,79,177
714,59,5000001,0,user_15,64,79,177
883,60,5000001,0,user_0,65,79,177
1910,63,5000001,0,user_18,69,79,177
1917,64,5000001,0,user_24,69,79,177
2168,55,5000001,0,user_0,70,79,177
2181,56,5000001,0,user_9,70,79,177
2183,57,5000001,0,user_9,70,79,177
349,65,5000001,0,user_19,62,79,177
2913,74,5000000,0,user_34,73,79,
1377,69,5000000,0,user_37,67,79,
731,70,5000000,0,user_30,64,79,
749,72,5000000,0,user_47,64,79,
191,71,5000000,0,user_38,61,79,
1929,73,5000000,0,user_39,69,79,
3625,68,5000000,0,user_42,76,79,
1593,75,4999999,0,user_7,68,79,177
545,76,4999999,0,user_21,63,79,177
528,77,4999999,0,user_8,63,79,177
529,78,4999999,0,user_8,63,79,177
348,79,4999999,0,user_16,62,79,177
354,80,4999999,0,user_24,62,79,177
2178,81,4999999,0,user_8,70,79,177
1894,86,4999999,0,user_4,69,79,177
1898,89,4999999,0,user_5,69,79,177
1901,87,4999999,0,user_10,69,79,177
724,85,4999999,0,user_25,64,79,177
1913,92,4999999,0,user_22,69,79,177
1909,88,4999999,0,user_18,69,79,177
1914,90,4999999,0,user_23,69,79,177
1916,91,4999999,0,user_24,69,79,177
2179,82,4999999,0,user_9,70,79,177
2180,83,4999999,0,user_9,70,79,177
2182,84,4999999,0,user_9,70,79,177
732,94,4500000,16400,user_31,64,79,
3819,85,4499999,0,builder_17,76,76,732
3378,95,4500000,0,user_42,75,79,
2681,97,4200000,231000,user_36,72,79,
3820,88,4199999,0,builder_17,76,76,2681
3821,89,4200001,0,builder_17,76,76,55
55,99,4200000,33100,user_43,60,79,
343,98,4200001,0,user_10,62,77,55
341,97,4200001,0,user_8,62,77,55
162,99,4200001,0,user_13,61,77,55
163,94,4200001,0,user_13,61,76,55
156,95,4200001,0,user_9,61,76,55
169,96,4200001,0,user_17,61,76,55
552,97,4200000,0,user_34,63,76,
1151,98,4200000,0,user_34,66,76,
1622,99,4200000,0,user_28,68,76,
4091,0,43000001,0,builder_17,77,77,2919
2919,1,43000000,56200,user_39,73,79,
1627,3,43000000,0,user_29,68,79,
11,2,43000000,0,user_9,60,79,
2678,4,43000000,0,user_34,72,79,
1370,5,30000000,0,user_29,67,79,
1931,8,30000000,0,user_41,69,79,
735,7,30000000,0,user_35,64,79,
2214,6,30000000,0,user_38,70,79,
1926,10,27000000,0,user_34,69,79,
358,9,27000000,0,user_28,62,79,
2677,11,27000000,0,user_32,72,79,
2217,12,19000000,0,user_40,70,79,
2449,13,19000000,0,user_32,71,79,
4092,14,660001,0,builder_17,77,77,3875
3875,15,660000,17700000,user_31,77,79,
727,18,170000,17700000,user_27,64,79,
4093,17,169999,0,builder_17,77,77,727
4094,18,3500001,0,builder_17,77,77,1618
1618,20,3500000,7190000,user_27,68,79,
4095,20,6300001,0,builder_17,77,77,46
46,22,6300000,7840,user_34,60,79,
164,23,6300001,0,user_14,61,79,46
1147,25,6300000,0,user_31,66,79,
1640,27,6300000,0,user_44,68,79,
187,28,6300000,0,user_33,61,79,
3876,24,6300000,0,user_31,77,79,
166,29,6299999,0,user_16,61,79,46
152,30,6299999,0,user_6,61,79,46
165,31,6299999,0,user_14,61,79,46
1158,32,6100000,0,user_47,66,79,
51,33,6100000,0,user_40,60,79,
1626,35,6100000,0,user_29,68,79,
43,34,6100000,0,user_33,60,79,
4096,34,5000001,0,builder_17,77,77,177
177,36,5000000,381000,user_27,61,79,
4097,36,5000001,0,builder_17,77,77,3380
3380,38,5000000,215000,user_43,75,79,
908,41,5200000,0,user_27,65,79,
2226,40,5200000,0,user_49,70,79,
4098,40,5000001,0,builder_17,77,77,3874
3874,43,5000000,14200,user_30,77,79,
4099,42,5000001,0,builder_17,77,77,1384
1384,45,5000000,13900,user_45,67,79,
1380,47,5000000,6390,user_41,67,79,
4100,45,4999999,0,builder_17,77,77,1380
2184,54,5000001,0,user_11,70,79,177
1905,49,5000001,0,user_13,69,79,177
1124,48,5000001,0,user_10,66,79,177
345,52,5000001,0,user_12,62,79,177
353,53,5000001,0,user_24,62,79,177
547,50,5000001,0,user_26,63,79,177
538,51,5000001,0,user_17,63,79,177
1617,61,5000001,0,user_26,68,79,177
1911,62,5000001,0,user_20,69,79,177
1910,63,5000001,0,user_18,69,79,177
1917,64,5000001,0,user_24,69,79,177
2168,55,5000001,0,user_0,70,79,177
883,60,5000001,0,user_0,65,79,177
719,58,5000001,0,user_19,64,79,177
714,59,5000001,0,user_15,64,79,177
2181,56,5000001,0,user_9,70,79,177
2183,57,5000001,0,user_9,70,79,177
349,65,5000001,0,user_19,62,79,177
3625,68,5000000,0,user_42,76,79,
1377,69,5000000,0,user_37,67,79,
731,70,5000000,0,user_30,64,79,
1929,73,5000000,0,user_39,69,79,
749,72,5000000,0,user_47,64,79,
191,71,5000000,0,user_38,61,79,
2913,74,5000000,0,user_34,73,79,
3882,66,5000000,0,user_35,77,79,
2178,81,4999999,0,user_8,70,79,177
348,79,4999999,0,user_16,62,79,177
354,80,4999999,0,user_24,62,79,177
528,77,4999999,0,user_8,63,79,177
529,78,4999999,0,user_8,63,79,177
545,76,4999999,0,user_21,63,79,177
1593,75,4999999,0,user_7,68,79,177
1894,86,4999999,0,user_4,69,79,177
1898,89,4999999,0,user_5,69,79,177
1913,92,4999999,0,user_22,69,79,177
1901,87,4999999,0,user_10,69,79,177
1909,88,4999999,0,user_18,69,79,177
1914,90,4999999,0,user_23,69,79,177
1916,91,4999999,0,user_24,69,79,177
724,85,4999999,0,user_25,64,79,177
2179,82,4999999,0,user_9,70,79,177
2180,83,4999999,0,user_9,70,79,177
2182,84,4999999,0,user_9,70,79,177
732,94,4500000,16400,user_31,64,79,
4101,91,4499999,0,builder_17,77,77,732
3378,95,4500000,0,user_42,75,79,
4102,93,4200001,0,builder_17,77,77,2681
2681,97,4200000,231000,user_36,72,79,
4103,95,4200001,0,builder_17,77,77,55
55,99,4200000,33100,user_43,60,79,
341,97,4200001,0,user_8,62,77,55
343,98,4200001,0,user_10,62,77,55
162,99,4200001,0,user_13,61,77,55
4386,0,43000001,0,builder_17,78,78,2919
2919,1,43000000,56200,user_39,73,79,
11,2,43000000,0,user_9,60,79,
1627,3,43000000,0,user_29,68,79,
2678,4,43000000,0,user_34,72,79,
1370,5,30000000,0,user_29,67,79,
2214,6,30000000,0,user_38,70,79,
1931,8,30000000,0,user_41,69,79,
735,7,30000000,0,user_35,64,79,
1926,10,27000000,0,user_34,69,79,
358,9,27000000,0,user_28,62,79,
2677,11,27000000,0,user_32,72,79,
2217,12,19000000,0,user_40,70,79,
2449,13,19000000,0,user_32,71,79,
3875,15,660000,17700000,user_31,77,79,
4387,15,659999,0,builder_17,78,78,3875
4388,16,170001,0,builder_17,78,78,727
727,18,170000,17700000,user_27,64,79,
1618,20,3500000,7190000,user_27,68,79,
4389,19,3499999,0,builder_17,78,78,1618
4390,20,6300001,0,builder_17,78,78,46
46,22,6300000,7840,user_34,60,79,
164,23,6300001,0,user_14,61,79,46
1147,25,6300000,0,user_31,66,79,
3876,24,6300000,0,user_31,77,79,
187,28,6300000,0,user_33,61,79,
1640,27,6300000,0,user_44,68,79,
4166,26,6300000,0,user_45,78,79,
166,29,6299999,0,user_16,61,79,46
152,30,6299999,0,user_6,61,79,46
165,31,6299999,0,user_14,61,79,46
1158,32,6100000,0,user_47,66,79,
51,33,6100000,0,user_40,60,79,
43,34,6100000,0,user_33,60,79,
1626,35,6100000,0,user_29,68,79,
177,36,5000000,381000,user_27,61,79,
4391,36,4999999,0,builder_17,78,78,177
4392,37,5000001,0,builder_17,78,78,3380
3380,38,5000000,215000,user_43,75,79,
2226,40,5200000,0,user_49,70,79,
908,41,5200000,0,user_27,65,79,
4393,41,5000001,0,builder_17,78,78,4151
4151,42,5000000,36800,user_34,78,78,
4394,43,5000001,0,builder_17,78,78,3874
3874,43,5000000,14200,user_30,77,79,
1384,45,5000000,13900,user_45,67,79,
4395,46,4999999,0,builder_17,78,78,1384
1380,47,5000000,6390,user_41,67,79,
4396,48,4999999,0,builder_17,78,78,1380
2184,54,5000001,0,user_11,70,79,177
1905,49,5000001,0,user_13,69,79,177
1124,48,5000001,0,user_10,66,79,177
538,51,5000001,0,user_17,63,79,177
547,50,5000001,0,user_26,63,79,177
345,52,5000001,0,user_12,62,79,177
353,53,5000001,0,user_24,62,79,177
2168,55,5000001,0,user_0,70,79,177
2181,56,5000001,0,user_9,70,79,177
2183,57,5000001,0,user_9,70,79,177
1910,63,5000001,0,user_18,69,79,177
1917,64,5000001,0,user_24,69,79,177
1911,62,5000001,0,user_20,69,79,177
714,59,5000001,0,user_15,64,79,177
883,60,5000001,0,user_0,65,79,177
719,58,5000001,0,user_19,64,79,177
1617,61,5000001,0,user_26,68,79,177
349,65,5000001,0,user_19,62,79,177
3625,68,5000000,0,user_42,76,79,
3882,66,5000000,0,user_35,77,79,
1377,69,5000000,0,user_37,67,79,
731,70,5000000,0,user_30,64,79,
3888,67,5000000,0,user_38,77,79,
1929,73,5000000,0,user_39,69,79,
749,72,5000000,0,user_47,64,79,
191,71,5000000,0,user_38,61,79,
2913,74,5000000,0,user_34,73,79,
2178,81,4999999,0,user_8,70,79,177
528,77,4999999,0,user_8,63,79,177
529,78,4999999,0,user_8,63,79,177
545,76,4999999,0,user_21,63,79,177
348,79,4999999,0,user_16,62,79,177
354,80,4999999,0,user_24,62,79,177
1593,75,4999999,0,user_7,68,79,177
1898,89,4999999,0,user_5,69,79,177
2179,82,4999999,0,user_9,70,79,177
2180,83,4999999,0,user_9,70,79,177
2182,84,4999999,0,user_9,70,79,177
1894,86,4999999,0,user_4,69,79,177
1909,88,4999999,0,user_18,69,79,177
1914,90,4999999,0,user_23,69,79,177
1916,91,4999999,0,user_24,69,79,177
1913,92,4999999,0,user_22,69,79,177
1901,87,4999999,0,user_10,69,79,177
724,85,4999999,0,user_25,64,79,177
732,94,4500000,16400,user_31,64,79,
4397,95,4499999,0,builder_17,78,78,732
3378,95,4500000,0,user_42,75,79,
2681,97,4200000,231000,user_36,72,79,
4398,98,4199999,0,builder_17,78,78,2681
55,99,4200000,33100,user_43,60,79,
4687,0,43000001,0,builder_17,79,79,2919
2919,1,43000000,56200,user_39,73,79,
11,2,43000000,0,user_9,60,79,
1627,3,43000000,0,user_29,68,79,
2678,4,43000000,0,user_34,72,79,
1370,5,30000000,0,user_29,67,79,
2214,6,30000000,0,user_38,70,79,
735,7,30000000,0,user_35,64,79,
1931,8,30000000,0,user_41,69,79,
358,9,27000000,0,user_28,62,79,
1926,10,27000000,0,user_34,69,79,
2677,11,27000000,0,user_32,72,79,
2217,12,19000000,0,user_40,70,79,
2449,13,19000000,0,user_32,71,79,
4445,14,19000000,0,user_36,79,79,
3875,15,660000,17700000,user_31,77,79,
4688,16,659999,0,builder_17,79,79,3875
4689,17,170001,0,builder_17,79,79,727
727,18,170000,17700000,user_27,64,79,
4690,19,3500001,0,builder_17,79,79,1618
1618,20,3500000,7190000,user_27,68,79,
4691,21,6300001,0,builder_17,79,79,46
46,22,6300000,7840,user_34,60,79,
164,23,6300001,0,user_14,61,79,46
3876,24,6300000,0,user_31,77,79,
1147,25,6300000,0,user_31,66,79,
4166,26,6300000,0,user_45,78,79,
1640,27,6300000,0,user_44,68,79,
187,28,6300000,0,user_33,61,79,
166,29,6299999,0,user_16,61,79,46
152,30,6299999,0,user_6,61,79,46
165,31,6299999,0,user_14,61,79,46
1158,32,6100000,0,user_47,66,79,
51,33,6100000,0,user_40,60,79,
43,34,6100000,0,user_33,60,79,
1626,35,6100000,0,user_29,68,79,
177,36,5000000,381000,user_27,61,79,
4692,37,4999999,0,builder_17,79,79,177
3380,38,5000000,215000,user_43,75,79,
4693,39,4999999,0,builder_17,79,79,3380
2226,40,5200000,0,user_49,70,79,
908,41,5200000,0,user_27,65,79,
4694,42,5000001,0,builder_17,79,79,3874
3874,43,5000000,14200,user_30,77,79,
4695,44,5000001,0,builder_17,79,79,1384
1384,45,5000000,13900,user_45,67,79,
4696,46,5000001,0,builder_17,79,79,1380
1380,47,5000000,6390,user_41,67,79,
1124,48,5000001,0,user_10,66,79,177
1905,49,5000001,0,user_13,69,79,177
547,50,5000001,0,user_26,63,79,177
538,51,5000001,0,user_17,63,79,177
345,52,5000001,0,user_12,62,79,177
353,53,5000001,0,user_24,62,79,177
2184,54,5000001,0,user_11,70,79,177
2168,55,5000001,0,user_0,70,79,177
2181,56,5000001,0,user_9,70,79,177
2183,57,5000001,0,user_9,70,79,177
719,58,5000001,0,user_19,64,79,177
714,59,5000001,0,user_15,64,79,177
883,60,5000001,0,user_0,65,79,177
1617,61,5000001,0,user_26,68,79,177
1911,62,5000001,0,user_20,69,79,177
1910,63,5000001,0,user_18,69,79,177
1917,64,5000001,0,user_24,69,79,177
349,65,5000001,0,user_19,62,79,177
3882,66,5000000,0,user_35,77,79,
3888,67,5000000,0,user_38,77,79,
3625,68,5000000,0,user_42,76,79,
1377,69,5000000,0,user_37,67,79,
731,70,5000000,0,user_30,64,79,
191,71,5000000,0,user_38,61,79,
749,72,5000000,0,user_47,64,79,
1929,73,5000000,0,user_39,69,79,
2913,74,5000000,0,user_34,73,79,
1593,75,4999999,0,user_7,68,79,177
545,76,4999999,0,user_21,63,79,177
528,77,4999999,0,user_8,63,79,177
529,78,4999999,0,user_8,63,79,177
348,79,4999999,0,user_16,62,79,177
354,80,4999999,0,user_24,62,79,177
2178,81,4999999,0,user_8,70,79,177
2179,82,4999999,0,user_9,70,79,177
2180,83,4999999,0,user_9,70,79,177
2182,84,4999999,0,user_9,70,79,177
724,85,4999999,0,user_25,64,79,177
1894,86,4999999,0,user_4,69,79,177
1901,87,4999999,0,user_10,69,79,177
1909,88,4999999,0,user_18,69,79,177
1898,89,4999999,0,user_5,69,79,177
1914,90,4999999,0,user_23,69,79,177
1916,91,4999999,0,user_24,69,79,177
1913,92,4999999,0,user_22,69,79,177
4697,93,4500001,0,builder_17,79,79,732
732,94,4500000,16400,user_31,64,79,
3378,95,4500000,0,user_42,75,79,
4698,96,4200001,0,builder_17,79,79,2681
2681,97,4200000,231000,user_36,72,79,
4699,98,4200001,0,builder_17,79,79,55
55,99,4200000,33100,user_43,60,79,
11,2,43000000,0,user_9,80,99,
46,22,6300000,7840,user_34,80,99,
128,2,6299999,0,builder_17,80,80,46
43,34,6100000,0,user_33,80,99,
51,33,6100000,0,user_40,80,99,
38,96,3200000,21800,user_30,80,89,
129,6,3199999,0,builder_17,80,80,38
15,86,2600000,0,user_11,80,88,
61,87,2600000,0,user_46,80,88,
42,88,2500000,0,user_32,80,88,
44,96,2000000,322000,user_33,80,88,
130,11,1999999,0,builder_17,80,80,44
45,98,2300000,0,user_33,80,88,
10,94,2000000,0,user_8,80,86,
39,98,1500000,0,user_30,80,84,
66,90,1300000,0,user_49,80,83,
37,94,1200000,0,user_28,80,83,
60,93,1200000,0,user_45,80,83,
13,95,1100000,0,user_11,80,83,
65,97,1000000,0,user_48,80,83,
5,99,660000,14200,user_4,80,83,
131,21,659999,0,builder_17,80,80,5
17,84,660001,0,user_14,80,82,5
6,86,660001,0,user_5,80,82,5
8,87,660001,0,user_5,80,82,5
21,91,660001,0,user_17,80,82,5
23,92,660001,0,user_18,80,82,5
24,93,660001,0,user_18,80,82,5
25,94,660001,0,user_18,80,82,5
31,89,660001,0,user_25,80,82,5
32,90,660001,0,user_25,80,82,5
19,85,660001,0,user_15,80,82,5
29,88,660001,0,user_22,80,82,5
16,95,659999,0,user_14,80,82,5
7,96,659999,0,user_5,80,82,5
22,99,659999,0,user_18,80,82,5
26,86,659999,0,user_18,80,81,5
33,97,659999,0,user_26,80,82,5
34,98,659999,0,user_26,80,82,5
48,87,420000,0,user_35,80,81,
12,89,310000,0,user_11,80,81,
4,95,260000,0,user_4,80,81,
14,96,220000,0,user_11,80,81,
41,97,220000,0,user_32,80,81,
63,98,220000,0,user_47,80,81,
132,45,150001,0,builder_17,80,80,1
1,99,150000,39400,user_1,80,81,
64,47,160000,0,user_48,80,80,
49,48,160000,0,user_36,80,80,
53,49,160000,0,user_42,80,80,
2,50,150001,0,user_2,80,80,1
9,51,150001,0,user_7,80,80,1
18,52,150001,0,user_15,80,80,1
3,53,149999,0,user_3,80,80,1
20,54,149999,0,user_16,80,80,1
30,55,149999,0,user_23,80,80,1
28,56,149999,0,user_20,80,80,1
50,57,130000,0,user_39,80,80,
52,58,110000,0,user_41,80,80,
40,59,87000,0,user_31,80,80,
62,60,82000,0,user_46,80,80,
0,61,80000,0,user_1,80,80,
54,62,77000,0,user_42,80,80,
47,63,70000,0,user_34,80,80,
11,2,43000000,0,user_9,80,99,
46,22,6300000,7840,user_34,80,99,
323,2,6299999,0,builder_18,81,81,46
164,23,6300001,0,user_14,81,99,46
187,28,6300000,0,user_33,81,99,
165,31,6299999,0,user_14,81,99,46
166,29,6299999,0,user_16,81,99,46
152,30,6299999,0,user_6,81,99,46
51,33,6100000,0,user_40,80,99,
43,34,6100000,0,user_33,80,99,
324,10,5000001,0,builder_18,81,81,177
177,36,5000000,381000,user_27,81,99,
55,99,4200000,33100,user_43,80,99,
325,13,4199999,0,builder_18,81,81,55
156,95,4200001,0,user_9,81,96,55
162,99,4200001,0,user_13,81,97,55
163,94,4200001,0,user_13,81,96,55
169,96,4200001,0,user_17,81,96,55
171,98,4199999,0,user_20,81,93,55
159,99,4199999,0,user_13,81,93,55
176,99,4199999,0,user_26,81,92,55
326,21,3200001,0,builder_18,81,81,38
38,96,3200000,21800,user_30,80,89,
144,77,3200001,0,user_4,81,88,38
142,81,3199999,0,user_3,81,88,38
143,82,3199999,0,user_3,81,88,38
174,83,3199999,0,user_23,81,88,38
15,86,2600000,0,user_11,80,88,
61,87,2600000,0,user_46,80,88,
199,84,2600000,0,user_47,81,88,
42,88,2500000,0,user_32,80,88,
327,31,2000001,0,builder_18,81,81,44
44,96,2000000,322000,user_33,80,88,
45,98,2300000,0,user_33,80,88,
36,97,2300000,0,user_27,80,88,
154,96,2000001,0,user_7,81,87,44
172,94,2000001,0,user_21,81,87,44
145,97,2000001,0,user_5,81,87,44
149,98,2000001,0,user_5,81,87,44
151,95,2000001,0,user_6,81,87,44
173,99,2000001,0,user_22,81,87,44
10,94,2000000,0,user_8,80,86,
140,98,1999999,0,user_2,81,86,44
158,93,1999999,0,user_10,81,85,44
139,91,1999999,0,user_0,81,85,44
160,94,1999999,0,user_13,81,85,44
161,95,1999999,0,user_13,81,85,44
167,96,1999999,0,user_17,81,85,44
147,99,1999999,0,user_5,81,86,44
150,97,1999999,0,user_6,81,85,44
153,98,1999999,0,user_6,81,85,44
175,99,1999999,0,user_26,81,85,44
196,92,1800000,0,user_44,81,84,
181,93,1600000,0,user_30,81,84,
194,94,1600000,0,user_42,81,84,
39,98,1500000,0,user_30,80,84,
200,97,1500000,0,user_48,81,84,
185,99,1500000,0,user_32,81,84,
35,86,1400000,0,user_27,80,83,
56,87,1400000,0,user_43,80,83,
198,88,1400000,0,user_46,81,83,
66,90,1300000,0,user_49,80,83,
37,94,1200000,0,user_28,80,83,
60,93,1200000,0,user_45,80,83,
197,92,1200000,0,user_45,81,83,
13,95,1100000,0,user_11,80,83,
65,97,1000000,0,user_48,80,83,
328,67,660001,0,builder_18,81,81,5
5,99,660000,14200,user_4,80,83,
6,86,660001,0,user_5,80,82,5
8,87,660001,0,user_5,80,82,5
27,83,660001,0,user_19,80,82,5
17,84,660001,0,user_14,80,82,5
19,85,660001,0,user_15,80,82,5
29,88,660001,0,user_22,80,82,5
31,89,660001,0,user_25,80,82,5
32,90,660001,0,user_25,80,82,5
21,91,660001,0,user_17,80,82,5
23,92,660001,0,user_18,80,82,5
24,93,660001,0,user_18,80,82,5
25,94,660001,0,user_18,80,82,5
7,96,659999,0,user_5,80,82,5
16,95,659999,0,user_14,80,82,5
33,97,659999,0,user_26,80,82,5
34,98,659999,0,user_26,80,82,5
22,99,659999,0,user_18,80,82,5
26,86,659999,0,user_18,80,81,5
48,87,420000,0,user_35,80,81,
183,88,340000,0,user_32,81,81,
12,89,310000,0,user_11,80,81,
193,90,310000,0,user_40,81,81,
329,91,260001,0,builder_18,81,81,192
192,92,260000,21800,user_39,81,81,
57,93,110000,164000,user_43,80,81,
330,94,109999,0,builder_18,81,81,57
4,95,260000,0,user_4,80,81,
14,96,220000,0,user_11,80,81,
41,97,220000,0,user_32,80,81,
63,98,220000,0,user_47,80,81,
1,99,150000,39400,user_1,80,81,
11,2,43000000,0,user_9,80,99,
46,22,6300000,7840,user_34,80,99,
514,2,6299999,0,builder_18,82,82,46
164,23,6300001,0,user_14,81,99,46
187,28,6300000,0,user_33,81,99,
152,30,6299999,0,user_6,81,99,46
165,31,6299999,0,user_14,81,99,46
166,29,6299999,0,user_16,81,99,46
43,34,6100000,0,user_33,80,99,
51,33,6100000,0,user_40,80,99,
345,52,5000001,0,user_12,82,99,177
353,53,5000001,0,user_24,82,99,177
191,71,5000000,0,user_38,81,99,
348,79,4999999,0,user_16,82,99,177
354,80,4999999,0,user_24,82,99,177
55,99,4200000,33100,user_43,80,99,
515,16,4199999,0,builder_18,82,82,55
162,99,4200001,0,user_13,81,97,55
163,94,4200001,0,user_13,81,96,55
156,95,4200001,0,user_9,81,96,55
169,96,4200001,0,user_17,81,96,55
343,98,4200001,0,user_10,82,97,55
341,97,4200001,0,user_8,82,97,55
362,97,4200000,0,user_32,82,95,
159,99,4199999,0,user_13,81,93,55
171,98,4199999,0,user_20,81,93,55
176,99,4199999,0,user_26,81,92,55
344,99,4199999,0,user_11,82,95,55
340,99,4199999,0,user_8,82,94,55
38,96,3200000,21800,user_30,80,89,
516,30,3199999,0,builder_18,82,82,38
144,77,3200001,0,user_4,81,88,38
142,81,3199999,0,user_3,81,88,38
143,82,3199999,0,user_3,81,88,38
174,83,3199999,0,user_23,81,88,38
15,86,2600000,0,user_11,80,88,
61,87,2600000,0,user_46,80,88,
199,84,2600000,0,user_47,81,88,
42,88,2500000,0,user_32,80,88,
369,93,2400000,0,user_42,82,88,
44,96,2000000,322000,user_33,80,88,
517,41,1999999,0,builder_18,82,82,44
45,98,2300000,0,user_33,80,88,
36,97,2300000,0,user_27,80,88,
145,97,2000001,0,user_5,81,87,44
149,98,2000001,0,user_5,81,87,44
151,95,2000001,0,user_6,81,87,44
154,96,2000001,0,user_7,81,87,44
172,94,2000001,0,user_21,81,87,44
173,99,2000001,0,user_22,81,87,44
355,89,2000001,0,user_25,82,86,44
10,94,2000000,0,user_8,80,86,
140,98,1999999,0,user_2,81,86,44
147,99,1999999,0,user_5,81,86,44
158,93,1999999,0,user_10,81,85,44
160,94,1999999,0,user_13,81,85,44
161,95,1999999,0,user_13,81,85,44
150,97,1999999,0,user_6,81,85,44
153,98,1999999,0,user_6,81,85,44
139,91,1999999,0,user_0,81,85,44
175,99,1999999,0,user_26,81,85,44
167,96,1999999,0,user_17,81,85,44
338,88,1999999,0,user_6,82,85,44
196,92,1800000,0,user_44,81,84,
194,94,1600000,0,user_42,81,84,
181,93,1600000,0,user_30,81,84,
39,98,1500000,0,user_30,80,84,
185,99,1500000,0,user_32,81,84,
200,97,1500000,0,user_48,81,84,
35,86,1400000,0,user_27,80,83,
56,87,1400000,0,user_43,80,83,
198,88,1400000,0,user_46,81,83,
373,85,1400000,0,user_44,82,83,
66,90,1300000,0,user_49,80,83,
37,94,1200000,0,user_28,80,83,
60,93,1200000,0,user_45,80,83,
197,92,1200000,0,user_45,81,83,
13,95,1100000,0,user_11,80,83,
65,97,1000000,0,user_48,80,83,
5,99,660000,14200,user_4,80,83,
518,80,659999,0,builder_18,82,82,5
519,81,73001,0,builder_18,82,82,195
195,82,73000,594000,user_43,81,82,
27,83,660001,0,user_19,80,82,5
17,84,660001,0,user_14,80,82,5
19,85,660001,0,user_15,80,82,5
6,86,660001,0,user_5,80,82,5
8,87,660001,0,user_5,80,82,5
29,88,660001,0,user_22,80,82,5
31,89,660001,0,user_25,80,82,5
32,90,660001,0,user_25,80,82,5
21,91,660001,0,user_17,80,82,5
23,92,660001,0,user_18,80,82,5
24,93,660001,0,user_18,80,82,5
25,94,660001,0,user_18,80,82,5
16,95,659999,0,user_14,80,82,5
7,96,659999,0,user_5,80,82,5
33,97,659999,0,user_26,80,82,5
34,98,659999,0,user_26,80,82,5
22,99,659999,0,user_18,80,82,5
11,2,43000000,0,user_9,80,99,
358,9,27000000,0,user_28,82,99,
686,2,6300001,0,builder_17,83,83,46
46,22,6300000,7840,user_34,80,99,
164,23,6300001,0,user_14,81,99,46
187,28,6300000,0,user_33,81,99,
165,31,6299999,0,user_14,81,99,46
166,29,6299999,0,user_16,81,99,46
152,30,6299999,0,user_6,81,99,46
51,33,6100000,0,user_40,80,99,
43,34,6100000,0,user_33,80,99,
687,11,5000001,0,builder_17,83,83,177
177,36,5000000,381000,user_27,81,99,
345,52,5000001,0,user_12,82,99,177
353,53,5000001,0,user_24,82,99,177
349,65,5000001,0,user_19,82,99,177
538,51,5000001,0,user_17,83,99,177
547,50,5000001,0,user_26,83,99,177
191,71,5000000,0,user_38,81,99,
348,79,4999999,0,user_16,82,99,177
354,80,4999999,0,user_24,82,99,177
528,77,4999999,0,user_8,83,99,177
529,78,4999999,0,user_8,83,99,177
545,76,4999999,0,user_21,83,99,177
688,24,4200001,0,builder_17,83,83,55
55,99,4200000,33100,user_43,80,99,
156,95,4200001,0,user_9,81,96,55
343,98,4200001,0,user_10,82,97,55
341,97,4200001,0,user_8,82,97,55
162,99,4200001,0,user_13,81,97,55
163,94,4200001,0,user_13,81,96,55
169,96,4200001,0,user_17,81,96,55
362,97,4200000,0,user_32,82,95,
552,97,4200000,0,user_34,83,96,
344,99,4199999,0,user_11,82,95,55
340,99,4199999,0,user_8,82,94,55
159,99,4199999,0,user_13,81,93,55
176,99,4199999,0,user_26,81,92,55
171,98,4199999,0,user_20,81,93,55
38,96,3200000,21800,user_30,80,89,
689,40,3199999,0,builder_17,83,83,38
144,77,3200001,0,user_4,81,88,38
142,81,3199999,0,user_3,81,88,38
143,82,3199999,0,user_3,81,88,38
174,83,3199999,0,user_23,81,88,38
199,84,2600000,0,user_47,81,88,
61,87,2600000,0,user_46,80,88,
15,86,2600000,0,user_11,80,88,
42,88,2500000,0,user_32,80,88,
690,49,2400001,0,builder_17,83,83,553
553,91,2400000,18600,user_36,83,88,
369,93,2400000,0,user_42,82,88,
44,96,2000000,322000,user_33,80,88,
691,53,1999999,0,builder_17,83,83,44
36,97,2300000,0,user_27,80,88,
45,98,2300000,0,user_33,80,88,
355,89,2000001,0,user_25,82,86,44
154,96,2000001,0,user_7,81,87,44
172,94,2000001,0,user_21,81,87,44
145,97,2000001,0,user_5,81,87,44
149,98,2000001,0,user_5,81,87,44
151,95,2000001,0,user_6,81,87,44
173,99,2000001,0,user_22,81,87,44
539,91,2000001,0,user_17,83,87,44
10,94,2000000,0,user_8,80,86,
338,88,1999999,0,user_6,82,85,44
522,96,1999999,0,user_0,83,86,44
158,93,1999999,0,user_10,81,85,44
139,91,1999999,0,user_0,81,85,44
160,94,1999999,0,user_13,81,85,44
161,95,1999999,0,user_13,81,85,44
167,96,1999999,0,user_17,81,85,44
147,99,1999999,0,user_5,81,86,44
150,97,1999999,0,user_6,81,85,44
153,98,1999999,0,user_6,81,85,44
175,99,1999999,0,user_26,81,85,44
140,98,1999999,0,user_2,81,86,44
196,92,1800000,0,user_44,81,84,
371,96,1600000,0,user_43,82,84,
181,93,1600000,0,user_30,81,84,
194,94,1600000,0,user_42,81,84,
360,95,1600000,0,user_28,82,84,
200,97,1500000,0,user_48,81,84,
185,99,1500000,0,user_32,81,84,
39,98,1500000,0,user_30,80,84,
373,85,1400000,0,user_44,82,83,
35,86,1400000,0,user_27,80,83,
56,87,1400000,0,user_43,80,83,
198,88,1400000,0,user_46,81,83,
359,89,1400000,0,user_28,82,83,
66,90,1300000,0,user_49,80,83,
556,91,1300000,0,user_40,83,83,
197,92,1200000,0,user_45,81,83,
60,93,1200000,0,user_45,80,83,
37,94,1200000,0,user_28,80,83,
13,95,1100000,0,user_11,80,83,
560,96,1100000,0,user_46,83,83,
65,97,1000000,0,user_48,80,83,
692,98,660001,0,builder_17,83,83,5
5,99,660000,14200,user_4,80,83,
11,2,43000000,0,user_9,80,99,
735,7,30000000,0,user_35,84,99,
358,9,27000000,0,user_28,82,99,
46,22,6300000,7840,user_34,80,99,
866,4,6299999,0,builder_17,84,84,46
164,23,6300001,0,user_14,81,99,46
187,28,6300000,0,user_33,81,99,
152,30,6299999,0,user_6,81,99,46
165,31,6299999,0,user_14,81,99,46
166,29,6299999,0,user_16,81,99,46
43,34,6100000,0,user_33,80,99,
51,33,6100000,0,user_40,80,99,
177,36,5000000,381000,user_27,81,99,
867,13,4999999,0,builder_17,84,84,177
349,65,5000001,0,user_19,82,99,177
538,51,5000001,0,user_17,83,99,177
547,50,5000001,0,user_26,83,99,177
353,53,5000001,0,user_24,82,99,177
345,52,5000001,0,user_12,82,99,177
714,59,5000001,0,user_15,84,99,177
191,71,5000000,0,user_38,81,99,
749,72,5000000,0,user_47,84,99,
731,70,5000000,0,user_30,84,99,
528,77,4999999,0,user_8,83,99,177
529,78,4999999,0,user_8,83,99,177
545,76,4999999,0,user_21,83,99,177
348,79,4999999,0,user_16,82,99,177
354,80,4999999,0,user_24,82,99,177
724,85,4999999,0,user_25,84,99,177
868,29,4500001,0,builder_17,84,84,732
732,94,4500000,16400,user_31,84,99,
55,99,4200000,33100,user_43,80,99,
869,32,4199999,0,builder_17,84,84,55
156,95,4200001,0,user_9,81,96,55
343,98,4200001,0,user_10,82,97,55
169,96,4200001,0,user_17,81,96,55
162,99,4200001,0,user_13,81,97,55
163,94,4200001,0,user_13,81,96,55
341,97,4200001,0,user_8,82,97,55
552,97,4200000,0,user_34,83,96,
362,97,4200000,0,user_32,82,95,
176,99,4199999,0,user_26,81,92,55
344,99,4199999,0,user_11,82,95,55
159,99,4199999,0,user_13,81,93,55
171,98,4199999,0,user_20,81,93,55
340,99,4199999,0,user_8,82,94,55
38,96,3200000,21800,user_30,80,89,
870,47,3199999,0,builder_17,84,84,38
555,98,3200000,6390,user_37,83,89,
871,49,3199999,0,builder_17,84,84,555
144,77,3200001,0,user_4,81,88,38
742,78,3200000,0,user_40,84,88,
174,83,3199999,0,user_23,81,88,38
142,81,3199999,0,user_3,81,88,38
143,82,3199999,0,user_3,81,88,38
554,85,2600000,0,user_37,83,88,
199,84,2600000,0,user_47,81,88,
61,87,2600000,0,user_46,80,88,
15,86,2600000,0,user_11,80,88,
42,88,2500000,0,user_32,80,88,
553,91,2400000,18600,user_36,83,88,
872,61,2399999,0,builder_17,84,84,553
369,93,2400000,0,user_42,82,88,
44,96,2000000,322000,user_33,80,88,
873,64,1999999,0,builder_17,84,84,44
45,98,2300000,0,user_33,80,88,
36,97,2300000,0,user_27,80,88,
539,91,2000001,0,user_17,83,87,44
145,97,2000001,0,user_5,81,87,44
149,98,2000001,0,user_5,81,87,44
154,96,2000001,0,user_7,81,87,44
151,95,2000001,0,user_6,81,87,44
172,94,2000001,0,user_21,81,87,44
173,99,2000001,0,user_22,81,87,44
355,89,2000001,0,user_25,82,86,44
706,90,2000001,0,user_5,84,87,44
716,92,2000001,0,user_17,84,87,44
10,94,2000000,0,user_8,80,86,
750,93,2000000,0,user_48,84,86,
710,97,1999999,0,user_9,84,86,44
158,93,1999999,0,user_10,81,85,44
147,99,1999999,0,user_5,81,86,44
150,97,1999999,0,user_6,81,85,44
153,98,1999999,0,user_6,81,85,44
175,99,1999999,0,user_26,81,85,44
167,96,1999999,0,user_17,81,85,44
338,88,1999999,0,user_6,82,85,44
140,98,1999999,0,user_2,81,86,44
160,94,1999999,0,user_13,81,85,44
161,95,1999999,0,user_13,81,85,44
139,91,1999999,0,user_0,81,85,44
522,96,1999999,0,user_0,83,86,44
196,92,1800000,0,user_44,81,84,
181,93,1600000,0,user_30,81,84,
194,94,1600000,0,user_42,81,84,
360,95,1600000,0,user_28,82,84,
371,96,1600000,0,user_43,82,84,
200,97,1500000,0,user_48,81,84,
39,98,1500000,0,user_30,80,84,
185,99,1500000,0,user_32,81,84,
11,2,43000000,0,user_9,80,99,
735,7,30000000,0,user_35,84,99,
358,9,27000000,0,user_28,82,99,
1096,3,170001,0,builder_17,85,85,727
727,18,170000,17700000,user_27,84,99,
46,22,6300000,7840,user_34,80,99,
1097,6,6299999,0,builder_17,85,85,46
164,23,6300001,0,user_14,81,99,46
187,28,6300000,0,user_33,81,99,
165,31,6299999,0,user_14,81,99,46
166,29,6299999,0,user_16,81,99,46
152,30,6299999,0,user_6,81,99,46
51,33,6100000,0,user_40,80,99,
43,34,6100000,0,user_33,80,99,
1098,14,5000001,0,builder_17,85,85,177
177,36,5000000,381000,user_27,81,99,
714,59,5000001,0,user_15,84,99,177
883,60,5000001,0,user_0,85,99,177
345,52,5000001,0,user_12,82,99,177
349,65,5000001,0,user_19,82,99,177
547,50,5000001,0,user_26,83,99,177
719,58,5000001,0,user_19,84,99,177
353,53,5000001,0,user_24,82,99,177
538,51,5000001,0,user_17,83,99,177
749,72,5000000,0,user_47,84,99,
731,70,5000000,0,user_30,84,99,
191,71,5000000,0,user_38,81,99,
724,85,4999999,0,user_25,84,99,177
348,79,4999999,0,user_16,82,99,177
545,76,4999999,0,user_21,83,99,177
528,77,4999999,0,user_8,83,99,177
529,78,4999999,0,user_8,83,99,177
354,80,4999999,0,user_24,82,99,177
732,94,4500000,16400,user_31,84,99,
1099,34,4499999,0,builder_17,85,85,732
1100,35,4200001,0,builder_17,85,85,55
55,99,4200000,33100,user_43,80,99,
341,97,4200001,0,user_8,82,97,55
343,98,4200001,0,user_10,82,97,55
156,95,4200001,0,user_9,81,96,55
162,99,4200001,0,user_13,81,97,55
163,94,4200001,0,user_13,81,96,55
169,96,4200001,0,user_17,81,96,55
552,97,4200000,0,user_34,83,96,
362,97,4200000,0,user_32,82,95,
340,99,4199999,0,user_8,82,94,55
159,99,4199999,0,user_13,81,93,55
176,99,4199999,0,user_26,81,92,55
171,98,4199999,0,user_20,81,93,55
344,99,4199999,0,user_11,82,95,55
38,96,3200000,21800,user_30,80,89,
1101,51,3199999,0,builder_17,85,85,38
555,98,3200000,6390,user_37,83,89,
1102,53,3199999,0,builder_17,85,85,555
144,77,3200001,0,user_4,81,88,38
742,78,3200000,0,user_40,84,88,
910,80,3200000,0,user_32,85,88,
142,81,3199999,0,user_3,81,88,38
143,82,3199999,0,user_3,81,88,38
174,83,3199999,0,user_23,81,88,38
554,85,2600000,0,user_37,83,88,
15,86,2600000,0,user_11,80,88,
61,87,2600000,0,user_46,80,88,
199,84,2600000,0,user_47,81,88,
909,89,2500000,0,user_28,85,88,
42,88,2500000,0,user_32,80,88,
1103,66,2400001,0,builder_17,85,85,553
553,91,2400000,18600,user_36,83,88,
369,93,2400000,0,user_42,82,88,
1104,69,2000001,0,builder_17,85,85,44
44,96,2000000,322000,user_33,80,88,
36,97,2300000,0,user_27,80,88,
45,98,2300000,0,user_33,80,88,
716,92,2000001,0,user_17,84,87,44
706,90,2000001,0,user_5,84,87,44
355,89,2000001,0,user_25,82,86,44
896,88,2000001,0,user_11,85,87,44
539,91,2000001,0,user_17,83,87,44
145,97,2000001,0,user_5,81,87,44
149,98,2000001,0,user_5,81,87,44
154,96,2000001,0,user_7,81,87,44
151,95,2000001,0,user_6,81,87,44
173,99,2000001,0,user_22,81,87,44
172,94,2000001,0,user_21,81,87,44
750,93,2000000,0,user_48,84,86,
10,94,2000000,0,user_8,80,86,
912,95,2000000,0,user_35,85,86,
522,96,1999999,0,user_0,83,86,44
338,88,1999999,0,user_6,82,85,44
710,97,1999999,0,user_9,84,86,44
147,99,1999999,0,user_5,81,86,44
139,91,1999999,0,user_0,81,85,44
140,98,1999999,0,user_2,81,86,44
158,93,1999999,0,user_10,81,85,44
160,94,1999999,0,user_13,81,85,44
161,95,1999999,0,user_13,81,85,44
167,96,1999999,0,user_17,81,85,44
150,97,1999999,0,user_6,81,85,44
153,98,1999999,0,user_6,81,85,44
175,99,1999999,0,user_26,81,85,44
11,2,43000000,0,user_9,80,99,
735,7,30000000,0,user_35,84,99,
358,9,27000000,0,user_28,82,99,
727,18,170000,17700000,user_27,84,99,
1331,4,169999,0,builder_18,86,86,727
46,22,6300000,7840,user_34,80,99,
1332,6,6299999,0,builder_18,86,86,46
164,23,6300001,0,user_14,81,99,46
187,28,6300000,0,user_33,81,99,
152,30,6299999,0,user_6,81,99,46
165,31,6299999,0,user_14,81,99,46
166,29,6299999,0,user_16,81,99,46
43,34,6100000,0,user_33,80,99,
51,33,6100000,0,user_40,80,99,
1158,32,6100000,0,user_47,86,99,
177,36,5000000,381000,user_27,81,99,
1333,16,4999999,0,builder_18,86,86,177
908,41,5200000,0,user_27,85,99,
547,50,5000001,0,user_26,83,99,177
538,51,5000001,0,user_17,83,99,177
719,58,5000001,0,user_19,84,99,177
714,59,5000001,0,user_15,84,99,177
345,52,5000001,0,user_12,82,99,177
353,53,5000001,0,user_24,82,99,177
349,65,5000001,0,user_19,82,99,177
883,60,5000001,0,user_0,85,99,177
1124,48,5000001,0,user_10,86,99,177
749,72,5000000,0,user_47,84,99,
731,70,5000000,0,user_30,84,99,
191,71,5000000,0,user_38,81,99,
545,76,4999999,0,user_21,83,99,177
528,77,4999999,0,user_8,83,99,177
529,78,4999999,0,user_8,83,99,177
724,85,4999999,0,user_25,84,99,177
348,79,4999999,0,user_16,82,99,177
354,80,4999999,0,user_24,82,99,177
1334,36,4500001,0,builder_18,86,86,732
732,94,4500000,16400,user_31,84,99,
1335,38,4200001,0,builder_18,86,86,55
55,99,4200000,33100,user_43,80,99,
162,99,4200001,0,user_13,81,97,55
163,94,4200001,0,user_13,81,96,55
156,95,4200001,0,user_9,81,96,55
169,96,4200001,0,user_17,81,96,55
343,98,4200001,0,user_10,82,97,55
341,97,4200001,0,user_8,82,97,55
552,97,4200000,0,user_34,83,96,
362,97,4200000,0,user_32,82,95,
1151,98,4200000,0,user_34,86,96,
159,99,4199999,0,user_13,81,93,55
171,98,4199999,0,user_20,81,93,55
176,99,4199999,0,user_26,81,92,55
344,99,4199999,0,user_11,82,95,55
340,99,4199999,0,user_8,82,94,55
1144,98,3500000,5640,user_30,86,91,
1336,55,3499999,0,builder_18,86,86,1144
38,96,3200000,21800,user_30,80,89,
1337,57,3199999,0,builder_18,86,86,38
1338,58,3200001,0,builder_18,86,86,555
555,98,3200000,6390,user_37,83,89,
144,77,3200001,0,user_4,81,88,38
742,78,3200000,0,user_40,84,88,
910,80,3200000,0,user_32,85,88,
922,79,3200000,0,user_43,85,88,
142,81,3199999,0,user_3,81,88,38
143,82,3199999,0,user_3,81,88,38
174,83,3199999,0,user_23,81,88,38
554,85,2600000,0,user_37,83,88,
15,86,2600000,0,user_11,80,88,
61,87,2600000,0,user_46,80,88,
199,84,2600000,0,user_47,81,88,
909,89,2500000,0,user_28,85,88,
42,88,2500000,0,user_32,80,88,
1339,73,2400001,0,builder_18,86,86,553
553,91,2400000,18600,user_36,83,88,
369,93,2400000,0,user_42,82,88,
44,96,2000000,322000,user_33,80,88,
1340,77,1999999,0,builder_18,86,86,44
45,98,2300000,0,user_33,80,88,
36,97,2300000,0,user_27,80,88,
539,91,2000001,0,user_17,83,87,44
706,90,2000001,0,user_5,84,87,44
716,92,2000001,0,user_17,84,87,44
145,97,2000001,0,user_5,81,87,44
149,98,2000001,0,user_5,81,87,44
151,95,2000001,0,user_6,81,87,44
154,96,2000001,0,user_7,81,87,44
172,94,2000001,0,user_21,81,87,44
173,99,2000001,0,user_22,81,87,44
355,89,2000001,0,user_25,82,86,44
896,88,2000001,0,user_11,85,87,44
1114,89,2000001,0,user_1,86,87,44
1136,99,2000001,0,user_20,86,88,44
750,93,2000000,0,user_48,84,86,
10,94,2000000,0,user_8,80,86,
912,95,2000000,0,user_35,85,86,
522,96,1999999,0,user_0,83,86,44
710,97,1999999,0,user_9,84,86,44
140,98,1999999,0,user_2,81,86,44
147,99,1999999,0,user_5,81,86,44
11,2,43000000,0,user_9,80,99,
735,7,30000000,0,user_35,84,99,
1370,5,30000000,0,user_29,87,99,
358,9,27000000,0,user_28,82,99,
1578,4,170001,0,builder_18,87,87,727
727,18,170000,17700000,user_27,84,99,
1579,6,6300001,0,builder_18,87,87,46
46,22,6300000,7840,user_34,80,99,
164,23,6300001,0,user_14,81,99,46
187,28,6300000,0,user_33,81,99,
1147,25,6300000,0,user_31,86,99,
165,31,6299999,0,user_14,81,99,46
166,29,6299999,0,user_16,81,99,46
152,30,6299999,0,user_6,81,99,46
51,33,6100000,0,user_40,80,99,
43,34,6100000,0,user_33,80,99,
1158,32,6100000,0,user_47,86,99,
177,36,5000000,381000,user_27,81,99,
1580,18,4999999,0,builder_18,87,87,177
908,41,5200000,0,user_27,85,99,
1581,20,5000001,0,builder_18,87,87,1384
1384,45,5000000,13900,user_45,87,99,
1380,47,5000000,6390,user_41,87,99,
1582,23,4999999,0,builder_18,87,87,1380
883,60,5000001,0,user_0,85,99,177
1124,48,5000001,0,user_10,86,99,177
538,51,5000001,0,user_17,83,99,177
547,50,5000001,0,user_26,83,99,177
719,58,5000001,0,user_19,84,99,177
714,59,5000001,0,user_15,84,99,177
345,52,5000001,0,user_12,82,99,177
349,65,5000001,0,user_19,82,99,177
353,53,5000001,0,user_24,82,99,177
749,72,5000000,0,user_47,84,99,
731,70,5000000,0,user_30,84,99,
191,71,5000000,0,user_38,81,99,
1377,69,5000000,0,user_37,87,99,
545,76,4999999,0,user_21,83,99,177
528,77,4999999,0,user_8,83,99,177
529,78,4999999,0,user_8,83,99,177
724,85,4999999,0,user_25,84,99,177
348,79,4999999,0,user_16,82,99,177
354,80,4999999,0,user_24,82,99,177
732,94,4500000,16400,user_31,84,99,
1583,44,4499999,0,builder_18,87,87,732
1584,45,4200001,0,builder_18,87,87,55
55,99,4200000,33100,user_43,80,99,
162,99,4200001,0,user_13,81,97,55
163,94,4200001,0,user_13,81,96,55
169,96,4200001,0,user_17,81,96,55
156,95,4200001,0,user_9,81,96,55
343,98,4200001,0,user_10,82,97,55
341,97,4200001,0,user_8,82,97,55
362,97,4200000,0,user_32,82,95,
552,97,4200000,0,user_34,83,96,
1151,98,4200000,0,user_34,86,96,
159,99,4199999,0,user_13,81,93,55
171,98,4199999,0,user_20,81,93,55
176,99,4199999,0,user_26,81,92,55
344,99,4199999,0,user_11,82,95,55
340,99,4199999,0,user_8,82,94,55
1585,61,3500001,0,builder_18,87,87,1144
1144,98,3500000,5640,user_30,86,91,
1586,63,3200001,0,builder_18,87,87,38
38,96,3200000,21800,user_30,80,89,
555,98,3200000,6390,user_37,83,89,
1587,66,3199999,0,builder_18,87,87,555
144,77,3200001,0,user_4,81,88,38
910,80,3200000,0,user_32,85,88,
922,79,3200000,0,user_43,85,88,
742,78,3200000,0,user_40,84,88,
142,81,3199999,0,user_3,81,88,38
143,82,3199999,0,user_3,81,88,38
174,83,3199999,0,user_23,81,88,38
554,85,2600000,0,user_37,83,88,
199,84,2600000,0,user_47,81,88,
61,87,2600000,0,user_46,80,88,
15,86,2600000,0,user_11,80,88,
909,89,2500000,0,user_28,85,88,
42,88,2500000,0,user_32,80,88,
1588,80,2400001,0,builder_18,87,87,553
553,91,2400000,18600,user_36,83,88,
369,93,2400000,0,user_42,82,88,
1160,92,2400000,0,user_49,86,88,
44,96,2000000,322000,user_33,80,88,
1589,85,1999999,0,builder_18,87,87,44
45,98,2300000,0,user_33,80,88,
36,97,2300000,0,user_27,80,88,
896,88,2000001,0,user_11,85,87,44
1114,89,2000001,0,user_1,86,87,44
706,90,2000001,0,user_5,84,87,44
539,91,2000001,0,user_17,83,87,44
716,92,2000001,0,user_17,84,87,44
1136,99,2000001,0,user_20,86,88,44
172,94,2000001,0,user_21,81,87,44
151,95,2000001,0,user_6,81,87,44
154,96,2000001,0,user_7,81,87,44
145,97,2000001,0,user_5,81,87,44
149,98,2000001,0,user_5,81,87,44
173,99,2000001,0,user_22,81,87,44
11,2,43000000,0,user_9,80,99,
1627,3,43000000,0,user_29,88,99,
735,7,30000000,0,user_35,84,99,
1370,5,30000000,0,user_29,87,99,
358,9,27000000,0,user_28,82,99,
727,18,170000,17700000,user_27,84,99,
1876,6,169999,0,builder_18,88,88,727
1618,20,3500000,7190000,user_27,88,99,
1877,8,3499999,0,builder_18,88,88,1618
1878,9,6300001,0,builder_18,88,88,46
46,22,6300000,7840,user_34,80,99,
164,23,6300001,0,user_14,81,99,46
1147,25,6300000,0,user_31,86,99,
187,28,6300000,0,user_33,81,99,
1640,27,6300000,0,user_44,88,99,
165,31,6299999,0,user_14,81,99,46
166,29,6299999,0,user_16,81,99,46
152,30,6299999,0,user_6,81,99,46
1158,32,6100000,0,user_47,86,99,
43,34,6100000,0,user_33,80,99,
51,33,6100000,0,user_40,80,99,
1626,35,6100000,0,user_29,88,99,
177,36,5000000,381000,user_27,81,99,
1879,23,4999999,0,builder_18,88,88,177
908,41,5200000,0,user_27,85,99,
1384,45,5000000,13900,user_45,87,99,
1880,26,4999999,0,builder_18,88,88,1384
1881,27,5000001,0,builder_18,88,88,1380
1380,47,5000000,6390,user_41,87,99,
1124,48,5000001,0,user_10,86,99,177
345,52,5000001,0,user_12,82,99,177
349,65,5000001,0,user_19,82,99,177
353,53,5000001,0,user_24,82,99,177
547,50,5000001,0,user_26,83,99,177
538,51,5000001,0,user_17,83,99,177
714,59,5000001,0,user_15,84,99,177
883,60,5000001,0,user_0,85,99,177
719,58,5000001,0,user_19,84,99,177
1617,61,5000001,0,user_26,88,99,177
749,72,5000000,0,user_47,84,99,
1377,69,5000000,0,user_37,87,99,
191,71,5000000,0,user_38,81,99,
731,70,5000000,0,user_30,84,99,
348,79,4999999,0,user_16,82,99,177
354,80,4999999,0,user_24,82,99,177
528,77,4999999,0,user_8,83,99,177
529,78,4999999,0,user_8,83,99,177
545,76,4999999,0,user_21,83,99,177
724,85,4999999,0,user_25,84,99,177
1593,75,4999999,0,user_7,88,99,177
1882,50,4500001,0,builder_18,88,88,732
732,94,4500000,16400,user_31,84,99,
1883,52,4200001,0,builder_18,88,88,55
55,99,4200000,33100,user_43,80,99,
341,97,4200001,0,user_8,82,97,55
343,98,4200001,0,user_10,82,97,55
169,96,4200001,0,user_17,81,96,55
156,95,4200001,0,user_9,81,96,55
162,99,4200001,0,user_13,81,97,55
163,94,4200001,0,user_13,81,96,55
1151,98,4200000,0,user_34,86,96,
362,97,4200000,0,user_32,82,95,
552,97,4200000,0,user_34,83,96,
1634,98,4200000,0,user_39,88,95,
344,99,4199999,0,user_11,82,95,55
340,99,4199999,0,user_8,82,94,55
176,99,4199999,0,user_26,81,92,55
159,99,4199999,0,user_13,81,93,55
171,98,4199999,0,user_20,81,93,55
1884,69,3500001,0,builder_18,88,88,1371
1371,97,3500000,283000,user_31,87,91,
1885,71,3500001,0,builder_18,88,88,1144
1144,98,3500000,5640,user_30,86,91,
1886,73,3200001,0,builder_18,88,88,38
38,96,3200000,21800,user_30,80,89,
555,98,3200000,6390,user_37,83,89,
1887,76,3199999,0,builder_18,88,88,555
144,77,3200001,0,user_4,81,88,38
742,78,3200000,0,user_40,84,88,
922,79,3200000,0,user_43,85,88,
910,80,3200000,0,user_32,85,88,
142,81,3199999,0,user_3,81,88,38
143,82,3199999,0,user_3,81,88,38
174,83,3199999,0,user_23,81,88,38
199,84,2600000,0,user_47,81,88,
554,85,2600000,0,user_37,83,88,
15,86,2600000,0,user_11,80,88,
61,87,2600000,0,user_46,80,88,
42,88,2500000,0,user_32,80,88,
909,89,2500000,0,user_28,85,88,
1888,90,2400001,0,builder_18,88,88,553
553,91,2400000,18600,user_36,83,88,
1160,92,2400000,0,user_49,86,88,
369,93,2400000,0,user_42,82,88,
1629,94,2400000,0,user_32,88,88,
1889,95,2000001,0,builder_18,88,88,44
44,96,2000000,322000,user_33,80,88,
36,97,2300000,0,user_27,80,88,
45,98,2300000,0,user_33,80,88,
1136,99,2000001,0,user_20,86,88,44
11,2,43000000,0,user_9,80,99,
1627,3,43000000,0,user_29,88,99,
1370,5,30000000,0,user_29,87,99,
735,7,30000000,0,user_35,84,99,
1931,8,30000000,0,user_41,89,99,
358,9,27000000,0,user_28,82,99,
1926,10,27000000,0,user_34,89,99,
727,18,170000,17700000,user_27,84,99,
2156,8,169999,0,builder_18,89,89,727
2157,9,3500001,0,builder_18,89,89,1618
1618,20,3500000,7190000,user_27,88,99,
46,22,6300000,7840,user_34,80,99,
2158,12,6299999,0,builder_18,89,89,46
164,23,6300001,0,user_14,81,99,46
1147,25,6300000,0,user_31,86,99,
1640,27,6300000,0,user_44,88,99,
187,28,6300000,0,user_33,81,99,
165,31,6299999,0,user_14,81,99,46
166,29,6299999,0,user_16,81,99,46
152,30,6299999,0,user_6,81,99,46
1158,32,6100000,0,user_47,86,99,
51,33,6100000,0,user_40,80,99,
43,34,6100000,0,user_33,80,99,
1626,35,6100000,0,user_29,88,99,
177,36,5000000,381000,user_27,81,99,
2159,25,4999999,0,builder_18,89,89,177
908,41,5200000,0,user_27,85,99,
1384,45,5000000,13900,user_45,87,99,
2160,28,4999999,0,builder_18,89,89,1384
2161,29,5000001,0,builder_18,89,89,1380
1380,47,5000000,6390,user_41,87,99,
1124,48,5000001,0,user_10,86,99,177
538,51,5000001,0,user_17,83,99,177
547,50,5000001,0,user_26,83,99,177
719,58,5000001,0,user_19,84,99,177
345,52,5000001,0,user_12,82,99,177
353,53,5000001,0,user_24,82,99,177
349,65,5000001,0,user_19,82,99,177
714,59,5000001,0,user_15,84,99,177
883,60,5000001,0,user_0,85,99,177
1617,61,5000001,0,user_26,88,99,177
1911,62,5000001,0,user_20,89,99,177
1905,49,5000001,0,user_13,89,99,177
1910,63,5000001,0,user_18,89,99,177
1917,64,5000001,0,user_24,89,99,177
1377,69,5000000,0,user_37,87,99,
191,71,5000000,0,user_38,81,99,
749,72,5000000,0,user_47,84,99,
731,70,5000000,0,user_30,84,99,
1929,73,5000000,0,user_39,89,99,
528,77,4999999,0,user_8,83,99,177
529,78,4999999,0,user_8,83,99,177
545,76,4999999,0,user_21,83,99,177
348,79,4999999,0,user_16,82,99,177
354,80,4999999,0,user_24,82,99,177
724,85,4999999,0,user_25,84,99,177
1593,75,4999999,0,user_7,88,99,177
1894,86,4999999,0,user_4,89,99,177
1901,87,4999999,0,user_10,89,99,177
1909,88,4999999,0,user_18,89,99,177
1898,89,4999999,0,user_5,89,99,177
1914,90,4999999,0,user_23,89,99,177
1913,92,4999999,0,user_22,89,99,177
1916,91,4999999,0,user_24,89,99,177
732,94,4500000,16400,user_31,84,99,
2162,65,4499999,0,builder_18,89,89,732
55,99,4200000,33100,user_43,80,99,
2163,67,4199999,0,builder_18,89,89,55
343,98,4200001,0,user_10,82,97,55
156,95,4200001,0,user_9,81,96,55
162,99,4200001,0,user_13,81,97,55
163,94,4200001,0,user_13,81,96,55
169,96,4200001,0,user_17,81,96,55
341,97,4200001,0,user_8,82,97,55
1151,98,4200000,0,user_34,86,96,
1622,99,4200000,0,user_28,88,96,
552,97,4200000,0,user_34,83,96,
362,97,4200000,0,user_32,82,95,
1634,98,4200000,0,user_39,88,95,
171,98,4199999,0,user_20,81,93,55
159,99,4199999,0,user_13,81,93,55
344,99,4199999,0,user_11,82,95,55
340,99,4199999,0,user_8,82,94,55
176,99,4199999,0,user_26,81,92,55
1371,97,3500000,283000,user_31,87,91,
2164,85,3499999,0,builder_18,89,89,1371
1144,98,3500000,5640,user_30,86,91,
2165,87,3499999,0,builder_18,89,89,1144
1892,99,3500001,0,user_1,89,90,1618
1895,97,3500001,0,user_4,89,90,1618
1896,98,3500001,0,user_4,89,90,1618
1907,91,3500001,0,user_16,89,89,1618
1897,92,3499999,0,user_4,89,89,1618
1900,93,3499999,0,user_10,89,89,1618
1902,94,3499999,0,user_10,89,89,1618
1912,95,3499999,0,user_21,89,89,1618
38,96,3200000,21800,user_30,80,89,
2166,97,3199999,0,builder_18,89,89,38
555,98,3200000,6390,user_37,83,89,
2167,99,3199999,0,builder_18,89,89,555
1627,3,43000000,0,user_29,88,99,
11,2,43000000,0,user_9,80,99,
1370,5,30000000,0,user_29,87,99,
735,7,30000000,0,user_35,84,99,
1931,8,30000000,0,user_41,89,99,
358,9,27000000,0,user_28,82,99,
1926,10,27000000,0,user_34,89,99,
2217,12,19000000,0,user_40,90,99,
727,18,170000,17700000,user_27,84,99,
2406,9,169999,0,builder_18,90,90,727
2407,10,3500001,0,builder_18,90,90,1618
1618,20,3500000,7190000,user_27,88,99,
46,22,6300000,7840,user_34,80,99,
2408,13,6299999,0,builder_18,90,90,46
164,23,6300001,0,user_14,81,99,46
1147,25,6300000,0,user_31,86,99,
1640,27,6300000,0,user_44,88,99,
187,28,6300000,0,user_33,81,99,
152,30,6299999,0,user_6,81,99,46
165,31,6299999,0,user_14,81,99,46
166,29,6299999,0,user_16,81,99,46
1158,32,6100000,0,user_47,86,99,
1626,35,6100000,0,user_29,88,99,
43,34,6100000,0,user_33,80,99,
51,33,6100000,0,user_40,80,99,
177,36,5000000,381000,user_27,81,99,
2409,26,4999999,0,builder_18,90,90,177
908,41,5200000,0,user_27,85,99,
1384,45,5000000,13900,user_45,87,99,
2410,29,4999999,0,builder_18,90,90,1384
1380,47,5000000,6390,user_41,87,99,
2411,31,4999999,0,builder_18,90,90,1380
1124,48,5000001,0,user_10,86,99,177
1617,61,5000001,0,user_26,88,99,177
1905,49,5000001,0,user_13,89,99,177
1911,62,5000001,0,user_20,89,99,177
547,50,5000001,0,user_26,83,99,177
538,51,5000001,0,user_17,83,99,177
719,58,5000001,0,user_19,84,99,177
714,59,5000001,0,user_15,84,99,177
345,52,5000001,0,user_12,82,99,177
353,53,5000001,0,user_24,82,99,177
349,65,5000001,0,user_19,82,99,177
883,60,5000001,0,user_0,85,99,177
1910,63,5000001,0,user_18,89,99,177
1917,64,5000001,0,user_24,89,99,177
2184,54,5000001,0,user_11,90,99,177
2168,55,5000001,0,user_0,90,99,177
2181,56,5000001,0,user_9,90,99,177
2183,57,5000001,0,user_9,90,99,177
1377,69,5000000,0,user_37,87,99,
749,72,5000000,0,user_47,84,99,
731,70,5000000,0,user_30,84,99,
191,71,5000000,0,user_38,81,99,
1929,73,5000000,0,user_39,89,99,
1593,75,4999999,0,user_7,88,99,177
1894,86,4999999,0,user_4,89,99,177
1898,89,4999999,0,user_5,89,99,177
1901,87,4999999,0,user_10,89,99,177
545,76,4999999,0,user_21,83,99,177
528,77,4999999,0,user_8,83,99,177
529,78,4999999,0,user_8,83,99,177
724,85,4999999,0,user_25,84,99,177
348,79,4999999,0,user_16,82,99,177
354,80,4999999,0,user_24,82,99,177
1913,92,4999999,0,user_22,89,99,177
1909,88,4999999,0,user_18,89,99,177
1914,90,4999999,0,user_23,89,99,177
1916,91,4999999,0,user_24,89,99,177
2179,82,4999999,0,user_9,90,99,177
2180,83,4999999,0,user_9,90,99,177
2182,84,4999999,0,user_9,90,99,177
2178,81,4999999,0,user_8,90,99,177
2412,73,4500001,0,builder_18,90,90,732
732,94,4500000,16400,user_31,84,99,
55,99,4200000,33100,user_43,80,99,
2413,76,4199999,0,builder_18,90,90,55
162,99,4200001,0,user_13,81,97,55
163,94,4200001,0,user_13,81,96,55
156,95,4200001,0,user_9,81,96,55
169,96,4200001,0,user_17,81,96,55
343,98,4200001,0,user_10,82,97,55
341,97,4200001,0,user_8,82,97,55
1622,99,4200000,0,user_28,88,96,
1634,98,4200000,0,user_39,88,95,
552,97,4200000,0,user_34,83,96,
362,97,4200000,0,user_32,82,95,
1151,98,4200000,0,user_34,86,96,
159,99,4199999,0,user_13,81,93,55
171,98,4199999,0,user_20,81,93,55
176,99,4199999,0,user_26,81,92,55
344,99,4199999,0,user_11,82,95,55
340,99,4199999,0,user_8,82,94,55
1371,97,3500000,283000,user_31,87,91,
2414,94,3499999,0,builder_18,90,90,1371
1144,98,3500000,5640,user_30,86,91,
2415,96,3499999,0,builder_18,90,90,1144
1895,97,3500001,0,user_4,89,90,1618
1896,98,3500001,0,user_4,89,90,1618
1892,99,3500001,0,user_1,89,90,1618
1627,3,43000000,0,user_29,88,99,
11,2,43000000,0,user_9,80,99,
1931,8,30000000,0,user_41,89,99,
735,7,30000000,0,user_35,84,99,
1370,5,30000000,0,user_29,87,99,
2214,6,30000000,0,user_38,90,99,
1926,10,27000000,0,user_34,89,99,
358,9,27000000,0,user_28,82,99,
2217,12,19000000,0,user_40,90,99,
2449,13,19000000,0,user_32,91,99,
727,18,170000,17700000,user_27,84,99,
2640,11,169999,0,builder_18,91,91,727
2641,12,3500001,0,builder_18,91,91,1618
1618,20,3500000,7190000,user_27,88,99,
46,22,6300000,7840,user_34,80,99,
2642,15,6299999,0,builder_18,91,91,46
164,23,6300001,0,user_14,81,99,46
1640,27,6300000,0,user_44,88,99,
187,28,6300000,0,user_33,81,99,
1147,25,6300000,0,user_31,86,99,
165,31,6299999,0,user_14,81,99,46
166,29,6299999,0,user_16,81,99,46
152,30,6299999,0,user_6,81,99,46
1626,35,6100000,0,user_29,88,99,
51,33,6100000,0,user_40,80,99,
43,34,6100000,0,user_33,80,99,
1158,32,6100000,0,user_47,86,99,
2643,27,5000001,0,builder_18,91,91,177
177,36,5000000,381000,user_27,81,99,
908,41,5200000,0,user_27,85,99,
2226,40,5200000,0,user_49,90,99,
1384,45,5000000,13900,user_45,87,99,
2644,32,4999999,0,builder_18,91,91,1384
1380,47,5000000,6390,user_41,87,99,
2645,34,4999999,0,builder_18,91,91,1380
1617,61,5000001,0,user_26,88,99,177
1905,49,5000001,0,user_13,89,99,177
1911,62,5000001,0,user_20,89,99,177
1910,63,5000001,0,user_18,89,99,177
1917,64,5000001,0,user_24,89,99,177
2184,54,5000001,0,user_11,90,99,177
2168,55,5000001,0,user_0,90,99,177
883,60,5000001,0,user_0,85,99,177
1124,48,5000001,0,user_10,86,99,177
538,51,5000001,0,user_17,83,99,177
547,50,5000001,0,user_26,83,99,177
719,58,5000001,0,user_19,84,99,177
714,59,5000001,0,user_15,84,99,177
345,52,5000001,0,user_12,82,99,177
349,65,5000001,0,user_19,82,99,177
353,53,5000001,0,user_24,82,99,177
2181,56,5000001,0,user_9,90,99,177
2183,57,5000001,0,user_9,90,99,177
1929,73,5000000,0,user_39,89,99,
1377,69,5000000,0,user_37,87,99,
749,72,5000000,0,user_47,84,99,
731,70,5000000,0,user_30,84,99,
191,71,5000000,0,user_38,81,99,
1593,75,4999999,0,user_7,88,99,177
1894,86,4999999,0,user_4,89,99,177
1898,89,4999999,0,user_5,89,99,177
1913,92,4999999,0,user_22,89,99,177
1901,87,4999999,0,user_10,89,99,177
1909,88,4999999,0,user_18,89,99,177
1914,90,4999999,0,user_23,89,99,177
1916,91,4999999,0,user_24,89,99,177
545,76,4999999,0,user_21,83,99,177
528,77,4999999,0,user_8,83,99,177
529,78,4999999,0,user_8,83,99,177
724,85,4999999,0,user_25,84,99,177
348,79,4999999,0,user_16,82,99,177
354,80,4999999,0,user_24,82,99,177
2178,81,4999999,0,user_8,90,99,177
2179,82,4999999,0,user_9,90,99,177
2180,83,4999999,0,user_9,90,99,177
2182,84,4999999,0,user_9,90,99,177
732,94,4500000,16400,user_31,84,99,
2646,77,4499999,0,builder_18,91,91,732
2647,78,4200001,0,builder_18,91,91,55
55,99,4200000,33100,user_43,80,99,
162,99,4200001,0,user_13,81,97,55
163,94,4200001,0,user_13,81,96,55
169,96,4200001,0,user_17,81,96,55
156,95,4200001,0,user_9,81,96,55
343,98,4200001,0,user_10,82,97,55
341,97,4200001,0,user_8,82,97,55
1622,99,4200000,0,user_28,88,96,
1634,98,4200000,0,user_39,88,95,
362,97,4200000,0,user_32,82,95,
552,97,4200000,0,user_34,83,96,
1151,98,4200000,0,user_34,86,96,
159,99,4199999,0,user_13,81,93,55
171,98,4199999,0,user_20,81,93,55
176,99,4199999,0,user_26,81,92,55
344,99,4199999,0,user_11,82,95,55
340,99,4199999,0,user_8,82,94,55
2648,96,3500001,0,builder_18,91,91,1371
1371,97,3500000,283000,user_31,87,91,
1144,98,3500000,5640,user_30,86,91,
2649,99,3499999,0,builder_18,91,91,1144
2678,4,43000000,0,user_34,92,99,
1627,3,43000000,0,user_29,88,99,
11,2,43000000,0,user_9,80,99,
2214,6,30000000,0,user_38,90,99,
1931,8,30000000,0,user_41,89,99,
1370,5,30000000,0,user_29,87,99,
735,7,30000000,0,user_35,84,99,
1926,10,27000000,0,user_34,89,99,
2677,11,27000000,0,user_32,92,99,
358,9,27000000,0,user_28,82,99,
2449,13,19000000,0,user_32,91,99,
2217,12,19000000,0,user_40,90,99,
727,18,170000,17700000,user_27,84,99,
2857,13,169999,0,builder_17,92,92,727
2858,14,3500001,0,builder_17,92,92,1618
1618,20,3500000,7190000,user_27,88,99,
46,22,6300000,7840,user_34,80,99,
2859,17,6299999,0,builder_17,92,92,46
164,23,6300001,0,user_14,81,99,46
1640,27,6300000,0,user_44,88,99,
1147,25,6300000,0,user_31,86,99,
187,28,6300000,0,user_33,81,99,
166,29,6299999,0,user_16,81,99,46
152,30,6299999,0,user_6,81,99,46
165,31,6299999,0,user_14,81,99,46
1626,35,6100000,0,user_29,88,99,
51,33,6100000,0,user_40,80,99,
1158,32,6100000,0,user_47,86,99,
43,34,6100000,0,user_33,80,99,
177,36,5000000,381000,user_27,81,99,
2860,30,4999999,0,builder_17,92,92,177
2226,40,5200000,0,user_49,90,99,
908,41,5200000,0,user_27,85,99,
2861,33,5000001,0,builder_17,92,92,1384
1384,45,5000000,13900,user_45,87,99,
2862,35,5000001,0,builder_17,92,92,1380
1380,47,5000000,6390,user_41,87,99,
2181,56,5000001,0,user_9,90,99,177
2183,57,5000001,0,user_9,90,99,177
2168,55,5000001,0,user_0,90,99,177
1910,63,5000001,0,user_18,89,99,177
1911,62,5000001,0,user_20,89,99,177
2184,54,5000001,0,user_11,90,99,177
1617,61,5000001,0,user_26,88,99,177
1905,49,5000001,0,user_13,89,99,177
1917,64,5000001,0,user_24,89,99,177
1124,48,5000001,0,user_10,86,99,177
538,51,5000001,0,user_17,83,99,177
547,50,5000001,0,user_26,83,99,177
345,52,5000001,0,user_12,82,99,177
353,53,5000001,0,user_24,82,99,177
719,58,5000001,0,user_19,84,99,177
714,59,5000001,0,user_15,84,99,177
883,60,5000001,0,user_0,85,99,177
349,65,5000001,0,user_19,82,99,177
1929,73,5000000,0,user_39,89,99,
731,70,5000000,0,user_30,84,99,
1377,69,5000000,0,user_37,87,99,
749,72,5000000,0,user_47,84,99,
191,71,5000000,0,user_38,81,99,
2179,82,4999999,0,user_9,90,99,177
2180,83,4999999,0,user_9,90,99,177
2182,84,4999999,0,user_9,90,99,177
2178,81,4999999,0,user_8,90,99,177
1909,88,4999999,0,user_18,89,99,177
1894,86,4999999,0,user_4,89,99,177
1898,89,4999999,0,user_5,89,99,177
1913,92,4999999,0,user_22,89,99,177
1901,87,4999999,0,user_10,89,99,177
1914,90,4999999,0,user_23,89,99,177
1916,91,4999999,0,user_24,89,99,177
545,76,4999999,0,user_21,83,99,177
528,77,4999999,0,user_8,83,99,177
529,78,4999999,0,user_8,83,99,177
348,79,4999999,0,user_16,82,99,177
354,80,4999999,0,user_24,82,99,177
1593,75,4999999,0,user_7,88,99,177
724,85,4999999,0,user_25,84,99,177
2863,78,4500001,0,builder_17,92,92,732
732,94,4500000,16400,user_31,84,99,
2864,80,4200001,0,builder_17,92,92,2681
2681,97,4200000,231000,user_36,92,99,
55,99,4200000,33100,user_43,80,99,
2865,83,4199999,0,builder_17,92,92,55
343,98,4200001,0,user_10,82,97,55
341,97,4200001,0,user_8,82,97,55
162,99,4200001,0,user_13,81,97,55
163,94,4200001,0,user_13,81,96,55
156,95,4200001,0,user_9,81,96,55
169,96,4200001,0,user_17,81,96,55
1634,98,4200000,0,user_39,88,95,
1622,99,4200000,0,user_28,88,96,
552,97,4200000,0,user_34,83,96,
1151,98,4200000,0,user_34,86,96,
362,97,4200000,0,user_32,82,95,
344,99,4199999,0,user_11,82,95,55
340,99,4199999,0,user_8,82,94,55
159,99,4199999,0,user_13,81,93,55
171,98,4199999,0,user_20,81,93,55
176,99,4199999,0,user_26,81,92,55
3089,0,43000001,0,builder_18,93,93,2919
2919,1,43000000,56200,user_39,93,99,
11,2,43000000,0,user_9,80,99,
1627,3,43000000,0,user_29,88,99,
2678,4,43000000,0,user_34,92,99,
2214,6,30000000,0,user_38,90,99,
1370,5,30000000,0,user_29,87,99,
735,7,30000000,0,user_35,84,99,
1931,8,30000000,0,user_41,89,99,
358,9,27000000,0,user_28,82,99,
1926,10,27000000,0,user_34,89,99,
2677,11,27000000,0,user_32,92,99,
2449,13,19000000,0,user_32,91,99,
2217,12,19000000,0,user_40,90,99,
727,18,170000,17700000,user_27,84,99,
3090,15,169999,0,builder_18,93,93,727
1618,20,3500000,7190000,user_27,88,99,
3091,17,3499999,0,builder_18,93,93,1618
3092,18,6300001,0,builder_18,93,93,46
46,22,6300000,7840,user_34,80,99,
164,23,6300001,0,user_14,81,99,46
1147,25,6300000,0,user_31,86,99,
1640,27,6300000,0,user_44,88,99,
187,28,6300000,0,user_33,81,99,
165,31,6299999,0,user_14,81,99,46
166,29,6299999,0,user_16,81,99,46
152,30,6299999,0,user_6,81,99,46
1158,32,6100000,0,user_47,86,99,
51,33,6100000,0,user_40,80,99,
43,34,6100000,0,user_33,80,99,
1626,35,6100000,0,user_29,88,99,
3093,31,5000001,0,builder_18,93,93,177
177,36,5000000,381000,user_27,81,99,
2226,40,5200000,0,user_49,90,99,
908,41,5200000,0,user_27,85,99,
1384,45,5000000,13900,user_45,87,99,
3094,36,4999999,0,builder_18,93,93,1384
1380,47,5000000,6390,user_41,87,99,
3095,38,4999999,0,builder_18,93,93,1380
2184,54,5000001,0,user_11,90,99,177
1905,49,5000001,0,user_13,89,99,177
2168,55,5000001,0,user_0,90,99,177
2181,56,5000001,0,user_9,90,99,177
2183,57,5000001,0,user_9,90,99,177
1124,48,5000001,0,user_10,86,99,177
538,51,5000001,0,user_17,83,99,177
547,50,5000001,0,user_26,83,99,177
719,58,5000001,0,user_19,84,99,177
345,52,5000001,0,user_12,82,99,177
353,53,5000001,0,user_24,82,99,177
349,65,5000001,0,user_19,82,99,177
714,59,5000001,0,user_15,84,99,177
883,60,5000001,0,user_0,85,99,177
1617,61,5000001,0,user_26,88,99,177
1911,62,5000001,0,user_20,89,99,177
1910,63,5000001,0,user_18,89,99,177
1917,64,5000001,0,user_24,89,99,177
1377,69,5000000,0,user_37,87,99,
191,71,5000000,0,user_38,81,99,
749,72,5000000,0,user_47,84,99,
731,70,5000000,0,user_30,84,99,
1929,73,5000000,0,user_39,89,99,
2913,74,5000000,0,user_34,93,99,
2179,82,4999999,0,user_9,90,99,177
2180,83,4999999,0,user_9,90,99,177
2182,84,4999999,0,user_9,90,99,177
2178,81,4999999,0,user_8,90,99,177
528,77,4999999,0,user_8,83,99,177
529,78,4999999,0,user_8,83,99,177
545,76,4999999,0,user_21,83,99,177
348,79,4999999,0,user_16,82,99,177
354,80,4999999,0,user_24,82,99,177
724,85,4999999,0,user_25,84,99,177
1593,75,4999999,0,user_7,88,99,177
1894,86,4999999,0,user_4,89,99,177
1901,87,4999999,0,user_10,89,99,177
1909,88,4999999,0,user_18,89,99,177
1898,89,4999999,0,user_5,89,99,177
1914,90,4999999,0,user_23,89,99,177
1916,91,4999999,0,user_24,89,99,177
1913,92,4999999,0,user_22,89,99,177
3096,81,4500001,0,builder_18,93,93,732
732,94,4500000,16400,user_31,84,99,
2681,97,4200000,231000,user_36,92,99,
3097,84,4199999,0,builder_18,93,93,2681
55,99,4200000,33100,user_43,80,99,
3098,86,4199999,0,builder_18,93,93,55
343,98,4200001,0,user_10,82,97,55
156,95,4200001,0,user_9,81,96,55
162,99,4200001,0,user_13,81,97,55
163,94,4200001,0,user_13,81,96,55
169,96,4200001,0,user_17,81,96,55
341,97,4200001,0,user_8,82,97,55
1151,98,4200000,0,user_34,86,96,
1622,99,4200000,0,user_28,88,96,
552,97,4200000,0,user_34,83,96,
362,97,4200000,0,user_32,82,95,
1634,98,4200000,0,user_39,88,95,
171,98,4199999,0,user_20,81,93,55
159,99,4199999,0,user_13,81,93,55
3311,0,43000001,0,builder_17,94,94,2919
2919,1,43000000,56200,user_39,93,99,
2678,4,43000000,0,user_34,92,99,
11,2,43000000,0,user_9,80,99,
1627,3,43000000,0,user_29,88,99,
2214,6,30000000,0,user_38,90,99,
1370,5,30000000,0,user_29,87,99,
735,7,30000000,0,user_35,84,99,
1931,8,30000000,0,user_41,89,99,
2677,11,27000000,0,user_32,92,99,
358,9,27000000,0,user_28,82,99,
1926,10,27000000,0,user_34,89,99,
2449,13,19000000,0,user_32,91,99,
2217,12,19000000,0,user_40,90,99,
3312,14,170001,0,builder_17,94,94,727
727,18,170000,17700000,user_27,84,99,
3313,16,3500001,0,builder_17,94,94,1618
1618,20,3500000,7190000,user_27,88,99,
3314,18,6300001,0,builder_17,94,94,46
46,22,6300000,7840,user_34,80,99,
164,23,6300001,0,user_14,81,99,46
1147,25,6300000,0,user_31,86,99,
187,28,6300000,0,user_33,81,99,
1640,27,6300000,0,user_44,88,99,
166,29,6299999,0,user_16,81,99,46
152,30,6299999,0,user_6,81,99,46
165,31,6299999,0,user_14,81,99,46
1158,32,6100000,0,user_47,86,99,
51,33,6100000,0,user_40,80,99,
43,34,6100000,0,user_33,80,99,
1626,35,6100000,0,user_29,88,99,
177,36,5000000,381000,user_27,81,99,
3315,32,4999999,0,builder_17,94,94,177
2226,40,5200000,0,user_49,90,99,
908,41,5200000,0,user_27,85,99,
3316,35,5000001,0,builder_17,94,94,1384
1384,45,5000000,13900,user_45,87,99,
3317,37,5000001,0,builder_17,94,94,1380
1380,47,5000000,6390,user_41,87,99,
2168,55,5000001,0,user_0,90,99,177
2181,56,5000001,0,user_9,90,99,177
2183,57,5000001,0,user_9,90,99,177
1124,48,5000001,0,user_10,86,99,177
538,51,5000001,0,user_17,83,99,177
547,50,5000001,0,user_26,83,99,177
345,52,5000001,0,user_12,82,99,177
353,53,5000001,0,user_24,82,99,177
1905,49,5000001,0,user_13,89,99,177
2184,54,5000001,0,user_11,90,99,177
714,59,5000001,0,user_15,84,99,177
883,60,5000001,0,user_0,85,99,177
719,58,5000001,0,user_19,84,99,177
1617,61,5000001,0,user_26,88,99,177
1910,63,5000001,0,user_18,89,99,177
1917,64,5000001,0,user_24,89,99,177
1911,62,5000001,0,user_20,89,99,177
349,65,5000001,0,user_19,82,99,177
2913,74,5000000,0,user_34,93,99,
1377,69,5000000,0,user_37,87,99,
731,70,5000000,0,user_30,84,99,
749,72,5000000,0,user_47,84,99,
191,71,5000000,0,user_38,81,99,
1929,73,5000000,0,user_39,89,99,
1914,90,4999999,0,user_23,89,99,177
2179,82,4999999,0,user_9,90,99,177
2180,83,4999999,0,user_9,90,99,177
2182,84,4999999,0,user_9,90,99,177
528,77,4999999,0,user_8,83,99,177
529,78,4999999,0,user_8,83,99,177
545,76,4999999,0,user_21,83,99,177
348,79,4999999,0,user_16,82,99,177
354,80,4999999,0,user_24,82,99,177
1593,75,4999999,0,user_7,88,99,177
2178,81,4999999,0,user_8,90,99,177
724,85,4999999,0,user_25,84,99,177
1894,86,4999999,0,user_4,89,99,177
1898,89,4999999,0,user_5,89,99,177
1913,92,4999999,0,user_22,89,99,177
1901,87,4999999,0,user_10,89,99,177
1909,88,4999999,0,user_18,89,99,177
1916,91,4999999,0,user_24,89,99,177
3318,81,4500001,0,builder_17,94,94,732
732,94,4500000,16400,user_31,84,99,
2681,97,4200000,231000,user_36,92,99,
3319,84,4199999,0,builder_17,94,94,2681
55,99,4200000,33100,user_43,80,99,
3320,86,4199999,0,builder_17,94,94,55
343,98,4200001,0,user_10,82,97,55
341,97,4200001,0,user_8,82,97,55
169,96,4200001,0,user_17,81,96,55
156,95,4200001,0,user_9,81,96,55
162,99,4200001,0,user_13,81,97,55
163,94,4200001,0,user_13,81,96,55
1151,98,4200000,0,user_34,86,96,
552,97,4200000,0,user_34,83,96,
362,97,4200000,0,user_32,82,95,
1634,98,4200000,0,user_39,88,95,
1622,99,4200000,0,user_28,88,96,
344,99,4199999,0,user_11,82,95,55
340,99,4199999,0,user_8,82,94,55
2919,1,43000000,56200,user_39,93,99,
3552,1,42999999,0,builder_17,95,95,2919
2678,4,43000000,0,user_34,92,99,
11,2,43000000,0,user_9,80,99,
1627,3,43000000,0,user_29,88,99,
1370,5,30000000,0,user_29,87,99,
735,7,30000000,0,user_35,84,99,
1931,8,30000000,0,user_41,89,99,
2214,6,30000000,0,user_38,90,99,
358,9,27000000,0,user_28,82,99,
1926,10,27000000,0,user_34,89,99,
2677,11,27000000,0,user_32,92,99,
2217,12,19000000,0,user_40,90,99,
2449,13,19000000,0,user_32,91,99,
727,18,170000,17700000,user_27,84,99,
3553,15,169999,0,builder_17,95,95,727
3554,16,3500001,0,builder_17,95,95,1618
1618,20,3500000,7190000,user_27,88,99,
46,22,6300000,7840,user_34,80,99,
3555,19,6299999,0,builder_17,95,95,46
164,23,6300001,0,user_14,81,99,46
1147,25,6300000,0,user_31,86,99,
1640,27,6300000,0,user_44,88,99,
187,28,6300000,0,user_33,81,99,
166,29,6299999,0,user_16,81,99,46
152,30,6299999,0,user_6,81,99,46
165,31,6299999,0,user_14,81,99,46
1158,32,6100000,0,user_47,86,99,
51,33,6100000,0,user_40,80,99,
43,34,6100000,0,user_33,80,99,
1626,35,6100000,0,user_29,88,99,
3556,31,5000001,0,builder_17,95,95,177
177,36,5000000,381000,user_27,81,99,
908,41,5200000,0,user_27,85,99,
2226,40,5200000,0,user_49,90,99,
3557,35,5000001,0,builder_17,95,95,1384
1384,45,5000000,13900,user_45,87,99,
3558,37,5000001,0,builder_17,95,95,1380
1380,47,5000000,6390,user_41,87,99,
1124,48,5000001,0,user_10,86,99,177
1905,49,5000001,0,user_13,89,99,177
547,50,5000001,0,user_26,83,99,177
538,51,5000001,0,user_17,83,99,177
345,52,5000001,0,user_12,82,99,177
353,53,5000001,0,user_24,82,99,177
2184,54,5000001,0,user_11,90,99,177
719,58,5000001,0,user_19,84,99,177
714,59,5000001,0,user_15,84,99,177
883,60,5000001,0,user_0,85,99,177
1617,61,5000001,0,user_26,88,99,177
1911,62,5000001,0,user_20,89,99,177
1910,63,5000001,0,user_18,89,99,177
2168,55,5000001,0,user_0,90,99,177
2181,56,5000001,0,user_9,90,99,177
2183,57,5000001,0,user_9,90,99,177
1917,64,5000001,0,user_24,89,99,177
349,65,5000001,0,user_19,82,99,177
2913,74,5000000,0,user_34,93,99,
1377,69,5000000,0,user_37,87,99,
731,70,5000000,0,user_30,84,99,
191,71,5000000,0,user_38,81,99,
749,72,5000000,0,user_47,84,99,
1929,73,5000000,0,user_39,89,99,
1593,75,4999999,0,user_7,88,99,177
545,76,4999999,0,user_21,83,99,177
528,77,4999999,0,user_8,83,99,177
529,78,4999999,0,user_8,83,99,177
348,79,4999999,0,user_16,82,99,177
354,80,4999999,0,user_24,82,99,177
2178,81,4999999,0,user_8,90,99,177
724,85,4999999,0,user_25,84,99,177
1894,86,4999999,0,user_4,89,99,177
1901,87,4999999,0,user_10,89,99,177
1909,88,4999999,0,user_18,89,99,177
1898,89,4999999,0,user_5,89,99,177
1914,90,4999999,0,user_23,89,99,177
2179,82,4999999,0,user_9,90,99,177
2180,83,4999999,0,user_9,90,99,177
2182,84,4999999,0,user_9,90,99,177
1916,91,4999999,0,user_24,89,99,177
1913,92,4999999,0,user_22,89,99,177
732,94,4500000,16400,user_31,84,99,
3559,82,4499999,0,builder_17,95,95,732
3378,95,4500000,0,user_42,95,99,
2681,97,4200000,231000,user_36,92,99,
3560,85,4199999,0,builder_17,95,95,2681
3561,86,4200001,0,builder_17,95,95,55
55,99,4200000,33100,user_43,80,99,
343,98,4200001,0,user_10,82,97,55
341,97,4200001,0,user_8,82,97,55
156,95,4200001,0,user_9,81,96,55
162,99,4200001,0,user_13,81,97,55
163,94,4200001,0,user_13,81,96,55
169,96,4200001,0,user_17,81,96,55
552,97,4200000,0,user_34,83,96,
1151,98,4200000,0,user_34,86,96,
1622,99,4200000,0,user_28,88,96,
362,97,4200000,0,user_32,82,95,
1634,98,4200000,0,user_39,88,95,
344,99,4199999,0,user_11,82,95,55
3811,0,43000001,0,builder_17,96,96,2919
2919,1,43000000,56200,user_39,93,99,
2678,4,43000000,0,user_34,92,99,
1627,3,43000000,0,user_29,88,99,
11,2,43000000,0,user_9,80,99,
1370,5,30000000,0,user_29,87,99,
735,7,30000000,0,user_35,84,99,
1931,8,30000000,0,user_41,89,99,
2214,6,30000000,0,user_38,90,99,
2677,11,27000000,0,user_32,92,99,
358,9,27000000,0,user_28,82,99,
1926,10,27000000,0,user_34,89,99,
2217,12,19000000,0,user_40,90,99,
2449,13,19000000,0,user_32,91,99,
3812,14,170001,0,builder_17,96,96,727
727,18,170000,17700000,user_27,84,99,
3813,16,3500001,0,builder_17,96,96,1618
1618,20,3500000,7190000,user_27,88,99,
3814,18,6300001,0,builder_17,96,96,46
46,22,6300000,7840,user_34,80,99,
164,23,6300001,0,user_14,81,99,46
1147,25,6300000,0,user_31,86,99,
1640,27,6300000,0,user_44,88,99,
187,28,6300000,0,user_33,81,99,
166,29,6299999,0,user_16,81,99,46
152,30,6299999,0,user_6,81,99,46
165,31,6299999,0,user_14,81,99,46
51,33,6100000,0,user_40,80,99,
1158,32,6100000,0,user_47,86,99,
1626,35,6100000,0,user_29,88,99,
43,34,6100000,0,user_33,80,99,
3815,31,5000001,0,builder_17,96,96,177
177,36,5000000,381000,user_27,81,99,
3380,38,5000000,215000,user_43,95,99,
3816,34,4999999,0,builder_17,96,96,3380
908,41,5200000,0,user_27,85,99,
2226,40,5200000,0,user_49,90,99,
1384,45,5000000,13900,user_45,87,99,
3817,38,4999999,0,builder_17,96,96,1384
1380,47,5000000,6390,user_41,87,99,
3818,40,4999999,0,builder_17,96,96,1380
1905,49,5000001,0,user_13,89,99,177
2184,54,5000001,0,user_11,90,99,177
1124,48,5000001,0,user_10,86,99,177
538,51,5000001,0,user_17,83,99,177
547,50,5000001,0,user_26,83,99,177
345,52,5000001,0,user_12,82,99,177
353,53,5000001,0,user_24,82,99,177
1617,61,5000001,0,user_26,88,99,177
1911,62,5000001,0,user_20,89,99,177
719,58,5000001,0,user_19,84,99,177
714,59,5000001,0,user_15,84,99,177
883,60,5000001,0,user_0,85,99,177
1910,63,5000001,0,user_18,89,99,177
1917,64,5000001,0,user_24,89,99,177
2168,55,5000001,0,user_0,90,99,177
2181,56,5000001,0,user_9,90,99,177
2183,57,5000001,0,user_9,90,99,177
349,65,5000001,0,user_19,82,99,177
2913,74,5000000,0,user_34,93,99,
1377,69,5000000,0,user_37,87,99,
731,70,5000000,0,user_30,84,99,
749,72,5000000,0,user_47,84,99,
191,71,5000000,0,user_38,81,99,
1929,73,5000000,0,user_39,89,99,
3625,68,5000000,0,user_42,96,99,
1593,75,4999999,0,user_7,88,99,177
545,76,4999999,0,user_21,83,99,177
528,77,4999999,0,user_8,83,99,177
529,78,4999999,0,user_8,83,99,177
348,79,4999999,0,user_16,82,99,177
354,80,4999999,0,user_24,82,99,177
2178,81,4999999,0,user_8,90,99,177
1894,86,4999999,0,user_4,89,99,177
1898,89,4999999,0,user_5,89,99,177
1901,87,4999999,0,user_10,89,99,177
724,85,4999999,0,user_25,84,99,177
1913,92,4999999,0,user_22,89,99,177
1909,88,4999999,0,user_18,89,99,177
1914,90,4999999,0,user_23,89,99,177
1916,91,4999999,0,user_24,89,99,177
2179,82,4999999,0,user_9,90,99,177
2180,83,4999999,0,user_9,90,99,177
2182,84,4999999,0,user_9,90,99,177
732,94,4500000,16400,user_31,84,99,
3819,85,4499999,0,builder_17,96,96,732
3378,95,4500000,0,user_42,95,99,
2681,97,4200000,231000,user_36,92,99,
3820,88,4199999,0,builder_17,96,96,2681
3821,89,4200001,0,builder_17,96,96,55
55,99,4200000,33100,user_43,80,99,
343,98,4200001,0,user_10,82,97,55
341,97,4200001,0,user_8,82,97,55
162,99,4200001,0,user_13,81,97,55
163,94,4200001,0,user_13,81,96,55
156,95,4200001,0,user_9,81,96,55
169,96,4200001,0,user_17,81,96,55
552,97,4200000,0,user_34,83,96,
1151,98,4200000,0,user_34,86,96,
1622,99,4200000,0,user_28,88,96,
4091,0,43000001,0,builder_17,97,97,2919
2919,1,43000000,56200,user_39,93,99,
1627,3,43000000,0,user_29,88,99,
11,2,43000000,0,user_9,80,99,
2678,4,43000000,0,user_34,92,99,
1370,5,30000000,0,user_29,87,99,
1931,8,30000000,0,user_41,89,99,
735,7,30000000,0,user_35,84,99,
2214,6,30000000,0,user_38,90,99,
1926,10,27000000,0,user_34,89,99,
358,9,27000000,0,user_28,82,99,
2677,11,27000000,0,user_32,92,99,
2217,12,19000000,0,user_40,90,99,
2449,13,19000000,0,user_32,91,99,
4092,14,660001,0,builder_17,97,97,3875
3875,15,660000,17700000,user_31,97,99,
727,18,170000,17700000,user_27,84,99,
4093,17,169999,0,builder_17,97,97,727
4094,18,3500001,0,builder_17,97,97,1618
1618,20,3500000,7190000,user_27,88,99,
4095,20,6300001,0,builder_17,97,97,46
46,22,6300000,7840,user_34,80,99,
164,23,6300001,0,user_14,81,99,46
1147,25,6300000,0,user_31,86,99,
1640,27,6300000,0,user_44,88,99,
187,28,6300000,0,user_33,81,99,
3876,24,6300000,0,user_31,97,99,
166,29,6299999,0,user_16,81,99,46
152,30,6299999,0,user_6,81,99,46
165,31,6299999,0,user_14,81,99,46
1158,32,6100000,0,user_47,86,99,
51,33,6100000,0,user_40,80,99,
1626,35,6100000,0,user_29,88,99,
43,34,6100000,0,user_33,80,99,
4096,34,5000001,0,builder_17,97,97,177
177,36,5000000,381000,user_27,81,99,
4097,36,5000001,0,builder_17,97,97,3380
3380,38,5000000,215000,user_43,95,99,
908,41,5200000,0,user_27,85,99,
2226,40,5200000,0,user_49,90,99,
4098,40,5000001,0,builder_17,97,97,3874
3874,43,5000000,14200,user_30,97,99,
4099,42,5000001,0,builder_17,97,97,1384
1384,45,5000000,13900,user_45,87,99,
1380,47,5000000,6390,user_41,87,99,
4100,45,4999999,0,builder_17,97,97,1380
2184,54,5000001,0,user_11,90,99,177
1905,49,5000001,0,user_13,89,99,177
1124,48,5000001,0,user_10,86,99,177
345,52,5000001,0,user_12,82,99,177
353,53,5000001,0,user_24,82,99,177
547,50,5000001,0,user_26,83,99,177
538,51,5000001,0,user_17,83,99,177
1617,61,5000001,0,user_26,88,99,177
1911,62,5000001,0,user_20,89,99,177
1910,63,5000001,0,user_18,89,99,177
1917,64,5000001,0,user_24,89,99,177
2168,55,5000001,0,user_0,90,99,177
883,60,5000001,0,user_0,85,99,177
719,58,5000001,0,user_19,84,99,177
714,59,5000001,0,user_15,84,99,177
2181,56,5000001,0,user_9,90,99,177
2183,57,5000001,0,user_9,90,99,177
349,65,5000001,0,user_19,82,99,177
3625,68,5000000,0,user_42,96,99,
1377,69,5000000,0,user_37,87,99,
731,70,5000000,0,user_30,84,99,
1929,73,5000000,0,user_39,89,99,
749,72,5000000,0,user_47,84,99,
191,71,5000000,0,user_38,81,99,
2913,74,5000000,0,user_34,93,99,
3882,66,5000000,0,user_35,97,99,
2178,81,4999999,0,user_8,90,99,177
348,79,4999999,0,user_16,82,99,177
354,80,4999999,0,user_24,82,99,177
528,77,4999999,0,user_8,83,99,177
529,78,4999999,0,user_8,83,99,177
545,76,4999999,0,user_21,83,99,177
1593,75,4999999,0,user_7,88,99,177
1894,86,4999999,0,user_4,89,99,177
1898,89,4999999,0,user_5,89,99,177
1913,92,4999999,0,user_22,89,99,177
1901,87,4999999,0,user_10,89,99,177
1909,88,4999999,0,user_18,89,99,177
1914,90,4999999,0,user_23,89,99,177
1916,91,4999999,0,user_24,89,99,177
724,85,4999999,0,user_25,84,99,177
2179,82,4999999,0,user_9,90,99,177
2180,83,4999999,0,user_9,90,99,177
2182,84,4999999,0,user_9,90,99,177
732,94,4500000,16400,user_31,84,99,
4101,91,4499999,0,builder_17,97,97,732
3378,95,4500000,0,user_42,95,99,
4102,93,4200001,0,builder_17,97,97,2681
2681,97,4200000,231000,user_36,92,99,
4103,95,4200001,0,builder_17,97,97,55
55,99,4200000,33100,user_43,80,99,
341,97,4200001,0,user_8,82,97,55
343,98,4200001,0,user_10,82,97,55
162,99,4200001,0,user_13,81,97,55
4386,0,43000001,0,builder_17,98,98,2919
2919,1,43000000,56200,user_39,93,99,
11,2,43000000,0,user_9,80,99,
1627,3,43000000,0,user_29,88,99,
2678,4,43000000,0,user_34,92,99,
1370,5,30000000,0,user_29,87,99,
2214,6,30000000,0,user_38,90,99,
1931,8,30000000,0,user_41,89,99,
735,7,30000000,0,user_35,84,99,
1926,10,27000000,0,user_34,89,99,
358,9,27000000,0,user_28,82,99,
2677,11,27000000,0,user_32,92,99,
2217,12,19000000,0,user_40,90,99,
2449,13,19000000,0,user_32,91,99,
3875,15,660000,17700000,user_31,97,99,
4387,15,659999,0,builder_17,98,98,3875
4388,16,170001,0,builder_17,98,98,727
727,18,170000,17700000,user_27,84,99,
1618,20,3500000,7190000,user_27,88,99,
4389,19,3499999,0,builder_17,98,98,1618
4390,20,6300001,0,builder_17,98,98,46
46,22,6300000,7840,user_34,80,99,
164,23,6300001,0,user_14,81,99,46
1147,25,6300000,0,user_31,86,99,
3876,24,6300000,0,user_31,97,99,
187,28,6300000,0,user_33,81,99,
1640,27,6300000,0,user_44,88,99,
4166,26,6300000,0,user_45,98,99,
166,29,6299999,0,user_16,81,99,46
152,30,6299999,0,user_6,81,99,46
165,31,6299999,0,user_14,81,99,46
1158,32,6100000,0,user_47,86,99,
51,33,6100000,0,user_40,80,99,
43,34,6100000,0,user_33,80,99,
1626,35,6100000,0,user_29,88,99,
177,36,5000000,381000,user_27,81,99,
4391,36,4999999,0,builder_17,98,98,177
4392,37,5000001,0,builder_17,98,98,3380
3380,38,5000000,215000,user_43,95,99,
2226,40,5200000,0,user_49,90,99,
908,41,5200000,0,user_27,85,99,
4393,41,5000001,0,builder_17,98,98,4151
4151,42,5000000,36800,user_34,98,98,
4394,43,5000001,0,builder_17,98,98,3874
3874,43,5000000,14200,user_30,97,99,
1384,45,5000000,13900,user_45,87,99,
4395,46,4999999,0,builder_17,98,98,1384
1380,47,5000000,6390,user_41,87,99,
4396,48,4999999,0,builder_17,98,98,1380
2184,54,5000001,0,user_11,90,99,177
1905,49,5000001,0,user_13,89,99,177
1124,48,5000001,0,user_10,86,99,177
538,51,5000001,0,user_17,83,99,177
547,50,5000001,0,user_26,83,99,177
345,52,5000001,0,user_12,82,99,177
353,53,5000001,0,user_24,82,99,177
2168,55,5000001,0,user_0,90,99,177
2181,56,5000001,0,user_9,90,99,177
2183,57,5000001,0,user_9,90,99,177
1910,63,5000001,0,user_18,89,99,177
1917,64,5000001,0,user_24,89,99,177
1911,62,5000001,0,user_20,89,99,177
714,59,5000001,0,user_15,84,99,177
883,60,5000001,0,user_0,85,99,177
719,58,5000001,0,user_19,84,99,177
1617,61,5000001,0,user_26,88,99,177
349,65,5000001,0,user_19,82,99,177
3625,68,5000000,0,user_42,96,99,
3882,66,5000000,0,user_35,97,99,
1377,69,5000000,0,user_37,87,99,
731,70,5000000,0,user_30,84,99,
3888,67,5000000,0,user_38,97,99,
1929,73,5000000,0,user_39,89,99,
749,72,5000000,0,user_47,84,99,
191,71,5000000,0,user_38,81,99,
2913,74,5000000,0,user_34,93,99,
2178,81,4999999,0,user_8,90,99,177
528,77,4999999,0,user_8,83,99,177
529,78,4999999,0,user_8,83,99,177
545,76,4999999,0,user_21,83,99,177
348,79,4999999,0,user_16,82,99,177
354,80,4999999,0,user_24,82,99,177
1593,75,4999999,0,user_7,88,99,177
1898,89,4999999,0,user_5,89,99,177
2179,82,4999999,0,user_9,90,99,177
2180,83,4999999,0,user_9,90,99,177
2182,84,4999999,0,user_9,90,99,177
1894,86,4999999,0,user_4,89,99,177
1909,88,4999999,0,user_18,89,99,177
1914,90,4999999,0,user_23,89,99,177
1916,91,4999999,0,user_24,89,99,177
1913,92,4999999,0,user_22,89,99,177
1901,87,4999999,0,user_10,89,99,177
724,85,4999999,0,user_25,84,99,177
732,94,4500000,16400,user_31,84,99,
4397,95,4499999,0,builder_17,98,98,732
3378,95,4500000,0,user_42,95,99,
2681,97,4200000,231000,user_36,92,99,
4398,98,4199999,0,builder_17,98,98,2681
55,99,4200000,33100,user_43,80,99,
4687,0,43000001,0,builder_17,99,99,2919
2919,1,43000000,56200,user_39,93,99,
11,2,43000000,0,user_9,80,99,
1627,3,43000000,0,user_29,88,99,
2678,4,43000000,0,user_34,92,99,
1370,5,30000000,0,user_29,87,99,
2214,6,30000000,0,user_38,90,99,
735,7,30000000,0,user_35,84,99,
1931,8,30000000,0,user_41,89,99,
358,9,27000000,0,user_28,82,99,
1926,10,27000000,0,user_34,89,99,
2677,11,27000000,0,user_32,92,99,
2217,12,19000000,0,user_40,90,99,
2449,13,19000000,0,user_32,91,99,
4445,14,19000000,0,user_36,99,99,
3875,15,660000,17700000,user_31,97,99,
4688,16,659999,0,builder_17,99,99,3875
4689,17,170001,0,builder_17,99,99,727
727,18,170000,17700000,user_27,84,99,
4690,19,3500001,0,builder_17,99,99,1618
1618,20,3500000,7190000,user_27,88,99,
4691,21,6300001,0,builder_17,99,99,46
46,22,6300000,7840,user_34,80,99,
164,23,6300001,0,user_14,81,99,46
3876,24,6300000,0,user_31,97,99,
1147,25,6300000,0,user_31,86,99,
4166,26,6300000,0,user_45,98,99,
1640,27,6300000,0,user_44,88,99,
187,28,6300000,0,user_33,81,99,
166,29,6299999,0,user_16,81,99,46
152,30,6299999,0,user_6,81,99,46
165,31,6299999,0,user_14,81,99,46
1158,32,6100000,0,user_47,86,99,
51,33,6100000,0,user_40,80,99,
43,34,6100000,0,user_33,80,99,
1626,35,6100000,0,user_29,88,99,
177,36,5000000,381000,user_27,81,99,
4692,37,4999999,0,builder_17,99,99,177
3380,38,5000000,215000,user_43,95,99,
4693,39,4999999,0,builder_17,99,99,3380
2226,40,5200000,0,user_49,90,99,
908,41,5200000,0,user_27,85,99,
4694,42,5000001,0,builder_17,99,99,3874
3874,43,5000000,14200,user_30,97,99,
4695,44,5000001,0,builder_17,99,99,1384
1384,45,5000000,13900,user_45,87,99,
4696,46,5000001,0,builder_17,99,99,1380
1380,47,5000000,6390,user_41,87,99,
1124,48,5000001,0,user_10,86,99,177
1905,49,5000001,0,user_13,89,99,177
547,50,5000001,0,user_26,83,99,177
538,51,5000001,0,user_17,83,99,177
345,52,5000001,0,user_12,82,99,177
353,53,5000001,0,user_24,82,99,177
2184,54,5000001,0,user_11,90,99,177
2168,55,5000001,0,user_0,90,99,177
2181,56,5000001,0,user_9,90,99,177
2183,57,5000001,0,user_9,90,99,177
719,58,5000001,0,user_19,84,99,177
714,59,5000001,0,user_15,84,99,177
883,60,5000001,0,user_0,85,99,177
1617,61,5000001,0,user_26,88,99,177
1911,62,5000001,0,user_20,89,99,177
1910,63,5000001,0,user_18,89,99,177
1917,64,5000001,0,user_24,89,99,177
349,65,5000001,0,user_19,82,99,177
3882,66,5000000,0,user_35,97,99,
3888,67,5000000,0,user_38,97,99,
3625,68,5000000,0,user_42,96,99,
1377,69,5000000,0,user_37,87,99,
731,70,5000000,0,user_30,84,99,
191,71,5000000,0,user_38,81,99,
749,72,5000000,0,user_47,84,99,
1929,73,5000000,0,user_39,89,99,
2913,74,5000000,0,user_34,93,99,
1593,75,4999999,0,user_7,88,99,177
545,76,4999999,0,user_21,83,99,177
528,77,4999999,0,user_8,83,99,177
529,78,4999999,0,user_8,83,99,177
348,79,4999999,0,user_16,82,99,177
354,80,4999999,0,user_24,82,99,177
2178,81,4999999,0,user_8,90,99,177
2179,82,4999999,0,user_9,90,99,177
2180,83,4999999,0,user_9,90,99,177
2182,84,4999999,0,user_9,90,99,177
724,85,4999999,0,user_25,84,99,177
1894,86,4999999,0,user_4,89,99,177
1901,87,4999999,0,user_10,89,99,177
1909,88,4999999,0,user_18,89,99,177
1898,89,4999999,0,user_5,89,99,177
1914,90,4999999,0,user_23,89,99,177
1916,91,4999999,0,user_24,89,99,177
1913,92,4999999,0,user_22,89,99,177
4697,93,4500001,0,builder_17,99,99,732
732,94,4500000,16400,user_31,84,99,
3378,95,4500000,0,user_42,95,99,
4698,96,4200001,0,builder_17,99,99,2681
2681,97,4200000,231000,user_36,92,99,
4699,98,4200001,0,builder_17,99,99,55
55,99,4200000,33100,user_43,80,99,
11,2,43000000,0,user_9,100,119,
46,22,6300000,7840,user_34,100,119,
128,2,6299999,0,builder_17,100,100,46
43,34,6100000,0,user_33,100,119,
51,33,6100000,0,user_40,100,119,
38,96,3200000,21800,user_30,100,109,
129,6,3199999,0,builder_17,100,100,38
15,86,2600000,0,user_11,100,108,
61,87,2600000,0,user_46,100,108,
42,88,2500000,0,user_32,100,108,
44,96,2000000,322000,user_33,100,108,
130,11,1999999,0,builder_17,100,100,44
45,98,2300000,0,user_33,100,108,
10,94,2000000,0,user_8,100,106,
39,98,1500000,0,user_30,100,104,
66,90,1300000,0,user_49,100,103,
37,94,1200000,0,user_28,100,103,
60,93,1200000,0,user_45,100,103,
13,95,1100000,0,user_11,100,103,
65,97,1000000,0,user_48,100,103,
5,99,660000,14200,user_4,100,103,
131,21,659999,0,builder_17,100,100,5
17,84,660001,0,user_14,100,102,5
6,86,660001,0,user_5,100,102,5
8,87,660001,0,user_5,100,102,5
21,91,660001,0,user_17,100,102,5
23,92,660001,0,user_18,100,102,5
24,93,660001,0,user_18,100,102,5
25,94,660001,0,user_18,100,102,5
31,89,660001,0,user_25,100,102,5
32,90,660001,0,user_25,100,102,5
19,85,660001,0,user_15,100,102,5
29,88,660001,0,user_22,100,102,5
16,95,659999,0,user_14,100,102,5
7,96,659999,0,user_5,100,102,5
22,99,659999,0,user_18,100,102,5
26,86,659999,0,user_18,100,101,5
33,97,659999,0,user_26,100,102,5
34,98,659999,0,user_26,100,102,5
48,87,420000,0,user_35,100,101,
12,89,310000,0,user_11,100,101,
4,95,260000,0,user_4,100,101,
14,96,220000,0,user_11,100,101,
41,97,220000,0,user_32,100,101,
63,98,220000,0,user_47,100,101,
132,45,150001,0,builder_17,100,100,1
1,99,150000,39400,user_1,100,101,
64,47,160000,0,user_48,100,100,
49,48,160000,0,user_36,100,100,
53,49,160000,0,user_42,100,100,
2,50,150001,0,user_2,100,100,1
9,51,150001,0,user_7,100,100,1
18,52,150001,0,user_15,100,100,1
3,53,149999,0,user_3,100,100,1
20,54,149999,0,user_16,100,100,1
30,55,149999,0,user_23,100,100,1
28,56,149999,0,user_20,100,100,1
50,57,130000,0,user_39,100,100,
52,58,110000,0,user_41,100,100,
40,59,87000,0,user_31,100,100,
62,60,82000,0,user_46,100,100,
0,61,80000,0,user_1,100,100,
54,62,77000,0,user_42,100,100,
47,63,70000,0,user_34,100,100,
11,2,43000000,0,user_9,100,119,
46,22,6300000,7840,user_34,100,119,
323,2,6299999,0,builder_18,101,101,46
164,23,6300001,0,user_14,101,119,46
187,28,6300000,0,user_33,101,119,
165,31,6299999,0,user_14,101,119,46
166,29,6299999,0,user_16,101,119,46
152,30,6299999,0,user_6,101,119,46
51,33,6100000,0,user_40,100,119,
43,34,6100000,0,user_33,100,119,
324,10,5000001,0,builder_18,101,101,177
177,36,5000000,381000,user_27,101,119,
55,99,4200000,33100,user_43,100,119,
325,13,4199999,0,builder_18,101,101,55
156,95,4200001,0,user_9,101,116,55
162,99,4200001,0,user_13,101,117,55
163,94,4200001,0,user_13,101,116,55
169,96,4200001,0,user_17,101,116,55
171,98,4199999,0,user_20,101,113,55
159,99,4199999,0,user_13,101,113,55
176,99,4199999,0,user_26,101,112,55
326,21,3200001,0,builder_18,101,101,38
38,96,3200000,21800,user_30,100,109,
144,77,3200001,0,user_4,101,108,38
142,81,3199999,0,user_3,101,108,38
143,82,3199999,0,user_3,101,108,38
174,83,3199999,0,user_23,101,108,38
15,86,2600000,0,user_11,100,108,
61,87,2600000,0,user_46,100,108,
199,84,2600000,0,user_47,101,108,
42,88,2500000,0,user_32,100,108,
327,31,2000001,0,builder_18,101,101,44
44,96,2000000,322000,user_33,100,108,
45,98,2300000,0,user_33,100,108,
36,97,2300000,0,user_27,100,108,
154,96,2000001,0,user_7,101,107,44
172,94,2000001,0,user_21,101,107,44
145,97,2000001,0,user_5,101,107,44
149,98,2000001,0,user_5,101,107,44
151,95,2000001,0,user_6,101,107,44
173,99,2000001,0,user_22,101,107,44
10,94,2000000,0,user_8,100,106,
140,98,1999999,0,user_2,101,106,44
158,93,1999999,0,user_10,101,105,44
139,91,1999999,0,user_0,101,105,44
160,94,1999999,0,user_13,101,105,44
161,95,1999999,0,user_13,101,105,44
167,96,1999999,0,user_17,101,105,44
147,99,1999999,0,user_5,101,106,44
150,97,1999999,0,user_6,101,105,44
153,98,1999999,0,user_6,101,105,44
175,99,1999999,0,user_26,101,105,44
196,92,1800000,0,user_44,101,104,
181,93,1600000,0,user_30,101,104,
194,94,1600000,0,user_42,101,104,
39,98,1500000,0,user_30,100,104,
200,97,1500000,0,user_48,101,104,
185,99,1500000,0,user_32,101,104,
35,86,1400000,0,user_27,100,103,
56,87,1400000,0,user_43,100,103,
198,88,1400000,0,user_46,101,103,
66,90,1300000,0,user_49,100,103,
37,94,1200000,0,user_28,100,103,
60,93,1200000,0,user_45,100,103,
197,92,1200000,0,user_45,101,103,
13,95,1100000,0,user_11,100,103,
65,97,1000000,0,user_48,100,103,
328,67,660001,0,builder_18,101,101,5
5,99,660000,14200,user_4,100,103,
6,86,660001,0,user_5,100,102,5
8,87,660001,0,user_5,100,102,5
27,83,660001,0,user_19,100,102,5
17,84,660001,0,user_14,100,102,5
19,85,660001,0,user_15,100,102,5
29,88,660001,0,user_22,100,102,5
31,89,660001,0,user_25,100,102,5
32,90,660001,0,user_25,100,102,5
21,91,660001,0,user_17,100,102,5
23,92,660001,0,user_18,100,102,5
24,93,660001,0,user_18,100,102,5
25,94,660001,0,user_18,100,102,5
7,96,659999,0,user_5,100,102,5
16,95,659999,0,user_14,100,102,5
33,97,659999,0,user_26,100,102,5
34,98,659999,0,user_26,100,102,5
22,99,659999,0,user_18,100,102,5
26,86,659999,0,user_18,100,101,5
48,87,420000,0,user_35,100,101,
183,88,340000,0,user_32,101,101,
12,89,310000,0,user_11,100,101,
193,90,310000,0,user_40,101,101,
329,91,260001,0,builder_18,101,101,192
192,92,260000,21800,user_39,101,101,
57,93,110000,164000,user_43,100,101,
330,94,109999,0,builder_18,101,101,57
4,95,260000,0,user_4,100,101,
14,96,220000,0,user_11,100,101,
41,97,220000,0,user_32,100,101,
63,98,220000,0,user_47,100,101,
1,99,150000,39400,user_1,100,101,
11,2,43000000,0,user_9,100,119,
46,22,6300000,7840,user_34,100,119,
514,2,6299999,0,builder_18,102,102,46
164,23,6300001,0,user_14,101,119,46
187,28,6300000,0,user_33,101,119,
152,30,6299999,0,user_6,101,119,46
165,31,6299999,0,user_14,101,119,46
166,29,6299999,0,user_16,101,119,46
43,34,6100000,0,user_33,100,119,
51,33,6100000,0,user_40,100,119,
345,52,5000001,0,user_12,102,119,177
353,53,5000001,0,user_24,102,119,177
191,71,5000000,0,user_38,101,119,
348,79,4999999,0,user_16,102,119,177
354,80,4999999,0,user_24,102,119,177
55,99,4200000,33100,user_43,100,119,
515,16,4199999,0,builder_18,102,102,55
162,99,4200001,0,user_13,101,117,55
163,94,4200001,0,user_13,101,116,55
156,95,4200001,0,user_9,101,116,55
169,96,4200001,0,user_17,101,116,55
343,98,4200001,0,user_10,102,117,55
341,97,4200001,0,user_8,102,117,55
362,97,4200000,0,user_32,102,115,
159,99,4199999,0,user_13,101,113,55
171,98,4199999,0,user_20,101,113,55
176,99,4199999,0,user_26,101,112,55
344,99,4199999,0,user_11,102,115,55
340,99,4199999,0,user_8,102,114,55
38,96,3200000,21800,user_30,100,109,
516,30,3199999,0,builder_18,102,102,38
144,77,3200001,0,user_4,101,108,38
142,81,3199999,0,user_3,101,108,38
143,82,3199999,0,user_3,101,108,38
174,83,3199999,0,user_23,101,108,38
15,86,2600000,0,user_11,100,108,
61,87,2600000,0,user_46,100,108,
199,84,2600000,0,user_47,101,108,
42,88,2500000,0,user_32,100,108,
369,93,2400000,0,user_42,102,108,
44,96,2000000,322000,user_33,100,108,
517,41,1999999,0,builder_18,102,102,44
45,98,2300000,0,user_33,100,108,
36,97,2300000,0,user_27,100,108,
145,97,2000001,0,user_5,101,107,44
149,98,2000001,0,user_5,101,107,44
151,95,2000001,0,user_6,101,107,44
154,96,2000001,0,user_7,101,107,44
172,94,2000001,0,user_21,101,107,44
173,99,2000001,0,user_22,101,107,44
355,89,2000001,0,user_25,102,106,44
10,94,2000000,0,user_8,100,106,
140,98,1999999,0,user_2,101,106,44
147,99,1999999,0,user_5,101,106,44
158,93,1999999,0,user_10,101,105,44
160,94,1999999,0,user_13,101,105,44
161,95,1999999,0,user_13,101,105,44
150,97,1999999,0,user_6,101,105,44
153,98,1999999,0,user_6,101,105,44
139,91,1999999,0,user_0,101,105,44
175,99,1999999,0,user_26,101,105,44
167,96,1999999,0,user_17,101,105,44
338,88,1999999,0,user_6,102,105,44
196,92,1800000,0,user_44,101,104,
194,94,1600000,0,user_42,101,104,
181,93,1600000,0,user_30,101,104,
39,98,1500000,0,user_30,100,104,
185,99,1500000,0,user_32,101,104,
200,97,1500000,0,user_48,101,104,
35,86,1400000,0,user_27,100,103,
56,87,1400000,0,user_43,100,103,
198,88,1400000,0,user_46,101,103,
373,85,1400000,0,user_44,102,103,
66,90,1300000,0,user_49,100,103,
37,94,1200000,0,user_28,100,103,
60,93,1200000,0,user_45,100,103,
197,92,1200000,0,user_45,101,103,
13,95,1100000,0,user_11,100,103,
65,97,1000000,0,user_48,100,103,
5,99,660000,14200,user_4,100,103,
518,80,659999,0,builder_18,102,102,5
519,81,73001,0,builder_18,102,102,195
195,82,73000,594000,user_43,101,102,
27,83,660001,0,user_19,100,102,5
17,84,660001,0,user_14,100,102,5
19,85,660001,0,user_15,100,102,5
6,86,660001,0,user_5,100,102,5
8,87,660001,0,user_5,100,102,5
29,88,660001,0,user_22,100,102,5
31,89,660001,0,user_25,100,102,5
32,90,660001,0,user_25,100,102,5
21,91,660001,0,user_17,100,102,5
23,92,660001,0,user_18,100,102,5
24,93,660001,0,user_18,100,102,5
25,94,660001,0,user_18,100,102,5
16,95,659999,0,user_14,100,102,5
7,96,659999,0,user_5,100,102,5
33,97,659999,0,user_26,100,102,5
34,98,659999,0,user_26,100,102,5
22,99,659999,0,user_18,100,102,5
11,2,43000000,0,user_9,100,119,
358,9,27000000,0,user_28,102,119,
686,2,6300001,0,builder_17,103,103,46
46,22,6300000,7840,user_34,100,119,
164,23,6300001,0,user_14,101,119,46
187,28,6300000,0,user_33,101,119,
165,31,6299999,0,user_14,101,119,46
166,29,6299999,0,user_16,101,119,46
152,30,6299999,0,user_6,101,119,46
51,33,6100000,0,user_40,100,119,
43,34,6100000,0,user_33,100,119,
687,11,5000001,0,builder_17,103,103,177
177,36,5000000,381000,user_27,101,119,
345,52,5000001,0,user_12,102,119,177
353,53,5000001,0,user_24,102,119,177
349,65,5000001,0,user_19,102,119,177
538,51,5000001,0,user_17,103,119,177
547,50,5000001,0,user_26,103,119,177
191,71,5000000,0,user_38,101,119,
348,79,4999999,0,user_16,102,119,177
354,80,4999999,0,user_24,102,119,177
528,77,4999999,0,user_8,103,119,177
529,78,4999999,0,user_8,103,119,177
545,76,4999999,0,user_21,103,119,177
688,24,4200001,0,builder_17,103,103,55
55,99,4200000,33100,user_43,100,119,
156,95,4200001,0,user_9,101,116,55
343,98,4200001,0,user_10,102,117,55
341,97,4200001,0,user_8,102,117,55
162,99,4200001,0,user_13,101,117,55
163,94,4200001,0,user_13,101,116,55
169,96,4200001,0,user_17,101,116,55
362,97,4200000,0,user_32,102,115,
552,97,4200000,0,user_34,103,116,
344,99,4199999,0,user_11,102,115,55
340,99,4199999,0,user_8,102,114,55
159,99,4199999,0,user_13,101,113,55
176,99,4199999,0,user_26,101,112,55
171,98,4199999,0,user_20,101,113,55
38,96,3200000,21800,user_30,100,109,
689,40,3199999,0,builder_17,103,103,38
144,77,3200001,0,user_4,101,108,38
142,81,3199999,0,user_3,101,108,38
143,82,3199999,0,user_3,101,108,38
174,83,3199999,0,user_23,101,108,38
199,84,2600000,0,user_47,101,108,
61,87,2600000,0,user_46,100,108,
15,86,2600000,0,user_11,100,108,
42,88,2500000,0,user_32,100,108,
690,49,2400001,0,builder_17,103,103,553
553,91,2400000,18600,user_36,103,108,
369,93,2400000,0,user_42,102,108,
44,96,2000000,322000,user_33,100,108,
691,53,1999999,0,builder_17,103,103,44
36,97,2300000,0,user_27,100,108,
45,98,2300000,0,user_33,100,108,
355,89,2000001,0,user_25,102,106,44
154,96,2000001,0,user_7,101,107,44
172,94,2000001,0,user_21,101,107,44
145,97,2000001,0,user_5,101,107,44
149,98,2000001,0,user_5,101,107,44
151,95,2000001,0,user_6,101,107,44
173,99,2000001,0,user_22,101,107,44
539,91,2000001,0,user_17,103,107,44
10,94,2000000,0,user_8,100,106,
338,88,1999999,0,user_6,102,105,44
522,96,1999999,0,user_0,103,106,44
158,93,1999999,0,user_10,101,105,44
139,91,1999999,0,user_0,101,105,44
160,94,1999999,0,user_13,101,105,44
161,95,1999999,0,user_13,101,105,44
167,96,1999999,0,user_17,101,105,44
147,99,1999999,0,user_5,101,106,44
150,97,1999999,0,user_6,101,105,44
153,98,1999999,0,user_6,101,105,44
175,99,1999999,0,user_26,101,105,44
140,98,1999999,0,user_2,101,106,44
196,92,1800000,0,user_44,101,104,
371,96,1600000,0,user_43,102,104,
181,93,1600000,0,user_30,101,104,
194,94,1600000,0,user_42,101,104,
360,95,1600000,0,user_28,102,104,
200,97,1500000,0,user_48,101,104,
185,99,1500000,0,user_32,101,104,
39,98,1500000,0,user_30,100,104,
373,85,1400000,0,user_44,102,103,
35,86,1400000,0,user_27,100,103,
56,87,1400000,0,user_43,100,103,
198,88,1400000,0,user_46,101,103,
359,89,1400000,0,user_28,102,103,
66,90,1300000,0,user_49,100,103,
556,91,1300000,0,user_40,103,103,
197,92,1200000,0,user_45,101,103,
60,93,1200000,0,user_45,100,103,
37,94,1200000,0,user_28,100,103,
13,95,1100000,0,user_11,100,103,
560,96,1100000,0,user_46,103,103,
65,97,1000000,0,user_48,100,103,
692,98,660001,0,builder_17,103,103,5
5,99,660000,14200,user_4,100,103,
11,2,43000000,0,user_9,100,119,
735,7,30000000,0,user_35,104,119,
358,9,27000000,0,user_28,102,119,
46,22,6300000,7840,user_34,100,119,
866,4,6299999,0,builder_17,104,104,46
164,23,6300001,0,user_14,101,119,46
187,28,6300000,0,user_33,101,119,
152,30,6299999,0,user_6,101,119,46
165,31,6299999,0,user_14,101,119,46
166,29,6299999,0,user_16,101,119,46
43,34,6100000,0,user_33,100,119,
51,33,6100000,0,user_40,100,119,
177,36,5000000,381000,user_27,101,119,
867,13,4999999,0,builder_17,104,104,177
349,65,5000001,0,user_19,102,119,177
538,51,5000001,0,user_17,103,119,177
547,50,5000001,0,user_26,103,119,177
353,53,5000001,0,user_24,102,119,177
345,52,5000001,0,user_12,102,119,177
714,59,5000001,0,user_15,104,119,177
191,71,5000000,0,user_38,101,119,
749,72,5000000,0,user_47,104,119,
731,70,5000000,0,user_30,104,119,
528,77,4999999,0,user_8,103,119,177
529,78,4999999,0,user_8,103,119,177
545,76,4999999,0,user_21,103,119,177
348,79,4999999,0,user_16,102,119,177
354,80,4999999,0,user_24,102,119,177
724,85,4999999,0,user_25,104,119,177
868,29,4500001,0,builder_17,104,104,732
732,94,4500000,16400,user_31,104,119,
55,99,4200000,33100,user_43,100,119,
869,32,4199999,0,builder_17,104,104,55
156,95,4200001,0,user_9,101,116,55
343,98,4200001,0,user_10,102,117,55
169,96,4200001,0,user_17,101,116,55
162,99,4200001,0,user_13,101,117,55
163,94,4200001,0,user_13,101,116,55
341,97,4200001,0,user_8,102,117,55
552,97,4200000,0,user_34,103,116,
362,97,4200000,0,user_32,102,115,
176,99,4199999,0,user_26,101,112,55
344,99,4199999,0,user_11,102,115,55
159,99,4199999,0,user_13,101,113,55
171,98,4199999,0,user_20,101,113,55
340,99,4199999,0,user_8,102,114,55
38,96,3200000,21800,user_30,100,109,
870,47,3199999,0,builder_17,104,104,38
555,98,3200000,6390,user_37,103,109,
871,49,3199999,0,builder_17,104,104,555
144,77,3200001,0,user_4,101,108,38
742,78,3200000,0,user_40,104,108,
174,83,3199999,0,user_23,101,108,38
142,81,3199999,0,user_3,101,108,38
143,82,3199999,0,user_3,101,108,38
554,85,2600000,0,user_37,103,108,
199,84,2600000,0,user_47,101,108,
61,87,2600000,0,user_46,100,108,
15,86,2600000,0,user_11,100,108,
42,88,2500000,0,user_32,100,108,
553,91,2400000,18600,user_36,103,108,
872,61,2399999,0,builder_17,104,104,553
369,93,2400000,0,user_42,102,108,
44,96,2000000,322000,user_33,100,108,
873,64,1999999,0,builder_17,104,104,44
45,98,2300000,0,user_33,100,108,
36,97,2300000,0,user_27,100,108,
539,91,2000001,0,user_17,103,107,44
145,97,2000001,0,user_5,101,107,44
149,98,2000001,0,user_5,101,107,44
154,96,2000001,0,user_7,101,107,44
151,95,2000001,0,user_6,101,107,44
172,94,2000001,0,user_21,101,107,44
173,99,2000001,0,user_22,101,107,44
355,89,2000001,0,user_25,102,106,44
706,90,2000001,0,user_5,104,107,44
716,92,2000001,0,user_17,104,107,44
10,94,2000000,0,user_8,100,106,
750,93,2000000,0,user_48,104,106,
710,97,1999999,0,user_9,104,106,44
158,93,1999999,0,user_10,101,105,44
147,99,1999999,0,user_5,101,106,44
150,97,1999999,0,user_6,101,105,44
153,98,1999999,0,user_6,101,105,44
175,99,1999999,0,user_26,101,105,44
167,96,1999999,0,user_17,101,105,44
338,88,1999999,0,user_6,102,105,44
140,98,1999999,0,user_2,101,106,44
160,94,1999999,0,user_13,101,105,44
161,95,1999999,0,user_13,101,105,44
139,91,1999999,0,user_0,101,105,44
522,96,1999999,0,user_0,103,106,44
196,92,1800000,0,user_44,101,104,
181,93,1600000,0,user_30,101,104,
194,94,1600000,0,user_42,101,104,
360,95,1600000,0,user_28,102,104,
371,96,1600000,0,user_43,102,104,
200,97,1500000,0,user_48,101,104,
39,98,1500000,0,user_30,100,104,
185,99,1500000,0,user_32,101,104,
11,2,43000000,0,user_9,100,119,
735,7,30000000,0,user_35,104,119,
358,9,27000000,0,user_28,102,119,
1096,3,170001,0,builder_17,105,105,727
727,18,170000,17700000,user_27,104,119,
46,22,6300000,7840,user_34,100,119,
1097,6,6299999,0,builder_17,105,105,46
164,23,6300001,0,user_14,101,119,46
187,28,6300000,0,user_33,101,119,
165,31,6299999,0,user_14,101,119,46
166,29,6299999,0,user_16,101,119,46
152,30,6299999,0,user_6,101,119,46
51,33,6100000,0,user_40,100,119,
43,34,6100000,0,user_33,100,119,
1098,14,5000001,0,builder_17,105,105,177
177,36,5000000,381000,user_27,101,119,
714,59,5000001,0,user_15,104,119,177
883,60,5000001,0,user_0,105,119,177
345,52,5000001,0,user_12,102,119,177
349,65,5000001,0,user_19,102,119,177
547,50,5000001,0,user_26,103,119,177
719,58,5000001,0,user_19,104,119,177
353,53,5000001,0,user_24,102,119,177
538,51,5000001,0,user_17,103,119,177
749,72,5000000,0,user_47,104,119,
731,70,5000000,0,user_30,104,119,
191,71,5000000,0,user_38,101,119,
724,85,4999999,0,user_25,104,119,177
348,79,4999999,0,user_16,102,119,177
545,76,4999999,0,user_21,103,119,177
528,77,4999999,0,user_8,103,119,177
529,78,4999999,0,user_8,103,119,177
354,80,4999999,0,user_24,102,119,177
732,94,4500000,16400,user_31,104,119,
1099,34,4499999,0,builder_17,105,105,732
1100,35,4200001,0,builder_17,105,105,55
55,99,4200000,33100,user_43,100,119,
341,97,4200001,0,user_8,102,117,55
343,98,4200001,0,user_10,102,117,55
156,95,4200001,0,user_9,101,116,55
162,99,4200001,0,user_13,101,117,55
163,94,4200001,0,user_13,101,116,55
169,96,4200001,0,user_17,101,116,55
552,97,4200000,0,user_34,103,116,
362,97,4200000,0,user_32,102,115,
340,99,4199999,0,user_8,102,114,55
159,99,4199999,0,user_13,101,113,55
176,99,4199999,0,user_26,101,112,55
171,98,4199999,0,user_20,101,113,55
344,99,4199999,0,user_11,102,115,55
38,96,3200000,21800,user_30,100,109,
1101,51,3199999,0,builder_17,105,105,38
555,98,3200000,6390,user_37,103,109,
1102,53,3199999,0,builder_17,105,105,555
144,77,3200001,0,user_4,101,108,38
742,78,3200000,0,user_40,104,108,
910,80,3200000,0,user_32,105,108,
142,81,3199999,0,user_3,101,108,38
143,82,3199999,0,user_3,101,108,38
174,83,3199999,0,user_23,101,108,38
554,85,2600000,0,user_37,103,108,
15,86,2600000,0,user_11,100,108,
61,87,2600000,0,user_46,100,108,
199,84,2600000,0,user_47,101,108,
909,89,2500000,0,user_28,105,108,
42,88,2500000,0,user_32,100,108,
1103,66,2400001,0,builder_17,105,105,553
553,91,2400000,18600,user_36,103,108,
369,93,2400000,0,user_42,102,108,
1104,69,2000001,0,builder_17,105,105,44
44,96,2000000,322000,user_33,100,108,
36,97,2300000,0,user_27,100,108,
45,98,2300000,0,user_33,100,108,
716,92,2000001,0,user_17,104,107,44
706,90,2000001,0,user_5,104,107,44
355,89,2000001,0,user_25,102,106,44
896,88,2000001,0,user_11,105,107,44
539,91,2000001,0,user_17,103,107,44
145,97,2000001,0,user_5,101,107,44
149,98,2000001,0,user_5,101,107,44
154,96,2000001,0,user_7,101,107,44
151,95,2000001,0,user_6,101,107,44
173,99,2000001,0,user_22,101,107,44
172,94,2000001,0,user_21,101,107,44
750,93,2000000,0,user_48,104,106,
10,94,2000000,0,user_8,100,106,
912,95,2000000,0,user_35,105,106,
522,96,1999999,0,user_0,103,106,44
338,88,1999999,0,user_6,102,105,44
710,97,1999999,0,user_9,104,106,44
147,99,1999999,0,user_5,101,106,44
139,91,1999999,0,user_0,101,105,44
140,98,1999999,0,user_2,101,106,44
158,93,1999999,0,user_10,101,105,44
160,94,1999999,0,user_13,101,105,44
161,95,1999999,0,user_13,101,105,44
167,96,1999999,0,user_17,101,105,44
150,97,1999999,0,user_6,101,105,44
153,98,1999999,0,user_6,101,105,44
175,99,1999999,0,user_26,101,105,44
11,2,43000000,0,user_9,100,119,
735,7,30000000,0,user_35,104,119,
358,9,27000000,0,user_28,102,119,
727,18,170000,17700000,user_27,104,119,
1331,4,169999,0,builder_18,106,106,727
46,22,6300000,7840,user_34,100,119,
1332,6,6299999,0,builder_18,106,106,46
164,23,6300001,0,user_14,101,119,46
187,28,6300000,0,user_33,101,119,
152,30,6299999,0,user_6,101,119,46
165,31,6299999,0,user_14,101,119,46
166,29,6299999,0,user_16,101,119,46
43,34,6100000,0,user_33,100,119,
51,33,6100000,0,user_40,100,119,
1158,32,6100000,0,user_47,106,119,
177,36,5000000,381000,user_27,101,119,
1333,16,4999999,0,builder_18,106,106,177
908,41,5200000,0,user_27,105,119,
547,50,5000001,0,user_26,103,119,177
538,51,5000001,0,user_17,103,119,177
719,58,5000001,0,user_19,104,119,177
714,59,5000001,0,user_15,104,119,177
345,52,5000001,0,user_12,102,119,177
353,53,5000001,0,user_24,102,119,177
349,65,5000001,0,user_19,102,119,177
883,60,5000001,0,user_0,105,119,177
1124,48,5000001,0,user_10,106,119,177
749,72,5000000,0,user_47,104,119,
731,70,5000000,0,user_30,104,119,
191,71,5000000,0,user_38,101,119,
545,76,4999999,0,user_21,103,119,177
528,77,4999999,0,user_8,103,119,177
529,78,4999999,0,user_8,103,119,177
724,85,4999999,0,user_25,104,119,177
348,79,4999999,0,user_16,102,119,177
354,80,4999999,0,user_24,102,119,177
1334,36,4500001,0,builder_18,106,106,732
732,94,4500000,16400,user_31,104,119,
1335,38,4200001,0,builder_18,106,106,55
55,99,4200000,33100,user_43,100,119,
162,99,4200001,0,user_13,101,117,55
163,94,4200001,0,user_13,101,116,55
156,95,4200001,0,user_9,101,116,55
169,96,4200001,0,user_17,101,116,55
343,98,4200001,0,user_10,102,117,55
341,97,4200001,0,user_8,102,117,55
552,97,4200000,0,user_34,103,116,
362,97,4200000,0,user_32,102,115,
1151,98,4200000,0,user_34,106,116,
159,99,4199999,0,user_13,101,113,55
171,98,4199999,0,user_20,101,113,55
176,99,4199999,0,user_26,101,112,55
344,99,4199999,0,user_11,102,115,55
340,99,4199999,0,user_8,102,114,55
1144,98,3500000,5640,user_30,106,111,
1336,55,3499999,0,builder_18,106,106,1144
38,96,3200000,21800,user_30,100,109,
1337,57,3199999,0,builder_18,106,106,38
1338,58,3200001,0,builder_18,106,106,555
555,98,3200000,6390,user_37,103,109,
144,77,3200001,0,user_4,101,108,38
742,78,3200000,0,user_40,104,108,
910,80,3200000,0,user_32,105,108,
922,79,3200000,0,user_43,105,108,
142,81,3199999,0,user_3,101,108,38
143,82,3199999,0,user_3,101,108,38
174,83,3199999,0,user_23,101,108,38
554,85,2600000,0,user_37,103,108,
15,86,2600000,0,user_11,100,108,
61,87,2600000,0,user_46,100,108,
199,84,2600000,0,user_47,101,108,
909,89,2500000,0,user_28,105,108,
42,88,2500000,0,user_32,100,108,
1339,73,2400001,0,builder_18,106,106,553
553,91,2400000,18600,user_36,103,108,
369,93,2400000,0,user_42,102,108,
44,96,2000000,322000,user_33,100,108,
1340,77,1999999,0,builder_18,106,106,44
45,98,2300000,0,user_33,100,108,
36,97,2300000,0,user_27,100,108,
539,91,2000001,0,user_17,103,107,44
706,90,2000001,0,user_5,104,107,44
716,92,2000001,0,user_17,104,107,44
145,97,2000001,0,user_5,101,107,44
149,98,2000001,0,user_5,101,107,44
151,95,2000001,0,user_6,101,107,44
154,96,2000001,0,user_7,101,107,44
172,94,2000001,0,user_21,101,107,44
173,99,2000001,0,user_22,101,107,44
355,89,2000001,0,user_25,102,106,44
896,88,2000001,0,user_11,105,107,44
1114,89,2000001,0,user_1,106,107,44
1136,99,2000001,0,user_20,106,108,44
750,93,2000000,0,user_48,104,106,
10,94,2000000,0,user_8,100,106,
912,95,2000000,0,user_35,105,106,
522,96,1999999,0,user_0,103,106,44
710,97,1999999,0,user_9,104,106,44
140,98,1999999,0,user_2,101,106,44
147,99,1999999,0,user_5,101,106,44
11,2,43000000,0,user_9,100,119,
735,7,30000000,0,user_35,104,119,
1370,5,30000000,0,user_29,107,119,
358,9,27000000,0,user_28,102,119,
1578,4,170001,0,builder_18,107,107,727
727,18,170000,17700000,user_27,104,119,
1579,6,6300001,0,builder_18,107,107,46
46,22,6300000,7840,user_34,100,119,
164,23,6300001,0,user_14,101,119,46
187,28,6300000,0,user_33,101,119,
1147,25,6300000,0,user_31,106,119,
165,31,6299999,0,user_14,101,119,46
166,29,6299999,0,user_16,101,119,46
152,30,6299999,0,user_6,101,119,46
51,33,6100000,0,user_40,100,119,
43,34,6100000,0,user_33,100,119,
1158,32,6100000,0,user_47,106,119,
177,36,5000000,381000,user_27,101,119,
1580,18,4999999,0,builder_18,107,107,177
908,41,5200000,0,user_27,105,119,
1581,20,5000001,0,builder_18,107,107,1384
1384,45,5000000,13900,user_45,107,119,
1380,47,5000000,6390,user_41,107,119,
1582,23,4999999,0,builder_18,107,107,1380
883,60,5000001,0,user_0,105,119,177
1124,48,5000001,0,user_10,106,119,177
538,51,5000001,0,user_17,103,119,177
547,50,5000001,0,user_26,103,119,177
719,58,5000001,0,user_19,104,119,177
714,59,5000001,0,user_15,104,119,177
345,52,5000001,0,user_12,102,119,177
349,65,5000001,0,user_19,102,119,177
353,53,5000001,0,user_24,102,119,177
749,72,5000000,0,user_47,104,119,
731,70,5000000,0,user_30,104,119,
191,71,5000000,0,user_38,101,119,
1377,69,5000000,0,user_37,107,119,
545,76,4999999,0,user_21,103,119,177
528,77,4999999,0,user_8,103,119,177
529,78,4999999,0,user_8,103,119,177
724,85,4999999,0,user_25,104,119,177
348,79,4999999,0,user_16,102,119,177
354,80,4999999,0,user_24,102,119,177
732,94,4500000,16400,user_31,104,119,
1583,44,4499999,0,builder_18,107,107,732
1584,45,4200001,0,builder_18,107,107,55
55,99,4200000,33100,user_43,100,119,
162,99,4200001,0,user_13,101,117,55
163,94,4200001,0,user_13,101,116,55
169,96,4200001,0,user_17,101,116,55
156,95,4200001,0,user_9,101,116,55
343,98,4200001,0,user_10,102,117,55
341,97,4200001,0,user_8,102,117,55
362,97,4200000,0,user_32,102,115,
552,97,4200000,0,user_34,103,116,
1151,98,4200000,0,user_34,106,116,
159,99,4199999,0,user_13,101,113,55
171,98,4199999,0,user_20,101,113,55
176,99,4199999,0,user_26,101,112,55
344,99,4199999,0,user_11,102,115,55
340,99,4199999,0,user_8,102,114,55
1585,61,3500001,0,builder_18,107,107,1144
1144,98,3500000,5640,user_30,106,111,
1586,63,3200001,0,builder_18,107,107,38
38,96,3200000,21800,user_30,100,109,
555,98,3200000,6390,user_37,103,109,
1587,66,3199999,0,builder_18,107,107,555
144,77,3200001,0,user_4,101,108,38
910,80,3200000,0,user_32,105,108,
922,79,3200000,0,user_43,105,108,
742,78,3200000,0,user_40,104,108,
142,81,3199999,0,user_3,101,108,38
143,82,3199999,0,user_3,101,108,38
174,83,3199999,0,user_23,101,108,38
554,85,2600000,0,user_37,103,108,
199,84,2600000,0,user_47,101,108,
61,87,2600000,0,user_46,100,108,
15,86,2600000,0,user_11,100,108,
909,89,2500000,0,user_28,105,108,
42,88,2500000,0,user_32,100,108,
1588,80,2400001,0,builder_18,107,107,553
553,91,2400000,18600,user_36,103,108,
369,93,2400000,0,user_42,102,108,
1160,92,2400000,0,user_49,106,108,
44,96,2000000,322000,user_33,100,108,
1589,85,1999999,0,builder_18,107,107,44
45,98,2300000,0,user_33,100,108,
36,97,2300000,0,user_27,100,108,
896,88,2000001,0,user_11,105,107,44
1114,89,2000001,0,user_1,106,107,44
706,90,2000001,0,user_5,104,107,44
539,91,2000001,0,user_17,103,107,44
716,92,2000001,0,user_17,104,107,44
1136,99,2000001,0,user_20,106,108,44
172,94,2000001,0,user_21,101,107,44
151,95,2000001,0,user_6,101,107,44
154,96,2000001,0,user_7,101,107,44
145,97,2000001,0,user_5,101,107,44
149,98,2000001,0,user_5,101,107,44
173,99,2000001,0,user_22,101,107,44
11,2,43000000,0,user_9,100,119,
1627,3,43000000,0,user_29,108,119,
735,7,30000000,0,user_35,104,119,
1370,5,30000000,0,user_29,107,119,
358,9,27000000,0,user_28,102,119,
727,18,170000,17700000,user_27,104,119,
1876,6,169999,0,builder_18,108,108,727
1618,20,3500000,7190000,user_27,108,119,
1877,8,3499999,0,builder_18,108,108,1618
1878,9,6300001,0,builder_18,108,108,46
46,22,6300000,7840,user_34,100,119,
164,23,6300001,0,user_14,101,119,46
1147,25,6300000,0,user_31,106,119,
187,28,6300000,0,user_33,101,119,
1640,27,6300000,0,user_44,108,119,
165,31,6299999,0,user_14,101,119,46
166,29,6299999,0,user_16,101,119,46
152,30,6299999,0,user_6,101,119,46
1158,32,6100000,0,user_47,106,119,
43,34,6100000,0,user_33,100,119,
51,33,6100000,0,user_40,100,119,
1626,35,6100000,0,user_29,108,119,
177,36,5000000,381000,user_27,101,119,
1879,23,4999999,0,builder_18,108,108,177
908,41,5200000,0,user_27,105,119,
1384,45,5000000,13900,user_45,107,119,
1880,26,4999999,0,builder_18,108,108,1384
1881,27,5000001,0,builder_18,108,108,1380
1380,47,5000000,6390,user_41,107,119,
1124,48,5000001,0,user_10,106,119,177
345,52,5000001,0,user_12,102,119,177
349,65,5000001,0,user_19,102,119,177
353,53,5000001,0,user_24,102,119,177
547,50,5000001,0,user_26,103,119,177
538,51,5000001,0,user_17,103,119,177
714,59,5000001,0,user_15,104,119,177
883,60,5000001,0,user_0,105,119,177
719,58,5000001,0,user_19,104,119,177
1617,61,5000001,0,user_26,108,119,177
749,72,5000000,0,user_47,104,119,
1377,69,5000000,0,user_37,107,119,
191,71,5000000,0,user_38,101,119,
731,70,5000000,0,user_30,104,119,
348,79,4999999,0,user_16,102,119,177
354,80,4999999,0,user_24,102,119,177
528,77,4999999,0,user_8,103,119,177
529,78,4999999,0,user_8,103,119,177
545,76,4999999,0,user_21,103,119,177
724,85,4999999,0,user_25,104,119,177
1593,75,4999999,0,user_7,108,119,177
1882,50,4500001,0,builder_18,108,108,732
732,94,4500000,16400,user_31,104,119,
1883,52,4200001,0,builder_18,108,108,55
55,99,4200000,33100,user_43,100,119,
341,97,4200001,0,user_8,102,117,55
343,98,4200001,0,user_10,102,117,55
169,96,4200001,0,user_17,101,116,55
156,95,4200001,0,user_9,101,116,55
162,99,4200001,0,user_13,101,117,55
163,94,4200001,0,user_13,101,116,55
1151,98,4200000,0,user_34,106,116,
362,97,4200000,0,user_32,102,115,
552,97,4200000,0,user_34,103,116,
1634,98,4200000,0,user_39,108,115,
344,99,4199999,0,user_11,102,115,55
340,99,4199999,0,user_8,102,114,55
176,99,4199999,0,user_26,101,112,55
159,99,4199999,0,user_13,101,113,55
171,98,4199999,0,user_20,101,113,55
1884,69,3500001,0,builder_18,108,108,1371
1371,97,3500000,283000,user_31,107,111,
1885,71,3500001,0,builder_18,108,108,1144
1144,98,3500000,5640,user_30,106,111,
1886,73,3200001,0,builder_18,108,108,38
38,96,3200000,21800,user_30,100,109,
555,98,3200000,6390,user_37,103,109,
1887,76,3199999,0,builder_18,108,108,555
144,77,3200001,0,user_4,101,108,38
742,78,3200000,0,user_40,104,108,
922,79,3200000,0,user_43,105,108,
910,80,3200000,0,user_32,105,108,
142,81,3199999,0,user_3,101,108,38
143,82,3199999,0,user_3,101,108,38
174,83,3199999,0,user_23,101,108,38
199,84,2600000,0,user_47,101,108,
554,85,2600000,0,user_37,103,108,
15,86,2600000,0,user_11,100,108,
61,87,2600000,0,user_46,100,108,
42,88,2500000,0,user_32,100,108,
909,89,2500000,0,user_28,105,108,
1888,90,2400001,0,builder_18,108,108,553
553,91,2400000,18600,user_36,103,108,
1160,92,2400000,0,user_49,106,108,
369,93,2400000,0,user_42,102,108,
1629,94,2400000,0,user_32,108,108,
1889,95,2000001,0,builder_18,108,108,44
44,96,2000000,322000,user_33,100,108,
36,97,2300000,0,user_27,100,108,
45,98,2300000,0,user_33,100,108,
1136,99,2000001,0,user_20,106,108,44
11,2,43000000,0,user_9,100,119,
1627,3,43000000,0,user_29,108,119,
1370,5,30000000,0,user_29,107,119,
735,7,30000000,0,user_35,104,119,
1931,8,30000000,0,user_41,109,119,
358,9,27000000,0,user_28,102,119,
1926,10,27000000,0,user_34,109,119,
727,18,170000,17700000,user_27,104,119,
2156,8,169999,0,builder_18,109,109,727
2157,9,3500001,0,builder_18,109,109,1618
1618,20,3500000,7190000,user_27,108,119,
46,22,6300000,7840,user_34,100,119,
2158,12,6299999,0,builder_18,109,109,46
164,23,6300001,0,user_14,101,119,46
1147,25,6300000,0,user_31,106,119,
1640,27,6300000,0,user_44,108,119,
187,28,6300000,0,user_33,101,119,
165,31,6299999,0,user_14,101,119,46
166,29,6299999,0,user_16,101,119,46
152,30,6299999,0,user_6,101,119,46
1158,32,6100000,0,user_47,106,119,
51,33,6100000,0,user_40,100,119,
43,34,6100000,0,user_33,100,119,
1626,35,6100000,0,user_29,108,119,
177,36,5000000,381000,user_27,101,119,
2159,25,4999999,0,builder_18,109,109,177
908,41,5200000,0,user_27,105,119,
1384,45,5000000,13900,user_45,107,119,
2160,28,4999999,0,builder_18,109,109,1384
2161,29,5000001,0,builder_18,109,109,1380
1380,47,5000000,6390,user_41,107,119,
1124,48,5000001,0,user_10,106,119,177
538,51,5000001,0,user_17,103,119,177
547,50,5000001,0,user_26,103,119,177
719,58,5000001,0,user_19,104,119,177
345,52,5000001,0,user_12,102,119,177
353,53,5000001,0,user_24,102,119,177
349,65,5000001,0,user_19,102,119,177
714,59,5000001,0,user_15,104,119,177
883,60,5000001,0,user_0,105,119,177
1617,61,5000001,0,user_26,108,119,177
1911,62,5000001,0,user_20,109,119,177
1905,49,5000001,0,user_13,109,119,177
1910,63,5000001,0,user_18,109,119,177
1917,64,5000001,0,user_24,109,119,177
1377,69,5000000,0,user_37,107,119,
191,71,5000000,0,user_38,101,119,
749,72,5000000,0,user_47,104,119,
731,70,5000000,0,user_30,104,119,
1929,73,5000000,0,user_39,109,119,
528,77,4999999,0,user_8,103,119,177
529,78,4999999,0,user_8,103,119,177
545,76,4999999,0,user_21,103,119,177
348,79,4999999,0,user_16,102,119,177
354,80,4999999,0,user_24,102,119,177
724,85,4999999,0,user_25,104,119,177
1593,75,4999999,0,user_7,108,119,177
1894,86,4999999,0,user_4,109,119,177
1901,87,4999999,0,user_10,109,119,177
1909,88,4999999,0,user_18,109,119,177
1898,89,4999999,0,user_5,109,119,177
1914,90,4999999,0,user_23,109,119,177
1913,92,4999999,0,user_22,109,119,177
1916,91,4999999,0,user_24,109,119,177
732,94,4500000,16400,user_31,104,119,
2162,65,4499999,0,builder_18,109,109,732
55,99,4200000,33100,user_43,100,119,
2163,67,4199999,0,builder_18,109,109,55
343,98,4200001,0,user_10,102,117,55
156,95,4200001,0,user_9,101,116,55
162,99,4200001,0,user_13,101,117,55
163,94,4200001,0,user_13,101,116,55
169,96,4200001,0,user_17,101,116,55
341,97,4200001,0,user_8,102,117,55
1151,98,4200000,0,user_34,106,116,
1622,99,4200000,0,user_28,108,116,
552,97,4200000,0,user_34,103,116,
362,97,4200000,0,user_32,102,115,
1634,98,4200000,0,user_39,108,115,
171,98,4199999,0,user_20,101,113,55
159,99,4199999,0,user_13,101,113,55
344,99,4199999,0,user_11,102,115,55
340,99,4199999,0,user_8,102,114,55
176,99,4199999,0,user_26,101,112,55
1371,97,3500000,283000,user_31,107,111,
2164,85,3499999,0,builder_18,109,109,1371
1144,98,3500000,5640,user_30,106,111,
2165,87,3499999,0,builder_18,109,109,1144
1892,99,3500001,0,user_1,109,110,1618
1895,97,3500001,0,user_4,109,110,1618
1896,98,3500001,0,user_4,109,110,1618
1907,91,3500001,0,user_16,109,109,1618
1897,92,3499999,0,user_4,109,109,1618
1900,93,3499999,0,user_10,109,109,1618
1902,94,3499999,0,user_10,109,109,1618
1912,95,3499999,0,user_21,109,109,1618
38,96,3200000,21800,user_30,100,109,
2166,97,3199999,0,builder_18,109,109,38
555,98,3200000,6390,user_37,103,109,
2167,99,3199999,0,builder_18,109,109,555
1627,3,43000000,0,user_29,108,119,
11,2,43000000,0,user_9,100,119,
1370,5,30000000,0,user_29,107,119,
735,7,30000000,0,user_35,104,119,
1931,8,30000000,0,user_41,109,119,
358,9,27000000,0,user_28,102,119,
1926,10,27000000,0,user_34,109,119,
2217,12,19000000,0,user_40,110,119,
727,18,170000,17700000,user_27,104,119,
2406,9,169999,0,builder_18,110,110,727
2407,10,3500001,0,builder_18,110,110,1618
1618,20,3500000,7190000,user_27,108,119,
46,22,6300000,7840,user_34,100,119,
2408,13,6299999,0,builder_18,110,110,46
164,23,6300001,0,user_14,101,119,46
1147,25,6300000,0,user_31,106,119,
1640,27,6300000,0,user_44,108,119,
187,28,6300000,0,user_33,101,119,
152,30,6299999,0,user_6,101,119,46
165,31,6299999,0,user_14,101,119,46
166,29,6299999,0,user_16,101,119,46
1158,32,6100000,0,user_47,106,119,
1626,35,6100000,0,user_29,108,119,
43,34,6100000,0,user_33,100,119,
51,33,6100000,0,user_40,100,119,
177,36,5000000,381000,user_27,101,119,
2409,26,4999999,0,builder_18,110,110,177
908,41,5200000,0,user_27,105,119,
1384,45,5000000,13900,user_45,107,119,
2410,29,4999999,0,builder_18,110,110,1384
1380,47,5000000,6390,user_41,107,119,
2411,31,4999999,0,builder_18,110,110,1380
1124,48,5000001,0,user_10,106,119,177
1617,61,5000001,0,user_26,108,119,177
1905,49,5000001,0,user_13,109,119,177
1911,62,5000001,0,user_20,109,119,177
547,50,5000001,0,user_26,103,119,177
538,51,5000001,0,user_17,103,119,177
719,58,5000001,0,user_19,104,119,177
714,59,5000001,0,user_15,104,119,177
345,52,5000001,0,user_12,102,119,177
353,53,5000001,0,user_24,102,119,177
349,65,5000001,0,user_19,102,119,177
883,60,5000001,0,user_0,105,119,177
1910,63,5000001,0,user_18,109,119,177
1917,64,5000001,0,user_24,109,119,177
2184,54,5000001,0,user_11,110,119,177
2168,55,5000001,0,user_0,110,119,177
2181,56,5000001,0,user_9,110,119,177
2183,57,5000001,0,user_9,110,119,177
1377,69,5000000,0,user_37,107,119,
749,72,5000000,0,user_47,104,119,
731,70,5000000,0,user_30,104,119,
191,71,5000000,0,user_38,101,119,
1929,73,5000000,0,user_39,109,119,
1593,75,4999999,0,user_7,108,119,177
1894,86,4999999,0,user_4,109,119,177
1898,89,4999999,0,user_5,109,119,177
1901,87,4999999,0,user_10,109,119,177
545,76,4999999,0,user_21,103,119,177
528,77,4999999,0,user_8,103,119,177
529,78,4999999,0,user_8,103,119,177
724,85,4999999,0,user_25,104,119,177
348,79,4999999,0,user_16,102,119,177
354,80,4999999,0,user_24,102,119,177
1913,92,4999999,0,user_22,109,119,177
1909,88,4999999,0,user_18,109,119,177
1914,90,4999999,0,user_23,109,119,177
1916,91,4999999,0,user_24,109,119,177
2179,82,4999999,0,user_9,110,119,177
2180,83,4999999,0,user_9,110,119,177
2182,84,4999999,0,user_9,110,119,177
2178,81,4999999,0,user_8,110,119,177
2412,73,4500001,0,builder_18,110,110,732
732,94,4500000,16400,user_31,104,119,
55,99,4200000,33100,user_43,100,119,
2413,76,4199999,0,builder_18,110,110,55
162,99,4200001,0,user_13,101,117,55
163,94,4200001,0,user_13,101,116,55
156,95,4200001,0,user_9,101,116,55
169,96,4200001,0,user_17,101,116,55
343,98,4200001,0,user_10,102,117,55
341,97,4200001,0,user_8,102,117,55
1622,99,4200000,0,user_28,108,116,
1634,98,4200000,0,user_39,108,115,
552,97,4200000,0,user_34,103,116,
362,97,4200000,0,user_32,102,115,
1151,98,4200000,0,user_34,106,116,
159,99,4199999,0,user_13,101,113,55
171,98,4199999,0,user_20,101,113,55
176,99,4199999,0,user_26,101,112,55
344,99,4199999,0,user_11,102,115,55
340,99,4199999,0,user_8,102,114,55
1371,97,3500000,283000,user_31,107,111,
2414,94,3499999,0,builder_18,110,110,1371
1144,98,3500000,5640,user_30,106,111,
2415,96,3499999,0,builder_18,110,110,1144
1895,97,3500001,0,user_4,109,110,1618
1896,98,3500001,0,user_4,109,110,1618
1892,99,3500001,0,user_1,109,110,1618
1627,3,43000000,0,user_29,108,119,
11,2,43000000,0,user_9,100,119,
1931,8,30000000,0,user_41,109,119,
735,7,30000000,0,user_35,104,119,
1370,5,30000000,0,user_29,107,119,
2214,6,30000000,0,user_38,110,119,
1926,10,27000000,0,user_34,109,119,
358,9,27000000,0,user_28,102,119,
2217,12,19000000,0,user_40,110,119,
2449,13,19000000,0,user_32,111,119,
727,18,170000,17700000,user_27,104,119,
2640,11,169999,0,builder_18,111,111,727
2641,12,3500001,0,builder_18,111,111,1618
1618,20,3500000,7190000,user_27,108,119,
46,22,6300000,7840,user_34,100,119,
2642,15,6299999,0,builder_18,111,111,46
164,23,6300001,0,user_14,101,119,46
1640,27,6300000,0,user_44,108,119,
187,28,6300000,0,user_33,101,119,
1147,25,6300000,0,user_31,106,119,
165,31,6299999,0,user_14,101,119,46
166,29,6299999,0,user_16,101,119,46
152,30,6299999,0,user_6,101,119,46
1626,35,6100000,0,user_29,108,119,
51,33,6100000,0,user_40,100,119,
43,34,6100000,0,user_33,100,119,
1158,32,6100000,0,user_47,106,119,
2643,27,5000001,0,builder_18,111,111,177
177,36,5000000,381000,user_27,101,119,
908,41,5200000,0,user_27,105,119,
2226,40,5200000,0,user_49,110,119,
1384,45,5000000,13900,user_45,107,119,
2644,32,4999999,0,builder_18,111,111,1384
1380,47,5000000,6390,user_41,107,119,
2645,34,4999999,0,builder_18,111,111,1380
1617,61,5000001,0,user_26,108,119,177
1905,49,5000001,0,user_13,109,119,177
1911,62,5000001,0,user_20,109,119,177
1910,63,5000001,0,user_18,109,119,177
1917,64,5000001,0,user_24,109,119,177
2184,54,5000001,0,user_11,110,119,177
2168,55,5000001,0,user_0,110,119,177
883,60,5000001,0,user_0,105,119,177
1124,48,5000001,0,user_10,106,119,177
538,51,5000001,0,user_17,103,119,177
547,50,5000001,0,user_26,103,119,177
719,58,5000001,0,user_19,104,119,177
714,59,5000001,0,user_15,104,119,177
345,52,5000001,0,user_12,102,119,177
349,65,5000001,0,user_19,102,119,177
353,53,5000001,0,user_24,102,119,177
2181,56,5000001,0,user_9,110,119,177
2183,57,5000001,0,user_9,110,119,177
1929,73,5000000,0,user_39,109,119,
1377,69,5000000,0,user_37,107,119,
749,72,5000000,0,user_47,104,119,
731,70,5000000,0,user_30,104,119,
191,71,5000000,0,user_38,101,119,
1593,75,4999999,0,user_7,108,119,177
1894,86,4999999,0,user_4,109,119,177
1898,89,4999999,0,user_5,109,119,177
1913,92,4999999,0,user_22,109,119,177
1901,87,4999999,0,user_10,109,119,177
1909,88,4999999,0,user_18,109,119,177
1914,90,4999999,0,user_23,109,119,177
1916,91,4999999,0,user_24,109,119,177
545,76,4999999,0,user_21,103,119,177
528,77,4999999,0,user_8,103,119,177
529,78,4999999,0,user_8,103,119,177
724,85,4999999,0,user_25,104,119,177
348,79,4999999,0,user_16,102,119,177
354,80,4999999,0,user_24,102,119,177
2178,81,4999999,0,user_8,110,119,177
2179,82,4999999,0,user_9,110,119,177
2180,83,4999999,0,user_9,110,119,177
2182,84,4999999,0,user_9,110,119,177
732,94,4500000,16400,user_31,104,119,
2646,77,4499999,0,builder_18,111,111,732
2647,78,4200001,0,builder_18,111,111,55
55,99,4200000,33100,user_43,100,119,
162,99,4200001,0,user_13,101,117,55
163,94,4200001,0,user_13,101,116,55
169,96,4200001,0,user_17,101,116,55
156,95,4200001,0,user_9,101,116,55
343,98,4200001,0,user_10,102,117,55
341,97,4200001,0,user_8,102,117,55
1622,99,4200000,0,user_28,108,116,
1634,98,4200000,0,user_39,108,115,
362,97,4200000,0,user_32,102,115,
552,97,4200000,0,user_34,103,116,
1151,98,4200000,0,user_34,106,116,
159,99,4199999,0,user_13,101,113,55
171,98,4199999,0,user_20,101,113,55
176,99,4199999,0,user_26,101,112,55
344,99,4199999,0,user_11,102,115,55
340,99,4199999,0,user_8,102,114,55
2648,96,3500001,0,builder_18,111,111,1371
1371,97,3500000,283000,user_31,107,111,
1144,98,3500000,5640,user_30,106,111,
2649,99,3499999,0,builder_18,111,111,1144
2678,4,43000000,0,user_34,112,119,
1627,3,43000000,0,user_29,108,119,
11,2,43000000,0,user_9,100,119,
2214,6,30000000,0,user_38,110,119,
1931,8,30000000,0,user_41,109,119,
1370,5,30000000,0,user_29,107,119,
735,7,30000000,0,user_35,104,119,
1926,10,27000000,0,user_34,109,119,
2677,11,27000000,0,user_32,112,119,
358,9,27000000,0,user_28,102,119,
2449,13,19000000,0,user_32,111,119,
2217,12,19000000,0,user_40,110,119,
727,18,170000,17700000,user_27,104,119,
2857,13,169999,0,builder_17,112,112,727
2858,14,3500001,0,builder_17,112,112,1618
1618,20,3500000,7190000,user_27,108,119,
46,22,6300000,7840,user_34,100,119,
2859,17,6299999,0,builder_17,112,112,46
164,23,6300001,0,user_14,101,119,46
1640,27,6300000,0,user_44,108,119,
1147,25,6300000,0,user_31,106,119,
187,28,6300000,0,user_33,101,119,
166,29,6299999,0,user_16,101,119,46
152,30,6299999,0,user_6,101,119,46
165,31,6299999,0,user_14,101,119,46
1626,35,6100000,0,user_29,108,119,
51,33,6100000,0,user_40,100,119,
1158,32,6100000,0,user_47,106,119,
43,34,6100000,0,user_33,100,119,
177,36,5000000,381000,user_27,101,119,
2860,30,4999999,0,builder_17,112,112,177
2226,40,5200000,0,user_49,110,119,
908,41,5200000,0,user_27,105,119,
2861,33,5000001,0,builder_17,112,112,1384
1384,45,5000000,13900,user_45,107,119,
2862,35,5000001,0,builder_17,112,112,1380
1380,47,5000000,6390,user_41,107,119,
2181,56,5000001,0,user_9,110,119,177
2183,57,5000001,0,user_9,110,119,177
2168,55,5000001,0,user_0,110,119,177
1910,63,5000001,0,user_18,109,119,177
1911,62,5000001,0,user_20,109,119,177
2184,54,5000001,0,user_11,110,119,177
1617,61,5000001,0,user_26,108,119,177
1905,49,5000001,0,user_13,109,119,177
1917,64,5000001,0,user_24,109,119,177
1124,48,5000001,0,user_10,106,119,177
538,51,5000001,0,user_17,103,119,177
547,50,5000001,0,user_26,103,119,177
345,52,5000001,0,user_12,102,119,177
353,53,5000001,0,user_24,102,119,177
719,58,5000001,0,user_19,104,119,177
714,59,5000001,0,user_15,104,119,177
883,60,5000001,0,user_0,105,119,177
349,65,5000001,0,user_19,102,119,177
1929,73,5000000,0,user_39,109,119,
731,70,5000000,0,user_30,104,119,
1377,69,5000000,0,user_37,107,119,
749,72,5000000,0,user_47,104,119,
191,71,5000000,0,user_38,101,119,
2179,82,4999999,0,user_9,110,119,177
2180,83,4999999,0,user_9,110,119,177
2182,84,4999999,0,user_9,110,119,177
2178,81,4999999,0,user_8,110,119,177
1909,88,4999999,0,user_18,109,119,177
1894,86,4999999,0,user_4,109,119,177
1898,89,4999999,0,user_5,109,119,177
1913,92,4999999,0,user_22,109,119,177
1901,87,4999999,0,user_10,109,119,177
1914,90,4999999,0,user_23,109,119,177
1916,91,4999999,0,user_24,109,119,177
545,76,4999999,0,user_21,103,119,177
528,77,4999999,0,user_8,103,119,177
529,78,4999999,0,user_8,103,119,177
348,79,4999999,0,user_16,102,119,177
354,80,4999999,0,user_24,102,119,177
1593,75,4999999,0,user_7,108,119,177
724,85,4999999,0,user_25,104,119,177
2863,78,4500001,0,builder_17,112,112,732
732,94,4500000,16400,user_31,104,119,
2864,80,4200001,0,builder_17,112,112,2681
2681,97,4200000,231000,user_36,112,119,
55,99,4200000,33100,user_43,100,119,
2865,83,4199999,0,builder_17,112,112,55
343,98,4200001,0,user_10,102,117,55
341,97,4200001,0,user_8,102,117,55
162,99,4200001,0,user_13,101,117,55
163,94,4200001,0,user_13,101,116,55
156,95,4200001,0,user_9,101,116,55
169,96,4200001,0,user_17,101,116,55
1634,98,4200000,0,user_39,108,115,
1622,99,4200000,0,user_28,108,116,
552,97,4200000,0,user_34,103,116,
1151,98,4200000,0,user_34,106,116,
362,97,4200000,0,user_32,102,115,
344,99,4199999,0,user_11,102,115,55
340,99,4199999,0,user_8,102,114,55
159,99,4199999,0,user_13,101,113,55
171,98,4199999,0,user_20,101,113,55
176,99,4199999,0,user_26,101,112,55
3089,0,43000001,0,builder_18,113,113,2919
2919,1,43000000,56200,user_39,113,119,
11,2,43000000,0,user_9,100,119,
1627,3,43000000,0,user_29,108,119,
2678,4,43000000,0,user_34,112,119,
2214,6,30000000,0,user_38,110,119,
1370,5,30000000,0,user_29,107,119,
735,7,30000000,0,user_35,104,119,
1931,8,30000000,0,user_41,109,119,
358,9,27000000,0,user_28,102,119,
1926,10,27000000,0,user_34,109,119,
2677,11,27000000,0,user_32,112,119,
2449,13,19000000,0,user_32,111,119,
2217,12,19000000,0,user_40,110,119,
727,18,170000,17700000,user_27,104,119,
3090,15,169999,0,builder_18,113,113,727
1618,20,3500000,7190000,user_27,108,119,
3091,17,3499999,0,builder_18,113,113,1618
3092,18,6300001,0,builder_18,113,113,46
46,22,6300000,7840,user_34,100,119,
164,23,6300001,0,user_14,101,119,46
1147,25,6300000,0,user_31,106,119,
1640,27,6300000,0,user_44,108,119,
187,28,6300000,0,user_33,101,119,
165,31,6299999,0,user_14,101,119,46
166,29,6299999,0,user_16,101,119,46
152,30,6299999,0,user_6,101,119,46
1158,32,6100000,0,user_47,106,119,
51,33,6100000,0,user_40,100,119,
43,34,6100000,0,user_33,100,119,
1626,35,6100000,0,user_29,108,119,
3093,31,5000001,0,builder_18,113,113,177
177,36,5000000,381000,user_27,101,119,
2226,40,5200000,0,user_49,110,119,
908,41,5200000,0,user_27,105,119,
1384,45,5000000,13900,user_45,107,119,
3094,36,4999999,0,builder_18,113,113,1384
1380,47,5000000,6390,user_41,107,119,
3095,38,4999999,0,builder_18,113,113,1380
2184,54,5000001,0,user_11,110,119,177
1905,49,5000001,0,user_13,109,119,177
2168,55,5000001,0,user_0,110,119,177
2181,56,5000001,0,user_9,110,119,177
2183,57,5000001,0,user_9,110,119,177
1124,48,5000001,0,user_10,106,119,177
538,51,5000001,0,user_17,103,119,177
547,50,5000001,0,user_26,103,119,177
719,58,5000001,0,user_19,104,119,177
345,52,5000001,0,user_12,102,119,177
353,53,5000001,0,user_24,102,119,177
349,65,5000001,0,user_19,102,119,177
714,59,5000001,0,user_15,104,119,177
883,60,5000001,0,user_0,105,119,177
1617,61,5000001,0,user_26,108,119,177
1911,62,5000001,0,user_20,109,119,177
1910,63,5000001,0,user_18,109,119,177
1917,64,5000001,0,user_24,109,119,177
1377,69,5000000,0,user_37,107,119,
191,71,5000000,0,user_38,101,119,
749,72,5000000,0,user_47,104,119,
731,70,5000000,0,user_30,104,119,
1929,73,5000000,0,user_39,109,119,
2913,74,5000000,0,user_34,113,119,
2179,82,4999999,0,user_9,110,119,177
2180,83,4999999,0,user_9,110,119,177
2182,84,4999999,0,user_9,110,119,177
2178,81,4999999,0,user_8,110,119,177
528,77,4999999,0,user_8,103,119,177
529,78,4999999,0,user_8,103,119,177
545,76,4999999,0,user_21,103,119,177
348,79,4999999,0,user_16,102,119,177
354,80,4999999,0,user_24,102,119,177
724,85,4999999,0,user_25,104,119,177
1593,75,4999999,0,user_7,108,119,177
1894,86,4999999,0,user_4,109,119,177
1901,87,4999999,0,user_10,109,119,177
1909,88,4999999,0,user_18,109,119,177
1898,89,4999999,0,user_5,109,119,177
1914,90,4999999,0,user_23,109,119,177
1916,91,4999999,0,user_24,109,119,177
1913,92,4999999,0,user_22,109,119,177
3096,81,4500001,0,builder_18,113,113,732
732,94,4500000,16400,user_31,104,119,
2681,97,4200000,231000,user_36,112,119,
3097,84,4199999,0,builder_18,113,113,2681
55,99,4200000,33100,user_43,100,119,
3098,86,4199999,0,builder_18,113,113,55
343,98,4200001,0,user_10,102,117,55
156,95,4200001,0,user_9,101,116,55
162,99,4200001,0,user_13,101,117,55
163,94,4200001,0,user_13,101,116,55
169,96,4200001,0,user_17,101,116,55
341,97,4200001,0,user_8,102,117,55
1151,98,4200000,0,user_34,106,116,
1622,99,4200000,0,user_28,108,116,
552,97,4200000,0,user_34,103,116,
362,97,4200000,0,user_32,102,115,
1634,98,4200000,0,user_39,108,115,
171,98,4199999,0,user_20,101,113,55
159,99,4199999,0,user_13,101,113,55
3311,0,43000001,0,builder_17,114,114,2919
2919,1,43000000,56200,user_39,113,119,
2678,4,43000000,0,user_34,112,119,
11,2,43000000,0,user_9,100,119,
1627,3,43000000,0,user_29,108,119,
2214,6,30000000,0,user_38,110,119,
1370,5,30000000,0,user_29,107,119,
735,7,30000000,0,user_35,104,119,
1931,8,30000000,0,user_41,109,119,
2677,11,27000000,0,user_32,112,119,
358,9,27000000,0,user_28,102,119,
1926,10,27000000,0,user_34,109,119,
2449,13,19000000,0,user_32,111,119,
2217,12,19000000,0,user_40,110,119,
3312,14,170001,0,builder_17,114,114,727
727,18,170000,17700000,user_27,104,119,
3313,16,3500001,0,builder_17,114,114,1618
1618,20,3500000,7190000,user_27,108,119,
3314,18,6300001,0,builder_17,114,114,46
46,22,6300000,7840,user_34,100,119,
164,23,6300001,0,user_14,101,119,46
1147,25,6300000,0,user_31,106,119,
187,28,6300000,0,user_33,101,119,
1640,27,6300000,0,user_44,108,119,
166,29,6299999,0,user_16,101,119,46
152,30,6299999,0,user_6,101,119,46
165,31,6299999,0,user_14,101,119,46
1158,32,6100000,0,user_47,106,119,
51,33,6100000,0,user_40,100,119,
43,34,6100000,0,user_33,100,119,
1626,35,6100000,0,user_29,108,119,
177,36,5000000,381000,user_27,101,119,
3315,32,4999999,0,builder_17,114,114,177
2226,40,5200000,0,user_49,110,119,
908,41,5200000,0,user_27,105,119,
3316,35,5000001,0,builder_17,114,114,1384
1384,45,5000000,13900,user_45,107,119,
3317,37,5000001,0,builder_17,114,114,1380
1380,47,5000000,6390,user_41,107,119,
2168,55,5000001,0,user_0,110,119,177
2181,56,5000001,0,user_9,110,119,177
2183,57,5000001,0,user_9,110,119,177
1124,48,5000001,0,user_10,106,119,177
538,51,5000001,0,user_17,103,119,177
547,50,5000001,0,user_26,103,119,177
345,52,5000001,0,user_12,102,119,177
353,53,5000001,0,user_24,102,119,177
1905,49,5000001,0,user_13,109,119,177
2184,54,5000001,0,user_11,110,119,177
714,59,5000001,0,user_15,104,119,177
883,60,5000001,0,user_0,105,119,177
719,58,5000001,0,user_19,104,119,177
1617,61,5000001,0,user_26,108,119,177
1910,63,5000001,0,user_18,109,119,177
1917,64,5000001,0,user_24,109,119,177
1911,62,5000001,0,user_20,109,119,177
349,65,5000001,0,user_19,102,119,177
2913,74,5000000,0,user_34,113,119,
1377,69,5000000,0,user_37,107,119,
731,70,5000000,0,user_30,104,119,
749,72,5000000,0,user_47,104,119,
191,71,5000000,0,user_38,101,119,
1929,73,5000000,0,user_39,109,119,
1914,90,4999999,0,user_23,109,119,177
2179,82,4999999,0,user_9,110,119,177
2180,83,4999999,0,user_9,110,119,177
2182,84,4999999,0,user_9,110,119,177
528,77,4999999,0,user_8,103,119,177
529,78,4999999,0,user_8,103,119,177
545,76,4999999,0,user_21,103,119,177
348,79,4999999,0,user_16,102,119,177
354,80,4999999,0,user_24,102,119,177
1593,75,4999999,0,user_7,108,119,177
2178,81,4999999,0,user_8,110,119,177
724,85,4999999,0,user_25,104,119,177
1894,86,4999999,0,user_4,109,119,177
1898,89,4999999,0,user_5,109,119,177
1913,92,4999999,0,user_22,109,119,177
1901,87,4999999,0,user_10,109,119,177
1909,88,4999999,0,user_18,109,119,177
1916,91,4999999,0,user_24,109,119,177
3318,81,4500001,0,builder_17,114,114,732
732,94,4500000,16400,user_31,104,119,
2681,97,4200000,231000,user_36,112,119,
3319,84,4199999,0,builder_17,114,114,2681
55,99,4200000,33100,user_43,100,119,
3320,86,4199999,0,builder_17,114,114,55
343,98,4200001,0,user_10,102,117,55
341,97,4200001,0,user_8,102,117,55
169,96,4200001,0,user_17,101,116,55
156,95,4200001,0,user_9,101,116,55
162,99,4200001,0,user_13,101,117,55
163,94,4200001,0,user_13,101,116,55
1151,98,4200000,0,user_34,106,116,
552,97,4200000,0,user_34,103,116,
362,97,4200000,0,user_32,102,115,
1634,98,4200000,0,user_39,108,115,
1622,99,4200000,0,user_28,108,116,
344,99,4199999,0,user_11,102,115,55
340,99,4199999,0,user_8,102,114,55
2919,1,43000000,56200,user_39,113,119,
3552,1,42999999,0,builder_17,115,115,2919
2678,4,43000000,0,user_34,112,119,
11,2,43000000,0,user_9,100,119,
1627,3,43000000,0,user_29,108,119,
1370,5,30000000,0,user_29,107,119,
735,7,30000000,0,user_35,104,119,
1931,8,30000000,0,user_41,109,119,
2214,6,30000000,0,user_38,110,119,
358,9,27000000,0,user_28,102,119,
1926,10,27000000,0,user_34,109,119,
2677,11,27000000,0,user_32,112,119,
2217,12,19000000,0,user_40,110,119,
2449,13,19000000,0,user_32,111,119,
727,18,170000,17700000,user_27,104,119,
3553,15,169999,0,builder_17,115,115,727
3554,16,3500001,0,builder_17,115,115,1618
1618,20,3500000,7190000,user_27,108,119,
46,22,6300000,7840,user_34,100,119,
3555,19,6299999,0,builder_17,115,115,46
164,23,6300001,0,user_14,101,119,46
1147,25,6300000,0,user_31,106,119,
1640,27,6300000,0,user_44,108,119,
187,28,6300000,0,user_33,101,119,
166,29,6299999,0,user_16,101,119,46
152,30,6299999,0,user_6,101,119,46
165,31,6299999,0,user_14,101,119,46
1158,32,6100000,0,user_47,106,119,
51,33,6100000,0,user_40,100,119,
43,34,6100000,0,user_33,100,119,
1626,35,6100000,0,user_29,108,119,
3556,31,5000001,0,builder_17,115,115,177
177,36,5000000,381000,user_27,101,119,
908,41,5200000,0,user_27,105,119,
2226,40,5200000,0,user_49,110,119,
3557,35,5000001,0,builder_17,115,115,1384
1384,45,5000000,13900,user_45,107,119,
3558,37,5000001,0,builder_17,115,115,1380
1380,47,5000000,6390,user_41,107,119,
1124,48,5000001,0,user_10,106,119,177
1905,49,5000001,0,user_13,109,119,177
547,50,5000001,0,user_26,103,119,177
538,51,5000001,0,user_17,103,119,177
345,52,5000001,0,user_12,102,119,177
353,53,5000001,0,user_24,102,119,177
2184,54,5000001,0,user_11,110,119,177
719,58,5000001,0,user_19,104,119,177
714,59,5000001,0,user_15,104,119,177
883,60,5000001,0,user_0,105,119,177
1617,61,5000001,0,user_26,108,119,177
1911,62,5000001,0,user_20,109,119,177
1910,63,5000001,0,user_18,109,119,177
2168,55,5000001,0,user_0,110,119,177
2181,56,5000001,0,user_9,110,119,177
2183,57,5000001,0,user_9,110,119,177
1917,64,5000001,0,user_24,109,119,177
349,65,5000001,0,user_19,102,119,177
2913,74,5000000,0,user_34,113,119,
1377,69,5000000,0,user_37,107,119,
731,70,5000000,0,user_30,104,119,
191,71,5000000,0,user_38,101,119,
749,72,5000000,0,user_47,104,119,
1929,73,5000000,0,user_39,109,119,
1593,75,4999999,0,user_7,108,119,177
545,76,4999999,0,user_21,103,119,177
528,77,4999999,0,user_8,103,119,177
529,78,4999999,0,user_8,103,119,177
348,79,4999999,0,user_16,102,119,177
354,80,4999999,0,user_24,102,119,177
2178,81,4999999,0,user_8,110,119,177
724,85,4999999,0,user_25,104,119,177
1894,86,4999999,0,user_4,109,119,177
1901,87,4999999,0,user_10,109,119,177
1909,88,4999999,0,user_18,109,119,177
1898,89,4999999,0,user_5,109,119,177
1914,90,4999999,0,user_23,109,119,177
2179,82,4999999,0,user_9,110,119,177
2180,83,4999999,0,user_9,110,119,177
2182,84,4999999,0,user_9,110,119,177
1916,91,4999999,0,user_24,109,119,177
1913,92,4999999,0,user_22,109,119,177
732,94,4500000,16400,user_31,104,119,
3559,82,4499999,0,builder_17,115,115,732
3378,95,4500000,0,user_42,115,119,
2681,97,4200000,231000,user_36,112,119,
3560,85,4199999,0,builder_17,115,115,2681
3561,86,4200001,0,builder_17,115,115,55
55,99,4200000,33100,user_43,100,119,
343,98,4200001,0,user_10,102,117,55
341,97,4200001,0,user_8,102,117,55
156,95,4200001,0,user_9,101,116,55
162,99,4200001,0,user_13,101,117,55
163,94,4200001,0,user_13,101,116,55
169,96,4200001,0,user_17,101,116,55
552,97,4200000,0,user_34,103,116,
1151,98,4200000,0,user_34,106,116,
1622,99,4200000,0,user_28,108,116,
362,97,4200000,0,user_32,102,115,
1634,98,4200000,0,user_39,108,115,
344,99,4199999,0,user_11,102,115,55
3811,0,43000001,0,builder_17,116,116,2919
2919,1,43000000,56200,user_39,113,119,
2678,4,43000000,0,user_34,112,119,
1627,3,43000000,0,user_29,108,119,
11,2,43000000,0,user_9,100,119,
1370,5,30000000,0,user_29,107,119,
735,7,30000000,0,user_35,104,119,
1931,8,30000000,0,user_41,109,119,
2214,6,30000000,0,user_38,110,119,
2677,11,27000000,0,user_32,112,119,
358,9,27000000,0,user_28,102,119,
1926,10,27000000,0,user_34,109,119,
2217,12,19000000,0,user_40,110,119,
2449,13,19000000,0,user_32,111,119,
3812,14,170001,0,builder_17,116,116,727
727,18,170000,17700000,user_27,104,119,
3813,16,3500001,0,builder_17,116,116,1618
1618,20,3500000,7190000,user_27,108,119,
3814,18,6300001,0,builder_17,116,116,46
46,22,6300000,7840,user_34,100,119,
164,23,6300001,0,user_14,101,119,46
1147,25,6300000,0,user_31,106,119,
1640,27,6300000,0,user_44,108,119,
187,28,6300000,0,user_33,101,119,
166,29,6299999,0,user_16,101,119,46
152,30,6299999,0,user_6,101,119,46
165,31,6299999,0,user_14,101,119,46
51,33,6100000,0,user_40,100,119,
1158,32,6100000,0,user_47,106,119,
1626,35,6100000,0,user_29,108,119,
43,34,6100000,0,user_33,100,119,
3815,31,5000001,0,builder_17,116,116,177
177,36,5000000,381000,user_27,101,119,
3380,38,5000000,215000,user_43,115,119,
3816,34,4999999,0,builder_17,116,116,3380
908,41,5200000,0,user_27,105,119,
2226,40,5200000,0,user_49,110,119,
1384,45,5000000,13900,user_45,107,119,
3817,38,4999999,0,builder_17,116,116,1384
1380,47,5000000,6390,user_41,107,119,
3818,40,4999999,0,builder_17,116,116,1380
1905,49,5000001,0,user_13,109,119,177
2184,54,5000001,0,user_11,110,119,177
1124,48,5000001,0,user_10,106,119,177
538,51,5000001,0,user_17,103,119,177
547,50,5000001,0,user_26,103,119,177
345,52,5000001,0,user_12,102,119,177
353,53,5000001,0,user_24,102,119,177
1617,61,5000001,0,user_26,108,119,177
1911,62,5000001,0,user_20,109,119,177
719,58,5000001,0,user_19,104,119,177
714,59,5000001,0,user_15,104,119,177
883,60,5000001,0,user_0,105,119,177
1910,63,5000001,0,user_18,109,119,177
1917,64,5000001,0,user_24,109,119,177
2168,55,5000001,0,user_0,110,119,177
2181,56,5000001,0,user_9,110,119,177
2183,57,5000001,0,user_9,110,119,177
349,65,5000001,0,user_19,102,119,177
2913,74,5000000,0,user_34,113,119,
1377,69,5000000,0,user_37,107,119,
731,70,5000000,0,user_30,104,119,
749,72,5000000,0,user_47,104,119,
191,71,5000000,0,user_38,101,119,
1929,73,5000000,0,user_39,109,119,
3625,68,5000000,0,user_42,116,119,
1593,75,4999999,0,user_7,108,119,177
545,76,4999999,0,user_21,103,119,177
528,77,4999999,0,user_8,103,119,177
529,78,4999999,0,user_8,103,119,177
348,79,4999999,0,user_16,102,119,177
354,80,4999999,0,user_24,102,119,177
2178,81,4999999,0,user_8,110,119,177
1894,86,4999999,0,user_4,109,119,177
1898,89,4999999,0,user_5,109,119,177
1901,87,4999999,0,user_10,109,119,177
724,85,4999999,0,user_25,104,119,177
1913,92,4999999,0,user_22,109,119,177
1909,88,4999999,0,user_18,109,119,177
1914,90,4999999,0,user_23,109,119,177
1916,91,4999999,0,user_24,109,119,177
2179,82,4999999,0,user_9,110,119,177
2180,83,4999999,0,user_9,110,119,177
2182,84,4999999,0,user_9,110,119,177
732,94,4500000,16400,user_31,104,119,
3819,85,4499999,0,builder_17,116,116,732
3378,95,4500000,0,user_42,115,119,
2681,97,4200000,231000,user_36,112,119,
3820,88,4199999,0,builder_17,116,116,2681
3821,89,4200001,0,builder_17,116,116,55
55,99,4200000,33100,user_43,100,119,
343,98,4200001,0,user_10,102,117,55
341,97,4200001,0,user_8,102,117,55
162,99,4200001,0,user_13,101,117,55
163,94,4200001,0,user_13,101,116,55
156,95,4200001,0,user_9,101,116,55
169,96,4200001,0,user_17,101,116,55
552,97,4200000,0,user_34,103,116,
1151,98,4200000,0,user_34,106,116,
1622,99,4200000,0,user_28,108,116,
4091,0,43000001,0,builder_17,117,117,2919
2919,1,43000000,56200,user_39,113,119,
1627,3,43000000,0,user_29,108,119,
11,2,43000000,0,user_9,100,119,
2678,4,43000000,0,user_34,112,119,
1370,5,30000000,0,user_29,107,119,
1931,8,30000000,0,user_41,109,119,
735,7,30000000,0,user_35,104,119,
2214,6,30000000,0,user_38,110,119,
1926,10,27000000,0,user_34,109,119,
358,9,27000000,0,user_28,102,119,
2677,11,27000000,0,user_32,112,119,
2217,12,19000000,0,user_40,110,119,
2449,13,19000000,0,user_32,111,119,
4092,14,660001,0,builder_17,117,117,3875
3875,15,660000,17700000,user_31,117,119,
727,18,170000,17700000,user_27,104,119,
4093,17,169999,0,builder_17,117,117,727
4094,18,3500001,0,builder_17,117,117,1618
1618,20,3500000,7190000,user_27,108,119,
4095,20,6300001,0,builder_17,117,117,46
46,22,6300000,7840,user_34,100,119,
164,23,6300001,0,user_14,101,119,46
1147,25,6300000,0,user_31,106,119,
1640,27,6300000,0,user_44,108,119,
187,28,6300000,0,user_33,101,119,
3876,24,6300000,0,user_31,117,119,
166,29,6299999,0,user_16,101,119,46
152,30,6299999,0,user_6,101,119,46
165,31,6299999,0,user_14,101,119,46
1158,32,6100000,0,user_47,106,119,
51,33,6100000,0,user_40,100,119,
1626,35,6100000,0,user_29,108,119,
43,34,6100000,0,user_33,100,119,
4096,34,5000001,0,builder_17,117,117,177
177,36,5000000,381000,user_27,101,119,
4097,36,5000001,0,builder_17,117,117,3380
3380,38,5000000,215000,user_43,115,119,
908,41,5200000,0,user_27,105,119,
2226,40,5200000,0,user_49,110,119,
4098,40,5000001,0,builder_17,117,117,3874
3874,43,5000000,14200,user_30,117,119,
4099,42,5000001,0,builder_17,117,117,1384
1384,45,5000000,13900,user_45,107,119,
1380,47,5000000,6390,user_41,107,119,
4100,45,4999999,0,builder_17,117,117,1380
2184,54,5000001,0,user_11,110,119,177
1905,49,5000001,0,user_13,109,119,177
1124,48,5000001,0,user_10,106,119,177
345,52,5000001,0,user_12,102,119,177
353,53,5000001,0,user_24,102,119,177
547,50,5000001,0,user_26,103,119,177
538,51,5000001,0,user_17,103,119,177
1617,61,5000001,0,user_26,108,119,177
1911,62,5000001,0,user_20,109,119,177
1910,63,5000001,0,user_18,109,119,177
1917,64,5000001,0,user_24,109,119,177
2168,55,5000001,0,user_0,110,119,177
883,60,5000001,0,user_0,105,119,177
719,58,5000001,0,user_19,104,119,177
714,59,5000001,0,user_15,104,119,177
2181,56,5000001,0,user_9,110,119,177
2183,57,5000001,0,user_9,110,119,177
349,65,5000001,0,user_19,102,119,177
3625,68,5000000,0,user_42,116,119,
1377,69,5000000,0,user_37,107,119,
731,70,5000000,0,user_30,104,119,
1929,73,5000000,0,user_39,109,119,
749,72,5000000,0,user_47,104,119,
191,71,5000000,0,user_38,101,119,
2913,74,5000000,0,user_34,113,119,
3882,66,5000000,0,user_35,117,119,
2178,81,4999999,0,user_8,110,119,177
348,79,4999999,0,user_16,102,119,177
354,80,4999999,0,user_24,102,119,177
528,77,4999999,0,user_8,103,119,177
529,78,4999999,0,user_8,103,119,177
545,76,4999999,0,user_21,103,119,177
1593,75,4999999,0,user_7,108,119,177
1894,86,4999999,0,user_4,109,119,177
1898,89,4999999,0,user_5,109,119,177
1913,92,4999999,0,user_22,109,119,177
1901,87,4999999,0,user_10,109,119,177
1909,88,4999999,0,user_18,109,119,177
1914,90,4999999,0,user_23,109,119,177
1916,91,4999999,0,user_24,109,119,177
724,85,4999999,0,user_25,104,119,177
2179,82,4999999,0,user_9,110,119,177
2180,83,4999999,0,user_9,110,119,177
2182,84,4999999,0,user_9,110,119,177
732,94,4500000,16400,user_31,104,119,
4101,91,4499999,0,builder_17,117,117,732
3378,95,4500000,0,user_42,115,119,
4102,93,4200001,0,builder_17,117,117,2681
2681,97,4200000,231000,user_36,112,119,
4103,95,4200001,0,builder_17,117,117,55
55,99,4200000,33100,user_43,100,119,
341,97,4200001,0,user_8,102,117,55
343,98,4200001,0,user_10,102,117,55
162,99,4200001,0,user_13,101,117,55
4386,0,43000001,0,builder_17,118,118,2919
2919,1,43000000,56200,user_39,113,119,
11,2,43000000,0,user_9,100,119,
1627,3,43000000,0,user_29,108,119,
2678,4,43000000,0,user_34,112,119,
1370,5,30000000,0,user_29,107,119,
2214,6,30000000,0,user_38,110,119,
1931,8,30000000,0,user_41,109,119,
735,7,30000000,0,user_35,104,119,
1926,10,27000000,0,user_34,109,119,
358,9,27000000,0,user_28,102,119,
2677,11,27000000,0,user_32,112,119,
2217,12,19000000,0,user_40,110,119,
2449,13,19000000,0,user_32,111,119,
3875,15,660000,17700000,user_31,117,119,
4387,15,659999,0,builder_17,118,118,3875
4388,16,170001,0,builder_17,118,118,727
727,18,170000,17700000,user_27,104,119,
1618,20,3500000,7190000,user_27,108,119,
4389,19,3499999,0,builder_17,118,118,1618
4390,20,6300001,0,builder_17,118,118,46
46,22,6300000,7840,user_34,100,119,
164,23,6300001,0,user_14,101,119,46
1147,25,6300000,0,user_31,106,119,
3876,24,6300000,0,user_31,117,119,
187,28,6300000,0,user_33,101,119,
1640,27,6300000,0,user_44,108,119,
4166,26,6300000,0,user_45,118,119,
166,29,6299999,0,user_16,101,119,46
152,30,6299999,0,user_6,101,119,46
165,31,6299999,0,user_14,101,119,46
1158,32,6100000,0,user_47,106,119,
51,33,6100000,0,user_40,100,119,
43,34,6100000,0,user_33,100,119,
1626,35,6100000,0,user_29,108,119,
177,36,5000000,381000,user_27,101,119,
4391,36,4999999,0,builder_17,118,118,177
4392,37,5000001,0,builder_17,118,118,3380
3380,38,5000000,215000,user_43,115,119,
2226,40,5200000,0,user_49,110,119,
908,41,5200000,0,user_27,105,119,
4393,41,5000001,0,builder_17,118,118,4151
4151,42,5000000,36800,user_34,118,118,
4394,43,5000001,0,builder_17,118,118,3874
3874,43,5000000,14200,user_30,117,119,
1384,45,5000000,13900,user_45,107,119,
4395,46,4999999,0,builder_17,118,118,1384
1380,47,5000000,6390,user_41,107,119,
4396,48,4999999,0,builder_17,118,118,1380
2184,54,5000001,0,user_11,110,119,177
1905,49,5000001,0,user_13,109,119,177
1124,48,5000001,0,user_10,106,119,177
538,51,5000001,0,user_17,103,119,177
547,50,5000001,0,user_26,103,119,177
345,52,5000001,0,user_12,102,119,177
353,53,5000001,0,user_24,102,119,177
2168,55,5000001,0,user_0,110,119,177
2181,56,5000001,0,user_9,110,119,177
2183,57,5000001,0,user_9,110,119,177
1910,63,5000001,0,user_18,109,119,177
1917,64,5000001,0,user_24,109,119,177
1911,62,5000001,0,user_20,109,119,177
714,59,5000001,0,user_15,104,119,177
883,60,5000001,0,user_0,105,119,177
719,58,5000001,0,user_19,104,119,177
1617,61,5000001,0,user_26,108,119,177
349,65,5000001,0,user_19,102,119,177
3625,68,5000000,0,user_42,116,119,
3882,66,5000000,0,user_35,117,119,
1377,69,5000000,0,user_37,107,119,
731,70,5000000,0,user_30,104,119,
3888,67,5000000,0,user_38,117,119,
1929,73,5000000,0,user_39,109,119,
749,72,5000000,0,user_47,104,119,
191,71,5000000,0,user_38,101,119,
2913,74,5000000,0,user_34,113,119,
2178,81,4999999,0,user_8,110,119,177
528,77,4999999,0,user_8,103,119,177
529,78,4999999,0,user_8,103,119,177
545,76,4999999,0,user_21,103,119,177
348,79,4999999,0,user_16,102,119,177
354,80,4999999,0,user_24,102,119,177
1593,75,4999999,0,user_7,108,119,177
1898,89,4999999,0,user_5,109,119,177
2179,82,4999999,0,user_9,110,119,177
2180,83,4999999,0,user_9,110,119,177
2182,84,4999999,0,user_9,110,119,177
1894,86,4999999,0,user_4,109,119,177
1909,88,4999999,0,user_18,109,119,177
1914,90,4999999,0,user_23,109,119,177
1916,91,4999999,0,user_24,109,119,177
1913,92,4999999,0,user_22,109,119,177
1901,87,4999999,0,user_10,109,119,177
724,85,4999999,0,user_25,104,119,177
732,94,4500000,16400,user_31,104,119,
4397,95,4499999,0,builder_17,118,118,732
3378,95,4500000,0,user_42,115,119,
2681,97,4200000,231000,user_36,112,119,
4398,98,4199999,0,builder_17,118,118,2681
55,99,4200000,33100,user_43,100,119,
4687,0,43000001,0,builder_17,119,119,2919
2919,1,43000000,56200,user_39,113,119,
11,2,43000000,0,user_9,100,119,
1627,3,43000000,0,user_29,108,119,
2678,4,43000000,0,user_34,112,119,
1370,5,30000000,0,user_29,107,119,
2214,6,30000000,0,user_38,110,119,
735,7,30000000,0,user_35,104,119,
1931,8,30000000,0,user_41,109,119,
358,9,27000000,0,user_28,102,119,
1926,10,27000000,0,user_34,109,119,
2677,11,27000000,0,user_32,112,119,
2217,12,19000000,0,user_40,110,119,
2449,13,19000000,0,user_32,111,119,
4445,14,19000000,0,user_36,119,119,
3875,15,660000,17700000,user_31,117,119,
4688,16,659999,0,builder_17,119,119,3875
4689,17,170001,0,builder_17,119,119,727
727,18,170000,17700000,user_27,104,119,
4690,19,3500001,0,builder_17,119,119,1618
1618,20,3500000,7190000,user_27,108,119,
4691,21,6300001,0,builder_17,119,119,46
46,22,6300000,7840,user_34,100,119,
164,23,6300001,0,user_14,101,119,46
3876,24,6300000,0,user_31,117,119,
1147,25,6300000,0,user_31,106,119,
4166,26,6300000,0,user_45,118,119,
1640,27,6300000,0,user_44,108,119,
187,28,6300000,0,user_33,101,119,
166,29,6299999,0,user_16,101,119,46
152,30,6299999,0,user_6,101,119,46
165,31,6299999,0,user_14,101,119,46
1158,32,6100000,0,user_47,106,119,
51,33,6100000,0,user_40,100,119,
43,34,6100000,0,user_33,100,119,
1626,35,6100000,0,user_29,108,119,
177,36,5000000,381000,user_27,101,119,
4692,37,4999999,0,builder_17,119,119,177
3380,38,5000000,215000,user_43,115,119,
4693,39,4999999,0,builder_17,119,119,3380
2226,40,5200000,0,user_49,110,119,
908,41,5200000,0,user_27,105,119,
4694,42,5000001,0,builder_17,119,119,3874
3874,43,5000000,14200,user_30,117,119,
4695,44,5000001,0,builder_17,119,119,1384
1384,45,5000000,13900,user_45,107,119,
4696,46,5000001,0,builder_17,119,119,1380
1380,47,5000000,6390,user_41,107,119,
1124,48,5000001,0,user_10,106,119,177
1905,49,5000001,0,user_13,109,119,177
547,50,5000001,0,user_26,103,119,177
538,51,5000001,0,user_17,103,119,177
345,52,5000001,0,user_12,102,119,177
353,53,5000001,0,user_24,102,119,177
2184,54,5000001,0,user_11,110,119,177
2168,55,5000001,0,user_0,110,119,177
2181,56,5000001,0,user_9,110,119,177
2183,57,5000001,0,user_9,110,119,177
719,58,5000001,0,user_19,104,119,177
714,59,5000001,0,user_15,104,119,177
883,60,5000001,0,user_0,105,119,177
1617,61,5000001,0,user_26,108,119,177
1911,62,5000001,0,user_20,109,119,177
1910,63,5000001,0,user_18,109,119,177
1917,64,5000001,0,user_24,109,119,177
349,65,5000001,0,user_19,102,119,177
3882,66,5000000,0,user_35,117,119,
3888,67,5000000,0,user_38,117,119,
3625,68,5000000,0,user_42,116,119,
1377,69,5000000,0,user_37,107,119,
731,70,5000000,0,user_30,104,119,
191,71,5000000,0,user_38,101,119,
749,72,5000000,0,user_47,104,119,
1929,73,5000000,0,user_39,109,119,
2913,74,5000000,0,user_34,113,119,
1593,75,4999999,0,user_7,108,119,177
545,76,4999999,0,user_21,103,119,177
528,77,4999999,0,user_8,103,119,177
529,78,4999999,0,user_8,103,119,177
348,79,4999999,0,user_16,102,119,177
354,80,4999999,0,user_24,102,119,177
2178,81,4999999,0,user_8,110,119,177
2179,82,4999999,0,user_9,110,119,177
2180,83,4999999,0,user_9,110,119,177
2182,84,4999999,0,user_9,110,119,177
724,85,4999999,0,user_25,104,119,177
1894,86,4999999,0,user_4,109,119,177
1901,87,4999999,0,user_10,109,119,177
1909,88,4999999,0,user_18,109,119,177
1898,89,4999999,0,user_5,109,119,177
1914,90,4999999,0,user_23,109,119,177
1916,91,4999999,0,user_24,109,119,177
1913,92,4999999,0,user_22,109,119,177
4697,93,4500001,0,builder_17,119,119,732
732,94,4500000,16400,user_31,104,119,
3378,95,4500000,0,user_42,115,119,
4698,96,4200001,0,builder_17,119,119,2681
2681,97,4200000,231000,user_36,112,119,
4699,98,4200001,0,builder_17,119,119,55
55,99,4200000,33100,user_43,100,119,
11,2,43000000,0,user_9,120,139,
46,22,6300000,7840,user_34,120,139,
128,2,6299999,0,builder_17,120,120,46
43,34,6100000,0,user_33,120,139,
51,33,6100000,0,user_40,120,139,
38,96,3200000,21800,user_30,120,129,
129,6,3199999,0,builder_17,120,120,38
15,86,2600000,0,user_11,120,128,
61,87,2600000,0,user_46,120,128,
42,88,2500000,0,user_32,120,128,
44,96,2000000,322000,user_33,120,128,
130,11,1999999,0,builder_17,120,120,44
45,98,2300000,0,user_33,120,128,
10,94,2000000,0,user_8,120,126,
39,98,1500000,0,user_30,120,124,
66,90,1300000,0,user_49,120,123,
37,94,1200000,0,user_28,120,123,
60,93,1200000,0,user_45,120,123,
13,95,1100000,0,user_11,120,123,
65,97,1000000,0,user_48,120,123,
5,99,660000,14200,user_4,120,123,
131,21,659999,0,builder_17,120,120,5
17,84,660001,0,user_14,120,122,5
6,86,660001,0,user_5,120,122,5
8,87,660001,0,user_5,120,122,5
21,91,660001,0,user_17,120,122,5
23,92,660001,0,user_18,120,122,5
24,93,660001,0,user_18,120,122,5
25,94,660001,0,user_18,120,122,5
31,89,660001,0,user_25,120,122,5
32,90,660001,0,user_25,120,122,5
19,85,660001,0,user_15,120,122,5
29,88,660001,0,user_22,120,122,5
16,95,659999,0,user_14,120,122,5
7,96,659999,0,user_5,120,122,5
22,99,659999,0,user_18,120,122,5
26,86,659999,0,user_18,120,121,5
33,97,659999,0,user_26,120,122,5
34,98,659999,0,user_26,120,122,5
48,87,420000,0,user_35,120,121,
12,89,310000,0,user_11,120,121,
4,95,260000,0,user_4,120,121,
14,96,220000,0,user_11,120,121,
41,97,220000,0,user_32,120,121,
63,98,220000,0,user_47,120,121,
132,45,150001,0,builder_17,120,120,1
1,99,150000,39400,user_1,120,121,
64,47,160000,0,user_48,120,120,
49,48,160000,0,user_36,120,120,
53,49,160000,0,user_42,120,120,
2,50,150001,0,user_2,120,120,1
9,51,150001,0,user_7,120,120,1
18,52,150001,0,user_15,120,120,1
3,53,149999,0,user_3,120,120,1
20,54,149999,0,user_16,120,120,1
30,55,149999,0,user_23,120,120,1
28,56,149999,0,user_20,120,120,1
50,57,130000,0,user_39,120,120,
52,58,110000,0,user_41,120,120,
40,59,87000,0,user_31,120,120,
62,60,82000,0,user_46,120,120,
0,61,80000,0,user_1,120,120,
54,62,77000,0,user_42,120,120,
47,63,70000,0,user_34,120,120,
11,2,43000000,0,user_9,120,139,
46,22,6300000,7840,user_34,120,139,
323,2,6299999,0,builder_18,121,121,46
164,23,6300001,0,user_14,121,139,46
187,28,6300000,0,user_33,121,139,
165,31,6299999,0,user_14,121,139,46
166,29,6299999,0,user_16,121,139,46
152,30,6299999,0,user_6,121,139,46
51,33,6100000,0,user_40,120,139,
43,34,6100000,0,user_33,120,139,
324,10,5000001,0,builder_18,121,121,177
177,36,5000000,381000,user_27,121,139,
55,99,4200000,33100,user_43,120,139,
325,13,4199999,0,builder_18,121,121,55
156,95,4200001,0,user_9,121,136,55
162,99,4200001,0,user_13,121,137,55
163,94,4200001,0,user_13,121,136,55
169,96,4200001,0,user_17,121,136,55
171,98,4199999,0,user_20,121,133,55
159,99,4199999,0,user_13,121,133,55
176,99,4199999,0,user_26,121,132,55
326,21,3200001,0,builder_18,121,121,38
38,96,3200000,21800,user_30,120,129,
144,77,3200001,0,user_4,121,128,38
142,81,3199999,0,user_3,121,128,38
143,82,3199999,0,user_3,121,128,38
174,83,3199999,0,user_23,121,128,38
15,86,2600000,0,user_11,120,128,
61,87,2600000,0,user_46,120,128,
199,84,2600000,0,user_47,121,128,
42,88,2500000,0,user_32,120,128,
327,31,2000001,0,builder_18,121,121,44
44,96,2000000,322000,user_33,120,128,
45,98,2300000,0,user_33,120,128,
36,97,2300000,0,user_27,120,128,
154,96,2000001,0,user_7,121,127,44
172,94,2000001,0,user_21,121,127,44
145,97,2000001,0,user_5,121,127,44
149,98,2000001,0,user_5,121,127,44
151,95,2000001,0,user_6,121,127,44
173,99,2000001,0,user_22,121,127,44
10,94,2000000,0,user_8,120,126,
140,98,1999999,0,user_2,121,126,44
158,93,1999999,0,user_10,121,125,44
139,91,1999999,0,user_0,121,125,44
160,94,1999999,0,user_13,121,125,44
161,95,1999999,0,user_13,121,125,44
167,96,1999999,0,user_17,121,125,44
147,99,1999999,0,user_5,121,126,44
150,97,1999999,0,user_6,121,125,44
153,98,1999999,0,user_6,121,125,44
175,99,1999999,0,user_26,121,125,44
196,92,1800000,0,user_44,121,124,
181,93,1600000,0,user_30,121,124,
194,94,1600000,0,user_42,121,124,
39,98,1500000,0,user_30,120,124,
200,97,1500000,0,user_48,121,124,
185,99,1500000,0,user_32,121,124,
35,86,1400000,0,user_27,120,123,
56,87,1400000,0,user_43,120,123,
198,88,1400000,0,user_46,121,123,
66,90,1300000,0,user_49,120,123,
37,94,1200000,0,user_28,120,123,
60,93,1200000,0,user_45,120,123,
197,92,1200000,0,user_45,121,123,
13,95,1100000,0,user_11,120,123,
65,97,1000000,0,user_48,120,123,
328,67,660001,0,builder_18,121,121,5
5,99,660000,14200,user_4,120,123,
6,86,660001,0,user_5,120,122,5
8,87,660001,0,user_5,120,122,5
27,83,660001,0,user_19,120,122,5
17,84,660001,0,user_14,120,122,5
19,85,660001,0,user_15,120,122,5
29,88,660001,0,user_22,120,122,5
31,89,660001,0,user_25,120,122,5
32,90,660001,0,user_25,120,122,5
21,91,660001,0,user_17,120,122,5
23,92,660001,0,user_18,120,122,5
24,93,660001,0,user_18,120,122,5
25,94,660001,0,user_18,120,122,5
7,96,659999,0,user_5,120,122,5
16,95,659999,0,user_14,120,122,5
33,97,659999,0,user_26,120,122,5
34,98,659999,0,user_26,120,122,5
22,99,659999,0,user_18,120,122,5
26,86,659999,0,user_18,120,121,5
48,87,420000,0,user_35,120,121,
183,88,340000,0,user_32,121,121,
12,89,310000,0,user_11,120,121,
193,90,310000,0,user_40,121,121,
329,91,260001,0,builder_18,121,121,192
192,92,260000,21800,user_39,121,121,
57,93,110000,164000,user_43,120,121,
330,94,109999,0,builder_18,121,121,57
4,95,260000,0,user_4,120,121,
14,96,220000,0,user_11,120,121,
41,97,220000,0,user_32,120,121,
63,98,220000,0,user_47,120,121,
1,99,150000,39400,user_1,120,121,
11,2,43000000,0,user_9,120,139,
46,22,6300000,7840,user_34,120,139,
514,2,6299999,0,builder_18,122,122,46
164,23,6300001,0,user_14,121,139,46
187,28,6300000,0,user_33,121,139,
152,30,6299999,0,user_6,121,139,46
165,31,6299999,0,user_14,121,139,46
166,29,6299999,0,user_16,121,139,46
43,34,6100000,0,user_33,120,139,
51,33,6100000,0,user_40,120,139,
345,52,5000001,0,user_12,122,139,177
353,53,5000001,0,user_24,122,139,177
191,71,5000000,0,user_38,121,139,
348,79,4999999,0,user_16,122,139,177
354,80,4999999,0,user_24,122,139,177
55,99,4200000,33100,user_43,120,139,
515,16,4199999,0,builder_18,122,122,55
162,99,4200001,0,user_13,121,137,55
163,94,4200001,0,user_13,121,136,55
156,95,4200001,0,user_9,121,136,55
169,96,4200001,0,user_17,121,136,55
343,98,4200001,0,user_10,122,137,55
341,97,4200001,0,user_8,122,137,55
362,97,4200000,0,user_32,122,135,
159,99,4199999,0,user_13,121,133,55
171,98,4199999,0,user_20,121,133,55
176,99,4199999,0,user_26,121,132,55
344,99,4199999,0,user_11,122,135,55
340,99,4199999,0,user_8,122,134,55
38,96,3200000,21800,user_30,120,129,
516,30,3199999,0,builder_18,122,122,38
144,77,3200001,0,user_4,121,128,38
142,81,3199999,0,user_3,121,128,38
143,82,3199999,0,user_3,121,128,38
174,83,3199999,0,user_23,121,128,38
15,86,2600000,0,user_11,120,128,
61,87,2600000,0,user_46,120,128,
199,84,2600000,0,user_47,121,128,
42,88,2500000,0,user_32,120,128,
369,93,2400000,0,user_42,122,128,
44,96,2000000,322000,user_33,120,128,
517,41,1999999,0,builder_18,122,122,44
45,98,2300000,0,user_33,120,128,
36,97,2300000,0,user_27,120,128,
145,97,2000001,0,user_5,121,127,44
149,98,2000001,0,user_5,121,127,44
151,95,2000001,0,user_6,121,127,44
154,96,2000001,0,user_7,121,127,44
172,94,2000001,0,user_21,121,127,44
173,99,2000001,0,user_22,121,127,44
355,89,2000001,0,user_25,122,126,44
10,94,2000000,0,user_8,120,126,
140,98,1999999,0,user_2,121,126,44
147,99,1999999,0,user_5,121,126,44
158,93,1999999,0,user_10,121,125,44
160,94,1999999,0,user_13,121,125,44
161,95,1999999,0,user_13,121,125,44
150,97,1999999,0,user_6,121,125,44
153,98,1999999,0,user_6,121,125,44
139,91,1999999,0,user_0,121,125,44
175,99,1999999,0,user_26,121,125,44
167,96,1999999,0,user_17,121,125,44
338,88,1999999,0,user_6,122,125,44
196,92,1800000,0,user_44,121,124,
194,94,1600000,0,user_42,121,124,
181,93,1600000,0,user_30,121,124,
39,98,1500000,0,user_30,120,124,
185,99,1500000,0,user_32,121,124,
200,97,1500000,0,user_48,121,124,
35,86,1400000,0,user_27,120,123,
56,87,1400000,0,user_43,120,123,
198,88,1400000,0,user_46,121,123,
373,85,1400000,0,user_44,122,123,
66,90,1300000,0,user_49,120,123,
37,94,1200000,0,user_28,120,123,
60,93,1200000,0,user_45,120,123,
197,92,1200000,0,user_45,121,123,
13,95,1100000,0,user_11,120,123,
65,97,1000000,0,user_48,120,123,
5,99,660000,14200,user_4,120,123,
518,80,659999,0,builder_18,122,122,5
519,81,73001,0,builder_18,122,122,195
195,82,73000,594000,user_43,121,122,
27,83,660001,0,user_19,120,122,5
17,84,660001,0,user_14,120,122,5
19,85,660001,0,user_15,120,122,5
6,86,660001,0,user_5,120,122,5
8,87,660001,0,user_5,120,122,5
29,88,660001,0,user_22,120,122,5
31,89,660001,0,user_25,120,122,5
32,90,660001,0,user_25,120,122,5
21,91,660001,0,user_17,120,122,5
23,92,660001,0,user_18,120,122,5
24,93,660001,0,user_18,120,122,5
25,94,660001,0,user_18,120,122,5
16,95,659999,0,user_14,120,122,5
7,96,659999,0,user_5,120,122,5
33,97,659999,0,user_26,120,122,5
34,98,659999,0,user_26,120,122,5
22,99,659999,0,user_18,120,122,5
11,2,43000000,0,user_9,120,139,
358,9,27000000,0,user_28,122,139,
686,2,6300001,0,builder_17,123,123,46
46,22,6300000,7840,user_34,120,139,
164,23,6300001,0,user_14,121,139,46
187,28,6300000,0,user_33,121,139,
165,31,6299999,0,user_14,121,139,46
166,29,6299999,0,user_16,121,139,46
152,30,6299999,0,user_6,121,139,46
51,33,6100000,0,user_40,120,139,
43,34,6100000,0,user_33,120,139,
687,11,5000001,0,builder_17,123,123,177
177,36,5000000,381000,user_27,121,139,
345,52,5000001,0,user_12,122,139,177
353,53,5000001,0,user_24,122,139,177
349,65,5000001,0,user_19,122,139,177
538,51,5000001,0,user_17,123,139,177
547,50,5000001,0,user_26,123,139,177
191,71,5000000,0,user_38,121,139,
348,79,4999999,0,user_16,122,139,177
354,80,4999999,0,user_24,122,139,177
528,77,4999999,0,user_8,123,139,177
529,78,4999999,0,user_8,123,139,177
545,76,4999999,0,user_21,123,139,177
688,24,4200001,0,builder_17,123,123,55
55,99,4200000,33100,user_43,120,139,
156,95,4200001,0,user_9,121,136,55
343,98,4200001,0,user_10,122,137,55
341,97,4200001,0,user_8,122,137,55
162,99,4200001,0,user_13,121,137,55
163,94,4200001,0,user_13,121,136,55
169,96,4200001,0,user_17,121,136,55
362,97,4200000,0,user_32,122,135,
552,97,4200000,0,user_34,123,136,
344,99,4199999,0,user_11,122,135,55
340,99,4199999,0,user_8,122,134,55
159,99,4199999,0,user_13,121,133,55
176,99,4199999,0,user_26,121,132,55
171,98,4199999,0,user_20,121,133,55
38,96,3200000,21800,user_30,120,129,
689,40,3199999,0,builder_17,123,123,38
144,77,3200001,0,user_4,121,128,38
142,81,3199999,0,user_3,121,128,38
143,82,3199999,0,user_3,121,128,38
174,83,3199999,0,user_23,121,128,38
199,84,2600000,0,user_47,121,128,
61,87,2600000,0,user_46,120,128,
15,86,2600000,0,user_11,120,128,
42,88,2500000,0,user_32,120,128,
690,49,2400001,0,builder_17,123,123,553
553,91,2400000,18600,user_36,123,128,
369,93,2400000,0,user_42,122,128,
44,96,2000000,322000,user_33,120,128,
691,53,1999999,0,builder_17,123,123,44
36,97,2300000,0,user_27,120,128,
45,98,2300000,0,user_33,120,128,
355,89,2000001,0,user_25,122,126,44
154,96,2000001,0,user_7,121,127,44
172,94,2000001,0,user_21,121,127,44
145,97,2000001,0,user_5,121,127,44
149,98,2000001,0,user_5,121,127,44
151,95,2000001,0,user_6,121,127,44
173,99,2000001,0,user_22,121,127,44
539,91,2000001,0,user_17,123,127,44
10,94,2000000,0,user_8,120,126,
338,88,1999999,0,user_6,122,125,44
522,96,1999999,0,user_0,123,126,44
158,93,1999999,0,user_10,121,125,44
139,91,1999999,0,user_0,121,125,44
160,94,1999999,0,user_13,121,125,44
161,95,1999999,0,user_13,121,125,44
167,96,1999999,0,user_17,121,125,44
147,99,1999999,0,user_5,121,126,44
150,97,1999999,0,user_6,121,125,44
153,98,1999999,0,user_6,121,125,44
175,99,1999999,0,user_26,121,125,44
140,98,1999999,0,user_2,121,126,44
196,92,1800000,0,user_44,121,124,
371,96,1600000,0,user_43,122,124,
181,93,1600000,0,user_30,121,124,
194,94,1600000,0,user_42,121,124,
360,95,1600000,0,user_28,122,124,
200,97,1500000,0,user_48,121,124,
185,99,1500000,0,user_32,121,124,
39,98,1500000,0,user_30,120,124,
373,85,1400000,0,user_44,122,123,
35,86,1400000,0,user_27,120,123,
56,87,1400000,0,user_43,120,123,
198,88,1400000,0,user_46,121,123,
359,89,1400000,0,user_28,122,123,
66,90,1300000,0,user_49,120,123,
556,91,1300000,0,user_40,123,123,
197,92,1200000,0,user_45,121,123,
60,93,1200000,0,user_45,120,123,
37,94,1200000,0,user_28,120,123,
13,95,1100000,0,user_11,120,123,
560,96,1100000,0,user_46,123,123,
65,97,1000000,0,user_48,120,123,
692,98,660001,0,builder_17,123,123,5
5,99,660000,14200,user_4,120,123,
11,2,43000000,0,user_9,120,139,
735,7,30000000,0,user_35,124,139,
358,9,27000000,0,user_28,122,139,
46,22,6300000,7840,user_34,120,139,
866,4,6299999,0,builder_17,124,124,46
164,23,6300001,0,user_14,121,139,46
187,28,6300000,0,user_33,121,139,
152,30,6299999,0,user_6,121,139,46
165,31,6299999,0,user_14,121,139,46
166,29,6299999,0,user_16,121,139,46
43,34,6100000,0,user_33,120,139,
51,33,6100000,0,user_40,120,139,
177,36,5000000,381000,user_27,121,139,
867,13,4999999,0,builder_17,124,124,177
349,65,5000001,0,user_19,122,139,177
538,51,5000001,0,user_17,123,139,177
547,50,5000001,0,user_26,123,139,177
353,53,5000001,0,user_24,122,139,177
345,52,5000001,0,user_12,122,139,177
714,59,5000001,0,user_15,124,139,177
191,71,5000000,0,user_38,121,139,
749,72,5000000,0,user_47,124,139,
731,70,5000000,0,user_30,124,139,
528,77,4999999,0,user_8,123,139,177
529,78,4999999,0,user_8,123,139,177
545,76,4999999,0,user_21,123,139,177
348,79,4999999,0,user_16,122,139,177
354,80,4999999,0,user_24,122,139,177
724,85,4999999,0,user_25,124,139,177
868,29,4500001,0,builder_17,124,124,732
732,94,4500000,16400,user_31,124,139,
55,99,4200000,33100,user_43,120,139,
869,32,4199999,0,builder_17,124,124,55
156,95,4200001,0,user_9,121,136,55
343,98,4200001,0,user_10,122,137,55
169,96,4200001,0,user_17,121,136,55
162,99,4200001,0,user_13,121,137,55
163,94,4200001,0,user_13,121,136,55
341,97,4200001,0,user_8,122,137,55
552,97,4200000,0,user_34,123,136,
362,97,4200000,0,user_32,122,135,
176,99,4199999,0,user_26,121,132,55
344,99,4199999,0,user_11,122,135,55
159,99,4199999,0,user_13,121,133,55
171,98,4199999,0,user_20,121,133,55
340,99,4199999,0,user_8,122,134,55
38,96,3200000,21800,user_30,120,129,
870,47,3199999,0,builder_17,124,124,38
555,98,3200000,6390,user_37,123,129,
871,49,3199999,0,builder_17,124,124,555
144,77,3200001,0,user_4,121,128,38
742,78,3200000,0,user_40,124,128,
174,83,3199999,0,user_23,121,128,38
142,81,3199999,0,user_3,121,128,38
143,82,3199999,0,user_3,121,128,38
554,85,2600000,0,user_37,123,128,
199,84,2600000,0,user_47,121,128,
61,87,2600000,0,user_46,120,128,
15,86,2600000,0,user_11,120,128,
42,88,2500000,0,user_32,120,128,
553,91,2400000,18600,user_36,123,128,
872,61,2399999,0,builder_17,124,124,553
369,93,2400000,0,user_42,122,128,
44,96,2000000,322000,user_33,120,128,
873,64,1999999,0,builder_17,124,124,44
45,98,2300000,0,user_33,120,128,
36,97,2300000,0,user_27,120,128,
539,91,2000001,0,user_17,123,127,44
145,97,2000001,0,user_5,121,127,44
149,98,2000001,0,user_5,121,127,44
154,96,2000001,0,user_7,121,127,44
151,95,2000001,0,user_6,121,127,44
172,94,2000001,0,user_21,121,127,44
173,99,2000001,0,user_22,121,127,44
355,89,2000001,0,user_25,122,126,44
706,90,2000001,0,user_5,124,127,44
716,92,2000001,0,user_17,124,127,44
10,94,2000000,0,user_8,120,126,
750,93,2000000,0,user_48,124,126,
710,97,1999999,0,user_9,124,126,44
158,93,1999999,0,user_10,121,125,44
147,99,1999999,0,user_5,121,126,44
150,97,1999999,0,user_6,121,125,44
153,98,1999999,0,user_6,121,125,44
175,99,1999999,0,user_26,121,125,44
167,96,1999999,0,user_17,121,125,44
338,88,1999999,0,user_6,122,125,44
140,98,1999999,0,user_2,121,126,44
160,94,1999999,0,user_13,121,125,44
161,95,1999999,0,user_13,121,125,44
139,91,1999999,0,user_0,121,125,44
522,96,1999999,0,user_0,123,126,44
196,92,1800000,0,user_44,121,124,
181,93,1600000,0,user_30,121,124,
194,94,1600000,0,user_42,121,124,
360,95,1600000,0,user_28,122,124,
371,96,1600000,0,user_43,122,124,
200,97,1500000,0,user_48,121,124,
39,98,1500000,0,user_30,120,124,
185,99,1500000,0,user_32,121,124,
11,2,43000000,0,user_9,120,139,
735,7,30000000,0,user_35,124,139,
358,9,27000000,0,user_28,122,139,
1096,3,170001,0,builder_17,125,125,727
727,18,170000,17700000,user_27,124,139,
46,22,6300000,7840,user_34,120,139,
1097,6,6299999,0,builder_17,125,125,46
164,23,6300001,0,user_14,121,139,46
187,28,6300000,0,user_33,121,139,
165,31,6299999,0,user_14,121,139,46
166,29,6299999,0,user_16,121,139,46
152,30,6299999,0,user_6,121,139,46
51,33,6100000,0,user_40,120,139,
43,34,6100000,0,user_33,120,139,
1098,14,5000001,0,builder_17,125,125,177
177,36,5000000,381000,user_27,121,139,
714,59,5000001,0,user_15,124,139,177
883,60,5000001,0,user_0,125,139,177
345,52,5000001,0,user_12,122,139,177
349,65,5000001,0,user_19,122,139,177
547,50,5000001,0,user_26,123,139,177
719,58,5000001,0,user_19,124,139,177
353,53,5000001,0,user_24,122,139,177
538,51,5000001,0,user_17,123,139,177
749,72,5000000,0,user_47,124,139,
731,70,5000000,0,user_30,124,139,
191,71,5000000,0,user_38,121,139,
724,85,4999999,0,user_25,124,139,177
348,79,4999999,0,user_16,122,139,177
545,76,4999999,0,user_21,123,139,177
528,77,4999999,0,user_8,123,139,177
529,78,4999999,0,user_8,123,139,177
354,80,4999999,0,user_24,122,139,177
732,94,4500000,16400,user_31,124,139,
1099,34,4499999,0,builder_17,125,125,732
1100,35,4200001,0,builder_17,125,125,55
55,99,4200000,33100,user_43,120,139,
341,97,4200001,0,user_8,122,137,55
343,98,4200001,0,user_10,122,137,55
156,95,4200001,0,user_9,121,136,55
162,99,4200001,0,user_13,121,137,55
163,94,4200001,0,user_13,121,136,55
169,96,4200001,0,user_17,121,136,55
552,97,4200000,0,user_34,123,136,
362,97,4200000,0,user_32,122,135,
340,99,4199999,0,user_8,122,134,55
159,99,4199999,0,user_13,121,133,55
176,99,4199999,0,user_26,121,132,55
171,98,4199999,0,user_20,121,133,55
344,99,4199999,0,user_11,122,135,55
38,96,3200000,21800,user_30,120,129,
1101,51,3199999,0,builder_17,125,125,38
555,98,3200000,6390,user_37,123,129,
1102,53,3199999,0,builder_17,125,125,555
144,77,3200001,0,user_4,121,128,38
742,78,3200000,0,user_40,124,128,
910,80,3200000,0,user_32,125,128,
142,81,3199999,0,user_3,121,128,38
143,82,3199999,0,user_3,121,128,38
174,83,3199999,0,user_23,121,128,38
554,85,2600000,0,user_37,123,128,
15,86,2600000,0,user_11,120,128,
61,87,2600000,0,user_46,120,128,
199,84,2600000,0,user_47,121,128,
909,89,2500000,0,user_28,125,128,
42,88,2500000,0,user_32,120,128,
1103,66,2400001,0,builder_17,125,125,553
553,91,2400000,18600,user_36,123,128,
369,93,2400000,0,user_42,122,128,
1104,69,2000001,0,builder_17,125,125,44
44,96,2000000,322000,user_33,120,128,
36,97,2300000,0,user_27,120,128,
45,98,2300000,0,user_33,120,128,
716,92,2000001,0,user_17,124,127,44
706,90,2000001,0,user_5,124,127,44
355,89,2000001,0,user_25,122,126,44
896,88,2000001,0,user_11,125,127,44
539,91,2000001,0,user_17,123,127,44
145,97,2000001,0,user_5,121,127,44
149,98,2000001,0,user_5,121,127,44
154,96,2000001,0,user_7,121,127,44
151,95,2000001,0,user_6,121,127,44
173,99,2000001,0,user_22,121,127,44
172,94,2000001,0,user_21,121,127,44
750,93,2000000,0,user_48,124,126,
10,94,2000000,0,user_8,120,126,
912,95,2000000,0,user_35,125,126,
522,96,1999999,0,user_0,123,126,44
338,88,1999999,0,user_6,122,125,44
710,97,1999999,0,user_9,124,126,44
147,99,1999999,0,user_5,121,126,44
139,91,1999999,0,user_0,121,125,44
140,98,1999999,0,user_2,121,126,44
158,93,1999999,0,user_10,121,125,44
160,94,1999999,0,user_13,121,125,44
161,95,1999999,0,user_13,121,125,44
167,96,1999999,0,user_17,121,125,44
150,97,1999999,0,user_6,121,125,44
153,98,1999999,0,user_6,121,125,44
175,99,1999999,0,user_26,121,125,44
11,2,43000000,0,user_9,120,139,
735,7,30000000,0,user_35,124,139,
358,9,27000000,0,user_28,122,139,
727,18,170000,17700000,user_27,124,139,
1331,4,169999,0,builder_18,126,126,727
46,22,6300000,7840,user_34,120,139,
1332,6,6299999,0,builder_18,126,126,46
164,23,6300001,0,user_14,121,139,46
187,28,6300000,0,user_33,121,139,
152,30,6299999,0,user_6,121,139,46
165,31,6299999,0,user_14,121,139,46
166,29,6299999,0,user_16,121,139,46
43,34,6100000,0,user_33,120,139,
51,33,6100000,0,user_40,120,139,
1158,32,6100000,0,user_47,126,139,
177,36,5000000,381000,user_27,121,139,
1333,16,4999999,0,builder_18,126,126,177
908,41,5200000,0,user_27,125,139,
547,50,5000001,0,user_26,123,139,177
538,51,5000001,0,user_17,123,139,177
719,58,5000001,0,user_19,124,139,177
714,59,5000001,0,user_15,124,139,177
345,52,5000001,0,user_12,122,139,177
353,53,5000001,0,user_24,122,139,177
349,65,5000001,0,user_19,122,139,177
883,60,5000001,0,user_0,125,139,177
1124,48,5000001,0,user_10,126,139,177
749,72,5000000,0,user_47,124,139,
731,70,5000000,0,user_30,124,139,
191,71,5000000,0,user_38,121,139,
545,76,4999999,0,user_21,123,139,177
528,77,4999999,0,user_8,123,139,177
529,78,4999999,0,user_8,123,139,177
724,85,4999999,0,user_25,124,139,177
348,79,4999999,0,user_16,122,139,177
354,80,4999999,0,user_24,122,139,177
1334,36,4500001,0,builder_18,126,126,732
732,94,4500000,16400,user_31,124,139,
1335,38,4200001,0,builder_18,126,126,55
55,99,4200000,33100,user_43,120,139,
162,99,4200001,0,user_13,121,137,55
163,94,4200001,0,user_13,121,136,55
156,95,4200001,0,user_9,121,136,55
169,96,4200001,0,user_17,121,136,55
343,98,4200001,0,user_10,122,137,55
341,97,4200001,0,user_8,122,137,55
552,97,4200000,0,user_34,123,136,
362,97,4200000,0,user_32,122,135,
1151,98,4200000,0,user_34,126,136,
159,99,4199999,0,user_13,121,133,55
171,98,4199999,0,user_20,121,133,55
176,99,4199999,0,user_26,121,132,55
344,99,4199999,0,user_11,122,135,55
340,99,4199999,0,user_8,122,134,55
1144,98,3500000,5640,user_30,126,131,
1336,55,3499999,0,builder_18,126,126,1144
38,96,3200000,21800,user_30,120,129,
1337,57,3199999,0,builder_18,126,126,38
1338,58,3200001,0,builder_18,126,126,555
555,98,3200000,6390,user_37,123,129,
144,77,3200001,0,user_4,121,128,38
742,78,3200000,0,user_40,124,128,
910,80,3200000,0,user_32,125,128,
922,79,3200000,0,user_43,125,128,
142,81,3199999,0,user_3,121,128,38
143,82,3199999,0,user_3,121,128,38
174,83,3199999,0,user_23,121,128,38
554,85,2600000,0,user_37,123,128,
15,86,2600000,0,user_11,120,128,
61,87,2600000,0,user_46,120,128,
199,84,2600000,0,user_47,121,128,
909,89,2500000,0,user_28,125,128,
42,88,2500000,0,user_32,120,128,
1339,73,2400001,0,builder_18,126,126,553
553,91,2400000,18600,user_36,123,128,
369,93,2400000,0,user_42,122,128,
44,96,2000000,322000,user_33,120,128,
1340,77,1999999,0,builder_18,126,126,44
45,98,2300000,0,user_33,120,128,
36,97,2300000,0,user_27,120,128,
539,91,2000001,0,user_17,123,127,44
706,90,2000001,0,user_5,124,127,44
716,92,2000001,0,user_17,124,127,44
145,97,2000001,0,user_5,121,127,44
149,98,2000001,0,user_5,121,127,44
151,95,2000001,0,user_6,121,127,44
154,96,2000001,0,user_7,121,127,44
172,94,2000001,0,user_21,121,127,44
173,99,2000001,0,user_22,121,127,44
355,89,2000001,0,user_25,122,126,44
896,88,2000001,0,user_11,125,127,44
1114,89,2000001,0,user_1,126,127,44
1136,99,2000001,0,user_20,126,128,44
750,93,2000000,0,user_48,124,126,
10,94,2000000,0,user_8,120,126,
912,95,2000000,0,user_35,125,126,
522,96,1999999,0,user_0,123,126,44
710,97,1999999,0,user_9,124,126,44
140,98,1999999,0,user_2,121,126,44
147,99,1999999,0,user_5,121,126,44
11,2,43000000,0,user_9,120,139,
735,7,30000000,0,user_35,124,139,
1370,5,30000000,0,user_29,127,139,
358,9,27000000,0,user_28,122,139,
1578,4,170001,0,builder_18,127,127,727
727,18,170000,17700000,user_27,124,139,
1579,6,6300001,0,builder_18,127,127,46
46,22,6300000,7840,user_34,120,139,
164,23,6300001,0,user_14,121,139,46
187,28,6300000,0,user_33,121,139,
1147,25,6300000,0,user_31,126,139,
165,31,6299999,0,user_14,121,139,46
166,29,6299999,0,user_16,121,139,46
152,30,6299999,0,user_6,121,139,46
51,33,6100000,0,user_40,120,139,
43,34,6100000,0,user_33,120,139,
1158,32,6100000,0,user_47,126,139,
177,36,5000000,381000,user_27,121,139,
1580,18,4999999,0,builder_18,127,127,177
908,41,5200000,0,user_27,125,139,
1581,20,5000001,0,builder_18,127,127,1384
1384,45,5000000,13900,user_45,127,139,
1380,47,5000000,6390,user_41,127,139,
1582,23,4999999,0,builder_18,127,127,1380
883,60,5000001,0,user_0,125,139,177
1124,48,5000001,0,user_10,126,139,177
538,51,5000001,0,user_17,123,139,177
547,50,5000001,0,user_26,123,139,177
719,58,5000001,0,user_19,124,139,177
714,59,5000001,0,user_15,124,139,177
345,52,5000001,0,user_12,122,139,177
349,65,5000001,0,user_19,122,139,177
353,53,5000001,0,user_24,122,139,177
749,72,5000000,0,user_47,124,139,
731,70,5000000,0,user_30,124,139,
191,71,5000000,0,user_38,121,139,
1377,69,5000000,0,user_37,127,139,
545,76,4999999,0,user_21,123,139,177
528,77,4999999,0,user_8,123,139,177
529,78,4999999,0,user_8,123,139,177
724,85,4999999,0,user_25,124,139,177
348,79,4999999,0,user_16,122,139,177
354,80,4999999,0,user_24,122,139,177
732,94,4500000,16400,user_31,124,139,
1583,44,4499999,0,builder_18,127,127,732
1584,45,4200001,0,builder_18,127,127,55
55,99,4200000,33100,user_43,120,139,
162,99,4200001,0,user_13,121,137,55
163,94,4200001,0,user_13,121,136,55
169,96,4200001,0,user_17,121,136,55
156,95,4200001,0,user_9,121,136,55
343,98,4200001,0,user_10,122,137,55
341,97,4200001,0,user_8,122,137,55
362,97,4200000,0,user_32,122,135,
552,97,4200000,0,user_34,123,136,
1151,98,4200000,0,user_34,126,136,
159,99,4199999,0,user_13,121,133,55
171,98,4199999,0,user_20,121,133,55
176,99,4199999,0,user_26,121,132,55
344,99,4199999,0,user_11,122,135,55
340,99,4199999,0,user_8,122,134,55
1585,61,3500001,0,builder_18,127,127,1144
1144,98,3500000,5640,user_30,126,131,
1586,63,3200001,0,builder_18,127,127,38
38,96,3200000,21800,user_30,120,129,
555,98,3200000,6390,user_37,123,129,
1587,66,3199999,0,builder_18,127,127,555
144,77,3200001,0,user_4,121,128,38
910,80,3200000,0,user_32,125,128,
922,79,3200000,0,user_43,125,128,
742,78,3200000,0,user_40,124,128,
142,81,3199999,0,user_3,121,128,38
143,82,3199999,0,user_3,121,128,38
174,83,3199999,0,user_23,121,128,38
554,85,2600000,0,user_37,123,128,
199,84,2600000,0,user_47,121,128,
61,87,2600000,0,user_46,120,128,
15,86,2600000,0,user_11,120,128,
909,89,2500000,0,user_28,125,128,
42,88,2500000,0,user_32,120,128,
1588,80,2400001,0,builder_18,127,127,553
553,91,2400000,18600,user_36,123,128,
369,93,2400000,0,user_42,122,128,
1160,92,2400000,0,user_49,126,128,
44,96,2000000,322000,user_33,120,128,
1589,85,1999999,0,builder_18,127,127,44
45,98,2300000,0,user_33,120,128,
36,97,2300000,0,user_27,120,128,
896,88,2000001,0,user_11,125,127,44
1114,89,2000001,0,user_1,126,127,44
706,90,2000001,0,user_5,124,127,44
539,91,2000001,0,user_17,123,127,44
716,92,2000001,0,user_17,124,127,44
1136,99,2000001,0,user_20,126,128,44
172,94,2000001,0,user_21,121,127,44
151,95,2000001,0,user_6,121,127,44
154,96,2000001,0,user_7,121,127,44
145,97,2000001,0,user_5,121,127,44
149,98,2000001,0,user_5,121,127,44
173,99,2000001,0,user_22,121,127,44
11,2,43000000,0,user_9,120,139,
1627,3,43000000,0,user_29,128,139,
735,7,30000000,0,user_35,124,139,
1370,5,30000000,0,user_29,127,139,
358,9,27000000,0,user_28,122,139,
727,18,170000,17700000,user_27,124,139,
1876,6,169999,0,builder_18,128,128,727
1618,20,3500000,7190000,user_27,128,139,
1877,8,3499999,0,builder_18,128,128,1618
1878,9,6300001,0,builder_18,128,128,46
46,22,6300000,7840,user_34,120,139,
164,23,6300001,0,user_14,121,139,46
1147,25,6300000,0,user_31,126,139,
187,28,6300000,0,user_33,121,139,
1640,27,6300000,0,user_44,128,139,
165,31,6299999,0,user_14,121,139,46
166,29,6299999,0,user_16,121,139,46
152,30,6299999,0,user_6,121,139,46
1158,32,6100000,0,user_47,126,139,
43,34,6100000,0,user_33,120,139,
51,33,6100000,0,user_40,120,139,
1626,35,6100000,0,user_29,128,139,
177,36,5000000,381000,user_27,121,139,
1879,23,4999999,0,builder_18,128,128,177
908,41,5200000,0,user_27,125,139,
1384,45,5000000,13900,user_45,127,139,
1880,26,4999999,0,builder_18,128,128,1384
1881,27,5000001,0,builder_18,128,128,1380
1380,47,5000000,6390,user_41,127,139,
1124,48,5000001,0,user_10,126,139,177
345,52,5000001,0,user_12,122,139,177
349,65,5000001,0,user_19,122,139,177
353,53,5000001,0,user_24,122,139,177
547,50,5000001,0,user_26,123,139,177
538,51,5000001,0,user_17,123,139,177
714,59,5000001,0,user_15,124,139,177
883,60,5000001,0,user_0,125,139,177
719,58,5000001,0,user_19,124,139,177
1617,61,5000001,0,user_26,128,139,177
749,72,5000000,0,user_47,124,139,
1377,69,5000000,0,user_37,127,139,
191,71,5000000,0,user_38,121,139,
731,70,5000000,0,user_30,124,139,
348,79,4999999,0,user_16,122,139,177
354,80,4999999,0,user_24,122,139,177
528,77,4999999,0,user_8,123,139,177
529,78,4999999,0,user_8,123,139,177
545,76,4999999,0,user_21,123,139,177
724,85,4999999,0,user_25,124,139,177
1593,75,4999999,0,user_7,128,139,177
1882,50,4500001,0,builder_18,128,128,732
732,94,4500000,16400,user_31,124,139,
1883,52,4200001,0,builder_18,128,128,55
55,99,4200000,33100,user_43,120,139,
341,97,4200001,0,user_8,122,137,55
343,98,4200001,0,user_10,122,137,55
169,96,4200001,0,user_17,121,136,55
156,95,4200001,0,user_9,121,136,55
162,99,4200001,0,user_13,121,137,55
163,94,4200001,0,user_13,121,136,55
1151,98,4200000,0,user_34,126,136,
362,97,4200000,0,user_32,122,135,
552,97,4200000,0,user_34,123,136,
1634,98,4200000,0,user_39,128,135,
344,99,4199999,0,user_11,122,135,55
340,99,4199999,0,user_8,122,134,55
176,99,4199999,0,user_26,121,132,55
159,99,4199999,0,user_13,121,133,55
171,98,4199999,0,user_20,121,133,55
1884,69,3500001,0,builder_18,128,128,1371
1371,97,3500000,283000,user_31,127,131,
1885,71,3500001,0,builder_18,128,128,1144
1144,98,3500000,5640,user_30,126,131,
1886,73,3200001,0,builder_18,128,128,38
38,96,3200000,21800,user_30,120,129,
555,98,3200000,6390,user_37,123,129,
1887,76,3199999,0,builder_18,128,128,555
144,77,3200001,0,user_4,121,128,38
742,78,3200000,0,user_40,124,128,
922,79,3200000,0,user_43,125,128,
910,80,3200000,0,user_32,125,128,
142,81,3199999,0,user_3,121,128,38
143,82,3199999,0,user_3,121,128,38
174,83,3199999,0,user_23,121,128,38
199,84,2600000,0,user_47,121,128,
554,85,2600000,0,user_37,123,128,
15,86,2600000,0,user_11,120,128,
61,87,2600000,0,user_46,120,128,
42,88,2500000,0,user_32,120,128,
909,89,2500000,0,user_28,125,128,
1888,90,2400001,0,builder_18,128,128,553
553,91,2400000,18600,user_36,123,128,
1160,92,2400000,0,user_49,126,128,
369,93,2400000,0,user_42,122,128,
1629,94,2400000,0,user_32,128,128,
1889,95,2000001,0,builder_18,128,128,44
44,96,2000000,322000,user_33,120,128,
36,97,2300000,0,user_27,120,128,
45,98,2300000,0,user_33,120,128,
1136,99,2000001,0,user_20,126,128,44
11,2,43000000,0,user_9,120,139,
1627,3,43000000,0,user_29,128,139,
1370,5,30000000,0,user_29,127,139,
735,7,30000000,0,user_35,124,139,
1931,8,30000000,0,user_41,129,139,
358,9,27000000,0,user_28,122,139,
1926,10,27000000,0,user_34,129,139,
727,18,170000,17700000,user_27,124,139,
2156,8,169999,0,builder_18,129,129,727
2157,9,3500001,0,builder_18,129,129,1618
1618,20,3500000,7190000,user_27,128,139,
46,22,6300000,7840,user_34,120,139,
2158,12,6299999,0,builder_18,129,129,46
164,23,6300001,0,user_14,121,139,46
1147,25,6300000,0,user_31,126,139,
1640,27,6300000,0,user_44,128,139,
187,28,6300000,0,user_33,121,139,
165,31,6299999,0,user_14,121,139,46
166,29,6299999,0,user_16,121,139,46
152,30,6299999,0,user_6,121,139,46
1158,32,6100000,0,user_47,126,139,
51,33,6100000,0,user_40,120,139,
43,34,6100000,0,user_33,120,139,
1626,35,6100000,0,user_29,128,139,
177,36,5000000,381000,user_27,121,139,
2159,25,4999999,0,builder_18,129,129,177
908,41,5200000,0,user_27,125,139,
1384,45,5000000,13900,user_45,127,139,
2160,28,4999999,0,builder_18,129,129,1384
2161,29,5000001,0,builder_18,129,129,1380
1380,47,5000000,6390,user_41,127,139,
1124,48,5000001,0,user_10,126,139,177
538,51,5000001,0,user_17,123,139,177
547,50,5000001,0,user_26,123,139,177
719,58,5000001,0,user_19,124,139,177
345,52,5000001,0,user_12,122,139,177
353,53,5000001,0,user_24,122,139,177
349,65,5000001,0,user_19,122,139,177
714,59,5000001,0,user_15,124,139,177
883,60,5000001,0,user_0,125,139,177
1617,61,5000001,0,user_26,128,139,177
1911,62,5000001,0,user_20,129,139,177
1905,49,5000001,0,user_13,129,139,177
1910,63,5000001,0,user_18,129,139,177
1917,64,5000001,0,user_24,129,139,177
1377,69,5000000,0,user_37,127,139,
191,71,5000000,0,user_38,121,139,
749,72,5000000,0,user_47,124,139,
731,70,5000000,0,user_30,124,139,
1929,73,5000000,0,user_39,129,139,
528,77,4999999,0,user_8,123,139,177
529,78,4999999,0,user_8,123,139,177
545,76,4999999,0,user_21,123,139,177
348,79,4999999,0,user_16,122,139,177
354,80,4999999,0,user_24,122,139,177
724,85,4999999,0,user_25,124,139,177
1593,75,4999999,0,user_7,128,139,177
1894,86,4999999,0,user_4,129,139,177
1901,87,4999999,0,user_10,129,139,177
1909,88,4999999,0,user_18,129,139,177
1898,89,4999999,0,user_5,129,139,177
1914,90,4999999,0,user_23,129,139,177
1913,92,4999999,0,user_22,129,139,177
1916,91,4999999,0,user_24,129,139,177
732,94,4500000,16400,user_31,124,139,
2162,65,4499999,0,builder_18,129,129,732
55,99,4200000,33100,user_43,120,139,
2163,67,4199999,0,builder_18,129,129,55
343,98,4200001,0,user_10,122,137,55
156,95,4200001,0,user_9,121,136,55
162,99,4200001,0,user_13,121,137,55
163,94,4200001,0,user_13,121,136,55
169,96,4200001,0,user_17,121,136,55
341,97,4200001,0,user_8,122,137,55
1151,98,4200000,0,user_34,126,136,
1622,99,4200000,0,user_28,128,136,
552,97,4200000,0,user_34,123,136,
362,97,4200000,0,user_32,122,135,
1634,98,4200000,0,user_39,128,135,
171,98,4199999,0,user_20,121,133,55
159,99,4199999,0,user_13,121,133,55
344,99,4199999,0,user_11,122,135,55
340,99,4199999,0,user_8,122,134,55
176,99,4199999,0,user_26,121,132,55
1371,97,3500000,283000,user_31,127,131,
2164,85,3499999,0,builder_18,129,129,1371
1144,98,3500000,5640,user_30,126,131,
2165,87,3499999,0,builder_18,129,129,1144
1892,99,3500001,0,user_1,129,130,1618
1895,97,3500001,0,user_4,129,130,1618
1896,98,3500001,0,user_4,129,130,1618
1907,91,3500001,0,user_16,129,129,1618
1897,92,3499999,0,user_4,129,129,1618
1900,93,3499999,0,user_10,129,129,1618
1902,94,3499999,0,user_10,129,129,1618
1912,95,3499999,0,user_21,129,129,1618
38,96,3200000,21800,user_30,120,129,
2166,97,3199999,0,builder_18,129,129,38
555,98,3200000,6390,user_37,123,129,
2167,99,3199999,0,builder_18,129,129,555
1627,3,43000000,0,user_29,128,139,
11,2,43000000,0,user_9,120,139,
1370,5,30000000,0,user_29,127,139,
735,7,30000000,0,user_35,124,139,
1931,8,30000000,0,user_41,129,139,
358,9,27000000,0,user_28,122,139,
1926,10,27000000,0,user_34,129,139,
2217,12,19000000,0,user_40,130,139,
727,18,170000,17700000,user_27,124,139,
2406,9,169999,0,builder_18,130,130,727
2407,10,3500001,0,builder_18,130,130,1618
1618,20,3500000,7190000,user_27,128,139,
46,22,6300000,7840,user_34,120,139,
2408,13,6299999,0,builder_18,130,130,46
164,23,6300001,0,user_14,121,139,46
1147,25,6300000,0,user_31,126,139,
1640,27,6300000,0,user_44,128,139,
187,28,6300000,0,user_33,121,139,
152,30,6299999,0,user_6,121,139,46
165,31,6299999,0,user_14,121,139,46
166,29,6299999,0,user_16,121,139,46
1158,32,6100000,0,user_47,126,139,
1626,35,6100000,0,user_29,128,139,
43,34,6100000,0,user_33,120,139,
51,33,6100000,0,user_40,120,139,
177,36,5000000,381000,user_27,121,139,
2409,26,4999999,0,builder_18,130,130,177
908,41,5200000,0,user_27,125,139,
1384,45,5000000,13900,user_45,127,139,
2410,29,4999999,0,builder_18,130,130,1384
1380,47,5000000,6390,user_41,127,139,
2411,31,4999999,0,builder_18,130,130,1380
1124,48,5000001,0,user_10,126,139,177
1617,61,5000001,0,user_26,128,139,177
1905,49,5000001,0,user_13,129,139,177
1911,62,5000001,0,user_20,129,139,177
547,50,5000001,0,user_26,123,139,177
538,51,5000001,0,user_17,123,139,177
719,58,5000001,0,user_19,124,139,177
714,59,5000001,0,user_15,124,139,177
345,52,5000001,0,user_12,122,139,177
353,53,5000001,0,user_24,122,139,177
349,65,5000001,0,user_19,122,139,177
883,60,5000001,0,user_0,125,139,177
1910,63,5000001,0,user_18,129,139,177
1917,64,5000001,0,user_24,129,139,177
2184,54,5000001,0,user_11,130,139,177
2168,55,5000001,0,user_0,130,139,177
2181,56,5000001,0,user_9,130,139,177
2183,57,5000001,0,user_9,130,139,177
1377,69,5000000,0,user_37,127,139,
749,72,5000000,0,user_47,124,139,
731,70,5000000,0,user_30,124,139,
191,71,5000000,0,user_38,121,139,
1929,73,5000000,0,user_39,129,139,
1593,75,4999999,0,user_7,128,139,177
1894,86,4999999,0,user_4,129,139,177
1898,89,4999999,0,user_5,129,139,177
1901,87,4999999,0,user_10,129,139,177
545,76,4999999,0,user_21,123,139,177
528,77,4999999,0,user_8,123,139,177
529,78,4999999,0,user_8,123,139,177
724,85,4999999,0,user_25,124,139,177
348,79,4999999,0,user_16,122,139,177
354,80,4999999,0,user_24,122,139,177
1913,92,4999999,0,user_22,129,139,177
1909,88,4999999,0,user_18,129,139,177
1914,90,4999999,0,user_23,129,139,177
1916,91,4999999,0,user_24,129,139,177
2179,82,4999999,0,user_9,130,139,177
2180,83,4999999,0,user_9,130,139,177
2182,84,4999999,0,user_9,130,139,177
2178,81,4999999,0,user_8,130,139,177
2412,73,4500001,0,builder_18,130,130,732
732,94,4500000,16400,user_31,124,139,
55,99,4200000,33100,user_43,120,139,
2413,76,4199999,0,builder_18,130,130,55
162,99,4200001,0,user_13,121,137,55
163,94,4200001,0,user_13,121,136,55
156,95,4200001,0,user_9,121,136,55
169,96,4200001,0,user_17,121,136,55
343,98,4200001,0,user_10,122,137,55
341,97,4200001,0,user_8,122,137,55
1622,99,4200000,0,user_28,128,136,
1634,98,4200000,0,user_39,128,135,
552,97,4200000,0,user_34,123,136,
362,97,4200000,0,user_32,122,135,
1151,98,4200000,0,user_34,126,136,
159,99,4199999,0,user_13,121,133,55
171,98,4199999,0,user_20,121,133,55
176,99,4199999,0,user_26,121,132,55
344,99,4199999,0,user_11,122,135,55
340,99,4199999,0,user_8,122,134,55
1371,97,3500000,283000,user_31,127,131,
2414,94,3499999,0,builder_18,130,130,1371
1144,98,3500000,5640,user_30,126,131,
2415,96,3499999,0,builder_18,130,130,1144
1895,97,3500001,0,user_4,129,130,1618
1896,98,3500001,0,user_4,129,130,1618
1892,99,3500001,0,user_1,129,130,1618
1627,3,43000000,0,user_29,128,139,
11,2,43000000,0,user_9,120,139,
1931,8,30000000,0,user_41,129,139,
735,7,30000000,0,user_35,124,139,
1370,5,30000000,0,user_29,127,139,
2214,6,30000000,0,user_38,130,139,
1926,10,27000000,0,user_34,129,139,
358,9,27000000,0,user_28,122,139,
2217,12,19000000,0,user_40,130,139,
2449,13,19000000,0,user_32,131,139,
727,18,170000,17700000,user_27,124,139,
2640,11,169999,0,builder_18,131,131,727
2641,12,3500001,0,builder_18,131,131,1618
1618,20,3500000,7190000,user_27,128,139,
46,22,6300000,7840,user_34,120,139,
2642,15,6299999,0,builder_18,131,131,46
164,23,6300001,0,user_14,121,139,46
1640,27,6300000,0,user_44,128,139,
187,28,6300000,0,user_33,121,139,
1147,25,6300000,0,user_31,126,139,
165,31,6299999,0,user_14,121,139,46
166,29,6299999,0,user_16,121,139,46
152,30,6299999,0,user_6,121,139,46
1626,35,6100000,0,user_29,128,139,
51,33,6100000,0,user_40,120,139,
43,34,6100000,0,user_33,120,139,
1158,32,6100000,0,user_47,126,139,
2643,27,5000001,0,builder_18,131,131,177
177,36,5000000,381000,user_27,121,139,
908,41,5200000,0,user_27,125,139,
2226,40,5200000,0,user_49,130,139,
1384,45,5000000,13900,user_45,127,139,
2644,32,4999999,0,builder_18,131,131,1384
1380,47,5000000,6390,user_41,127,139,
2645,34,4999999,0,builder_18,131,131,1380
1617,61,5000001,0,user_26,128,139,177
1905,49,5000001,0,user_13,129,139,177
1911,62,5000001,0,user_20,129,139,177
1910,63,5000001,0,user_18,129,139,177
1917,64,5000001,0,user_24,129,139,177
2184,54,5000001,0,user_11,130,139,177
2168,55,5000001,0,user_0,130,139,177
883,60,5000001,0,user_0,125,139,177
1124,48,5000001,0,user_10,126,139,177
538,51,5000001,0,user_17,123,139,177
547,50,5000001,0,user_26,123,139,177
719,58,5000001,0,user_19,124,139,177
714,59,5000001,0,user_15,124,139,177
345,52,5000001,0,user_12,122,139,177
349,65,5000001,0,user_19,122,139,177
353,53,5000001,0,user_24,122,139,177
2181,56,5000001,0,user_9,130,139,177
2183,57,5000001,0,user_9,130,139,177
1929,73,5000000,0,user_39,129,139,
1377,69,5000000,0,user_37,127,139,
749,72,5000000,0,user_47,124,139,
731,70,5000000,0,user_30,124,139,
191,71,5000000,0,user_38,121,139,
1593,75,4999999,0,user_7,128,139,177
1894,86,4999999,0,user_4,129,139,177
1898,89,4999999,0,user_5,129,139,177
1913,92,4999999,0,user_22,129,139,177
1901,87,4999999,0,user_10,129,139,177
1909,88,4999999,0,user_18,129,139,177
1914,90,4999999,0,user_23,129,139,177
1916,91,4999999,0,user_24,129,139,177
545,76,4999999,0,user_21,123,139,177
528,77,4999999,0,user_8,123,139,177
529,78,4999999,0,user_8,123,139,177
724,85,4999999,0,user_25,124,139,177
348,79,4999999,0,user_16,122,139,177
354,80,4999999,0,user_24,122,139,177
2178,81,4999999,0,user_8,130,139,177
2179,82,4999999,0,user_9,130,139,177
2180,83,4999999,0,user_9,130,139,177
2182,84,4999999,0,user_9,130,139,177
732,94,4500000,16400,user_31,124,139,
2646,77,4499999,0,builder_18,131,131,732
2647,78,4200001,0,builder_18,131,131,55
55,99,4200000,33100,user_43,120,139,
162,99,4200001,0,user_13,121,137,55
163,94,4200001,0,user_13,121,136,55
169,96,4200001,0,user_17,121,136,55
156,95,4200001,0,user_9,121,136,55
343,98,4200001,0,user_10,122,137,55
341,97,4200001,0,user_8,122,137,55
1622,99,4200000,0,user_28,128,136,
1634,98,4200000,0,user_39,128,135,
362,97,4200000,0,user_32,122,135,
552,97,4200000,0,user_34,123,136,
1151,98,4200000,0,user_34,126,136,
159,99,4199999,0,user_13,121,133,55
171,98,4199999,0,user_20,121,133,55
176,99,4199999,0,user_26,121,132,55
344,99,4199999,0,user_11,122,135,55
340,99,4199999,0,user_8,122,134,55
2648,96,3500001,0,builder_18,131,131,1371
1371,97,3500000,283000,user_31,127,131,
1144,98,3500000,5640,user_30,126,131,
2649,99,3499999,0,builder_18,131,131,1144
2678,4,43000000,0,user_34,132,139,
1627,3,43000000,0,user_29,128,139,
11,2,43000000,0,user_9,120,139,
2214,6,30000000,0,user_38,130,139,
1931,8,30000000,0,user_41,129,139,
1370,5,30000000,0,user_29,127,139,
735,7,30000000,0,user_35,124,139,
1926,10,27000000,0,user_34,129,139,
2677,11,27000000,0,user_32,132,139,
358,9,27000000,0,user_28,122,139,
2449,13,19000000,0,user_32,131,139,
2217,12,19000000,0,user_40,130,139,
727,18,170000,17700000,user_27,124,139,
2857,13,169999,0,builder_17,132,132,727
2858,14,3500001,0,builder_17,132,132,1618
1618,20,3500000,7190000,user_27,128,139,
46,22,6300000,7840,user_34,120,139,
2859,17,6299999,0,builder_17,132,132,46
164,23,6300001,0,user_14,121,139,46
1640,27,6300000,0,user_44,128,139,
1147,25,6300000,0,user_31,126,139,
187,28,6300000,0,user_33,121,139,
166,29,6299999,0,user_16,121,139,46
152,30,6299999,0,user_6,121,139,46
165,31,6299999,0,user_14,121,139,46
1626,35,6100000,0,user_29,128,139,
51,33,6100000,0,user_40,120,139,
1158,32,6100000,0,user_47,126,139,
43,34,6100000,0,user_33,120,139,
177,36,5000000,381000,user_27,121,139,
2860,30,4999999,0,builder_17,132,132,177
2226,40,5200000,0,user_49,130,139,
908,41,5200000,0,user_27,125,139,
2861,33,5000001,0,builder_17,132,132,1384
1384,45,5000000,13900,user_45,127,139,
2862,35,5000001,0,builder_17,132,132,1380
1380,47,5000000,6390,user_41,127,139,
2181,56,5000001,0,user_9,130,139,177
2183,57,5000001,0,user_9,130,139,177
2168,55,5000001,0,user_0,130,139,177
1910,63,5000001,0,user_18,129,139,177
1911,62,5000001,0,user_20,129,139,177
2184,54,5000001,0,user_11,130,139,177
1617,61,5000001,0,user_26,128,139,177
1905,49,5000001,0,user_13,129,139,177
1917,64,5000001,0,user_24,129,139,177
1124,48,5000001,0,user_10,126,139,177
538,51,5000001,0,user_17,123,139,177
547,50,5000001,0,user_26,123,139,177
345,52,5000001,0,user_12,122,139,177
353,53,5000001,0,user_24,122,139,177
719,58,5000001,0,user_19,124,139,177
714,59,5000001,0,user_15,124,139,177
883,60,5000001,0,user_0,125,139,177
349,65,5000001,0,user_19,122,139,177
1929,73,5000000,0,user_39,129,139,
731,70,5000000,0,user_30,124,139,
1377,69,5000000,0,user_37,127,139,
749,72,5000000,0,user_47,124,139,
191,71,5000000,0,user_38,121,139,
2179,82,4999999,0,user_9,130,139,177
2180,83,4999999,0,user_9,130,139,177
2182,84,4999999,0,user_9,130,139,177
2178,81,4999999,0,user_8,130,139,177
1909,88,4999999,0,user_18,129,139,177
1894,86,4999999,0,user_4,129,139,177
1898,89,4999999,0,user_5,129,139,177
1913,92,4999999,0,user_22,129,139,177
1901,87,4999999,0,user_10,129,139,177
1914,90,4999999,0,user_23,129,139,177
1916,91,4999999,0,user_24,129,139,177
545,76,4999999,0,user_21,123,139,177
528,77,4999999,0,user_8,123,139,177
529,78,4999999,0,user_8,123,139,177
348,79,4999999,0,user_16,122,139,177
354,80,4999999,0,user_24,122,139,177
1593,75,4999999,0,user_7,128,139,177
724,85,4999999,0,user_25,124,139,177
2863,78,4500001,0,builder_17,132,132,732
732,94,4500000,16400,user_31,124,139,
2864,80,4200001,0,builder_17,132,132,2681
2681,97,4200000,231000,user_36,132,139,
55,99,4200000,33100,user_43,120,139,
2865,83,4199999,0,builder_17,132,132,55
343,98,4200001,0,user_10,122,137,55
341,97,4200001,0,user_8,122,137,55
162,99,4200001,0,user_13,121,137,55
163,94,4200001,0,user_13,121,136,55
156,95,4200001,0,user_9,121,136,55
169,96,4200001,0,user_17,121,136,55
1634,98,4200000,0,user_39,128,135,
1622,99,4200000,0,user_28,128,136,
552,97,4200000,0,user_34,123,136,
1151,98,4200000,0,user_34,126,136,
362,97,4200000,0,user_32,122,135,
344,99,4199999,0,user_11,122,135,55
340,99,4199999,0,user_8,122,134,55
159,99,4199999,0,user_13,121,133,55
171,98,4199999,0,user_20,121,133,55
176,99,4199999,0,user_26,121,132,55
3089,0,43000001,0,builder_18,133,133,2919
2919,1,43000000,56200,user_39,133,139,
11,2,43000000,0,user_9,120,139,
1627,3,43000000,0,user_29,128,139,
2678,4,43000000,0,user_34,132,139,
2214,6,30000000,0,user_38,130,139,
1370,5,30000000,0,user_29,127,139,
735,7,30000000,0,user_35,124,139,
1931,8,30000000,0,user_41,129,139,
358,9,27000000,0,user_28,122,139,
1926,10,27000000,0,user_34,129,139,
2677,11,27000000,0,user_32,132,139,
2449,13,19000000,0,user_32,131,139,
2217,12,19000000,0,user_40,130,139,
727,18,170000,17700000,user_27,124,139,
3090,15,169999,0,builder_18,133,133,727
1618,20,3500000,7190000,user_27,128,139,
3091,17,3499999,0,builder_18,133,133,1618
3092,18,6300001,0,builder_18,133,133,46
46,22,6300000,7840,user_34,120,139,
164,23,6300001,0,user_14,121,139,46
1147,25,6300000,0,user_31,126,139,
1640,27,6300000,0,user_44,128,139,
187,28,6300000,0,user_33,121,139,
165,31,6299999,0,user_14,121,139,46
166,29,6299999,0,user_16,121,139,46
152,30,6299999,0,user_6,121,139,46
1158,32,6100000,0,user_47,126,139,
51,33,6100000,0,user_40,120,139,
43,34,6100000,0,user_33,120,139,
1626,35,6100000,0,user_29,128,139,
3093,31,5000001,0,builder_18,133,133,177
177,36,5000000,381000,user_27,121,139,
2226,40,5200000,0,user_49,130,139,
908,41,5200000,0,user_27,125,139,
1384,45,5000000,13900,user_45,127,139,
3094,36,4999999,0,builder_18,133,133,1384
1380,47,5000000,6390,user_41,127,139,
3095,38,4999999,0,builder_18,133,133,1380
2184,54,5000001,0,user_11,130,139,177
1905,49,5000001,0,user_13,129,139,177
2168,55,5000001,0,user_0,130,139,177
2181,56,5000001,0,user_9,130,139,177
2183,57,5000001,0,user_9,130,139,177
1124,48,5000001,0,user_10,126,139,177
538,51,5000001,0,user_17,123,139,177
547,50,5000001,0,user_26,123,139,177
719,58,5000001,0,user_19,124,139,177
345,52,5000001,0,user_12,122,139,177
353,53,5000001,0,user_24,122,139,177
349,65,5000001,0,user_19,122,139,177
714,59,5000001,0,user_15,124,139,177
883,60,5000001,0,user_0,125,139,177
1617,61,5000001,0,user_26,128,139,177
1911,62,5000001,0,user_20,129,139,177
1910,63,5000001,0,user_18,129,139,177
1917,64,5000001,0,user_24,129,139,177
1377,69,5000000,0,user_37,127,139,
191,71,5000000,0,user_38,121,139,
749,72,5000000,0,user_47,124,139,
731,70,5000000,0,user_30,124,139,
1929,73,5000000,0,user_39,129,139,
2913,74,5000000,0,user_34,133,139,
2179,82,4999999,0,user_9,130,139,177
2180,83,4999999,0,user_9,130,139,177
2182,84,4999999,0,user_9,130,139,177
2178,81,4999999,0,user_8,130,139,177
528,77,4999999,0,user_8,123,139,177
529,78,4999999,0,user_8,123,139,177
545,76,4999999,0,user_21,123,139,177
348,79,4999999,0,user_16,122,139,177
354,80,4999999,0,user_24,122,139,177
724,85,4999999,0,user_25,124,139,177
1593,75,4999999,0,user_7,128,139,177
1894,86,4999999,0,user_4,129,139,177
1901,87,4999999,0,user_10,129,139,177
1909,88,4999999,0,user_18,129,139,177
1898,89,4999999,0,user_5,129,139,177
1914,90,4999999,0,user_23,129,139,177
1916,91,4999999,0,user_24,129,139,177
1913,92,4999999,0,user_22,129,139,177
3096,81,4500001,0,builder_18,133,133,732
732,94,4500000,16400,user_31,124,139,
2681,97,4200000,231000,user_36,132,139,
3097,84,4199999,0,builder_18,133,133,2681
55,99,4200000,33100,user_43,120,139,
3098,86,4199999,0,builder_18,133,133,55
343,98,4200001,0,user_10,122,137,55
156,95,4200001,0,user_9,121,136,55
162,99,4200001,0,user_13,121,137,55
163,94,4200001,0,user_13,121,136,55
169,96,4200001,0,user_17,121,136,55
341,97,4200001,0,user_8,122,137,55
1151,98,4200000,0,user_34,126,136,
1622,99,4200000,0,user_28,128,136,
552,97,4200000,0,user_34,123,136,
362,97,4200000,0,user_32,122,135,
1634,98,4200000,0,user_39,128,135,
171,98,4199999,0,user_20,121,133,55
159,99,4199999,0,user_13,121,133,55
3311,0,43000001,0,builder_17,134,134,2919
2919,1,43000000,56200,user_39,133,139,
2678,4,43000000,0,user_34,132,139,
11,2,43000000,0,user_9,120,139,
1627,3,43000000,0,user_29,128,139,
2214,6,30000000,0,user_38,130,139,
1370,5,30000000,0,user_29,127,139,
735,7,30000000,0,user_35,124,139,
1931,8,30000000,0,user_41,129,139,
2677,11,27000000,0,user_32,132,139,
358,9,27000000,0,user_28,122,139,
1926,10,27000000,0,user_34,129,139,
2449,13,19000000,0,user_32,131,139,
2217,12,19000000,0,user_40,130,139,
3312,14,170001,0,builder_17,134,134,727
727,18,170000,17700000,user_27,124,139,
3313,16,3500001,0,builder_17,134,134,1618
1618,20,3500000,7190000,user_27,128,139,
3314,18,6300001,0,builder_17,134,134,46
46,22,6300000,7840,user_34,120,139,
164,23,6300001,0,user_14,121,139,46
1147,25,6300000,0,user_31,126,139,
187,28,6300000,0,user_33,121,139,
1640,27,6300000,0,user_44,128,139,
166,29,6299999,0,user_16,121,139,46
152,30,6299999,0,user_6,121,139,46
165,31,6299999,0,user_14,121,139,46
1158,32,6100000,0,user_47,126,139,
51,33,6100000,0,user_40,120,139,
43,34,6100000,0,user_33,120,139,
1626,35,6100000,0,user_29,128,139,
177,36,5000000,381000,user_27,121,139,
3315,32,4999999,0,builder_17,134,134,177
2226,40,5200000,0,user_49,130,139,
908,41,5200000,0,user_27,125,139,
3316,35,5000001,0,builder_17,134,134,1384
1384,45,5000000,13900,user_45,127,139,
3317,37,5000001,0,builder_17,134,134,1380
1380,47,5000000,6390,user_41,127,139,
2168,55,5000001,0,user_0,130,139,177
2181,56,5000001,0,user_9,130,139,177
2183,57,5000001,0,user_9,130,139,177
1124,48,5000001,0,user_10,126,139,177
538,51,5000001,0,user_17,123,139,177
547,50,5000001,0,user_26,123,139,177
345,52,5000001,0,user_12,122,139,177
353,53,5000001,0,user_24,122,139,177
1905,49,5000001,0,user_13,129,139,177
2184,54,5000001,0,user_11,130,139,177
714,59,5000001,0,user_15,124,139,177
883,60,5000001,0,user_0,125,139,177
719,58,5000001,0,user_19,124,139,177
1617,61,5000001,0,user_26,128,139,177
1910,63,5000001,0,user_18,129,139,177
1917,64,5000001,0,user_24,129,139,177
1911,62,5000001,0,user_20,129,139,177
349,65,5000001,0,user_19,122,139,177
2913,74,5000000,0,user_34,133,139,
1377,69,5000000,0,user_37,127,139,
731,70,5000000,0,user_30,124,139,
749,72,5000000,0,user_47,124,139,
191,71,5000000,0,user_38,121,139,
1929,73,5000000,0,user_39,129,139,
1914,90,4999999,0,user_23,129,139,177
2179,82,4999999,0,user_9,130,139,177
2180,83,4999999,0,user_9,130,139,177
2182,84,4999999,0,user_9,130,139,177
528,77,4999999,0,user_8,123,139,177
529,78,4999999,0,user_8,123,139,177
545,76,4999999,0,user_21,123,139,177
348,79,4999999,0,user_16,122,139,177
354,80,4999999,0,user_24,122,139,177
1593,75,4999999,0,user_7,128,139,177
2178,81,4999999,0,user_8,130,139,177
724,85,4999999,0,user_25,124,139,177
1894,86,4999999,0,user_4,129,139,177
1898,89,4999999,0,user_5,129,139,177
1913,92,4999999,0,user_22,129,139,177
1901,87,4999999,0,user_10,129,139,177
1909,88,4999999,0,user_18,129,139,177
1916,91,4999999,0,user_24,129,139,177
3318,81,4500001,0,builder_17,134,134,732
732,94,4500000,16400,user_31,124,139,
2681,97,4200000,231000,user_36,132,139,
3319,84,4199999,0,builder_17,134,134,2681
55,99,4200000,33100,user_43,120,139,
3320,86,4199999,0,builder_17,134,134,55
343,98,4200001,0,user_10,122,137,55
341,97,4200001,0,user_8,122,137,55
169,96,4200001,0,user_17,121,136,55
156,95,4200001,0,user_9,121,136,55
162,99,4200001,0,user_13,121,137,55
163,94,4200001,0,user_13,121,136,55
1151,98,4200000,0,user_34,126,136,
552,97,4200000,0,user_34,123,136,
362,97,4200000,0,user_32,122,135,
1634,98,4200000,0,user_39,128,135,
1622,99,4200000,0,user_28,128,136,
344,99,4199999,0,user_11,122,135,55
340,99,4199999,0,user_8,122,134,55
2919,1,43000000,56200,user_39,133,139,
3552,1,42999999,0,builder_17,135,135,2919
2678,4,43000000,0,user_34,132,139,
11,2,43000000,0,user_9,120,139,
1627,3,43000000,0,user_29,128,139,
1370,5,30000000,0,user_29,127,139,
735,7,30000000,0,user_35,124,139,
1931,8,30000000,0,user_41,129,139,
2214,6,30000000,0,user_38,130,139,
358,9,27000000,0,user_28,122,139,
1926,10,27000000,0,user_34,129,139,
2677,11,27000000,0,user_32,132,139,
2217,12,19000000,0,user_40,130,139,
2449,13,19000000,0,user_32,131,139,
727,18,170000,17700000,user_27,124,139,
3553,15,169999,0,builder_17,135,135,727
3554,16,3500001,0,builder_17,135,135,1618
1618,20,3500000,7190000,user_27,128,139,
46,22,6300000,7840,user_34,120,139,
3555,19,6299999,0,builder_17,135,135,46
164,23,6300001,0,user_14,121,139,46
1147,25,6300000,0,user_31,126,139,
1640,27,6300000,0,user_44,128,139,
187,28,6300000,0,user_33,121,139,
166,29,6299999,0,user_16,121,139,46
152,30,6299999,0,user_6,121,139,46
165,31,6299999,0,user_14,121,139,46
1158,32,6100000,0,user_47,126,139,
51,33,6100000,0,user_40,120,139,
43,34,6100000,0,user_33,120,139,
1626,35,6100000,0,user_29,128,139,
3556,31,5000001,0,builder_17,135,135,177
177,36,5000000,381000,user_27,121,139,
908,41,5200000,0,user_27,125,139,
2226,40,5200000,0,user_49,130,139,
3557,35,5000001,0,builder_17,135,135,1384
1384,45,5000000,13900,user_45,127,139,
3558,37,5000001,0,builder_17,135,135,1380
1380,47,5000000,6390,user_41,127,139,
1124,48,5000001,0,user_10,126,139,177
1905,49,5000001,0,user_13,129,139,177
547,50,5000001,0,user_26,123,139,177
538,51,5000001,0,user_17,123,139,177
345,52,5000001,0,user_12,122,139,177
353,53,5000001,0,user_24,122,139,177
2184,54,5000001,0,user_11,130,139,177
719,58,5000001,0,user_19,124,139,177
714,59,5000001,0,user_15,124,139,177
883,60,5000001,0,user_0,125,139,177
1617,61,5000001,0,user_26,128,139,177
1911,62,5000001,0,user_20,129,139,177
1910,63,5000001,0,user_18,129,139,177
2168,55,5000001,0,user_0,130,139,177
2181,56,5000001,0,user_9,130,139,177
2183,57,5000001,0,user_9,130,139,177
1917,64,5000001,0,user_24,129,139,177
349,65,5000001,0,user_19,122,139,177
2913,74,5000000,0,user_34,133,139,
1377,69,5000000,0,user_37,127,139,
731,70,5000000,0,user_30,124,139,
191,71,5000000,0,user_38,121,139,
749,72,5000000,0,user_47,124,139,
1929,73,5000000,0,user_39,129,139,
1593,75,4999999,0,user_7,128,139,177
545,76,4999999,0,user_21,123,139,177
528,77,4999999,0,user_8,123,139,177
529,78,4999999,0,user_8,123,139,177
348,79,4999999,0,user_16,122,139,177
354,80,4999999,0,user_24,122,139,177
2178,81,4999999,0,user_8,130,139,177
724,85,4999999,0,user_25,124,139,177
1894,86,4999999,0,user_4,129,139,177
1901,87,4999999,0,user_10,129,139,177
1909,88,4999999,0,user_18,129,139,177
1898,89,4999999,0,user_5,129,139,177
1914,90,4999999,0,user_23,129,139,177
2179,82,4999999,0,user_9,130,139,177
2180,83,4999999,0,user_9,130,139,177
2182,84,4999999,0,user_9,130,139,177
1916,91,4999999,0,user_24,129,139,177
1913,92,4999999,0,user_22,129,139,177
732,94,4500000,16400,user_31,124,139,
3559,82,4499999,0,builder_17,135,135,732
3378,95,4500000,0,user_42,135,139,
2681,97,4200000,231000,user_36,132,139,
3560,85,4199999,0,builder_17,135,135,2681
3561,86,4200001,0,builder_17,135,135,55
55,99,4200000,33100,user_43,120,139,
343,98,4200001,0,user_10,122,137,55
341,97,4200001,0,user_8,122,137,55
156,95,4200001,0,user_9,121,136,55
162,99,4200001,0,user_13,121,137,55
163,94,4200001,0,user_13,121,136,55
169,96,4200001,0,user_17,121,136,55
552,97,4200000,0,user_34,123,136,
1151,98,4200000,0,user_34,126,136,
1622,99,4200000,0,user_28,128,136,
362,97,4200000,0,user_32,122,135,
1634,98,4200000,0,user_39,128,135,
344,99,4199999,0,user_11,122,135,55
3811,0,43000001,0,builder_17,136,136,2919
2919,1,43000000,56200,user_39,133,139,
2678,4,43000000,0,user_34,132,139,
1627,3,43000000,0,user_29,128,139,
11,2,43000000,0,user_9,120,139,
1370,5,30000000,0,user_29,127,139,
735,7,30000000,0,user_35,124,139,
1931,8,30000000,0,user_41,129,139,
2214,6,30000000,0,user_38,130,139,
2677,11,27000000,0,user_32,132,139,
358,9,27000000,0,user_28,122,139,
1926,10,27000000,0,user_34,129,139,
2217,12,19000000,0,user_40,130,139,
2449,13,19000000,0,user_32,131,139,
3812,14,170001,0,builder_17,136,136,727
727,18,170000,17700000,user_27,124,139,
3813,16,3500001,0,builder_17,136,136,1618
1618,20,3500000,7190000,user_27,128,139,
3814,18,6300001,0,builder_17,136,136,46
46,22,6300000,7840,user_34,120,139,
164,23,6300001,0,user_14,121,139,46
1147,25,6300000,0,user_31,126,139,
1640,27,6300000,0,user_44,128,139,
187,28,6300000,0,user_33,121,139,
166,29,6299999,0,user_16,121,139,46
152,30,6299999,0,user_6,121,139,46
165,31,6299999,0,user_14,121,139,46
51,33,6100000,0,user_40,120,139,
1158,32,6100000,0,user_47,126,139,
1626,35,6100000,0,user_29,128,139,
43,34,6100000,0,user_33,120,139,
3815,31,5000001,0,builder_17,136,136,177
177,36,5000000,381000,user_27,121,139,
3380,38,5000000,215000,user_43,135,139,
3816,34,4999999,0,builder_17,136,136,3380
908,41,5200000,0,user_27,125,139,
2226,40,5200000,0,user_49,130,139,
1384,45,5000000,13900,user_45,127,139,
3817,38,4999999,0,builder_17,136,136,1384
1380,47,5000000,6390,user_41,127,139,
3818,40,4999999,0,builder_17,136,136,1380
1905,49,5000001,0,user_13,129,139,177
2184,54,5000001,0,user_11,130,139,177
1124,48,5000001,0,user_10,126,139,177
538,51,5000001,0,user_17,123,139,177
547,50,5000001,0,user_26,123,139,177
345,52,5000001,0,user_12,122,139,177
353,53,5000001,0,user_24,122,139,177
1617,61,5000001,0,user_26,128,139,177
1911,62,5000001,0,user_20,129,139,177
719,58,5000001,0,user_19,124,139,177
714,59,5000001,0,user_15,124,139,177
883,60,5000001,0,user_0,125,139,177
1910,63,5000001,0,user_18,129,139,177
1917,64,5000001,0,user_24,129,139,177
2168,55,5000001,0,user_0,130,139,177
2181,56,5000001,0,user_9,130,139,177
2183,57,5000001,0,user_9,130,139,177
349,65,5000001,0,user_19,122,139,177
2913,74,5000000,0,user_34,133,139,
1377,69,5000000,0,user_37,127,139,
731,70,5000000,0,user_30,124,139,
749,72,5000000,0,user_47,124,139,
191,71,5000000,0,user_38,121,139,
1929,73,5000000,0,user_39,129,139,
3625,68,5000000,0,user_42,136,139,
1593,75,4999999,0,user_7,128,139,177
545,76,4999999,0,user_21,123,139,177
528,77,4999999,0,user_8,123,139,177
529,78,4999999,0,user_8,123,139,177
348,79,4999999,0,user_16,122,139,177
354,80,4999999,0,user_24,122,139,177
2178,81,4999999,0,user_8,130,139,177
1894,86,4999999,0,user_4,129,139,177
1898,89,4999999,0,user_5,129,139,177
1901,87,4999999,0,user_10,129,139,177
724,85,4999999,0,user_25,124,139,177
1913,92,4999999,0,user_22,129,139,177
1909,88,4999999,0,user_18,129,139,177
1914,90,4999999,0,user_23,129,139,177
1916,91,4999999,0,user_24,129,139,177
2179,82,4999999,0,user_9,130,139,177
2180,83,4999999,0,user_9,130,139,177
2182,84,4999999,0,user_9,130,139,177
732,94,4500000,16400,user_31,124,139,
3819,85,4499999,0,builder_17,136,136,732
3378,95,4500000,0,user_42,135,139,
2681,97,4200000,231000,user_36,132,139,
3820,88,4199999,0,builder_17,136,136,2681
3821,89,4200001,0,builder_17,136,136,55
55,99,4200000,33100,user_43,120,139,
343,98,4200001,0,user_10,122,137,55
341,97,4200001,0,user_8,122,137,55
162,99,4200001,0,user_13,121,137,55
163,94,4200001,0,user_13,121,136,55
156,95,4200001,0,user_9,121,136,55
169,96,4200001,0,user_17,121,136,55
552,97,4200000,0,user_34,123,136,
1151,98,4200000,0,user_34,126,136,
1622,99,4200000,0,user_28,128,136,
4091,0,43000001,0,builder_17,137,137,2919
2919,1,43000000,56200,user_39,133,139,
1627,3,43000000,0,user_29,128,139,
11,2,43000000,0,user_9,120,139,
2678,4,43000000,0,user_34,132,139,
1370,5,30000000,0,user_29,127,139,
1931,8,30000000,0,user_41,129,139,
735,7,30000000,0,user_35,124,139,
2214,6,30000000,0,user_38,130,139,
1926,10,27000000,0,user_34,129,139,
358,9,27000000,0,user_28,122,139,
2677,11,27000000,0,user_32,132,139,
2217,12,19000000,0,user_40,130,139,
2449,13,19000000,0,user_32,131,139,
4092,14,660001,0,builder_17,137,137,3875
3875,15,660000,17700000,user_31,137,139,
727,18,170000,17700000,user_27,124,139,
4093,17,169999,0,builder_17,137,137,727
4094,18,3500001,0,builder_17,137,137,1618
1618,20,3500000,7190000,user_27,128,139,
4095,20,6300001,0,builder_17,137,137,46
46,22,6300000,7840,user_34,120,139,
164,23,6300001,0,user_14,121,139,46
1147,25,6300000,0,user_31,126,139,
1640,27,6300000,0,user_44,128,139,
187,28,6300000,0,user_33,121,139,
3876,24,6300000,0,user_31,137,139,
166,29,6299999,0,user_16,121,139,46
152,30,6299999,0,user_6,121,139,46
165,31,6299999,0,user_14,121,139,46
1158,32,6100000,0,user_47,126,139,
51,33,6100000,0,user_40,120,139,
1626,35,6100000,0,user_29,128,139,
43,34,6100000,0,user_33,120,139,
4096,34,5000001,0,builder_17,137,137,177
177,36,5000000,381000,user_27,121,139,
4097,36,5000001,0,builder_17,137,137,3380
3380,38,5000000,215000,user_43,135,139,
908,41,5200000,0,user_27,125,139,
2226,40,5200000,0,user_49,130,139,
4098,40,5000001,0,builder_17,137,137,3874
3874,43,5000000,14200,user_30,137,139,
4099,42,5000001,0,builder_17,137,137,1384
1384,45,5000000,13900,user_45,127,139,
1380,47,5000000,6390,user_41,127,139,
4100,45,4999999,0,builder_17,137,137,1380
2184,54,5000001,0,user_11,130,139,177
1905,49,5000001,0,user_13,129,139,177
1124,48,5000001,0,user_10,126,139,177
345,52,5000001,0,user_12,122,139,177
353,53,5000001,0,user_24,122,139,177
547,50,5000001,0,user_26,123,139,177
538,51,5000001,0,user_17,123,139,177
1617,61,5000001,0,user_26,128,139,177
1911,62,5000001,0,user_20,129,139,177
1910,63,5000001,0,user_18,129,139,177
1917,64,5000001,0,user_24,129,139,177
2168,55,5000001,0,user_0,130,139,177
883,60,5000001,0,user_0,125,139,177
719,58,5000001,0,user_19,124,139,177
714,59,5000001,0,user_15,124,139,177
2181,56,5000001,0,user_9,130,139,177
2183,57,5000001,0,user_9,130,139,177
349,65,5000001,0,user_19,122,139,177
3625,68,5000000,0,user_42,136,139,
1377,69,5000000,0,user_37,127,139,
731,70,5000000,0,user_30,124,139,
1929,73,5000000,0,user_39,129,139,
749,72,5000000,0,user_47,124,139,
191,71,5000000,0,user_38,121,139,
2913,74,5000000,0,user_34,133,139,
3882,66,5000000,0,user_35,137,139,
2178,81,4999999,0,user_8,130,139,177
348,79,4999999,0,user_16,122,139,177
354,80,4999999,0,user_24,122,139,177
528,77,4999999,0,user_8,123,139,177
529,78,4999999,0,user_8,123,139,177
545,76,4999999,0,user_21,123,139,177
1593,75,4999999,0,user_7,128,139,177
1894,86,4999999,0,user_4,129,139,177
1898,89,4999999,0,user_5,129,139,177
1913,92,4999999,0,user_22,129,139,177
1901,87,4999999,0,user_10,129,139,177
1909,88,4999999,0,user_18,129,139,177
1914,90,4999999,0,user_23,129,139,177
1916,91,4999999,0,user_24,129,139,177
724,85,4999999,0,user_25,124,139,177
2179,82,4999999,0,user_9,130,139,177
2180,83,4999999,0,user_9,130,139,177
2182,84,4999999,0,user_9,130,139,177
732,94,4500000,16400,user_31,124,139,
4101,91,4499999,0,builder_17,137,137,732
3378,95,4500000,0,user_42,135,139,
4102,93,4200001,0,builder_17,137,137,2681
2681,97,4200000,231000,user_36,132,139,
4103,95,4200001,0,builder_17,137,137,55
55,99,4200000,33100,user_43,120,139,
341,97,4200001,0,user_8,122,137,55
343,98,4200001,0,user_10,122,137,55
162,99,4200001,0,user_13,121,137,55
4386,0,43000001,0,builder_17,138,138,2919
2919,1,43000000,56200,user_39,133,139,
11,2,43000000,0,user_9,120,139,
1627,3,43000000,0,user_29,128,139,
2678,4,43000000,0,user_34,132,139,
1370,5,30000000,0,user_29,127,139,
2214,6,30000000,0,user_38,130,139,
1931,8,30000000,0,user_41,129,139,
735,7,30000000,0,user_35,124,139,
1926,10,27000000,0,user_34,129,139,
358,9,27000000,0,user_28,122,139,
2677,11,27000000,0,user_32,132,139,
2217,12,19000000,0,user_40,130,139,
2449,13,19000000,0,user_32,131,139,
3875,15,660000,17700000,user_31,137,139,
4387,15,659999,0,builder_17,138,138,3875
4388,16,170001,0,builder_17,138,138,727
727,18,170000,17700000,user_27,124,139,
1618,20,3500000,7190000,user_27,128,139,
4389,19,3499999,0,builder_17,138,138,1618
4390,20,6300001,0,builder_17,138,138,46
46,22,6300000,7840,user_34,120,139,
164,23,6300001,0,user_14,121,139,46
1147,25,6300000,0,user_31,126,139,
3876,24,6300000,0,user_31,137,139,
187,28,6300000,0,user_33,121,139,
1640,27,6300000,0,user_44,128,139,
4166,26,6300000,0,user_45,138,139,
166,29,6299999,0,user_16,121,139,46
152,30,6299999,0,user_6,121,139,46
165,31,6299999,0,user_14,121,139,46
1158,32,6100000,0,user_47,126,139,
51,33,6100000,0,user_40,120,139,
43,34,6100000,0,user_33,120,139,
1626,35,6100000,0,user_29,128,139,
177,36,5000000,381000,user_27,121,139,
4391,36,4999999,0,builder_17,138,138,177
4392,37,5000001,0,builder_17,138,138,3380
3380,38,5000000,215000,user_43,135,139,
2226,40,5200000,0,user_49,130,139,
908,41,5200000,0,user_27,125,139,
4393,41,5000001,0,builder_17,138,138,4151
4151,42,5000000,36800,user_34,138,138,
4394,43,5000001,0,builder_17,138,138,3874
3874,43,5000000,14200,user_30,137,139,
1384,45,5000000,13900,user_45,127,139,
4395,46,4999999,0,builder_17,138,138,1384
1380,47,5000000,6390,user_41,127,139,
4396,48,4999999,0,builder_17,138,138,1380
2184,54,5000001,0,user_11,130,139,177
1905,49,5000001,0,user_13,129,139,177
1124,48,5000001,0,user_10,126,139,177
538,51,5000001,0,user_17,123,139,177
547,50,5000001,0,user_26,123,139,177
345,52,5000001,0,user_12,122,139,177
353,53,5000001,0,user_24,122,139,177
2168,55,5000001,0,user_0,130,139,177
2181,56,5000001,0,user_9,130,139,177
2183,57,5000001,0,user_9,130,139,177
1910,63,5000001,0,user_18,129,139,177
1917,64,5000001,0,user_24,129,139,177
1911,62,5000001,0,user_20,129,139,177
714,59,5000001,0,user_15,124,139,177
883,60,5000001,0,user_0,125,139,177
719,58,5000001,0,user_19,124,139,177
1617,61,5000001,0,user_26,128,139,177
349,65,5000001,0,user_19,122,139,177
3625,68,5000000,0,user_42,136,139,
3882,66,5000000,0,user_35,137,139,
1377,69,5000000,0,user_37,127,139,
731,70,5000000,0,user_30,124,139,
3888,67,5000000,0,user_38,137,139,
1929,73,5000000,0,user_39,129,139,
749,72,5000000,0,user_47,124,139,
191,71,5000000,0,user_38,121,139,
2913,74,5000000,0,user_34,133,139,
2178,81,4999999,0,user_8,130,139,177
528,77,4999999,0,user_8,123,139,177
529,78,4999999,0,user_8,123,139,177
545,76,4999999,0,user_21,123,139,177
348,79,4999999,0,user_16,122,139,177
354,80,4999999,0,user_24,122,139,177
1593,75,4999999,0,user_7,128,139,177
1898,89,4999999,0,user_5,129,139,177
2179,82,4999999,0,user_9,130,139,177
2180,83,4999999,0,user_9,130,139,177
2182,84,4999999,0,user_9,130,139,177
1894,86,4999999,0,user_4,129,139,177
1909,88,4999999,0,user_18,129,139,177
1914,90,4999999,0,user_23,129,139,177
1916,91,4999999,0,user_24,129,139,177
1913,92,4999999,0,user_22,129,139,177
1901,87,4999999,0,user_10,129,139,177
724,85,4999999,0,user_25,124,139,177
732,94,4500000,16400,user_31,124,139,
4397,95,4499999,0,builder_17,138,138,732
3378,95,4500000,0,user_42,135,139,
2681,97,4200000,231000,user_36,132,139,
4398,98,4199999,0,builder_17,138,138,2681
55,99,4200000,33100,user_43,120,139,
4687,0,43000001,0,builder_17,139,139,2919
2919,1,43000000,56200,user_39,133,139,
11,2,43000000,0,user_9,120,139,
1627,3,43000000,0,user_29,128,139,
2678,4,43000000,0,user_34,132,139,
1370,5,30000000,0,user_29,127,139,
2214,6,30000000,0,user_38,130,139,
735,7,30000000,0,user_35,124,139,
1931,8,30000000,0,user_41,129,139,
358,9,27000000,0,user_28,122,139,
1926,10,27000000,0,user_34,129,139,
2677,11,27000000,0,user_32,132,139,
2217,12,19000000,0,user_40,130,139,
2449,13,19000000,0,user_32,131,139,
4445,14,19000000,0,user_36,139,139,
3875,15,660000,17700000,user_31,137,139,
4688,16,659999,0,builder_17,139,139,3875
4689,17,170001,0,builder_17,139,139,727
727,18,170000,17700000,user_27,124,139,
4690,19,3500001,0,builder_17,139,139,1618
1618,20,3500000,7190000,user_27,128,139,
4691,21,6300001,0,builder_17,139,139,46
46,22,6300000,7840,user_34,120,139,
164,23,6300001,0,user_14,121,139,46
3876,24,6300000,0,user_31,137,139,
1147,25,6300000,0,user_31,126,139,
4166,26,6300000,0,user_45,138,139,
1640,27,6300000,0,user_44,128,139,
187,28,6300000,0,user_33,121,139,
166,29,6299999,0,user_16,121,139,46
152,30,6299999,0,user_6,121,139,46
165,31,6299999,0,user_14,121,139,46
1158,32,6100000,0,user_47,126,139,
51,33,6100000,0,user_40,120,139,
43,34,6100000,0,user_33,120,139,
1626,35,6100000,0,user_29,128,139,
177,36,5000000,381000,user_27,121,139,
4692,37,4999999,0,builder_17,139,139,177
3380,38,5000000,215000,user_43,135,139,
4693,39,4999999,0,builder_17,139,139,3380
2226,40,5200000,0,user_49,130,139,
908,41,5200000,0,user_27,125,139,
4694,42,5000001,0,builder_17,139,139,3874
3874,43,5000000,14200,user_30,137,139,
4695,44,5000001,0,builder_17,139,139,1384
1384,45,5000000,13900,user_45,127,139,
4696,46,5000001,0,builder_17,139,139,1380
1380,47,5000000,6390,user_41,127,139,
1124,48,5000001,0,user_10,126,139,177
1905,49,5000001,0,user_13,129,139,177
547,50,5000001,0,user_26,123,139,177
538,51,5000001,0,user_17,123,139,177
345,52,5000001,0,user_12,122,139,177
353,53,5000001,0,user_24,122,139,177
2184,54,5000001,0,user_11,130,139,177
2168,55,5000001,0,user_0,130,139,177
2181,56,5000001,0,user_9,130,139,177
2183,57,5000001,0,user_9,130,139,177
719,58,5000001,0,user_19,124,139,177
714,59,5000001,0,user_15,124,139,177
883,60,5000001,0,user_0,125,139,177
1617,61,5000001,0,user_26,128,139,177
1911,62,5000001,0,user_20,129,139,177
1910,63,5000001,0,user_18,129,139,177
1917,64,5000001,0,user_24,129,139,177
349,65,5000001,0,user_19,122,139,177
3882,66,5000000,0,user_35,137,139,
3888,67,5000000,0,user_38,137,139,
3625,68,5000000,0,user_42,136,139,
1377,69,5000000,0,user_37,127,139,
731,70,5000000,0,user_30,124,139,
191,71,5000000,0,user_38,121,139,
749,72,5000000,0,user_47,124,139,
1929,73,5000000,0,user_39,129,139,
2913,74,5000000,0,user_34,133,139,
1593,75,4999999,0,user_7,128,139,177
545,76,4999999,0,user_21,123,139,177
528,77,4999999,0,user_8,123,139,177
529,78,4999999,0,user_8,123,139,177
348,79,4999999,0,user_16,122,139,177
354,80,4999999,0,user_24,122,139,177
2178,81,4999999,0,user_8,130,139,177
2179,82,4999999,0,user_9,130,139,177
2180,83,4999999,0,user_9,130,139,177
2182,84,4999999,0,user_9,130,139,177
724,85,4999999,0,user_25,124,139,177
1894,86,4999999,0,user_4,129,139,177
1901,87,4999999,0,user_10,129,139,177
1909,88,4999999,0,user_18,129,139,177
1898,89,4999999,0,user_5,129,139,177
1914,90,4999999,0,user_23,129,139,177
1916,91,4999999,0,user_24,129,139,177
1913,92,4999999,0,user_22,129,139,177
4697,93,4500001,0,builder_17,139,139,732
732,94,4500000,16400,user_31,124,139,
3378,95,4500000,0,user_42,135,139,
4698,96,4200001,0,builder_17,139,139,2681
2681,97,4200000,231000,user_36,132,139,
4699,98,4200001,0,builder_17,139,139,55
55,99,4200000,33100,user_43,120,139,
11,2,43000000,0,user_9,140,159,
46,22,6300000,7840,user_34,140,159,
128,2,6299999,0,builder_17,140,140,46
43,34,6100000,0,user_33,140,159,
51,33,6100000,0,user_40,140,159,
38,96,3200000,21800,user_30,140,149,
129,6,3199999,0,builder_17,140,140,38
15,86,2600000,0,user_11,140,148,
61,87,2600000,0,user_46,140,148,
42,88,2500000,0,user_32,140,148,
44,96,2000000,322000,user_33,140,148,
130,11,1999999,0,builder_17,140,140,44
45,98,2300000,0,user_33,140,148,
10,94,2000000,0,user_8,140,146,
39,98,1500000,0,user_30,140,144,
66,90,1300000,0,user_49,140,143,
37,94,1200000,0,user_28,140,143,
60,93,1200000,0,user_45,140,143,
13,95,1100000,0,user_11,140,143,
65,97,1000000,0,user_48,140,143,
5,99,660000,14200,user_4,140,143,
131,21,659999,0,builder_17,140,140,5
17,84,660001,0,user_14,140,142,5
6,86,660001,0,user_5,140,142,5
8,87,660001,0,user_5,140,142,5
21,91,660001,0,user_17,140,142,5
23,92,660001,0,user_18,140,142,5
24,93,660001,0,user_18,140,142,5
25,94,660001,0,user_18,140,142,5
31,89,660001,0,user_25,140,142,5
32,90,660001,0,user_25,140,142,5
19,85,660001,0,user_15,140,142,5
29,88,660001,0,user_22,140,142,5
16,95,659999,0,user_14,140,142,5
7,96,659999,0,user_5,140,142,5
22,99,659999,0,user_18,140,142,5
26,86,659999,0,user_18,140,141,5
33,97,659999,0,user_26,140,142,5
34,98,659999,0,user_26,140,142,5
48,87,420000,0,user_35,140,141,
12,89,310000,0,user_11,140,141,
4,95,260000,0,user_4,140,141,
14,96,220000,0,user_11,140,141,
41,97,220000,0,user_32,140,141,
63,98,220000,0,user_47,140,141,
132,45,150001,0,builder_17,140,140,1
1,99,150000,39400,user_1,140,141,
64,47,160000,0,user_48,140,140,
49,48,160000,0,user_36,140,140,
53,49,160000,0,user_42,140,140,
2,50,150001,0,user_2,140,140,1
9,51,150001,0,user_7,140,140,1
18,52,150001,0,user_15,140,140,1
3,53,149999,0,user_3,140,140,1
20,54,149999,0,user_16,140,140,1
30,55,149999,0,user_23,140,140,1
28,56,149999,0,user_20,140,140,1
50,57,130000,0,user_39,140,140,
52,58,110000,0,user_41,140,140,
40,59,87000,0,user_31,140,140,
62,60,82000,0,user_46,140,140,
0,61,80000,0,user_1,140,140,
54,62,77000,0,user_42,140,140,
47,63,70000,0,user_34,140,140,
11,2,43000000,0,user_9,140,159,
46,22,6300000,7840,user_34,140,159,
323,2,6299999,0,builder_18,141,141,46
164,23,6300001,0,user_14,141,159,46
187,28,6300000,0,user_33,141,159,
165,31,6299999,0,user_14,141,159,46
166,29,6299999,0,user_16,141,159,46
152,30,6299999,0,user_6,141,159,46
51,33,6100000,0,user_40,140,159,
43,34,6100000,0,user_33,140,159,
324,10,5000001,0,builder_18,141,141,177
177,36,5000000,381000,user_27,141,159,
55,99,4200000,33100,user_43,140,159,
325,13,4199999,0,builder_18,141,141,55
156,95,4200001,0,user_9,141,156,55
162,99,4200001,0,user_13,141,157,55
163,94,4200001,0,user_13,141,156,55
169,96,4200001,0,user_17,141,156,55
171,98,4199999,0,user_20,141,153,55
159,99,4199999,0,user_13,141,153,55
176,99,4199999,0,user_26,141,152,55
326,21,3200001,0,builder_18,141,141,38
38,96,3200000,21800,user_30,140,149,
144,77,3200001,0,user_4,141,148,38
142,81,3199999,0,user_3,141,148,38
143,82,3199999,0,user_3,141,148,38
174,83,3199999,0,user_23,141,148,38
15,86,2600000,0,user_11,140,148,
61,87,2600000,0,user_46,140,148,
199,84,2600000,0,user_47,141,148,
42,88,2500000,0,user_32,140,148,
327,31,2000001,0,builder_18,141,141,44
44,96,2000000,322000,user_33,140,148,
45,98,2300000,0,user_33,140,148,
36,97,2300000,0,user_27,140,148,
154,96,2000001,0,user_7,141,147,44
172,94,2000001,0,user_21,141,147,44
145,97,2000001,0,user_5,141,147,44
149,98,2000001,0,user_5,141,147,44
151,95,2000001,0,user_6,141,147,44
173,99,2000001,0,user_22,141,147,44
10,94,2000000,0,user_8,140,146,
140,98,1999999,0,user_2,141,146,44
158,93,1999999,0,user_10,141,145,44
139,91,1999999,0,user_0,141,145,44
160,94,1999999,0,user_13,141,145,44
161,95,1999999,0,user_13,141,145,44
167,96,1999999,0,user_17,141,145,44
147,99,1999999,0,user_5,141,146,44
150,97,1999999,0,user_6,141,145,44
153,98,1999999,0,user_6,141,145,44
175,99,1999999,0,user_26,141,145,44
196,92,1800000,0,user_44,141,144,
181,93,1600000,0,user_30,141,144,
194,94,1600000,0,user_42,141,144,
39,98,1500000,0,user_30,140,144,
200,97,1500000,0,user_48,141,144,
185,99,1500000,0,user_32,141,144,
35,86,1400000,0,user_27,140,143,
56,87,1400000,0,user_43,140,143,
198,88,1400000,0,user_46,141,143,
66,90,1300000,0,user_49,140,143,
37,94,1200000,0,user_28,140,143,
60,93,1200000,0,user_45,140,143,
197,92,1200000,0,user_45,141,143,
13,95,1100000,0,user_11,140,143,
65,97,1000000,0,user_48,140,143,
328,67,660001,0,builder_18,141,141,5
5,99,660000,14200,user_4,140,143,
6,86,660001,0,user_5,140,142,5
8,87,660001,0,user_5,140,142,5
27,83,660001,0,user_19,140,142,5
17,84,660001,0,user_14,140,142,5
19,85,660001,0,user_15,140,142,5
29,88,660001,0,user_22,140,142,5
31,89,660001,0,user_25,140,142,5
32,90,660001,0,user_25,140,142,5
21,91,660001,0,user_17,140,142,5
23,92,660001,0,user_18,140,142,5
24,93,660001,0,user_18,140,142,5
25,94,660001,0,user_18,140,142,5
7,96,659999,0,user_5,140,142,5
16,95,659999,0,user_14,140,142,5
33,97,659999,0,user_26,140,142,5
34,98,659999,0,user_26,140,142,5
22,99,659999,0,user_18,140,142,5
26,86,659999,0,user_18,140,141,5
48,87,420000,0,user_35,140,141,
183,88,340000,0,user_32,141,141,
12,89,310000,0,user_11,140,141,
193,90,310000,0,user_40,141,141,
329,91,260001,0,builder_18,141,141,192
192,92,260000,21800,user_39,141,141,
57,93,110000,164000,user_43,140,141,
330,94,109999,0,builder_18,141,141,57
4,95,260000,0,user_4,140,141,
14,96,220000,0,user_11,140,141,
41,97,220000,0,user_32,140,141,
63,98,220000,0,user_47,140,141,
1,99,150000,39400,user_1,140,141,
11,2,43000000,0,user_9,140,159,
46,22,6300000,7840,user_34,140,159,
514,2,6299999,0,builder_18,142,142,46
164,23,6300001,0,user_14,141,159,46
187,28,6300000,0,user_33,141,159,
152,30,6299999,0,user_6,141,159,46
165,31,6299999,0,user_14,141,159,46
166,29,6299999,0,user_16,141,159,46
43,34,6100000,0,user_33,140,159,
51,33,6100000,0,user_40,140,159,
345,52,5000001,0,user_12,142,159,177
353,53,5000001,0,user_24,142,159,177
191,71,5000000,0,user_38,141,159,
348,79,4999999,0,user_16,142,159,177
354,80,4999999,0,user_24,142,159,177
55,99,4200000,33100,user_43,140,159,
515,16,4199999,0,builder_18,142,142,55
162,99,4200001,0,user_13,141,157,55
163,94,4200001,0,user_13,141,156,55
156,95,4200001,0,user_9,141,156,55
169,96,4200001,0,user_17,141,156,55
343,98,4200001,0,user_10,142,157,55
341,97,4200001,0,user_8,142,157,55
362,97,4200000,0,user_32,142,155,
159,99,4199999,0,user_13,141,153,55
171,98,4199999,0,user_20,141,153,55
176,99,4199999,0,user_26,141,152,55
344,99,4199999,0,user_11,142,155,55
340,99,4199999,0,user_8,142,154,55
38,96,3200000,21800,user_30,140,149,
516,30,3199999,0,builder_18,142,142,38
144,77,3200001,0,user_4,141,148,38
142,81,3199999,0,user_3,141,148,38
143,82,3199999,0,user_3,141,148,38
174,83,3199999,0,user_23,141,148,38
15,86,2600000,0,user_11,140,148,
61,87,2600000,0,user_46,140,148,
199,84,2600000,0,user_47,141,148,
42,88,2500000,0,user_32,140,148,
369,93,2400000,0,user_42,142,148,
44,96,2000000,322000,user_33,140,148,
517,41,1999999,0,builder_18,142,142,44
45,98,2300000,0,user_33,140,148,
36,97,2300000,0,user_27,140,148,
145,97,2000001,0,user_5,141,147,44
149,98,2000001,0,user_5,141,147,44
151,95,2000001,0,user_6,141,147,44
154,96,2000001,0,user_7,141,147,44
172,94,2000001,0,user_21,141,147,44
173,99,2000001,0,user_22,141,147,44
355,89,2000001,0,user_25,142,146,44
10,94,2000000,0,user_8,140,146,
140,98,1999999,0,user_2,141,146,44
147,99,1999999,0,user_5,141,146,44
158,93,1999999,0,user_10,141,145,44
160,94,1999999,0,user_13,141,145,44
161,95,1999999,0,user_13,141,145,44
150,97,1999999,0,user_6,141,145,44
153,98,1999999,0,user_6,141,145,44
139,91,1999999,0,user_0,141,145,44
175,99,1999999,0,user_26,141,145,44
167,96,1999999,0,user_17,141,145,44
338,88,1999999,0,user_6,142,145,44
196,92,1800000,0,user_44,141,144,
194,94,1600000,0,user_42,141,144,
181,93,1600000,0,user_30,141,144,
39,98,1500000,0,user_30,140,144,
185,99,1500000,0,user_32,141,144,
200,97,1500000,0,user_48,141,144,
35,86,1400000,0,user_27,140,143,
56,87,1400000,0,user_43,140,143,
198,88,1400000,0,user_46,141,143,
373,85,1400000,0,user_44,142,143,
66,90,1300000,0,user_49,140,143,
37,94,1200000,0,user_28,140,143,
60,93,1200000,0,user_45,140,143,
197,92,1200000,0,user_45,141,143,
13,95,1100000,0,user_11,140,143,
65,97,1000000,0,user_48,140,143,
5,99,660000,14200,user_4,140,143,
518,80,659999,0,builder_18,142,142,5
519,81,73001,0,builder_18,142,142,195
195,82,73000,594000,user_43,141,142,
27,83,660001,0,user_19,140,142,5
17,84,660001,0,user_14,140,142,5
19,85,660001,0,user_15,140,142,5
6,86,660001,0,user_5,140,142,5
8,87,660001,0,user_5,140,142,5
29,88,660001,0,user_22,140,142,5
31,89,660001,0,user_25,140,142,5
32,90,660001,0,user_25,140,142,5
21,91,660001,0,user_17,140,142,5
23,92,660001,0,user_18,140,142,5
24,93,660001,0,user_18,140,142,5
25,94,660001,0,user_18,140,142,5
16,95,659999,0,user_14,140,142,5
7,96,659999,0,user_5,140,142,5
33,97,659999,0,user_26,140,142,5
34,98,659999,0,user_26,140,142,5
22,99,659999,0,user_18,140,142,5
11,2,43000000,0,user_9,140,159,
358,9,27000000,0,user_28,142,159,
686,2,6300001,0,builder_17,143,143,46
46,22,6300000,7840,user_34,140,159,
164,23,6300001,0,user_14,141,159,46
187,28,6300000,0,user_33,141,159,
165,31,6299999,0,user_14,141,159,46
166,29,6299999,0,user_16,141,159,46
152,30,6299999,0,user_6,141,159,46
51,33,6100000,0,user_40,140,159,
43,34,6100000,0,user_33,140,159,
687,11,5000001,0,builder_17,143,143,177
177,36,5000000,381000,user_27,141,159,
345,52,5000001,0,user_12,142,159,177
353,53,5000001,0,user_24,142,159,177
349,65,5000001,0,user_19,142,159,177
538,51,5000001,0,user_17,143,159,177
547,50,5000001,0,user_26,143,159,177
191,71,5000000,0,user_38,141,159,
348,79,4999999,0,user_16,142,159,177
354,80,4999999,0,user_24,142,159,177
528,77,4999999,0,user_8,143,159,177
529,78,4999999,0,user_8,143,159,177
545,76,4999999,0,user_21,143,159,177
688,24,4200001,0,builder_17,143,143,55
55,99,4200000,33100,user_43,140,159,
156,95,4200001,0,user_9,141,156,55
343,98,4200001,0,user_10,142,157,55
341,97,4200001,0,user_8,142,157,55
162,99,4200001,0,user_13,141,157,55
163,94,4200001,0,user_13,141,156,55
169,96,4200001,0,user_17,141,156,55
362,97,4200000,0,user_32,142,155,
552,97,4200000,0,user_34,143,156,
344,99,4199999,0,user_11,142,155,55
340,99,4199999,0,user_8,142,154,55
159,99,4199999,0,user_13,141,153,55
176,99,4199999,0,user_26,141,152,55
171,98,4199999,0,user_20,141,153,55
38,96,3200000,21800,user_30,140,149,
689,40,3199999,0,builder_17,143,143,38
144,77,3200001,0,user_4,141,148,38
142,81,3199999,0,user_3,141,148,38
143,82,3199999,0,user_3,141,148,38
174,83,3199999,0,user_23,141,148,38
199,84,2600000,0,user_47,141,148,
61,87,2600000,0,user_46,140,148,
15,86,2600000,0,user_11,140,148,
42,88,2500000,0,user_32,140,148,
690,49,2400001,0,builder_17,143,143,553
553,91,2400000,18600,user_36,143,148,
369,93,2400000,0,user_42,142,148,
44,96,2000000,322000,user_33,140,148,
691,53,1999999,0,builder_17,143,143,44
36,97,2300000,0,user_27,140,148,
45,98,2300000,0,user_33,140,148,
355,89,2000001,0,user_25,142,146,44
154,96,2000001,0,user_7,141,147,44
172,94,2000001,0,user_21,141,147,44
145,97,2000001,0,user_5,141,147,44
149,98,2000001,0,user_5,141,147,44
151,95,2000001,0,user_6,141,147,44
173,99,2000001,0,user_22,141,147,44
539,91,2000001,0,user_17,143,147,44
10,94,2000000,0,user_8,140,146,
338,88,1999999,0,user_6,142,145,44
522,96,1999999,0,user_0,143,146,44
158,93,1999999,0,user_10,141,145,44
139,91,1999999,0,user_0,141,145,44
160,94,1999999,0,user_13,141,145,44
161,95,1999999,0,user_13,141,145,44
167,96,1999999,0,user_17,141,145,44
147,99,1999999,0,user_5,141,146,44
150,97,1999999,0,user_6,141,145,44
153,98,1999999,0,user_6,141,145,44
175,99,1999999,0,user_26,141,145,44
140,98,1999999,0,user_2,141,146,44
196,92,1800000,0,user_44,141,144,
371,96,1600000,0,user_43,142,144,
181,93,1600000,0,user_30,141,144,
194,94,1600000,0,user_42,141,144,
360,95,1600000,0,user_28,142,144,
200,97,1500000,0,user_48,141,144,
185,99,1500000,0,user_32,141,144,
39,98,1500000,0,user_30,140,144,
373,85,1400000,0,user_44,142,143,
35,86,1400000,0,user_27,140,143,
56,87,1400000,0,user_43,140,143,
198,88,1400000,0,user_46,141,143,
359,89,1400000,0,user_28,142,143,
66,90,1300000,0,user_49,140,143,
556,91,1300000,0,user_40,143,143,
197,92,1200000,0,user_45,141,143,
60,93,1200000,0,user_45,140,143,
37,94,1200000,0,user_28,140,143,
13,95,1100000,0,user_11,140,143,
560,96,1100000,0,user_46,143,143,
65,97,1000000,0,user_48,140,143,
692,98,660001,0,builder_17,143,143,5
5,99,660000,14200,user_4,140,143,
11,2,43000000,0,user_9,140,159,
735,7,30000000,0,user_35,144,159,
358,9,27000000,0,user_28,142,159,
46,22,6300000,7840,user_34,140,159,
866,4,6299999,0,builder_17,144,144,46
164,23,6300001,0,user_14,141,159,46
187,28,6300000,0,user_33,141,159,
152,30,6299999,0,user_6,141,159,46
165,31,6299999,0,user_14,141,159,46
166,29,6299999,0,user_16,141,159,46
43,34,6100000,0,user_33,140,159,
51,33,6100000,0,user_40,140,159,
177,36,5000000,381000,user_27,141,159,
867,13,4999999,0,builder_17,144,144,177
349,65,5000001,0,user_19,142,159,177
538,51,5000001,0,user_17,143,159,177
547,50,5000001,0,user_26,143,159,177
353,53,5000001,0,user_24,142,159,177
345,52,5000001,0,user_12,142,159,177
714,59,5000001,0,user_15,144,159,177
191,71,5000000,0,user_38,141,159,
749,72,5000000,0,user_47,144,159,
731,70,5000000,0,user_30,144,159,
528,77,4999999,0,user_8,143,159,177
529,78,4999999,0,user_8,143,159,177
545,76,4999999,0,user_21,143,159,177
348,79,4999999,0,user_16,142,159,177
354,80,4999999,0,user_24,142,159,177
724,85,4999999,0,user_25,144,159,177
868,29,4500001,0,builder_17,144,144,732
732,94,4500000,16400,user_31,144,159,
55,99,4200000,33100,user_43,140,159,
869,32,4199999,0,builder_17,144,144,55
156,95,4200001,0,user_9,141,156,55
343,98,4200001,0,user_10,142,157,55
169,96,4200001,0,user_17,141,156,55
162,99,4200001,0,user_13,141,157,55
163,94,4200001,0,user_13,141,156,55
341,97,4200001,0,user_8,142,157,55
552,97,4200000,0,user_34,143,156,
362,97,4200000,0,user_32,142,155,
176,99,4199999,0,user_26,141,152,55
344,99,4199999,0,user_11,142,155,55
159,99,4199999,0,user_13,141,153,55
171,98,4199999,0,user_20,141,153,55
340,99,4199999,0,user_8,142,154,55
38,96,3200000,21800,user_30,140,149,
870,47,3199999,0,builder_17,144,144,38
555,98,3200000,6390,user_37,143,149,
871,49,3199999,0,builder_17,144,144,555
144,77,3200001,0,user_4,141,148,38
742,78,3200000,0,user_40,144,148,
174,83,3199999,0,user_23,141,148,38
142,81,3199999,0,user_3,141,148,38
143,82,3199999,0,user_3,141,148,38
554,85,2600000,0,user_37,143,148,
199,84,2600000,0,user_47,141,148,
61,87,2600000,0,user_46,140,148,
15,86,2600000,0,user_11,140,148,
42,88,2500000,0,user_32,140,148,
553,91,2400000,18600,user_36,143,148,
872,61,2399999,0,builder_17,144,144,553
369,93,2400000,0,user_42,142,148,
44,96,2000000,322000,user_33,140,148,
873,64,1999999,0,builder_17,144,144,44
45,98,2300000,0,user_33,140,148,
36,97,2300000,0,user_27,140,148,
539,91,2000001,0,user_17,143,147,44
145,97,2000001,0,user_5,141,147,44
149,98,2000001,0,user_5,141,147,44
154,96,2000001,0,user_7,141,147,44
151,95,2000001,0,user_6,141,147,44
172,94,2000001,0,user_21,141,147,44
173,99,2000001,0,user_22,141,147,44
355,89,2000001,0,user_25,142,146,44
706,90,2000001,0,user_5,144,147,44
716,92,2000001,0,user_17,144,147,44
10,94,2000000,0,user_8,140,146,
750,93,2000000,0,user_48,144,146,
710,97,1999999,0,user_9,144,146,44
158,93,1999999,0,user_10,141,145,44
147,99,1999999,0,user_5,141,146,44
150,97,1999999,0,user_6,141,145,44
153,98,1999999,0,user_6,141,145,44
175,99,1999999,0,user_26,141,145,44
167,96,1999999,0,user_17,141,145,44
338,88,1999999,0,user_6,142,145,44
140,98,1999999,0,user_2,141,146,44
160,94,1999999,0,user_13,141,145,44
161,95,1999999,0,user_13,141,145,44
139,91,1999999,0,user_0,141,145,44
522,96,1999999,0,user_0,143,146,44
196,92,1800000,0,user_44,141,144,
181,93,1600000,0,user_30,141,144,
194,94,1600000,0,user_42,141,144,
360,95,1600000,0,user_28,142,144,
371,96,1600000,0,user_43,142,144,
200,97,1500000,0,user_48,141,144,
39,98,1500000,0,user_30,140,144,
185,99,1500000,0,user_32,141,144,
11,2,43000000,0,user_9,140,159,
735,7,30000000,0,user_35,144,159,
358,9,27000000,0,user_28,142,159,
1096,3,170001,0,builder_17,145,145,727
727,18,170000,17700000,user_27,144,159,
46,22,6300000,7840,user_34,140,159,
1097,6,6299999,0,builder_17,145,145,46
164,23,6300001,0,user_14,141,159,46
187,28,6300000,0,user_33,141,159,
165,31,6299999,0,user_14,141,159,46
166,29,6299999,0,user_16,141,159,46
152,30,6299999,0,user_6,141,159,46
51,33,6100000,0,user_40,140,159,
43,34,6100000,0,user_33,140,159,
1098,14,5000001,0,builder_17,145,145,177
177,36,5000000,381000,user_27,141,159,
714,59,5000001,0,user_15,144,159,177
883,60,5000001,0,user_0,145,159,177
345,52,5000001,0,user_12,142,159,177
349,65,5000001,0,user_19,142,159,177
547,50,5000001,0,user_26,143,159,177
719,58,5000001,0,user_19,144,159,177
353,53,5000001,0,user_24,142,159,177
538,51,5000001,0,user_17,143,159,177
749,72,5000000,0,user_47,144,159,
731,70,5000000,0,user_30,144,159,
191,71,5000000,0,user_38,141,159,
724,85,4999999,0,user_25,144,159,177
348,79,4999999,0,user_16,142,159,177
545,76,4999999,0,user_21,143,159,177
528,77,4999999,0,user_8,143,159,177
529,78,4999999,0,user_8,143,159,177
354,80,4999999,0,user_24,142,159,177
732,94,4500000,16400,user_31,144,159,
1099,34,4499999,0,builder_17,145,145,732
1100,35,4200001,0,builder_17,145,145,55
55,99,4200000,33100,user_43,140,159,
341,97,4200001,0,user_8,142,157,55
343,98,4200001,0,user_10,142,157,55
156,95,4200001,0,user_9,141,156,55
162,99,4200001,0,user_13,141,157,55
163,94,4200001,0,user_13,141,156,55
169,96,4200001,0,user_17,141,156,55
552,97,4200000,0,user_34,143,156,
362,97,4200000,0,user_32,142,155,
340,99,4199999,0,user_8,142,154,55
159,99,4199999,0,user_13,141,153,55
176,99,4199999,0,user_26,141,152,55
171,98,4199999,0,user_20,141,153,55
344,99,4199999,0,user_11,142,155,55
38,96,3200000,21800,user_30,140,149,
1101,51,3199999,0,builder_17,145,145,38
555,98,3200000,6390,user_37,143,149,
1102,53,3199999,0,builder_17,145,145,555
144,77,3200001,0,user_4,141,148,38
742,78,3200000,0,user_40,144,148,
910,80,3200000,0,user_32,145,148,
142,81,3199999,0,user_3,141,148,38
143,82,3199999,0,user_3,141,148,38
174,83,3199999,0,user_23,141,148,38
554,85,2600000,0,user_37,143,148,
15,86,2600000,0,user_11,140,148,
61,87,2600000,0,user_46,140,148,
199,84,2600000,0,user_47,141,148,
909,89,2500000,0,user_28,145,148,
42,88,2500000,0,user_32,140,148,
1103,66,2400001,0,builder_17,145,145,553
553,91,2400000,18600,user_36,143,148,
369,93,2400000,0,user_42,142,148,
1104,69,2000001,0,builder_17,145,145,44
44,96,2000000,322000,user_33,140,148,
36,97,2300000,0,user_27,140,148,
45,98,2300000,0,user_33,140,148,
716,92,2000001,0,user_17,144,147,44
706,90,2000001,0,user_5,144,147,44
355,89,2000001,0,user_25,142,146,44
896,88,2000001,0,user_11,145,147,44
539,91,2000001,0,user_17,143,147,44
145,97,2000001,0,user_5,141,147,44
149,98,2000001,0,user_5,141,147,44
154,96,2000001,0,user_7,141,147,44
151,95,2000001,0,user_6,141,147,44
173,99,2000001,0,user_22,141,147,44
172,94,2000001,0,user_21,141,147,44
750,93,2000000,0,user_48,144,146,
10,94,2000000,0,user_8,140,146,
912,95,2000000,0,user_35,145,146,
522,96,1999999,0,user_0,143,146,44
338,88,1999999,0,user_6,142,145,44
710,97,1999999,0,user_9,144,146,44
147,99,1999999,0,user_5,141,146,44
139,91,1999999,0,user_0,141,145,44
140,98,1999999,0,user_2,141,146,44
158,93,1999999,0,user_10,141,145,44
160,94,1999999,0,user_13,141,145,44
161,95,1999999,0,user_13,141,145,44
167,96,1999999,0,user_17,141,145,44
150,97,1999999,0,user_6,141,145,44
153,98,1999999,0,user_6,141,145,44
175,99,1999999,0,user_26,141,145,44
11,2,43000000,0,user_9,140,159,
735,7,30000000,0,user_35,144,159,
358,9,27000000,0,user_28,142,159,
727,18,170000,17700000,user_27,144,159,
1331,4,169999,0,builder_18,146,146,727
46,22,6300000,7840,user_34,140,159,
1332,6,6299999,0,builder_18,146,146,46
164,23,6300001,0,user_14,141,159,46
187,28,6300000,0,user_33,141,159,
152,30,6299999,0,user_6,141,159,46
165,31,6299999,0,user_14,141,159,46
166,29,6299999,0,user_16,141,159,46
43,34,6100000,0,user_33,140,159,
51,33,6100000,0,user_40,140,159,
1158,32,6100000,0,user_47,146,159,
177,36,5000000,381000,user_27,141,159,
1333,16,4999999,0,builder_18,146,146,177
908,41,5200000,0,user_27,145,159,
547,50,5000001,0,user_26,143,159,177
538,51,5000001,0,user_17,143,159,177
719,58,5000001,0,user_19,144,159,177
714,59,5000001,0,user_15,144,159,177
345,52,5000001,0,user_12,142,159,177
353,53,5000001,0,user_24,142,159,177
349,65,5000001,0,user_19,142,159,177
883,60,5000001,0,user_0,145,159,177
1124,48,5000001,0,user_10,146,159,177
749,72,5000000,0,user_47,144,159,
731,70,5000000,0,user_30,144,159,
191,71,5000000,0,user_38,141,159,
545,76,4999999,0,user_21,143,159,177
528,77,4999999,0,user_8,143,159,177
529,78,4999999,0,user_8,143,159,177
724,85,4999999,0,user_25,144,159,177
348,79,4999999,0,user_16,142,159,177
354,80,4999999,0,user_24,142,159,177
1334,36,4500001,0,builder_18,146,146,732
732,94,4500000,16400,user_31,144,159,
1335,38,4200001,0,builder_18,146,146,55
55,99,4200000,33100,user_43,140,159,
162,99,4200001,0,user_13,141,157,55
163,94,4200001,0,user_13,141,156,55
156,95,4200001,0,user_9,141,156,55
169,96,4200001,0,user_17,141,156,55
343,98,4200001,0,user_10,142,157,55
341,97,4200001,0,user_8,142,157,55
552,97,4200000,0,user_34,143,156,
362,97,4200000,0,user_32,142,155,
1151,98,4200000,0,user_34,146,156,
159,99,4199999,0,user_13,141,153,55
171,98,4199999,0,user_20,141,153,55
176,99,4199999,0,user_26,141,152,55
344,99,4199999,0,user_11,142,155,55
340,99,4199999,0,user_8,142,154,55
1144,98,3500000,5640,user_30,146,151,
1336,55,3499999,0,builder_18,146,146,1144
38,96,3200000,21800,user_30,140,149,
1337,57,3199999,0,builder_18,146,146,38
1338,58,3200001,0,builder_18,146,146,555
555,98,3200000,6390,user_37,143,149,
144,77,3200001,0,user_4,141,148,38
742,78,3200000,0,user_40,144,148,
910,80,3200000,0,user_32,145,148,
922,79,3200000,0,user_43,145,148,
142,81,3199999,0,user_3,141,148,38
143,82,3199999,0,user_3,141,148,38
174,83,3199999,0,user_23,141,148,38
554,85,2600000,0,user_37,143,148,
15,86,2600000,0,user_11,140,148,
61,87,2600000,0,user_46,140,148,
199,84,2600000,0,user_47,141,148,
909,89,2500000,0,user_28,145,148,
42,88,2500000,0,user_32,140,148,
1339,73,2400001,0,builder_18,146,146,553
553,91,2400000,18600,user_36,143,148,
369,93,2400000,0,user_42,142,148,
44,96,2000000,322000,user_33,140,148,
1340,77,1999999,0,builder_18,146,146,44
45,98,2300000,0,user_33,140,148,
36,97,2300000,0,user_27,140,148,
539,91,2000001,0,user_17,143,147,44
706,90,2000001,0,user_5,144,147,44
716,92,2000001,0,user_17,144,147,44
145,97,2000001,0,user_5,141,147,44
149,98,2000001,0,user_5,141,147,44
151,95,2000001,0,user_6,141,147,44
154,96,2000001,0,user_7,141,147,44
172,94,2000001,0,user_21,141,147,44
173,99,2000001,0,user_22,141,147,44
355,89,2000001,0,user_25,142,146,44
896,88,2000001,0,user_11,145,147,44
1114,89,2000001,0,user_1,146,147,44
1136,99,2000001,0,user_20,146,148,44
750,93,2000000,0,user_48,144,146,
10,94,2000000,0,user_8,140,146,
912,95,2000000,0,user_35,145,146,
522,96,1999999,0,user_0,143,146,44
710,97,1999999,0,user_9,144,146,44
140,98,1999999,0,user_2,141,146,44
147,99,1999999,0,user_5,141,146,44
11,2,43000000,0,user_9,140,159,
735,7,30000000,0,user_35,144,159,
1370,5,30000000,0,user_29,147,159,
358,9,27000000,0,user_28,142,159,
1578,4,170001,0,builder_18,147,147,727
727,18,170000,17700000,user_27,144,159,
1579,6,6300001,0,builder_18,147,147,46
46,22,6300000,7840,user_34,140,159,
164,23,6300001,0,user_14,141,159,46
187,28,6300000,0,user_33,141,159,
1147,25,6300000,0,user_31,146,159,
165,31,6299999,0,user_14,141,159,46
166,29,6299999,0,user_16,141,159,46
152,30,6299999,0,user_6,141,159,46
51,33,6100000,0,user_40,140,159,
43,34,6100000,0,user_33,140,159,
1158,32,6100000,0,user_47,146,159,
177,36,5000000,381000,user_27,141,159,
1580,18,4999999,0,builder_18,147,147,177
908,41,5200000,0,user_27,145,159,
1581,20,5000001,0,builder_18,147,147,1384
1384,45,5000000,13900,user_45,147,159,
1380,47,5000000,6390,user_41,147,159,
1582,23,4999999,0,builder_18,147,147,1380
883,60,5000001,0,user_0,145,159,177
1124,48,5000001,0,user_10,146,159,177
538,51,5000001,0,user_17,143,159,177
547,50,5000001,0,user_26,143,159,177
719,58,5000001,0,user_19,144,159,177
714,59,5000001,0,user_15,144,159,177
345,52,5000001,0,user_12,142,159,177
349,65,5000001,0,user_19,142,159,177
353,53,5000001,0,user_24,142,159,177
749,72,5000000,0,user_47,144,159,
731,70,5000000,0,user_30,144,159,
191,71,5000000,0,user_38,141,159,
1377,69,5000000,0,user_37,147,159,
545,76,4999999,0,user_21,143,159,177
528,77,4999999,0,user_8,143,159,177
529,78,4999999,0,user_8,143,159,177
724,85,4999999,0,user_25,144,159,177
348,79,4999999,0,user_16,142,159,177
354,80,4999999,0,user_24,142,159,177
732,94,4500000,16400,user_31,144,159,
1583,44,4499999,0,builder_18,147,147,732
1584,45,4200001,0,builder_18,147,147,55
55,99,4200000,33100,user_43,140,159,
162,99,4200001,0,user_13,141,157,55
163,94,4200001,0,user_13,141,156,55
169,96,4200001,0,user_17,141,156,55
156,95,4200001,0,user_9,141,156,55
343,98,4200001,0,user_10,142,157,55
341,97,4200001,0,user_8,142,157,55
362,97,4200000,0,user_32,142,155,
552,97,4200000,0,user_34,143,156,
1151,98,4200000,0,user_34,146,156,
159,99,4199999,0,user_13,141,153,55
171,98,4199999,0,user_20,141,153,55
176,99,4199999,0,user_26,141,152,55
344,99,4199999,0,user_11,142,155,55
340,99,4199999,0,user_8,142,154,55
1585,61,3500001,0,builder_18,147,147,1144
1144,98,3500000,5640,user_30,146,151,
1586,63,3200001,0,builder_18,147,147,38
38,96,3200000,21800,user_30,140,149,
555,98,3200000,6390,user_37,143,149,
1587,66,3199999,0,builder_18,147,147,555
144,77,3200001,0,user_4,141,148,38
910,80,3200000,0,user_32,145,148,
922,79,3200000,0,user_43,145,148,
742,78,3200000,0,user_40,144,148,
142,81,3199999,0,user_3,141,148,38
143,82,3199999,0,user_3,141,148,38
174,83,3199999,0,user_23,141,148,38
554,85,2600000,0,user_37,143,148,
199,84,2600000,0,user_47,141,148,
61,87,2600000,0,user_46,140,148,
15,86,2600000,0,user_11,140,148,
909,89,2500000,0,user_28,145,148,
42,88,2500000,0,user_32,140,148,
1588,80,2400001,0,builder_18,147,147,553
553,91,2400000,18600,user_36,143,148,
369,93,2400000,0,user_42,142,148,
1160,92,2400000,0,user_49,146,148,
44,96,2000000,322000,user_33,140,148,
1589,85,1999999,0,builder_18,147,147,44
45,98,2300000,0,user_33,140,148,
36,97,2300000,0,user_27,140,148,
896,88,2000001,0,user_11,145,147,44
1114,89,2000001,0,user_1,146,147,44
706,90,2000001,0,user_5,144,147,44
539,91,2000001,0,user_17,143,147,44
716,92,2000001,0,user_17,144,147,44
1136,99,2000001,0,user_20,146,148,44
172,94,2000001,0,user_21,141,147,44
151,95,2000001,0,user_6,141,147,44
154,96,2000001,0,user_7,141,147,44
145,97,2000001,0,user_5,141,147,44
149,98,2000001,0,user_5,141,147,44
173,99,2000001,0,user_22,141,147,44
11,2,43000000,0,user_9,140,159,
1627,3,43000000,0,user_29,148,159,
735,7,30000000,0,user_35,144,159,
1370,5,30000000,0,user_29,147,159,
358,9,27000000,0,user_28,142,159,
727,18,170000,17700000,user_27,144,159,
1876,6,169999,0,builder_18,148,148,727
1618,20,3500000,7190000,user_27,148,159,
1877,8,3499999,0,builder_18,148,148,1618
1878,9,6300001,0,builder_18,148,148,46
46,22,6300000,7840,user_34,140,159,
164,23,6300001,0,user_14,141,159,46
1147,25,6300000,0,user_31,146,159,
187,28,6300000,0,user_33,141,159,
1640,27,6300000,0,user_44,148,159,
165,31,6299999,0,user_14,141,159,46
166,29,6299999,0,user_16,141,159,46
152,30,6299999,0,user_6,141,159,46
1158,32,6100000,0,user_47,146,159,
43,34,6100000,0,user_33,140,159,
51,33,6100000,0,user_40,140,159,
1626,35,6100000,0,user_29,148,159,
177,36,5000000,381000,user_27,141,159,
1879,23,4999999,0,builder_18,148,148,177
908,41,5200000,0,user_27,145,159,
1384,45,5000000,13900,user_45,147,159,
1880,26,4999999,0,builder_18,148,148,1384
1881,27,5000001,0,builder_18,148,148,1380
1380,47,5000000,6390,user_41,147,159,
1124,48,5000001,0,user_10,146,159,177
345,52,5000001,0,user_12,142,159,177
349,65,5000001,0,user_19,142,159,177
353,53,5000001,0,user_24,142,159,177
547,50,5000001,0,user_26,143,159,177
538,51,5000001,0,user_17,143,159,177
714,59,5000001,0,user_15,144,159,177
883,60,5000001,0,user_0,145,159,177
719,58,5000001,0,user_19,144,159,177
1617,61,5000001,0,user_26,148,159,177
749,72,5000000,0,user_47,144,159,
1377,69,5000000,0,user_37,147,159,
191,71,5000000,0,user_38,141,159,
731,70,5000000,0,user_30,144,159,
348,79,4999999,0,user_16,142,159,177
354,80,4999999,0,user_24,142,159,177
528,77,4999999,0,user_8,143,159,177
529,78,4999999,0,user_8,143,159,177
545,76,4999999,0,user_21,143,159,177
724,85,4999999,0,user_25,144,159,177
1593,75,4999999,0,user_7,148,159,177
1882,50,4500001,0,builder_18,148,148,732
732,94,4500000,16400,user_31,144,159,
1883,52,4200001,0,builder_18,148,148,55
55,99,4200000,33100,user_43,140,159,
341,97,4200001,0,user_8,142,157,55
343,98,4200001,0,user_10,142,157,55
169,96,4200001,0,user_17,141,156,55
156,95,4200001,0,user_9,141,156,55
162,99,4200001,0,user_13,141,157,55
163,94,4200001,0,user_13,141,156,55
1151,98,4200000,0,user_34,146,156,
362,97,4200000,0,user_32,142,155,
552,97,4200000,0,user_34,143,156,
1634,98,4200000,0,user_39,148,155,
344,99,4199999,0,user_11,142,155,55
340,99,4199999,0,user_8,142,154,55
176,99,4199999,0,user_26,141,152,55
159,99,4199999,0,user_13,141,153,55
171,98,4199999,0,user_20,141,153,55
1884,69,3500001,0,builder_18,148,148,1371
1371,97,3500000,283000,user_31,147,151,
1885,71,3500001,0,builder_18,148,148,1144
1144,98,3500000,5640,user_30,146,151,
1886,73,3200001,0,builder_18,148,148,38
38,96,3200000,21800,user_30,140,149,
555,98,3200000,6390,user_37,143,149,
1887,76,3199999,0,builder_18,148,148,555
144,77,3200001,0,user_4,141,148,38
742,78,3200000,0,user_40,144,148,
922,79,3200000,0,user_43,145,148,
910,80,3200000,0,user_32,145,148,
142,81,3199999,0,user_3,141,148,38
143,82,3199999,0,user_3,141,148,38
174,83,3199999,0,user_23,141,148,38
199,84,2600000,0,user_47,141,148,
554,85,2600000,0,user_37,143,148,
15,86,2600000,0,user_11,140,148,
61,87,2600000,0,user_46,140,148,
42,88,2500000,0,user_32,140,148,
909,89,2500000,0,user_28,145,148,
1888,90,2400001,0,builder_18,148,148,553
553,91,2400000,18600,user_36,143,148,
1160,92,2400000,0,user_49,146,148,
369,93,2400000,0,user_42,142,148,
1629,94,2400000,0,user_32,148,148,
1889,95,2000001,0,builder_18,148,148,44
44,96,2000000,322000,user_33,140,148,
36,97,2300000,0,user_27,140,148,
45,98,2300000,0,user_33,140,148,
1136,99,2000001,0,user_20,146,148,44
11,2,43000000,0,user_9,140,159,
1627,3,43000000,0,user_29,148,159,
1370,5,30000000,0,user_29,147,159,
735,7,30000000,0,user_35,144,159,
1931,8,30000000,0,user_41,149,159,
358,9,27000000,0,user_28,142,159,
1926,10,27000000,0,user_34,149,159,
727,18,170000,17700000,user_27,144,159,
2156,8,169999,0,builder_18,149,149,727
2157,9,3500001,0,builder_18,149,149,1618
1618,20,3500000,7190000,user_27,148,159,
46,22,6300000,7840,user_34,140,159,
2158,12,6299999,0,builder_18,149,149,46
164,23,6300001,0,user_14,141,159,46
1147,25,6300000,0,user_31,146,159,
1640,27,6300000,0,user_44,148,159,
187,28,6300000,0,user_33,141,159,
165,31,6299999,0,user_14,141,159,46
166,29,6299999,0,user_16,141,159,46
152,30,6299999,0,user_6,141,159,46
1158,32,6100000,0,user_47,146,159,
51,33,6100000,0,user_40,140,159,
43,34,6100000,0,user_33,140,159,
1626,35,6100000,0,user_29,148,159,
177,36,5000000,381000,user_27,141,159,
2159,25,4999999,0,builder_18,149,149,177
908,41,5200000,0,user_27,145,159,
1384,45,5000000,13900,user_45,147,159,
2160,28,4999999,0,builder_18,149,149,1384
2161,29,5000001,0,builder_18,149,149,1380
1380,47,5000000,6390,user_41,147,159,
1124,48,5000001,0,user_10,146,159,177
538,51,5000001,0,user_17,143,159,177
547,50,5000001,0,user_26,143,159,177
719,58,5000001,0,user_19,144,159,177
345,52,5000001,0,user_12,142,159,177
353,53,5000001,0,user_24,142,159,177
349,65,5000001,0,user_19,142,159,177
714,59,5000001,0,user_15,144,159,177
883,60,5000001,0,user_0,145,159,177
1617,61,5000001,0,user_26,148,159,177
1911,62,5000001,0,user_20,149,159,177
1905,49,5000001,0,user_13,149,159,177
1910,63,5000001,0,user_18,149,159,177
1917,64,5000001,0,user_24,149,159,177
1377,69,5000000,0,user_37,147,159,
191,71,5000000,0,user_38,141,159,
749,72,5000000,0,user_47,144,159,
731,70,5000000,0,user_30,144,159,
1929,73,5000000,0,user_39,149,159,
528,77,4999999,0,user_8,143,159,177
529,78,4999999,0,user_8,143,159,177
545,76,4999999,0,user_21,143,159,177
348,79,4999999,0,user_16,142,159,177
354,80,4999999,0,user_24,142,159,177
724,85,4999999,0,user_25,144,159,177
1593,75,4999999,0,user_7,148,159,177
1894,86,4999999,0,user_4,149,159,177
1901,87,4999999,0,user_10,149,159,177
1909,88,4999999,0,user_18,149,159,177
1898,89,4999999,0,user_5,149,159,177
1914,90,4999999,0,user_23,149,159,177
1913,92,4999999,0,user_22,149,159,177
1916,91,4999999,0,user_24,149,159,177
732,94,4500000,16400,user_31,144,159,
2162,65,4499999,0,builder_18,149,149,732
55,99,4200000,33100,user_43,140,159,
2163,67,4199999,0,builder_18,149,149,55
343,98,4200001,0,user_10,142,157,55
156,95,4200001,0,user_9,141,156,55
162,99,4200001,0,user_13,141,157,55
163,94,4200001,0,user_13,141,156,55
169,96,4200001,0,user_17,141,156,55
341,97,4200001,0,user_8,142,157,55
1151,98,4200000,0,user_34,146,156,
1622,99,4200000,0,user_28,148,156,
552,97,4200000,0,user_34,143,156,
362,97,4200000,0,user_32,142,155,
1634,98,4200000,0,user_39,148,155,
171,98,4199999,0,user_20,141,153,55
159,99,4199999,0,user_13,141,153,55
344,99,4199999,0,user_11,142,155,55
340,99,4199999,0,user_8,142,154,55
176,99,4199999,0,user_26,141,152,55
1371,97,3500000,283000,user_31,147,151,
2164,85,3499999,0,builder_18,149,149,1371
1144,98,3500000,5640,user_30,146,151,
2165,87,3499999,0,builder_18,149,149,1144
1892,99,3500001,0,user_1,149,150,1618
1895,97,3500001,0,user_4,149,150,1618
1896,98,3500001,0,user_4,149,150,1618
1907,91,3500001,0,user_16,149,149,1618
1897,92,3499999,0,user_4,149,149,1618
1900,93,3499999,0,user_10,149,149,1618
1902,94,3499999,0,user_10,149,149,1618
1912,95,3499999,0,user_21,149,149,1618
38,96,3200000,21800,user_30,140,149,
2166,97,3199999,0,builder_18,149,149,38
555,98,3200000,6390,user_37,143,149,
2167,99,3199999,0,builder_18,149,149,555
1627,3,43000000,0,user_29,148,159,
11,2,43000000,0,user_9,140,159,
1370,5,30000000,0,user_29,147,159,
735,7,30000000,0,user_35,144,159,
1931,8,30000000,0,user_41,149,159,
358,9,27000000,0,user_28,142,159,
1926,10,27000000,0,user_34,149,159,
2217,12,19000000,0,user_40,150,159,
727,18,170000,17700000,user_27,144,159,
2406,9,169999,0,builder_18,150,150,727
2407,10,3500001,0,builder_18,150,150,1618
1618,20,3500000,7190000,user_27,148,159,
46,22,6300000,7840,user_34,140,159,
2408,13,6299999,0,builder_18,150,150,46
164,23,6300001,0,user_14,141,159,46
1147,25,6300000,0,user_31,146,159,
1640,27,6300000,0,user_44,148,159,
187,28,6300000,0,user_33,141,159,
152,30,6299999,0,user_6,141,159,46
165,31,6299999,0,user_14,141,159,46
166,29,6299999,0,user_16,141,159,46
1158,32,6100000,0,user_47,146,159,
1626,35,6100000,0,user_29,148,159,
43,34,6100000,0,user_33,140,159,
51,33,6100000,0,user_40,140,159,
177,36,5000000,381000,user_27,141,159,
2409,26,4999999,0,builder_18,150,150,177
908,41,5200000,0,user_27,145,159,
1384,45,5000000,13900,user_45,147,159,
2410,29,4999999,0,builder_18,150,150,1384
1380,47,5000000,6390,user_41,147,159,
2411,31,4999999,0,builder_18,150,150,1380
1124,48,5000001,0,user_10,146,159,177
1617,61,5000001,0,user_26,148,159,177
1905,49,5000001,0,user_13,149,159,177
1911,62,5000001,0,user_20,149,159,177
547,50,5000001,0,user_26,143,159,177
538,51,5000001,0,user_17,143,159,177
719,58,5000001,0,user_19,144,159,177
714,59,5000001,0,user_15,144,159,177
345,52,5000001,0,user_12,142,159,177
353,53,5000001,0,user_24,142,159,177
349,65,5000001,0,user_19,142,159,177
883,60,5000001,0,user_0,145,159,177
1910,63,5000001,0,user_18,149,159,177
1917,64,5000001,0,user_24,149,159,177
2184,54,5000001,0,user_11,150,159,177
2168,55,5000001,0,user_0,150,159,177
2181,56,5000001,0,user_9,150,159,177
2183,57,5000001,0,user_9,150,159,177
1377,69,5000000,0,user_37,147,159,
749,72,5000000,0,user_47,144,159,
731,70,5000000,0,user_30,144,159,
191,71,5000000,0,user_38,141,159,
1929,73,5000000,0,user_39,149,159,
1593,75,4999999,0,user_7,148,159,177
1894,86,4999999,0,user_4,149,159,177
1898,89,4999999,0,user_5,149,159,177
1901,87,4999999,0,user_10,149,159,177
545,76,4999999,0,user_21,143,159,177
528,77,4999999,0,user_8,143,159,177
529,78,4999999,0,user_8,143,159,177
724,85,4999999,0,user_25,144,159,177
348,79,4999999,0,user_16,142,159,177
354,80,4999999,0,user_24,142,159,177
1913,92,4999999,0,user_22,149,159,177
1909,88,4999999,0,user_18,149,159,177
1914,90,4999999,0,user_23,149,159,177
1916,91,4999999,0,user_24,149,159,177
2179,82,4999999,0,user_9,150,159,177
2180,83,4999999,0,user_9,150,159,177
2182,84,4999999,0,user_9,150,159,177
2178,81,4999999,0,user_8,150,159,177
2412,73,4500001,0,builder_18,150,150,732
732,94,4500000,16400,user_31,144,159,
55,99,4200000,33100,user_43,140,159,
2413,76,4199999,0,builder_18,150,150,55
162,99,4200001,0,user_13,141,157,55
163,94,4200001,0,user_13,141,156,55
156,95,4200001,0,user_9,141,156,55
169,96,4200001,0,user_17,141,156,55
343,98,4200001,0,user_10,142,157,55
341,97,4200001,0,user_8,142,157,55
1622,99,4200000,0,user_28,148,156,
1634,98,4200000,0,user_39,148,155,
552,97,4200000,0,user_34,143,156,
362,97,4200000,0,user_32,142,155,
1151,98,4200000,0,user_34,146,156,
159,99,4199999,0,user_13,141,153,55
171,98,4199999,0,user_20,141,153,55
176,99,4199999,0,user_26,141,152,55
344,99,4199999,0,user_11,142,155,55
340,99,4199999,0,user_8,142,154,55
1371,97,3500000,283000,user_31,147,151,
2414,94,3499999,0,builder_18,150,150,1371
1144,98,3500000,5640,user_30,146,151,
2415,96,3499999,0,builder_18,150,150,1144
1895,97,3500001,0,user_4,149,150,1618
1896,98,3500001,0,user_4,149,150,1618
1892,99,3500001,0,user_1,149,150,1618
1627,3,43000000,0,user_29,148,159,
11,2,43000000,0,user_9,140,159,
1931,8,30000000,0,user_41,149,159,
735,7,30000000,0,user_35,144,159,
1370,5,30000000,0,user_29,147,159,
2214,6,30000000,0,user_38,150,159,
1926,10,27000000,0,user_34,149,159,
358,9,27000000,0,user_28,142,159,
2217,12,19000000,0,user_40,150,159,
2449,13,19000000,0,user_32,151,159,
727,18,170000,17700000,user_27,144,159,
2640,11,169999,0,builder_18,151,151,727
2641,12,3500001,0,builder_18,151,151,1618
1618,20,3500000,7190000,user_27,148,159,
46,22,6300000,7840,user_34,140,159,
2642,15,6299999,0,builder_18,151,151,46
164,23,6300001,0,user_14,141,159,46
1640,27,6300000,0,user_44,148,159,
187,28,6300000,0,user_33,141,159,
1147,25,6300000,0,user_31,146,159,
165,31,6299999,0,user_14,141,159,46
166,29,6299999,0,user_16,141,159,46
152,30,6299999,0,user_6,141,159,46
1626,35,6100000,0,user_29,148,159,
51,33,6100000,0,user_40,140,159,
43,34,6100000,0,user_33,140,159,
1158,32,6100000,0,user_47,146,159,
2643,27,5000001,0,builder_18,151,151,177
177,36,5000000,381000,user_27,141,159,
908,41,5200000,0,user_27,145,159,
2226,40,5200000,0,user_49,150,159,
1384,45,5000000,13900,user_45,147,159,
2644,32,4999999,0,builder_18,151,151,1384
1380,47,5000000,6390,user_41,147,159,
2645,34,4999999,0,builder_18,151,151,1380
1617,61,5000001,0,user_26,148,159,177
1905,49,5000001,0,user_13,149,159,177
1911,62,5000001,0,user_20,149,159,177
1910,63,5000001,0,user_18,149,159,177
1917,64,5000001,0,user_24,149,159,177
2184,54,5000001,0,user_11,150,159,177
2168,55,5000001,0,user_0,150,159,177
883,60,5000001,0,user_0,145,159,177
1124,48,5000001,0,user_10,146,159,177
538,51,5000001,0,user_17,143,159,177
547,50,5000001,0,user_26,143,159,177
719,58,5000001,0,user_19,144,159,177
714,59,5000001,0,user_15,144,159,177
345,52,5000001,0,user_12,142,159,177
349,65,5000001,0,user_19,142,159,177
353,53,5000001,0,user_24,142,159,177
2181,56,5000001,0,user_9,150,159,177
2183,57,5000001,0,user_9,150,159,177
1929,73,5000000,0,user_39,149,159,
1377,69,5000000,0,user_37,147,159,
749,72,5000000,0,user_47,144,159,
731,70,5000000,0,user_30,144,159,
191,71,5000000,0,user_38,141,159,
1593,75,4999999,0,user_7,148,159,177
1894,86,4999999,0,user_4,149,159,177
1898,89,4999999,0,user_5,149,159,177
1913,92,4999999,0,user_22,149,159,177
1901,87,4999999,0,user_10,149,159,177
1909,88,4999999,0,user_18,149,159,177
1914,90,4999999,0,user_23,149,159,177
1916,91,4999999,0,user_24,149,159,177
545,76,4999999,0,user_21,143,159,177
528,77,4999999,0,user_8,143,159,177
529,78,4999999,0,user_8,143,159,177
724,85,4999999,0,user_25,144,159,177
348,79,4999999,0,user_16,142,159,177
354,80,4999999,0,user_24,142,159,177
2178,81,4999999,0,user_8,150,159,177
2179,82,4999999,0,user_9,150,159,177
2180,83,4999999,0,user_9,150,159,177
2182,84,4999999,0,user_9,150,159,177
732,94,4500000,16400,user_31,144,159,
2646,77,4499999,0,builder_18,151,151,732
2647,78,4200001,0,builder_18,151,151,55
55,99,4200000,33100,user_43,140,159,
162,99,4200001,0,user_13,141,157,55
163,94,4200001,0,user_13,141,156,55
169,96,4200001,0,user_17,141,156,55
156,95,4200001,0,user_9,141,156,55
343,98,4200001,0,user_10,142,157,55
341,97,4200001,0,user_8,142,157,55
1622,99,4200000,0,user_28,148,156,
1634,98,4200000,0,user_39,148,155,
362,97,4200000,0,user_32,142,155,
552,97,4200000,0,user_34,143,156,
1151,98,4200000,0,user_34,146,156,
159,99,4199999,0,user_13,141,153,55
171,98,4199999,0,user_20,141,153,55
176,99,4199999,0,user_26,141,152,55
344,99,4199999,0,user_11,142,155,55
340,99,4199999,0,user_8,142,154,55
2648,96,3500001,0,builder_18,151,151,1371
1371,97,3500000,283000,user_31,147,151,
1144,98,3500000,5640,user_30,146,151,
2649,99,3499999,0,builder_18,151,151,1144
2678,4,43000000,0,user_34,152,159,
1627,3,43000000,0,user_29,148,159,
11,2,43000000,0,user_9,140,159,
2214,6,30000000,0,user_38,150,159,
1931,8,30000000,0,user_41,149,159,
1370,5,30000000,0,user_29,147,159,
735,7,30000000,0,user_35,144,159,
1926,10,27000000,0,user_34,149,159,
2677,11,27000000,0,user_32,152,159,
358,9,27000000,0,user_28,142,159,
2449,13,19000000,0,user_32,151,159,
2217,12,19000000,0,user_40,150,159,
727,18,170000,17700000,user_27,144,159,
2857,13,169999,0,builder_17,152,152,727
2858,14,3500001,0,builder_17,152,152,1618
1618,20,3500000,7190000,user_27,148,159,
46,22,6300000,7840,user_34,140,159,
2859,17,6299999,0,builder_17,152,152,46
164,23,6300001,0,user_14,141,159,46
1640,27,6300000,0,user_44,148,159,
1147,25,6300000,0,user_31,146,159,
187,28,6300000,0,user_33,141,159,
166,29,6299999,0,user_16,141,159,46
152,30,6299999,0,user_6,141,159,46
165,31,6299999,0,user_14,141,159,46
1626,35,6100000,0,user_29,148,159,
51,33,6100000,0,user_40,140,159,
1158,32,6100000,0,user_47,146,159,
43,34,6100000,0,user_33,140,159,
177,36,5000000,381000,user_27,141,159,
2860,30,4999999,0,builder_17,152,152,177
2226,40,5200000,0,user_49,150,159,
908,41,5200000,0,user_27,145,159,
2861,33,5000001,0,builder_17,152,152,1384
1384,45,5000000,13900,user_45,147,159,
2862,35,5000001,0,builder_17,152,152,1380
1380,47,5000000,6390,user_41,147,159,
2181,56,5000001,0,user_9,150,159,177
2183,57,5000001,0,user_9,150,159,177
2168,55,5000001,0,user_0,150,159,177
1910,63,5000001,0,user_18,149,159,177
1911,62,5000001,0,user_20,149,159,177
2184,54,5000001,0,user_11,150,159,177
1617,61,5000001,0,user_26,148,159,177
1905,49,5000001,0,user_13,149,159,177
1917,64,5000001,0,user_24,149,159,177
1124,48,5000001,0,user_10,146,159,177
538,51,5000001,0,user_17,143,159,177
547,50,5000001,0,user_26,143,159,177
345,52,5000001,0,user_12,142,159,177
353,53,5000001,0,user_24,142,159,177
719,58,5000001,0,user_19,144,159,177
714,59,5000001,0,user_15,144,159,177
883,60,5000001,0,user_0,145,159,177
349,65,5000001,0,user_19,142,159,177
1929,73,5000000,0,user_39,149,159,
731,70,5000000,0,user_30,144,159,
1377,69,5000000,0,user_37,147,159,
749,72,5000000,0,user_47,144,159,
191,71,5000000,0,user_38,141,159,
2179,82,4999999,0,user_9,150,159,177
2180,83,4999999,0,user_9,150,159,177
2182,84,4999999,0,user_9,150,159,177
2178,81,4999999,0,user_8,150,159,177
1909,88,4999999,0,user_18,149,159,177
1894,86,4999999,0,user_4,149,159,177
1898,89,4999999,0,user_5,149,159,177
1913,92,4999999,0,user_22,149,159,177
1901,87,4999999,0,user_10,149,159,177
1914,90,4999999,0,user_23,149,159,177
1916,91,4999999,0,user_24,149,159,177
545,76,4999999,0,user_21,143,159,177
528,77,4999999,0,user_8,143,159,177
529,78,4999999,0,user_8,143,159,177
348,79,4999999,0,user_16,142,159,177
354,80,4999999,0,user_24,142,159,177
1593,75,4999999,0,user_7,148,159,177
724,85,4999999,0,user_25,144,159,177
2863,78,4500001,0,builder_17,152,152,732
732,94,4500000,16400,user_31,144,159,
2864,80,4200001,0,builder_17,152,152,2681
2681,97,4200000,231000,user_36,152,159,
55,99,4200000,33100,user_43,140,159,
2865,83,4199999,0,builder_17,152,152,55
343,98,4200001,0,user_10,142,157,55
341,97,4200001,0,user_8,142,157,55
162,99,4200001,0,user_13,141,157,55
163,94,4200001,0,user_13,141,156,55
156,95,4200001,0,user_9,141,156,55
169,96,4200001,0,user_17,141,156,55
1634,98,4200000,0,user_39,148,155,
1622,99,4200000,0,user_28,148,156,
552,97,4200000,0,user_34,143,156,
1151,98,4200000,0,user_34,146,156,
362,97,4200000,0,user_32,142,155,
344,99,4199999,0,user_11,142,155,55
340,99,4199999,0,user_8,142,154,55
159,99,4199999,0,user_13,141,153,55
171,98,4199999,0,user_20,141,153,55
176,99,4199999,0,user_26,141,152,55
3089,0,43000001,0,builder_18,153,153,2919
2919,1,43000000,56200,user_39,153,159,
11,2,43000000,0,user_9,140,159,
1627,3,43000000,0,user_29,148,159,
2678,4,43000000,0,user_34,152,159,
2214,6,30000000,0,user_38,150,159,
1370,5,30000000,0,user_29,147,159,
735,7,30000000,0,user_35,144,159,
1931,8,30000000,0,user_41,149,159,
358,9,27000000,0,user_28,142,159,
1926,10,27000000,0,user_34,149,159,
2677,11,27000000,0,user_32,152,159,
2449,13,19000000,0,user_32,151,159,
2217,12,19000000,0,user_40,150,159,
727,18,170000,17700000,user_27,144,159,
3090,15,169999,0,builder_18,153,153,727
1618,20,3500000,7190000,user_27,148,159,
3091,17,3499999,0,builder_18,153,153,1618
3092,18,6300001,0,builder_18,153,153,46
46,22,6300000,7840,user_34,140,159,
164,23,6300001,0,user_14,141,159,46
1147,25,6300000,0,user_31,146,159,
1640,27,6300000,0,user_44,148,159,
187,28,6300000,0,user_33,141,159,
165,31,6299999,0,user_14,141,159,46
166,29,6299999,0,user_16,141,159,46
152,30,6299999,0,user_6,141,159,46
1158,32,6100000,0,user_47,146,159,
51,33,6100000,0,user_40,140,159,
43,34,6100000,0,user_33,140,159,
1626,35,6100000,0,user_29,148,159,
3093,31,5000001,0,builder_18,153,153,177
177,36,5000000,381000,user_27,141,159,
2226,40,5200000,0,user_49,150,159,
908,41,5200000,0,user_27,145,159,
1384,45,5000000,13900,user_45,147,159,
3094,36,4999999,0,builder_18,153,153,1384
1380,47,5000000,6390,user_41,147,159,
3095,38,4999999,0,builder_18,153,153,1380
2184,54,5000001,0,user_11,150,159,177
1905,49,5000001,0,user_13,149,159,177
2168,55,5000001,0,user_0,150,159,177
2181,56,5000001,0,user_9,150,159,177
2183,57,5000001,0,user_9,150,159,177
1124,48,5000001,0,user_10,146,159,177
538,51,5000001,0,user_17,143,159,177
547,50,5000001,0,user_26,143,159,177
719,58,5000001,0,user_19,144,159,177
345,52,5000001,0,user_12,142,159,177
353,53,5000001,0,user_24,142,159,177
349,65,5000001,0,user_19,142,159,177
714,59,5000001,0,user_15,144,159,177
883,60,5000001,0,user_0,145,159,177
1617,61,5000001,0,user_26,148,159,177
1911,62,5000001,0,user_20,149,159,177
1910,63,5000001,0,user_18,149,159,177
1917,64,5000001,0,user_24,149,159,177
1377,69,5000000,0,user_37,147,159,
191,71,5000000,0,user_38,141,159,
749,72,5000000,0,user_47,144,159,
731,70,5000000,0,user_30,144,159,
1929,73,5000000,0,user_39,149,159,
2913,74,5000000,0,user_34,153,159,
2179,82,4999999,0,user_9,150,159,177
2180,83,4999999,0,user_9,150,159,177
2182,84,4999999,0,user_9,150,159,177
2178,81,4999999,0,user_8,150,159,177
528,77,4999999,0,user_8,143,159,177
529,78,4999999,0,user_8,143,159,177
545,76,4999999,0,user_21,143,159,177
348,79,4999999,0,user_16,142,159,177
354,80,4999999,0,user_24,142,159,177
724,85,4999999,0,user_25,144,159,177
1593,75,4999999,0,user_7,148,159,177
1894,86,4999999,0,user_4,149,159,177
1901,87,4999999,0,user_10,149,159,177
1909,88,4999999,0,user_18,149,159,177
1898,89,4999999,0,user_5,149,159,177
1914,90,4999999,0,user_23,149,159,177
1916,91,4999999,0,user_24,149,159,177
1913,92,4999999,0,user_22,149,159,177
3096,81,4500001,0,builder_18,153,153,732
732,94,4500000,16400,user_31,144,159,
2681,97,4200000,231000,user_36,152,159,
3097,84,4199999,0,builder_18,153,153,2681
55,99,4200000,33100,user_43,140,159,
3098,86,4199999,0,builder_18,153,153,55
343,98,4200001,0,user_10,142,157,55
156,95,4200001,0,user_9,141,156,55
162,99,4200001,0,user_13,141,157,55
163,94,4200001,0,user_13,141,156,55
169,96,4200001,0,user_17,141,156,55
341,97,4200001,0,user_8,142,157,55
1151,98,4200000,0,user_34,146,156,
1622,99,4200000,0,user_28,148,156,
552,97,4200000,0,user_34,143,156,
362,97,4200000,0,user_32,142,155,
1634,98,4200000,0,user_39,148,155,
171,98,4199999,0,user_20,141,153,55
159,99,4199999,0,user_13,141,153,55
3311,0,43000001,0,builder_17,154,154,2919
2919,1,43000000,56200,user_39,153,159,
2678,4,43000000,0,user_34,152,159,
11,2,43000000,0,user_9,140,159,
1627,3,43000000,0,user_29,148,159,
2214,6,30000000,0,user_38,150,159,
1370,5,30000000,0,user_29,147,159,
735,7,30000000,0,user_35,144,159,
1931,8,30000000,0,user_41,149,159,
2677,11,27000000,0,user_32,152,159,
358,9,27000000,0,user_28,142,159,
1926,10,27000000,0,user_34,149,159,
2449,13,19000000,0,user_32,151,159,
2217,12,19000000,0,user_40,150,159,
3312,14,170001,0,builder_17,154,154,727
727,18,170000,17700000,user_27,144,159,
3313,16,3500001,0,builder_17,154,154,1618
1618,20,3500000,7190000,user_27,148,159,
3314,18,6300001,0,builder_17,154,154,46
46,22,6300000,7840,user_34,140,159,
164,23,6300001,0,user_14,141,159,46
1147,25,6300000,0,user_31,146,159,
187,28,6300000,0,user_33,141,159,
1640,27,6300000,0,user_44,148,159,
166,29,6299999,0,user_16,141,159,46
152,30,6299999,0,user_6,141,159,46
165,31,6299999,0,user_14,141,159,46
1158,32,6100000,0,user_47,146,159,
51,33,6100000,0,user_40,140,159,
43,34,6100000,0,user_33,140,159,
1626,35,6100000,0,user_29,148,159,
177,36,5000000,381000,user_27,141,159,
3315,32,4999999,0,builder_17,154,154,177
2226,40,5200000,0,user_49,150,159,
908,41,5200000,0,user_27,145,159,
3316,35,5000001,0,builder_17,154,154,1384
1384,45,5000000,13900,user_45,147,159,
3317,37,5000001,0,builder_17,154,154,1380
1380,47,5000000,6390,user_41,147,159,
2168,55,5000001,0,user_0,150,159,177
2181,56,5000001,0,user_9,150,159,177
2183,57,5000001,0,user_9,150,159,177
1124,48,5000001,0,user_10,146,159,177
538,51,5000001,0,user_17,143,159,177
547,50,5000001,0,user_26,143,159,177
345,52,5000001,0,user_12,142,159,177
353,53,5000001,0,user_24,142,159,177
1905,49,5000001,0,user_13,149,159,177
2184,54,5000001,0,user_11,150,159,177
714,59,5000001,0,user_15,144,159,177
883,60,5000001,0,user_0,145,159,177
719,58,5000001,0,user_19,144,159,177
1617,61,5000001,0,user_26,148,159,177
1910,63,5000001,0,user_18,149,159,177
1917,64,5000001,0,user_24,149,159,177
1911,62,5000001,0,user_20,149,159,177
349,65,5000001,0,user_19,142,159,177
2913,74,5000000,0,user_34,153,159,
1377,69,5000000,0,user_37,147,159,
731,70,5000000,0,user_30,144,159,
749,72,5000000,0,user_47,144,159,
191,71,5000000,0,user_38,141,159,
1929,73,5000000,0,user_39,149,159,
1914,90,4999999,0,user_23,149,159,177
2179,82,4999999,0,user_9,150,159,177
2180,83,4999999,0,user_9,150,159,177
2182,84,4999999,0,user_9,150,159,177
528,77,4999999,0,user_8,143,159,177
529,78,4999999,0,user_8,143,159,177
545,76,4999999,0,user_21,143,159,177
348,79,4999999,0,user_16,142,159,177
354,80,4999999,0,user_24,142,159,177
1593,75,4999999,0,user_7,148,159,177
2178,81,4999999,0,user_8,150,159,177
724,85,4999999,0,user_25,144,159,177
1894,86,4999999,0,user_4,149,159,177
1898,89,4999999,0,user_5,149,159,177
1913,92,4999999,0,user_22,149,159,177
1901,87,4999999,0,user_10,149,159,177
1909,88,4999999,0,user_18,149,159,177
1916,91,4999999,0,user_24,149,159,177
3318,81,4500001,0,builder_17,154,154,732
732,94,4500000,16400,user_31,144,159,
2681,97,4200000,231000,user_36,152,159,
3319,84,4199999,0,builder_17,154,154,2681
55,99,4200000,33100,user_43,140,159,
3320,86,4199999,0,builder_17,154,154,55
343,98,4200001,0,user_10,142,157,55
341,97,4200001,0,user_8,142,157,55
169,96,4200001,0,user_17,141,156,55
156,95,4200001,0,user_9,141,156,55
162,99,4200001,0,user_13,141,157,55
163,94,4200001,0,user_13,141,156,55
1151,98,4200000,0,user_34,146,156,
552,97,4200000,0,user_34,143,156,
362,97,4200000,0,user_32,142,155,
1634,98,4200000,0,user_39,148,155,
1622,99,4200000,0,user_28,148,156,
344,99,4199999,0,user_11,142,155,55
340,99,4199999,0,user_8,142,154,55
2919,1,43000000,56200,user_39,153,159,
3552,1,42999999,0,builder_17,155,155,2919
2678,4,43000000,0,user_34,152,159,
11,2,43000000,0,user_9,140,159,
1627,3,43000000,0,user_29,148,159,
1370,5,30000000,0,user_29,147,159,
735,7,30000000,0,user_35,144,159,
1931,8,30000000,0,user_41,149,159,
2214,6,30000000,0,user_38,150,159,
358,9,27000000,0,user_28,142,159,
1926,10,27000000,0,user_34,149,159,
2677,11,27000000,0,user_32,152,159,
2217,12,19000000,0,user_40,150,159,
2449,13,19000000,0,user_32,151,159,
727,18,170000,17700000,user_27,144,159,
3553,15,169999,0,builder_17,155,155,727
3554,16,3500001,0,builder_17,155,155,1618
1618,20,3500000,7190000,user_27,148,159,
46,22,6300000,7840,user_34,140,159,
3555,19,6299999,0,builder_17,155,155,46
164,23,6300001,0,user_14,141,159,46
1147,25,6300000,0,user_31,146,159,
1640,27,6300000,0,user_44,148,159,
187,28,6300000,0,user_33,141,159,
166,29,6299999,0,user_16,141,159,46
152,30,6299999,0,user_6,141,159,46
165,31,6299999,0,user_14,141,159,46
1158,32,6100000,0,user_47,146,159,
51,33,6100000,0,user_40,140,159,
43,34,6100000,0,user_33,140,159,
1626,35,6100000,0,user_29,148,159,
3556,31,5000001,0,builder_17,155,155,177
177,36,5000000,381000,user_27,141,159,
908,41,5200000,0,user_27,145,159,
2226,40,5200000,0,user_49,150,159,
3557,35,5000001,0,builder_17,155,155,1384
1384,45,5000000,13900,user_45,147,159,
3558,37,5000001,0,builder_17,155,155,1380
1380,47,5000000,6390,user_41,147,159,
1124,48,5000001,0,user_10,146,159,177
1905,49,5000001,0,user_13,149,159,177
547,50,5000001,0,user_26,143,159,177
538,51,5000001,0,user_17,143,159,177
345,52,5000001,0,user_12,142,159,177
353,53,5000001,0,user_24,142,159,177
2184,54,5000001,0,user_11,150,159,177
719,58,5000001,0,user_19,144,159,177
714,59,5000001,0,user_15,144,159,177
883,60,5000001,0,user_0,145,159,177
1617,61,5000001,0,user_26,148,159,177
1911,62,5000001,0,user_20,149,159,177
1910,63,5000001,0,user_18,149,159,177
2168,55,5000001,0,user_0,150,159,177
2181,56,5000001,0,user_9,150,159,177
2183,57,5000001,0,user_9,150,159,177
1917,64,5000001,0,user_24,149,159,177
349,65,5000001,0,user_19,142,159,177
2913,74,5000000,0,user_34,153,159,
1377,69,5000000,0,user_37,147,159,
731,70,5000000,0,user_30,144,159,
191,71,5000000,0,user_38,141,159,
749,72,5000000,0,user_47,144,159,
1929,73,5000000,0,user_39,149,159,
1593,75,4999999,0,user_7,148,159,177
545,76,4999999,0,user_21,143,159,177
528,77,4999999,0,user_8,143,159,177
529,78,4999999,0,user_8,143,159,177
348,79,4999999,0,user_16,142,159,177
354,80,4999999,0,user_24,142,159,177
2178,81,4999999,0,user_8,150,159,177
724,85,4999999,0,user_25,144,159,177
1894,86,4999999,0,user_4,149,159,177
1901,87,4999999,0,user_10,149,159,177
1909,88,4999999,0,user_18,149,159,177
1898,89,4999999,0,user_5,149,159,177
1914,90,4999999,0,user_23,149,159,177
2179,82,4999999,0,user_9,150,159,177
2180,83,4999999,0,user_9,150,159,177
2182,84,4999999,0,user_9,150,159,177
1916,91,4999999,0,user_24,149,159,177
1913,92,4999999,0,user_22,149,159,177
732,94,4500000,16400,user_31,144,159,
3559,82,4499999,0,builder_17,155,155,732
3378,95,4500000,0,user_42,155,159,
2681,97,4200000,231000,user_36,152,159,
3560,85,4199999,0,builder_17,155,155,2681
3561,86,4200001,0,builder_17,155,155,55
55,99,4200000,33100,user_43,140,159,
343,98,4200001,0,user_10,142,157,55
341,97,4200001,0,user_8,142,157,55
156,95,4200001,0,user_9,141,156,55
162,99,4200001,0,user_13,141,157,55
163,94,4200001,0,user_13,141,156,55
169,96,4200001,0,user_17,141,156,55
552,97,4200000,0,user_34,143,156,
1151,98,4200000,0,user_34,146,156,
1622,99,4200000,0,user_28,148,156,
362,97,4200000,0,user_32,142,155,
1634,98,4200000,0,user_39,148,155,
344,99,4199999,0,user_11,142,155,55
3811,0,43000001,0,builder_17,156,156,2919
2919,1,43000000,56200,user_39,153,159,
2678,4,43000000,0,user_34,152,159,
1627,3,43000000,0,user_29,148,159,
11,2,43000000,0,user_9,140,159,
1370,5,30000000,0,user_29,147,159,
735,7,30000000,0,user_35,144,159,
1931,8,30000000,0,user_41,149,159,
2214,6,30000000,0,user_38,150,159,
2677,11,27000000,0,user_32,152,159,
358,9,27000000,0,user_28,142,159,
1926,10,27000000,0,user_34,149,159,
2217,12,19000000,0,user_40,150,159,
2449,13,19000000,0,user_32,151,159,
3812,14,170001,0,builder_17,156,156,727
727,18,170000,17700000,user_27,144,159,
3813,16,3500001,0,builder_17,156,156,1618
1618,20,3500000,7190000,user_27,148,159,
3814,18,6300001,0,builder_17,156,156,46
46,22,6300000,7840,user_34,140,159,
164,23,6300001,0,user_14,141,159,46
1147,25,6300000,0,user_31,146,159,
1640,27,6300000,0,user_44,148,159,
187,28,6300000,0,user_33,141,159,
166,29,6299999,0,user_16,141,159,46
152,30,6299999,0,user_6,141,159,46
165,31,6299999,0,user_14,141,159,46
51,33,6100000,0,user_40,140,159,
1158,32,6100000,0,user_47,146,159,
1626,35,6100000,0,user_29,148,159,
43,34,6100000,0,user_33,140,159,
3815,31,5000001,0,builder_17,156,156,177
177,36,5000000,381000,user_27,141,159,
3380,38,5000000,215000,user_43,155,159,
3816,34,4999999,0,builder_17,156,156,3380
908,41,5200000,0,user_27,145,159,
2226,40,5200000,0,user_49,150,159,
1384,45,5000000,13900,user_45,147,159,
3817,38,4999999,0,builder_17,156,156,1384
1380,47,5000000,6390,user_41,147,159,
3818,40,4999999,0,builder_17,156,156,1380
1905,49,5000001,0,user_13,149,159,177
2184,54,5000001,0,user_11,150,159,177
1124,48,5000001,0,user_10,146,159,177
538,51,5000001,0,user_17,143,159,177
547,50,5000001,0,user_26,143,159,177
345,52,5000001,0,user_12,142,159,177
353,53,5000001,0,user_24,142,159,177
1617,61,5000001,0,user_26,148,159,177
1911,62,5000001,0,user_20,149,159,177
719,58,5000001,0,user_19,144,159,177
714,59,5000001,0,user_15,144,159,177
883,60,5000001,0,user_0,145,159,177
1910,63,5000001,0,user_18,149,159,177
1917,64,5000001,0,user_24,149,159,177
2168,55,5000001,0,user_0,150,159,177
2181,56,5000001,0,user_9,150,159,177
2183,57,5000001,0,user_9,150,159,177
349,65,5000001,0,user_19,142,159,177
2913,74,5000000,0,user_34,153,159,
1377,69,5000000,0,user_37,147,159,
731,70,5000000,0,user_30,144,159,
749,72,5000000,0,user_47,144,159,
191,71,5000000,0,user_38,141,159,
1929,73,5000000,0,user_39,149,159,
3625,68,5000000,0,user_42,156,159,
1593,75,4999999,0,user_7,148,159,177
545,76,4999999,0,user_21,143,159,177
528,77,4999999,0,user_8,143,159,177
529,78,4999999,0,user_8,143,159,177
348,79,4999999,0,user_16,142,159,177
354,80,4999999,0,user_24,142,159,177
2178,81,4999999,0,user_8,150,159,177
1894,86,4999999,0,user_4,149,159,177
1898,89,4999999,0,user_5,149,159,177
1901,87,4999999,0,user_10,149,159,177
724,85,4999999,0,user_25,144,159,177
1913,92,4999999,0,user_22,149,159,177
1909,88,4999999,0,user_18,149,159,177
1914,90,4999999,0,user_23,149,159,177
1916,91,4999999,0,user_24,149,159,177
2179,82,4999999,0,user_9,150,159,177
2180,83,4999999,0,user_9,150,159,177
2182,84,4999999,0,user_9,150,159,177
732,94,4500000,16400,user_31,144,159,
3819,85,4499999,0,builder_17,156,156,732
3378,95,4500000,0,user_42,155,159,
2681,97,4200000,231000,user_36,152,159,
3820,88,4199999,0,builder_17,156,156,2681
3821,89,4200001,0,builder_17,156,156,55
55,99,4200000,33100,user_43,140,159,
343,98,4200001,0,user_10,142,157,55
341,97,4200001,0,user_8,142,157,55
162,99,4200001,0,user_13,141,157,55
163,94,4200001,0,user_13,141,156,55
156,95,4200001,0,user_9,141,156,55
169,96,4200001,0,user_17,141,156,55
552,97,4200000,0,user_34,143,156,
1151,98,4200000,0,user_34,146,156,
1622,99,4200000,0,user_28,148,156,
4091,0,43000001,0,builder_17,157,157,2919
2919,1,43000000,56200,user_39,153,159,
1627,3,43000000,0,user_29,148,159,
11,2,43000000,0,user_9,140,159,
2678,4,43000000,0,user_34,152,159,
1370,5,30000000,0,user_29,147,159,
1931,8,30000000,0,user_41,149,159,
735,7,30000000,0,user_35,144,159,
2214,6,30000000,0,user_38,150,159,
1926,10,27000000,0,user_34,149,159,
358,9,27000000,0,user_28,142,159,
2677,11,27000000,0,user_32,152,159,
2217,12,19000000,0,user_40,150,159,
2449,13,19000000,0,user_32,151,159,
4092,14,660001,0,builder_17,157,157,3875
3875,15,660000,17700000,user_31,157,159,
727,18,170000,17700000,user_27,144,159,
4093,17,169999,0,builder_17,157,157,727
4094,18,3500001,0,builder_17,157,157,1618
1618,20,3500000,7190000,user_27,148,159,
4095,20,6300001,0,builder_17,157,157,46
46,22,6300000,7840,user_34,140,159,
164,23,6300001,0,user_14,141,159,46
1147,25,6300000,0,user_31,146,159,
1640,27,6300000,0,user_44,148,159,
187,28,6300000,0,user_33,141,159,
3876,24,6300000,0,user_31,157,159,
166,29,6299999,0,user_16,141,159,46
152,30,6299999,0,user_6,141,159,46
165,31,6299999,0,user_14,141,159,46
1158,32,6100000,0,user_47,146,159,
51,33,6100000,0,user_40,140,159,
1626,35,6100000,0,user_29,148,159,
43,34,6100000,0,user_33,140,159,
4096,34,5000001,0,builder_17,157,157,177
177,36,5000000,381000,user_27,141,159,
4097,36,5000001,0,builder_17,157,157,3380
3380,38,5000000,215000,user_43,155,159,
908,41,5200000,0,user_27,145,159,
2226,40,5200000,0,user_49,150,159,
4098,40,5000001,0,builder_17,157,157,3874
3874,43,5000000,14200,user_30,157,159,
4099,42,5000001,0,builder_17,157,157,1384
1384,45,5000000,13900,user_45,147,159,
1380,47,5000000,6390,user_41,147,159,
4100,45,4999999,0,builder_17,157,157,1380
2184,54,5000001,0,user_11,150,159,177
1905,49,5000001,0,user_13,149,159,177
1124,48,5000001,0,user_10,146,159,177
345,52,5000001,0,user_12,142,159,177
353,53,5000001,0,user_24,142,159,177
547,50,5000001,0,user_26,143,159,177
538,51,5000001,0,user_17,143,159,177
1617,61,5000001,0,user_26,148,159,177
1911,62,5000001,0,user_20,149,159,177
1910,63,5000001,0,user_18,149,159,177
1917,64,5000001,0,user_24,149,159,177
2168,55,5000001,0,user_0,150,159,177
883,60,5000001,0,user_0,145,159,177
719,58,5000001,0,user_19,144,159,177
714,59,5000001,0,user_15,144,159,177
2181,56,5000001,0,user_9,150,159,177
2183,57,5000001,0,user_9,150,159,177
349,65,5000001,0,user_19,142,159,177
3625,68,5000000,0,user_42,156,159,
1377,69,5000000,0,user_37,147,159,
731,70,5000000,0,user_30,144,159,
1929,73,5000000,0,user_39,149,159,
749,72,5000000,0,user_47,144,159,
191,71,5000000,0,user_38,141,159,
2913,74,5000000,0,user_34,153,159,
3882,66,5000000,0,user_35,157,159,
2178,81,4999999,0,user_8,150,159,177
348,79,4999999,0,user_16,142,159,177
354,80,4999999,0,user_24,142,159,177
528,77,4999999,0,user_8,143,159,177
529,78,4999999,0,user_8,143,159,177
545,76,4999999,0,user_21,143,159,177
1593,75,4999999,0,user_7,148,159,177
1894,86,4999999,0,user_4,149,159,177
1898,89,4999999,0,user_5,149,159,177
1913,92,4999999,0,user_22,149,159,177
1901,87,4999999,0,user_10,149,159,177
1909,88,4999999,0,user_18,149,159,177
1914,90,4999999,0,user_23,149,159,177
1916,91,4999999,0,user_24,149,159,177
724,85,4999999,0,user_25,144,159,177
2179,82,4999999,0,user_9,150,159,177
2180,83,4999999,0,user_9,150,159,177
2182,84,4999999,0,user_9,150,159,177
732,94,4500000,16400,user_31,144,159,
4101,91,4499999,0,builder_17,157,157,732
3378,95,4500000,0,user_42,155,159,
4102,93,4200001,0,builder_17,157,157,2681
2681,97,4200000,231000,user_36,152,159,
4103,95,4200001,0,builder_17,157,157,55
55,99,4200000,33100,user_43,140,159,
341,97,4200001,0,user_8,142,157,55
343,98,4200001,0,user_10,142,157,55
162,99,4200001,0,user_13,141,157,55
4386,0,43000001,0,builder_17,158,158,2919
2919,1,43000000,56200,user_39,153,159,
11,2,43000000,0,user_9,140,159,
1627,3,43000000,0,user_29,148,159,
2678,4,43000000,0,user_34,152,159,
1370,5,30000000,0,user_29,147,159,
2214,6,30000000,0,user_38,150,159,
1931,8,30000000,0,user_41,149,159,
735,7,30000000,0,user_35,144,159,
1926,10,27000000,0,user_34,149,159,
358,9,27000000,0,user_28,142,159,
2677,11,27000000,0,user_32,152,159,
2217,12,19000000,0,user_40,150,159,
2449,13,19000000,0,user_32,151,159,
3875,15,660000,17700000,user_31,157,159,
4387,15,659999,0,builder_17,158,158,3875
4388,16,170001,0,builder_17,158,158,727
727,18,170000,17700000,user_27,144,159,
1618,20,3500000,7190000,user_27,148,159,
4389,19,3499999,0,builder_17,158,158,1618
4390,20,6300001,0,builder_17,158,158,46
46,22,6300000,7840,user_34,140,159,
164,23,6300001,0,user_14,141,159,46
1147,25,6300000,0,user_31,146,159,
3876,24,6300000,0,user_31,157,159,
187,28,6300000,0,user_33,141,159,
1640,27,6300000,0,user_44,148,159,
4166,26,6300000,0,user_45,158,159,
166,29,6299999,0,user_16,141,159,46
152,30,6299999,0,user_6,141,159,46
165,31,6299999,0,user_14,141,159,46
1158,32,6100000,0,user_47,146,159,
51,33,6100000,0,user_40,140,159,
43,34,6100000,0,user_33,140,159,
1626,35,6100000,0,user_29,148,159,
177,36,5000000,381000,user_27,141,159,
4391,36,4999999,0,builder_17,158,158,177
4392,37,5000001,0,builder_17,158,158,3380
3380,38,5000000,215000,user_43,155,159,
2226,40,5200000,0,user_49,150,159,
908,41,5200000,0,user_27,145,159,
4393,41,5000001,0,builder_17,158,158,4151
4151,42,5000000,36800,user_34,158,158,
4394,43,5000001,0,builder_17,158,158,3874
3874,43,5000000,14200,user_30,157,159,
1384,45,5000000,13900,user_45,147,159,
4395,46,4999999,0,builder_17,158,158,1384
1380,47,5000000,6390,user_41,147,159,
4396,48,4999999,0,builder_17,158,158,1380
2184,54,5000001,0,user_11,150,159,177
1905,49,5000001,0,user_13,149,159,177
1124,48,5000001,0,user_10,146,159,177
538,51,5000001,0,user_17,143,159,177
547,50,5000001,0,user_26,143,159,177
345,52,5000001,0,user_12,142,159,177
353,53,5000001,0,user_24,142,159,177
2168,55,5000001,0,user_0,150,159,177
2181,56,5000001,0,user_9,150,159,177
2183,57,5000001,0,user_9,150,159,177
1910,63,5000001,0,user_18,149,159,177
1917,64,5000001,0,user_24,149,159,177
1911,62,5000001,0,user_20,149,159,177
714,59,5000001,0,user_15,144,159,177
883,60,5000001,0,user_0,145,159,177
719,58,5000001,0,user_19,144,159,177
1617,61,5000001,0,user_26,148,159,177
349,65,5000001,0,user_19,142,159,177
3625,68,5000000,0,user_42,156,159,
3882,66,5000000,0,user_35,157,159,
1377,69,5000000,0,user_37,147,159,
731,70,5000000,0,user_30,144,159,
3888,67,5000000,0,user_38,157,159,
1929,73,5000000,0,user_39,149,159,
749,72,5000000,0,user_47,144,159,
191,71,5000000,0,user_38,141,159,
2913,74,5000000,0,user_34,153,159,
2178,81,4999999,0,user_8,150,159,177
528,77,4999999,0,user_8,143,159,177
529,78,4999999,0,user_8,143,159,177
545,76,4999999,0,user_21,143,159,177
348,79,4999999,0,user_16,142,159,177
354,80,4999999,0,user_24,142,159,177
1593,75,4999999,0,user_7,148,159,177
1898,89,4999999,0,user_5,149,159,177
2179,82,4999999,0,user_9,150,159,177
2180,83,4999999,0,user_9,150,159,177
2182,84,4999999,0,user_9,150,159,177
1894,86,4999999,0,user_4,149,159,177
1909,88,4999999,0,user_18,149,159,177
1914,90,4999999,0,user_23,149,159,177
1916,91,4999999,0,user_24,149,159,177
1913,92,4999999,0,user_22,149,159,177
1901,87,4999999,0,user_10,149,159,177
724,85,4999999,0,user_25,144,159,177
732,94,4500000,16400,user_31,144,159,
4397,95,4499999,0,builder_17,158,158,732
3378,95,4500000,0,user_42,155,159,
2681,97,4200000,231000,user_36,152,159,
4398,98,4199999,0,builder_17,158,158,2681
55,99,4200000,33100,user_43,140,159,
4687,0,43000001,0,builder_17,159,159,2919
2919,1,43000000,56200,user_39,153,159,
11,2,43000000,0,user_9,140,159,
1627,3,43000000,0,user_29,148,159,
2678,4,43000000,0,user_34,152,159,
1370,5,30000000,0,user_29,147,159,
2214,6,30000000,0,user_38,150,159,
735,7,30000000,0,user_35,144,159,
1931,8,30000000,0,user_41,149,159,
358,9,27000000,0,user_28,142,159,
1926,10,27000000,0,user_34,149,159,
2677,11,27000000,0,user_32,152,159,
2217,12,19000000,0,user_40,150,159,
2449,13,19000000,0,user_32,151,159,
4445,14,19000000,0,user_36,159,159,
3875,15,660000,17700000,user_31,157,159,
4688,16,659999,0,builder_17,159,159,3875
4689,17,170001,0,builder_17,159,159,727
727,18,170000,17700000,user_27,144,159,
4690,19,3500001,0,builder_17,159,159,1618
1618,20,3500000,7190000,user_27,148,159,
4691,21,6300001,0,builder_17,159,159,46
46,22,6300000,7840,user_34,140,159,
164,23,6300001,0,user_14,141,159,46
3876,24,6300000,0,user_31,157,159,
1147,25,6300000,0,user_31,146,159,
4166,26,6300000,0,user_45,158,159,
1640,27,6300000,0,user_44,148,159,
187,28,6300000,0,user_33,141,159,
166,29,6299999,0,user_16,141,159,46
152,30,6299999,0,user_6,141,159,46
165,31,6299999,0,user_14,141,159,46
1158,32,6100000,0,user_47,146,159,
51,33,6100000,0,user_40,140,159,
43,34,6100000,0,user_33,140,159,
1626,35,6100000,0,user_29,148,159,
177,36,5000000,381000,user_27,141,159,
4692,37,4999999,0,builder_17,159,159,177
3380,38,5000000,215000,user_43,155,159,
4693,39,4999999,0,builder_17,159,159,3380
2226,40,5200000,0,user_49,150,159,
908,41,5200000,0,user_27,145,159,
4694,42,5000001,0,builder_17,159,159,3874
3874,43,5000000,14200,user_30,157,159,
4695,44,5000001,0,builder_17,159,159,1384
1384,45,5000000,13900,user_45,147,159,
4696,46,5000001,0,builder_17,159,159,1380
1380,47,5000000,6390,user_41,147,159,
1124,48,5000001,0,user_10,146,159,177
1905,49,5000001,0,user_13,149,159,177
547,50,5000001,0,user_26,143,159,177
538,51,5000001,0,user_17,143,159,177
345,52,5000001,0,user_12,142,159,177
353,53,5000001,0,user_24,142,159,177
2184,54,5000001,0,user_11,150,159,177
2168,55,5000001,0,user_0,150,159,177
2181,56,5000001,0,user_9,150,159,177
2183,57,5000001,0,user_9,150,159,177
719,58,5000001,0,user_19,144,159,177
714,59,5000001,0,user_15,144,159,177
883,60,5000001,0,user_0,145,159,177
1617,61,5000001,0,user_26,148,159,177
1911,62,5000001,0,user_20,149,159,177
1910,63,5000001,0,user_18,149,159,177
1917,64,5000001,0,user_24,149,159,177
349,65,5000001,0,user_19,142,159,177
3882,66,5000000,0,user_35,157,159,
3888,67,5000000,0,user_38,157,159,
3625,68,5000000,0,user_42,156,159,
1377,69,5000000,0,user_37,147,159,
731,70,5000000,0,user_30,144,159,
191,71,5000000,0,user_38,141,159,
749,72,5000000,0,user_47,144,159,
1929,73,5000000,0,user_39,149,159,
2913,74,5000000,0,user_34,153,159,
1593,75,4999999,0,user_7,148,159,177
545,76,4999999,0,user_21,143,159,177
528,77,4999999,0,user_8,143,159,177
529,78,4999999,0,user_8,143,159,177
348,79,4999999,0,user_16,142,159,177
354,80,4999999,0,user_24,142,159,177
2178,81,4999999,0,user_8,150,159,177
2179,82,4999999,0,user_9,150,159,177
2180,83,4999999,0,user_9,150,159,177
2182,84,4999999,0,user_9,150,159,177
724,85,4999999,0,user_25,144,159,177
1894,86,4999999,0,user_4,149,159,177
1901,87,4999999,0,user_10,149,159,177
1909,88,4999999,0,user_18,149,159,177
1898,89,4999999,0,user_5,149,159,177
1914,90,4999999,0,user_23,149,159,177
1916,91,4999999,0,user_24,149,159,177
1913,92,4999999,0,user_22,149,159,177
4697,93,4500001,0,builder_17,159,159,732
732,94,4500000,16400,user_31,144,159,
3378,95,4500000,0,user_42,155,159,
4698,96,4200001,0,builder_17,159,159,2681
2681,97,4200000,231000,user_36,152,159,
4699,98,4200001,0,builder_17,159,159,55
55,99,4200000,33100,user_43,140,159,
11,2,43000000,0,user_9,160,179,
46,22,6300000,7840,user_34,160,179,
128,2,6299999,0,builder_17,160,160,46
43,34,6100000,0,user_33,160,179,
51,33,6100000,0,user_40,160,179,
38,96,3200000,21800,user_30,160,169,
129,6,3199999,0,builder_17,160,160,38
15,86,2600000,0,user_11,160,168,
61,87,2600000,0,user_46,160,168,
42,88,2500000,0,user_32,160,168,
44,96,2000000,322000,user_33,160,168,
130,11,1999999,0,builder_17,160,160,44
45,98,2300000,0,user_33,160,168,
10,94,2000000,0,user_8,160,166,
39,98,1500000,0,user_30,160,164,
66,90,1300000,0,user_49,160,163,
37,94,1200000,0,user_28,160,163,
60,93,1200000,0,user_45,160,163,
13,95,1100000,0,user_11,160,163,
65,97,1000000,0,user_48,160,163,
5,99,660000,14200,user_4,160,163,
131,21,659999,0,builder_17,160,160,5
17,84,660001,0,user_14,160,162,5
6,86,660001,0,user_5,160,162,5
8,87,660001,0,user_5,160,162,5
21,91,660001,0,user_17,160,162,5
23,92,660001,0,user_18,160,162,5
24,93,660001,0,user_18,160,162,5
25,94,660001,0,user_18,160,162,5
31,89,660001,0,user_25,160,162,5
32,90,660001,0,user_25,160,162,5
19,85,660001,0,user_15,160,162,5
29,88,660001,0,user_22,160,162,5
16,95,659999,0,user_14,160,162,5
7,96,659999,0,user_5,160,162,5
22,99,659999,0,user_18,160,162,5
26,86,659999,0,user_18,160,161,5
33,97,659999,0,user_26,160,162,5
34,98,659999,0,user_26,160,162,5
48,87,420000,0,user_35,160,161,
12,89,310000,0,user_11,160,161,
4,95,260000,0,user_4,160,161,
14,96,220000,0,user_11,160,161,
41,97,220000,0,user_32,160,161,
63,98,220000,0,user_47,160,161,
132,45,150001,0,builder_17,160,160,1
1,99,150000,39400,user_1,160,161,
64,47,160000,0,user_48,160,160,
49,48,160000,0,user_36,160,160,
53,49,160000,0,user_42,160,160,
2,50,150001,0,user_2,160,160,1
9,51,150001,0,user_7,160,160,1
18,52,150001,0,user_15,160,160,1
3,53,149999,0,user_3,160,160,1
20,54,149999,0,user_16,160,160,1
30,55,149999,0,user_23,160,160,1
28,56,149999,0,user_20,160,160,1
50,57,130000,0,user_39,160,160,
52,58,110000,0,user_41,160,160,
40,59,87000,0,user_31,160,160,
62,60,82000,0,user_46,160,160,
0,61,80000,0,user_1,160,160,
54,62,77000,0,user_42,160,160,
47,63,70000,0,user_34,160,160,
11,2,43000000,0,user_9,160,179,
46,22,6300000,7840,user_34,160,179,
323,2,6299999,0,builder_18,161,161,46
164,23,6300001,0,user_14,161,179,46
187,28,6300000,0,user_33,161,179,
165,31,6299999,0,user_14,161,179,46
166,29,6299999,0,user_16,161,179,46
152,30,6299999,0,user_6,161,179,46
51,33,6100000,0,user_40,160,179,
43,34,6100000,0,user_33,160,179,
324,10,5000001,0,builder_18,161,161,177
177,36,5000000,381000,user_27,161,179,
55,99,4200000,33100,user_43,160,179,
325,13,4199999,0,builder_18,161,161,55
156,95,4200001,0,user_9,161,176,55
162,99,4200001,0,user_13,161,177,55
163,94,4200001,0,user_13,161,176,55
169,96,4200001,0,user_17,161,176,55
171,98,4199999,0,user_20,161,173,55
159,99,4199999,0,user_13,161,173,55
176,99,4199999,0,user_26,161,172,55
326,21,3200001,0,builder_18,161,161,38
38,96,3200000,21800,user_30,160,169,
144,77,3200001,0,user_4,161,168,38
142,81,3199999,0,user_3,161,168,38
143,82,3199999,0,user_3,161,168,38
174,83,3199999,0,user_23,161,168,38
15,86,2600000,0,user_11,160,168,
61,87,2600000,0,user_46,160,168,
199,84,2600000,0,user_47,161,168,
42,88,2500000,0,user_32,160,168,
327,31,2000001,0,builder_18,161,161,44
44,96,2000000,322000,user_33,160,168,
45,98,2300000,0,user_33,160,168,
36,97,2300000,0,user_27,160,168,
154,96,2000001,0,user_7,161,167,44
172,94,2000001,0,user_21,161,167,44
145,97,2000001,0,user_5,161,167,44
149,98,2000001,0,user_5,161,167,44
151,95,2000001,0,user_6,161,167,44
173,99,2000001,0,user_22,161,167,44
10,94,2000000,0,user_8,160,166,
140,98,1999999,0,user_2,161,166,44
158,93,1999999,0,user_10,161,165,44
139,91,1999999,0,user_0,161,165,44
160,94,1999999,0,user_13,161,165,44
161,95,1999999,0,user_13,161,165,44
167,96,1999999,0,user_17,161,165,44
147,99,1999999,0,user_5,161,166,44
150,97,1999999,0,user_6,161,165,44
153,98,1999999,0,user_6,161,165,44
175,99,1999999,0,user_26,161,165,44
196,92,1800000,0,user_44,161,164,
181,93,1600000,0,user_30,161,164,
194,94,1600000,0,user_42,161,164,
39,98,1500000,0,user_30,160,164,
200,97,1500000,0,user_48,161,164,
185,99,1500000,0,user_32,161,164,
35,86,1400000,0,user_27,160,163,
56,87,1400000,0,user_43,160,163,
198,88,1400000,0,user_46,161,163,
66,90,1300000,0,user_49,160,163,
37,94,1200000,0,user_28,160,163,
60,93,1200000,0,user_45,160,163,
197,92,1200000,0,user_45,161,163,
13,95,1100000,0,user_11,160,163,
65,97,1000000,0,user_48,160,163,
328,67,660001,0,builder_18,161,161,5
5,99,660000,14200,user_4,160,163,
6,86,660001,0,user_5,160,162,5
8,87,660001,0,user_5,160,162,5
27,83,660001,0,user_19,160,162,5
17,84,660001,0,user_14,160,162,5
19,85,660001,0,user_15,160,162,5
29,88,660001,0,user_22,160,162,5
31,89,660001,0,user_25,160,162,5
32,90,660001,0,user_25,160,162,5
21,91,660001,0,user_17,160,162,5
23,92,660001,0,user_18,160,162,5
24,93,660001,0,user_18,160,162,5
25,94,660001,0,user_18,160,162,5
7,96,659999,0,user_5,160,162,5
16,95,659999,0,user_14,160,162,5
33,97,659999,0,user_26,160,162,5
34,98,659999,0,user_26,160,162,5
22,99,659999,0,user_18,160,162,5
26,86,659999,0,user_18,160,161,5
48,87,420000,0,user_35,160,161,
183,88,340000,0,user_32,161,161,
12,89,310000,0,user_11,160,161,
193,90,310000,0,user_40,161,161,
329,91,260001,0,builder_18,161,161,192
192,92,260000,21800,user_39,161,161,
57,93,110000,164000,user_43,160,161,
330,94,109999,0,builder_18,161,161,57
4,95,260000,0,user_4,160,161,
14,96,220000,0,user_11,160,161,
41,97,220000,0,user_32,160,161,
63,98,220000,0,user_47,160,161,
1,99,150000,39400,user_1,160,161,
11,2,43000000,0,user_9,160,179,
46,22,6300000,7840,user_34,160,179,
514,2,6299999,0,builder_18,162,162,46
164,23,6300001,0,user_14,161,179,46
187,28,6300000,0,user_33,161,179,
152,30,6299999,0,user_6,161,179,46
165,31,6299999,0,user_14,161,179,46
166,29,6299999,0,user_16,161,179,46
43,34,6100000,0,user_33,160,179,
51,33,6100000,0,user_40,160,179,
345,52,5000001,0,user_12,162,179,177
353,53,5000001,0,user_24,162,179,177
191,71,5000000,0,user_38,161,179,
348,79,4999999,0,user_16,162,179,177
354,80,4999999,0,user_24,162,179,177
55,99,4200000,33100,user_43,160,179,
515,16,4199999,0,builder_18,162,162,55
162,99,4200001,0,user_13,161,177,55
163,94,4200001,0,user_13,161,176,55
156,95,4200001,0,user_9,161,176,55
169,96,4200001,0,user_17,161,176,55
343,98,4200001,0,user_10,162,177,55
341,97,4200001,0,user_8,162,177,55
362,97,4200000,0,user_32,162,175,
159,99,4199999,0,user_13,161,173,55
171,98,4199999,0,user_20,161,173,55
176,99,4199999,0,user_26,161,172,55
344,99,4199999,0,user_11,162,175,55
340,99,4199999,0,user_8,162,174,55
38,96,3200000,21800,user_30,160,169,
516,30,3199999,0,builder_18,162,162,38
144,77,3200001,0,user_4,161,168,38
142,81,3199999,0,user_3,161,168,38
143,82,3199999,0,user_3,161,168,38
174,83,3199999,0,user_23,161,168,38
15,86,2600000,0,user_11,160,168,
61,87,2600000,0,user_46,160,168,
199,84,2600000,0,user_47,161,168,
42,88,2500000,0,user_32,160,168,
369,93,2400000,0,user_42,162,168,
44,96,2000000,322000,user_33,160,168,
517,41,1999999,0,builder_18,162,162,44
45,98,2300000,0,user_33,160,168,
36,97,2300000,0,user_27,160,168,
145,97,2000001,0,user_5,161,167,44
149,98,2000001,0,user_5,161,167,44
151,95,2000001,0,user_6,161,167,44
154,96,2000001,0,user_7,161,167,44
172,94,2000001,0,user_21,161,167,44
173,99,2000001,0,user_22,161,167,44
355,89,2000001,0,user_25,162,166,44
10,94,2000000,0,user_8,160,166,
140,98,1999999,0,user_2,161,166,44
147,99,1999999,0,user_5,161,166,44
158,93,1999999,0,user_10,161,165,44
160,94,1999999,0,user_13,161,165,44
161,95,1999999,0,user_13,161,165,44
150,97,1999999,0,user_6,161,165,44
153,98,1999999,0,user_6,161,165,44
139,91,1999999,0,user_0,161,165,44
175,99,1999999,0,user_26,161,165,44
167,96,1999999,0,user_17,161,165,44
338,88,1999999,0,user_6,162,165,44
196,92,1800000,0,user_44,161,164,
194,94,1600000,0,user_42,161,164,
181,93,1600000,0,user_30,161,164,
39,98,1500000,0,user_30,160,164,
185,99,1500000,0,user_32,161,164,
200,97,1500000,0,user_48,161,164,
35,86,1400000,0,user_27,160,163,
56,87,1400000,0,user_43,160,163,
198,88,1400000,0,user_46,161,163,
373,85,1400000,0,user_44,162,163,
66,90,1300000,0,user_49,160,163,
37,94,1200000,0,user_28,160,163,
60,93,1200000,0,user_45,160,163,
197,92,1200000,0,user_45,161,163,
13,95,1100000,0,user_11,160,163,
65,97,1000000,0,user_48,160,163,
5,99,660000,14200,user_4,160,163,
518,80,659999,0,builder_18,162,162,5
519,81,73001,0,builder_18,162,162,195
195,82,73000,594000,user_43,161,162,
27,83,660001,0,user_19,160,162,5
17,84,660001,0,user_14,160,162,5
19,85,660001,0,user_15,160,162,5
6,86,660001,0,user_5,160,162,5
8,87,660001,0,user_5,160,162,5
29,88,660001,0,user_22,160,162,5
31,89,660001,0,user_25,160,162,5
32,90,660001,0,user_25,160,162,5
21,91,660001,0,user_17,160,162,5
23,92,660001,0,user_18,160,162,5
24,93,660001,0,user_18,160,162,5
25,94,660001,0,user_18,160,162,5
16,95,659999,0,user_14,160,162,5
7,96,659999,0,user_5,160,162,5
33,97,659999,0,user_26,160,162,5
34,98,659999,0,user_26,160,162,5
22,99,659999,0,user_18,160,162,5
11,2,43000000,0,user_9,160,179,
358,9,27000000,0,user_28,162,179,
686,2,6300001,0,builder_17,163,163,46
46,22,6300000,7840,user_34,160,179,
164,23,6300001,0,user_14,161,179,46
187,28,6300000,0,user_33,161,179,
165,31,6299999,0,user_14,161,179,46
166,29,6299999,0,user_16,161,179,46
152,30,6299999,0,user_6,161,179,46
51,33,6100000,0,user_40,160,179,
43,34,6100000,0,user_33,160,179,
687,11,5000001,0,builder_17,163,163,177
177,36,5000000,381000,user_27,161,179,
345,52,5000001,0,user_12,162,179,177
353,53,5000001,0,user_24,162,179,177
349,65,5000001,0,user_19,162,179,177
538,51,5000001,0,user_17,163,179,177
547,50,5000001,0,user_26,163,179,177
191,71,5000000,0,user_38,161,179,
348,79,4999999,0,user_16,162,179,177
354,80,4999999,0,user_24,162,179,177
528,77,4999999,0,user_8,163,179,177
529,78,4999999,0,user_8,163,179,177
545,76,4999999,0,user_21,163,179,177
688,24,4200001,0,builder_17,163,163,55
55,99,4200000,33100,user_43,160,179,
156,95,4200001,0,user_9,161,176,55
343,98,4200001,0,user_10,162,177,55
341,97,4200001,0,user_8,162,177,55
162,99,4200001,0,user_13,161,177,55
163,94,4200001,0,user_13,161,176,55
169,96,4200001,0,user_17,161,176,55
362,97,4200000,0,user_32,162,175,
552,97,4200000,0,user_34,163,176,
344,99,4199999,0,user_11,162,175,55
340,99,4199999,0,user_8,162,174,55
159,99,4199999,0,user_13,161,173,55
176,99,4199999,0,user_26,161,172,55
171,98,4199999,0,user_20,161,173,55
38,96,3200000,21800,user_30,160,169,
689,40,3199999,0,builder_17,163,163,38
144,77,3200001,0,user_4,161,168,38
142,81,3199999,0,user_3,161,168,38
143,82,3199999,0,user_3,161,168,38
174,83,3199999,0,user_23,161,168,38
199,84,2600000,0,user_47,161,168,
61,87,2600000,0,user_46,160,168,
15,86,2600000,0,user_11,160,168,
42,88,2500000,0,user_32,160,168,
690,49,2400001,0,builder_17,163,163,553
553,91,2400000,18600,user_36,163,168,
369,93,2400000,0,user_42,162,168,
44,96,2000000,322000,user_33,160,168,
691,53,1999999,0,builder_17,163,163,44
36,97,2300000,0,user_27,160,168,
45,98,2300000,0,user_33,160,168,
355,89,2000001,0,user_25,162,166,44
154,96,2000001,0,user_7,161,167,44
172,94,2000001,0,user_21,161,167,44
145,97,2000001,0,user_5,161,167,44
149,98,2000001,0,user_5,161,167,44
151,95,2000001,0,user_6,161,167,44
173,99,2000001,0,user_22,161,167,44
539,91,2000001,0,user_17,163,167,44
10,94,2000000,0,user_8,160,166,
338,88,1999999,0,user_6,162,165,44
522,96,1999999,0,user_0,163,166,44
158,93,1999999,0,user_10,161,165,44
139,91,1999999,0,user_0,161,165,44
160,94,1999999,0,user_13,161,165,44
161,95,1999999,0,user_13,161,165,44
167,96,1999999,0,user_17,161,165,44
147,99,1999999,0,user_5,161,166,44
150,97,1999999,0,user_6,161,165,44
153,98,1999999,0,user_6,161,165,44
175,99,1999999,0,user_26,161,165,44
140,98,1999999,0,user_2,161,166,44
196,92,1800000,0,user_44,161,164,
371,96,1600000,0,user_43,162,164,
181,93,1600000,0,user_30,161,164,
194,94,1600000,0,user_42,161,164,
360,95,1600000,0,user_28,162,164,
200,97,1500000,0,user_48,161,164,
185,99,1500000,0,user_32,161,164,
39,98,1500000,0,user_30,160,164,
373,85,1400000,0,user_44,162,163,
35,86,1400000,0,user_27,160,163,
56,87,1400000,0,user_43,160,163,
198,88,1400000,0,user_46,161,163,
359,89,1400000,0,user_28,162,163,
66,90,1300000,0,user_49,160,163,
556,91,1300000,0,user_40,163,163,
197,92,1200000,0,user_45,161,163,
60,93,1200000,0,user_45,160,163,
37,94,1200000,0,user_28,160,163,
13,95,1100000,0,user_11,160,163,
560,96,1100000,0,user_46,163,163,
65,97,1000000,0,user_48,160,163,
692,98,660001,0,builder_17,163,163,5
5,99,660000,14200,user_4,160,163,
11,2,43000000,0,user_9,160,179,
735,7,30000000,0,user_35,164,179,
358,9,27000000,0,user_28,162,179,
46,22,6300000,7840,user_34,160,179,
866,4,6299999,0,builder_17,164,164,46
164,23,6300001,0,user_14,161,179,46
187,28,6300000,0,user_33,161,179,
152,30,6299999,0,user_6,161,179,46
165,31,6299999,0,user_14,161,179,46
166,29,6299999,0,user_16,161,179,46
43,34,6100000,0,user_33,160,179,
51,33,6100000,0,user_40,160,179,
177,36,5000000,381000,user_27,161,179,
867,13,4999999,0,builder_17,164,164,177
349,65,5000001,0,user_19,162,179,177
538,51,5000001,0,user_17,163,179,177
547,50,5000001,0,user_26,163,179,177
353,53,5000001,0,user_24,162,179,177
345,52,5000001,0,user_12,162,179,177
714,59,5000001,0,user_15,164,179,177
191,71,5000000,0,user_38,161,179,
749,72,5000000,0,user_47,164,179,
731,70,5000000,0,user_30,164,179,
528,77,4999999,0,user_8,163,179,177
529,78,4999999,0,user_8,163,179,177
545,76,4999999,0,user_21,163,179,177
348,79,4999999,0,user_16,162,179,177
354,80,4999999,0,user_24,162,179,177
724,85,4999999,0,user_25,164,179,177
868,29,4500001,0,builder_17,164,164,732
732,94,4500000,16400,user_31,164,179,
55,99,4200000,33100,user_43,160,179,
869,32,4199999,0,builder_17,164,164,55
156,95,4200001,0,user_9,161,176,55
343,98,4200001,0,user_10,162,177,55
169,96,4200001,0,user_17,161,176,55
162,99,4200001,0,user_13,161,177,55
163,94,4200001,0,user_13,161,176,55
341,97,4200001,0,user_8,162,177,55
552,97,4200000,0,user_34,163,176,
362,97,4200000,0,user_32,162,175,
176,99,4199999,0,user_26,161,172,55
344,99,4199999,0,user_11,162,175,55
159,99,4199999,0,user_13,161,173,55
171,98,4199999,0,user_20,161,173,55
340,99,4199999,0,user_8,162,174,55
38,96,3200000,21800,user_30,160,169,
870,47,3199999,0,builder_17,164,164,38
555,98,3200000,6390,user_37,163,169,
871,49,3199999,0,builder_17,164,164,555
144,77,3200001,0,user_4,161,168,38
742,78,3200000,0,user_40,164,168,
174,83,3199999,0,user_23,161,168,38
142,81,3199999,0,user_3,161,168,38
143,82,3199999,0,user_3,161,168,38
554,85,2600000,0,user_37,163,168,
199,84,2600000,0,user_47,161,168,
61,87,2600000,0,user_46,160,168,
15,86,2600000,0,user_11,160,168,
42,88,2500000,0,user_32,160,168,
553,91,2400000,18600,user_36,163,168,
872,61,2399999,0,builder_17,164,164,553
369,93,2400000,0,user_42,162,168,
44,96,2000000,322000,user_33,160,168,
873,64,1999999,0,builder_17,164,164,44
45,98,2300000,0,user_33,160,168,
36,97,2300000,0,user_27,160,168,
539,91,2000001,0,user_17,163,167,44
145,97,2000001,0,user_5,161,167,44
149,98,2000001,0,user_5,161,167,44
154,96,2000001,0,user_7,161,167,44
151,95,2000001,0,user_6,161,167,44
172,94,2000001,0,user_21,161,167,44
173,99,2000001,0,user_22,161,167,44
355,89,2000001,0,user_25,162,166,44
706,90,2000001,0,user_5,164,167,44
716,92,2000001,0,user_17,164,167,44
10,94,2000000,0,user_8,160,166,
750,93,2000000,0,user_48,164,166,
710,97,1999999,0,user_9,164,166,44
158,93,1999999,0,user_10,161,165,44
147,99,1999999,0,user_5,161,166,44
150,97,1999999,0,user_6,161,165,44
153,98,1999999,0,user_6,161,165,44
175,99,1999999,0,user_26,161,165,44
167,96,1999999,0,user_17,161,165,44
338,88,1999999,0,user_6,162,165,44
140,98,1999999,0,user_2,161,166,44
160,94,1999999,0,user_13,161,165,44
161,95,1999999,0,user_13,161,165,44
139,91,1999999,0,user_0,161,165,44
522,96,1999999,0,user_0,163,166,44
196,92,1800000,0,user_44,161,164,
181,93,1600000,0,user_30,161,164,
194,94,1600000,0,user_42,161,164,
360,95,1600000,0,user_28,162,164,
371,96,1600000,0,user_43,162,164,
200,97,1500000,0,user_48,161,164,
39,98,1500000,0,user_30,160,164,
185,99,1500000,0,user_32,161,164,
11,2,43000000,0,user_9,160,179,
735,7,30000000,0,user_35,164,179,
358,9,27000000,0,user_28,162,179,
1096,3,170001,0,builder_17,165,165,727
727,18,170000,17700000,user_27,164,179,
46,22,6300000,7840,user_34,160,179,
1097,6,6299999,0,builder_17,165,165,46
164,23,6300001,0,user_14,161,179,46
187,28,6300000,0,user_33,161,179,
165,31,6299999,0,user_14,161,179,46
166,29,6299999,0,user_16,161,179,46
152,30,6299999,0,user_6,161,179,46
51,33,6100000,0,user_40,160,179,
43,34,6100000,0,user_33,160,179,
1098,14,5000001,0,builder_17,165,165,177
177,36,5000000,381000,user_27,161,179,
714,59,5000001,0,user_15,164,179,177
883,60,5000001,0,user_0,165,179,177
345,52,5000001,0,user_12,162,179,177
349,65,5000001,0,user_19,162,179,177
547,50,5000001,0,user_26,163,179,177
719,58,5000001,0,user_19,164,179,177
353,53,5000001,0,user_24,162,179,177
538,51,5000001,0,user_17,163,179,177
749,72,5000000,0,user_47,164,179,
731,70,5000000,0,user_30,164,179,
191,71,5000000,0,user_38,161,179,
724,85,4999999,0,user_25,164,179,177
348,79,4999999,0,user_16,162,179,177
545,76,4999999,0,user_21,163,179,177
528,77,4999999,0,user_8,163,179,177
529,78,4999999,0,user_8,163,179,177
354,80,4999999,0,user_24,162,179,177
732,94,4500000,16400,user_31,164,179,
1099,34,4499999,0,builder_17,165,165,732
1100,35,4200001,0,builder_17,165,165,55
55,99,4200000,33100,user_43,160,179,
341,97,4200001,0,user_8,162,177,55
343,98,4200001,0,user_10,162,177,55
156,95,4200001,0,user_9,161,176,55
162,99,4200001,0,user_13,161,177,55
163,94,4200001,0,user_13,161,176,55
169,96,4200001,0,user_17,161,176,55
552,97,4200000,0,user_34,163,176,
362,97,4200000,0,user_32,162,175,
340,99,4199999,0,user_8,162,174,55
159,99,4199999,0,user_13,161,173,55
176,99,4199999,0,user_26,161,172,55
171,98,4199999,0,user_20,161,173,55
344,99,4199999,0,user_11,162,175,55
38,96,3200000,21800,user_30,160,169,
1101,51,3199999,0,builder_17,165,165,38
555,98,3200000,6390,user_37,163,169,
1102,53,3199999,0,builder_17,165,165,555
144,77,3200001,0,user_4,161,168,38
742,78,3200000,0,user_40,164,168,
910,80,3200000,0,user_32,165,168,
142,81,3199999,0,user_3,161,168,38
143,82,3199999,0,user_3,161,168,38
174,83,3199999,0,user_23,161,168,38
554,85,2600000,0,user_37,163,168,
15,86,2600000,0,user_11,160,168,
61,87,2600000,0,user_46,160,168,
199,84,2600000,0,user_47,161,168,
909,89,2500000,0,user_28,165,168,
42,88,2500000,0,user_32,160,168,
1103,66,2400001,0,builder_17,165,165,553
553,91,2400000,18600,user_36,163,168,
369,93,2400000,0,user_42,162,168,
1104,69,2000001,0,builder_17,165,165,44
44,96,2000000,322000,user_33,160,168,
36,97,2300000,0,user_27,160,168,
45,98,2300000,0,user_33,160,168,
716,92,2000001,0,user_17,164,167,44
706,90,2000001,0,user_5,164,167,44
355,89,2000001,0,user_25,162,166,44
896,88,2000001,0,user_11,165,167,44
539,91,2000001,0,user_17,163,167,44
145,97,2000001,0,user_5,161,167,44
149,98,2000001,0,user_5,161,167,44
154,96,2000001,0,user_7,161,167,44
151,95,2000001,0,user_6,161,167,44
173,99,2000001,0,user_22,161,167,44
172,94,2000001,0,user_21,161,167,44
750,93,2000000,0,user_48,164,166,
10,94,2000000,0,user_8,160,166,
912,95,2000000,0,user_35,165,166,
522,96,1999999,0,user_0,163,166,44
338,88,1999999,0,user_6,162,165,44
710,97,1999999,0,user_9,164,166,44
147,99,1999999,0,user_5,161,166,44
139,91,1999999,0,user_0,161,165,44
140,98,1999999,0,user_2,161,166,44
158,93,1999999,0,user_10,161,165,44
160,94,1999999,0,user_13,161,165,44
161,95,1999999,0,user_13,161,165,44
167,96,1999999,0,user_17,161,165,44
150,97,1999999,0,user_6,161,165,44
153,98,1999999,0,user_6,161,165,44
175,99,1999999,0,user_26,161,165,44
11,2,43000000,0,user_9,160,179,
735,7,30000000,0,user_35,164,179,
358,9,27000000,0,user_28,162,179,
727,18,170000,17700000,user_27,164,179,
1331,4,169999,0,builder_18,166,166,727
46,22,6300000,7840,user_34,160,179,
1332,6,6299999,0,builder_18,166,166,46
164,23,6300001,0,user_14,161,179,46
187,28,6300000,0,user_33,161,179,
152,30,6299999,0,user_6,161,179,46
165,31,6299999,0,user_14,161,179,46
166,29,6299999,0,user_16,161,179,46
43,34,6100000,0,user_33,160,179,
51,33,6100000,0,user_40,160,179,
1158,32,6100000,0,user_47,166,179,
177,36,5000000,381000,user_27,161,179,
1333,16,4999999,0,builder_18,166,166,177
908,41,5200000,0,user_27,165,179,
547,50,5000001,0,user_26,163,179,177
538,51,5000001,0,user_17,163,179,177
719,58,5000001,0,user_19,164,179,177
714,59,5000001,0,user_15,164,179,177
345,52,5000001,0,user_12,162,179,177
353,53,5000001,0,user_24,162,179,177
349,65,5000001,0,user_19,162,179,177
883,60,5000001,0,user_0,165,179,177
1124,48,5000001,0,user_10,166,179,177
749,72,5000000,0,user_47,164,179,
731,70,5000000,0,user_30,164,179,
191,71,5000000,0,user_38,161,179,
545,76,4999999,0,user_21,163,179,177
528,77,4999999,0,user_8,163,179,177
529,78,4999999,0,user_8,163,179,177
724,85,4999999,0,user_25,164,179,177
348,79,4999999,0,user_16,162,179,177
354,80,4999999,0,user_24,162,179,177
1334,36,4500001,0,builder_18,166,166,732
732,94,4500000,16400,user_31,164,179,
1335,38,4200001,0,builder_18,166,166,55
55,99,4200000,33100,user_43,160,179,
162,99,4200001,0,user_13,161,177,55
163,94,4200001,0,user_13,161,176,55
156,95,4200001,0,user_9,161,176,55
169,96,4200001,0,user_17,161,176,55
343,98,4200001,0,user_10,162,177,55
341,97,4200001,0,user_8,162,177,55
552,97,4200000,0,user_34,163,176,
362,97,4200000,0,user_32,162,175,
1151,98,4200000,0,user_34,166,176,
159,99,4199999,0,user_13,161,173,55
171,98,4199999,0,user_20,161,173,55
176,99,4199999,0,user_26,161,172,55
344,99,4199999,0,user_11,162,175,55
340,99,4199999,0,user_8,162,174,55
1144,98,3500000,5640,user_30,166,171,
1336,55,3499999,0,builder_18,166,166,1144
38,96,3200000,21800,user_30,160,169,
1337,57,3199999,0,builder_18,166,166,38
1338,58,3200001,0,builder_18,166,166,555
555,98,3200000,6390,user_37,163,169,
144,77,3200001,0,user_4,161,168,38
742,78,3200000,0,user_40,164,168,
910,80,3200000,0,user_32,165,168,
922,79,3200000,0,user_43,165,168,
142,81,3199999,0,user_3,161,168,38
143,82,3199999,0,user_3,161,168,38
174,83,3199999,0,user_23,161,168,38
554,85,2600000,0,user_37,163,168,
15,86,2600000,0,user_11,160,168,
61,87,2600000,0,user_46,160,168,
199,84,2600000,0,user_47,161,168,
909,89,2500000,0,user_28,165,168,
42,88,2500000,0,user_32,160,168,
1339,73,2400001,0,builder_18,166,166,553
553,91,2400000,18600,user_36,163,168,
369,93,2400000,0,user_42,162,168,
44,96,2000000,322000,user_33,160,168,
1340,77,1999999,0,builder_18,166,166,44
45,98,2300000,0,user_33,160,168,
36,97,2300000,0,user_27,160,168,
539,91,2000001,0,user_17,163,167,44
706,90,2000001,0,user_5,164,167,44
716,92,2000001,0,user_17,164,167,44
145,97,2000001,0,user_5,161,167,44
149,98,2000001,0,user_5,161,167,44
151,95,2000001,0,user_6,161,167,44
154,96,2000001,0,user_7,161,167,44
172,94,2000001,0,user_21,161,167,44
173,99,2000001,0,user_22,161,167,44
355,89,2000001,0,user_25,162,166,44
896,88,2000001,0,user_11,165,167,44
1114,89,2000001,0,user_1,166,167,44
1136,99,2000001,0,user_20,166,168,44
750,93,2000000,0,user_48,164,166,
10,94,2000000,0,user_8,160,166,
912,95,2000000,0,user_35,165,166,
522,96,1999999,0,user_0,163,166,44
710,97,1999999,0,user_9,164,166,44
140,98,1999999,0,user_2,161,166,44
147,99,1999999,0,user_5,161,166,44
11,2,43000000,0,user_9,160,179,
735,7,30000000,0,user_35,164,179,
1370,5,30000000,0,user_29,167,179,
358,9,27000000,0,user_28,162,179,
1578,4,170001,0,builder_18,167,167,727
727,18,170000,17700000,user_27,164,179,
1579,6,6300001,0,builder_18,167,167,46
46,22,6300000,7840,user_34,160,179,
164,23,6300001,0,user_14,161,179,46
187,28,6300000,0,user_33,161,179,
1147,25,6300000,0,user_31,166,179,
165,31,6299999,0,user_14,161,179,46
166,29,6299999,0,user_16,161,179,46
152,30,6299999,0,user_6,161,179,46
51,33,6100000,0,user_40,160,179,
43,34,6100000,0,user_33,160,179,
1158,32,6100000,0,user_47,166,179,
177,36,5000000,381000,user_27,161,179,
1580,18,4999999,0,builder_18,167,167,177
908,41,5200000,0,user_27,165,179,
1581,20,5000001,0,builder_18,167,167,1384
1384,45,5000000,13900,user_45,167,179,
1380,47,5000000,6390,user_41,167,179,
1582,23,4999999,0,builder_18,167,167,1380
883,60,5000001,0,user_0,165,179,177
1124,48,5000001,0,user_10,166,179,177
538,51,5000001,0,user_17,163,179,177
547,50,5000001,0,user_26,163,179,177
719,58,5000001,0,user_19,164,179,177
714,59,5000001,0,user_15,164,179,177
345,52,5000001,0,user_12,162,179,177
349,65,5000001,0,user_19,162,179,177
353,53,5000001,0,user_24,162,179,177
749,72,5000000,0,user_47,164,179,
731,70,5000000,0,user_30,164,179,
191,71,5000000,0,user_38,161,179,
1377,69,5000000,0,user_37,167,179,
545,76,4999999,0,user_21,163,179,177
528,77,4999999,0,user_8,163,179,177
529,78,4999999,0,user_8,163,179,177
724,85,4999999,0,user_25,164,179,177
348,79,4999999,0,user_16,162,179,177
354,80,4999999,0,user_24,162,179,177
732,94,4500000,16400,user_31,164,179,
1583,44,4499999,0,builder_18,167,167,732
1584,45,4200001,0,builder_18,167,167,55
55,99,4200000,33100,user_43,160,179,
162,99,4200001,0,user_13,161,177,55
163,94,4200001,0,user_13,161,176,55
169,96,4200001,0,user_17,161,176,55
156,95,4200001,0,user_9,161,176,55
343,98,4200001,0,user_10,162,177,55
341,97,4200001,0,user_8,162,177,55
362,97,4200000,0,user_32,162,175,
552,97,4200000,0,user_34,163,176,
1151,98,4200000,0,user_34,166,176,
159,99,4199999,0,user_13,161,173,55
171,98,4199999,0,user_20,161,173,55
176,99,4199999,0,user_26,161,172,55
344,99,4199999,0,user_11,162,175,55
340,99,4199999,0,user_8,162,174,55
1585,61,3500001,0,builder_18,167,167,1144
1144,98,3500000,5640,user_30,166,171,
1586,63,3200001,0,builder_18,167,167,38
38,96,3200000,21800,user_30,160,169,
555,98,3200000,6390,user_37,163,169,
1587,66,3199999,0,builder_18,167,167,555
144,77,3200001,0,user_4,161,168,38
910,80,3200000,0,user_32,165,168,
922,79,3200000,0,user_43,165,168,
742,78,3200000,0,user_40,164,168,
142,81,3199999,0,user_3,161,168,38
143,82,3199999,0,user_3,161,168,38
174,83,3199999,0,user_23,161,168,38
554,85,2600000,0,user_37,163,168,
199,84,2600000,0,user_47,161,168,
61,87,2600000,0,user_46,160,168,
15,86,2600000,0,user_11,160,168,
909,89,2500000,0,user_28,165,168,
42,88,2500000,0,user_32,160,168,
1588,80,2400001,0,builder_18,167,167,553
553,91,2400000,18600,user_36,163,168,
369,93,2400000,0,user_42,162,168,
1160,92,2400000,0,user_49,166,168,
44,96,2000000,322000,user_33,160,168,
1589,85,1999999,0,builder_18,167,167,44
45,98,2300000,0,user_33,160,168,
36,97,2300000,0,user_27,160,168,
896,88,2000001,0,user_11,165,167,44
1114,89,2000001,0,user_1,166,167,44
706,90,2000001,0,user_5,164,167,44
539,91,2000001,0,user_17,163,167,44
716,92,2000001,0,user_17,164,167,44
1136,99,2000001,0,user_20,166,168,44
172,94,2000001,0,user_21,161,167,44
151,95,2000001,0,user_6,161,167,44
154,96,2000001,0,user_7,161,167,44
145,97,2000001,0,user_5,161,167,44
149,98,2000001,0,user_5,161,167,44
173,99,2000001,0,user_22,161,167,44
11,2,43000000,0,user_9,160,179,
1627,3,43000000,0,user_29,168,179,
735,7,30000000,0,user_35,164,179,
1370,5,30000000,0,user_29,167,179,
358,9,27000000,0,user_28,162,179,
727,18,170000,17700000,user_27,164,179,
1876,6,169999,0,builder_18,168,168,727
1618,20,3500000,7190000,user_27,168,179,
1877,8,3499999,0,builder_18,168,168,1618
1878,9,6300001,0,builder_18,168,168,46
46,22,6300000,7840,user_34,160,179,
164,23,6300001,0,user_14,161,179,46
1147,25,6300000,0,user_31,166,179,
187,28,6300000,0,user_33,161,179,
1640,27,6300000,0,user_44,168,179,
165,31,6299999,0,user_14,161,179,46
166,29,6299999,0,user_16,161,179,46
152,30,6299999,0,user_6,161,179,46
1158,32,6100000,0,user_47,166,179,
43,34,6100000,0,user_33,160,179,
51,33,6100000,0,user_40,160,179,
1626,35,6100000,0,user_29,168,179,
177,36,5000000,381000,user_27,161,179,
1879,23,4999999,0,builder_18,168,168,177
908,41,5200000,0,user_27,165,179,
1384,45,5000000,13900,user_45,167,179,
1880,26,4999999,0,builder_18,168,168,1384
1881,27,5000001,0,builder_18,168,168,1380
1380,47,5000000,6390,user_41,167,179,
1124,48,5000001,0,user_10,166,179,177
345,52,5000001,0,user_12,162,179,177
349,65,5000001,0,user_19,162,179,177
353,53,5000001,0,user_24,162,179,177
547,50,5000001,0,user_26,163,179,177
538,51,5000001,0,user_17,163,179,177
714,59,5000001,0,user_15,164,179,177
883,60,5000001,0,user_0,165,179,177
719,58,5000001,0,user_19,164,179,177
1617,61,5000001,0,user_26,168,179,177
749,72,5000000,0,user_47,164,179,
1377,69,5000000,0,user_37,167,179,
191,71,5000000,0,user_38,161,179,
731,70,5000000,0,user_30,164,179,
348,79,4999999,0,user_16,162,179,177
354,80,4999999,0,user_24,162,179,177
528,77,4999999,0,user_8,163,179,177
529,78,4999999,0,user_8,163,179,177
545,76,4999999,0,user_21,163,179,177
724,85,4999999,0,user_25,164,179,177
1593,75,4999999,0,user_7,168,179,177
1882,50,4500001,0,builder_18,168,168,732
732,94,4500000,16400,user_31,164,179,
1883,52,4200001,0,builder_18,168,168,55
55,99,4200000,33100,user_43,160,179,
341,97,4200001,0,user_8,162,177,55
343,98,4200001,0,user_10,162,177,55
169,96,4200001,0,user_17,161,176,55
156,95,4200001,0,user_9,161,176,55
162,99,4200001,0,user_13,161,177,55
163,94,4200001,0,user_13,161,176,55
1151,98,4200000,0,user_34,166,176,
362,97,4200000,0,user_32,162,175,
552,97,4200000,0,user_34,163,176,
1634,98,4200000,0,user_39,168,175,
344,99,4199999,0,user_11,162,175,55
340,99,4199999,0,user_8,162,174,55
176,99,4199999,0,user_26,161,172,55
159,99,4199999,0,user_13,161,173,55
171,98,4199999,0,user_20,161,173,55
1884,69,3500001,0,builder_18,168,168,1371
1371,97,3500000,283000,user_31,167,171,
1885,71,3500001,0,builder_18,168,168,1144
1144,98,3500000,5640,user_30,166,171,
1886,73,3200001,0,builder_18,168,168,38
38,96,3200000,21800,user_30,160,169,
555,98,3200000,6390,user_37,163,169,
1887,76,3199999,0,builder_18,168,168,555
144,77,3200001,0,user_4,161,168,38
742,78,3200000,0,user_40,164,168,
922,79,3200000,0,user_43,165,168,
910,80,3200000,0,user_32,165,168,
142,81,3199999,0,user_3,161,168,38
143,82,3199999,0,user_3,161,168,38
174,83,3199999,0,user_23,161,168,38
199,84,2600000,0,user_47,161,168,
554,85,2600000,0,user_37,163,168,
15,86,2600000,0,user_11,160,168,
61,87,2600000,0,user_46,160,168,
42,88,2500000,0,user_32,160,168,
909,89,2500000,0,user_28,165,168,
1888,90,2400001,0,builder_18,168,168,553
553,91,2400000,18600,user_36,163,168,
1160,92,2400000,0,user_49,166,168,
369,93,2400000,0,user_42,162,168,
1629,94,2400000,0,user_32,168,168,
1889,95,2000001,0,builder_18,168,168,44
44,96,2000000,322000,user_33,160,168,
36,97,2300000,0,user_27,160,168,
45,98,2300000,0,user_33,160,168,
1136,99,2000001,0,user_20,166,168,44
11,2,43000000,0,user_9,160,179,
1627,3,43000000,0,user_29,168,179,
1370,5,30000000,0,user_29,167,179,
735,7,30000000,0,user_35,164,179,
1931,8,30000000,0,user_41,169,179,
358,9,27000000,0,user_28,162,179,
1926,10,27000000,0,user_34,169,179,
727,18,170000,17700000,user_27,164,179,
2156,8,169999,0,builder_18,169,169,727
2157,9,3500001,0,builder_18,169,169,1618
1618,20,3500000,7190000,user_27,168,179,
46,22,6300000,7840,user_34,160,179,
2158,12,6299999,0,builder_18,169,169,46
164,23,6300001,0,user_14,161,179,46
1147,25,6300000,0,user_31,166,179,
1640,27,6300000,0,user_44,168,179,
187,28,6300000,0,user_33,161,179,
165,31,6299999,0,user_14,161,179,46
166,29,6299999,0,user_16,161,179,46
152,30,6299999,0,user_6,161,179,46
1158,32,6100000,0,user_47,166,179,
51,33,6100000,0,user_40,160,179,
43,34,6100000,0,user_33,160,179,
1626,35,6100000,0,user_29,168,179,
177,36,5000000,381000,user_27,161,179,
2159,25,4999999,0,builder_18,169,169,177
908,41,5200000,0,user_27,165,179,
1384,45,5000000,13900,user_45,167,179,
2160,28,4999999,0,builder_18,169,169,1384
2161,29,5000001,0,builder_18,169,169,1380
1380,47,5000000,6390,user_41,167,179,
1124,48,5000001,0,user_10,166,179,177
538,51,5000001,0,user_17,163,179,177
547,50,5000001,0,user_26,163,179,177
719,58,5000001,0,user_19,164,179,177
345,52,5000001,0,user_12,162,179,177
353,53,5000001,0,user_24,162,179,177
349,65,5000001,0,user_19,162,179,177
714,59,5000001,0,user_15,164,179,177
883,60,5000001,0,user_0,165,179,177
1617,61,5000001,0,user_26,168,179,177
1911,62,5000001,0,user_20,169,179,177
1905,49,5000001,0,user_13,169,179,177
1910,63,5000001,0,user_18,169,179,177
1917,64,5000001,0,user_24,169,179,177
1377,69,5000000,0,user_37,167,179,
191,71,5000000,0,user_38,161,179,
749,72,5000000,0,user_47,164,179,
731,70,5000000,0,user_30,164,179,
1929,73,5000000,0,user_39,169,179,
528,77,4999999,0,user_8,163,179,177
529,78,4999999,0,user_8,163,179,177
545,76,4999999,0,user_21,163,179,177
348,79,4999999,0,user_16,162,179,177
354,80,4999999,0,user_24,162,179,177
724,85,4999999,0,user_25,164,179,177
1593,75,4999999,0,user_7,168,179,177
1894,86,4999999,0,user_4,169,179,177
1901,87,4999999,0,user_10,169,179,177
1909,88,4999999,0,user_18,169,179,177
1898,89,4999999,0,user_5,169,179,177
1914,90,4999999,0,user_23,169,179,177
1913,92,4999999,0,user_22,169,179,177
1916,91,4999999,0,user_24,169,179,177
732,94,4500000,16400,user_31,164,179,
2162,65,4499999,0,builder_18,169,169,732
55,99,4200000,33100,user_43,160,179,
2163,67,4199999,0,builder_18,169,169,55
343,98,4200001,0,user_10,162,177,55
156,95,4200001,0,user_9,161,176,55
162,99,4200001,0,user_13,161,177,55
163,94,4200001,0,user_13,161,176,55
169,96,4200001,0,user_17,161,176,55
341,97,4200001,0,user_8,162,177,55
1151,98,4200000,0,user_34,166,176,
1622,99,4200000,0,user_28,168,176,
552,97,4200000,0,user_34,163,176,
362,97,4200000,0,user_32,162,175,
1634,98,4200000,0,user_39,168,175,
171,98,4199999,0,user_20,161,173,55
159,99,4199999,0,user_13,161,173,55
344,99,4199999,0,user_11,162,175,55
340,99,4199999,0,user_8,162,174,55
176,99,4199999,0,user_26,161,172,55
1371,97,3500000,283000,user_31,167,171,
2164,85,3499999,0,builder_18,169,169,1371
1144,98,3500000,5640,user_30,166,171,
2165,87,3499999,0,builder_18,169,169,1144
1892,99,3500001,0,user_1,169,170,1618
1895,97,3500001,0,user_4,169,170,1618
1896,98,3500001,0,user_4,169,170,1618
1907,91,3500001,0,user_16,169,169,1618
1897,92,3499999,0,user_4,169,169,1618
1900,93,3499999,0,user_10,169,169,1618
1902,94,3499999,0,user_10,169,169,1618
1912,95,3499999,0,user_21,169,169,1618
38,96,3200000,21800,user_30,160,169,
2166,97,3199999,0,builder_18,169,169,38
555,98,3200000,6390,user_37,163,169,
2167,99,3199999,0,builder_18,169,169,555
1627,3,43000000,0,user_29,168,179,
11,2,43000000,0,user_9,160,179,
1370,5,30000000,0,user_29,167,179,
735,7,30000000,0,user_35,164,179,
1931,8,30000000,0,user_41,169,179,
358,9,27000000,0,user_28,162,179,
1926,10,27000000,0,user_34,169,179,
2217,12,19000000,0,user_40,170,179,
727,18,170000,17700000,user_27,164,179,
2406,9,169999,0,builder_18,170,170,727
2407,10,3500001,0,builder_18,170,170,1618
1618,20,3500000,7190000,user_27,168,179,
46,22,6300000,7840,user_34,160,179,
2408,13,6299999,0,builder_18,170,170,46
164,23,6300001,0,user_14,161,179,46
1147,25,6300000,0,user_31,166,179,
1640,27,6300000,0,user_44,168,179,
187,28,6300000,0,user_33,161,179,
152,30,6299999,0,user_6,161,179,46
165,31,6299999,0,user_14,161,179,46
166,29,6299999,0,user_16,161,179,46
1158,32,6100000,0,user_47,166,179,
1626,35,6100000,0,user_29,168,179,
43,34,6100000,0,user_33,160,179,
51,33,6100000,0,user_40,160,179,
177,36,5000000,381000,user_27,161,179,
2409,26,4999999,0,builder_18,170,170,177
908,41,5200000,0,user_27,165,179,
1384,45,5000000,13900,user_45,167,179,
2410,29,4999999,0,builder_18,170,170,1384
1380,47,5000000,6390,user_41,167,179,
2411,31,4999999,0,builder_18,170,170,1380
1124,48,5000001,0,user_10,166,179,177
1617,61,5000001,0,user_26,168,179,177
1905,49,5000001,0,user_13,169,179,177
1911,62,5000001,0,user_20,169,179,177
547,50,5000001,0,user_26,163,179,177
538,51,5000001,0,user_17,163,179,177
719,58,5000001,0,user_19,164,179,177
714,59,5000001,0,user_15,164,179,177
345,52,5000001,0,user_12,162,179,177
353,53,5000001,0,user_24,162,179,177
349,65,5000001,0,user_19,162,179,177
883,60,5000001,0,user_0,165,179,177
1910,63,5000001,0,user_18,169,179,177
1917,64,5000001,0,user_24,169,179,177
2184,54,5000001,0,user_11,170,179,177
2168,55,5000001,0,user_0,170,179,177
2181,56,5000001,0,user_9,170,179,177
2183,57,5000001,0,user_9,170,179,177
1377,69,5000000,0,user_37,167,179,
749,72,5000000,0,user_47,164,179,
731,70,5000000,0,user_30,164,179,
191,71,5000000,0,user_38,161,179,
1929,73,5000000,0,user_39,169,179,
1593,75,4999999,0,user_7,168,179,177
1894,86,4999999,0,user_4,169,179,177
1898,89,4999999,0,user_5,169,179,177
1901,87,4999999,0,user_10,169,179,177
545,76,4999999,0,user_21,163,179,177
528,77,4999999,0,user_8,163,179,177
529,78,4999999,0,user_8,163,179,177
724,85,4999999,0,user_25,164,179,177
348,79,4999999,0,user_16,162,179,177
354,80,4999999,0,user_24,162,179,177
1913,92,4999999,0,user_22,169,179,177
1909,88,4999999,0,user_18,169,179,177
1914,90,4999999,0,user_23,169,179,177
1916,91,4999999,0,user_24,169,179,177
2179,82,4999999,0,user_9,170,179,177
2180,83,4999999,0,user_9,170,179,177
2182,84,4999999,0,user_9,170,179,177
2178,81,4999999,0,user_8,170,179,177
2412,73,4500001,0,builder_18,170,170,732
732,94,4500000,16400,user_31,164,179,
55,99,4200000,33100,user_43,160,179,
2413,76,4199999,0,builder_18,170,170,55
162,99,4200001,0,user_13,161,177,55
163,94,4200001,0,user_13,161,176,55
156,95,4200001,0,user_9,161,176,55
169,96,4200001,0,user_17,161,176,55
343,98,4200001,0,user_10,162,177,55
341,97,4200001,0,user_8,162,177,55
1622,99,4200000,0,user_28,168,176,
1634,98,4200000,0,user_39,168,175,
552,97,4200000,0,user_34,163,176,
362,97,4200000,0,user_32,162,175,
1151,98,4200000,0,user_34,166,176,
159,99,4199999,0,user_13,161,173,55
171,98,4199999,0,user_20,161,173,55
176,99,4199999,0,user_26,161,172,55
344,99,4199999,0,user_11,162,175,55
340,99,4199999,0,user_8,162,174,55
1371,97,3500000,283000,user_31,167,171,
2414,94,3499999,0,builder_18,170,170,1371
1144,98,3500000,5640,user_30,166,171,
2415,96,3499999,0,builder_18,170,170,1144
1895,97,3500001,0,user_4,169,170,1618
1896,98,3500001,0,user_4,169,170,1618
1892,99,3500001,0,user_1,169,170,1618
1627,3,43000000,0,user_29,168,179,
11,2,43000000,0,user_9,160,179,
1931,8,30000000,0,user_41,169,179,
735,7,30000000,0,user_35,164,179,
1370,5,30000000,0,user_29,167,179,
2214,6,30000000,0,user_38,170,179,
1926,10,27000000,0,user_34,169,179,
358,9,27000000,0,user_28,162,179,
2217,12,19000000,0,user_40,170,179,
2449,13,19000000,0,user_32,171,179,
727,18,170000,17700000,user_27,164,179,
2640,11,169999,0,builder_18,171,171,727
2641,12,3500001,0,builder_18,171,171,1618
1618,20,3500000,7190000,user_27,168,179,
46,22,6300000,7840,user_34,160,179,
2642,15,6299999,0,builder_18,171,171,46
164,23,6300001,0,user_14,161,179,46
1640,27,6300000,0,user_44,168,179,
187,28,6300000,0,user_33,161,179,
1147,25,6300000,0,user_31,166,179,
165,31,6299999,0,user_14,161,179,46
166,29,6299999,0,user_16,161,179,46
152,30,6299999,0,user_6,161,179,46
1626,35,6100000,0,user_29,168,179,
51,33,6100000,0,user_40,160,179,
43,34,6100000,0,user_33,160,179,
1158,32,6100000,0,user_47,166,179,
2643,27,5000001,0,builder_18,171,171,177
177,36,5000000,381000,user_27,161,179,
908,41,5200000,0,user_27,165,179,
2226,40,5200000,0,user_49,170,179,
1384,45,5000000,13900,user_45,167,179,
2644,32,4999999,0,builder_18,171,171,1384
1380,47,5000000,6390,user_41,167,179,
2645,34,4999999,0,builder_18,171,171,1380
1617,61,5000001,0,user_26,168,179,177
1905,49,5000001,0,user_13,169,179,177
1911,62,5000001,0,user_20,169,179,177
1910,63,5000001,0,user_18,169,179,177
1917,64,5000001,0,user_24,169,179,177
2184,54,5000001,0,user_11,170,179,177
2168,55,5000001,0,user_0,170,179,177
883,60,5000001,0,user_0,165,179,177
1124,48,5000001,0,user_10,166,179,177
538,51,5000001,0,user_17,163,179,177
547,50,5000001,0,user_26,163,179,177
719,58,5000001,0,user_19,164,179,177
714,59,5000001,0,user_15,164,179,177
345,52,5000001,0,user_12,162,179,177
349,65,5000001,0,user_19,162,179,177
353,53,5000001,0,user_24,162,179,177
2181,56,5000001,0,user_9,170,179,177
2183,57,5000001,0,user_9,170,179,177
1929,73,5000000,0,user_39,169,179,
1377,69,5000000,0,user_37,167,179,
749,72,5000000,0,user_47,164,179,
731,70,5000000,0,user_30,164,179,
191,71,5000000,0,user_38,161,179,
1593,75,4999999,0,user_7,168,179,177
1894,86,4999999,0,user_4,169,179,177
1898,89,4999999,0,user_5,169,179,177
1913,92,4999999,0,user_22,169,179,177
1901,87,4999999,0,user_10,169,179,177
1909,88,4999999,0,user_18,169,179,177
1914,90,4999999,0,user_23,169,179,177
1916,91,4999999,0,user_24,169,179,177
545,76,4999999,0,user_21,163,179,177
528,77,4999999,0,user_8,163,179,177
529,78,4999999,0,user_8,163,179,177
724,85,4999999,0,user_25,164,179,177
348,79,4999999,0,user_16,162,179,177
354,80,4999999,0,user_24,162,179,177
2178,81,4999999,0,user_8,170,179,177
2179,82,4999999,0,user_9,170,179,177
2180,83,4999999,0,user_9,170,179,177
2182,84,4999999,0,user_9,170,179,177
732,94,4500000,16400,user_31,164,179,
2646,77,4499999,0,builder_18,171,171,732
2647,78,4200001,0,builder_18,171,171,55
55,99,4200000,33100,user_43,160,179,
162,99,4200001,0,user_13,161,177,55
163,94,4200001,0,user_13,161,176,55
169,96,4200001,0,user_17,161,176,55
156,95,4200001,0,user_9,161,176,55
343,98,4200001,0,user_10,162,177,55
341,97,4200001,0,user_8,162,177,55
1622,99,4200000,0,user_28,168,176,
1634,98,4200000,0,user_39,168,175,
362,97,4200000,0,user_32,162,175,
552,97,4200000,0,user_34,163,176,
1151,98,4200000,0,user_34,166,176,
159,99,4199999,0,user_13,161,173,55
171,98,4199999,0,user_20,161,173,55
176,99,4199999,0,user_26,161,172,55
344,99,4199999,0,user_11,162,175,55
340,99,4199999,0,user_8,162,174,55
2648,96,3500001,0,builder_18,171,171,1371
1371,97,3500000,283000,user_31,167,171,
1144,98,3500000,5640,user_30,166,171,
2649,99,3499999,0,builder_18,171,171,1144
2678,4,43000000,0,user_34,172,179,
1627,3,43000000,0,user_29,168,179,
11,2,43000000,0,user_9,160,179,
2214,6,30000000,0,user_38,170,179,
1931,8,30000000,0,user_41,169,179,
1370,5,30000000,0,user_29,167,179,
735,7,30000000,0,user_35,164,179,
1926,10,27000000,0,user_34,169,179,
2677,11,27000000,0,user_32,172,179,
358,9,27000000,0,user_28,162,179,
2449,13,19000000,0,user_32,171,179,
2217,12,19000000,0,user_40,170,179,
727,18,170000,17700000,user_27,164,179,
2857,13,169999,0,builder_17,172,172,727
2858,14,3500001,0,builder_17,172,172,1618
1618,20,3500000,7190000,user_27,168,179,
46,22,6300000,7840,user_34,160,179,
2859,17,6299999,0,builder_17,172,172,46
164,23,6300001,0,user_14,161,179,46
1640,27,6300000,0,user_44,168,179,
1147,25,6300000,0,user_31,166,179,
187,28,6300000,0,user_33,161,179,
166,29,6299999,0,user_16,161,179,46
152,30,6299999,0,user_6,161,179,46
165,31,6299999,0,user_14,161,179,46
1626,35,6100000,0,user_29,168,179,
51,33,6100000,0,user_40,160,179,
1158,32,6100000,0,user_47,166,179,
43,34,6100000,0,user_33,160,179,
177,36,5000000,381000,user_27,161,179,
2860,30,4999999,0,builder_17,172,172,177
2226,40,5200000,0,user_49,170,179,
908,41,5200000,0,user_27,165,179,
2861,33,5000001,0,builder_17,172,172,1384
1384,45,5000000,13900,user_45,167,179,
2862,35,5000001,0,builder_17,172,172,1380
1380,47,5000000,6390,user_41,167,179,
2181,56,5000001,0,user_9,170,179,177
2183,57,5000001,0,user_9,170,179,177
2168,55,5000001,0,user_0,170,179,177
1910,63,5000001,0,user_18,169,179,177
1911,62,5000001,0,user_20,169,179,177
2184,54,5000001,0,user_11,170,179,177
1617,61,5000001,0,user_26,168,179,177
1905,49,5000001,0,user_13,169,179,177
1917,64,5000001,0,user_24,169,179,177
1124,48,5000001,0,user_10,166,179,177
538,51,5000001,0,user_17,163,179,177
547,50,5000001,0,user_26,163,179,177
345,52,5000001,0,user_12,162,179,177
353,53,5000001,0,user_24,162,179,177
719,58,5000001,0,user_19,164,179,177
714,59,5000001,0,user_15,164,179,177
883,60,5000001,0,user_0,165,179,177
349,65,5000001,0,user_19,162,179,177
1929,73,5000000,0,user_39,169,179,
731,70,5000000,0,user_30,164,179,
1377,69,5000000,0,user_37,167,179,
749,72,5000000,0,user_47,164,179,
191,71,5000000,0,user_38,161,179,
2179,82,4999999,0,user_9,170,179,177
2180,83,4999999,0,user_9,170,179,177
2182,84,4999999,0,user_9,170,179,177
2178,81,4999999,0,user_8,170,179,177
1909,88,4999999,0,user_18,169,179,177
1894,86,4999999,0,user_4,169,179,177
1898,89,4999999,0,user_5,169,179,177
1913,92,4999999,0,user_22,169,179,177
1901,87,4999999,0,user_10,169,179,177
1914,90,4999999,0,user_23,169,179,177
1916,91,4999999,0,user_24,169,179,177
545,76,4999999,0,user_21,163,179,177
528,77,4999999,0,user_8,163,179,177
529,78,4999999,0,user_8,163,179,177
348,79,4999999,0,user_16,162,179,177
354,80,4999999,0,user_24,162,179,177
1593,75,4999999,0,user_7,168,179,177
724,85,4999999,0,user_25,164,179,177
2863,78,4500001,0,builder_17,172,172,732
732,94,4500000,16400,user_31,164,179,
2864,80,4200001,0,builder_17,172,172,2681
2681,97,4200000,231000,user_36,172,179,
55,99,4200000,33100,user_43,160,179,
2865,83,4199999,0,builder_17,172,172,55
343,98,4200001,0,user_10,162,177,55
341,97,4200001,0,user_8,162,177,55
162,99,4200001,0,user_13,161,177,55
163,94,4200001,0,user_13,161,176,55
156,95,4200001,0,user_9,161,176,55
169,96,4200001,0,user_17,161,176,55
1634,98,4200000,0,user_39,168,175,
1622,99,4200000,0,user_28,168,176,
552,97,4200000,0,user_34,163,176,
1151,98,4200000,0,user_34,166,176,
362,97,4200000,0,user_32,162,175,
344,99,4199999,0,user_11,162,175,55
340,99,4199999,0,user_8,162,174,55
159,99,4199999,0,user_13,161,173,55
171,98,4199999,0,user_20,161,173,55
176,99,4199999,0,user_26,161,172,55
3089,0,43000001,0,builder_18,173,173,2919
2919,1,43000000,56200,user_39,173,179,
11,2,43000000,0,user_9,160,179,
1627,3,43000000,0,user_29,168,179,
2678,4,43000000,0,user_34,172,179,
2214,6,30000000,0,user_38,170,179,
1370,5,30000000,0,user_29,167,179,
735,7,30000000,0,user_35,164,179,
1931,8,30000000,0,user_41,169,179,
358,9,27000000,0,user_28,162,179,
1926,10,27000000,0,user_34,169,179,
2677,11,27000000,0,user_32,172,179,
2449,13,19000000,0,user_32,171,179,
2217,12,19000000,0,user_40,170,179,
727,18,170000,17700000,user_27,164,179,
3090,15,169999,0,builder_18,173,173,727
1618,20,3500000,7190000,user_27,168,179,
3091,17,3499999,0,builder_18,173,173,1618
3092,18,6300001,0,builder_18,173,173,46
46,22,6300000,7840,user_34,160,179,
164,23,6300001,0,user_14,161,179,46
1147,25,6300000,0,user_31,166,179,
1640,27,6300000,0,user_44,168,179,
187,28,6300000,0,user_33,161,179,
165,31,6299999,0,user_14,161,179,46
166,29,6299999,0,user_16,161,179,46
152,30,6299999,0,user_6,161,179,46
1158,32,6100000,0,user_47,166,179,
51,33,6100000,0,user_40,160,179,
43,34,6100000,0,user_33,160,179,
1626,35,6100000,0,user_29,168,179,
3093,31,5000001,0,builder_18,173,173,177
177,36,5000000,381000,user_27,161,179,
2226,40,5200000,0,user_49,170,179,
908,41,5200000,0,user_27,165,179,
1384,45,5000000,13900,user_45,167,179,
3094,36,4999999,0,builder_18,173,173,1384
1380,47,5000000,6390,user_41,167,179,
3095,38,4999999,0,builder_18,173,173,1380
2184,54,5000001,0,user_11,170,179,177
1905,49,5000001,0,user_13,169,179,177
2168,55,5000001,0,user_0,170,179,177
2181,56,5000001,0,user_9,170,179,177
2183,57,5000001,0,user_9,170,179,177
1124,48,5000001,0,user_10,166,179,177
538,51,5000001,0,user_17,163,179,177
547,50,5000001,0,user_26,163,179,177
719,58,5000001,0,user_19,164,179,177
345,52,5000001,0,user_12,162,179,177
353,53,5000001,0,user_24,162,179,177
349,65,5000001,0,user_19,162,179,177
714,59,5000001,0,user_15,164,179,177
883,60,5000001,0,user_0,165,179,177
1617,61,5000001,0,user_26,168,179,177
1911,62,5000001,0,user_20,169,179,177
1910,63,5000001,0,user_18,169,179,177
1917,64,5000001,0,user_24,169,179,177
1377,69,5000000,0,user_37,167,179,
191,71,5000000,0,user_38,161,179,
749,72,5000000,0,user_47,164,179,
731,70,5000000,0,user_30,164,179,
1929,73,5000000,0,user_39,169,179,
2913,74,5000000,0,user_34,173,179,
2179,82,4999999,0,user_9,170,179,177
2180,83,4999999,0,user_9,170,179,177
2182,84,4999999,0,user_9,170,179,177
2178,81,4999999,0,user_8,170,179,177
528,77,4999999,0,user_8,163,179,177
529,78,4999999,0,user_8,163,179,177
545,76,4999999,0,user_21,163,179,177
348,79,4999999,0,user_16,162,179,177
354,80,4999999,0,user_24,162,179,177
724,85,4999999,0,user_25,164,179,177
1593,75,4999999,0,user_7,168,179,177
1894,86,4999999,0,user_4,169,179,177
1901,87,4999999,0,user_10,169,179,177
1909,88,4999999,0,user_18,169,179,177
1898,89,4999999,0,user_5,169,179,177
1914,90,4999999,0,user_23,169,179,177
1916,91,4999999,0,user_24,169,179,177
1913,92,4999999,0,user_22,169,179,177
3096,81,4500001,0,builder_18,173,173,732
732,94,4500000,16400,user_31,164,179,
2681,97,4200000,231000,user_36,172,179,
3097,84,4199999,0,builder_18,173,173,2681
55,99,4200000,33100,user_43,160,179,
3098,86,4199999,0,builder_18,173,173,55
343,98,4200001,0,user_10,162,177,55
156,95,4200001,0,user_9,161,176,55
162,99,4200001,0,user_13,161,177,55
163,94,4200001,0,user_13,161,176,55
169,96,4200001,0,user_17,161,176,55
341,97,4200001,0,user_8,162,177,55
1151,98,4200000,0,user_34,166,176,
1622,99,4200000,0,user_28,168,176,
552,97,4200000,0,user_34,163,176,
362,97,4200000,0,user_32,162,175,
1634,98,4200000,0,user_39,168,175,
171,98,4199999,0,user_20,161,173,55
159,99,4199999,0,user_13,161,173,55
3311,0,43000001,0,builder_17,174,174,2919
2919,1,43000000,56200,user_39,173,179,
2678,4,43000000,0,user_34,172,179,
11,2,43000000,0,user_9,160,179,
1627,3,43000000,0,user_29,168,179,
2214,6,30000000,0,user_38,170,179,
1370,5,30000000,0,user_29,167,179,
735,7,30000000,0,user_35,164,179,
1931,8,30000000,0,user_41,169,179,
2677,11,27000000,0,user_32,172,179,
358,9,27000000,0,user_28,162,179,
1926,10,27000000,0,user_34,169,179,
2449,13,19000000,0,user_32,171,179,
2217,12,19000000,0,user_40,170,179,
3312,14,170001,0,builder_17,174,174,727
727,18,170000,17700000,user_27,164,179,
3313,16,3500001,0,builder_17,174,174,1618
1618,20,3500000,7190000,user_27,168,179,
3314,18,6300001,0,builder_17,174,174,46
46,22,6300000,7840,user_34,160,179,
164,23,6300001,0,user_14,161,179,46
1147,25,6300000,0,user_31,166,179,
187,28,6300000,0,user_33,161,179,
1640,27,6300000,0,user_44,168,179,
166,29,6299999,0,user_16,161,179,46
152,30,6299999,0,user_6,161,179,46
165,31,6299999,0,user_14,161,179,46
1158,32,6100000,0,user_47,166,179,
51,33,6100000,0,user_40,160,179,
43,34,6100000,0,user_33,160,179,
1626,35,6100000,0,user_29,168,179,
177,36,5000000,381000,user_27,161,179,
3315,32,4999999,0,builder_17,174,174,177
2226,40,5200000,0,user_49,170,179,
908,41,5200000,0,user_27,165,179,
3316,35,5000001,0,builder_17,174,174,1384
1384,45,5000000,13900,user_45,167,179,
3317,37,5000001,0,builder_17,174,174,1380
1380,47,5000000,6390,user_41,167,179,
2168,55,5000001,0,user_0,170,179,177
2181,56,5000001,0,user_9,170,179,177
2183,57,5000001,0,user_9,170,179,177
1124,48,5000001,0,user_10,166,179,177
538,51,5000001,0,user_17,163,179,177
547,50,5000001,0,user_26,163,179,177
345,52,5000001,0,user_12,162,179,177
353,53,5000001,0,user_24,162,179,177
1905,49,5000001,0,user_13,169,179,177
2184,54,5000001,0,user_11,170,179,177
714,59,5000001,0,user_15,164,179,177
883,60,5000001,0,user_0,165,179,177
719,58,5000001,0,user_19,164,179,177
1617,61,5000001,0,user_26,168,179,177
1910,63,5000001,0,user_18,169,179,177
1917,64,5000001,0,user_24,169,179,177
1911,62,5000001,0,user_20,169,179,177
349,65,5000001,0,user_19,162,179,177
2913,74,5000000,0,user_34,173,179,
1377,69,5000000,0,user_37,167,179,
731,70,5000000,0,user_30,164,179,
749,72,5000000,0,user_47,164,179,
191,71,5000000,0,user_38,161,179,
1929,73,5000000,0,user_39,169,179,
1914,90,4999999,0,user_23,169,179,177
2179,82,4999999,0,user_9,170,179,177
2180,83,4999999,0,user_9,170,179,177
2182,84,4999999,0,user_9,170,179,177
528,77,4999999,0,user_8,163,179,177
529,78,4999999,0,user_8,163,179,177
545,76,4999999,0,user_21,163,179,177
348,79,4999999,0,user_16,162,179,177
354,80,4999999,0,user_24,162,179,177
1593,75,4999999,0,user_7,168,179,177
2178,81,4999999,0,user_8,170,179,177
724,85,4999999,0,user_25,164,179,177
1894,86,4999999,0,user_4,169,179,177
1898,89,4999999,0,user_5,169,179,177
1913,92,4999999,0,user_22,169,179,177
1901,87,4999999,0,user_10,169,179,177
1909,88,4999999,0,user_18,169,179,177
1916,91,4999999,0,user_24,169,179,177
3318,81,4500001,0,builder_17,174,174,732
732,94,4500000,16400,user_31,164,179,
2681,97,4200000,231000,user_36,172,179,
3319,84,4199999,0,builder_17,174,174,2681
55,99,4200000,33100,user_43,160,179,
3320,86,4199999,0,builder_17,174,174,55
343,98,4200001,0,user_10,162,177,55
341,97,4200001,0,user_8,162,177,55
169,96,4200001,0,user_17,161,176,55
156,95,4200001,0,user_9,161,176,55
162,99,4200001,0,user_13,161,177,55
163,94,4200001,0,user_13,161,176,55
1151,98,4200000,0,user_34,166,176,
552,97,4200000,0,user_34,163,176,
362,97,4200000,0,user_32,162,175,
1634,98,4200000,0,user_39,168,175,
1622,99,4200000,0,user_28,168,176,
344,99,4199999,0,user_11,162,175,55
340,99,4199999,0,user_8,162,174,55
2919,1,43000000,56200,user_39,173,179,
3552,1,42999999,0,builder_17,175,175,2919
2678,4,43000000,0,user_34,172,179,
11,2,43000000,0,user_9,160,179,
1627,3,43000000,0,user_29,168,179,
1370,5,30000000,0,user_29,167,179,
735,7,30000000,0,user_35,164,179,
1931,8,30000000,0,user_41,169,179,
2214,6,30000000,0,user_38,170,179,
358,9,27000000,0,user_28,162,179,
1926,10,27000000,0,user_34,169,179,
2677,11,27000000,0,user_32,172,179,
2217,12,19000000,0,user_40,170,179,
2449,13,19000000,0,user_32,171,179,
727,18,170000,17700000,user_27,164,179,
3553,15,169999,0,builder_17,175,175,727
3554,16,3500001,0,builder_17,175,175,1618
1618,20,3500000,7190000,user_27,168,179,
46,22,6300000,7840,user_34,160,179,
3555,19,6299999,0,builder_17,175,175,46
164,23,6300001,0,user_14,161,179,46
1147,25,6300000,0,user_31,166,179,
1640,27,6300000,0,user_44,168,179,
187,28,6300000,0,user_33,161,179,
166,29,6299999,0,user_16,161,179,46
152,30,6299999,0,user_6,161,179,46
165,31,6299999,0,user_14,161,179,46
1158,32,6100000,0,user_47,166,179,
51,33,6100000,0,user_40,160,179,
43,34,6100000,0,user_33,160,179,
1626,35,6100000,0,user_29,168,179,
3556,31,5000001,0,builder_17,175,175,177
177,36,5000000,381000,user_27,161,179,
908,41,5200000,0,user_27,165,179,
2226,40,5200000,0,user_49,170,179,
3557,35,5000001,0,builder_17,175,175,1384
1384,45,5000000,13900,user_45,167,179,
3558,37,5000001,0,builder_17,175,175,1380
1380,47,5000000,6390,user_41,167,179,
1124,48,5000001,0,user_10,166,179,177
1905,49,5000001,0,user_13,169,179,177
547,50,5000001,0,user_26,163,179,177
538,51,5000001,0,user_17,163,179,177
345,52,5000001,0,user_12,162,179,177
353,53,5000001,0,user_24,162,179,177
2184,54,5000001,0,user_11,170,179,177
719,58,5000001,0,user_19,164,179,177
714,59,5000001,0,user_15,164,179,177
883,60,5000001,0,user_0,165,179,177
1617,61,5000001,0,user_26,168,179,177
1911,62,5000001,0,user_20,169,179,177
1910,63,5000001,0,user_18,169,179,177
2168,55,5000001,0,user_0,170,179,177
2181,56,5000001,0,user_9,170,179,177
2183,57,5000001,0,user_9,170,179,177
1917,64,5000001,0,user_24,169,179,177
349,65,5000001,0,user_19,162,179,177
2913,74,5000000,0,user_34,173,179,
1377,69,5000000,0,user_37,167,179,
731,70,5000000,0,user_30,164,179,
191,71,5000000,0,user_38,161,179,
749,72,5000000,0,user_47,164,179,
1929,73,5000000,0,user_39,169,179,
1593,75,4999999,0,user_7,168,179,177
545,76,4999999,0,user_21,163,179,177
528,77,4999999,0,user_8,163,179,177
529,78,4999999,0,user_8,163,179,177
348,79,4999999,0,user_16,162,179,177
354,80,4999999,0,user_24,162,179,177
2178,81,4999999,0,user_8,170,179,177
724,85,4999999,0,user_25,164,179,177
1894,86,4999999,0,user_4,169,179,177
1901,87,4999999,0,user_10,169,179,177
1909,88,4999999,0,user_18,169,179,177
1898,89,4999999,0,user_5,169,179,177
1914,90,4999999,0,user_23,169,179,177
2179,82,4999999,0,user_9,170,179,177
2180,83,4999999,0,user_9,170,179,177
2182,84,4999999,0,user_9,170,179,177
1916,91,4999999,0,user_24,169,179,177
1913,92,4999999,0,user_22,169,179,177
732,94,4500000,16400,user_31,164,179,
3559,82,4499999,0,builder_17,175,175,732
3378,95,4500000,0,user_42,175,179,
2681,97,4200000,231000,user_36,172,179,
3560,85,4199999,0,builder_17,175,175,2681
3561,86,4200001,0,builder_17,175,175,55
55,99,4200000,33100,user_43,160,179,
343,98,4200001,0,user_10,162,177,55
341,97,4200001,0,user_8,162,177,55
156,95,4200001,0,user_9,161,176,55
162,99,4200001,0,user_13,161,177,55
163,94,4200001,0,user_13,161,176,55
169,96,4200001,0,user_17,161,176,55
552,97,4200000,0,user_34,163,176,
1151,98,4200000,0,user_34,166,176,
1622,99,4200000,0,user_28,168,176,
362,97,4200000,0,user_32,162,175,
1634,98,4200000,0,user_39,168,175,
344,99,4199999,0,user_11,162,175,55
3811,0,43000001,0,builder_17,176,176,2919
2919,1,43000000,56200,user_39,173,179,
2678,4,43000000,0,user_34,172,179,
1627,3,43000000,0,user_29,168,179,
11,2,43000000,0,user_9,160,179,
1370,5,30000000,0,user_29,167,179,
735,7,30000000,0,user_35,164,179,
1931,8,30000000,0,user_41,169,179,
2214,6,30000000,0,user_38,170,179,
2677,11,27000000,0,user_32,172,179,
358,9,27000000,0,user_28,162,179,
1926,10,27000000,0,user_34,169,179,
2217,12,19000000,0,user_40,170,179,
2449,13,19000000,0,user_32,171,179,
3812,14,170001,0,builder_17,176,176,727
727,18,170000,17700000,user_27,164,179,
3813,16,3500001,0,builder_17,176,176,1618
1618,20,3500000,7190000,user_27,168,179,
3814,18,6300001,0,builder_17,176,176,46
46,22,6300000,7840,user_34,160,179,
164,23,6300001,0,user_14,161,179,46
1147,25,6300000,0,user_31,166,179,
1640,27,6300000,0,user_44,168,179,
187,28,6300000,0,user_33,161,179,
166,29,6299999,0,user_16,161,179,46
152,30,6299999,0,user_6,161,179,46
165,31,6299999,0,user_14,161,179,46
51,33,6100000,0,user_40,160,179,
1158,32,6100000,0,user_47,166,179,
1626,35,6100000,0,user_29,168,179,
43,34,6100000,0,user_33,160,179,
3815,31,5000001,0,builder_17,176,176,177
177,36,5000000,381000,user_27,161,179,
3380,38,5000000,215000,user_43,175,179,
3816,34,4999999,0,builder_17,176,176,3380
908,41,5200000,0,user_27,165,179,
2226,40,5200000,0,user_49,170,179,
1384,45,5000000,13900,user_45,167,179,
3817,38,4999999,0,builder_17,176,176,1384
1380,47,5000000,6390,user_41,167,179,
3818,40,4999999,0,builder_17,176,176,1380
1905,49,5000001,0,user_13,169,179,177
2184,54,5000001,0,user_11,170,179,177
1124,48,5000001,0,user_10,166,179,177
538,51,5000001,0,user_17,163,179,177
547,50,5000001,0,user_26,163,179,177
345,52,5000001,0,user_12,162,179,177
353,53,5000001,0,user_24,162,179,177
1617,61,5000001,0,user_26,168,179,177
1911,62,5000001,0,user_20,169,179,177
719,58,5000001,0,user_19,164,179,177
714,59,5000001,0,user_15,164,179,177
883,60,5000001,0,user_0,165,179,177
1910,63,5000001,0,user_18,169,179,177
1917,64,5000001,0,user_24,169,179,177
2168,55,5000001,0,user_0,170,179,177
2181,56,5000001,0,user_9,170,179,177
2183,57,5000001,0,user_9,170,179,177
349,65,5000001,0,user_19,162,179,177
2913,74,5000000,0,user_34,173,179,
1377,69,5000000,0,user_37,167,179,
731,70,5000000,0,user_30,164,179,
749,72,5000000,0,user_47,164,179,
191,71,5000000,0,user_38,161,179,
1929,73,5000000,0,user_39,169,179,
3625,68,5000000,0,user_42,176,179,
1593,75,4999999,0,user_7,168,179,177
545,76,4999999,0,user_21,163,179,177
528,77,4999999,0,user_8,163,179,177
529,78,4999999,0,user_8,163,179,177
348,79,4999999,0,user_16,162,179,177
354,80,4999999,0,user_24,162,179,177
2178,81,4999999,0,user_8,170,179,177
1894,86,4999999,0,user_4,169,179,177
1898,89,4999999,0,user_5,169,179,177
1901,87,4999999,0,user_10,169,179,177
724,85,4999999,0,user_25,164,179,177
1913,92,4999999,0,user_22,169,179,177
1909,88,4999999,0,user_18,169,179,177
1914,90,4999999,0,user_23,169,179,177
1916,91,4999999,0,user_24,169,179,177
2179,82,4999999,0,user_9,170,179,177
2180,83,4999999,0,user_9,170,179,177
2182,84,4999999,0,user_9,170,179,177
732,94,4500000,16400,user_31,164,179,
3819,85,4499999,0,builder_17,176,176,732
3378,95,4500000,0,user_42,175,179,
2681,97,4200000,231000,user_36,172,179,
3820,88,4199999,0,builder_17,176,176,2681
3821,89,4200001,0,builder_17,176,176,55
55,99,4200000,33100,user_43,160,179,
343,98,4200001,0,user_10,162,177,55
341,97,4200001,0,user_8,162,177,55
162,99,4200001,0,user_13,161,177,55
163,94,4200001,0,user_13,161,176,55
156,95,4200001,0,user_9,161,176,55
169,96,4200001,0,user_17,161,176,55
552,97,4200000,0,user_34,163,176,
1151,98,4200000,0,user_34,166,176,
1622,99,4200000,0,user_28,168,176,
4091,0,43000001,0,builder_17,177,177,2919
2919,1,43000000,56200,user_39,173,179,
1627,3,43000000,0,user_29,168,179,
11,2,43000000,0,user_9,160,179,
2678,4,43000000,0,user_34,172,179,
1370,5,30000000,0,user_29,167,179,
1931,8,30000000,0,user_41,169,179,
735,7,30000000,0,user_35,164,179,
2214,6,30000000,0,user_38,170,179,
1926,10,27000000,0,user_34,169,179,
358,9,27000000,0,user_28,162,179,
2677,11,27000000,0,user_32,172,179,
2217,12,19000000,0,user_40,170,179,
2449,13,19000000,0,user_32,171,179,
4092,14,660001,0,builder_17,177,177,3875
3875,15,660000,17700000,user_31,177,179,
727,18,170000,17700000,user_27,164,179,
4093,17,169999,0,builder_17,177,177,727
4094,18,3500001,0,builder_17,177,177,1618
1618,20,3500000,7190000,user_27,168,179,
4095,20,6300001,0,builder_17,177,177,46
46,22,6300000,7840,user_34,160,179,
164,23,6300001,0,user_14,161,179,46
1147,25,6300000,0,user_31,166,179,
1640,27,6300000,0,user_44,168,179,
187,28,6300000,0,user_33,161,179,
3876,24,6300000,0,user_31,177,179,
166,29,6299999,0,user_16,161,179,46
152,30,6299999,0,user_6,161,179,46
165,31,6299999,0,user_14,161,179,46
1158,32,6100000,0,user_47,166,179,
51,33,6100000,0,user_40,160,179,
1626,35,6100000,0,user_29,168,179,
43,34,6100000,0,user_33,160,179,
4096,34,5000001,0,builder_17,177,177,177
177,36,5000000,381000,user_27,161,179,
4097,36,5000001,0,builder_17,177,177,3380
3380,38,5000000,215000,user_43,175,179,
908,41,5200000,0,user_27,165,179,
2226,40,5200000,0,user_49,170,179,
4098,40,5000001,0,builder_17,177,177,3874
3874,43,5000000,14200,user_30,177,179,
4099,42,5000001,0,builder_17,177,177,1384
1384,45,5000000,13900,user_45,167,179,
1380,47,5000000,6390,user_41,167,179,
4100,45,4999999,0,builder_17,177,177,1380
2184,54,5000001,0,user_11,170,179,177
1905,49,5000001,0,user_13,169,179,177
1124,48,5000001,0,user_10,166,179,177
345,52,5000001,0,user_12,162,179,177
353,53,5000001,0,user_24,162,179,177
547,50,5000001,0,user_26,163,179,177
538,51,5000001,0,user_17,163,179,177
1617,61,5000001,0,user_26,168,179,177
1911,62,5000001,0,user_20,169,179,177
1910,63,5000001,0,user_18,169,179,177
1917,64,5000001,0,user_24,169,179,177
2168,55,5000001,0,user_0,170,179,177
883,60,5000001,0,user_0,165,179,177
719,58,5000001,0,user_19,164,179,177
714,59,5000001,0,user_15,164,179,177
2181,56,5000001,0,user_9,170,179,177
2183,57,5000001,0,user_9,170,179,177
349,65,5000001,0,user_19,162,179,177
3625,68,5000000,0,user_42,176,179,
1377,69,5000000,0,user_37,167,179,
731,70,5000000,0,user_30,164,179,
1929,73,5000000,0,user_39,169,179,
749,72,5000000,0,user_47,164,179,
191,71,5000000,0,user_38,161,179,
2913,74,5000000,0,user_34,173,179,
3882,66,5000000,0,user_35,177,179,
2178,81,4999999,0,user_8,170,179,177
348,79,4999999,0,user_16,162,179,177
354,80,4999999,0,user_24,162,179,177
528,77,4999999,0,user_8,163,179,177
529,78,4999999,0,user_8,163,179,177
545,76,4999999,0,user_21,163,179,177
1593,75,4999999,0,user_7,168,179,177
1894,86,4999999,0,user_4,169,179,177
1898,89,4999999,0,user_5,169,179,177
1913,92,4999999,0,user_22,169,179,177
1901,87,4999999,0,user_10,169,179,177
1909,88,4999999,0,user_18,169,179,177
1914,90,4999999,0,user_23,169,179,177
1916,91,4999999,0,user_24,169,179,177
724,85,4999999,0,user_25,164,179,177
2179,82,4999999,0,user_9,170,179,177
2180,83,4999999,0,user_9,170,179,177
2182,84,4999999,0,user_9,170,179,177
732,94,4500000,16400,user_31,164,179,
4101,91,4499999,0,builder_17,177,177,732
3378,95,4500000,0,user_42,175,179,
4102,93,4200001,0,builder_17,177,177,2681
2681,97,4200000,231000,user_36,172,179,
4103,95,4200001,0,builder_17,177,177,55
55,99,4200000,33100,user_43,160,179,
341,97,4200001,0,user_8,162,177,55
343,98,4200001,0,user_10,162,177,55
162,99,4200001,0,user_13,161,177,55
4386,0,43000001,0,builder_17,178,178,2919
2919,1,43000000,56200,user_39,173,179,
11,2,43000000,0,user_9,160,179,
1627,3,43000000,0,user_29,168,179,
2678,4,43000000,0,user_34,172,179,
1370,5,30000000,0,user_29,167,179,
2214,6,30000000,0,user_38,170,179,
1931,8,30000000,0,user_41,169,179,
735,7,30000000,0,user_35,164,179,
1926,10,27000000,0,user_34,169,179,
358,9,27000000,0,user_28,162,179,
2677,11,27000000,0,user_32,172,179,
2217,12,19000000,0,user_40,170,179,
2449,13,19000000,0,user_32,171,179,
3875,15,660000,17700000,user_31,177,179,
4387,15,659999,0,builder_17,178,178,3875
4388,16,170001,0,builder_17,178,178,727
727,18,170000,17700000,user_27,164,179,
1618,20,3500000,7190000,user_27,168,179,
4389,19,3499999,0,builder_17,178,178,1618
4390,20,6300001,0,builder_17,178,178,46
46,22,6300000,7840,user_34,160,179,
164,23,6300001,0,user_14,161,179,46
1147,25,6300000,0,user_31,166,179,
3876,24,6300000,0,user_31,177,179,
187,28,6300000,0,user_33,161,179,
1640,27,6300000,0,user_44,168,179,
4166,26,6300000,0,user_45,178,179,
166,29,6299999,0,user_16,161,179,46
152,30,6299999,0,user_6,161,179,46
165,31,6299999,0,user_14,161,179,46
1158,32,6100000,0,user_47,166,179,
51,33,6100000,0,user_40,160,179,
43,34,6100000,0,user_33,160,179,
1626,35,6100000,0,user_29,168,179,
177,36,5000000,381000,user_27,161,179,
4391,36,4999999,0,builder_17,178,178,177
4392,37,5000001,0,builder_17,178,178,3380
3380,38,5000000,215000,user_43,175,179,
2226,40,5200000,0,user_49,170,179,
908,41,5200000,0,user_27,165,179,
4393,41,5000001,0,builder_17,178,178,4151
4151,42,5000000,36800,user_34,178,178,
4394,43,5000001,0,builder_17,178,178,3874
3874,43,5000000,14200,user_30,177,179,
1384,45,5000000,13900,user_45,167,179,
4395,46,4999999,0,builder_17,178,178,1384
1380,47,5000000,6390,user_41,167,179,
4396,48,4999999,0,builder_17,178,178,1380
2184,54,5000001,0,user_11,170,179,177
1905,49,5000001,0,user_13,169,179,177
1124,48,5000001,0,user_10,166,179,177
538,51,5000001,0,user_17,163,179,177
547,50,5000001,0,user_26,163,179,177
345,52,5000001,0,user_12,162,179,177
353,53,5000001,0,user_24,162,179,177
2168,55,5000001,0,user_0,170,179,177
2181,56,5000001,0,user_9,170,179,177
2183,57,5000001,0,user_9,170,179,177
1910,63,5000001,0,user_18,169,179,177
1917,64,5000001,0,user_24,169,179,177
1911,62,5000001,0,user_20,169,179,177
714,59,5000001,0,user_15,164,179,177
883,60,5000001,0,user_0,165,179,177
719,58,5000001,0,user_19,164,179,177
1617,61,5000001,0,user_26,168,179,177
349,65,5000001,0,user_19,162,179,177
3625,68,5000000,0,user_42,176,179,
3882,66,5000000,0,user_35,177,179,
1377,69,5000000,0,user_37,167,179,
731,70,5000000,0,user_30,164,179,
3888,67,5000000,0,user_38,177,179,
1929,73,5000000,0,user_39,169,179,
749,72,5000000,0,user_47,164,179,
191,71,5000000,0,user_38,161,179,
2913,74,5000000,0,user_34,173,179,
2178,81,4999999,0,user_8,170,179,177
528,77,4999999,0,user_8,163,179,177
529,78,4999999,0,user_8,163,179,177
545,76,4999999,0,user_21,163,179,177
348,79,4999999,0,user_16,162,179,177
354,80,4999999,0,user_24,162,179,177
1593,75,4999999,0,user_7,168,179,177
1898,89,4999999,0,user_5,169,179,177
2179,82,4999999,0,user_9,170,179,177
2180,83,4999999,0,user_9,170,179,177
2182,84,4999999,0,user_9,170,179,177
1894,86,4999999,0,user_4,169,179,177
1909,88,4999999,0,user_18,169,179,177
1914,90,4999999,0,user_23,169,179,177
1916,91,4999999,0,user_24,169,179,177
1913,92,4999999,0,user_22,169,179,177
1901,87,4999999,0,user_10,169,179,177
724,85,4999999,0,user_25,164,179,177
732,94,4500000,16400,user_31,164,179,
4397,95,4499999,0,builder_17,178,178,732
3378,95,4500000,0,user_42,175,179,
2681,97,4200000,231000,user_36,172,179,
4398,98,4199999,0,builder_17,178,178,2681
55,99,4200000,33100,user_43,160,179,
4687,0,43000001,0,builder_17,179,179,2919
2919,1,43000000,56200,user_39,173,179,
11,2,43000000,0,user_9,160,179,
1627,3,43000000,0,user_29,168,179,
2678,4,43000000,0,user_34,172,179,
1370,5,30000000,0,user_29,167,179,
2214,6,30000000,0,user_38,170,179,
735,7,30000000,0,user_35,164,179,
1931,8,30000000,0,user_41,169,179,
358,9,27000000,0,user_28,162,179,
1926,10,27000000,0,user_34,169,179,
2677,11,27000000,0,user_32,172,179,
2217,12,19000000,0,user_40,170,179,
2449,13,19000000,0,user_32,171,179,
4445,14,19000000,0,user_36,179,179,
3875,15,660000,17700000,user_31,177,179,
4688,16,659999,0,builder_17,179,179,3875
4689,17,170001,0,builder_17,179,179,727
727,18,170000,17700000,user_27,164,179,
4690,19,3500001,0,builder_17,179,179,1618
1618,20,3500000,7190000,user_27,168,179,
4691,21,6300001,0,builder_17,179,179,46
46,22,6300000,7840,user_34,160,179,
164,23,6300001,0,user_14,161,179,46
3876,24,6300000,0,user_31,177,179,
1147,25,6300000,0,user_31,166,179,
4166,26,6300000,0,user_45,178,179,
1640,27,6300000,0,user_44,168,179,
187,28,6300000,0,user_33,161,179,
166,29,6299999,0,user_16,161,179,46
152,30,6299999,0,user_6,161,179,46
165,31,6299999,0,user_14,161,179,46
1158,32,6100000,0,user_47,166,179,
51,33,6100000,0,user_40,160,179,
43,34,6100000,0,user_33,160,179,
1626,35,6100000,0,user_29,168,179,
177,36,5000000,381000,user_27,161,179,
4692,37,4999999,0,builder_17,179,179,177
3380,38,5000000,215000,user_43,175,179,
4693,39,4999999,0,builder_17,179,179,3380
2226,40,5200000,0,user_49,170,179,
908,41,5200000,0,user_27,165,179,
4694,42,5000001,0,builder_17,179,179,3874
3874,43,5000000,14200,user_30,177,179,
4695,44,5000001,0,builder_17,179,179,1384
1384,45,5000000,13900,user_45,167,179,
4696,46,5000001,0,builder_17,179,179,1380
1380,47,5000000,6390,user_41,167,179,
1124,48,5000001,0,user_10,166,179,177
1905,49,5000001,0,user_13,169,179,177
547,50,5000001,0,user_26,163,179,177
538,51,5000001,0,user_17,163,179,177
345,52,5000001,0,user_12,162,179,177
353,53,5000001,0,user_24,162,179,177
2184,54,5000001,0,user_11,170,179,177
2168,55,5000001,0,user_0,170,179,177
2181,56,5000001,0,user_9,170,179,177
2183,57,5000001,0,user_9,170,179,177
719,58,5000001,0,user_19,164,179,177
714,59,5000001,0,user_15,164,179,177
883,60,5000001,0,user_0,165,179,177
1617,61,5000001,0,user_26,168,179,177
1911,62,5000001,0,user_20,169,179,177
1910,63,5000001,0,user_18,169,179,177
1917,64,5000001,0,user_24,169,179,177
349,65,5000001,0,user_19,162,179,177
3882,66,5000000,0,user_35,177,179,
3888,67,5000000,0,user_38,177,179,
3625,68,5000000,0,user_42,176,179,
1377,69,5000000,0,user_37,167,179,
731,70,5000000,0,user_30,164,179,
191,71,5000000,0,user_38,161,179,
749,72,5000000,0,user_47,164,179,
1929,73,5000000,0,user_39,169,179,
2913,74,5000000,0,user_34,173,179,
1593,75,4999999,0,user_7,168,179,177
545,76,4999999,0,user_21,163,179,177
528,77,4999999,0,user_8,163,179,177
529,78,4999999,0,user_8,163,179,177
348,79,4999999,0,user_16,162,179,177
354,80,4999999,0,user_24,162,179,177
2178,81,4999999,0,user_8,170,179,177
2179,82,4999999,0,user_9,170,179,177
2180,83,4999999,0,user_9,170,179,177
2182,84,4999999,0,user_9,170,179,177
724,85,4999999,0,user_25,164,179,177
1894,86,4999999,0,user_4,169,179,177
1901,87,4999999,0,user_10,169,179,177
1909,88,4999999,0,user_18,169,179,177
1898,89,4999999,0,user_5,169,179,177
1914,90,4999999,0,user_23,169,179,177
1916,91,4999999,0,user_24,169,179,177
1913,92,4999999,0,user_22,169,179,177
4697,93,4500001,0,builder_17,179,179,732
732,94,4500000,16400,user_31,164,179,
3378,95,4500000,0,user_42,175,179,
4698,96,4200001,0,builder_17,179,179,2681
2681,97,4200000,231000,user_36,172,179,
4699,98,4200001,0,builder_17,179,179,55
55,99,4200000,33100,user_43,160,179,
11,2,43000000,0,user_9,180,199,
46,22,6300000,7840,user_34,180,199,
128,2,6299999,0,builder_17,180,180,46
43,34,6100000,0,user_33,180,199,
51,33,6100000,0,user_40,180,199,
38,96,3200000,21800,user_30,180,189,
129,6,3199999,0,builder_17,180,180,38
15,86,2600000,0,user_11,180,188,
61,87,2600000,0,user_46,180,188,
42,88,2500000,0,user_32,180,188,
44,96,2000000,322000,user_33,180,188,
130,11,1999999,0,builder_17,180,180,44
45,98,2300000,0,user_33,180,188,
10,94,2000000,0,user_8,180,186,
39,98,1500000,0,user_30,180,184,
66,90,1300000,0,user_49,180,183,
37,94,1200000,0,user_28,180,183,
60,93,1200000,0,user_45,180,183,
13,95,1100000,0,user_11,180,183,
65,97,1000000,0,user_48,180,183,
5,99,660000,14200,user_4,180,183,
131,21,659999,0,builder_17,180,180,5
17,84,660001,0,user_14,180,182,5
6,86,660001,0,user_5,180,182,5
8,87,660001,0,user_5,180,182,5
21,91,660001,0,user_17,180,182,5
23,92,660001,0,user_18,180,182,5
24,93,660001,0,user_18,180,182,5
25,94,660001,0,user_18,180,182,5
31,89,660001,0,user_25,180,182,5
32,90,660001,0,user_25,180,182,5
19,85,660001,0,user_15,180,182,5
29,88,660001,0,user_22,180,182,5
16,95,659999,0,user_14,180,182,5
7,96,659999,0,user_5,180,182,5
22,99,659999,0,user_18,180,182,5
26,86,659999,0,user_18,180,181,5
33,97,659999,0,user_26,180,182,5
34,98,659999,0,user_26,180,182,5
48,87,420000,0,user_35,180,181,
12,89,310000,0,user_11,180,181,
4,95,260000,0,user_4,180,181,
14,96,220000,0,user_11,180,181,
41,97,220000,0,user_32,180,181,
63,98,220000,0,user_47,180,181,
132,45,150001,0,builder_17,180,180,1
1,99,150000,39400,user_1,180,181,
64,47,160000,0,user_48,180,180,
49,48,160000,0,user_36,180,180,
53,49,160000,0,user_42,180,180,
2,50,150001,0,user_2,180,180,1
9,51,150001,0,user_7,180,180,1
18,52,150001,0,user_15,180,180,1
3,53,149999,0,user_3,180,180,1
20,54,149999,0,user_16,180,180,1
30,55,149999,0,user_23,180,180,1
28,56,149999,0,user_20,180,180,1
50,57,130000,0,user_39,180,180,
52,58,110000,0,user_41,180,180,
40,59,87000,0,user_31,180,180,
62,60,82000,0,user_46,180,180,
0,61,80000,0,user_1,180,180,
54,62,77000,0,user_42,180,180,
47,63,70000,0,user_34,180,180,
11,2,43000000,0,user_9,180,199,
46,22,6300000,7840,user_34,180,199,
323,2,6299999,0,builder_18,181,181,46
164,23,6300001,0,user_14,181,199,46
187,28,6300000,0,user_33,181,199,
165,31,6299999,0,user_14,181,199,46
166,29,6299999,0,user_16,181,199,46
152,30,6299999,0,user_6,181,199,46
51,33,6100000,0,user_40,180,199,
43,34,6100000,0,user_33,180,199,
324,10,5000001,0,builder_18,181,181,177
177,36,5000000,381000,user_27,181,199,
55,99,4200000,33100,user_43,180,199,
325,13,4199999,0,builder_18,181,181,55
156,95,4200001,0,user_9,181,196,55
162,99,4200001,0,user_13,181,197,55
163,94,4200001,0,user_13,181,196,55
169,96,4200001,0,user_17,181,196,55
171,98,4199999,0,user_20,181,193,55
159,99,4199999,0,user_13,181,193,55
176,99,4199999,0,user_26,181,192,55
326,21,3200001,0,builder_18,181,181,38
38,96,3200000,21800,user_30,180,189,
144,77,3200001,0,user_4,181,188,38
142,81,3199999,0,user_3,181,188,38
143,82,3199999,0,user_3,181,188,38
174,83,3199999,0,user_23,181,188,38
15,86,2600000,0,user_11,180,188,
61,87,2600000,0,user_46,180,188,
199,84,2600000,0,user_47,181,188,
42,88,2500000,0,user_32,180,188,
327,31,2000001,0,builder_18,181,181,44
44,96,2000000,322000,user_33,180,188,
45,98,2300000,0,user_33,180,188,
36,97,2300000,0,user_27,180,188,
154,96,2000001,0,user_7,181,187,44
172,94,2000001,0,user_21,181,187,44
145,97,2000001,0,user_5,181,187,44
149,98,2000001,0,user_5,181,187,44
151,95,2000001,0,user_6,181,187,44
173,99,2000001,0,user_22,181,187,44
10,94,2000000,0,user_8,180,186,
140,98,1999999,0,user_2,181,186,44
158,93,1999999,0,user_10,181,185,44
139,91,1999999,0,user_0,181,185,44
160,94,1999999,0,user_13,181,185,44
161,95,1999999,0,user_13,181,185,44
167,96,1999999,0,user_17,181,185,44
147,99,1999999,0,user_5,181,186,44
150,97,1999999,0,user_6,181,185,44
153,98,1999999,0,user_6,181,185,44
175,99,1999999,0,user_26,181,185,44
196,92,1800000,0,user_44,181,184,
181,93,1600000,0,user_30,181,184,
194,94,1600000,0,user_42,181,184,
39,98,1500000,0,user_30,180,184,
200,97,1500000,0,user_48,181,184,
185,99,1500000,0,user_32,181,184,
35,86,1400000,0,user_27,180,183,
56,87,1400000,0,user_43,180,183,
198,88,1400000,0,user_46,181,183,
66,90,1300000,0,user_49,180,183,
37,94,1200000,0,user_28,180,183,
60,93,1200000,0,user_45,180,183,
197,92,1200000,0,user_45,181,183,
13,95,1100000,0,user_11,180,183,
65,97,1000000,0,user_48,180,183,
328,67,660001,0,builder_18,181,181,5
5,99,660000,14200,user_4,180,183,
6,86,660001,0,user_5,180,182,5
8,87,660001,0,user_5,180,182,5
27,83,660001,0,user_19,180,182,5
17,84,660001,0,user_14,180,182,5
19,85,660001,0,user_15,180,182,5
29,88,660001,0,user_22,180,182,5
31,89,660001,0,user_25,180,182,5
32,90,660001,0,user_25,180,182,5
21,91,660001,0,user_17,180,182,5
23,92,660001,0,user_18,180,182,5
24,93,660001,0,user_18,180,182,5
25,94,660001,0,user_18,180,182,5
7,96,659999,0,user_5,180,182,5
16,95,659999,0,user_14,180,182,5
33,97,659999,0,user_26,180,182,5
34,98,659999,0,user_26,180,182,5
22,99,659999,0,user_18,180,182,5
26,86,659999,0,user_18,180,181,5
48,87,420000,0,user_35,180,181,
183,88,340000,0,user_32,181,181,
12,89,310000,0,user_11,180,181,
193,90,310000,0,user_40,181,181,
329,91,260001,0,builder_18,181,181,192
192,92,260000,21800,user_39,181,181,
57,93,110000,164000,user_43,180,181,
330,94,109999,0,builder_18,181,181,57
4,95,260000,0,user_4,180,181,
14,96,220000,0,user_11,180,181,
41,97,220000,0,user_32,180,181,
63,98,220000,0,user_47,180,181,
1,99,150000,39400,user_1,180,181,
11,2,43000000,0,user_9,180,199,
46,22,6300000,7840,user_34,180,199,
514,2,6299999,0,builder_18,182,182,46
164,23,6300001,0,user_14,181,199,46
187,28,6300000,0,user_33,181,199,
152,30,6299999,0,user_6,181,199,46
165,31,6299999,0,user_14,181,199,46
166,29,6299999,0,user_16,181,199,46
43,34,6100000,0,user_33,180,199,
51,33,6100000,0,user_40,180,199,
345,52,5000001,0,user_12,182,199,177
353,53,5000001,0,user_24,182,199,177
191,71,5000000,0,user_38,181,199,
348,79,4999999,0,user_16,182,199,177
354,80,4999999,0,user_24,182,199,177
55,99,4200000,33100,user_43,180,199,
515,16,4199999,0,builder_18,182,182,55
162,99,4200001,0,user_13,181,197,55
163,94,4200001,0,user_13,181,196,55
156,95,4200001,0,user_9,181,196,55
169,96,4200001,0,user_17,181,196,55
343,98,4200001,0,user_10,182,197,55
341,97,4200001,0,user_8,182,197,55
362,97,4200000,0,user_32,182,195,
159,99,4199999,0,user_13,181,193,55
171,98,4199999,0,user_20,181,193,55
176,99,4199999,0,user_26,181,192,55
344,99,4199999,0,user_11,182,195,55
340,99,4199999,0,user_8,182,194,55
38,96,3200000,21800,user_30,180,189,
516,30,3199999,0,builder_18,182,182,38
144,77,3200001,0,user_4,181,188,38
142,81,3199999,0,user_3,181,188,38
143,82,3199999,0,user_3,181,188,38
174,83,3199999,0,user_23,181,188,38
15,86,2600000,0,user_11,180,188,
61,87,2600000,0,user_46,180,188,
199,84,2600000,0,user_47,181,188,
42,88,2500000,0,user_32,180,188,
369,93,2400000,0,user_42,182,188,
44,96,2000000,322000,user_33,180,188,
517,41,1999999,0,builder_18,182,182,44
45,98,2300000,0,user_33,180,188,
36,97,2300000,0,user_27,180,188,
145,97,2000001,0,user_5,181,187,44
149,98,2000001,0,user_5,181,187,44
151,95,2000001,0,user_6,181,187,44
154,96,2000001,0,user_7,181,187,44
172,94,2000001,0,user_21,181,187,44
173,99,2000001,0,user_22,181,187,44
355,89,2000001,0,user_25,182,186,44
10,94,2000000,0,user_8,180,186,
140,98,1999999,0,user_2,181,186,44
147,99,1999999,0,user_5,181,186,44
158,93,1999999,0,user_10,181,185,44
160,94,1999999,0,user_13,181,185,44
161,95,1999999,0,user_13,181,185,44
150,97,1999999,0,user_6,181,185,44
153,98,1999999,0,user_6,181,185,44
139,91,1999999,0,user_0,181,185,44
175,99,1999999,0,user_26,181,185,44
167,96,1999999,0,user_17,181,185,44
338,88,1999999,0,user_6,182,185,44
196,92,1800000,0,user_44,181,184,
194,94,1600000,0,user_42,181,184,
181,93,1600000,0,user_30,181,184,
39,98,1500000,0,user_30,180,184,
185,99,1500000,0,user_32,181,184,
200,97,1500000,0,user_48,181,184,
35,86,1400000,0,user_27,180,183,
56,87,1400000,0,user_43,180,183,
198,88,1400000,0,user_46,181,183,
373,85,1400000,0,user_44,182,183,
66,90,1300000,0,user_49,180,183,
37,94,1200000,0,user_28,180,183,
60,93,1200000,0,user_45,180,183,
197,92,1200000,0,user_45,181,183,
13,95,1100000,0,user_11,180,183,
65,97,1000000,0,user_48,180,183,
5,99,660000,14200,user_4,180,183,
518,80,659999,0,builder_18,182,182,5
519,81,73001,0,builder_18,182,182,195
195,82,73000,594000,user_43,181,182,
27,83,660001,0,user_19,180,182,5
17,84,660001,0,user_14,180,182,5
19,85,660001,0,user_15,180,182,5
6,86,660001,0,user_5,180,182,5
8,87,660001,0,user_5,180,182,5
29,88,660001,0,user_22,180,182,5
31,89,660001,0,user_25,180,182,5
32,90,660001,0,user_25,180,182,5
21,91,660001,0,user_17,180,182,5
23,92,660001,0,user_18,180,182,5
24,93,660001,0,user_18,180,182,5
25,94,660001,0,user_18,180,182,5
16,95,659999,0,user_14,180,182,5
7,96,659999,0,user_5,180,182,5
33,97,659999,0,user_26,180,182,5
34,98,659999,0,user_26,180,182,5
22,99,659999,0,user_18,180,182,5
11,2,43000000,0,user_9,180,199,
358,9,27000000,0,user_28,182,199,
686,2,6300001,0,builder_17,183,183,46
46,22,6300000,7840,user_34,180,199,
164,23,6300001,0,user_14,181,199,46
187,28,6300000,0,user_33,181,199,
165,31,6299999,0,user_14,181,199,46
166,29,6299999,0,user_16,181,199,46
152,30,6299999,0,user_6,181,199,46
51,33,6100000,0,user_40,180,199,
43,34,6100000,0,user_33,180,199,
687,11,5000001,0,builder_17,183,183,177
177,36,5000000,381000,user_27,181,199,
345,52,5000001,0,user_12,182,199,177
353,53,5000001,0,user_24,182,199,177
349,65,5000001,0,user_19,182,199,177
538,51,5000001,0,user_17,183,199,177
547,50,5000001,0,user_26,183,199,177
191,71,5000000,0,user_38,181,199,
348,79,4999999,0,user_16,182,199,177
354,80,4999999,0,user_24,182,199,177
528,77,4999999,0,user_8,183,199,177
529,78,4999999,0,user_8,183,199,177
545,76,4999999,0,user_21,183,199,177
688,24,4200001,0,builder_17,183,183,55
55,99,4200000,33100,user_43,180,199,
156,95,4200001,0,user_9,181,196,55
343,98,4200001,0,user_10,182,197,55
341,97,4200001,0,user_8,182,197,55
162,99,4200001,0,user_13,181,197,55
163,94,4200001,0,user_13,181,196,55
169,96,4200001,0,user_17,181,196,55
362,97,4200000,0,user_32,182,195,
552,97,4200000,0,user_34,183,196,
344,99,4199999,0,user_11,182,195,55
340,99,4199999,0,user_8,182,194,55
159,99,4199999,0,user_13,181,193,55
176,99,4199999,0,user_26,181,192,55
171,98,4199999,0,user_20,181,193,55
38,96,3200000,21800,user_30,180,189,
689,40,3199999,0,builder_17,183,183,38
144,77,3200001,0,user_4,181,188,38
142,81,3199999,0,user_3,181,188,38
143,82,3199999,0,user_3,181,188,38
174,83,3199999,0,user_23,181,188,38
199,84,2600000,0,user_47,181,188,
61,87,2600000,0,user_46,180,188,
15,86,2600000,0,user_11,180,188,
42,88,2500000,0,user_32,180,188,
690,49,2400001,0,builder_17,183,183,553
553,91,2400000,18600,user_36,183,188,
369,93,2400000,0,user_42,182,188,
44,96,2000000,322000,user_33,180,188,
691,53,1999999,0,builder_17,183,183,44
36,97,2300000,0,user_27,180,188,
45,98,2300000,0,user_33,180,188,
355,89,2000001,0,user_25,182,186,44
154,96,2000001,0,user_7,181,187,44
172,94,2000001,0,user_21,181,187,44
145,97,2000001,0,user_5,181,187,44
149,98,2000001,0,user_5,181,187,44
151,95,2000001,0,user_6,181,187,44
173,99,2000001,0,user_22,181,187,44
539,91,2000001,0,user_17,183,187,44
10,94,2000000,0,user_8,180,186,
338,88,1999999,0,user_6,182,185,44
522,96,1999999,0,user_0,183,186,44
158,93,1999999,0,user_10,181,185,44
139,91,1999999,0,user_0,181,185,44
160,94,1999999,0,user_13,181,185,44
161,95,1999999,0,user_13,181,185,44
167,96,1999999,0,user_17,181,185,44
147,99,1999999,0,user_5,181,186,44
150,97,1999999,0,user_6,181,185,44
153,98,1999999,0,user_6,181,185,44
175,99,1999999,0,user_26,181,185,44
140,98,1999999,0,user_2,181,186,44
196,92,1800000,0,user_44,181,184,
371,96,1600000,0,user_43,182,184,
181,93,1600000,0,user_30,181,184,
194,94,1600000,0,user_42,181,184,
360,95,1600000,0,user_28,182,184,
200,97,1500000,0,user_48,181,184,
185,99,1500000,0,user_32,181,184,
39,98,1500000,0,user_30,180,184,
373,85,1400000,0,user_44,182,183,
35,86,1400000,0,user_27,180,183,
56,87,1400000,0,user_43,180,183,
198,88,1400000,0,user_46,181,183,
359,89,1400000,0,user_28,182,183,
66,90,1300000,0,user_49,180,183,
556,91,1300000,0,user_40,183,183,
197,92,1200000,0,user_45,181,183,
60,93,1200000,0,user_45,180,183,
37,94,1200000,0,user_28,180,183,
13,95,1100000,0,user_11,180,183,
560,96,1100000,0,user_46,183,183,
65,97,1000000,0,user_48,180,183,
692,98,660001,0,builder_17,183,183,5
5,99,660000,14200,user_4,180,183,
11,2,43000000,0,user_9,180,199,
735,7,30000000,0,user_35,184,199,
358,9,27000000,0,user_28,182,199,
46,22,6300000,7840,user_34,180,199,
866,4,6299999,0,builder_17,184,184,46
164,23,6300001,0,user_14,181,199,46
187,28,6300000,0,user_33,181,199,
152,30,6299999,0,user_6,181,199,46
165,31,6299999,0,user_14,181,199,46
166,29,6299999,0,user_16,181,199,46
43,34,6100000,0,user_33,180,199,
51,33,6100000,0,user_40,180,199,
177,36,5000000,381000,user_27,181,199,
867,13,4999999,0,builder_17,184,184,177
349,65,5000001,0,user_19,182,199,177
538,51,5000001,0,user_17,183,199,177
547,50,5000001,0,user_26,183,199,177
353,53,5000001,0,user_24,182,199,177
345,52,5000001,0,user_12,182,199,177
714,59,5000001,0,user_15,184,199,177
191,71,5000000,0,user_38,181,199,
749,72,5000000,0,user_47,184,199,
731,70,5000000,0,user_30,184,199,
528,77,4999999,0,user_8,183,199,177
529,78,4999999,0,user_8,183,199,177
545,76,4999999,0,user_21,183,199,177
348,79,4999999,0,user_16,182,199,177
354,80,4999999,0,user_24,182,199,177
724,85,4999999,0,user_25,184,199,177
868,29,4500001,0,builder_17,184,184,732
732,94,4500000,16400,user_31,184,199,
55,99,4200000,33100,user_43,180,199,
869,32,4199999,0,builder_17,184,184,55
156,95,4200001,0,user_9,181,196,55
343,98,4200001,0,user_10,182,197,55
169,96,4200001,0,user_17,181,196,55
162,99,4200001,0,user_13,181,197,55
163,94,4200001,0,user_13,181,196,55
341,97,4200001,0,user_8,182,197,55
552,97,4200000,0,user_34,183,196,
362,97,4200000,0,user_32,182,195,
176,99,4199999,0,user_26,181,192,55
344,99,4199999,0,user_11,182,195,55
159,99,4199999,0,user_13,181,193,55
171,98,4199999,0,user_20,181,193,55
340,99,4199999,0,user_8,182,194,55
38,96,3200000,21800,user_30,180,189,
870,47,3199999,0,builder_17,184,184,38
555,98,3200000,6390,user_37,183,189,
871,49,3199999,0,builder_17,184,184,555
144,77,3200001,0,user_4,181,188,38
742,78,3200000,0,user_40,184,188,
174,83,3199999,0,user_23,181,188,38
142,81,3199999,0,user_3,181,188,38
143,82,3199999,0,user_3,181,188,38
554,85,2600000,0,user_37,183,188,
199,84,2600000,0,user_47,181,188,
61,87,2600000,0,user_46,180,188,
15,86,2600000,0,user_11,180,188,
42,88,2500000,0,user_32,180,188,
553,91,2400000,18600,user_36,183,188,
872,61,2399999,0,builder_17,184,184,553
369,93,2400000,0,user_42,182,188,
44,96,2000000,322000,user_33,180,188,
873,64,1999999,0,builder_17,184,184,44
45,98,2300000,0,user_33,180,188,
36,97,2300000,0,user_27,180,188,
539,91,2000001,0,user_17,183,187,44
145,97,2000001,0,user_5,181,187,44
149,98,2000001,0,user_5,181,187,44
154,96,2000001,0,user_7,181,187,44
151,95,2000001,0,user_6,181,187,44
172,94,2000001,0,user_21,181,187,44
173,99,2000001,0,user_22,181,187,44
355,89,2000001,0,user_25,182,186,44
706,90,2000001,0,user_5,184,187,44
716,92,2000001,0,user_17,184,187,44
10,94,2000000,0,user_8,180,186,
750,93,2000000,0,user_48,184,186,
710,97,1999999,0,user_9,184,186,44
158,93,1999999,0,user_10,181,185,44
147,99,1999999,0,user_5,181,186,44
150,97,1999999,0,user_6,181,185,44
153,98,1999999,0,user_6,181,185,44
175,99,1999999,0,user_26,181,185,44
167,96,1999999,0,user_17,181,185,44
338,88,1999999,0,user_6,182,185,44
140,98,1999999,0,user_2,181,186,44
160,94,1999999,0,user_13,181,185,44
161,95,1999999,0,user_13,181,185,44
139,91,1999999,0,user_0,181,185,44
522,96,1999999,0,user_0,183,186,44
196,92,1800000,0,user_44,181,184,
181,93,1600000,0,user_30,181,184,
194,94,1600000,0,user_42,181,184,
360,95,1600000,0,user_28,182,184,
371,96,1600000,0,user_43,182,184,
200,97,1500000,0,user_48,181,184,
39,98,1500000,0,user_30,180,184,
185,99,1500000,0,user_32,181,184,
11,2,43000000,0,user_9,180,199,
735,7,30000000,0,user_35,184,199,
358,9,27000000,0,user_28,182,199,
1096,3,170001,0,builder_17,185,185,727
727,18,170000,17700000,user_27,184,199,
46,22,6300000,7840,user_34,180,199,
1097,6,6299999,0,builder_17,185,185,46
164,23,6300001,0,user_14,181,199,46
187,28,6300000,0,user_33,181,199,
165,31,6299999,0,user_14,181,199,46
166,29,6299999,0,user_16,181,199,46
152,30,6299999,0,user_6,181,199,46
51,33,6100000,0,user_40,180,199,
43,34,6100000,0,user_33,180,199,
1098,14,5000001,0,builder_17,185,185,177
177,36,5000000,381000,user_27,181,199,
714,59,5000001,0,user_15,184,199,177
883,60,5000001,0,user_0,185,199,177
345,52,5000001,0,user_12,182,199,177
349,65,5000001,0,user_19,182,199,177
547,50,5000001,0,user_26,183,199,177
719,58,5000001,0,user_19,184,199,177
353,53,5000001,0,user_24,182,199,177
538,51,5000001,0,user_17,183,199,177
749,72,5000000,0,user_47,184,199,
731,70,5000000,0,user_30,184,199,
191,71,5000000,0,user_38,181,199,
724,85,4999999,0,user_25,184,199,177
348,79,4999999,0,user_16,182,199,177
545,76,4999999,0,user_21,183,199,177
528,77,4999999,0,user_8,183,199,177
529,78,4999999,0,user_8,183,199,177
354,80,4999999,0,user_24,182,199,177
732,94,4500000,16400,user_31,184,199,
1099,34,4499999,0,builder_17,185,185,732
1100,35,4200001,0,builder_17,185,185,55
55,99,4200000,33100,user_43,180,199,
341,97,4200001,0,user_8,182,197,55
343,98,4200001,0,user_10,182,197,55
156,95,4200001,0,user_9,181,196,55
162,99,4200001,0,user_13,181,197,55
163,94,4200001,0,user_13,181,196,55
169,96,4200001,0,user_17,181,196,55
552,97,4200000,0,user_34,183,196,
362,97,4200000,0,user_32,182,195,
340,99,4199999,0,user_8,182,194,55
159,99,4199999,0,user_13,181,193,55
176,99,4199999,0,user_26,181,192,55
171,98,4199999,0,user_20,181,193,55
344,99,4199999,0,user_11,182,195,55
38,96,3200000,21800,user_30,180,189,
1101,51,3199999,0,builder_17,185,185,38
555,98,3200000,6390,user_37,183,189,
1102,53,3199999,0,builder_17,185,185,555
144,77,3200001,0,user_4,181,188,38
742,78,3200000,0,user_40,184,188,
910,80,3200000,0,user_32,185,188,
142,81,3199999,0,user_3,181,188,38
143,82,3199999,0,user_3,181,188,38
174,83,3199999,0,user_23,181,188,38
554,85,2600000,0,user_37,183,188,
15,86,2600000,0,user_11,180,188,
61,87,2600000,0,user_46,180,188,
199,84,2600000,0,user_47,181,188,
909,89,2500000,0,user_28,185,188,
42,88,2500000,0,user_32,180,188,
1103,66,2400001,0,builder_17,185,185,553
553,91,2400000,18600,user_36,183,188,
369,93,2400000,0,user_42,182,188,
1104,69,2000001,0,builder_17,185,185,44
44,96,2000000,322000,user_33,180,188,
36,97,2300000,0,user_27,180,188,
45,98,2300000,0,user_33,180,188,
716,92,2000001,0,user_17,184,187,44
706,90,2000001,0,user_5,184,187,44
355,89,2000001,0,user_25,182,186,44
896,88,2000001,0,user_11,185,187,44
539,91,2000001,0,user_17,183,187,44
145,97,2000001,0,user_5,181,187,44
149,98,2000001,0,user_5,181,187,44
154,96,2000001,0,user_7,181,187,44
151,95,2000001,0,user_6,181,187,44
173,99,2000001,0,user_22,181,187,44
172,94,2000001,0,user_21,181,187,44
750,93,2000000,0,user_48,184,186,
10,94,2000000,0,user_8,180,186,
912,95,2000000,0,user_35,185,186,
522,96,1999999,0,user_0,183,186,44
338,88,1999999,0,user_6,182,185,44
710,97,1999999,0,user_9,184,186,44
147,99,1999999,0,user_5,181,186,44
139,91,1999999,0,user_0,181,185,44
140,98,1999999,0,user_2,181,186,44
158,93,1999999,0,user_10,181,185,44
160,94,1999999,0,user_13,181,185,44
161,95,1999999,0,user_13,181,185,44
167,96,1999999,0,user_17,181,185,44
150,97,1999999,0,user_6,181,185,44
153,98,1999999,0,user_6,181,185,44
175,99,1999999,0,user_26,181,185,44
11,2,43000000,0,user_9,180,199,
735,7,30000000,0,user_35,184,199,
358,9,27000000,0,user_28,182,199,
727,18,170000,17700000,user_27,184,199,
1331,4,169999,0,builder_18,186,186,727
46,22,6300000,7840,user_34,180,199,
1332,6,6299999,0,builder_18,186,186,46
164,23,6300001,0,user_14,181,199,46
187,28,6300000,0,user_33,181,199,
152,30,6299999,0,user_6,181,199,46
165,31,6299999,0,user_14,181,199,46
166,29,6299999,0,user_16,181,199,46
43,34,6100000,0,user_33,180,199,
51,33,6100000,0,user_40,180,199,
1158,32,6100000,0,user_47,186,199,
177,36,5000000,381000,user_27,181,199,
1333,16,4999999,0,builder_18,186,186,177
908,41,5200000,0,user_27,185,199,
547,50,5000001,0,user_26,183,199,177
538,51,5000001,0,user_17,183,199,177
719,58,5000001,0,user_19,184,199,177
714,59,5000001,0,user_15,184,199,177
345,52,5000001,0,user_12,182,199,177
353,53,5000001,0,user_24,182,199,177
349,65,5000001,0,user_19,182,199,177
883,60,5000001,0,user_0,185,199,177
1124,48,5000001,0,user_10,186,199,177
749,72,5000000,0,user_47,184,199,
731,70,5000000,0,user_30,184,199,
191,71,5000000,0,user_38,181,199,
545,76,4999999,0,user_21,183,199,177
528,77,4999999,0,user_8,183,199,177
529,78,4999999,0,user_8,183,199,177
724,85,4999999,0,user_25,184,199,177
348,79,4999999,0,user_16,182,199,177
354,80,4999999,0,user_24,182,199,177
1334,36,4500001,0,builder_18,186,186,732
732,94,4500000,16400,user_31,184,199,
1335,38,4200001,0,builder_18,186,186,55
55,99,4200000,33100,user_43,180,199,
162,99,4200001,0,user_13,181,197,55
163,94,4200001,0,user_13,181,196,55
156,95,4200001,0,user_9,181,196,55
169,96,4200001,0,user_17,181,196,55
343,98,4200001,0,user_10,182,197,55
341,97,4200001,0,user_8,182,197,55
552,97,4200000,0,user_34,183,196,
362,97,4200000,0,user_32,182,195,
1151,98,4200000,0,user_34,186,196,
159,99,4199999,0,user_13,181,193,55
171,98,4199999,0,user_20,181,193,55
176,99,4199999,0,user_26,181,192,55
344,99,4199999,0,user_11,182,195,55
340,99,4199999,0,user_8,182,194,55
1144,98,3500000,5640,user_30,186,191,
1336,55,3499999,0,builder_18,186,186,1144
38,96,3200000,21800,user_30,180,189,
1337,57,3199999,0,builder_18,186,186,38
1338,58,3200001,0,builder_18,186,186,555
555,98,3200000,6390,user_37,183,189,
144,77,3200001,0,user_4,181,188,38
742,78,3200000,0,user_40,184,188,
910,80,3200000,0,user_32,185,188,
922,79,3200000,0,user_43,185,188,
142,81,3199999,0,user_3,181,188,38
143,82,3199999,0,user_3,181,188,38
174,83,3199999,0,user_23,181,188,38
554,85,2600000,0,user_37,183,188,
15,86,2600000,0,user_11,180,188,
61,87,2600000,0,user_46,180,188,
199,84,2600000,0,user_47,181,188,
909,89,2500000,0,user_28,185,188,
42,88,2500000,0,user_32,180,188,
1339,73,2400001,0,builder_18,186,186,553
553,91,2400000,18600,user_36,183,188,
369,93,2400000,0,user_42,182,188,
44,96,2000000,322000,user_33,180,188,
1340,77,1999999,0,builder_18,186,186,44
45,98,2300000,0,user_33,180,188,
36,97,2300000,0,user_27,180,188,
539,91,2000001,0,user_17,183,187,44
706,90,2000001,0,user_5,184,187,44
716,92,2000001,0,user_17,184,187,44
145,97,2000001,0,user_5,181,187,44
149,98,2000001,0,user_5,181,187,44
151,95,2000001,0,user_6,181,187,44
154,96,2000001,0,user_7,181,187,44
172,94,2000001,0,user_21,181,187,44
173,99,2000001,0,user_22,181,187,44
355,89,2000001,0,user_25,182,186,44
896,88,2000001,0,user_11,185,187,44
1114,89,2000001,0,user_1,186,187,44
1136,99,2000001,0,user_20,186,188,44
750,93,2000000,0,user_48,184,186,
10,94,2000000,0,user_8,180,186,
912,95,2000000,0,user_35,185,186,
522,96,1999999,0,user_0,183,186,44
710,97,1999999,0,user_9,184,186,44
140,98,1999999,0,user_2,181,186,44
147,99,1999999,0,user_5,181,186,44
11,2,43000000,0,user_9,180,199,
735,7,30000000,0,user_35,184,199,
1370,5,30000000,0,user_29,187,199,
358,9,27000000,0,user_28,182,199,
1578,4,170001,0,builder_18,187,187,727
727,18,170000,17700000,user_27,184,199,
1579,6,6300001,0,builder_18,187,187,46
46,22,6300000,7840,user_34,180,199,
164,23,6300001,0,user_14,181,199,46
187,28,6300000,0,user_33,181,199,
1147,25,6300000,0,user_31,186,199,
165,31,6299999,0,user_14,181,199,46
166,29,6299999,0,user_16,181,199,46
152,30,6299999,0,user_6,181,199,46
51,33,6100000,0,user_40,180,199,
43,34,6100000,0,user_33,180,199,
1158,32,6100000,0,user_47,186,199,
177,36,5000000,381000,user_27,181,199,
1580,18,4999999,0,builder_18,187,187,177
908,41,5200000,0,user_27,185,199,
1581,20,5000001,0,builder_18,187,187,1384
1384,45,5000000,13900,user_45,187,199,
1380,47,5000000,6390,user_41,187,199,
1582,23,4999999,0,builder_18,187,187,1380
883,60,5000001,0,user_0,185,199,177
1124,48,5000001,0,user_10,186,199,177
538,51,5000001,0,user_17,183,199,177
547,50,5000001,0,user_26,183,199,177
719,58,5000001,0,user_19,184,199,177
714,59,5000001,0,user_15,184,199,177
345,52,5000001,0,user_12,182,199,177
349,65,5000001,0,user_19,182,199,177
353,53,5000001,0,user_24,182,199,177
749,72,5000000,0,user_47,184,199,
731,70,5000000,0,user_30,184,199,
191,71,5000000,0,user_38,181,199,
1377,69,5000000,0,user_37,187,199,
545,76,4999999,0,user_21,183,199,177
528,77,4999999,0,user_8,183,199,177
529,78,4999999,0,user_8,183,199,177
724,85,4999999,0,user_25,184,199,177
348,79,4999999,0,user_16,182,199,177
354,80,4999999,0,user_24,182,199,177
732,94,4500000,16400,user_31,184,199,
1583,44,4499999,0,builder_18,187,187,732
1584,45,4200001,0,builder_18,187,187,55
55,99,4200000,33100,user_43,180,199,
162,99,4200001,0,user_13,181,197,55
163,94,4200001,0,user_13,181,196,55
169,96,4200001,0,user_17,181,196,55
156,95,4200001,0,user_9,181,196,55
343,98,4200001,0,user_10,182,197,55
341,97,4200001,0,user_8,182,197,55
362,97,4200000,0,user_32,182,195,
552,97,4200000,0,user_34,183,196,
1151,98,4200000,0,user_34,186,196,
159,99,4199999,0,user_13,181,193,55
171,98,4199999,0,user_20,181,193,55
176,99,4199999,0,user_26,181,192,55
344,99,4199999,0,user_11,182,195,55
340,99,4199999,0,user_8,182,194,55
1585,61,3500001,0,builder_18,187,187,1144
1144,98,3500000,5640,user_30,186,191,
1586,63,3200001,0,builder_18,187,187,38
38,96,3200000,21800,user_30,180,189,
555,98,3200000,6390,user_37,183,189,
1587,66,3199999,0,builder_18,187,187,555
144,77,3200001,0,user_4,181,188,38
910,80,3200000,0,user_32,185,188,
922,79,3200000,0,user_43,185,188,
742,78,3200000,0,user_40,184,188,
142,81,3199999,0,user_3,181,188,38
143,82,3199999,0,user_3,181,188,38
174,83,3199999,0,user_23,181,188,38
554,85,2600000,0,user_37,183,188,
199,84,2600000,0,user_47,181,188,
61,87,2600000,0,user_46,180,188,
15,86,2600000,0,user_11,180,188,
909,89,2500000,0,user_28,185,188,
42,88,2500000,0,user_32,180,188,
1588,80,2400001,0,builder_18,187,187,553
553,91,2400000,18600,user_36,183,188,
369,93,2400000,0,user_42,182,188,
1160,92,2400000,0,user_49,186,188,
44,96,2000000,322000,user_33,180,188,
1589,85,1999999,0,builder_18,187,187,44
45,98,2300000,0,user_33,180,188,
36,97,2300000,0,user_27,180,188,
896,88,2000001,0,user_11,185,187,44
1114,89,2000001,0,user_1,186,187,44
706,90,2000001,0,user_5,184,187,44
539,91,2000001,0,user_17,183,187,44
716,92,2000001,0,user_17,184,187,44
1136,99,2000001,0,user_20,186,188,44
172,94,2000001,0,user_21,181,187,44
151,95,2000001,0,user_6,181,187,44
154,96,2000001,0,user_7,181,187,44
145,97,2000001,0,user_5,181,187,44
149,98,2000001,0,user_5,181,187,44
173,99,2000001,0,user_22,181,187,44
11,2,43000000,0,user_9,180,199,
1627,3,43000000,0,user_29,188,199,
735,7,30000000,0,user_35,184,199,
1370,5,30000000,0,user_29,187,199,
358,9,27000000,0,user_28,182,199,
727,18,170000,17700000,user_27,184,199,
1876,6,169999,0,builder_18,188,188,727
1618,20,3500000,7190000,user_27,188,199,
1877,8,3499999,0,builder_18,188,188,1618
1878,9,6300001,0,builder_18,188,188,46
46,22,6300000,7840,user_34,180,199,
164,23,6300001,0,user_14,181,199,46
1147,25,6300000,0,user_31,186,199,
187,28,6300000,0,user_33,181,199,
1640,27,6300000,0,user_44,188,199,
165,31,6299999,0,user_14,181,199,46
166,29,6299999,0,user_16,181,199,46
152,30,6299999,0,user_6,181,199,46
1158,32,6100000,0,user_47,186,199,
43,34,6100000,0,user_33,180,199,
51,33,6100000,0,user_40,180,199,
1626,35,6100000,0,user_29,188,199,
177,36,5000000,381000,user_27,181,199,
1879,23,4999999,0,builder_18,188,188,177
908,41,5200000,0,user_27,185,199,
1384,45,5000000,13900,user_45,187,199,
1880,26,4999999,0,builder_18,188,188,1384
1881,27,5000001,0,builder_18,188,188,1380
1380,47,5000000,6390,user_41,187,199,
1124,48,5000001,0,user_10,186,199,177
345,52,5000001,0,user_12,182,199,177
349,65,5000001,0,user_19,182,199,177
353,53,5000001,0,user_24,182,199,177
547,50,5000001,0,user_26,183,199,177
538,51,5000001,0,user_17,183,199,177
714,59,5000001,0,user_15,184,199,177
883,60,5000001,0,user_0,185,199,177
719,58,5000001,0,user_19,184,199,177
1617,61,5000001,0,user_26,188,199,177
749,72,5000000,0,user_47,184,199,
1377,69,5000000,0,user_37,187,199,
191,71,5000000,0,user_38,181,199,
731,70,5000000,0,user_30,184,199,
348,79,4999999,0,user_16,182,199,177
354,80,4999999,0,user_24,182,199,177
528,77,4999999,0,user_8,183,199,177
529,78,4999999,0,user_8,183,199,177
545,76,4999999,0,user_21,183,199,177
724,85,4999999,0,user_25,184,199,177
1593,75,4999999,0,user_7,188,199,177
1882,50,4500001,0,builder_18,188,188,732
732,94,4500000,16400,user_31,184,199,
1883,52,4200001,0,builder_18,188,188,55
55,99,4200000,33100,user_43,180,199,
341,97,4200001,0,user_8,182,197,55
343,98,4200001,0,user_10,182,197,55
169,96,4200001,0,user_17,181,196,55
156,95,4200001,0,user_9,181,196,55
162,99,4200001,0,user_13,181,197,55
163,94,4200001,0,user_13,181,196,55
1151,98,4200000,0,user_34,186,196,
362,97,4200000,0,user_32,182,195,
552,97,4200000,0,user_34,183,196,
1634,98,4200000,0,user_39,188,195,
344,99,4199999,0,user_11,182,195,55
340,99,4199999,0,user_8,182,194,55
176,99,4199999,0,user_26,181,192,55
159,99,4199999,0,user_13,181,193,55
171,98,4199999,0,user_20,181,193,55
1884,69,3500001,0,builder_18,188,188,1371
1371,97,3500000,283000,user_31,187,191,
1885,71,3500001,0,builder_18,188,188,1144
1144,98,3500000,5640,user_30,186,191,
1886,73,3200001,0,builder_18,188,188,38
38,96,3200000,21800,user_30,180,189,
555,98,3200000,6390,user_37,183,189,
1887,76,3199999,0,builder_18,188,188,555
144,77,3200001,0,user_4,181,188,38
742,78,3200000,0,user_40,184,188,
922,79,3200000,0,user_43,185,188,
910,80,3200000,0,user_32,185,188,
142,81,3199999,0,user_3,181,188,38
143,82,3199999,0,user_3,181,188,38
174,83,3199999,0,user_23,181,188,38
199,84,2600000,0,user_47,181,188,
554,85,2600000,0,user_37,183,188,
15,86,2600000,0,user_11,180,188,
61,87,2600000,0,user_46,180,188,
42,88,2500000,0,user_32,180,188,
909,89,2500000,0,user_28,185,188,
1888,90,2400001,0,builder_18,188,188,553
553,91,2400000,18600,user_36,183,188,
1160,92,2400000,0,user_49,186,188,
369,93,2400000,0,user_42,182,188,
1629,94,2400000,0,user_32,188,188,
1889,95,2000001,0,builder_18,188,188,44
44,96,2000000,322000,user_33,180,188,
36,97,2300000,0,user_27,180,188,
45,98,2300000,0,user_33,180,188,
1136,99,2000001,0,user_20,186,188,44
11,2,43000000,0,user_9,180,199,
1627,3,43000000,0,user_29,188,199,
1370,5,30000000,0,user_29,187,199,
735,7,30000000,0,user_35,184,199,
1931,8,30000000,0,user_41,189,199,
358,9,27000000,0,user_28,182,199,
1926,10,27000000,0,user_34,189,199,
727,18,170000,17700000,user_27,184,199,
2156,8,169999,0,builder_18,189,189,727
2157,9,3500001,0,builder_18,189,189,1618
1618,20,3500000,7190000,user_27,188,199,
46,22,6300000,7840,user_34,180,199,
2158,12,6299999,0,builder_18,189,189,46
164,23,6300001,0,user_14,181,199,46
1147,25,6300000,0,user_31,186,199,
1640,27,6300000,0,user_44,188,199,
187,28,6300000,0,user_33,181,199,
165,31,6299999,0,user_14,181,199,46
166,29,6299999,0,user_16,181,199,46
152,30,6299999,0,user_6,181,199,46
1158,32,6100000,0,user_47,186,199,
51,33,6100000,0,user_40,180,199,
43,34,6100000,0,user_33,180,199,
1626,35,6100000,0,user_29,188,199,
177,36,5000000,381000,user_27,181,199,
2159,25,4999999,0,builder_18,189,189,177
908,41,5200000,0,user_27,185,199,
1384,45,5000000,13900,user_45,187,199,
2160,28,4999999,0,builder_18,189,189,1384
2161,29,5000001,0,builder_18,189,189,1380
1380,47,5000000,6390,user_41,187,199,
1124,48,5000001,0,user_10,186,199,177
538,51,5000001,0,user_17,183,199,177
547,50,5000001,0,user_26,183,199,177
719,58,5000001,0,user_19,184,199,177
345,52,5000001,0,user_12,182,199,177
353,53,5000001,0,user_24,182,199,177
349,65,5000001,0,user_19,182,199,177
714,59,5000001,0,user_15,184,199,177
883,60,5000001,0,user_0,185,199,177
1617,61,5000001,0,user_26,188,199,177
1911,62,5000001,0,user_20,189,199,177
1905,49,5000001,0,user_13,189,199,177
1910,63,5000001,0,user_18,189,199,177
1917,64,5000001,0,user_24,189,199,177
1377,69,5000000,0,user_37,187,199,
191,71,5000000,0,user_38,181,199,
749,72,5000000,0,user_47,184,199,
731,70,5000000,0,user_30,184,199,
1929,73,5000000,0,user_39,189,199,
528,77,4999999,0,user_8,183,199,177
529,78,4999999,0,user_8,183,199,177
545,76,4999999,0,user_21,183,199,177
348,79,4999999,0,user_16,182,199,177
354,80,4999999,0,user_24,182,199,177
724,85,4999999,0,user_25,184,199,177
1593,75,4999999,0,user_7,188,199,177
1894,86,4999999,0,user_4,189,199,177
1901,87,4999999,0,user_10,189,199,177
1909,88,4999999,0,user_18,189,199,177
1898,89,4999999,0,user_5,189,199,177
1914,90,4999999,0,user_23,189,199,177
1913,92,4999999,0,user_22,189,199,177
1916,91,4999999,0,user_24,189,199,177
732,94,4500000,16400,user_31,184,199,
2162,65,4499999,0,builder_18,189,189,732
55,99,4200000,33100,user_43,180,199,
2163,67,4199999,0,builder_18,189,189,55
343,98,4200001,0,user_10,182,197,55
156,95,4200001,0,user_9,181,196,55
162,99,4200001,0,user_13,181,197,55
163,94,4200001,0,user_13,181,196,55
169,96,4200001,0,user_17,181,196,55
341,97,4200001,0,user_8,182,197,55
1151,98,4200000,0,user_34,186,196,
1622,99,4200000,0,user_28,188,196,
552,97,4200000,0,user_34,183,196,
362,97,4200000,0,user_32,182,195,
1634,98,4200000,0,user_39,188,195,
171,98,4199999,0,user_20,181,193,55
159,99,4199999,0,user_13,181,193,55
344,99,4199999,0,user_11,182,195,55
340,99,4199999,0,user_8,182,194,55
176,99,4199999,0,user_26,181,192,55
1371,97,3500000,283000,user_31,187,191,
2164,85,3499999,0,builder_18,189,189,1371
1144,98,3500000,5640,user_30,186,191,
2165,87,3499999,0,builder_18,189,189,1144
1892,99,3500001,0,user_1,189,190,1618
1895,97,3500001,0,user_4,189,190,1618
1896,98,3500001,0,user_4,189,190,1618
1907,91,3500001,0,user_16,189,189,1618
1897,92,3499999,0,user_4,189,189,1618
1900,93,3499999,0,user_10,189,189,1618
1902,94,3499999,0,user_10,189,189,1618
1912,95,3499999,0,user_21,189,189,1618
38,96,3200000,21800,user_30,180,189,
2166,97,3199999,0,builder_18,189,189,38
555,98,3200000,6390,user_37,183,189,
2167,99,3199999,0,builder_18,189,189,555
1627,3,43000000,0,user_29,188,199,
11,2,43000000,0,user_9,180,199,
1370,5,30000000,0,user_29,187,199,
735,7,30000000,0,user_35,184,199,
1931,8,30000000,0,user_41,189,199,
358,9,27000000,0,user_28,182,199,
1926,10,27000000,0,user_34,189,199,
2217,12,19000000,0,user_40,190,199,
727,18,170000,17700000,user_27,184,199,
2406,9,169999,0,builder_18,190,190,727
2407,10,3500001,0,builder_18,190,190,1618
1618,20,3500000,7190000,user_27,188,199,
46,22,6300000,7840,user_34,180,199,
2408,13,6299999,0,builder_18,190,190,46
164,23,6300001,0,user_14,181,199,46
1147,25,6300000,0,user_31,186,199,
1640,27,6300000,0,user_44,188,199,
187,28,6300000,0,user_33,181,199,
152,30,6299999,0,user_6,181,199,46
165,31,6299999,0,user_14,181,199,46
166,29,6299999,0,user_16,181,199,46
1158,32,6100000,0,user_47,186,199,
1626,35,6100000,0,user_29,188,199,
43,34,6100000,0,user_33,180,199,
51,33,6100000,0,user_40,180,199,
177,36,5000000,381000,user_27,181,199,
2409,26,4999999,0,builder_18,190,190,177
908,41,5200000,0,user_27,185,199,
1384,45,5000000,13900,user_45,187,199,
2410,29,4999999,0,builder_18,190,190,1384
1380,47,5000000,6390,user_41,187,199,
2411,31,4999999,0,builder_18,190,190,1380
1124,48,5000001,0,user_10,186,199,177
1617,61,5000001,0,user_26,188,199,177
1905,49,5000001,0,user_13,189,199,177
1911,62,5000001,0,user_20,189,199,177
547,50,5000001,0,user_26,183,199,177
538,51,5000001,0,user_17,183,199,177
719,58,5000001,0,user_19,184,199,177
714,59,5000001,0,user_15,184,199,177
345,52,5000001,0,user_12,182,199,177
353,53,5000001,0,user_24,182,199,177
349,65,5000001,0,user_19,182,199,177
883,60,5000001,0,user_0,185,199,177
1910,63,5000001,0,user_18,189,199,177
1917,64,5000001,0,user_24,189,199,177
2184,54,5000001,0,user_11,190,199,177
2168,55,5000001,0,user_0,190,199,177
2181,56,5000001,0,user_9,190,199,177
2183,57,5000001,0,user_9,190,199,177
1377,69,5000000,0,user_37,187,199,
749,72,5000000,0,user_47,184,199,
731,70,5000000,0,user_30,184,199,
191,71,5000000,0,user_38,181,199,
1929,73,5000000,0,user_39,189,199,
1593,75,4999999,0,user_7,188,199,177
1894,86,4999999,0,user_4,189,199,177
1898,89,4999999,0,user_5,189,199,177
1901,87,4999999,0,user_10,189,199,177
545,76,4999999,0,user_21,183,199,177
528,77,4999999,0,user_8,183,199,177
529,78,4999999,0,user_8,183,199,177
724,85,4999999,0,user_25,184,199,177
348,79,4999999,0,user_16,182,199,177
354,80,4999999,0,user_24,182,199,177
1913,92,4999999,0,user_22,189,199,177
1909,88,4999999,0,user_18,189,199,177
1914,90,4999999,0,user_23,189,199,177
1916,91,4999999,0,user_24,189,199,177
2179,82,4999999,0,user_9,190,199,177
2180,83,4999999,0,user_9,190,199,177
2182,84,4999999,0,user_9,190,199,177
2178,81,4999999,0,user_8,190,199,177
2412,73,4500001,0,builder_18,190,190,732
732,94,4500000,16400,user_31,184,199,
55,99,4200000,33100,user_43,180,199,
2413,76,4199999,0,builder_18,190,190,55
162,99,4200001,0,user_13,181,197,55
163,94,4200001,0,user_13,181,196,55
156,95,4200001,0,user_9,181,196,55
169,96,4200001,0,user_17,181,196,55
343,98,4200001,0,user_10,182,197,55
341,97,4200001,0,user_8,182,197,55
1622,99,4200000,0,user_28,188,196,
1634,98,4200000,0,user_39,188,195,
552,97,4200000,0,user_34,183,196,
362,97,4200000,0,user_32,182,195,
1151,98,4200000,0,user_34,186,196,
159,99,4199999,0,user_13,181,193,55
171,98,4199999,0,user_20,181,193,55
176,99,4199999,0,user_26,181,192,55
344,99,4199999,0,user_11,182,195,55
340,99,4199999,0,user_8,182,194,55
1371,97,3500000,283000,user_31,187,191,
2414,94,3499999,0,builder_18,190,190,1371
1144,98,3500000,5640,user_30,186,191,
2415,96,3499999,0,builder_18,190,190,1144
1895,97,3500001,0,user_4,189,190,1618
1896,98,3500001,0,user_4,189,190,1618
1892,99,3500001,0,user_1,189,190,1618
1627,3,43000000,0,user_29,188,199,
11,2,43000000,0,user_9,180,199,
1931,8,30000000,0,user_41,189,199,
735,7,30000000,0,user_35,184,199,
1370,5,30000000,0,user_29,187,199,
2214,6,30000000,0,user_38,190,199,
1926,10,27000000,0,user_34,189,199,
358,9,27000000,0,user_28,182,199,
2217,12,19000000,0,user_40,190,199,
2449,13,19000000,0,user_32,191,199,
727,18,170000,17700000,user_27,184,199,
2640,11,169999,0,builder_18,191,191,727
2641,12,3500001,0,builder_18,191,191,1618
1618,20,3500000,7190000,user_27,188,199,
46,22,6300000,7840,user_34,180,199,
2642,15,6299999,0,builder_18,191,191,46
164,23,6300001,0,user_14,181,199,46
1640,27,6300000,0,user_44,188,199,
187,28,6300000,0,user_33,181,199,
1147,25,6300000,0,user_31,186,199,
165,31,6299999,0,user_14,181,199,46
166,29,6299999,0,user_16,181,199,46
152,30,6299999,0,user_6,181,199,46
1626,35,6100000,0,user_29,188,199,
51,33,6100000,0,user_40,180,199,
43,34,6100000,0,user_33,180,199,
1158,32,6100000,0,user_47,186,199,
2643,27,5000001,0,builder_18,191,191,177
177,36,5000000,381000,user_27,181,199,
908,41,5200000,0,user_27,185,199,
2226,40,5200000,0,user_49,190,199,
1384,45,5000000,13900,user_45,187,199,
2644,32,4999999,0,builder_18,191,191,1384
1380,47,5000000,6390,user_41,187,199,
2645,34,4999999,0,builder_18,191,191,1380
1617,61,5000001,0,user_26,188,199,177
1905,49,5000001,0,user_13,189,199,177
1911,62,5000001,0,user_20,189,199,177
1910,63,5000001,0,user_18,189,199,177
1917,64,5000001,0,user_24,189,199,177
2184,54,5000001,0,user_11,190,199,177
2168,55,5000001,0,user_0,190,199,177
883,60,5000001,0,user_0,185,199,177
1124,48,5000001,0,user_10,186,199,177
538,51,5000001,0,user_17,183,199,177
547,50,5000001,0,user_26,183,199,177
719,58,5000001,0,user_19,184,199,177
714,59,5000001,0,user_15,184,199,177
345,52,5000001,0,user_12,182,199,177
349,65,5000001,0,user_19,182,199,177
353,53,5000001,0,user_24,182,199,177
2181,56,5000001,0,user_9,190,199,177
2183,57,5000001,0,user_9,190,199,177
1929,73,5000000,0,user_39,189,199,
1377,69,5000000,0,user_37,187,199,
749,72,5000000,0,user_47,184,199,
731,70,5000000,0,user_30,184,199,
191,71,5000000,0,user_38,181,199,
1593,75,4999999,0,user_7,188,199,177
1894,86,4999999,0,user_4,189,199,177
1898,89,4999999,0,user_5,189,199,177
1913,92,4999999,0,user_22,189,199,177
1901,87,4999999,0,user_10,189,199,177
1909,88,4999999,0,user_18,189,199,177
1914,90,4999999,0,user_23,189,199,177
1916,91,4999999,0,user_24,189,199,177
545,76,4999999,0,user_21,183,199,177
528,77,4999999,0,user_8,183,199,177
529,78,4999999,0,user_8,183,199,177
724,85,4999999,0,user_25,184,199,177
348,79,4999999,0,user_16,182,199,177
354,80,4999999,0,user_24,182,199,177
2178,81,4999999,0,user_8,190,199,177
2179,82,4999999,0,user_9,190,199,177
2180,83,4999999,0,user_9,190,199,177
2182,84,4999999,0,user_9,190,199,177
732,94,4500000,16400,user_31,184,199,
2646,77,4499999,0,builder_18,191,191,732
2647,78,4200001,0,builder_18,191,191,55
55,99,4200000,33100,user_43,180,199,
162,99,4200001,0,user_13,181,197,55
163,94,4200001,0,user_13,181,196,55
169,96,4200001,0,user_17,181,196,55
156,95,4200001,0,user_9,181,196,55
343,98,4200001,0,user_10,182,197,55
341,97,4200001,0,user_8,182,197,55
1622,99,4200000,0,user_28,188,196,
1634,98,4200000,0,user_39,188,195,
362,97,4200000,0,user_32,182,195,
552,97,4200000,0,user_34,183,196,
1151,98,4200000,0,user_34,186,196,
159,99,4199999,0,user_13,181,193,55
171,98,4199999,0,user_20,181,193,55
176,99,4199999,0,user_26,181,192,55
344,99,4199999,0,user_11,182,195,55
340,99,4199999,0,user_8,182,194,55
2648,96,3500001,0,builder_18,191,191,1371
1371,97,3500000,283000,user_31,187,191,
1144,98,3500000,5640,user_30,186,191,
2649,99,3499999,0,builder_18,191,191,1144
2678,4,43000000,0,user_34,192,199,
1627,3,43000000,0,user_29,188,199,
11,2,43000000,0,user_9,180,199,
2214,6,30000000,0,user_38,190,199,
1931,8,30000000,0,user_41,189,199,
1370,5,30000000,0,user_29,187,199,
735,7,30000000,0,user_35,184,199,
1926,10,27000000,0,user_34,189,199,
2677,11,27000000,0,user_32,192,199,
358,9,27000000,0,user_28,182,199,
2449,13,19000000,0,user_32,191,199,
2217,12,19000000,0,user_40,190,199,
727,18,170000,17700000,user_27,184,199,
2857,13,169999,0,builder_17,192,192,727
2858,14,3500001,0,builder_17,192,192,1618
1618,20,3500000,7190000,user_27,188,199,
46,22,6300000,7840,user_34,180,199,
2859,17,6299999,0,builder_17,192,192,46
164,23,6300001,0,user_14,181,199,46
1640,27,6300000,0,user_44,188,199,
1147,25,6300000,0,user_31,186,199,
187,28,6300000,0,user_33,181,199,
166,29,6299999,0,user_16,181,199,46
152,30,6299999,0,user_6,181,199,46
165,31,6299999,0,user_14,181,199,46
1626,35,6100000,0,user_29,188,199,
51,33,6100000,0,user_40,180,199,
1158,32,6100000,0,user_47,186,199,
43,34,6100000,0,user_33,180,199,
177,36,5000000,381000,user_27,181,199,
2860,30,4999999,0,builder_17,192,192,177
2226,40,5200000,0,user_49,190,199,
908,41,5200000,0,user_27,185,199,
2861,33,5000001,0,builder_17,192,192,1384
1384,45,5000000,13900,user_45,187,199,
2862,35,5000001,0,builder_17,192,192,1380
1380,47,5000000,6390,user_41,187,199,
2181,56,5000001,0,user_9,190,199,177
2183,57,5000001,0,user_9,190,199,177
2168,55,5000001,0,user_0,190,199,177
1910,63,5000001,0,user_18,189,199,177
1911,62,5000001,0,user_20,189,199,177
2184,54,5000001,0,user_11,190,199,177
1617,61,5000001,0,user_26,188,199,177
1905,49,5000001,0,user_13,189,199,177
1917,64,5000001,0,user_24,189,199,177
1124,48,5000001,0,user_10,186,199,177
538,51,5000001,0,user_17,183,199,177
547,50,5000001,0,user_26,183,199,177
345,52,5000001,0,user_12,182,199,177
353,53,5000001,0,user_24,182,199,177
719,58,5000001,0,user_19,184,199,177
714,59,5000001,0,user_15,184,199,177
883,60,5000001,0,user_0,185,199,177
349,65,5000001,0,user_19,182,199,177
1929,73,5000000,0,user_39,189,199,
731,70,5000000,0,user_30,184,199,
1377,69,5000000,0,user_37,187,199,
749,72,5000000,0,user_47,184,199,
191,71,5000000,0,user_38,181,199,
2179,82,4999999,0,user_9,190,199,177
2180,83,4999999,0,user_9,190,199,177
2182,84,4999999,0,user_9,190,199,177
2178,81,4999999,0,user_8,190,199,177
1909,88,4999999,0,user_18,189,199,177
1894,86,4999999,0,user_4,189,199,177
1898,89,4999999,0,user_5,189,199,177
1913,92,4999999,0,user_22,189,199,177
1901,87,4999999,0,user_10,189,199,177
1914,90,4999999,0,user_23,189,199,177
1916,91,4999999,0,user_24,189,199,177
545,76,4999999,0,user_21,183,199,177
528,77,4999999,0,user_8,183,199,177
529,78,4999999,0,user_8,183,199,177
348,79,4999999,0,user_16,182,199,177
354,80,4999999,0,user_24,182,199,177
1593,75,4999999,0,user_7,188,199,177
724,85,4999999,0,user_25,184,199,177
2863,78,4500001,0,builder_17,192,192,732
732,94,4500000,16400,user_31,184,199,
2864,80,4200001,0,builder_17,192,192,2681
2681,97,4200000,231000,user_36,192,199,
55,99,4200000,33100,user_43,180,199,
2865,83,4199999,0,builder_17,192,192,55
343,98,4200001,0,user_10,182,197,55
341,97,4200001,0,user_8,182,197,55
162,99,4200001,0,user_13,181,197,55
163,94,4200001,0,user_13,181,196,55
156,95,4200001,0,user_9,181,196,55
169,96,4200001,0,user_17,181,196,55
1634,98,4200000,0,user_39,188,195,
1622,99,4200000,0,user_28,188,196,
552,97,4200000,0,user_34,183,196,
1151,98,4200000,0,user_34,186,196,
362,97,4200000,0,user_32,182,195,
344,99,4199999,0,user_11,182,195,55
340,99,4199999,0,user_8,182,194,55
159,99,4199999,0,user_13,181,193,55
171,98,4199999,0,user_20,181,193,55
176,99,4199999,0,user_26,181,192,55
3089,0,43000001,0,builder_18,193,193,2919
2919,1,43000000,56200,user_39,193,199,
11,2,43000000,0,user_9,180,199,
1627,3,43000000,0,user_29,188,199,
2678,4,43000000,0,user_34,192,199,
2214,6,30000000,0,user_38,190,199,
1370,5,30000000,0,user_29,187,199,
735,7,30000000,0,user_35,184,199,
1931,8,30000000,0,user_41,189,199,
358,9,27000000,0,user_28,182,199,
1926,10,27000000,0,user_34,189,199,
2677,11,27000000,0,user_32,192,199,
2449,13,19000000,0,user_32,191,199,
2217,12,19000000,0,user_40,190,199,
727,18,170000,17700000,user_27,184,199,
3090,15,169999,0,builder_18,193,193,727
1618,20,3500000,7190000,user_27,188,199,
3091,17,3499999,0,builder_18,193,193,1618
3092,18,6300001,0,builder_18,193,193,46
46,22,6300000,7840,user_34,180,199,
164,23,6300001,0,user_14,181,199,46
1147,25,6300000,0,user_31,186,199,
1640,27,6300000,0,user_44,188,199,
187,28,6300000,0,user_33,181,199,
165,31,6299999,0,user_14,181,199,46
166,29,6299999,0,user_16,181,199,46
152,30,6299999,0,user_6,181,199,46
1158,32,6100000,0,user_47,186,199,
51,33,6100000,0,user_40,180,199,
43,34,6100000,0,user_33,180,199,
1626,35,6100000,0,user_29,188,199,
3093,31,5000001,0,builder_18,193,193,177
177,36,5000000,381000,user_27,181,199,
2226,40,5200000,0,user_49,190,199,
908,41,5200000,0,user_27,185,199,
1384,45,5000000,13900,user_45,187,199,
3094,36,4999999,0,builder_18,193,193,1384
1380,47,5000000,6390,user_41,187,199,
3095,38,4999999,0,builder_18,193,193,1380
2184,54,5000001,0,user_11,190,199,177
1905,49,5000001,0,user_13,189,199,177
2168,55,5000001,0,user_0,190,199,177
2181,56,5000001,0,user_9,190,199,177
2183,57,5000001,0,user_9,190,199,177
1124,48,5000001,0,user_10,186,199,177
538,51,5000001,0,user_17,183,199,177
547,50,5000001,0,user_26,183,199,177
719,58,5000001,0,user_19,184,199,177
345,52,5000001,0,user_12,182,199,177
353,53,5000001,0,user_24,182,199,177
349,65,5000001,0,user_19,182,199,177
714,59,5000001,0,user_15,184,199,177
883,60,5000001,0,user_0,185,199,177
1617,61,5000001,0,user_26,188,199,177
1911,62,5000001,0,user_20,189,199,177
1910,63,5000001,0,user_18,189,199,177
1917,64,5000001,0,user_24,189,199,177
1377,69,5000000,0,user_37,187,199,
191,71,5000000,0,user_38,181,199,
749,72,5000000,0,user_47,184,199,
731,70,5000000,0,user_30,184,199,
1929,73,5000000,0,user_39,189,199,
2913,74,5000000,0,user_34,193,199,
2179,82,4999999,0,user_9,190,199,177
2180,83,4999999,0,user_9,190,199,177
2182,84,4999999,0,user_9,190,199,177
2178,81,4999999,0,user_8,190,199,177
528,77,4999999,0,user_8,183,199,177
529,78,4999999,0,user_8,183,199,177
545,76,4999999,0,user_21,183,199,177
348,79,4999999,0,user_16,182,199,177
354,80,4999999,0,user_24,182,199,177
724,85,4999999,0,user_25,184,199,177
1593,75,4999999,0,user_7,188,199,177
1894,86,4999999,0,user_4,189,199,177
1901,87,4999999,0,user_10,189,199,177
1909,88,4999999,0,user_18,189,199,177
1898,89,4999999,0,user_5,189,199,177
1914,90,4999999,0,user_23,189,199,177
1916,91,4999999,0,user_24,189,199,177
1913,92,4999999,0,user_22,189,199,177
3096,81,4500001,0,builder_18,193,193,732
732,94,4500000,16400,user_31,184,199,
2681,97,4200000,231000,user_36,192,199,
3097,84,4199999,0,builder_18,193,193,2681
55,99,4200000,33100,user_43,180,199,
3098,86,4199999,0,builder_18,193,193,55
343,98,4200001,0,user_10,182,197,55
156,95,4200001,0,user_9,181,196,55
162,99,4200001,0,user_13,181,197,55
163,94,4200001,0,user_13,181,196,55
169,96,4200001,0,user_17,181,196,55
341,97,4200001,0,user_8,182,197,55
1151,98,4200000,0,user_34,186,196,
1622,99,4200000,0,user_28,188,196,
552,97,4200000,0,user_34,183,196,
362,97,4200000,0,user_32,182,195,
1634,98,4200000,0,user_39,188,195,
171,98,4199999,0,user_20,181,193,55
159,99,4199999,0,user_13,181,193,55
3311,0,43000001,0,builder_17,194,194,2919
2919,1,43000000,56200,user_39,193,199,
2678,4,43000000,0,user_34,192,199,
11,2,43000000,0,user_9,180,199,
1627,3,43000000,0,user_29,188,199,
2214,6,30000000,0,user_38,190,199,
1370,5,30000000,0,user_29,187,199,
735,7,30000000,0,user_35,184,199,
1931,8,30000000,0,user_41,189,199,
2677,11,27000000,0,user_32,192,199,
358,9,27000000,0,user_28,182,199,
1926,10,27000000,0,user_34,189,199,
2449,13,19000000,0,user_32,191,199,
2217,12,19000000,0,user_40,190,199,
3312,14,170001,0,builder_17,194,194,727
727,18,170000,17700000,user_27,184,199,
3313,16,3500001,0,builder_17,194,194,1618
1618,20,3500000,7190000,user_27,188,199,
3314,18,6300001,0,builder_17,194,194,46
46,22,6300000,7840,user_34,180,199,
164,23,6300001,0,user_14,181,199,46
1147,25,6300000,0,user_31,186,199,
187,28,6300000,0,user_33,181,199,
1640,27,6300000,0,user_44,188,199,
166,29,6299999,0,user_16,181,199,46
152,30,6299999,0,user_6,181,199,46
165,31,6299999,0,user_14,181,199,46
1158,32,6100000,0,user_47,186,199,
51,33,6100000,0,user_40,180,199,
43,34,6100000,0,user_33,180,199,
1626,35,6100000,0,user_29,188,199,
177,36,5000000,381000,user_27,181,199,
3315,32,4999999,0,builder_17,194,194,177
2226,40,5200000,0,user_49,190,199,
908,41,5200000,0,user_27,185,199,
3316,35,5000001,0,builder_17,194,194,1384
1384,45,5000000,13900,user_45,187,199,
3317,37,5000001,0,builder_17,194,194,1380
1380,47,5000000,6390,user_41,187,199,
2168,55,5000001,0,user_0,190,199,177
2181,56,5000001,0,user_9,190,199,177
2183,57,5000001,0,user_9,190,199,177
1124,48,5000001,0,user_10,186,199,177
538,51,5000001,0,user_17,183,199,177
547,50,5000001,0,user_26,183,199,177
345,52,5000001,0,user_12,182,199,177
353,53,5000001,0,user_24,182,199,177
1905,49,5000001,0,user_13,189,199,177
2184,54,5000001,0,user_11,190,199,177
714,59,5000001,0,user_15,184,199,177
883,60,5000001,0,user_0,185,199,177
719,58,5000001,0,user_19,184,199,177
1617,61,5000001,0,user_26,188,199,177
1910,63,5000001,0,user_18,189,199,177
1917,64,5000001,0,user_24,189,199,177
1911,62,5000001,0,user_20,189,199,177
349,65,5000001,0,user_19,182,199,177
2913,74,5000000,0,user_34,193,199,
1377,69,5000000,0,user_37,187,199,
731,70,5000000,0,user_30,184,199,
749,72,5000000,0,user_47,184,199,
191,71,5000000,0,user_38,181,199,
1929,73,5000000,0,user_39,189,199,
1914,90,4999999,0,user_23,189,199,177
2179,82,4999999,0,user_9,190,199,177
2180,83,4999999,0,user_9,190,199,177
2182,84,4999999,0,user_9,190,199,177
528,77,4999999,0,user_8,183,199,177
529,78,4999999,0,user_8,183,199,177
545,76,4999999,0,user_21,183,199,177
348,79,4999999,0,user_16,182,199,177
354,80,4999999,0,user_24,182,199,177
1593,75,4999999,0,user_7,188,199,177
2178,81,4999999,0,user_8,190,199,177
724,85,4999999,0,user_25,184,199,177
1894,86,4999999,0,user_4,189,199,177
1898,89,4999999,0,user_5,189,199,177
1913,92,4999999,0,user_22,189,199,177
1901,87,4999999,0,user_10,189,199,177
1909,88,4999999,0,user_18,189,199,177
1916,91,4999999,0,user_24,189,199,177
3318,81,4500001,0,builder_17,194,194,732
732,94,4500000,16400,user_31,184,199,
2681,97,4200000,231000,user_36,192,199,
3319,84,4199999,0,builder_17,194,194,2681
55,99,4200000,33100,user_43,180,199,
3320,86,4199999,0,builder_17,194,194,55
343,98,4200001,0,user_10,182,197,55
341,97,4200001,0,user_8,182,197,55
169,96,4200001,0,user_17,181,196,55
156,95,4200001,0,user_9,181,196,55
162,99,4200001,0,user_13,181,197,55
163,94,4200001,0,user_13,181,196,55
1151,98,4200000,0,user_34,186,196,
552,97,4200000,0,user_34,183,196,
362,97,4200000,0,user_32,182,195,
1634,98,4200000,0,user_39,188,195,
1622,99,4200000,0,user_28,188,196,
344,99,4199999,0,user_11,182,195,55
340,99,4199999,0,user_8,182,194,55
2919,1,43000000,56200,user_39,193,199,
3552,1,42999999,0,builder_17,195,195,2919
2678,4,43000000,0,user_34,192,199,
11,2,43000000,0,user_9,180,199,
1627,3,43000000,0,user_29,188,199,
1370,5,30000000,0,user_29,187,199,
735,7,30000000,0,user_35,184,199,
1931,8,30000000,0,user_41,189,199,
2214,6,30000000,0,user_38,190,199,
358,9,27000000,0,user_28,182,199,
1926,10,27000000,0,user_34,189,199,
2677,11,27000000,0,user_32,192,199,
2217,12,19000000,0,user_40,190,199,
2449,13,19000000,0,user_32,191,199,
727,18,170000,17700000,user_27,184,199,
3553,15,169999,0,builder_17,195,195,727
3554,16,3500001,0,builder_17,195,195,1618
1618,20,3500000,7190000,user_27,188,199,
46,22,6300000,7840,user_34,180,199,
3555,19,6299999,0,builder_17,195,195,46
164,23,6300001,0,user_14,181,199,46
1147,25,6300000,0,user_31,186,199,
1640,27,6300000,0,user_44,188,199,
187,28,6300000,0,user_33,181,199,
166,29,6299999,0,user_16,181,199,46
152,30,6299999,0,user_6,181,199,46
165,31,6299999,0,user_14,181,199,46
1158,32,6100000,0,user_47,186,199,
51,33,6100000,0,user_40,180,199,
43,34,6100000,0,user_33,180,199,
1626,35,6100000,0,user_29,188,199,
3556,31,5000001,0,builder_17,195,195,177
177,36,5000000,381000,user_27,181,199,
908,41,5200000,0,user_27,185,199,
2226,40,5200000,0,user_49,190,199,
3557,35,5000001,0,builder_17,195,195,1384
1384,45,5000000,13900,user_45,187,199,
3558,37,5000001,0,builder_17,195,195,1380
1380,47,5000000,6390,user_41,187,199,
1124,48,5000001,0,user_10,186,199,177
1905,49,5000001,0,user_13,189,199,177
547,50,5000001,0,user_26,183,199,177
538,51,5000001,0,user_17,183,199,177
345,52,5000001,0,user_12,182,199,177
353,53,5000001,0,user_24,182,199,177
2184,54,5000001,0,user_11,190,199,177
719,58,5000001,0,user_19,184,199,177
714,59,5000001,0,user_15,184,199,177
883,60,5000001,0,user_0,185,199,177
1617,61,5000001,0,user_26,188,199,177
1911,62,5000001,0,user_20,189,199,177
1910,63,5000001,0,user_18,189,199,177
2168,55,5000001,0,user_0,190,199,177
2181,56,5000001,0,user_9,190,199,177
2183,57,5000001,0,user_9,190,199,177
1917,64,5000001,0,user_24,189,199,177
349,65,5000001,0,user_19,182,199,177
2913,74,5000000,0,user_34,193,199,
1377,69,5000000,0,user_37,187,199,
731,70,5000000,0,user_30,184,199,
191,71,5000000,0,user_38,181,199,
749,72,5000000,0,user_47,184,199,
1929,73,5000000,0,user_39,189,199,
1593,75,4999999,0,user_7,188,199,177
545,76,4999999,0,user_21,183,199,177
528,77,4999999,0,user_8,183,199,177
529,78,4999999,0,user_8,183,199,177
348,79,4999999,0,user_16,182,199,177
354,80,4999999,0,user_24,182,199,177
2178,81,4999999,0,user_8,190,199,177
724,85,4999999,0,user_25,184,199,177
1894,86,4999999,0,user_4,189,199,177
1901,87,4999999,0,user_10,189,199,177
1909,88,4999999,0,user_18,189,199,177
1898,89,4999999,0,user_5,189,199,177
1914,90,4999999,0,user_23,189,199,177
2179,82,4999999,0,user_9,190,199,177
2180,83,4999999,0,user_9,190,199,177
2182,84,4999999,0,user_9,190,199,177
1916,91,4999999,0,user_24,189,199,177
1913,92,4999999,0,user_22,189,199,177
732,94,4500000,16400,user_31,184,199,
3559,82,4499999,0,builder_17,195,195,732
3378,95,4500000,0,user_42,195,199,
2681,97,4200000,231000,user_36,192,199,
3560,85,4199999,0,builder_17,195,195,2681
3561,86,4200001,0,builder_17,195,195,55
55,99,4200000,33100,user_43,180,199,
343,98,4200001,0,user_10,182,197,55
341,97,4200001,0,user_8,182,197,55
156,95,4200001,0,user_9,181,196,55
162,99,4200001,0,user_13,181,197,55
163,94,4200001,0,user_13,181,196,55
169,96,4200001,0,user_17,181,196,55
552,97,4200000,0,user_34,183,196,
1151,98,4200000,0,user_34,186,196,
1622,99,4200000,0,user_28,188,196,
362,97,4200000,0,user_32,182,195,
1634,98,4200000,0,user_39,188,195,
344,99,4199999,0,user_11,182,195,55
3811,0,43000001,0,builder_17,196,196,2919
2919,1,43000000,56200,user_39,193,199,
2678,4,43000000,0,user_34,192,199,
1627,3,43000000,0,user_29,188,199,
11,2,43000000,0,user_9,180,199,
1370,5,30000000,0,user_29,187,199,
735,7,30000000,0,user_35,184,199,
1931,8,30000000,0,user_41,189,199,
2214,6,30000000,0,user_38,190,199,
2677,11,27000000,0,user_32,192,199,
358,9,27000000,0,user_28,182,199,
1926,10,27000000,0,user_34,189,199,
2217,12,19000000,0,user_40,190,199,
2449,13,19000000,0,user_32,191,199,
3812,14,170001,0,builder_17,196,196,727
727,18,170000,17700000,user_27,184,199,
3813,16,3500001,0,builder_17,196,196,1618
1618,20,3500000,7190000,user_27,188,199,
3814,18,6300001,0,builder_17,196,196,46
46,22,6300000,7840,user_34,180,199,
164,23,6300001,0,user_14,181,199,46
1147,25,6300000,0,user_31,186,199,
1640,27,6300000,0,user_44,188,199,
187,28,6300000,0,user_33,181,199,
166,29,6299999,0,user_16,181,199,46
152,30,6299999,0,user_6,181,199,46
165,31,6299999,0,user_14,181,199,46
51,33,6100000,0,user_40,180,199,
1158,32,6100000,0,user_47,186,199,
1626,35,6100000,0,user_29,188,199,
43,34,6100000,0,user_33,180,199,
3815,31,5000001,0,builder_17,196,196,177
177,36,5000000,381000,user_27,181,199,
3380,38,5000000,215000,user_43,195,199,
3816,34,4999999,0,builder_17,196,196,3380
908,41,5200000,0,user_27,185,199,
2226,40,5200000,0,user_49,190,199,
1384,45,5000000,13900,user_45,187,199,
3817,38,4999999,0,builder_17,196,196,1384
1380,47,5000000,6390,user_41,187,199,
3818,40,4999999,0,builder_17,196,196,1380
1905,49,5000001,0,user_13,189,199,177
2184,54,5000001,0,user_11,190,199,177
1124,48,5000001,0,user_10,186,199,177
538,51,5000001,0,user_17,183,199,177
547,50,5000001,0,user_26,183,199,177
345,52,5000001,0,user_12,182,199,177
353,53,5000001,0,user_24,182,199,177
1617,61,5000001,0,user_26,188,199,177
1911,62,5000001,0,user_20,189,199,177
719,58,5000001,0,user_19,184,199,177
714,59,5000001,0,user_15,184,199,177
883,60,5000001,0,user_0,185,199,177
1910,63,5000001,0,user_18,189,199,177
1917,64,5000001,0,user_24,189,199,177
2168,55,5000001,0,user_0,190,199,177
2181,56,5000001,0,user_9,190,199,177
2183,57,5000001,0,user_9,190,199,177
349,65,5000001,0,user_19,182,199,177
2913,74,5000000,0,user_34,193,199,
1377,69,5000000,0,user_37,187,199,
731,70,5000000,0,user_30,184,199,
749,72,5000000,0,user_47,184,199,
191,71,5000000,0,user_38,181,199,
1929,73,5000000,0,user_39,189,199,
3625,68,5000000,0,user_42,196,199,
1593,75,4999999,0,user_7,188,199,177
545,76,4999999,0,user_21,183,199,177
528,77,4999999,0,user_8,183,199,177
529,78,4999999,0,user_8,183,199,177
348,79,4999999,0,user_16,182,199,177
354,80,4999999,0,user_24,182,199,177
2178,81,4999999,0,user_8,190,199,177
1894,86,4999999,0,user_4,189,199,177
1898,89,4999999,0,user_5,189,199,177
1901,87,4999999,0,user_10,189,199,177
724,85,4999999,0,user_25,184,199,177
1913,92,4999999,0,user_22,189,199,177
1909,88,4999999,0,user_18,189,199,177
1914,90,4999999,0,user_23,189,199,177
1916,91,4999999,0,user_24,189,199,177
2179,82,4999999,0,user_9,190,199,177
2180,83,4999999,0,user_9,190,199,177
2182,84,4999999,0,user_9,190,199,177
732,94,4500000,16400,user_31,184,199,
3819,85,4499999,0,builder_17,196,196,732
3378,95,4500000,0,user_42,195,199,
2681,97,4200000,231000,user_36,192,199,
3820,88,4199999,0,builder_17,196,196,2681
3821,89,4200001,0,builder_17,196,196,55
55,99,4200000,33100,user_43,180,199,
343,98,4200001,0,user_10,182,197,55
341,97,4200001,0,user_8,182,197,55
162,99,4200001,0,user_13,181,197,55
163,94,4200001,0,user_13,181,196,55
156,95,4200001,0,user_9,181,196,55
169,96,4200001,0,user_17,181,196,55
552,97,4200000,0,user_34,183,196,
1151,98,4200000,0,user_34,186,196,
1622,99,4200000,0,user_28,188,196,
4091,0,43000001,0,builder_17,197,197,2919
2919,1,43000000,56200,user_39,193,199,
1627,3,43000000,0,user_29,188,199,
11,2,43000000,0,user_9,180,199,
2678,4,43000000,0,user_34,192,199,
1370,5,30000000,0,user_29,187,199,
1931,8,30000000,0,user_41,189,199,
735,7,30000000,0,user_35,184,199,
2214,6,30000000,0,user_38,190,199,
1926,10,27000000,0,user_34,189,199,
358,9,27000000,0,user_28,182,199,
2677,11,27000000,0,user_32,192,199,
2217,12,19000000,0,user_40,190,199,
2449,13,19000000,0,user_32,191,199,
4092,14,660001,0,builder_17,197,197,3875
3875,15,660000,17700000,user_31,197,199,
727,18,170000,17700000,user_27,184,199,
4093,17,169999,0,builder_17,197,197,727
4094,18,3500001,0,builder_17,197,197,1618
1618,20,3500000,7190000,user_27,188,199,
4095,20,6300001,0,builder_17,197,197,46
46,22,6300000,7840,user_34,180,199,
164,23,6300001,0,user_14,181,199,46
1147,25,6300000,0,user_31,186,199,
1640,27,6300000,0,user_44,188,199,
187,28,6300000,0,user_33,181,199,
3876,24,6300000,0,user_31,197,199,
166,29,6299999,0,user_16,181,199,46
152,30,6299999,0,user_6,181,199,46
165,31,6299999,0,user_14,181,199,46
1158,32,6100000,0,user_47,186,199,
51,33,6100000,0,user_40,180,199,
1626,35,6100000,0,user_29,188,199,
43,34,6100000,0,user_33,180,199,
4096,34,5000001,0,builder_17,197,197,177
177,36,5000000,381000,user_27,181,199,
4097,36,5000001,0,builder_17,197,197,3380
3380,38,5000000,215000,user_43,195,199,
908,41,5200000,0,user_27,185,199,
2226,40,5200000,0,user_49,190,199,
4098,40,5000001,0,builder_17,197,197,3874
3874,43,5000000,14200,user_30,197,199,
4099,42,5000001,0,builder_17,197,197,1384
1384,45,5000000,13900,user_45,187,199,
1380,47,5000000,6390,user_41,187,199,
4100,45,4999999,0,builder_17,197,197,1380
2184,54,5000001,0,user_11,190,199,177
1905,49,5000001,0,user_13,189,199,177
1124,48,5000001,0,user_10,186,199,177
345,52,5000001,0,user_12,182,199,177
353,53,5000001,0,user_24,182,199,177
547,50,5000001,0,user_26,183,199,177
538,51,5000001,0,user_17,183,199,177
1617,61,5000001,0,user_26,188,199,177
1911,62,5000001,0,user_20,189,199,177
1910,63,5000001,0,user_18,189,199,177
1917,64,5000001,0,user_24,189,199,177
2168,55,5000001,0,user_0,190,199,177
883,60,5000001,0,user_0,185,199,177
719,58,5000001,0,user_19,184,199,177
714,59,5000001,0,user_15,184,199,177
2181,56,5000001,0,user_9,190,199,177
2183,57,5000001,0,user_9,190,199,177
349,65,5000001,0,user_19,182,199,177
3625,68,5000000,0,user_42,196,199,
1377,69,5000000,0,user_37,187,199,
731,70,5000000,0,user_30,184,199,
1929,73,5000000,0,user_39,189,199,
749,72,5000000,0,user_47,184,199,
191,71,5000000,0,user_38,181,199,
2913,74,5000000,0,user_34,193,199,
3882,66,5000000,0,user_35,197,199,
2178,81,4999999,0,user_8,190,199,177
348,79,4999999,0,user_16,182,199,177
354,80,4999999,0,user_24,182,199,177
528,77,4999999,0,user_8,183,199,177
529,78,4999999,0,user_8,183,199,177
545,76,4999999,0,user_21,183,199,177
1593,75,4999999,0,user_7,188,199,177
1894,86,4999999,0,user_4,189,199,177
1898,89,4999999,0,user_5,189,199,177
1913,92,4999999,0,user_22,189,199,177
1901,87,4999999,0,user_10,189,199,177
1909,88,4999999,0,user_18,189,199,177
1914,90,4999999,0,user_23,189,199,177
1916,91,4999999,0,user_24,189,199,177
724,85,4999999,0,user_25,184,199,177
2179,82,4999999,0,user_9,190,199,177
2180,83,4999999,0,user_9,190,199,177
2182,84,4999999,0,user_9,190,199,177
732,94,4500000,16400,user_31,184,199,
4101,91,4499999,0,builder_17,197,197,732
3378,95,4500000,0,user_42,195,199,
4102,93,4200001,0,builder_17,197,197,2681
2681,97,4200000,231000,user_36,192,199,
4103,95,4200001,0,builder_17,197,197,55
55,99,4200000,33100,user_43,180,199,
341,97,4200001,0,user_8,182,197,55
343,98,4200001,0,user_10,182,197,55
162,99,4200001,0,user_13,181,197,55
4386,0,43000001,0,builder_17,198,198,2919
2919,1,43000000,56200,user_39,193,199,
11,2,43000000,0,user_9,180,199,
1627,3,43000000,0,user_29,188,199,
2678,4,43000000,0,user_34,192,199,
1370,5,30000000,0,user_29,187,199,
2214,6,30000000,0,user_38,190,199,
1931,8,30000000,0,user_41,189,199,
735,7,30000000,0,user_35,184,199,
1926,10,27000000,0,user_34,189,199,
358,9,27000000,0,user_28,182,199,
2677,11,27000000,0,user_32,192,199,
2217,12,19000000,0,user_40,190,199,
2449,13,19000000,0,user_32,191,199,
3875,15,660000,17700000,user_31,197,199,
4387,15,659999,0,builder_17,198,198,3875
4388,16,170001,0,builder_17,198,198,727
727,18,170000,17700000,user_27,184,199,
1618,20,3500000,7190000,user_27,188,199,
4389,19,3499999,0,builder_17,198,198,1618
4390,20,6300001,0,builder_17,198,198,46
46,22,6300000,7840,user_34,180,199,
164,23,6300001,0,user_14,181,199,46
1147,25,6300000,0,user_31,186,199,
3876,24,6300000,0,user_31,197,199,
187,28,6300000,0,user_33,181,199,
1640,27,6300000,0,user_44,188,199,
4166,26,6300000,0,user_45,198,199,
166,29,6299999,0,user_16,181,199,46
152,30,6299999,0,user_6,181,199,46
165,31,6299999,0,user_14,181,199,46
1158,32,6100000,0,user_47,186,199,
51,33,6100000,0,user_40,180,199,
43,34,6100000,0,user_33,180,199,
1626,35,6100000,0,user_29,188,199,
177,36,5000000,381000,user_27,181,199,
4391,36,4999999,0,builder_17,198,198,177
4392,37,5000001,0,builder_17,198,198,3380
3380,38,5000000,215000,user_43,195,199,
2226,40,5200000,0,user_49,190,199,
908,41,5200000,0,user_27,185,199,
4393,41,5000001,0,builder_17,198,198,4151
4151,42,5000000,36800,user_34,198,198,
4394,43,5000001,0,builder_17,198,198,3874
3874,43,5000000,14200,user_30,197,199,
1384,45,5000000,13900,user_45,187,199,
4395,46,4999999,0,builder_17,198,198,1384
1380,47,5000000,6390,user_41,187,199,
4396,48,4999999,0,builder_17,198,198,1380
2184,54,5000001,0,user_11,190,199,177
1905,49,5000001,0,user_13,189,199,177
1124,48,5000001,0,user_10,186,199,177
538,51,5000001,0,user_17,183,199,177
547,50,5000001,0,user_26,183,199,177
345,52,5000001,0,user_12,182,199,177
353,53,5000001,0,user_24,182,199,177
2168,55,5000001,0,user_0,190,199,177
2181,56,5000001,0,user_9,190,199,177
2183,57,5000001,0,user_9,190,199,177
1910,63,5000001,0,user_18,189,199,177
1917,64,5000001,0,user_24,189,199,177
1911,62,5000001,0,user_20,189,199,177
714,59,5000001,0,user_15,184,199,177
883,60,5000001,0,user_0,185,199,177
719,58,5000001,0,user_19,184,199,177
1617,61,5000001,0,user_26,188,199,177
349,65,5000001,0,user_19,182,199,177
3625,68,5000000,0,user_42,196,199,
3882,66,5000000,0,user_35,197,199,
1377,69,5000000,0,user_37,187,199,
731,70,5000000,0,user_30,184,199,
3888,67,5000000,0,user_38,197,199,
1929,73,5000000,0,user_39,189,199,
749,72,5000000,0,user_47,184,199,
191,71,5000000,0,user_38,181,199,
2913,74,5000000,0,user_34,193,199,
2178,81,4999999,0,user_8,190,199,177
528,77,4999999,0,user_8,183,199,177
529,78,4999999,0,user_8,183,199,177
545,76,4999999,0,user_21,183,199,177
348,79,4999999,0,user_16,182,199,177
354,80,4999999,0,user_24,182,199,177
1593,75,4999999,0,user_7,188,199,177
1898,89,4999999,0,user_5,189,199,177
2179,82,4999999,0,user_9,190,199,177
2180,83,4999999,0,user_9,190,199,177
2182,84,4999999,0,user_9,190,199,177
1894,86,4999999,0,user_4,189,199,177
1909,88,4999999,0,user_18,189,199,177
1914,90,4999999,0,user_23,189,199,177
1916,91,4999999,0,user_24,189,199,177
1913,92,4999999,0,user_22,189,199,177
1901,87,4999999,0,user_10,189,199,177
724,85,4999999,0,user_25,184,199,177
732,94,4500000,16400,user_31,184,199,
4397,95,4499999,0,builder_17,198,198,732
3378,95,4500000,0,user_42,195,199,
2681,97,4200000,231000,user_36,192,199,
4398,98,4199999,0,builder_17,198,198,2681
55,99,4200000,33100,user_43,180,199,
4687,0,43000001,0,builder_17,199,199,2919
2919,1,43000000,56200,user_39,193,199,
11,2,43000000,0,user_9,180,199,
1627,3,43000000,0,user_29,188,199,
2678,4,43000000,0,user_34,192,199,
1370,5,30000000,0,user_29,187,199,
2214,6,30000000,0,user_38,190,199,
735,7,30000000,0,user_35,184,199,
1931,8,30000000,0,user_41,189,199,
358,9,27000000,0,user_28,182,199,
1926,10,27000000,0,user_34,189,199,
2677,11,27000000,0,user_32,192,199,
2217,12,19000000,0,user_40,190,199,
2449,13,19000000,0,user_32,191,199,
4445,14,19000000,0,user_36,199,199,
3875,15,660000,17700000,user_31,197,199,
4688,16,659999,0,builder_17,199,199,3875
4689,17,170001,0,builder_17,199,199,727
727,18,170000,17700000,user_27,184,199,
4690,19,3500001,0,builder_17,199,199,1618
1618,20,3500000,7190000,user_27,188,199,
4691,21,6300001,0,builder_17,199,199,46
46,22,6300000,7840,user_34,180,199,
164,23,6300001,0,user_14,181,199,46
3876,24,6300000,0,user_31,197,199,
1147,25,6300000,0,user_31,186,199,
4166,26,6300000,0,user_45,198,199,
1640,27,6300000,0,user_44,188,199,
187,28,6300000,0,user_33,181,199,
166,29,6299999,0,user_16,181,199,46
152,30,6299999,0,user_6,181,199,46
165,31,6299999,0,user_14,181,199,46
1158,32,6100000,0,user_47,186,199,
51,33,6100000,0,user_40,180,199,
43,34,6100000,0,user_33,180,199,
1626,35,6100000,0,user_29,188,199,
177,36,5000000,381000,user_27,181,199,
4692,37,4999999,0,builder_17,199,199,177
3380,38,5000000,215000,user_43,195,199,
4693,39,4999999,0,builder_17,199,199,3380
2226,40,5200000,0,user_49,190,199,
908,41,5200000,0,user_27,185,199,
4694,42,5000001,0,builder_17,199,199,3874
3874,43,5000000,14200,user_30,197,199,
4695,44,5000001,0,builder_17,199,199,1384
1384,45,5000000,13900,user_45,187,199,
4696,46,5000001,0,builder_17,199,199,1380
1380,47,5000000,6390,user_41,187,199,
1124,48,5000001,0,user_10,186,199,177
1905,49,5000001,0,user_13,189,199,177
547,50,5000001,0,user_26,183,199,177
538,51,5000001,0,user_17,183,199,177
345,52,5000001,0,user_12,182,199,177
353,53,5000001,0,user_24,182,199,177
2184,54,5000001,0,user_11,190,199,177
2168,55,5000001,0,user_0,190,199,177
2181,56,5000001,0,user_9,190,199,177
2183,57,5000001,0,user_9,190,199,177
719,58,5000001,0,user_19,184,199,177
714,59,5000001,0,user_15,184,199,177
883,60,5000001,0,user_0,185,199,177
1617,61,5000001,0,user_26,188,199,177
1911,62,5000001,0,user_20,189,199,177
1910,63,5000001,0,user_18,189,199,177
1917,64,5000001,0,user_24,189,199,177
349,65,5000001,0,user_19,182,199,177
3882,66,5000000,0,user_35,197,199,
3888,67,5000000,0,user_38,197,199,
3625,68,5000000,0,user_42,196,199,
1377,69,5000000,0,user_37,187,199,
731,70,5000000,0,user_30,184,199,
191,71,5000000,0,user_38,181,199,
749,72,5000000,0,user_47,184,199,
1929,73,5000000,0,user_39,189,199,
2913,74,5000000,0,user_34,193,199,
1593,75,4999999,0,user_7,188,199,177
545,76,4999999,0,user_21,183,199,177
528,77,4999999,0,user_8,183,199,177
529,78,4999999,0,user_8,183,199,177
348,79,4999999,0,user_16,182,199,177
354,80,4999999,0,user_24,182,199,177
2178,81,4999999,0,user_8,190,199,177
2179,82,4999999,0,user_9,190,199,177
2180,83,4999999,0,user_9,190,199,177
2182,84,4999999,0,user_9,190,199,177
724,85,4999999,0,user_25,184,199,177
1894,86,4999999,0,user_4,189,199,177
1901,87,4999999,0,user_10,189,199,177
1909,88,4999999,0,user_18,189,199,177
1898,89,4999999,0,user_5,189,199,177
1914,90,4999999,0,user_23,189,199,177
1916,91,4999999,0,user_24,189,199,177
1913,92,4999999,0,user_22,189,199,177
4697,93,4500001,0,builder_17,199,199,732
732,94,4500000,16400,user_31,184,199,
3378,95,4500000,0,user_42,195,199,
4698,96,4200001,0,builder_17,199,199,2681
2681,97,4200000,231000,user_36,192,199,
4699,98,4200001,0,builder_17,199,199,55
55,99,4200000,33100,user_43,180,199,
11,2,43000000,0,user_9,200,219,
46,22,6300000,7840,user_34,200,219,
128,2,6299999,0,builder_17,200,200,46
43,34,6100000,0,user_33,200,219,
51,33,6100000,0,user_40,200,219,
38,96,3200000,21800,user_30,200,209,
129,6,3199999,0,builder_17,200,200,38
15,86,2600000,0,user_11,200,208,
61,87,2600000,0,user_46,200,208,
42,88,2500000,0,user_32,200,208,
44,96,2000000,322000,user_33,200,208,
130,11,1999999,0,builder_17,200,200,44
45,98,2300000,0,user_33,200,208,
10,94,2000000,0,user_8,200,206,
39,98,1500000,0,user_30,200,204,
66,90,1300000,0,user_49,200,203,
37,94,1200000,0,user_28,200,203,
60,93,1200000,0,user_45,200,203,
13,95,1100000,0,user_11,200,203,
65,97,1000000,0,user_48,200,203,
5,99,660000,14200,user_4,200,203,
131,21,659999,0,builder_17,200,200,5
17,84,660001,0,user_14,200,202,5
6,86,660001,0,user_5,200,202,5
8,87,660001,0,user_5,200,202,5
21,91,660001,0,user_17,200,202,5
23,92,660001,0,user_18,200,202,5
24,93,660001,0,user_18,200,202,5
25,94,660001,0,user_18,200,202,5
31,89,660001,0,user_25,200,202,5
32,90,660001,0,user_25,200,202,5
19,85,660001,0,user_15,200,202,5
29,88,660001,0,user_22,200,202,5
16,95,659999,0,user_14,200,202,5
7,96,659999,0,user_5,200,202,5
22,99,659999,0,user_18,200,202,5
26,86,659999,0,user_18,200,201,5
33,97,659999,0,user_26,200,202,5
34,98,659999,0,user_26,200,202,5
48,87,420000,0,user_35,200,201,
12,89,310000,0,user_11,200,201,
4,95,260000,0,user_4,200,201,
14,96,220000,0,user_11,200,201,
41,97,220000,0,user_32,200,201,
63,98,220000,0,user_47,200,201,
132,45,150001,0,builder_17,200,200,1
1,99,150000,39400,user_1,200,201,
64,47,160000,0,user_48,200,200,
49,48,160000,0,user_36,200,200,
53,49,160000,0,user_42,200,200,
2,50,150001,0,user_2,200,200,1
9,51,150001,0,user_7,200,200,1
18,52,150001,0,user_15,200,200,1
3,53,149999,0,user_3,200,200,1
20,54,149999,0,user_16,200,200,1
30,55,149999,0,user_23,200,200,1
28,56,149999,0,user_20,200,200,1
50,57,130000,0,user_39,200,200,
52,58,110000,0,user_41,200,200,
40,59,87000,0,user_31,200,200,
62,60,82000,0,user_46,200,200,
0,61,80000,0,user_1,200,200,
54,62,77000,0,user_42,200,200,
47,63,70000,0,user_34,200,200,
11,2,43000000,0,user_9,200,219,
46,22,6300000,7840,user_34,200,219,
323,2,6299999,0,builder_18,201,201,46
164,23,6300001,0,user_14,201,219,46
187,28,6300000,0,user_33,201,219,
165,31,6299999,0,user_14,201,219,46
166,29,6299999,0,user_16,201,219,46
152,30,6299999,0,user_6,201,219,46
51,33,6100000,0,user_40,200,219,
43,34,6100000,0,user_33,200,219,
324,10,5000001,0,builder_18,201,201,177
177,36,5000000,381000,user_27,201,219,
55,99,4200000,33100,user_43,200,219,
325,13,4199999,0,builder_18,201,201,55
156,95,4200001,0,user_9,201,216,55
162,99,4200001,0,user_13,201,217,55
163,94,4200001,0,user_13,201,216,55
169,96,4200001,0,user_17,201,216,55
171,98,4199999,0,user_20,201,213,55
159,99,4199999,0,user_13,201,213,55
176,99,4199999,0,user_26,201,212,55
326,21,3200001,0,builder_18,201,201,38
38,96,3200000,21800,user_30,200,209,
144,77,3200001,0,user_4,201,208,38
142,81,3199999,0,user_3,201,208,38
143,82,3199999,0,user_3,201,208,38
174,83,3199999,0,user_23,201,208,38
15,86,2600000,0,user_11,200,208,
61,87,2600000,0,user_46,200,208,
199,84,2600000,0,user_47,201,208,
42,88,2500000,0,user_32,200,208,
327,31,2000001,0,builder_18,201,201,44
44,96,2000000,322000,user_33,200,208,
45,98,2300000,0,user_33,200,208,
36,97,2300000,0,user_27,200,208,
154,96,2000001,0,user_7,201,207,44
172,94,2000001,0,user_21,201,207,44
145,97,2000001,0,user_5,201,207,44
149,98,2000001,0,user_5,201,207,44
151,95,2000001,0,user_6,201,207,44
173,99,2000001,0,user_22,201,207,44
10,94,2000000,0,user_8,200,206,
140,98,1999999,0,user_2,201,206,44
158,93,1999999,0,user_10,201,205,44
139,91,1999999,0,user_0,201,205,44
160,94,1999999,0,user_13,201,205,44
161,95,1999999,0,user_13,201,205,44
167,96,1999999,0,user_17,201,205,44
147,99,1999999,0,user_5,201,206,44
150,97,1999999,0,user_6,201,205,44
153,98,1999999,0,user_6,201,205,44
175,99,1999999,0,user_26,201,205,44
196,92,1800000,0,user_44,201,204,
181,93,1600000,0,user_30,201,204,
194,94,1600000,0,user_42,201,204,
39,98,1500000,0,user_30,200,204,
200,97,1500000,0,user_48,201,204,
185,99,1500000,0,user_32,201,204,
35,86,1400000,0,user_27,200,203,
56,87,1400000,0,user_43,200,203,
198,88,1400000,0,user_46,201,203,
66,90,1300000,0,user_49,200,203,
37,94,1200000,0,user_28,200,203,
60,93,1200000,0,user_45,200,203,
197,92,1200000,0,user_45,201,203,
13,95,1100000,0,user_11,200,203,
65,97,1000000,0,user_48,200,203,
328,67,660001,0,builder_18,201,201,5
5,99,660000,14200,user_4,200,203,
6,86,660001,0,user_5,200,202,5
8,87,660001,0,user_5,200,202,5
27,83,660001,0,user_19,200,202,5
17,84,660001,0,user_14,200,202,5
19,85,660001,0,user_15,200,202,5
29,88,660001,0,user_22,200,202,5
31,89,660001,0,user_25,200,202,5
32,90,660001,0,user_25,200,202,5
21,91,660001,0,user_17,200,202,5
23,92,660001,0,user_18,200,202,5
24,93,660001,0,user_18,200,202,5
25,94,660001,0,user_18,200,202,5
7,96,659999,0,user_5,200,202,5
16,95,659999,0,user_14,200,202,5
33,97,659999,0,user_26,200,202,5
34,98,659999,0,user_26,200,202,5
22,99,659999,0,user_18,200,202,5
26,86,659999,0,user_18,200,201,5
48,87,420000,0,user_35,200,201,
183,88,340000,0,user_32,201,201,
12,89,310000,0,user_11,200,201,
193,90,310000,0,user_40,201,201,
329,91,260001,0,builder_18,201,201,192
192,92,260000,21800,user_39,201,201,
57,93,110000,164000,user_43,200,201,
330,94,109999,0,builder_18,201,201,57
4,95,260000,0,user_4,200,201,
14,96,220000,0,user_11,200,201,
41,97,220000,0,user_32,200,201,
63,98,220000,0,user_47,200,201,
1,99,150000,39400,user_1,200,201,
11,2,43000000,0,user_9,200,219,
46,22,6300000,7840,user_34,200,219,
514,2,6299999,0,builder_18,202,202,46
164,23,6300001,0,user_14,201,219,46
187,28,6300000,0,user_33,201,219,
152,30,6299999,0,user_6,201,219,46
165,31,6299999,0,user_14,201,219,46
166,29,6299999,0,user_16,201,219,46
43,34,6100000,0,user_33,200,219,
51,33,6100000,0,user_40,200,219,
345,52,5000001,0,user_12,202,219,177
353,53,5000001,0,user_24,202,219,177
191,71,5000000,0,user_38,201,219,
348,79,4999999,0,user_16,202,219,177
354,80,4999999,0,user_24,202,219,177
55,99,4200000,33100,user_43,200,219,
515,16,4199999,0,builder_18,202,202,55
162,99,4200001,0,user_13,201,217,55
163,94,4200001,0,user_13,201,216,55
156,95,4200001,0,user_9,201,216,55
169,96,4200001,0,user_17,201,216,55
343,98,4200001,0,user_10,202,217,55
341,97,4200001,0,user_8,202,217,55
362,97,4200000,0,user_32,202,215,
159,99,4199999,0,user_13,201,213,55
171,98,4199999,0,user_20,201,213,55
176,99,4199999,0,user_26,201,212,55
344,99,4199999,0,user_11,202,215,55
340,99,4199999,0,user_8,202,214,55
38,96,3200000,21800,user_30,200,209,
516,30,3199999,0,builder_18,202,202,38
144,77,3200001,0,user_4,201,208,38
142,81,3199999,0,user_3,201,208,38
143,82,3199999,0,user_3,201,208,38
174,83,3199999,0,user_23,201,208,38
15,86,2600000,0,user_11,200,208,
61,87,2600000,0,user_46,200,208,
199,84,2600000,0,user_47,201,208,
42,88,2500000,0,user_32,200,208,
369,93,2400000,0,user_42,202,208,
44,96,2000000,322000,user_33,200,208,
517,41,1999999,0,builder_18,202,202,44
45,98,2300000,0,user_33,200,208,
36,97,2300000,0,user_27,200,208,
145,97,2000001,0,user_5,201,207,44
149,98,2000001,0,user_5,201,207,44
151,95,2000001,0,user_6,201,207,44
154,96,2000001,0,user_7,201,207,44
172,94,2000001,0,user_21,201,207,44
173,99,2000001,0,user_22,201,207,44
355,89,2000001,0,user_25,202,206,44
10,94,2000000,0,user_8,200,206,
140,98,1999999,0,user_2,201,206,44
147,99,1999999,0,user_5,201,206,44
158,93,1999999,0,user_10,201,205,44
160,94,1999999,0,user_13,201,205,44
161,95,1999999,0,user_13,201,205,44
150,97,1999999,0,user_6,201,205,44
153,98,1999999,0,user_6,201,205,44
139,91,1999999,0,user_0,201,205,44
175,99,1999999,0,user_26,201,205,44
167,96,1999999,0,user_17,201,205,44
338,88,1999999,0,user_6,202,205,44
196,92,1800000,0,user_44,201,204,
194,94,1600000,0,user_42,201,204,
181,93,1600000,0,user_30,201,204,
39,98,1500000,0,user_30,200,204,
185,99,1500000,0,user_32,201,204,
200,97,1500000,0,user_48,201,204,
35,86,1400000,0,user_27,200,203,
56,87,1400000,0,user_43,200,203,
198,88,1400000,0,user_46,201,203,
373,85,1400000,0,user_44,202,203,
66,90,1300000,0,user_49,200,203,
37,94,1200000,0,user_28,200,203,
60,93,1200000,0,user_45,200,203,
197,92,1200000,0,user_45,201,203,
13,95,1100000,0,user_11,200,203,
65,97,1000000,0,user_48,200,203,
5,99,660000,14200,user_4,200,203,
518,80,659999,0,builder_18,202,202,5
519,81,73001,0,builder_18,202,202,195
195,82,73000,594000,user_43,201,202,
27,83,660001,0,user_19,200,202,5
17,84,660001,0,user_14,200,202,5
19,85,660001,0,user_15,200,202,5
6,86,660001,0,user_5,200,202,5
8,87,660001,0,user_5,200,202,5
29,88,660001,0,user_22,200,202,5
31,89,660001,0,user_25,200,202,5
32,90,660001,0,user_25,200,202,5
21,91,660001,0,user_17,200,202,5
23,92,660001,0,user_18,200,202,5
24,93,660001,0,user_18,200,202,5
25,94,660001,0,user_18,200,202,5
16,95,659999,0,user_14,200,202,5
7,96,659999,0,user_5,200,202,5
33,97,659999,0,user_26,200,202,5
34,98,659999,0,user_26,200,202,5
22,99,659999,0,user_18,200,202,5
11,2,43000000,0,user_9,200,219,
358,9,27000000,0,user_28,202,219,
686,2,6300001,0,builder_17,203,203,46
46,22,6300000,7840,user_34,200,219,
164,23,6300001,0,user_14,201,219,46
187,28,6300000,0,user_33,201,219,
165,31,6299999,0,user_14,201,219,46
166,29,6299999,0,user_16,201,219,46
152,30,6299999,0,user_6,201,219,46
51,33,6100000,0,user_40,200,219,
43,34,6100000,0,user_33,200,219,
687,11,5000001,0,builder_17,203,203,177
177,36,5000000,381000,user_27,201,219,
345,52,5000001,0,user_12,202,219,177
353,53,5000001,0,user_24,202,219,177
349,65,5000001,0,user_19,202,219,177
538,51,5000001,0,user_17,203,219,177
547,50,5000001,0,user_26,203,219,177
191,71,5000000,0,user_38,201,219,
348,79,4999999,0,user_16,202,219,177
354,80,4999999,0,user_24,202,219,177
528,77,4999999,0,user_8,203,219,177
529,78,4999999,0,user_8,203,219,177
545,76,4999999,0,user_21,203,219,177
688,24,4200001,0,builder_17,203,203,55
55,99,4200000,33100,user_43,200,219,
156,95,4200001,0,user_9,201,216,55
343,98,4200001,0,user_10,202,217,55
341,97,4200001,0,user_8,202,217,55
162,99,4200001,0,user_13,201,217,55
163,94,4200001,0,user_13,201,216,55
169,96,4200001,0,user_17,201,216,55
362,97,4200000,0,user_32,202,215,
552,97,4200000,0,user_34,203,216,
344,99,4199999,0,user_11,202,215,55
340,99,4199999,0,user_8,202,214,55
159,99,4199999,0,user_13,201,213,55
176,99,4199999,0,user_26,201,212,55
171,98,4199999,0,user_20,201,213,55
38,96,3200000,21800,user_30,200,209,
689,40,3199999,0,builder_17,203,203,38
144,77,3200001,0,user_4,201,208,38
142,81,3199999,0,user_3,201,208,38
143,82,3199999,0,user_3,201,208,38
174,83,3199999,0,user_23,201,208,38
199,84,2600000,0,user_47,201,208,
61,87,2600000,0,user_46,200,208,
15,86,2600000,0,user_11,200,208,
42,88,2500000,0,user_32,200,208,
690,49,2400001,0,builder_17,203,203,553
553,91,2400000,18600,user_36,203,208,
369,93,2400000,0,user_42,202,208,
44,96,2000000,322000,user_33,200,208,
691,53,1999999,0,builder_17,203,203,44
36,97,2300000,0,user_27,200,208,
45,98,2300000,0,user_33,200,208,
355,89,2000001,0,user_25,202,206,44
154,96,2000001,0,user_7,201,207,44
172,94,2000001,0,user_21,201,207,44
145,97,2000001,0,user_5,201,207,44
149,98,2000001,0,user_5,201,207,44
151,95,2000001,0,user_6,201,207,44
173,99,2000001,0,user_22,201,207,44
539,91,2000001,0,user_17,203,207,44
10,94,2000000,0,user_8,200,206,
338,88,1999999,0,user_6,202,205,44
522,96,1999999,0,user_0,203,206,44
158,93,1999999,0,user_10,201,205,44
139,91,1999999,0,user_0,201,205,44
160,94,1999999,0,user_13,201,205,44
161,95,1999999,0,user_13,201,205,44
167,96,1999999,0,user_17,201,205,44
147,99,1999999,0,user_5,201,206,44
150,97,1999999,0,user_6,201,205,44
153,98,1999999,0,user_6,201,205,44
175,99,1999999,0,user_26,201,205,44
140,98,1999999,0,user_2,201,206,44
196,92,1800000,0,user_44,201,204,
371,96,1600000,0,user_43,202,204,
181,93,1600000,0,user_30,201,204,
194,94,1600000,0,user_42,201,204,
360,95,1600000,0,user_28,202,204,
200,97,1500000,0,user_48,201,204,
185,99,1500000,0,user_32,201,204,
39,98,1500000,0,user_30,200,204,
373,85,1400000,0,user_44,202,203,
35,86,1400000,0,user_27,200,203,
56,87,1400000,0,user_43,200,203,
198,88,1400000,0,user_46,201,203,
359,89,1400000,0,user_28,202,203,
66,90,1300000,0,user_49,200,203,
556,91,1300000,0,user_40,203,203,
197,92,1200000,0,user_45,201,203,
60,93,1200000,0,user_45,200,203,
37,94,1200000,0,user_28,200,203,
13,95,1100000,0,user_11,200,203,
560,96,1100000,0,user_46,203,203,
65,97,1000000,0,user_48,200,203,
692,98,660001,0,builder_17,203,203,5
5,99,660000,14200,user_4,200,203,
11,2,43000000,0,user_9,200,219,
735,7,30000000,0,user_35,204,219,
358,9,27000000,0,user_28,202,219,
46,22,6300000,7840,user_34,200,219,
866,4,6299999,0,builder_17,204,204,46
164,23,6300001,0,user_14,201,219,46
187,28,6300000,0,user_33,201,219,
152,30,6299999,0,user_6,201,219,46
165,31,6299999,0,user_14,201,219,46
166,29,6299999,0,user_16,201,219,46
43,34,6100000,0,user_33,200,219,
51,33,6100000,0,user_40,200,219,
177,36,5000000,381000,user_27,201,219,
867,13,4999999,0,builder_17,204,204,177
349,65,5000001,0,user_19,202,219,177
538,51,5000001,0,user_17,203,219,177
547,50,5000001,0,user_26,203,219,177
353,53,5000001,0,user_24,202,219,177
345,52,5000001,0,user_12,202,219,177
714,59,5000001,0,user_15,204,219,177
191,71,5000000,0,user_38,201,219,
749,72,5000000,0,user_47,204,219,
731,70,5000000,0,user_30,204,219,
528,77,4999999,0,user_8,203,219,177
529,78,4999999,0,user_8,203,219,177
545,76,4999999,0,user_21,203,219,177
348,79,4999999,0,user_16,202,219,177
354,80,4999999,0,user_24,202,219,177
724,85,4999999,0,user_25,204,219,177
868,29,4500001,0,builder_17,204,204,732
732,94,4500000,16400,user_31,204,219,
55,99,4200000,33100,user_43,200,219,
869,32,4199999,0,builder_17,204,204,55
156,95,4200001,0,user_9,201,216,55
343,98,4200001,0,user_10,202,217,55
169,96,4200001,0,user_17,201,216,55
162,99,4200001,0,user_13,201,217,55
163,94,4200001,0,user_13,201,216,55
341,97,4200001,0,user_8,202,217,55
552,97,4200000,0,user_34,203,216,
362,97,4200000,0,user_32,202,215,
176,99,4199999,0,user_26,201,212,55
344,99,4199999,0,user_11,202,215,55
159,99,4199999,0,user_13,201,213,55
171,98,4199999,0,user_20,201,213,55
340,99,4199999,0,user_8,202,214,55
38,96,3200000,21800,user_30,200,209,
870,47,3199999,0,builder_17,204,204,38
555,98,3200000,6390,user_37,203,209,
871,49,3199999,0,builder_17,204,204,555
144,77,3200001,0,user_4,201,208,38
742,78,3200000,0,user_40,204,208,
174,83,3199999,0,user_23,201,208,38
142,81,3199999,0,user_3,201,208,38
143,82,3199999,0,user_3,201,208,38
554,85,2600000,0,user_37,203,208,
199,84,2600000,0,user_47,201,208,
61,87,2600000,0,user_46,200,208,
15,86,2600000,0,user_11,200,208,
42,88,2500000,0,user_32,200,208,
553,91,2400000,18600,user_36,203,208,
872,61,2399999,0,builder_17,204,204,553
369,93,2400000,0,user_42,202,208,
44,96,2000000,322000,user_33,200,208,
873,64,1999999,0,builder_17,204,204,44
45,98,2300000,0,user_33,200,208,
36,97,2300000,0,user_27,200,208,
539,91,2000001,0,user_17,203,207,44
145,97,2000001,0,user_5,201,207,44
149,98,2000001,0,user_5,201,207,44
154,96,2000001,0,user_7,201,207,44
151,95,2000001,0,user_6,201,207,44
172,94,2000001,0,user_21,201,207,44
173,99,2000001,0,user_22,201,207,44
355,89,2000001,0,user_25,202,206,44
706,90,2000001,0,user_5,204,207,44
716,92,2000001,0,user_17,204,207,44
10,94,2000000,0,user_8,200,206,
750,93,2000000,0,user_48,204,206,
710,97,1999999,0,user_9,204,206,44
158,93,1999999,0,user_10,201,205,44
147,99,1999999,0,user_5,201,206,44
150,97,1999999,0,user_6,201,205,44
153,98,1999999,0,user_6,201,205,44
175,99,1999999,0,user_26,201,205,44
167,96,1999999,0,user_17,201,205,44
338,88,1999999,0,user_6,202,205,44
140,98,1999999,0,user_2,201,206,44
160,94,1999999,0,user_13,201,205,44
161,95,1999999,0,user_13,201,205,44
139,91,1999999,0,user_0,201,205,44
522,96,1999999,0,user_0,203,206,44
196,92,1800000,0,user_44,201,204,
181,93,1600000,0,user_30,201,204,
194,94,1600000,0,user_42,201,204,
360,95,1600000,0,user_28,202,204,
371,96,1600000,0,user_43,202,204,
200,97,1500000,0,user_48,201,204,
39,98,1500000,0,user_30,200,204,
185,99,1500000,0,user_32,201,204,
11,2,43000000,0,user_9,200,219,
735,7,30000000,0,user_35,204,219,
358,9,27000000,0,user_28,202,219,
1096,3,170001,0,builder_17,205,205,727
727,18,170000,17700000,user_27,204,219,
46,22,6300000,7840,user_34,200,219,
1097,6,6299999,0,builder_17,205,205,46
164,23,6300001,0,user_14,201,219,46
187,28,6300000,0,user_33,201,219,
165,31,6299999,0,user_14,201,219,46
166,29,6299999,0,user_16,201,219,46
152,30,6299999,0,user_6,201,219,46
51,33,6100000,0,user_40,200,219,
43,34,6100000,0,user_33,200,219,
1098,14,5000001,0,builder_17,205,205,177
177,36,5000000,381000,user_27,201,219,
714,59,5000001,0,user_15,204,219,177
883,60,5000001,0,user_0,205,219,177
345,52,5000001,0,user_12,202,219,177
349,65,5000001,0,user_19,202,219,177
547,50,5000001,0,user_26,203,219,177
719,58,5000001,0,user_19,204,219,177
353,53,5000001,0,user_24,202,219,177
538,51,5000001,0,user_17,203,219,177
749,72,5000000,0,user_47,204,219,
731,70,5000000,0,user_30,204,219,
191,71,5000000,0,user_38,201,219,
724,85,4999999,0,user_25,204,219,177
348,79,4999999,0,user_16,202,219,177
545,76,4999999,0,user_21,203,219,177
528,77,4999999,0,user_8,203,219,177
529,78,4999999,0,user_8,203,219,177
354,80,4999999,0,user_24,202,219,177
732,94,4500000,16400,user_31,204,219,
1099,34,4499999,0,builder_17,205,205,732
1100,35,4200001,0,builder_17,205,205,55
55,99,4200000,33100,user_43,200,219,
341,97,4200001,0,user_8,202,217,55
343,98,4200001,0,user_10,202,217,55
156,95,4200001,0,user_9,201,216,55
162,99,4200001,0,user_13,201,217,55
163,94,4200001,0,user_13,201,216,55
169,96,4200001,0,user_17,201,216,55
552,97,4200000,0,user_34,203,216,
362,97,4200000,0,user_32,202,215,
340,99,4199999,0,user_8,202,214,55
159,99,4199999,0,user_13,201,213,55
176,99,4199999,0,user_26,201,212,55
171,98,4199999,0,user_20,201,213,55
344,99,4199999,0,user_11,202,215,55
38,96,3200000,21800,user_30,200,209,
1101,51,3199999,0,builder_17,205,205,38
555,98,3200000,6390,user_37,203,209,
1102,53,3199999,0,builder_17,205,205,555
144,77,3200001,0,user_4,201,208,38
742,78,3200000,0,user_40,204,208,
910,80,3200000,0,user_32,205,208,
142,81,3199999,0,user_3,201,208,38
143,82,3199999,0,user_3,201,208,38
174,83,3199999,0,user_23,201,208,38
554,85,2600000,0,user_37,203,208,
15,86,2600000,0,user_11,200,208,
61,87,2600000,0,user_46,200,208,
199,84,2600000,0,user_47,201,208,
909,89,2500000,0,user_28,205,208,
42,88,2500000,0,user_32,200,208,
1103,66,2400001,0,builder_17,205,205,553
553,91,2400000,18600,user_36,203,208,
369,93,2400000,0,user_42,202,208,
1104,69,2000001,0,builder_17,205,205,44
44,96,2000000,322000,user_33,200,208,
36,97,2300000,0,user_27,200,208,
45,98,2300000,0,user_33,200,208,
716,92,2000001,0,user_17,204,207,44
706,90,2000001,0,user_5,204,207,44
355,89,2000001,0,user_25,202,206,44
896,88,2000001,0,user_11,205,207,44
539,91,2000001,0,user_17,203,207,44
145,97,2000001,0,user_5,201,207,44
149,98,2000001,0,user_5,201,207,44
154,96,2000001,0,user_7,201,207,44
151,95,2000001,0,user_6,201,207,44
173,99,2000001,0,user_22,201,207,44
172,94,2000001,0,user_21,201,207,44
750,93,2000000,0,user_48,204,206,
10,94,2000000,0,user_8,200,206,
912,95,2000000,0,user_35,205,206,
522,96,1999999,0,user_0,203,206,44
338,88,1999999,0,user_6,202,205,44
710,97,1999999,0,user_9,204,206,44
147,99,1999999,0,user_5,201,206,44
139,91,1999999,0,user_0,201,205,44
140,98,1999999,0,user_2,201,206,44
158,93,1999999,0,user_10,201,205,44
160,94,1999999,0,user_13,201,205,44
161,95,1999999,0,user_13,201,205,44
167,96,1999999,0,user_17,201,205,44
150,97,1999999,0,user_6,201,205,44
153,98,1999999,0,user_6,201,205,44
175,99,1999999,0,user_26,201,205,44
11,2,43000000,0,user_9,200,219,
735,7,30000000,0,user_35,204,219,
358,9,27000000,0,user_28,202,219,
727,18,170000,17700000,user_27,204,219,
1331,4,169999,0,builder_18,206,206,727
46,22,6300000,7840,user_34,200,219,
1332,6,6299999,0,builder_18,206,206,46
164,23,6300001,0,user_14,201,219,46
187,28,6300000,0,user_33,201,219,
152,30,6299999,0,user_6,201,219,46
165,31,6299999,0,user_14,201,219,46
166,29,6299999,0,user_16,201,219,46
43,34,6100000,0,user_33,200,219,
51,33,6100000,0,user_40,200,219,
1158,32,6100000,0,user_47,206,219,
177,36,5000000,381000,user_27,201,219,
1333,16,4999999,0,builder_18,206,206,177
908,41,5200000,0,user_27,205,219,
547,50,5000001,0,user_26,203,219,177
538,51,5000001,0,user_17,203,219,177
719,58,5000001,0,user_19,204,219,177
714,59,5000001,0,user_15,204,219,177
345,52,5000001,0,user_12,202,219,177
353,53,5000001,0,user_24,202,219,177
349,65,5000001,0,user_19,202,219,177
883,60,5000001,0,user_0,205,219,177
1124,48,5000001,0,user_10,206,219,177
749,72,5000000,0,user_47,204,219,
731,70,5000000,0,user_30,204,219,
191,71,5000000,0,user_38,201,219,
545,76,4999999,0,user_21,203,219,177
528,77,4999999,0,user_8,203,219,177
529,78,4999999,0,user_8,203,219,177
724,85,4999999,0,user_25,204,219,177
348,79,4999999,0,user_16,202,219,177
354,80,4999999,0,user_24,202,219,177
1334,36,4500001,0,builder_18,206,206,732
732,94,4500000,16400,user_31,204,219,
1335,38,4200001,0,builder_18,206,206,55
55,99,4200000,33100,user_43,200,219,
162,99,4200001,0,user_13,201,217,55
163,94,4200001,0,user_13,201,216,55
156,95,4200001,0,user_9,201,216,55
169,96,4200001,0,user_17,201,216,55
343,98,4200001,0,user_10,202,217,55
341,97,4200001,0,user_8,202,217,55
552,97,4200000,0,user_34,203,216,
362,97,4200000,0,user_32,202,215,
1151,98,4200000,0,user_34,206,216,
159,99,4199999,0,user_13,201,213,55
171,98,4199999,0,user_20,201,213,55
176,99,4199999,0,user_26,201,212,55
344,99,4199999,0,user_11,202,215,55
340,99,4199999,0,user_8,202,214,55
1144,98,3500000,5640,user_30,206,211,
1336,55,3499999,0,builder_18,206,206,1144
38,96,3200000,21800,user_30,200,209,
1337,57,3199999,0,builder_18,206,206,38
1338,58,3200001,0,builder_18,206,206,555
555,98,3200000,6390,user_37,203,209,
144,77,3200001,0,user_4,201,208,38
742,78,3200000,0,user_40,204,208,
910,80,3200000,0,user_32,205,208,
922,79,3200000,0,user_43,205,208,
142,81,3199999,0,user_3,201,208,38
143,82,3199999,0,user_3,201,208,38
174,83,3199999,0,user_23,201,208,38
554,85,2600000,0,user_37,203,208,
15,86,2600000,0,user_11,200,208,
61,87,2600000,0,user_46,200,208,
199,84,2600000,0,user_47,201,208,
909,89,2500000,0,user_28,205,208,
42,88,2500000,0,user_32,200,208,
1339,73,2400001,0,builder_18,206,206,553
553,91,2400000,18600,user_36,203,208,
369,93,2400000,0,user_42,202,208,
44,96,2000000,322000,user_33,200,208,
1340,77,1999999,0,builder_18,206,206,44
45,98,2300000,0,user_33,200,208,
36,97,2300000,0,user_27,200,208,
539,91,2000001,0,user_17,203,207,44
706,90,2000001,0,user_5,204,207,44
716,92,2000001,0,user_17,204,207,44
145,97,2000001,0,user_5,201,207,44
149,98,2000001,0,user_5,201,207,44
151,95,2000001,0,user_6,201,207,44
154,96,2000001,0,user_7,201,207,44
172,94,2000001,0,user_21,201,207,44
173,99,2000001,0,user_22,201,207,44
355,89,2000001,0,user_25,202,206,44
896,88,2000001,0,user_11,205,207,44
1114,89,2000001,0,user_1,206,207,44
1136,99,2000001,0,user_20,206,208,44
750,93,2000000,0,user_48,204,206,
10,94,2000000,0,user_8,200,206,
912,95,2000000,0,user_35,205,206,
522,96,1999999,0,user_0,203,206,44
710,97,1999999,0,user_9,204,206,44
140,98,1999999,0,user_2,201,206,44
147,99,1999999,0,user_5,201,206,44
11,2,43000000,0,user_9,200,219,
735,7,30000000,0,user_35,204,219,
1370,5,30000000,0,user_29,207,219,
358,9,27000000,0,user_28,202,219,
1578,4,170001,0,builder_18,207,207,727
727,18,170000,17700000,user_27,204,219,
1579,6,6300001,0,builder_18,207,207,46
46,22,6300000,7840,user_34,200,219,
164,23,6300001,0,user_14,201,219,46
187,28,6300000,0,user_33,201,219,
1147,25,6300000,0,user_31,206,219,
165,31,6299999,0,user_14,201,219,46
166,29,6299999,0,user_16,201,219,46
152,30,6299999,0,user_6,201,219,46
51,33,6100000,0,user_40,200,219,
43,34,6100000,0,user_33,200,219,
1158,32,6100000,0,user_47,206,219,
177,36,5000000,381000,user_27,201,219,
1580,18,4999999,0,builder_18,207,207,177
908,41,5200000,0,user_27,205,219,
1581,20,5000001,0,builder_18,207,207,1384
1384,45,5000000,13900,user_45,207,219,
1380,47,5000000,6390,user_41,207,219,
1582,23,4999999,0,builder_18,207,207,1380
883,60,5000001,0,user_0,205,219,177
1124,48,5000001,0,user_10,206,219,177
538,51,5000001,0,user_17,203,219,177
547,50,5000001,0,user_26,203,219,177
719,58,5000001,0,user_19,204,219,177
714,59,5000001,0,user_15,204,219,177
345,52,5000001,0,user_12,202,219,177
349,65,5000001,0,user_19,202,219,177
353,53,5000001,0,user_24,202,219,177
749,72,5000000,0,user_47,204,219,
731,70,5000000,0,user_30,204,219,
191,71,5000000,0,user_38,201,219,
1377,69,5000000,0,user_37,207,219,
545,76,4999999,0,user_21,203,219,177
528,77,4999999,0,user_8,203,219,177
529,78,4999999,0,user_8,203,219,177
724,85,4999999,0,user_25,204,219,177
348,79,4999999,0,user_16,202,219,177
354,80,4999999,0,user_24,202,219,177
732,94,4500000,16400,user_31,204,219,
1583,44,4499999,0,builder_18,207,207,732
1584,45,4200001,0,builder_18,207,207,55
55,99,4200000,33100,user_43,200,219,
162,99,4200001,0,user_13,201,217,55
163,94,4200001,0,user_13,201,216,55
169,96,4200001,0,user_17,201,216,55
156,95,4200001,0,user_9,201,216,55
343,98,4200001,0,user_10,202,217,55
341,97,4200001,0,user_8,202,217,55
362,97,4200000,0,user_32,202,215,
552,97,4200000,0,user_34,203,216,
1151,98,4200000,0,user_34,206,216,
159,99,4199999,0,user_13,201,213,55
171,98,4199999,0,user_20,201,213,55
176,99,4199999,0,user_26,201,212,55
344,99,4199999,0,user_11,202,215,55
340,99,4199999,0,user_8,202,214,55
1585,61,3500001,0,builder_18,207,207,1144
1144,98,3500000,5640,user_30,206,211,
1586,63,3200001,0,builder_18,207,207,38
38,96,3200000,21800,user_30,200,209,
555,98,3200000,6390,user_37,203,209,
1587,66,3199999,0,builder_18,207,207,555
144,77,3200001,0,user_4,201,208,38
910,80,3200000,0,user_32,205,208,
922,79,3200000,0,user_43,205,208,
742,78,3200000,0,user_40,204,208,
142,81,3199999,0,user_3,201,208,38
143,82,3199999,0,user_3,201,208,38
174,83,3199999,0,user_23,201,208,38
554,85,2600000,0,user_37,203,208,
199,84,2600000,0,user_47,201,208,
61,87,2600000,0,user_46,200,208,
15,86,2600000,0,user_11,200,208,
909,89,2500000,0,user_28,205,208,
42,88,2500000,0,user_32,200,208,
1588,80,2400001,0,builder_18,207,207,553
553,91,2400000,18600,user_36,203,208,
369,93,2400000,0,user_42,202,208,
1160,92,2400000,0,user_49,206,208,
44,96,2000000,322000,user_33,200,208,
1589,85,1999999,0,builder_18,207,207,44
45,98,2300000,0,user_33,200,208,
36,97,2300000,0,user_27,200,208,
896,88,2000001,0,user_11,205,207,44
1114,89,2000001,0,user_1,206,207,44
706,90,2000001,0,user_5,204,207,44
539,91,2000001,0,user_17,203,207,44
716,92,2000001,0,user_17,204,207,44
1136,99,2000001,0,user_20,206,208,44
172,94,2000001,0,user_21,201,207,44
151,95,2000001,0,user_6,201,207,44
154,96,2000001,0,user_7,201,207,44
145,97,2000001,0,user_5,201,207,44
149,98,2000001,0,user_5,201,207,44
173,99,2000001,0,user_22,201,207,44
11,2,43000000,0,user_9,200,219,
1627,3,43000000,0,user_29,208,219,
735,7,30000000,0,user_35,204,219,
1370,5,30000000,0,user_29,207,219,
358,9,27000000,0,user_28,202,219,
727,18,170000,17700000,user_27,204,219,
1876,6,169999,0,builder_18,208,208,727
1618,20,3500000,7190000,user_27,208,219,
1877,8,3499999,0,builder_18,208,208,1618
1878,9,6300001,0,builder_18,208,208,46
46,22,6300000,7840,user_34,200,219,
164,23,6300001,0,user_14,201,219,46
1147,25,6300000,0,user_31,206,219,
187,28,6300000,0,user_33,201,219,
1640,27,6300000,0,user_44,208,219,
165,31,6299999,0,user_14,201,219,46
166,29,6299999,0,user_16,201,219,46
152,30,6299999,0,user_6,201,219,46
1158,32,6100000,0,user_47,206,219,
43,34,6100000,0,user_33,200,219,
51,33,6100000,0,user_40,200,219,
1626,35,6100000,0,user_29,208,219,
177,36,5000000,381000,user_27,201,219,
1879,23,4999999,0,builder_18,208,208,177
908,41,5200000,0,user_27,205,219,
1384,45,5000000,13900,user_45,207,219,
1880,26,4999999,0,builder_18,208,208,1384
1881,27,5000001,0,builder_18,208,208,1380
1380,47,5000000,6390,user_41,207,219,
1124,48,5000001,0,user_10,206,219,177
345,52,5000001,0,user_12,202,219,177
349,65,5000001,0,user_19,202,219,177
353,53,5000001,0,user_24,202,219,177
547,50,5000001,0,user_26,203,219,177
538,51,5000001,0,user_17,203,219,177
714,59,5000001,0,user_15,204,219,177
883,60,5000001,0,user_0,205,219,177
719,58,5000001,0,user_19,204,219,177
1617,61,5000001,0,user_26,208,219,177
749,72,5000000,0,user_47,204,219,
1377,69,5000000,0,user_37,207,219,
191,71,5000000,0,user_38,201,219,
731,70,5000000,0,user_30,204,219,
348,79,4999999,0,user_16,202,219,177
354,80,4999999,0,user_24,202,219,177
528,77,4999999,0,user_8,203,219,177
529,78,4999999,0,user_8,203,219,177
545,76,4999999,0,user_21,203,219,177
724,85,4999999,0,user_25,204,219,177
1593,75,4999999,0,user_7,208,219,177
1882,50,4500001,0,builder_18,208,208,732
732,94,4500000,16400,user_31,204,219,
1883,52,4200001,0,builder_18,208,208,55
55,99,4200000,33100,user_43,200,219,
341,97,4200001,0,user_8,202,217,55
343,98,4200001,0,user_10,202,217,55
169,96,4200001,0,user_17,201,216,55
156,95,4200001,0,user_9,201,216,55
162,99,4200001,0,user_13,201,217,55
163,94,4200001,0,user_13,201,216,55
1151,98,4200000,0,user_34,206,216,
362,97,4200000,0,user_32,202,215,
552,97,4200000,0,user_34,203,216,
1634,98,4200000,0,user_39,208,215,
344,99,4199999,0,user_11,202,215,55
340,99,4199999,0,user_8,202,214,55
176,99,4199999,0,user_26,201,212,55
159,99,4199999,0,user_13,201,213,55
171,98,4199999,0,user_20,201,213,55
1884,69,3500001,0,builder_18,208,208,1371
1371,97,3500000,283000,user_31,207,211,
1885,71,3500001,0,builder_18,208,208,1144
1144,98,3500000,5640,user_30,206,211,
1886,73,3200001,0,builder_18,208,208,38
38,96,3200000,21800,user_30,200,209,
555,98,3200000,6390,user_37,203,209,
1887,76,3199999,0,builder_18,208,208,555
144,77,3200001,0,user_4,201,208,38
742,78,3200000,0,user_40,204,208,
922,79,3200000,0,user_43,205,208,
910,80,3200000,0,user_32,205,208,
142,81,3199999,0,user_3,201,208,38
143,82,3199999,0,user_3,201,208,38
174,83,3199999,0,user_23,201,208,38
199,84,2600000,0,user_47,201,208,
554,85,2600000,0,user_37,203,208,
15,86,2600000,0,user_11,200,208,
61,87,2600000,0,user_46,200,208,
42,88,2500000,0,user_32,200,208,
909,89,2500000,0,user_28,205,208,
1888,90,2400001,0,builder_18,208,208,553
553,91,2400000,18600,user_36,203,208,
1160,92,2400000,0,user_49,206,208,
369,93,2400000,0,user_42,202,208,
1629,94,2400000,0,user_32,208,208,
1889,95,2000001,0,builder_18,208,208,44
44,96,2000000,322000,user_33,200,208,
36,97,2300000,0,user_27,200,208,
45,98,2300000,0,user_33,200,208,
1136,99,2000001,0,user_20,206,208,44
11,2,43000000,0,user_9,200,219,
1627,3,43000000,0,user_29,208,219,
1370,5,30000000,0,user_29,207,219,
735,7,30000000,0,user_35,204,219,
1931,8,30000000,0,user_41,209,219,
358,9,27000000,0,user_28,202,219,
1926,10,27000000,0,user_34,209,219,
727,18,170000,17700000,user_27,204,219,
2156,8,169999,0,builder_18,209,209,727
2157,9,3500001,0,builder_18,209,209,1618
1618,20,3500000,7190000,user_27,208,219,
46,22,6300000,7840,user_34,200,219,
2158,12,6299999,0,builder_18,209,209,46
164,23,6300001,0,user_14,201,219,46
1147,25,6300000,0,user_31,206,219,
1640,27,6300000,0,user_44,208,219,
187,28,6300000,0,user_33,201,219,
165,31,6299999,0,user_14,201,219,46
166,29,6299999,0,user_16,201,219,46
152,30,6299999,0,user_6,201,219,46
1158,32,6100000,0,user_47,206,219,
51,33,6100000,0,user_40,200,219,
43,34,6100000,0,user_33,200,219,
1626,35,6100000,0,user_29,208,219,
177,36,5000000,381000,user_27,201,219,
2159,25,4999999,0,builder_18,209,209,177
908,41,5200000,0,user_27,205,219,
1384,45,5000000,13900,user_45,207,219,
2160,28,4999999,0,builder_18,209,209,1384
2161,29,5000001,0,builder_18,209,209,1380
1380,47,5000000,6390,user_41,207,219,
1124,48,5000001,0,user_10,206,219,177
538,51,5000001,0,user_17,203,219,177
547,50,5000001,0,user_26,203,219,177
719,58,5000001,0,user_19,204,219,177
345,52,5000001,0,user_12,202,219,177
353,53,5000001,0,user_24,202,219,177
349,65,5000001,0,user_19,202,219,177
714,59,5000001,0,user_15,204,219,177
883,60,5000001,0,user_0,205,219,177
1617,61,5000001,0,user_26,208,219,177
1911,62,5000001,0,user_20,209,219,177
1905,49,5000001,0,user_13,209,219,177
1910,63,5000001,0,user_18,209,219,177
1917,64,5000001,0,user_24,209,219,177
1377,69,5000000,0,user_37,207,219,
191,71,5000000,0,user_38,201,219,
749,72,5000000,0,user_47,204,219,
731,70,5000000,0,user_30,204,219,
1929,73,5000000,0,user_39,209,219,
528,77,4999999,0,user_8,203,219,177
529,78,4999999,0,user_8,203,219,177
545,76,4999999,0,user_21,203,219,177
348,79,4999999,0,user_16,202,219,177
354,80,4999999,0,user_24,202,219,177
724,85,4999999,0,user_25,204,219,177
1593,75,4999999,0,user_7,208,219,177
1894,86,4999999,0,user_4,209,219,177
1901,87,4999999,0,user_10,209,219,177
1909,88,4999999,0,user_18,209,219,177
1898,89,4999999,0,user_5,209,219,177
1914,90,4999999,0,user_23,209,219,177
1913,92,4999999,0,user_22,209,219,177
1916,91,4999999,0,user_24,209,219,177
732,94,4500000,16400,user_31,204,219,
2162,65,4499999,0,builder_18,209,209,732
55,99,4200000,33100,user_43,200,219,
2163,67,4199999,0,builder_18,209,209,55
343,98,4200001,0,user_10,202,217,55
156,95,4200001,0,user_9,201,216,55
162,99,4200001,0,user_13,201,217,55
163,94,4200001,0,user_13,201,216,55
169,96,4200001,0,user_17,201,216,55
341,97,4200001,0,user_8,202,217,55
1151,98,4200000,0,user_34,206,216,
1622,99,4200000,0,user_28,208,216,
552,97,4200000,0,user_34,203,216,
362,97,4200000,0,user_32,202,215,
1634,98,4200000,0,user_39,208,215,
171,98,4199999,0,user_20,201,213,55
159,99,4199999,0,user_13,201,213,55
344,99,4199999,0,user_11,202,215,55
340,99,4199999,0,user_8,202,214,55
176,99,4199999,0,user_26,201,212,55
1371,97,3500000,283000,user_31,207,211,
2164,85,3499999,0,builder_18,209,209,1371
1144,98,3500000,5640,user_30,206,211,
2165,87,3499999,0,builder_18,209,209,1144
1892,99,3500001,0,user_1,209,210,1618
1895,97,3500001,0,user_4,209,210,1618
1896,98,3500001,0,user_4,209,210,1618
1907,91,3500001,0,user_16,209,209,1618
1897,92,3499999,0,user_4,209,209,1618
1900,93,3499999,0,user_10,209,209,1618
1902,94,3499999,0,user_10,209,209,1618
1912,95,3499999,0,user_21,209,209,1618
38,96,3200000,21800,user_30,200,209,
2166,97,3199999,0,builder_18,209,209,38
555,98,3200000,6390,user_37,203,209,
2167,99,3199999,0,builder_18,209,209,555
1627,3,43000000,0,user_29,208,219,
11,2,43000000,0,user_9,200,219,
1370,5,30000000,0,user_29,207,219,
735,7,30000000,0,user_35,204,219,
1931,8,30000000,0,user_41,209,219,
358,9,27000000,0,user_28,202,219,
1926,10,27000000,0,user_34,209,219,
2217,12,19000000,0,user_40,210,219,
727,18,170000,17700000,user_27,204,219,
2406,9,169999,0,builder_18,210,210,727
2407,10,3500001,0,builder_18,210,210,1618
1618,20,3500000,7190000,user_27,208,219,
46,22,6300000,7840,user_34,200,219,
2408,13,6299999,0,builder_18,210,210,46
164,23,6300001,0,user_14,201,219,46
1147,25,6300000,0,user_31,206,219,
1640,27,6300000,0,user_44,208,219,
187,28,6300000,0,user_33,201,219,
152,30,6299999,0,user_6,201,219,46
165,31,6299999,0,user_14,201,219,46
166,29,6299999,0,user_16,201,219,46
1158,32,6100000,0,user_47,206,219,
1626,35,6100000,0,user_29,208,219,
43,34,6100000,0,user_33,200,219,
51,33,6100000,0,user_40,200,219,
177,36,5000000,381000,user_27,201,219,
2409,26,4999999,0,builder_18,210,210,177
908,41,5200000,0,user_27,205,219,
1384,45,5000000,13900,user_45,207,219,
2410,29,4999999,0,builder_18,210,210,1384
1380,47,5000000,6390,user_41,207,219,
2411,31,4999999,0,builder_18,210,210,1380
1124,48,5000001,0,user_10,206,219,177
1617,61,5000001,0,user_26,208,219,177
1905,49,5000001,0,user_13,209,219,177
1911,62,5000001,0,user_20,209,219,177
547,50,5000001,0,user_26,203,219,177
538,51,5000001,0,user_17,203,219,177
719,58,5000001,0,user_19,204,219,177
714,59,5000001,0,user_15,204,219,177
345,52,5000001,0,user_12,202,219,177
353,53,5000001,0,user_24,202,219,177
349,65,5000001,0,user_19,202,219,177
883,60,5000001,0,user_0,205,219,177
1910,63,5000001,0,user_18,209,219,177
1917,64,5000001,0,user_24,209,219,177
2184,54,5000001,0,user_11,210,219,177
2168,55,5000001,0,user_0,210,219,177
2181,56,5000001,0,user_9,210,219,177
2183,57,5000001,0,user_9,210,219,177
1377,69,5000000,0,user_37,207,219,
749,72,5000000,0,user_47,204,219,
731,70,5000000,0,user_30,204,219,
191,71,5000000,0,user_38,201,219,
1929,73,5000000,0,user_39,209,219,
1593,75,4999999,0,user_7,208,219,177
1894,86,4999999,0,user_4,209,219,177
1898,89,4999999,0,user_5,209,219,177
1901,87,4999999,0,user_10,209,219,177
545,76,4999999,0,user_21,203,219,177
528,77,4999999,0,user_8,203,219,177
529,78,4999999,0,user_8,203,219,177
724,85,4999999,0,user_25,204,219,177
348,79,4999999,0,user_16,202,219,177
354,80,4999999,0,user_24,202,219,177
1913,92,4999999,0,user_22,209,219,177
1909,88,4999999,0,user_18,209,219,177
1914,90,4999999,0,user_23,209,219,177
1916,91,4999999,0,user_24,209,219,177
2179,82,4999999,0,user_9,210,219,177
2180,83,4999999,0,user_9,210,219,177
2182,84,4999999,0,user_9,210,219,177
2178,81,4999999,0,user_8,210,219,177
2412,73,4500001,0,builder_18,210,210,732
732,94,4500000,16400,user_31,204,219,
55,99,4200000,33100,user_43,200,219,
2413,76,4199999,0,builder_18,210,210,55
162,99,4200001,0,user_13,201,217,55
163,94,4200001,0,user_13,201,216,55
156,95,4200001,0,user_9,201,216,55
169,96,4200001,0,user_17,201,216,55
343,98,4200001,0,user_10,202,217,55
341,97,4200001,0,user_8,202,217,55
1622,99,4200000,0,user_28,208,216,
1634,98,4200000,0,user_39,208,215,
552,97,4200000,0,user_34,203,216,
362,97,4200000,0,user_32,202,215,
1151,98,4200000,0,user_34,206,216,
159,99,4199999,0,user_13,201,213,55
171,98,4199999,0,user_20,201,213,55
176,99,4199999,0,user_26,201,212,55
344,99,4199999,0,user_11,202,215,55
340,99,4199999,0,user_8,202,214,55
1371,97,3500000,283000,user_31,207,211,
2414,94,3499999,0,builder_18,210,210,1371
1144,98,3500000,5640,user_30,206,211,
2415,96,3499999,0,builder_18,210,210,1144
1895,97,3500001,0,user_4,209,210,1618
1896,98,3500001,0,user_4,209,210,1618
1892,99,3500001,0,user_1,209,210,1618
1627,3,43000000,0,user_29,208,219,
11,2,43000000,0,user_9,200,219,
1931,8,30000000,0,user_41,209,219,
735,7,30000000,0,user_35,204,219,
1370,5,30000000,0,user_29,207,219,
2214,6,30000000,0,user_38,210,219,
1926,10,27000000,0,user_34,209,219,
358,9,27000000,0,user_28,202,219,
2217,12,19000000,0,user_40,210,219,
2449,13,19000000,0,user_32,211,219,
727,18,170000,17700000,user_27,204,219,
2640,11,169999,0,builder_18,211,211,727
2641,12,3500001,0,builder_18,211,211,1618
1618,20,3500000,7190000,user_27,208,219,
46,22,6300000,7840,user_34,200,219,
2642,15,6299999,0,builder_18,211,211,46
164,23,6300001,0,user_14,201,219,46
1640,27,6300000,0,user_44,208,219,
187,28,6300000,0,user_33,201,219,
1147,25,6300000,0,user_31,206,219,
165,31,6299999,0,user_14,201,219,46
166,29,6299999,0,user_16,201,219,46
152,30,6299999,0,user_6,201,219,46
1626,35,6100000,0,user_29,208,219,
51,33,6100000,0,user_40,200,219,
43,34,6100000,0,user_33,200,219,
1158,32,6100000,0,user_47,206,219,
2643,27,5000001,0,builder_18,211,211,177
177,36,5000000,381000,user_27,201,219,
908,41,5200000,0,user_27,205,219,
2226,40,5200000,0,user_49,210,219,
1384,45,5000000,13900,user_45,207,219,
2644,32,4999999,0,builder_18,211,211,1384
1380,47,5000000,6390,user_41,207,219,
2645,34,4999999,0,builder_18,211,211,1380
1617,61,5000001,0,user_26,208,219,177
1905,49,5000001,0,user_13,209,219,177
1911,62,5000001,0,user_20,209,219,177
1910,63,5000001,0,user_18,209,219,177
1917,64,5000001,0,user_24,209,219,177
2184,54,5000001,0,user_11,210,219,177
2168,55,5000001,0,user_0,210,219,177
883,60,5000001,0,user_0,205,219,177
1124,48,5000001,0,user_10,206,219,177
538,51,5000001,0,user_17,203,219,177
547,50,5000001,0,user_26,203,219,177
719,58,5000001,0,user_19,204,219,177
714,59,5000001,0,user_15,204,219,177
345,52,5000001,0,user_12,202,219,177
349,65,5000001,0,user_19,202,219,177
353,53,5000001,0,user_24,202,219,177
2181,56,5000001,0,user_9,210,219,177
2183,57,5000001,0,user_9,210,219,177
1929,73,5000000,0,user_39,209,219,
1377,69,5000000,0,user_37,207,219,
749,72,5000000,0,user_47,204,219,
731,70,5000000,0,user_30,204,219,
191,71,5000000,0,user_38,201,219,
1593,75,4999999,0,user_7,208,219,177
1894,86,4999999,0,user_4,209,219,177
1898,89,4999999,0,user_5,209,219,177
1913,92,4999999,0,user_22,209,219,177
1901,87,4999999,0,user_10,209,219,177
1909,88,4999999,0,user_18,209,219,177
1914,90,4999999,0,user_23,209,219,177
1916,91,4999999,0,user_24,209,219,177
545,76,4999999,0,user_21,203,219,177
528,77,4999999,0,user_8,203,219,177
529,78,4999999,0,user_8,203,219,177
724,85,4999999,0,user_25,204,219,177
348,79,4999999,0,user_16,202,219,177
354,80,4999999,0,user_24,202,219,177
2178,81,4999999,0,user_8,210,219,177
2179,82,4999999,0,user_9,210,219,177
2180,83,4999999,0,user_9,210,219,177
2182,84,4999999,0,user_9,210,219,177
732,94,4500000,16400,user_31,204,219,
2646,77,4499999,0,builder_18,211,211,732
2647,78,4200001,0,builder_18,211,211,55
55,99,4200000,33100,user_43,200,219,
162,99,4200001,0,user_13,201,217,55
163,94,4200001,0,user_13,201,216,55
169,96,4200001,0,user_17,201,216,55
156,95,4200001,0,user_9,201,216,55
343,98,4200001,0,user_10,202,217,55
341,97,4200001,0,user_8,202,217,55
1622,99,4200000,0,user_28,208,216,
1634,98,4200000,0,user_39,208,215,
362,97,4200000,0,user_32,202,215,
552,97,4200000,0,user_34,203,216,
1151,98,4200000,0,user_34,206,216,
159,99,4199999,0,user_13,201,213,55
171,98,4199999,0,user_20,201,213,55
176,99,4199999,0,user_26,201,212,55
344,99,4199999,0,user_11,202,215,55
340,99,4199999,0,user_8,202,214,55
2648,96,3500001,0,builder_18,211,211,1371
1371,97,3500000,283000,user_31,207,211,
1144,98,3500000,5640,user_30,206,211,
2649,99,3499999,0,builder_18,211,211,1144
2678,4,43000000,0,user_34,212,219,
1627,3,43000000,0,user_29,208,219,
11,2,43000000,0,user_9,200,219,
2214,6,30000000,0,user_38,210,219,
1931,8,30000000,0,user_41,209,219,
1370,5,30000000,0,user_29,207,219,
735,7,30000000,0,user_35,204,219,
1926,10,27000000,0,user_34,209,219,
2677,11,27000000,0,user_32,212,219,
358,9,27000000,0,user_28,202,219,
2449,13,19000000,0,user_32,211,219,
2217,12,19000000,0,user_40,210,219,
727,18,170000,17700000,user_27,204,219,
2857,13,169999,0,builder_17,212,212,727
2858,14,3500001,0,builder_17,212,212,1618
1618,20,3500000,7190000,user_27,208,219,
46,22,6300000,7840,user_34,200,219,
2859,17,6299999,0,builder_17,212,212,46
164,23,6300001,0,user_14,201,219,46
1640,27,6300000,0,user_44,208,219,
1147,25,6300000,0,user_31,206,219,
187,28,6300000,0,user_33,201,219,
166,29,6299999,0,user_16,201,219,46
152,30,6299999,0,user_6,201,219,46
165,31,6299999,0,user_14,201,219,46
1626,35,6100000,0,user_29,208,219,
51,33,6100000,0,user_40,200,219,
1158,32,6100000,0,user_47,206,219,
43,34,6100000,0,user_33,200,219,
177,36,5000000,381000,user_27,201,219,
2860,30,4999999,0,builder_17,212,212,177
2226,40,5200000,0,user_49,210,219,
908,41,5200000,0,user_27,205,219,
2861,33,5000001,0,builder_17,212,212,1384
1384,45,5000000,13900,user_45,207,219,
2862,35,5000001,0,builder_17,212,212,1380
1380,47,5000000,6390,user_41,207,219,
2181,56,5000001,0,user_9,210,219,177
2183,57,5000001,0,user_9,210,219,177
2168,55,5000001,0,user_0,210,219,177
1910,63,5000001,0,user_18,209,219,177
1911,62,5000001,0,user_20,209,219,177
2184,54,5000001,0,user_11,210,219,177
1617,61,5000001,0,user_26,208,219,177
1905,49,5000001,0,user_13,209,219,177
1917,64,5000001,0,user_24,209,219,177
1124,48,5000001,0,user_10,206,219,177
538,51,5000001,0,user_17,203,219,177
547,50,5000001,0,user_26,203,219,177
345,52,5000001,0,user_12,202,219,177
353,53,5000001,0,user_24,202,219,177
719,58,5000001,0,user_19,204,219,177
714,59,5000001,0,user_15,204,219,177
883,60,5000001,0,user_0,205,219,177
349,65,5000001,0,user_19,202,219,177
1929,73,5000000,0,user_39,209,219,
731,70,5000000,0,user_30,204,219,
1377,69,5000000,0,user_37,207,219,
749,72,5000000,0,user_47,204,219,
191,71,5000000,0,user_38,201,219,
2179,82,4999999,0,user_9,210,219,177
2180,83,4999999,0,user_9,210,219,177
2182,84,4999999,0,user_9,210,219,177
2178,81,4999999,0,user_8,210,219,177
1909,88,4999999,0,user_18,209,219,177
1894,86,4999999,0,user_4,209,219,177
1898,89,4999999,0,user_5,209,219,177
1913,92,4999999,0,user_22,209,219,177
1901,87,4999999,0,user_10,209,219,177
1914,90,4999999,0,user_23,209,219,177
1916,91,4999999,0,user_24,209,219,177
545,76,4999999,0,user_21,203,219,177
528,77,4999999,0,user_8,203,219,177
529,78,4999999,0,user_8,203,219,177
348,79,4999999,0,user_16,202,219,177
354,80,4999999,0,user_24,202,219,177
1593,75,4999999,0,user_7,208,219,177
724,85,4999999,0,user_25,204,219,177
2863,78,4500001,0,builder_17,212,212,732
732,94,4500000,16400,user_31,204,219,
2864,80,4200001,0,builder_17,212,212,2681
2681,97,4200000,231000,user_36,212,219,
55,99,4200000,33100,user_43,200,219,
2865,83,4199999,0,builder_17,212,212,55
343,98,4200001,0,user_10,202,217,55
341,97,4200001,0,user_8,202,217,55
162,99,4200001,0,user_13,201,217,55
163,94,4200001,0,user_13,201,216,55
156,95,4200001,0,user_9,201,216,55
169,96,4200001,0,user_17,201,216,55
1634,98,4200000,0,user_39,208,215,
1622,99,4200000,0,user_28,208,216,
552,97,4200000,0,user_34,203,216,
1151,98,4200000,0,user_34,206,216,
362,97,4200000,0,user_32,202,215,
344,99,4199999,0,user_11,202,215,55
340,99,4199999,0,user_8,202,214,55
159,99,4199999,0,user_13,201,213,55
171,98,4199999,0,user_20,201,213,55
176,99,4199999,0,user_26,201,212,55
3089,0,43000001,0,builder_18,213,213,2919
2919,1,43000000,56200,user_39,213,219,
11,2,43000000,0,user_9,200,219,
1627,3,43000000,0,user_29,208,219,
2678,4,43000000,0,user_34,212,219,
2214,6,30000000,0,user_38,210,219,
1370,5,30000000,0,user_29,207,219,
735,7,30000000,0,user_35,204,219,
1931,8,30000000,0,user_41,209,219,
358,9,27000000,0,user_28,202,219,
1926,10,27000000,0,user_34,209,219,
2677,11,27000000,0,user_32,212,219,
2449,13,19000000,0,user_32,211,219,
2217,12,19000000,0,user_40,210,219,
727,18,170000,17700000,user_27,204,219,
3090,15,169999,0,builder_18,213,213,727
1618,20,3500000,7190000,user_27,208,219,
3091,17,3499999,0,builder_18,213,213,1618
3092,18,6300001,0,builder_18,213,213,46
46,22,6300000,7840,user_34,200,219,
164,23,6300001,0,user_14,201,219,46
1147,25,6300000,0,user_31,206,219,
1640,27,6300000,0,user_44,208,219,
187,28,6300000,0,user_33,201,219,
165,31,6299999,0,user_14,201,219,46
166,29,6299999,0,user_16,201,219,46
152,30,6299999,0,user_6,201,219,46
1158,32,6100000,0,user_47,206,219,
51,33,6100000,0,user_40,200,219,
43,34,6100000,0,user_33,200,219,
1626,35,6100000,0,user_29,208,219,
3093,31,5000001,0,builder_18,213,213,177
177,36,5000000,381000,user_27,201,219,
2226,40,5200000,0,user_49,210,219,
908,41,5200000,0,user_27,205,219,
1384,45,5000000,13900,user_45,207,219,
3094,36,4999999,0,builder_18,213,213,1384
1380,47,5000000,6390,user_41,207,219,
3095,38,4999999,0,builder_18,213,213,1380
2184,54,5000001,0,user_11,210,219,177
1905,49,5000001,0,user_13,209,219,177
2168,55,5000001,0,user_0,210,219,177
2181,56,5000001,0,user_9,210,219,177
2183,57,5000001,0,user_9,210,219,177
1124,48,5000001,0,user_10,206,219,177
538,51,5000001,0,user_17,203,219,177
547,50,5000001,0,user_26,203,219,177
719,58,5000001,0,user_19,204,219,177
345,52,5000001,0,user_12,202,219,177
353,53,5000001,0,user_24,202,219,177
349,65,5000001,0,user_19,202,219,177
714,59,5000001,0,user_15,204,219,177
883,60,5000001,0,user_0,205,219,177
1617,61,5000001,0,user_26,208,219,177
1911,62,5000001,0,user_20,209,219,177
1910,63,5000001,0,user_18,209,219,177
1917,64,5000001,0,user_24,209,219,177
1377,69,5000000,0,user_37,207,219,
191,71,5000000,0,user_38,201,219,
749,72,5000000,0,user_47,204,219,
731,70,5000000,0,user_30,204,219,
1929,73,5000000,0,user_39,209,219,
2913,74,5000000,0,user_34,213,219,
2179,82,4999999,0,user_9,210,219,177
2180,83,4999999,0,user_9,210,219,177
2182,84,4999999,0,user_9,210,219,177
2178,81,4999999,0,user_8,210,219,177
528,77,4999999,0,user_8,203,219,177
529,78,4999999,0,user_8,203,219,177
545,76,4999999,0,user_21,203,219,177
348,79,4999999,0,user_16,202,219,177
354,80,4999999,0,user_24,202,219,177
724,85,4999999,0,user_25,204,219,177
1593,75,4999999,0,user_7,208,219,177
1894,86,4999999,0,user_4,209,219,177
1901,87,4999999,0,user_10,209,219,177
1909,88,4999999,0,user_18,209,219,177
1898,89,4999999,0,user_5,209,219,177
1914,90,4999999,0,user_23,209,219,177
1916,91,4999999,0,user_24,209,219,177
1913,92,4999999,0,user_22,209,219,177
3096,81,4500001,0,builder_18,213,213,732
732,94,4500000,16400,user_31,204,219,
2681,97,4200000,231000,user_36,212,219,
3097,84,4199999,0,builder_18,213,213,2681
55,99,4200000,33100,user_43,200,219,
3098,86,4199999,0,builder_18,213,213,55
343,98,4200001,0,user_10,202,217,55
156,95,4200001,0,user_9,201,216,55
162,99,4200001,0,user_13,201,217,55
163,94,4200001,0,user_13,201,216,55
169,96,4200001,0,user_17,201,216,55
341,97,4200001,0,user_8,202,217,55
1151,98,4200000,0,user_34,206,216,
1622,99,4200000,0,user_28,208,216,
552,97,4200000,0,user_34,203,216,
362,97,4200000,0,user_32,202,215,
1634,98,4200000,0,user_39,208,215,
171,98,4199999,0,user_20,201,213,55
159,99,4199999,0,user_13,201,213,55
3311,0,43000001,0,builder_17,214,214,2919
2919,1,43000000,56200,user_39,213,219,
2678,4,43000000,0,user_34,212,219,
11,2,43000000,0,user_9,200,219,
1627,3,43000000,0,user_29,208,219,
2214,6,30000000,0,user_38,210,219,
1370,5,30000000,0,user_29,207,219,
735,7,30000000,0,user_35,204,219,
1931,8,30000000,0,user_41,209,219,
2677,11,27000000,0,user_32,212,219,
358,9,27000000,0,user_28,202,219,
1926,10,27000000,0,user_34,209,219,
2449,13,19000000,0,user_32,211,219,
2217,12,19000000,0,user_40,210,219,
3312,14,170001,0,builder_17,214,214,727
727,18,170000,17700000,user_27,204,219,
3313,16,3500001,0,builder_17,214,214,1618
1618,20,3500000,7190000,user_27,208,219,
3314,18,6300001,0,builder_17,214,214,46
46,22,6300000,7840,user_34,200,219,
164,23,6300001,0,user_14,201,219,46
1147,25,6300000,0,user_31,206,219,
187,28,6300000,0,user_33,201,219,
1640,27,6300000,0,user_44,208,219,
166,29,6299999,0,user_16,201,219,46
152,30,6299999,0,user_6,201,219,46
165,31,6299999,0,user_14,201,219,46
1158,32,6100000,0,user_47,206,219,
51,33,6100000,0,user_40,200,219,
43,34,6100000,0,user_33,200,219,
1626,35,6100000,0,user_29,208,219,
177,36,5000000,381000,user_27,201,219,
3315,32,4999999,0,builder_17,214,214,177
2226,40,5200000,0,user_49,210,219,
908,41,5200000,0,user_27,205,219,
3316,35,5000001,0,builder_17,214,214,1384
1384,45,5000000,13900,user_45,207,219,
3317,37,5000001,0,builder_17,214,214,1380
1380,47,5000000,6390,user_41,207,219,
2168,55,5000001,0,user_0,210,219,177
2181,56,5000001,0,user_9,210,219,177
2183,57,5000001,0,user_9,210,219,177
1124,48,5000001,0,user_10,206,219,177
538,51,5000001,0,user_17,203,219,177
547,50,5000001,0,user_26,203,219,177
345,52,5000001,0,user_12,202,219,177
353,53,5000001,0,user_24,202,219,177
1905,49,5000001,0,user_13,209,219,177
2184,54,5000001,0,user_11,210,219,177
714,59,5000001,0,user_15,204,219,177
883,60,5000001,0,user_0,205,219,177
719,58,5000001,0,user_19,204,219,177
1617,61,5000001,0,user_26,208,219,177
1910,63,5000001,0,user_18,209,219,177
1917,64,5000001,0,user_24,209,219,177
1911,62,5000001,0,user_20,209,219,177
349,65,5000001,0,user_19,202,219,177
2913,74,5000000,0,user_34,213,219,
1377,69,5000000,0,user_37,207,219,
731,70,5000000,0,user_30,204,219,
749,72,5000000,0,user_47,204,219,
191,71,5000000,0,user_38,201,219,
1929,73,5000000,0,user_39,209,219,
1914,90,4999999,0,user_23,209,219,177
2179,82,4999999,0,user_9,210,219,177
2180,83,4999999,0,user_9,210,219,177
2182,84,4999999,0,user_9,210,219,177
528,77,4999999,0,user_8,203,219,177
529,78,4999999,0,user_8,203,219,177
545,76,4999999,0,user_21,203,219,177
348,79,4999999,0,user_16,202,219,177
354,80,4999999,0,user_24,202,219,177
1593,75,4999999,0,user_7,208,219,177
2178,81,4999999,0,user_8,210,219,177
724,85,4999999,0,user_25,204,219,177
1894,86,4999999,0,user_4,209,219,177
1898,89,4999999,0,user_5,209,219,177
1913,92,4999999,0,user_22,209,219,177
1901,87,4999999,0,user_10,209,219,177
1909,88,4999999,0,user_18,209,219,177
1916,91,4999999,0,user_24,209,219,177
3318,81,4500001,0,builder_17,214,214,732
732,94,4500000,16400,user_31,204,219,
2681,97,4200000,231000,user_36,212,219,
3319,84,4199999,0,builder_17,214,214,2681
55,99,4200000,33100,user_43,200,219,
3320,86,4199999,0,builder_17,214,214,55
343,98,4200001,0,user_10,202,217,55
341,97,4200001,0,user_8,202,217,55
169,96,4200001,0,user_17,201,216,55
156,95,4200001,0,user_9,201,216,55
162,99,4200001,0,user_13,201,217,55
163,94,4200001,0,user_13,201,216,55
1151,98,4200000,0,user_34,206,216,
552,97,4200000,0,user_34,203,216,
362,97,4200000,0,user_32,202,215,
1634,98,4200000,0,user_39,208,215,
1622,99,4200000,0,user_28,208,216,
344,99,4199999,0,user_11,202,215,55
340,99,4199999,0,user_8,202,214,55
2919,1,43000000,56200,user_39,213,219,
3552,1,42999999,0,builder_17,215,215,2919
2678,4,43000000,0,user_34,212,219,
11,2,43000000,0,user_9,200,219,
1627,3,43000000,0,user_29,208,219,
1370,5,30000000,0,user_29,207,219,
735,7,30000000,0,user_35,204,219,
1931,8,30000000,0,user_41,209,219,
2214,6,30000000,0,user_38,210,219,
358,9,27000000,0,user_28,202,219,
1926,10,27000000,0,user_34,209,219,
2677,11,27000000,0,user_32,212,219,
2217,12,19000000,0,user_40,210,219,
2449,13,19000000,0,user_32,211,219,
727,18,170000,17700000,user_27,204,219,
3553,15,169999,0,builder_17,215,215,727
3554,16,3500001,0,builder_17,215,215,1618
1618,20,3500000,7190000,user_27,208,219,
46,22,6300000,7840,user_34,200,219,
3555,19,6299999,0,builder_17,215,215,46
164,23,6300001,0,user_14,201,219,46
1147,25,6300000,0,user_31,206,219,
1640,27,6300000,0,user_44,208,219,
187,28,6300000,0,user_33,201,219,
166,29,6299999,0,user_16,201,219,46
152,30,6299999,0,user_6,201,219,46
165,31,6299999,0,user_14,201,219,46
1158,32,6100000,0,user_47,206,219,
51,33,6100000,0,user_40,200,219,
43,34,6100000,0,user_33,200,219,
1626,35,6100000,0,user_29,208,219,
3556,31,5000001,0,builder_17,215,215,177
177,36,5000000,381000,user_27,201,219,
908,41,5200000,0,user_27,205,219,
2226,40,5200000,0,user_49,210,219,
3557,35,5000001,0,builder_17,215,215,1384
1384,45,5000000,13900,user_45,207,219,
3558,37,5000001,0,builder_17,215,215,1380
1380,47,5000000,6390,user_41,207,219,
1124,48,5000001,0,user_10,206,219,177
1905,49,5000001,0,user_13,209,219,177
547,50,5000001,0,user_26,203,219,177
538,51,5000001,0,user_17,203,219,177
345,52,5000001,0,user_12,202,219,177
353,53,5000001,0,user_24,202,219,177
2184,54,5000001,0,user_11,210,219,177
719,58,5000001,0,user_19,204,219,177
714,59,5000001,0,user_15,204,219,177
883,60,5000001,0,user_0,205,219,177
1617,61,5000001,0,user_26,208,219,177
1911,62,5000001,0,user_20,209,219,177
1910,63,5000001,0,user_18,209,219,177
2168,55,5000001,0,user_0,210,219,177
2181,56,5000001,0,user_9,210,219,177
2183,57,5000001,0,user_9,210,219,177
1917,64,5000001,0,user_24,209,219,177
349,65,5000001,0,user_19,202,219,177
2913,74,5000000,0,user_34,213,219,
1377,69,5000000,0,user_37,207,219,
731,70,5000000,0,user_30,204,219,
191,71,5000000,0,user_38,201,219,
749,72,5000000,0,user_47,204,219,
1929,73,5000000,0,user_39,209,219,
1593,75,4999999,0,user_7,208,219,177
545,76,4999999,0,user_21,203,219,177
528,77,4999999,0,user_8,203,219,177
529,78,4999999,0,user_8,203,219,177
348,79,4999999,0,user_16,202,219,177
354,80,4999999,0,user_24,202,219,177
2178,81,4999999,0,user_8,210,219,177
724,85,4999999,0,user_25,204,219,177
1894,86,4999999,0,user_4,209,219,177
1901,87,4999999,0,user_10,209,219,177
1909,88,4999999,0,user_18,209,219,177
1898,89,4999999,0,user_5,209,219,177
1914,90,4999999,0,user_23,209,219,177
2179,82,4999999,0,user_9,210,219,177
2180,83,4999999,0,user_9,210,219,177
2182,84,4999999,0,user_9,210,219,177
1916,91,4999999,0,user_24,209,219,177
1913,92,4999999,0,user_22,209,219,177
732,94,4500000,16400,user_31,204,219,
3559,82,4499999,0,builder_17,215,215,732
3378,95,4500000,0,user_42,215,219,
2681,97,4200000,231000,user_36,212,219,
3560,85,4199999,0,builder_17,215,215,2681
3561,86,4200001,0,builder_17,215,215,55
55,99,4200000,33100,user_43,200,219,
343,98,4200001,0,user_10,202,217,55
341,97,4200001,0,user_8,202,217,55
156,95,4200001,0,user_9,201,216,55
162,99,4200001,0,user_13,201,217,55
163,94,4200001,0,user_13,201,216,55
169,96,4200001,0,user_17,201,216,55
552,97,4200000,0,user_34,203,216,
1151,98,4200000,0,user_34,206,216,
1622,99,4200000,0,user_28,208,216,
362,97,4200000,0,user_32,202,215,
1634,98,4200000,0,user_39,208,215,
344,99,4199999,0,user_11,202,215,55
3811,0,43000001,0,builder_17,216,216,2919
2919,1,43000000,56200,user_39,213,219,
2678,4,43000000,0,user_34,212,219,
1627,3,43000000,0,user_29,208,219,
11,2,43000000,0,user_9,200,219,
1370,5,30000000,0,user_29,207,219,
735,7,30000000,0,user_35,204,219,
1931,8,30000000,0,user_41,209,219,
2214,6,30000000,0,user_38,210,219,
2677,11,27000000,0,user_32,212,219,
358,9,27000000,0,user_28,202,219,
1926,10,27000000,0,user_34,209,219,
2217,12,19000000,0,user_40,210,219,
2449,13,19000000,0,user_32,211,219,
3812,14,170001,0,builder_17,216,216,727
727,18,170000,17700000,user_27,204,219,
3813,16,3500001,0,builder_17,216,216,1618
1618,20,3500000,7190000,user_27,208,219,
3814,18,6300001,0,builder_17,216,216,46
46,22,6300000,7840,user_34,200,219,
164,23,6300001,0,user_14,201,219,46
1147,25,6300000,0,user_31,206,219,
1640,27,6300000,0,user_44,208,219,
187,28,6300000,0,user_33,201,219,
166,29,6299999,0,user_16,201,219,46
152,30,6299999,0,user_6,201,219,46
165,31,6299999,0,user_14,201,219,46
51,33,6100000,0,user_40,200,219,
1158,32,6100000,0,user_47,206,219,
1626,35,6100000,0,user_29,208,219,
43,34,6100000,0,user_33,200,219,
3815,31,5000001,0,builder_17,216,216,177
177,36,5000000,381000,user_27,201,219,
3380,38,5000000,215000,user_43,215,219,
3816,34,4999999,0,builder_17,216,216,3380
908,41,5200000,0,user_27,205,219,
2226,40,5200000,0,user_49,210,219,
1384,45,5000000,13900,user_45,207,219,
3817,38,4999999,0,builder_17,216,216,1384
1380,47,5000000,6390,user_41,207,219,
3818,40,4999999,0,builder_17,216,216,1380
1905,49,5000001,0,user_13,209,219,177
2184,54,5000001,0,user_11,210,219,177
1124,48,5000001,0,user_10,206,219,177
538,51,5000001,0,user_17,203,219,177
547,50,5000001,0,user_26,203,219,177
345,52,5000001,0,user_12,202,219,177
353,53,5000001,0,user_24,202,219,177
1617,61,5000001,0,user_26,208,219,177
1911,62,5000001,0,user_20,209,219,177
719,58,5000001,0,user_19,204,219,177
714,59,5000001,0,user_15,204,219,177
883,60,5000001,0,user_0,205,219,177
1910,63,5000001,0,user_18,209,219,177
1917,64,5000001,0,user_24,209,219,177
2168,55,5000001,0,user_0,210,219,177
2181,56,5000001,0,user_9,210,219,177
2183,57,5000001,0,user_9,210,219,177
349,65,5000001,0,user_19,202,219,177
2913,74,5000000,0,user_34,213,219,
1377,69,5000000,0,user_37,207,219,
731,70,5000000,0,user_30,204,219,
749,72,5000000,0,user_47,204,219,
191,71,5000000,0,user_38,201,219,
1929,73,5000000,0,user_39,209,219,
3625,68,5000000,0,user_42,216,219,
1593,75,4999999,0,user_7,208,219,177
545,76,4999999,0,user_21,203,219,177
528,77,4999999,0,user_8,203,219,177
529,78,4999999,0,user_8,203,219,177
348,79,4999999,0,user_16,202,219,177
354,80,4999999,0,user_24,202,219,177
2178,81,4999999,0,user_8,210,219,177
1894,86,4999999,0,user_4,209,219,177
1898,89,4999999,0,user_5,209,219,177
1901,87,4999999,0,user_10,209,219,177
724,85,4999999,0,user_25,204,219,177
1913,92,4999999,0,user_22,209,219,177
1909,88,4999999,0,user_18,209,219,177
1914,90,4999999,0,user_23,209,219,177
1916,91,4999999,0,user_24,209,219,177
2179,82,4999999,0,user_9,210,219,177
2180,83,4999999,0,user_9,210,219,177
2182,84,4999999,0,user_9,210,219,177
732,94,4500000,16400,user_31,204,219,
3819,85,4499999,0,builder_17,216,216,732
3378,95,4500000,0,user_42,215,219,
2681,97,4200000,231000,user_36,212,219,
3820,88,4199999,0,builder_17,216,216,2681
3821,89,4200001,0,builder_17,216,216,55
55,99,4200000,33100,user_43,200,219,
343,98,4200001,0,user_10,202,217,55
341,97,4200001,0,user_8,202,217,55
162,99,4200001,0,user_13,201,217,55
163,94,4200001,0,user_13,201,216,55
156,95,4200001,0,user_9,201,216,55
169,96,4200001,0,user_17,201,216,55
552,97,4200000,0,user_34,203,216,
1151,98,4200000,0,user_34,206,216,
1622,99,4200000,0,user_28,208,216,
4091,0,43000001,0,builder_17,217,217,2919
2919,1,43000000,56200,user_39,213,219,
1627,3,43000000,0,user_29,208,219,
11,2,43000000,0,user_9,200,219,
2678,4,43000000,0,user_34,212,219,
1370,5,30000000,0,user_29,207,219,
1931,8,30000000,0,user_41,209,219,
735,7,30000000,0,user_35,204,219,
2214,6,30000000,0,user_38,210,219,
1926,10,27000000,0,user_34,209,219,
358,9,27000000,0,user_28,202,219,
2677,11,27000000,0,user_32,212,219,
2217,12,19000000,0,user_40,210,219,
2449,13,19000000,0,user_32,211,219,
4092,14,660001,0,builder_17,217,217,3875
3875,15,660000,17700000,user_31,217,219,
727,18,170000,17700000,user_27,204,219,
4093,17,169999,0,builder_17,217,217,727
4094,18,3500001,0,builder_17,217,217,1618
1618,20,3500000,7190000,user_27,208,219,
4095,20,6300001,0,builder_17,217,217,46
46,22,6300000,7840,user_34,200,219,
164,23,6300001,0,user_14,201,219,46
1147,25,6300000,0,user_31,206,219,
1640,27,6300000,0,user_44,208,219,
187,28,6300000,0,user_33,201,219,
3876,24,6300000,0,user_31,217,219,
166,29,6299999,0,user_16,201,219,46
152,30,6299999,0,user_6,201,219,46
165,31,6299999,0,user_14,201,219,46
1158,32,6100000,0,user_47,206,219,
51,33,6100000,0,user_40,200,219,
1626,35,6100000,0,user_29,208,219,
43,34,6100000,0,user_33,200,219,
4096,34,5000001,0,builder_17,217,217,177
177,36,5000000,381000,user_27,201,219,
4097,36,5000001,0,builder_17,217,217,3380
3380,38,5000000,215000,user_43,215,219,
908,41,5200000,0,user_27,205,219,
2226,40,5200000,0,user_49,210,219,
4098,40,5000001,0,builder_17,217,217,3874
3874,43,5000000,14200,user_30,217,219,
4099,42,5000001,0,builder_17,217,217,1384
1384,45,5000000,13900,user_45,207,219,
1380,47,5000000,6390,user_41,207,219,
4100,45,4999999,0,builder_17,217,217,1380
2184,54,5000001,0,user_11,210,219,177
1905,49,5000001,0,user_13,209,219,177
1124,48,5000001,0,user_10,206,219,177
345,52,5000001,0,user_12,202,219,177
353,53,5000001,0,user_24,202,219,177
547,50,5000001,0,user_26,203,219,177
538,51,5000001,0,user_17,203,219,177
1617,61,5000001,0,user_26,208,219,177
1911,62,5000001,0,user_20,209,219,177
1910,63,5000001,0,user_18,209,219,177
1917,64,5000001,0,user_24,209,219,177
2168,55,5000001,0,user_0,210,219,177
883,60,5000001,0,user_0,205,219,177
719,58,5000001,0,user_19,204,219,177
714,59,5000001,0,user_15,204,219,177
2181,56,5000001,0,user_9,210,219,177
2183,57,5000001,0,user_9,210,219,177
349,65,5000001,0,user_19,202,219,177
3625,68,5000000,0,user_42,216,219,
1377,69,5000000,0,user_37,207,219,
731,70,5000000,0,user_30,204,219,
1929,73,5000000,0,user_39,209,219,
749,72,5000000,0,user_47,204,219,
191,71,5000000,0,user_38,201,219,
2913,74,5000000,0,user_34,213,219,
3882,66,5000000,0,user_35,217,219,
2178,81,4999999,0,user_8,210,219,177
348,79,4999999,0,user_16,202,219,177
354,80,4999999,0,user_24,202,219,177
528,77,4999999,0,user_8,203,219,177
529,78,4999999,0,user_8,203,219,177
545,76,4999999,0,user_21,203,219,177
1593,75,4999999,0,user_7,208,219,177
1894,86,4999999,0,user_4,209,219,177
1898,89,4999999,0,user_5,209,219,177
1913,92,4999999,0,user_22,209,219,177
1901,87,4999999,0,user_10,209,219,177
1909,88,4999999,0,user_18,209,219,177
1914,90,4999999,0,user_23,209,219,177
1916,91,4999999,0,user_24,209,219,177
724,85,4999999,0,user_25,204,219,177
2179,82,4999999,0,user_9,210,219,177
2180,83,4999999,0,user_9,210,219,177
2182,84,4999999,0,user_9,210,219,177
732,94,4500000,16400,user_31,204,219,
4101,91,4499999,0,builder_17,217,217,732
3378,95,4500000,0,user_42,215,219,
4102,93,4200001,0,builder_17,217,217,2681
2681,97,4200000,231000,user_36,212,219,
4103,95,4200001,0,builder_17,217,217,55
55,99,4200000,33100,user_43,200,219,
341,97,4200001,0,user_8,202,217,55
343,98,4200001,0,user_10,202,217,55
162,99,4200001,0,user_13,201,217,55
4386,0,43000001,0,builder_17,218,218,2919
2919,1,43000000,56200,user_39,213,219,
11,2,43000000,0,user_9,200,219,
1627,3,43000000,0,user_29,208,219,
2678,4,43000000,0,user_34,212,219,
1370,5,30000000,0,user_29,207,219,
2214,6,30000000,0,user_38,210,219,
1931,8,30000000,0,user_41,209,219,
735,7,30000000,0,user_35,204,219,
1926,10,27000000,0,user_34,209,219,
358,9,27000000,0,user_28,202,219,
2677,11,27000000,0,user_32,212,219,
2217,12,19000000,0,user_40,210,219,
2449,13,19000000,0,user_32,211,219,
3875,15,660000,17700000,user_31,217,219,
4387,15,659999,0,builder_17,218,218,3875
4388,16,170001,0,builder_17,218,218,727
727,18,170000,17700000,user_27,204,219,
1618,20,3500000,7190000,user_27,208,219,
4389,19,3499999,0,builder_17,218,218,1618
4390,20,6300001,0,builder_17,218,218,46
46,22,6300000,7840,user_34,200,219,
164,23,6300001,0,user_14,201,219,46
1147,25,6300000,0,user_31,206,219,
3876,24,6300000,0,user_31,217,219,
187,28,6300000,0,user_33,201,219,
1640,27,6300000,0,user_44,208,219,
4166,26,6300000,0,user_45,218,219,
166,29,6299999,0,user_16,201,219,46
152,30,6299999,0,user_6,201,219,46
165,31,6299999,0,user_14,201,219,46
1158,32,6100000,0,user_47,206,219,
51,33,6100000,0,user_40,200,219,
43,34,6100000,0,user_33,200,219,
1626,35,6100000,0,user_29,208,219,
177,36,5000000,381000,user_27,201,219,
4391,36,4999999,0,builder_17,218,218,177
4392,37,5000001,0,builder_17,218,218,3380
3380,38,5000000,215000,user_43,215,219,
2226,40,5200000,0,user_49,210,219,
908,41,5200000,0,user_27,205,219,
4393,41,5000001,0,builder_17,218,218,4151
4151,42,5000000,36800,user_34,218,218,
4394,43,5000001,0,builder_17,218,218,3874
3874,43,5000000,14200,user_30,217,219,
1384,45,5000000,13900,user_45,207,219,
4395,46,4999999,0,builder_17,218,218,1384
1380,47,5000000,6390,user_41,207,219,
4396,48,4999999,0,builder_17,218,218,1380
2184,54,5000001,0,user_11,210,219,177
1905,49,5000001,0,user_13,209,219,177
1124,48,5000001,0,user_10,206,219,177
538,51,5000001,0,user_17,203,219,177
547,50,5000001,0,user_26,203,219,177
345,52,5000001,0,user_12,202,219,177
353,53,5000001,0,user_24,202,219,177
2168,55,5000001,0,user_0,210,219,177
2181,56,5000001,0,user_9,210,219,177
2183,57,5000001,0,user_9,210,219,177
1910,63,5000001,0,user_18,209,219,177
1917,64,5000001,0,user_24,209,219,177
1911,62,5000001,0,user_20,209,219,177
714,59,5000001,0,user_15,204,219,177
883,60,5000001,0,user_0,205,219,177
719,58,5000001,0,user_19,204,219,177
1617,61,5000001,0,user_26,208,219,177
349,65,5000001,0,user_19,202,219,177
3625,68,5000000,0,user_42,216,219,
3882,66,5000000,0,user_35,217,219,
1377,69,5000000,0,user_37,207,219,
731,70,5000000,0,user_30,204,219,
3888,67,5000000,0,user_38,217,219,
1929,73,5000000,0,user_39,209,219,
749,72,5000000,0,user_47,204,219,
191,71,5000000,0,user_38,201,219,
2913,74,5000000,0,user_34,213,219,
2178,81,4999999,0,user_8,210,219,177
528,77,4999999,0,user_8,203,219,177
529,78,4999999,0,user_8,203,219,177
545,76,4999999,0,user_21,203,219,177
348,79,4999999,0,user_16,202,219,177
354,80,4999999,0,user_24,202,219,177
1593,75,4999999,0,user_7,208,219,177
1898,89,4999999,0,user_5,209,219,177
2179,82,4999999,0,user_9,210,219,177
2180,83,4999999,0,user_9,210,219,177
2182,84,4999999,0,user_9,210,219,177
1894,86,4999999,0,user_4,209,219,177
1909,88,4999999,0,user_18,209,219,177
1914,90,4999999,0,user_23,209,219,177
1916,91,4999999,0,user_24,209,219,177
1913,92,4999999,0,user_22,209,219,177
1901,87,4999999,0,user_10,209,219,177
724,85,4999999,0,user_25,204,219,177
732,94,4500000,16400,user_31,204,219,
4397,95,4499999,0,builder_17,218,218,732
3378,95,4500000,0,user_42,215,219,
2681,97,4200000,231000,user_36,212,219,
4398,98,4199999,0,builder_17,218,218,2681
55,99,4200000,33100,user_43,200,219,
4687,0,43000001,0,builder_17,219,219,2919
2919,1,43000000,56200,user_39,213,219,
11,2,43000000,0,user_9,200,219,
1627,3,43000000,0,user_29,208,219,
2678,4,43000000,0,user_34,212,219,
1370,5,30000000,0,user_29,207,219,
2214,6,30000000,0,user_38,210,219,
735,7,30000000,0,user_35,204,219,
1931,8,30000000,0,user_41,209,219,
358,9,27000000,0,user_28,202,219,
1926,10,27000000,0,user_34,209,219,
2677,11,27000000,0,user_32,212,219,
2217,12,19000000,0,user_40,210,219,
2449,13,19000000,0,user_32,211,219,
4445,14,19000000,0,user_36,219,219,
3875,15,660000,17700000,user_31,217,219,
4688,16,659999,0,builder_17,219,219,3875
4689,17,170001,0,builder_17,219,219,727
727,18,170000,17700000,user_27,204,219,
4690,19,3500001,0,builder_17,219,219,1618
1618,20,3500000,7190000,user_27,208,219,
4691,21,6300001,0,builder_17,219,219,46
46,22,6300000,7840,user_34,200,219,
164,23,6300001,0,user_14,201,219,46
3876,24,6300000,0,user_31,217,219,
1147,25,6300000,0,user_31,206,219,
4166,26,6300000,0,user_45,218,219,
1640,27,6300000,0,user_44,208,219,
187,28,6300000,0,user_33,201,219,
166,29,6299999,0,user_16,201,219,46
152,30,6299999,0,user_6,201,219,46
165,31,6299999,0,user_14,201,219,46
1158,32,6100000,0,user_47,206,219,
51,33,6100000,0,user_40,200,219,
43,34,6100000,0,user_33,200,219,
1626,35,6100000,0,user_29,208,219,
177,36,5000000,381000,user_27,201,219,
4692,37,4999999,0,builder_17,219,219,177
3380,38,5000000,215000,user_43,215,219,
4693,39,4999999,0,builder_17,219,219,3380
2226,40,5200000,0,user_49,210,219,
908,41,5200000,0,user_27,205,219,
4694,42,5000001,0,builder_17,219,219,3874
3874,43,5000000,14200,user_30,217,219,
4695,44,5000001,0,builder_17,219,219,1384
1384,45,5000000,13900,user_45,207,219,
4696,46,5000001,0,builder_17,219,219,1380
1380,47,5000000,6390,user_41,207,219,
1124,48,5000001,0,user_10,206,219,177
1905,49,5000001,0,user_13,209,219,177
547,50,5000001,0,user_26,203,219,177
538,51,5000001,0,user_17,203,219,177
345,52,5000001,0,user_12,202,219,177
353,53,5000001,0,user_24,202,219,177
2184,54,5000001,0,user_11,210,219,177
2168,55,5000001,0,user_0,210,219,177
2181,56,5000001,0,user_9,210,219,177
2183,57,5000001,0,user_9,210,219,177
719,58,5000001,0,user_19,204,219,177
714,59,5000001,0,user_15,204,219,177
883,60,5000001,0,user_0,205,219,177
1617,61,5000001,0,user_26,208,219,177
1911,62,5000001,0,user_20,209,219,177
1910,63,5000001,0,user_18,209,219,177
1917,64,5000001,0,user_24,209,219,177
349,65,5000001,0,user_19,202,219,177
3882,66,5000000,0,user_35,217,219,
3888,67,5000000,0,user_38,217,219,
3625,68,5000000,0,user_42,216,219,
1377,69,5000000,0,user_37,207,219,
731,70,5000000,0,user_30,204,219,
191,71,5000000,0,user_38,201,219,
749,72,5000000,0,user_47,204,219,
1929,73,5000000,0,user_39,209,219,
2913,74,5000000,0,user_34,213,219,
1593,75,4999999,0,user_7,208,219,177
545,76,4999999,0,user_21,203,219,177
528,77,4999999,0,user_8,203,219,177
529,78,4999999,0,user_8,203,219,177
348,79,4999999,0,user_16,202,219,177
354,80,4999999,0,user_24,202,219,177
2178,81,4999999,0,user_8,210,219,177
2179,82,4999999,0,user_9,210,219,177
2180,83,4999999,0,user_9,210,219,177
2182,84,4999999,0,user_9,210,219,177
724,85,4999999,0,user_25,204,219,177
1894,86,4999999,0,user_4,209,219,177
1901,87,4999999,0,user_10,209,219,177
1909,88,4999999,0,user_18,209,219,177
1898,89,4999999,0,user_5,209,219,177
1914,90,4999999,0,user_23,209,219,177
1916,91,4999999,0,user_24,209,219,177
1913,92,4999999,0,user_22,209,219,177
4697,93,4500001,0,builder_17,219,219,732
732,94,4500000,16400,user_31,204,219,
3378,95,4500000,0,user_42,215,219,
4698,96,4200001,0,builder_17,219,219,2681
2681,97,4200000,231000,user_36,212,219,
4699,98,4200001,0,builder_17,219,219,55
55,99,4200000,33100,user_43,200,219,
11,2,43000000,0,user_9,220,239,
46,22,6300000,7840,user_34,220,239,
128,2,6299999,0,builder_17,220,220,46
43,34,6100000,0,user_33,220,239,
51,33,6100000,0,user_40,220,239,
38,96,3200000,21800,user_30,220,229,
129,6,3199999,0,builder_17,220,220,38
15,86,2600000,0,user_11,220,228,
61,87,2600000,0,user_46,220,228,
42,88,2500000,0,user_32,220,228,
44,96,2000000,322000,user_33,220,228,
130,11,1999999,0,builder_17,220,220,44
45,98,2300000,0,user_33,220,228,
10,94,2000000,0,user_8,220,226,
39,98,1500000,0,user_30,220,224,
66,90,1300000,0,user_49,220,223,
37,94,1200000,0,user_28,220,223,
60,93,1200000,0,user_45,220,223,
13,95,1100000,0,user_11,220,223,
65,97,1000000,0,user_48,220,223,
5,99,660000,14200,user_4,220,223,
131,21,659999,0,builder_17,220,220,5
17,84,660001,0,user_14,220,222,5
6,86,660001,0,user_5,220,222,5
8,87,660001,0,user_5,220,222,5
21,91,660001,0,user_17,220,222,5
23,92,660001,0,user_18,220,222,5
24,93,660001,0,user_18,220,222,5
25,94,660001,0,user_18,220,222,5
31,89,660001,0,user_25,220,222,5
32,90,660001,0,user_25,220,222,5
19,85,660001,0,user_15,220,222,5
29,88,660001,0,user_22,220,222,5
16,95,659999,0,user_14,220,222,5
7,96,659999,0,user_5,220,222,5
22,99,659999,0,user_18,220,222,5
26,86,659999,0,user_18,220,221,5
33,97,659999,0,user_26,220,222,5
34,98,659999,0,user_26,220,222,5
48,87,420000,0,user_35,220,221,
12,89,310000,0,user_11,220,221,
4,95,260000,0,user_4,220,221,
14,96,220000,0,user_11,220,221,
41,97,220000,0,user_32,220,221,
63,98,220000,0,user_47,220,221,
132,45,150001,0,builder_17,220,220,1
1,99,150000,39400,user_1,220,221,
64,47,160000,0,user_48,220,220,
49,48,160000,0,user_36,220,220,
53,49,160000,0,user_42,220,220,
2,50,150001,0,user_2,220,220,1
9,51,150001,0,user_7,220,220,1
18,52,150001,0,user_15,220,220,1
3,53,149999,0,user_3,220,220,1
20,54,149999,0,user_16,220,220,1
30,55,149999,0,user_23,220,220,1
28,56,149999,0,user_20,220,220,1
50,57,130000,0,user_39,220,220,
52,58,110000,0,user_41,220,220,
40,59,87000,0,user_31,220,220,
62,60,82000,0,user_46,220,220,
0,61,80000,0,user_1,220,220,
54,62,77000,0,user_42,220,220,
47,63,70000,0,user_34,220,220,
11,2,43000000,0,user_9,220,239,
46,22,6300000,7840,user_34,220,239,
323,2,6299999,0,builder_18,221,221,46
164,23,6300001,0,user_14,221,239,46
187,28,6300000,0,user_33,221,239,
165,31,6299999,0,user_14,221,239,46
166,29,6299999,0,user_16,221,239,46
152,30,6299999,0,user_6,221,239,46
51,33,6100000,0,user_40,220,239,
43,34,6100000,0,user_33,220,239,
324,10,5000001,0,builder_18,221,221,177
177,36,5000000,381000,user_27,221,239,
55,99,4200000,33100,user_43,220,239,
325,13,4199999,0,builder_18,221,221,55
156,95,4200001,0,user_9,221,236,55
162,99,4200001,0,user_13,221,237,55
163,94,4200001,0,user_13,221,236,55
169,96,4200001,0,user_17,221,236,55
171,98,4199999,0,user_20,221,233,55
159,99,4199999,0,user_13,221,233,55
176,99,4199999,0,user_26,221,232,55
326,21,3200001,0,builder_18,221,221,38
38,96,3200000,21800,user_30,220,229,
144,77,3200001,0,user_4,221,228,38
142,81,3199999,0,user_3,221,228,38
143,82,3199999,0,user_3,221,228,38
174,83,3199999,0,user_23,221,228,38
15,86,2600000,0,user_11,220,228,
61,87,2600000,0,user_46,220,228,
199,84,2600000,0,user_47,221,228,
42,88,2500000,0,user_32,220,228,
327,31,2000001,0,builder_18,221,221,44
44,96,2000000,322000,user_33,220,228,
45,98,2300000,0,user_33,220,228,
36,97,2300000,0,user_27,220,228,
154,96,2000001,0,user_7,221,227,44
172,94,2000001,0,user_21,221,227,44
145,97,2000001,0,user_5,221,227,44
149,98,2000001,0,user_5,221,227,44
151,95,2000001,0,user_6,221,227,44
173,99,2000001,0,user_22,221,227,44
10,94,2000000,0,user_8,220,226,
140,98,1999999,0,user_2,221,226,44
158,93,1999999,0,user_10,221,225,44
139,91,1999999,0,user_0,221,225,44
160,94,1999999,0,user_13,221,225,44
161,95,1999999,0,user_13,221,225,44
167,96,1999999,0,user_17,221,225,44
147,99,1999999,0,user_5,221,226,44
150,97,1999999,0,user_6,221,225,44
153,98,1999999,0,user_6,221,225,44
175,99,1999999,0,user_26,221,225,44
196,92,1800000,0,user_44,221,224,
181,93,1600000,0,user_30,221,224,
194,94,1600000,0,user_42,221,224,
39,98,1500000,0,user_30,220,224,
200,97,1500000,0,user_48,221,224,
185,99,1500000,0,user_32,221,224,
35,86,1400000,0,user_27,220,223,
56,87,1400000,0,user_43,220,223,
198,88,1400000,0,user_46,221,223,
66,90,1300000,0,user_49,220,223,
37,94,1200000,0,user_28,220,223,
60,93,1200000,0,user_45,220,223,
197,92,1200000,0,user_45,221,223,
13,95,1100000,0,user_11,220,223,
65,97,1000000,0,user_48,220,223,
328,67,660001,0,builder_18,221,221,5
5,99,660000,14200,user_4,220,223,
6,86,660001,0,user_5,220,222,5
8,87,660001,0,user_5,220,222,5
27,83,660001,0,user_19,220,222,5
17,84,660001,0,user_14,220,222,5
19,85,660001,0,user_15,220,222,5
29,88,660001,0,user_22,220,222,5
31,89,660001,0,user_25,220,222,5
32,90,660001,0,user_25,220,222,5
21,91,660001,0,user_17,220,222,5
23,92,660001,0,user_18,220,222,5
24,93,660001,0,user_18,220,222,5
25,94,660001,0,user_18,220,222,5
7,96,659999,0,user_5,220,222,5
16,95,659999,0,user_14,220,222,5
33,97,659999,0,user_26,220,222,5
34,98,659999,0,user_26,220,222,5
22,99,659999,0,user_18,220,222,5
26,86,659999,0,user_18,220,221,5
48,87,420000,0,user_35,220,221,
183,88,340000,0,user_32,221,221,
12,89,310000,0,user_11,220,221,
193,90,310000,0,user_40,221,221,
329,91,260001,0,builder_18,221,221,192
192,92,260000,21800,user_39,221,221,
57,93,110000,164000,user_43,220,221,
330,94,109999,0,builder_18,221,221,57
4,95,260000,0,user_4,220,221,
14,96,220000,0,user_11,220,221,
41,97,220000,0,user_32,220,221,
63,98,220000,0,user_47,220,221,
1,99,150000,39400,user_1,220,221,
11,2,43000000,0,user_9,220,239,
46,22,6300000,7840,user_34,220,239,
514,2,6299999,0,builder_18,222,222,46
164,23,6300001,0,user_14,221,239,46
187,28,6300000,0,user_33,221,239,
152,30,6299999,0,user_6,221,239,46
165,31,6299999,0,user_14,221,239,46
166,29,6299999,0,user_16,221,239,46
43,34,6100000,0,user_33,220,239,
51,33,6100000,0,user_40,220,239,
345,52,5000001,0,user_12,222,239,177
353,53,5000001,0,user_24,222,239,177
191,71,5000000,0,user_38,221,239,
348,79,4999999,0,user_16,222,239,177
354,80,4999999,0,user_24,222,239,177
55,99,4200000,33100,user_43,220,239,
515,16,4199999,0,builder_18,222,222,55
162,99,4200001,0,user_13,221,237,55
163,94,4200001,0,user_13,221,236,55
156,95,4200001,0,user_9,221,236,55
169,96,4200001,0,user_17,221,236,55
343,98,4200001,0,user_10,222,237,55
341,97,4200001,0,user_8,222,237,55
362,97,4200000,0,user_32,222,235,
159,99,4199999,0,user_13,221,233,55
171,98,4199999,0,user_20,221,233,55
176,99,4199999,0,user_26,221,232,55
344,99,4199999,0,user_11,222,235,55
340,99,4199999,0,user_8,222,234,55
38,96,3200000,21800,user_30,220,229,
516,30,3199999,0,builder_18,222,222,38
144,77,3200001,0,user_4,221,228,38
142,81,3199999,0,user_3,221,228,38
143,82,3199999,0,user_3,221,228,38
174,83,3199999,0,user_23,221,228,38
15,86,2600000,0,user_11,220,228,
61,87,2600000,0,user_46,220,228,
199,84,2600000,0,user_47,221,228,
42,88,2500000,0,user_32,220,228,
369,93,2400000,0,user_42,222,228,
44,96,2000000,322000,user_33,220,228,
517,41,1999999,0,builder_18,222,222,44
45,98,2300000,0,user_33,220,228,
36,97,2300000,0,user_27,220,228,
145,97,2000001,0,user_5,221,227,44
149,98,2000001,0,user_5,221,227,44
151,95,2000001,0,user_6,221,227,44
154,96,2000001,0,user_7,221,227,44
172,94,2000001,0,user_21,221,227,44
173,99,2000001,0,user_22,221,227,44
355,89,2000001,0,user_25,222,226,44
10,94,2000000,0,user_8,220,226,
140,98,1999999,0,user_2,221,226,44
147,99,1999999,0,user_5,221,226,44
158,93,1999999,0,user_10,221,225,44
160,94,1999999,0,user_13,221,225,44
161,95,1999999,0,user_13,221,225,44
150,97,1999999,0,user_6,221,225,44
153,98,1999999,0,user_6,221,225,44
139,91,1999999,0,user_0,221,225,44
175,99,1999999,0,user_26,221,225,44
167,96,1999999,0,user_17,221,225,44
338,88,1999999,0,user_6,222,225,44
196,92,1800000,0,user_44,221,224,
194,94,1600000,0,user_42,221,224,
181,93,1600000,0,user_30,221,224,
39,98,1500000,0,user_30,220,224,
185,99,1500000,0,user_32,221,224,
200,97,1500000,0,user_48,221,224,
35,86,1400000,0,user_27,220,223,
56,87,1400000,0,user_43,220,223,
198,88,1400000,0,user_46,221,223,
373,85,1400000,0,user_44,222,223,
66,90,1300000,0,user_49,220,223,
37,94,1200000,0,user_28,220,223,
60,93,1200000,0,user_45,220,223,
197,92,1200000,0,user_45,221,223,
13,95,1100000,0,user_11,220,223,
65,97,1000000,0,user_48,220,223,
5,99,660000,14200,user_4,220,223,
518,80,659999,0,builder_18,222,222,5
519,81,73001,0,builder_18,222,222,195
195,82,73000,594000,user_43,221,222,
27,83,660001,0,user_19,220,222,5
17,84,660001,0,user_14,220,222,5
19,85,660001,0,user_15,220,222,5
6,86,660001,0,user_5,220,222,5
8,87,660001,0,user_5,220,222,5
29,88,660001,0,user_22,220,222,5
31,89,660001,0,user_25,220,222,5
32,90,660001,0,user_25,220,222,5
21,91,660001,0,user_17,220,222,5
23,92,660001,0,user_18,220,222,5
24,93,660001,0,user_18,220,222,5
25,94,660001,0,user_18,220,222,5
16,95,659999,0,user_14,220,222,5
7,96,659999,0,user_5,220,222,5
33,97,659999,0,user_26,220,222,5
34,98,659999,0,user_26,220,222,5
22,99,659999,0,user_18,220,222,5
11,2,43000000,0,user_9,220,239,
358,9,27000000,0,user_28,222,239,
686,2,6300001,0,builder_17,223,223,46
46,22,6300000,7840,user_34,220,239,
164,23,6300001,0,user_14,221,239,46
187,28,6300000,0,user_33,221,239,
165,31,6299999,0,user_14,221,239,46
166,29,6299999,0,user_16,221,239,46
152,30,6299999,0,user_6,221,239,46
51,33,6100000,0,user_40,220,239,
43,34,6100000,0,user_33,220,239,
687,11,5000001,0,builder_17,223,223,177
177,36,5000000,381000,user_27,221,239,
345,52,5000001,0,user_12,222,239,177
353,53,5000001,0,user_24,222,239,177
349,65,5000001,0,user_19,222,239,177
538,51,5000001,0,user_17,223,239,177
547,50,5000001,0,user_26,223,239,177
191,71,5000000,0,user_38,221,239,
348,79,4999999,0,user_16,222,239,177
354,80,4999999,0,user_24,222,239,177
528,77,4999999,0,user_8,223,239,177
529,78,4999999,0,user_8,223,239,177
545,76,4999999,0,user_21,223,239,177
688,24,4200001,0,builder_17,223,223,55
55,99,4200000,33100,user_43,220,239,
156,95,4200001,0,user_9,221,236,55
343,98,4200001,0,user_10,222,237,55
341,97,4200001,0,user_8,222,237,55
162,99,4200001,0,user_13,221,237,55
163,94,4200001,0,user_13,221,236,55
169,96,4200001,0,user_17,221,236,55
362,97,4200000,0,user_32,222,235,
552,97,4200000,0,user_34,223,236,
344,99,4199999,0,user_11,222,235,55
340,99,4199999,0,user_8,222,234,55
159,99,4199999,0,user_13,221,233,55
176,99,4199999,0,user_26,221,232,55
171,98,4199999,0,user_20,221,233,55
38,96,3200000,21800,user_30,220,229,
689,40,3199999,0,builder_17,223,223,38
144,77,3200001,0,user_4,221,228,38
142,81,3199999,0,user_3,221,228,38
143,82,3199999,0,user_3,221,228,38
174,83,3199999,0,user_23,221,228,38
199,84,2600000,0,user_47,221,228,
61,87,2600000,0,user_46,220,228,
15,86,2600000,0,user_11,220,228,
42,88,2500000,0,user_32,220,228,
690,49,2400001,0,builder_17,223,223,553
553,91,2400000,18600,user_36,223,228,
369,93,2400000,0,user_42,222,228,
44,96,2000000,322000,user_33,220,228,
691,53,1999999,0,builder_17,223,223,44
36,97,2300000,0,user_27,220,228,
45,98,2300000,0,user_33,220,228,
355,89,2000001,0,user_25,222,226,44
154,96,2000001,0,user_7,221,227,44
172,94,2000001,0,user_21,221,227,44
145,97,2000001,0,user_5,221,227,44
149,98,2000001,0,user_5,221,227,44
151,95,2000001,0,user_6,221,227,44
173,99,2000001,0,user_22,221,227,44
539,91,2000001,0,user_17,223,227,44
10,94,2000000,0,user_8,220,226,
338,88,1999999,0,user_6,222,225,44
522,96,1999999,0,user_0,223,226,44
158,93,1999999,0,user_10,221,225,44
139,91,1999999,0,user_0,221,225,44
160,94,1999999,0,user_13,221,225,44
161,95,1999999,0,user_13,221,225,44
167,96,1999999,0,user_17,221,225,44
147,99,1999999,0,user_5,221,226,44
150,97,1999999,0,user_6,221,225,44
153,98,1999999,0,user_6,221,225,44
175,99,1999999,0,user_26,221,225,44
140,98,1999999,0,user_2,221,226,44
196,92,1800000,0,user_44,221,224,
371,96,1600000,0,user_43,222,224,
181,93,1600000,0,user_30,221,224,
194,94,1600000,0,user_42,221,224,
360,95,1600000,0,user_28,222,224,
200,97,1500000,0,user_48,221,224,
185,99,1500000,0,user_32,221,224,
39,98,1500000,0,user_30,220,224,
373,85,1400000,0,user_44,222,223,
35,86,1400000,0,user_27,220,223,
56,87,1400000,0,user_43,220,223,
198,88,1400000,0,user_46,221,223,
359,89,1400000,0,user_28,222,223,
66,90,1300000,0,user_49,220,223,
556,91,1300000,0,user_40,223,223,
197,92,1200000,0,user_45,221,223,
60,93,1200000,0,user_45,220,223,
37,94,1200000,0,user_28,220,223,
13,95,1100000,0,user_11,220,223,
560,96,1100000,0,user_46,223,223,
65,97,1000000,0,user_48,220,223,
692,98,660001,0,builder_17,223,223,5
5,99,660000,14200,user_4,220,223,
11,2,43000000,0,user_9,220,239,
735,7,30000000,0,user_35,224,239,
358,9,27000000,0,user_28,222,239,
46,22,6300000,7840,user_34,220,239,
866,4,6299999,0,builder_17,224,224,46
164,23,6300001,0,user_14,221,239,46
187,28,6300000,0,user_33,221,239,
152,30,6299999,0,user_6,221,239,46
165,31,6299999,0,user_14,221,239,46
166,29,6299999,0,user_16,221,239,46
43,34,6100000,0,user_33,220,239,
51,33,6100000,0,user_40,220,239,
177,36,5000000,381000,user_27,221,239,
867,13,4999999,0,builder_17,224,224,177
349,65,5000001,0,user_19,222,239,177
538,51,5000001,0,user_17,223,239,177
547,50,5000001,0,user_26,223,239,177
353,53,5000001,0,user_24,222,239,177
345,52,5000001,0,user_12,222,239,177
714,59,5000001,0,user_15,224,239,177
191,71,5000000,0,user_38,221,239,
749,72,5000000,0,user_47,224,239,
731,70,5000000,0,user_30,224,239,
528,77,4999999,0,user_8,223,239,177
529,78,4999999,0,user_8,223,239,177
545,76,4999999,0,user_21,223,239,177
348,79,4999999,0,user_16,222,239,177
354,80,4999999,0,user_24,222,239,177
724,85,4999999,0,user_25,224,239,177
868,29,4500001,0,builder_17,224,224,732
732,94,4500000,16400,user_31,224,239,
55,99,4200000,33100,user_43,220,239,
869,32,4199999,0,builder_17,224,224,55
156,95,4200001,0,user_9,221,236,55
343,98,4200001,0,user_10,222,237,55
169,96,4200001,0,user_17,221,236,55
162,99,4200001,0,user_13,221,237,55
163,94,4200001,0,user_13,221,236,55
341,97,4200001,0,user_8,222,237,55
552,97,4200000,0,user_34,223,236,
362,97,4200000,0,user_32,222,235,
176,99,4199999,0,user_26,221,232,55
344,99,4199999,0,user_11,222,235,55
159,99,4199999,0,user_13,221,233,55
171,98,4199999,0,user_20,221,233,55
340,99,4199999,0,user_8,222,234,55
38,96,3200000,21800,user_30,220,229,
870,47,3199999,0,builder_17,224,224,38
555,98,3200000,6390,user_37,223,229,
871,49,3199999,0,builder_17,224,224,555
144,77,3200001,0,user_4,221,228,38
742,78,3200000,0,user_40,224,228,
174,83,3199999,0,user_23,221,228,38
142,81,3199999,0,user_3,221,228,38
143,82,3199999,0,user_3,221,228,38
554,85,2600000,0,user_37,223,228,
199,84,2600000,0,user_47,221,228,
61,87,2600000,0,user_46,220,228,
15,86,2600000,0,user_11,220,228,
42,88,2500000,0,user_32,220,228,
553,91,2400000,18600,user_36,223,228,
872,61,2399999,0,builder_17,224,224,553
369,93,2400000,0,user_42,222,228,
44,96,2000000,322000,user_33,220,228,
873,64,1999999,0,builder_17,224,224,44
45,98,2300000,0,user_33,220,228,
36,97,2300000,0,user_27,220,228,
539,91,2000001,0,user_17,223,227,44
145,97,2000001,0,user_5,221,227,44
149,98,2000001,0,user_5,221,227,44
154,96,2000001,0,user_7,221,227,44
151,95,2000001,0,user_6,221,227,44
172,94,2000001,0,user_21,221,227,44
173,99,2000001,0,user_22,221,227,44
355,89,2000001,0,user_25,222,226,44
706,90,2000001,0,user_5,224,227,44
716,92,2000001,0,user_17,224,227,44
10,94,2000000,0,user_8,220,226,
750,93,2000000,0,user_48,224,226,
710,97,1999999,0,user_9,224,226,44
158,93,1999999,0,user_10,221,225,44
147,99,1999999,0,user_5,221,226,44
150,97,1999999,0,user_6,221,225,44
153,98,1999999,0,user_6,221,225,44
175,99,1999999,0,user_26,221,225,44
167,96,1999999,0,user_17,221,225,44
338,88,1999999,0,user_6,222,225,44
140,98,1999999,0,user_2,221,226,44
160,94,1999999,0,user_13,221,225,44
161,95,1999999,0,user_13,221,225,44
139,91,1999999,0,user_0,221,225,44
522,96,1999999,0,user_0,223,226,44
196,92,1800000,0,user_44,221,224,
181,93,1600000,0,user_30,221,224,
194,94,1600000,0,user_42,221,224,
360,95,1600000,0,user_28,222,224,
371,96,1600000,0,user_43,222,224,
200,97,1500000,0,user_48,221,224,
39,98,1500000,0,user_30,220,224,
185,99,1500000,0,user_32,221,224,
11,2,43000000,0,user_9,220,239,
735,7,30000000,0,user_35,224,239,
358,9,27000000,0,user_28,222,239,
1096,3,170001,0,builder_17,225,225,727
727,18,170000,17700000,user_27,224,239,
46,22,6300000,7840,user_34,220,239,
1097,6,6299999,0,builder_17,225,225,46
164,23,6300001,0,user_14,221,239,46
187,28,6300000,0,user_33,221,239,
165,31,6299999,0,user_14,221,239,46
166,29,6299999,0,user_16,221,239,46
152,30,6299999,0,user_6,221,239,46
51,33,6100000,0,user_40,220,239,
43,34,6100000,0,user_33,220,239,
1098,14,5000001,0,builder_17,225,225,177
177,36,5000000,381000,user_27,221,239,
714,59,5000001,0,user_15,224,239,177
883,60,5000001,0,user_0,225,239,177
345,52,5000001,0,user_12,222,239,177
349,65,5000001,0,user_19,222,239,177
547,50,5000001,0,user_26,223,239,177
719,58,5000001,0,user_19,224,239,177
353,53,5000001,0,user_24,222,239,177
538,51,5000001,0,user_17,223,239,177
749,72,5000000,0,user_47,224,239,
731,70,5000000,0,user_30,224,239,
191,71,5000000,0,user_38,221,239,
724,85,4999999,0,user_25,224,239,177
348,79,4999999,0,user_16,222,239,177
545,76,4999999,0,user_21,223,239,177
528,77,4999999,0,user_8,223,239,177
529,78,4999999,0,user_8,223,239,177
354,80,4999999,0,user_24,222,239,177
732,94,4500000,16400,user_31,224,239,
1099,34,4499999,0,builder_17,225,225,732
1100,35,4200001,0,builder_17,225,225,55
55,99,4200000,33100,user_43,220,239,
341,97,4200001,0,user_8,222,237,55
343,98,4200001,0,user_10,222,237,55
156,95,4200001,0,user_9,221,236,55
162,99,4200001,0,user_13,221,237,55
163,94,4200001,0,user_13,221,236,55
169,96,4200001,0,user_17,221,236,55
552,97,4200000,0,user_34,223,236,
362,97,4200000,0,user_32,222,235,
340,99,4199999,0,user_8,222,234,55
159,99,4199999,0,user_13,221,233,55
176,99,4199999,0,user_26,221,232,55
171,98,4199999,0,user_20,221,233,55
344,99,4199999,0,user_11,222,235,55
38,96,3200000,21800,user_30,220,229,
1101,51,3199999,0,builder_17,225,225,38
555,98,3200000,6390,user_37,223,229,
1102,53,3199999,0,builder_17,225,225,555
144,77,3200001,0,user_4,221,228,38
742,78,3200000,0,user_40,224,228,
910,80,3200000,0,user_32,225,228,
142,81,3199999,0,user_3,221,228,38
143,82,3199999,0,user_3,221,228,38
174,83,3199999,0,user_23,221,228,38
554,85,2600000,0,user_37,223,228,
15,86,2600000,0,user_11,220,228,
61,87,2600000,0,user_46,220,228,
199,84,2600000,0,user_47,221,228,
909,89,2500000,0,user_28,225,228,
42,88,2500000,0,user_32,220,228,
1103,66,2400001,0,builder_17,225,225,553
553,91,2400000,18600,user_36,223,228,
369,93,2400000,0,user_42,222,228,
1104,69,2000001,0,builder_17,225,225,44
44,96,2000000,322000,user_33,220,228,
36,97,2300000,0,user_27,220,228,
45,98,2300000,0,user_33,220,228,
716,92,2000001,0,user_17,224,227,44
706,90,2000001,0,user_5,224,227,44
355,89,2000001,0,user_25,222,226,44
896,88,2000001,0,user_11,225,227,44
539,91,2000001,0,user_17,223,227,44
145,97,2000001,0,user_5,221,227,44
149,98,2000001,0,user_5,221,227,44
154,96,2000001,0,user_7,221,227,44
151,95,2000001,0,user_6,221,227,44
173,99,2000001,0,user_22,221,227,44
172,94,2000001,0,user_21,221,227,44
750,93,2000000,0,user_48,224,226,
10,94,2000000,0,user_8,220,226,
912,95,2000000,0,user_35,225,226,
522,96,1999999,0,user_0,223,226,44
338,88,1999999,0,user_6,222,225,44
710,97,1999999,0,user_9,224,226,44
147,99,1999999,0,user_5,221,226,44
139,91,1999999,0,user_0,221,225,44
140,98,1999999,0,user_2,221,226,44
158,93,1999999,0,user_10,221,225,44
160,94,1999999,0,user_13,221,225,44
161,95,1999999,0,user_13,221,225,44
167,96,1999999,0,user_17,221,225,44
150,97,1999999,0,user_6,221,225,44
153,98,1999999,0,user_6,221,225,44
175,99,1999999,0,user_26,221,225,44
11,2,43000000,0,user_9,220,239,
735,7,30000000,0,user_35,224,239,
358,9,27000000,0,user_28,222,239,
727,18,170000,17700000,user_27,224,239,
1331,4,169999,0,builder_18,226,226,727
46,22,6300000,7840,user_34,220,239,
1332,6,6299999,0,builder_18,226,226,46
164,23,6300001,0,user_14,221,239,46
187,28,6300000,0,user_33,221,239,
152,30,6299999,0,user_6,221,239,46
165,31,6299999,0,user_14,221,239,46
166,29,6299999,0,user_16,221,239,46
43,34,6100000,0,user_33,220,239,
51,33,6100000,0,user_40,220,239,
1158,32,6100000,0,user_47,226,239,
177,36,5000000,381000,user_27,221,239,
1333,16,4999999,0,builder_18,226,226,177
908,41,5200000,0,user_27,225,239,
547,50,5000001,0,user_26,223,239,177
538,51,5000001,0,user_17,223,239,177
719,58,5000001,0,user_19,224,239,177
714,59,5000001,0,user_15,224,239,177
345,52,5000001,0,user_12,222,239,177
353,53,5000001,0,user_24,222,239,177
349,65,5000001,0,user_19,222,239,177
883,60,5000001,0,user_0,225,239,177
1124,48,5000001,0,user_10,226,239,177
749,72,5000000,0,user_47,224,239,
731,70,5000000,0,user_30,224,239,
191,71,5000000,0,user_38,221,239,
545,76,4999999,0,user_21,223,239,177
528,77,4999999,0,user_8,223,239,177
529,78,4999999,0,user_8,223,239,177
724,85,4999999,0,user_25,224,239,177
348,79,4999999,0,user_16,222,239,177
354,80,4999999,0,user_24,222,239,177
1334,36,4500001,0,builder_18,226,226,732
732,94,4500000,16400,user_31,224,239,
1335,38,4200001,0,builder_18,226,226,55
55,99,4200000,33100,user_43,220,239,
162,99,4200001,0,user_13,221,237,55
163,94,4200001,0,user_13,221,236,55
156,95,4200001,0,user_9,221,236,55
169,96,4200001,0,user_17,221,236,55
343,98,4200001,0,user_10,222,237,55
341,97,4200001,0,user_8,222,237,55
552,97,4200000,0,user_34,223,236,
362,97,4200000,0,user_32,222,235,
1151,98,4200000,0,user_34,226,236,
159,99,4199999,0,user_13,221,233,55
171,98,4199999,0,user_20,221,233,55
176,99,4199999,0,user_26,221,232,55
344,99,4199999,0,user_11,222,235,55
340,99,4199999,0,user_8,222,234,55
1144,98,3500000,5640,user_30,226,231,
1336,55,3499999,0,builder_18,226,226,1144
38,96,3200000,21800,user_30,220,229,
1337,57,3199999,0,builder_18,226,226,38
1338,58,3200001,0,builder_18,226,226,555
555,98,3200000,6390,user_37,223,229,
144,77,3200001,0,user_4,221,228,38
742,78,3200000,0,user_40,224,228,
910,80,3200000,0,user_32,225,228,
922,79,3200000,0,user_43,225,228,
142,81,3199999,0,user_3,221,228,38
143,82,3199999,0,user_3,221,228,38
174,83,3199999,0,user_23,221,228,38
554,85,2600000,0,user_37,223,228,
15,86,2600000,0,user_11,220,228,
61,87,2600000,0,user_46,220,228,
199,84,2600000,0,user_47,221,228,
909,89,2500000,0,user_28,225,228,
42,88,2500000,0,user_32,220,228,
1339,73,2400001,0,builder_18,226,226,553
553,91,2400000,18600,user_36,223,228,
369,93,2400000,0,user_42,222,228,
44,96,2000000,322000,user_33,220,228,
1340,77,1999999,0,builder_18,226,226,44
45,98,2300000,0,user_33,220,228,
36,97,2300000,0,user_27,220,228,
539,91,2000001,0,user_17,223,227,44
706,90,2000001,0,user_5,224,227,44
716,92,2000001,0,user_17,224,227,44
145,97,2000001,0,user_5,221,227,44
149,98,2000001,0,user_5,221,227,44
151,95,2000001,0,user_6,221,227,44
154,96,2000001,0,user_7,221,227,44
172,94,2000001,0,user_21,221,227,44
173,99,2000001,0,user_22,221,227,44
355,89,2000001,0,user_25,222,226,44
896,88,2000001,0,user_11,225,227,44
1114,89,2000001,0,user_1,226,227,44
1136,99,2000001,0,user_20,226,228,44
750,93,2000000,0,user_48,224,226,
10,94,2000000,0,user_8,220,226,
912,95,2000000,0,user_35,225,226,
522,96,1999999,0,user_0,223,226,44
710,97,1999999,0,user_9,224,226,44
140,98,1999999,0,user_2,221,226,44
147,99,1999999,0,user_5,221,226,44
11,2,43000000,0,user_9,220,239,
735,7,30000000,0,user_35,224,239,
1370,5,30000000,0,user_29,227,239,
358,9,27000000,0,user_28,222,239,
1578,4,170001,0,builder_18,227,227,727
727,18,170000,17700000,user_27,224,239,
1579,6,6300001,0,builder_18,227,227,46
46,22,6300000,7840,user_34,220,239,
164,23,6300001,0,user_14,221,239,46
187,28,6300000,0,user_33,221,239,
1147,25,6300000,0,user_31,226,239,
165,31,6299999,0,user_14,221,239,46
166,29,6299999,0,user_16,221,239,46
152,30,6299999,0,user_6,221,239,46
51,33,6100000,0,user_40,220,239,
43,34,6100000,0,user_33,220,239,
1158,32,6100000,0,user_47,226,239,
177,36,5000000,381000,user_27,221,239,
1580,18,4999999,0,builder_18,227,227,177
908,41,5200000,0,user_27,225,239,
1581,20,5000001,0,builder_18,227,227,1384
1384,45,5000000,13900,user_45,227,239,
1380,47,5000000,6390,user_41,227,239,
1582,23,4999999,0,builder_18,227,227,1380
883,60,5000001,0,user_0,225,239,177
1124,48,5000001,0,user_10,226,239,177
538,51,5000001,0,user_17,223,239,177
547,50,5000001,0,user_26,223,239,177
719,58,5000001,0,user_19,224,239,177
714,59,5000001,0,user_15,224,239,177
345,52,5000001,0,user_12,222,239,177
349,65,5000001,0,user_19,222,239,177
353,53,5000001,0,user_24,222,239,177
749,72,5000000,0,user_47,224,239,
731,70,5000000,0,user_30,224,239,
191,71,5000000,0,user_38,221,239,
1377,69,5000000,0,user_37,227,239,
545,76,4999999,0,user_21,223,239,177
528,77,4999999,0,user_8,223,239,177
529,78,4999999,0,user_8,223,239,177
724,85,4999999,0,user_25,224,239,177
348,79,4999999,0,user_16,222,239,177
354,80,4999999,0,user_24,222,239,177
732,94,4500000,16400,user_31,224,239,
1583,44,4499999,0,builder_18,227,227,732
1584,45,4200001,0,builder_18,227,227,55
55,99,4200000,33100,user_43,220,239,
162,99,4200001,0,user_13,221,237,55
163,94,4200001,0,user_13,221,236,55
169,96,4200001,0,user_17,221,236,55
156,95,4200001,0,user_9,221,236,55
343,98,4200001,0,user_10,222,237,55
341,97,4200001,0,user_8,222,237,55
362,97,4200000,0,user_32,222,235,
552,97,4200000,0,user_34,223,236,
1151,98,4200000,0,user_34,226,236,
159,99,4199999,0,user_13,221,233,55
171,98,4199999,0,user_20,221,233,55
176,99,4199999,0,user_26,221,232,55
344,99,4199999,0,user_11,222,235,55
340,99,4199999,0,user_8,222,234,55
1585,61,3500001,0,builder_18,227,227,1144
1144,98,3500000,5640,user_30,226,231,
1586,63,3200001,0,builder_18,227,227,38
38,96,3200000,21800,user_30,220,229,
555,98,3200000,6390,user_37,223,229,
1587,66,3199999,0,builder_18,227,227,555
144,77,3200001,0,user_4,221,228,38
910,80,3200000,0,user_32,225,228,
922,79,3200000,0,user_43,225,228,
742,78,3200000,0,user_40,224,228,
142,81,3199999,0,user_3,221,228,38
143,82,3199999,0,user_3,221,228,38
174,83,3199999,0,user_23,221,228,38
554,85,2600000,0,user_37,223,228,
199,84,2600000,0,user_47,221,228,
61,87,2600000,0,user_46,220,228,
15,86,2600000,0,user_11,220,228,
909,89,2500000,0,user_28,225,228,
42,88,2500000,0,user_32,220,228,
1588,80,2400001,0,builder_18,227,227,553
553,91,2400000,18600,user_36,223,228,
369,93,2400000,0,user_42,222,228,
1160,92,2400000,0,user_49,226,228,
44,96,2000000,322000,user_33,220,228,
1589,85,1999999,0,builder_18,227,227,44
45,98,2300000,0,user_33,220,228,
36,97,2300000,0,user_27,220,228,
896,88,2000001,0,user_11,225,227,44
1114,89,2000001,0,user_1,226,227,44
706,90,2000001,0,user_5,224,227,44
539,91,2000001,0,user_17,223,227,44
716,92,2000001,0,user_17,224,227,44
1136,99,2000001,0,user_20,226,228,44
172,94,2000001,0,user_21,221,227,44
151,95,2000001,0,user_6,221,227,44
154,96,2000001,0,user_7,221,227,44
145,97,2000001,0,user_5,221,227,44
149,98,2000001,0,user_5,221,227,44
173,99,2000001,0,user_22,221,227,44
11,2,43000000,0,user_9,220,239,
1627,3,43000000,0,user_29,228,239,
735,7,30000000,0,user_35,224,239,
1370,5,30000000,0,user_29,227,239,
358,9,27000000,0,user_28,222,239,
727,18,170000,17700000,user_27,224,239,
1876,6,169999,0,builder_18,228,228,727
1618,20,3500000,7190000,user_27,228,239,
1877,8,3499999,0,builder_18,228,228,1618
1878,9,6300001,0,builder_18,228,228,46
46,22,6300000,7840,user_34,220,239,
164,23,6300001,0,user_14,221,239,46
1147,25,6300000,0,user_31,226,239,
187,28,6300000,0,user_33,221,239,
1640,27,6300000,0,user_44,228,239,
165,31,6299999,0,user_14,221,239,46
166,29,6299999,0,user_16,221,239,46
152,30,6299999,0,user_6,221,239,46
1158,32,6100000,0,user_47,226,239,
43,34,6100000,0,user_33,220,239,
51,33,6100000,0,user_40,220,239,
1626,35,6100000,0,user_29,228,239,
177,36,5000000,381000,user_27,221,239,
1879,23,4999999,0,builder_18,228,228,177
908,41,5200000,0,user_27,225,239,
1384,45,5000000,13900,user_45,227,239,
1880,26,4999999,0,builder_18,228,228,1384
1881,27,5000001,0,builder_18,228,228,1380
1380,47,5000000,6390,user_41,227,239,
1124,48,5000001,0,user_10,226,239,177
345,52,5000001,0,user_12,222,239,177
349,65,5000001,0,user_19,222,239,177
353,53,5000001,0,user_24,222,239,177
547,50,5000001,0,user_26,223,239,177
538,51,5000001,0,user_17,223,239,177
714,59,5000001,0,user_15,224,239,177
883,60,5000001,0,user_0,225,239,177
719,58,5000001,0,user_19,224,239,177
1617,61,5000001,0,user_26,228,239,177
749,72,5000000,0,user_47,224,239,
1377,69,5000000,0,user_37,227,239,
191,71,5000000,0,user_38,221,239,
731,70,5000000,0,user_30,224,239,
348,79,4999999,0,user_16,222,239,177
354,80,4999999,0,user_24,222,239,177
528,77,4999999,0,user_8,223,239,177
529,78,4999999,0,user_8,223,239,177
545,76,4999999,0,user_21,223,239,177
724,85,4999999,0,user_25,224,239,177
1593,75,4999999,0,user_7,228,239,177
1882,50,4500001,0,builder_18,228,228,732
732,94,4500000,16400,user_31,224,239,
1883,52,4200001,0,builder_18,228,228,55
55,99,4200000,33100,user_43,220,239,
341,97,4200001,0,user_8,222,237,55
343,98,4200001,0,user_10,222,237,55
169,96,4200001,0,user_17,221,236,55
156,95,4200001,0,user_9,221,236,55
162,99,4200001,0,user_13,221,237,55
163,94,4200001,0,user_13,221,236,55
1151,98,4200000,0,user_34,226,236,
362,97,4200000,0,user_32,222,235,
552,97,4200000,0,user_34,223,236,
1634,98,4200000,0,user_39,228,235,
344,99,4199999,0,user_11,222,235,55
340,99,4199999,0,user_8,222,234,55
176,99,4199999,0,user_26,221,232,55
159,99,4199999,0,user_13,221,233,55
171,98,4199999,0,user_20,221,233,55
1884,69,3500001,0,builder_18,228,228,1371
1371,97,3500000,283000,user_31,227,231,
1885,71,3500001,0,builder_18,228,228,1144
1144,98,3500000,5640,user_30,226,231,
1886,73,3200001,0,builder_18,228,228,38
38,96,3200000,21800,user_30,220,229,
555,98,3200000,6390,user_37,223,229,
1887,76,3199999,0,builder_18,228,228,555
144,77,3200001,0,user_4,221,228,38
742,78,3200000,0,user_40,224,228,
922,79,3200000,0,user_43,225,228,
910,80,3200000,0,user_32,225,228,
142,81,3199999,0,user_3,221,228,38
143,82,3199999,0,user_3,221,228,38
174,83,3199999,0,user_23,221,228,38
199,84,2600000,0,user_47,221,228,
554,85,2600000,0,user_37,223,228,
15,86,2600000,0,user_11,220,228,
61,87,2600000,0,user_46,220,228,
42,88,2500000,0,user_32,220,228,
909,89,2500000,0,user_28,225,228,
1888,90,2400001,0,builder_18,228,228,553
553,91,2400000,18600,user_36,223,228,
1160,92,2400000,0,user_49,226,228,
369,93,2400000,0,user_42,222,228,
1629,94,2400000,0,user_32,228,228,
1889,95,2000001,0,builder_18,228,228,44
44,96,2000000,322000,user_33,220,228,
36,97,2300000,0,user_27,220,228,
45,98,2300000,0,user_33,220,228,
1136,99,2000001,0,user_20,226,228,44
11,2,43000000,0,user_9,220,239,
1627,3,43000000,0,user_29,228,239,
1370,5,30000000,0,user_29,227,239,
735,7,30000000,0,user_35,224,239,
1931,8,30000000,0,user_41,229,239,
358,9,27000000,0,user_28,222,239,
1926,10,27000000,0,user_34,229,239,
727,18,170000,17700000,user_27,224,239,
2156,8,169999,0,builder_18,229,229,727
2157,9,3500001,0,builder_18,229,229,1618
1618,20,3500000,7190000,user_27,228,239,
46,22,6300000,7840,user_34,220,239,
2158,12,6299999,0,builder_18,229,229,46
164,23,6300001,0,user_14,221,239,46
1147,25,6300000,0,user_31,226,239,
1640,27,6300000,0,user_44,228,239,
187,28,6300000,0,user_33,221,239,
165,31,6299999,0,user_14,221,239,46
166,29,6299999,0,user_16,221,239,46
152,30,6299999,0,user_6,221,239,46
1158,32,6100000,0,user_47,226,239,
51,33,6100000,0,user_40,220,239,
43,34,6100000,0,user_33,220,239,
1626,35,6100000,0,user_29,228,239,
177,36,5000000,381000,user_27,221,239,
2159,25,4999999,0,builder_18,229,229,177
908,41,5200000,0,user_27,225,239,
1384,45,5000000,13900,user_45,227,239,
2160,28,4999999,0,builder_18,229,229,1384
2161,29,5000001,0,builder_18,229,229,1380
1380,47,5000000,6390,user_41,227,239,
1124,48,5000001,0,user_10,226,239,177
538,51,5000001,0,user_17,223,239,177
547,50,5000001,0,user_26,223,239,177
719,58,5000001,0,user_19,224,239,177
345,52,5000001,0,user_12,222,239,177
353,53,5000001,0,user_24,222,239,177
349,65,5000001,0,user_19,222,239,177
714,59,5000001,0,user_15,224,239,177
883,60,5000001,0,user_0,225,239,177
1617,61,5000001,0,user_26,228,239,177
1911,62,5000001,0,user_20,229,239,177
1905,49,5000001,0,user_13,229,239,177
1910,63,5000001,0,user_18,229,239,177
1917,64,5000001,0,user_24,229,239,177
1377,69,5000000,0,user_37,227,239,
191,71,5000000,0,user_38,221,239,
749,72,5000000,0,user_47,224,239,
731,70,5000000,0,user_30,224,239,
1929,73,5000000,0,user_39,229,239,
528,77,4999999,0,user_8,223,239,177
529,78,4999999,0,user_8,223,239,177
545,76,4999999,0,user_21,223,239,177
348,79,4999999,0,user_16,222,239,177
354,80,4999999,0,user_24,222,239,177
724,85,4999999,0,user_25,224,239,177
1593,75,4999999,0,user_7,228,239,177
1894,86,4999999,0,user_4,229,239,177
1901,87,4999999,0,user_10,229,239,177
1909,88,4999999,0,user_18,229,239,177
1898,89,4999999,0,user_5,229,239,177
1914,90,4999999,0,user_23,229,239,177
1913,92,4999999,0,user_22,229,239,177
1916,91,4999999,0,user_24,229,239,177
732,94,4500000,16400,user_31,224,239,
2162,65,4499999,0,builder_18,229,229,732
55,99,4200000,33100,user_43,220,239,
2163,67,4199999,0,builder_18,229,229,55
343,98,4200001,0,user_10,222,237,55
156,95,4200001,0,user_9,221,236,55
162,99,4200001,0,user_13,221,237,55
163,94,4200001,0,user_13,221,236,55
169,96,4200001,0,user_17,221,236,55
341,97,4200001,0,user_8,222,237,55
1151,98,4200000,0,user_34,226,236,
1622,99,4200000,0,user_28,228,236,
552,97,4200000,0,user_34,223,236,
362,97,4200000,0,user_32,222,235,
1634,98,4200000,0,user_39,228,235,
171,98,4199999,0,user_20,221,233,55
159,99,4199999,0,user_13,221,233,55
344,99,4199999,0,user_11,222,235,55
340,99,4199999,0,user_8,222,234,55
176,99,4199999,0,user_26,221,232,55
1371,97,3500000,283000,user_31,227,231,
2164,85,3499999,0,builder_18,229,229,1371
1144,98,3500000,5640,user_30,226,231,
2165,87,3499999,0,builder_18,229,229,1144
1892,99,3500001,0,user_1,229,230,1618
1895,97,3500001,0,user_4,229,230,1618
1896,98,3500001,0,user_4,229,230,1618
1907,91,3500001,0,user_16,229,229,1618
1897,92,3499999,0,user_4,229,229,1618
1900,93,3499999,0,user_10,229,229,1618
1902,94,3499999,0,user_10,229,229,1618
1912,95,3499999,0,user_21,229,229,1618
38,96,3200000,21800,user_30,220,229,
2166,97,3199999,0,builder_18,229,229,38
555,98,3200000,6390,user_37,223,229,
2167,99,3199999,0,builder_18,229,229,555
1627,3,43000000,0,user_29,228,239,
11,2,43000000,0,user_9,220,239,
1370,5,30000000,0,user_29,227,239,
735,7,30000000,0,user_35,224,239,
1931,8,30000000,0,user_41,229,239,
358,9,27000000,0,user_28,222,239,
1926,10,27000000,0,user_34,229,239,
2217,12,19000000,0,user_40,230,239,
727,18,170000,17700000,user_27,224,239,
2406,9,169999,0,builder_18,230,230,727
2407,10,3500001,0,builder_18,230,230,1618
1618,20,3500000,7190000,user_27,228,239,
46,22,6300000,7840,user_34,220,239,
2408,13,6299999,0,builder_18,230,230,46
164,23,6300001,0,user_14,221,239,46
1147,25,6300000,0,user_31,226,239,
1640,27,6300000,0,user_44,228,239,
187,28,6300000,0,user_33,221,239,
152,30,6299999,0,user_6,221,239,46
165,31,6299999,0,user_14,221,239,46
166,29,6299999,0,user_16,221,239,46
1158,32,6100000,0,user_47,226,239,
1626,35,6100000,0,user_29,228,239,
43,34,6100000,0,user_33,220,239,
51,33,6100000,0,user_40,220,239,
177,36,5000000,381000,user_27,221,239,
2409,26,4999999,0,builder_18,230,230,177
908,41,5200000,0,user_27,225,239,
1384,45,5000000,13900,user_45,227,239,
2410,29,4999999,0,builder_18,230,230,1384
1380,47,5000000,6390,user_41,227,239,
2411,31,4999999,0,builder_18,230,230,1380
1124,48,5000001,0,user_10,226,239,177
1617,61,5000001,0,user_26,228,239,177
1905,49,5000001,0,user_13,229,239,177
1911,62,5000001,0,user_20,229,239,177
547,50,5000001,0,user_26,223,239,177
538,51,5000001,0,user_17,223,239,177
719,58,5000001,0,user_19,224,239,177
714,59,5000001,0,user_15,224,239,177
345,52,5000001,0,user_12,222,239,177
353,53,5000001,0,user_24,222,239,177
349,65,5000001,0,user_19,222,239,177
883,60,5000001,0,user_0,225,239,177
1910,63,5000001,0,user_18,229,239,177
1917,64,5000001,0,user_24,229,239,177
2184,54,5000001,0,user_11,230,239,177
2168,55,5000001,0,user_0,230,239,177
2181,56,5000001,0,user_9,230,239,177
2183,57,5000001,0,user_9,230,239,177
1377,69,5000000,0,user_37,227,239,
749,72,5000000,0,user_47,224,239,
731,70,5000000,0,user_30,224,239,
191,71,5000000,0,user_38,221,239,
1929,73,5000000,0,user_39,229,239,
1593,75,4999999,0,user_7,228,239,177
1894,86,4999999,0,user_4,229,239,177
1898,89,4999999,0,user_5,229,239,177
1901,87,4999999,0,user_10,229,239,177
545,76,4999999,0,user_21,223,239,177
528,77,4999999,0,user_8,223,239,177
529,78,4999999,0,user_8,223,239,177
724,85,4999999,0,user_25,224,239,177
348,79,4999999,0,user_16,222,239,177
354,80,4999999,0,user_24,222,239,177
1913,92,4999999,0,user_22,229,239,177
1909,88,4999999,0,user_18,229,239,177
1914,90,4999999,0,user_23,229,239,177
1916,91,4999999,0,user_24,229,239,177
2179,82,4999999,0,user_9,230,239,177
2180,83,4999999,0,user_9,230,239,177
2182,84,4999999,0,user_9,230,239,177
2178,81,4999999,0,user_8,230,239,177
2412,73,4500001,0,builder_18,230,230,732
732,94,4500000,16400,user_31,224,239,
55,99,4200000,33100,user_43,220,239,
2413,76,4199999,0,builder_18,230,230,55
162,99,4200001,0,user_13,221,237,55
163,94,4200001,0,user_13,221,236,55
156,95,4200001,0,user_9,221,236,55
169,96,4200001,0,user_17,221,236,55
343,98,4200001,0,user_10,222,237,55
341,97,4200001,0,user_8,222,237,55
1622,99,4200000,0,user_28,228,236,
1634,98,4200000,0,user_39,228,235,
552,97,4200000,0,user_34,223,236,
362,97,4200000,0,user_32,222,235,
1151,98,4200000,0,user_34,226,236,
159,99,4199999,0,user_13,221,233,55
171,98,4199999,0,user_20,221,233,55
176,99,4199999,0,user_26,221,232,55
344,99,4199999,0,user_11,222,235,55
340,99,4199999,0,user_8,222,234,55
1371,97,3500000,283000,user_31,227,231,
2414,94,3499999,0,builder_18,230,230,1371
1144,98,3500000,5640,user_30,226,231,
2415,96,3499999,0,builder_18,230,230,1144
1895,97,3500001,0,user_4,229,230,1618
1896,98,3500001,0,user_4,229,230,1618
1892,99,3500001,0,user_1,229,230,1618
1627,3,43000000,0,user_29,228,239,
11,2,43000000,0,user_9,220,239,
1931,8,30000000,0,user_41,229,239,
735,7,30000000,0,user_35,224,239,
1370,5,30000000,0,user_29,227,239,
2214,6,30000000,0,user_38,230,239,
1926,10,27000000,0,user_34,229,239,
358,9,27000000,0,user_28,222,239,
2217,12,19000000,0,user_40,230,239,
2449,13,19000000,0,user_32,231,239,
727,18,170000,17700000,user_27,224,239,
2640,11,169999,0,builder_18,231,231,727
2641,12,3500001,0,builder_18,231,231,1618
1618,20,3500000,7190000,user_27,228,239,
46,22,6300000,7840,user_34,220,239,
2642,15,6299999,0,builder_18,231,231,46
164,23,6300001,0,user_14,221,239,46
1640,27,6300000,0,user_44,228,239,
187,28,6300000,0,user_33,221,239,
1147,25,6300000,0,user_31,226,239,
165,31,6299999,0,user_14,221,239,46
166,29,6299999,0,user_16,221,239,46
152,30,6299999,0,user_6,221,239,46
1626,35,6100000,0,user_29,228,239,
51,33,6100000,0,user_40,220,239,
43,34,6100000,0,user_33,220,239,
1158,32,6100000,0,user_47,226,239,
2643,27,5000001,0,builder_18,231,231,177
177,36,5000000,381000,user_27,221,239,
908,41,5200000,0,user_27,225,239,
2226,40,5200000,0,user_49,230,239,
1384,45,5000000,13900,user_45,227,239,
2644,32,4999999,0,builder_18,231,231,1384
1380,47,5000000,6390,user_41,227,239,
2645,34,4999999,0,builder_18,231,231,1380
1617,61,5000001,0,user_26,228,239,177
1905,49,5000001,0,user_13,229,239,177
1911,62,5000001,0,user_20,229,239,177
1910,63,5000001,0,user_18,229,239,177
1917,64,5000001,0,user_24,229,239,177
2184,54,5000001,0,user_11,230,239,177
2168,55,5000001,0,user_0,230,239,177
883,60,5000001,0,user_0,225,239,177
1124,48,5000001,0,user_10,226,239,177
538,51,5000001,0,user_17,223,239,177
547,50,5000001,0,user_26,223,239,177
719,58,5000001,0,user_19,224,239,177
714,59,5000001,0,user_15,224,239,177
345,52,5000001,0,user_12,222,239,177
349,65,5000001,0,user_19,222,239,177
353,53,5000001,0,user_24,222,239,177
2181,56,5000001,0,user_9,230,239,177
2183,57,5000001,0,user_9,230,239,177
1929,73,5000000,0,user_39,229,239,
1377,69,5000000,0,user_37,227,239,
749,72,5000000,0,user_47,224,239,
731,70,5000000,0,user_30,224,239,
191,71,5000000,0,user_38,221,239,
1593,75,4999999,0,user_7,228,239,177
1894,86,4999999,0,user_4,229,239,177
1898,89,4999999,0,user_5,229,239,177
1913,92,4999999,0,user_22,229,239,177
1901,87,4999999,0,user_10,229,239,177
1909,88,4999999,0,user_18,229,239,177
1914,90,4999999,0,user_23,229,239,177
1916,91,4999999,0,user_24,229,239,177
545,76,4999999,0,user_21,223,239,177
528,77,4999999,0,user_8,223,239,177
529,78,4999999,0,user_8,223,239,177
724,85,4999999,0,user_25,224,239,177
348,79,4999999,0,user_16,222,239,177
354,80,4999999,0,user_24,222,239,177
2178,81,4999999,0,user_8,230,239,177
2179,82,4999999,0,user_9,230,239,177
2180,83,4999999,0,user_9,230,239,177
2182,84,4999999,0,user_9,230,239,177
732,94,4500000,16400,user_31,224,239,
2646,77,4499999,0,builder_18,231,231,732
2647,78,4200001,0,builder_18,231,231,55
55,99,4200000,33100,user_43,220,239,
162,99,4200001,0,user_13,221,237,55
163,94,4200001,0,user_13,221,236,55
169,96,4200001,0,user_17,221,236,55
156,95,4200001,0,user_9,221,236,55
343,98,4200001,0,user_10,222,237,55
341,97,4200001,0,user_8,222,237,55
1622,99,4200000,0,user_28,228,236,
1634,98,4200000,0,user_39,228,235,
362,97,4200000,0,user_32,222,235,
552,97,4200000,0,user_34,223,236,
1151,98,4200000,0,user_34,226,236,
159,99,4199999,0,user_13,221,233,55
171,98,4199999,0,user_20,221,233,55
176,99,4199999,0,user_26,221,232,55
344,99,4199999,0,user_11,222,235,55
340,99,4199999,0,user_8,222,234,55
2648,96,3500001,0,builder_18,231,231,1371
1371,97,3500000,283000,user_31,227,231,
1144,98,3500000,5640,user_30,226,231,
2649,99,3499999,0,builder_18,231,231,1144
2678,4,43000000,0,user_34,232,239,
1627,3,43000000,0,user_29,228,239,
11,2,43000000,0,user_9,220,239,
2214,6,30000000,0,user_38,230,239,
1931,8,30000000,0,user_41,229,239,
1370,5,30000000,0,user_29,227,239,
735,7,30000000,0,user_35,224,239,
1926,10,27000000,0,user_34,229,239,
2677,11,27000000,0,user_32,232,239,
358,9,27000000,0,user_28,222,239,
2449,13,19000000,0,user_32,231,239,
2217,12,19000000,0,user_40,230,239,
727,18,170000,17700000,user_27,224,239,
2857,13,169999,0,builder_17,232,232,727
2858,14,3500001,0,builder_17,232,232,1618
1618,20,3500000,7190000,user_27,228,239,
46,22,6300000,7840,user_34,220,239,
2859,17,6299999,0,builder_17,232,232,46
164,23,6300001,0,user_14,221,239,46
1640,27,6300000,0,user_44,228,239,
1147,25,6300000,0,user_31,226,239,
187,28,6300000,0,user_33,221,239,
166,29,6299999,0,user_16,221,239,46
152,30,6299999,0,user_6,221,239,46
165,31,6299999,0,user_14,221,239,46
1626,35,6100000,0,user_29,228,239,
51,33,6100000,0,user_40,220,239,
1158,32,6100000,0,user_47,226,239,
43,34,6100000,0,user_33,220,239,
177,36,5000000,381000,user_27,221,239,
2860,30,4999999,0,builder_17,232,232,177
2226,40,5200000,0,user_49,230,239,
908,41,5200000,0,user_27,225,239,
2861,33,5000001,0,builder_17,232,232,1384
1384,45,5000000,13900,user_45,227,239,
2862,35,5000001,0,builder_17,232,232,1380
1380,47,5000000,6390,user_41,227,239,
2181,56,5000001,0,user_9,230,239,177
2183,57,5000001,0,user_9,230,239,177
2168,55,5000001,0,user_0,230,239,177
1910,63,5000001,0,user_18,229,239,177
1911,62,5000001,0,user_20,229,239,177
2184,54,5000001,0,user_11,230,239,177
1617,61,5000001,0,user_26,228,239,177
1905,49,5000001,0,user_13,229,239,177
1917,64,5000001,0,user_24,229,239,177
1124,48,5000001,0,user_10,226,239,177
538,51,5000001,0,user_17,223,239,177
547,50,5000001,0,user_26,223,239,177
345,52,5000001,0,user_12,222,239,177
353,53,5000001,0,user_24,222,239,177
719,58,5000001,0,user_19,224,239,177
714,59,5000001,0,user_15,224,239,177
883,60,5000001,0,user_0,225,239,177
349,65,5000001,0,user_19,222,239,177
1929,73,5000000,0,user_39,229,239,
731,70,5000000,0,user_30,224,239,
1377,69,5000000,0,user_37,227,239,
749,72,5000000,0,user_47,224,239,
191,71,5000000,0,user_38,221,239,
2179,82,4999999,0,user_9,230,239,177
2180,83,4999999,0,user_9,230,239,177
2182,84,4999999,0,user_9,230,239,177
2178,81,4999999,0,user_8,230,239,177
1909,88,4999999,0,user_18,229,239,177
1894,86,4999999,0,user_4,229,239,177
1898,89,4999999,0,user_5,229,239,177
1913,92,4999999,0,user_22,229,239,177
1901,87,4999999,0,user_10,229,239,177
1914,90,4999999,0,user_23,229,239,177
1916,91,4999999,0,user_24,229,239,177
545,76,4999999,0,user_21,223,239,177
528,77,4999999,0,user_8,223,239,177
529,78,4999999,0,user_8,223,239,177
348,79,4999999,0,user_16,222,239,177
354,80,4999999,0,user_24,222,239,177
1593,75,4999999,0,user_7,228,239,177
724,85,4999999,0,user_25,224,239,177
2863,78,4500001,0,builder_17,232,232,732
732,94,4500000,16400,user_31,224,239,
2864,80,4200001,0,builder_17,232,232,2681
2681,97,4200000,231000,user_36,232,239,
55,99,4200000,33100,user_43,220,239,
2865,83,4199999,0,builder_17,232,232,55
343,98,4200001,0,user_10,222,237,55
341,97,4200001,0,user_8,222,237,55
162,99,4200001,0,user_13,221,237,55
163,94,4200001,0,user_13,221,236,55
156,95,4200001,0,user_9,221,236,55
169,96,4200001,0,user_17,221,236,55
1634,98,4200000,0,user_39,228,235,
1622,99,4200000,0,user_28,228,236,
552,97,4200000,0,user_34,223,236,
1151,98,4200000,0,user_34,226,236,
362,97,4200000,0,user_32,222,235,
344,99,4199999,0,user_11,222,235,55
340,99,4199999,0,user_8,222,234,55
159,99,4199999,0,user_13,221,233,55
171,98,4199999,0,user_20,221,233,55
176,99,4199999,0,user_26,221,232,55
3089,0,43000001,0,builder_18,233,233,2919
2919,1,43000000,56200,user_39,233,239,
11,2,43000000,0,user_9,220,239,
1627,3,43000000,0,user_29,228,239,
2678,4,43000000,0,user_34,232,239,
2214,6,30000000,0,user_38,230,239,
1370,5,30000000,0,user_29,227,239,
735,7,30000000,0,user_35,224,239,
1931,8,30000000,0,user_41,229,239,
358,9,27000000,0,user_28,222,239,
1926,10,27000000,0,user_34,229,239,
2677,11,27000000,0,user_32,232,239,
2449,13,19000000,0,user_32,231,239,
2217,12,19000000,0,user_40,230,239,
727,18,170000,17700000,user_27,224,239,
3090,15,169999,0,builder_18,233,233,727
1618,20,3500000,7190000,user_27,228,239,
3091,17,3499999,0,builder_18,233,233,1618
3092,18,6300001,0,builder_18,233,233,46
46,22,6300000,7840,user_34,220,239,
164,23,6300001,0,user_14,221,239,46
1147,25,6300000,0,user_31,226,239,
1640,27,6300000,0,user_44,228,239,
187,28,6300000,0,user_33,221,239,
165,31,6299999,0,user_14,221,239,46
166,29,6299999,0,user_16,221,239,46
152,30,6299999,0,user_6,221,239,46
1158,32,6100000,0,user_47,226,239,
51,33,6100000,0,user_40,220,239,
43,34,6100000,0,user_33,220,239,
1626,35,6100000,0,user_29,228,239,
3093,31,5000001,0,builder_18,233,233,177
177,36,5000000,381000,user_27,221,239,
2226,40,5200000,0,user_49,230,239,
908,41,5200000,0,user_27,225,239,
1384,45,5000000,13900,user_45,227,239,
3094,36,4999999,0,builder_18,233,233,1384
1380,47,5000000,6390,user_41,227,239,
3095,38,4999999,0,builder_18,233,233,1380
2184,54,5000001,0,user_11,230,239,177
1905,49,5000001,0,user_13,229,239,177
2168,55,5000001,0,user_0,230,239,177
2181,56,5000001,0,user_9,230,239,177
2183,57,5000001,0,user_9,230,239,177
1124,48,5000001,0,user_10,226,239,177
538,51,5000001,0,user_17,223,239,177
547,50,5000001,0,user_26,223,239,177
719,58,5000001,0,user_19,224,239,177
345,52,5000001,0,user_12,222,239,177
353,53,5000001,0,user_24,222,239,177
349,65,5000001,0,user_19,222,239,177
714,59,5000001,0,user_15,224,239,177
883,60,5000001,0,user_0,225,239,177
1617,61,5000001,0,user_26,228,239,177
1911,62,5000001,0,user_20,229,239,177
1910,63,5000001,0,user_18,229,239,177
1917,64,5000001,0,user_24,229,239,177
1377,69,5000000,0,user_37,227,239,
191,71,5000000,0,user_38,221,239,
749,72,5000000,0,user_47,224,239,
731,70,5000000,0,user_30,224,239,
1929,73,5000000,0,user_39,229,239,
2913,74,5000000,0,user_34,233,239,
2179,82,4999999,0,user_9,230,239,177
2180,83,4999999,0,user_9,230,239,177
2182,84,4999999,0,user_9,230,239,177
2178,81,4999999,0,user_8,230,239,177
528,77,4999999,0,user_8,223,239,177
529,78,4999999,0,user_8,223,239,177
545,76,4999999,0,user_21,223,239,177
348,79,4999999,0,user_16,222,239,177
354,80,4999999,0,user_24,222,239,177
724,85,4999999,0,user_25,224,239,177
1593,75,4999999,0,user_7,228,239,177
1894,86,4999999,0,user_4,229,239,177
1901,87,4999999,0,user_10,229,239,177
1909,88,4999999,0,user_18,229,239,177
1898,89,4999999,0,user_5,229,239,177
1914,90,4999999,0,user_23,229,239,177
1916,91,4999999,0,user_24,229,239,177
1913,92,4999999,0,user_22,229,239,177
3096,81,4500001,0,builder_18,233,233,732
732,94,4500000,16400,user_31,224,239,
2681,97,4200000,231000,user_36,232,239,
3097,84,4199999,0,builder_18,233,233,2681
55,99,4200000,33100,user_43,220,239,
3098,86,4199999,0,builder_18,233,233,55
343,98,4200001,0,user_10,222,237,55
156,95,4200001,0,user_9,221,236,55
162,99,4200001,0,user_13,221,237,55
163,94,4200001,0,user_13,221,236,55
169,96,4200001,0,user_17,221,236,55
341,97,4200001,0,user_8,222,237,55
1151,98,4200000,0,user_34,226,236,
1622,99,4200000,0,user_28,228,236,
552,97,4200000,0,user_34,223,236,
362,97,4200000,0,user_32,222,235,
1634,98,4200000,0,user_39,228,235,
171,98,4199999,0,user_20,221,233,55
159,99,4199999,0,user_13,221,233,55
3311,0,43000001,0,builder_17,234,234,2919
2919,1,43000000,56200,user_39,233,239,
2678,4,43000000,0,user_34,232,239,
11,2,43000000,0,user_9,220,239,
1627,3,43000000,0,user_29,228,239,
2214,6,30000000,0,user_38,230,239,
1370,5,30000000,0,user_29,227,239,
735,7,30000000,0,user_35,224,239,
1931,8,30000000,0,user_41,229,239,
2677,11,27000000,0,user_32,232,239,
358,9,27000000,0,user_28,222,239,
1926,10,27000000,0,user_34,229,239,
2449,13,19000000,0,user_32,231,239,
2217,12,19000000,0,user_40,230,239,
3312,14,170001,0,builder_17,234,234,727
727,18,170000,17700000,user_27,224,239,
3313,16,3500001,0,builder_17,234,234,1618
1618,20,3500000,7190000,user_27,228,239,
3314,18,6300001,0,builder_17,234,234,46
46,22,6300000,7840,user_34,220,239,
164,23,6300001,0,user_14,221,239,46
1147,25,6300000,0,user_31,226,239,
187,28,6300000,0,user_33,221,239,
1640,27,6300000,0,user_44,228,239,
166,29,6299999,0,user_16,221,239,46
152,30,6299999,0,user_6,221,239,46
165,31,6299999,0,user_14,221,239,46
1158,32,6100000,0,user_47,226,239,
51,33,6100000,0,user_40,220,239,
43,34,6100000,0,user_33,220,239,
1626,35,6100000,0,user_29,228,239,
177,36,5000000,381000,user_27,221,239,
3315,32,4999999,0,builder_17,234,234,177
2226,40,5200000,0,user_49,230,239,
908,41,5200000,0,user_27,225,239,
3316,35,5000001,0,builder_17,234,234,1384
1384,45,5000000,13900,user_45,227,239,
3317,37,5000001,0,builder_17,234,234,1380
1380,47,5000000,6390,user_41,227,239,
2168,55,5000001,0,user_0,230,239,177
2181,56,5000001,0,user_9,230,239,177
2183,57,5000001,0,user_9,230,239,177
1124,48,5000001,0,user_10,226,239,177
538,51,5000001,0,user_17,223,239,177
547,50,5000001,0,user_26,223,239,177
345,52,5000001,0,user_12,222,239,177
353,53,5000001,0,user_24,222,239,177
1905,49,5000001,0,user_13,229,239,177
2184,54,5000001,0,user_11,230,239,177
714,59,5000001,0,user_15,224,239,177
883,60,5000001,0,user_0,225,239,177
719,58,5000001,0,user_19,224,239,177
1617,61,5000001,0,user_26,228,239,177
1910,63,5000001,0,user_18,229,239,177
1917,64,5000001,0,user_24,229,239,177
1911,62,5000001,0,user_20,229,239,177
349,65,5000001,0,user_19,222,239,177
2913,74,5000000,0,user_34,233,239,
1377,69,5000000,0,user_37,227,239,
731,70,5000000,0,user_30,224,239,
749,72,5000000,0,user_47,224,239,
191,71,5000000,0,user_38,221,239,
1929,73,5000000,0,user_39,229,239,
1914,90,4999999,0,user_23,229,239,177
2179,82,4999999,0,user_9,230,239,177
2180,83,4999999,0,user_9,230,239,177
2182,84,4999999,0,user_9,230,239,177
528,77,4999999,0,user_8,223,239,177
529,78,4999999,0,user_8,223,239,177
545,76,4999999,0,user_21,223,239,177
348,79,4999999,0,user_16,222,239,177
354,80,4999999,0,user_24,222,239,177
1593,75,4999999,0,user_7,228,239,177
2178,81,4999999,0,user_8,230,239,177
724,85,4999999,0,user_25,224,239,177
1894,86,4999999,0,user_4,229,239,177
1898,89,4999999,0,user_5,229,239,177
1913,92,4999999,0,user_22,229,239,177
1901,87,4999999,0,user_10,229,239,177
1909,88,4999999,0,user_18,229,239,177
1916,91,4999999,0,user_24,229,239,177
3318,81,4500001,0,builder_17,234,234,732
732,94,4500000,16400,user_31,224,239,
2681,97,4200000,231000,user_36,232,239,
3319,84,4199999,0,builder_17,234,234,2681
55,99,4200000,33100,user_43,220,239,
3320,86,4199999,0,builder_17,234,234,55
343,98,4200001,0,user_10,222,237,55
341,97,4200001,0,user_8,222,237,55
169,96,4200001,0,user_17,221,236,55
156,95,4200001,0,user_9,221,236,55
162,99,4200001,0,user_13,221,237,55
163,94,4200001,0,user_13,221,236,55
1151,98,4200000,0,user_34,226,236,
552,97,4200000,0,user_34,223,236,
362,97,4200000,0,user_32,222,235,
1634,98,4200000,0,user_39,228,235,
1622,99,4200000,0,user_28,228,236,
344,99,4199999,0,user_11,222,235,55
340,99,4199999,0,user_8,222,234,55
2919,1,43000000,56200,user_39,233,239,
3552,1,42999999,0,builder_17,235,235,2919
2678,4,43000000,0,user_34,232,239,
11,2,43000000,0,user_9,220,239,
1627,3,43000000,0,user_29,228,239,
1370,5,30000000,0,user_29,227,239,
735,7,30000000,0,user_35,224,239,
1931,8,30000000,0,user_41,229,239,
2214,6,30000000,0,user_38,230,239,
358,9,27000000,0,user_28,222,239,
1926,10,27000000,0,user_34,229,239,
2677,11,27000000,0,user_32,232,239,
2217,12,19000000,0,user_40,230,239,
2449,13,19000000,0,user_32,231,239,
727,18,170000,17700000,user_27,224,239,
3553,15,169999,0,builder_17,235,235,727
3554,16,3500001,0,builder_17,235,235,1618
1618,20,3500000,7190000,user_27,228,239,
46,22,6300000,7840,user_34,220,239,
3555,19,6299999,0,builder_17,235,235,46
164,23,6300001,0,user_14,221,239,46
1147,25,6300000,0,user_31,226,239,
1640,27,6300000,0,user_44,228,239,
187,28,6300000,0,user_33,221,239,
166,29,6299999,0,user_16,221,239,46
152,30,6299999,0,user_6,221,239,46
165,31,6299999,0,user_14,221,239,46
1158,32,6100000,0,user_47,226,239,
51,33,6100000,0,user_40,220,239,
43,34,6100000,0,user_33,220,239,
1626,35,6100000,0,user_29,228,239,
3556,31,5000001,0,builder_17,235,235,177
177,36,5000000,381000,user_27,221,239,
908,41,5200000,0,user_27,225,239,
2226,40,5200000,0,user_49,230,239,
3557,35,5000001,0,builder_17,235,235,1384
1384,45,5000000,13900,user_45,227,239,
3558,37,5000001,0,builder_17,235,235,1380
1380,47,5000000,6390,user_41,227,239,
1124,48,5000001,0,user_10,226,239,177
1905,49,5000001,0,user_13,229,239,177
547,50,5000001,0,user_26,223,239,177
538,51,5000001,0,user_17,223,239,177
345,52,5000001,0,user_12,222,239,177
353,53,5000001,0,user_24,222,239,177
2184,54,5000001,0,user_11,230,239,177
719,58,5000001,0,user_19,224,239,177
714,59,5000001,0,user_15,224,239,177
883,60,5000001,0,user_0,225,239,177
1617,61,5000001,0,user_26,228,239,177
1911,62,5000001,0,user_20,229,239,177
1910,63,5000001,0,user_18,229,239,177
2168,55,5000001,0,user_0,230,239,177
2181,56,5000001,0,user_9,230,239,177
2183,57,5000001,0,user_9,230,239,177
1917,64,5000001,0,user_24,229,239,177
349,65,5000001,0,user_19,222,239,177
2913,74,5000000,0,user_34,233,239,
1377,69,5000000,0,user_37,227,239,
731,70,5000000,0,user_30,224,239,
191,71,5000000,0,user_38,221,239,
749,72,5000000,0,user_47,224,239,
1929,73,5000000,0,user_39,229,239,
1593,75,4999999,0,user_7,228,239,177
545,76,4999999,0,user_21,223,239,177
528,77,4999999,0,user_8,223,239,177
529,78,4999999,0,user_8,223,239,177
348,79,4999999,0,user_16,222,239,177
354,80,4999999,0,user_24,222,239,177
2178,81,4999999,0,user_8,230,239,177
724,85,4999999,0,user_25,224,239,177
1894,86,4999999,0,user_4,229,239,177
1901,87,4999999,0,user_10,229,239,177
1909,88,4999999,0,user_18,229,239,177
1898,89,4999999,0,user_5,229,239,177
1914,90,4999999,0,user_23,229,239,177
2179,82,4999999,0,user_9,230,239,177
2180,83,4999999,0,user_9,230,239,177
2182,84,4999999,0,user_9,230,239,177
1916,91,4999999,0,user_24,229,239,177
1913,92,4999999,0,user_22,229,239,177
732,94,4500000,16400,user_31,224,239,
3559,82,4499999,0,builder_17,235,235,732
3378,95,4500000,0,user_42,235,239,
2681,97,4200000,231000,user_36,232,239,
3560,85,4199999,0,builder_17,235,235,2681
3561,86,4200001,0,builder_17,235,235,55
55,99,4200000,33100,user_43,220,239,
343,98,4200001,0,user_10,222,237,55
341,97,4200001,0,user_8,222,237,55
156,95,4200001,0,user_9,221,236,55
162,99,4200001,0,user_13,221,237,55
163,94,4200001,0,user_13,221,236,55
169,96,4200001,0,user_17,221,236,55
552,97,4200000,0,user_34,223,236,
1151,98,4200000,0,user_34,226,236,
1622,99,4200000,0,user_28,228,236,
362,97,4200000,0,user_32,222,235,
1634,98,4200000,0,user_39,228,235,
344,99,4199999,0,user_11,222,235,55
3811,0,43000001,0,builder_17,236,236,2919
2919,1,43000000,56200,user_39,233,239,
2678,4,43000000,0,user_34,232,239,
1627,3,43000000,0,user_29,228,239,
11,2,43000000,0,user_9,220,239,
1370,5,30000000,0,user_29,227,239,
735,7,30000000,0,user_35,224,239,
1931,8,30000000,0,user_41,229,239,
2214,6,30000000,0,user_38,230,239,
2677,11,27000000,0,user_32,232,239,
358,9,27000000,0,user_28,222,239,
1926,10,27000000,0,user_34,229,239,
2217,12,19000000,0,user_40,230,239,
2449,13,19000000,0,user_32,231,239,
3812,14,170001,0,builder_17,236,236,727
727,18,170000,17700000,user_27,224,239,
3813,16,3500001,0,builder_17,236,236,1618
1618,20,3500000,7190000,user_27,228,239,
3814,18,6300001,0,builder_17,236,236,46
46,22,6300000,7840,user_34,220,239,
164,23,6300001,0,user_14,221,239,46
1147,25,6300000,0,user_31,226,239,
1640,27,6300000,0,user_44,228,239,
187,28,6300000,0,user_33,221,239,
166,29,6299999,0,user_16,221,239,46
152,30,6299999,0,user_6,221,239,46
165,31,6299999,0,user_14,221,239,46
51,33,6100000,0,user_40,220,239,
1158,32,6100000,0,user_47,226,239,
1626,35,6100000,0,user_29,228,239,
43,34,6100000,0,user_33,220,239,
3815,31,5000001,0,builder_17,236,236,177
177,36,5000000,381000,user_27,221,239,
3380,38,5000000,215000,user_43,235,239,
3816,34,4999999,0,builder_17,236,236,3380
908,41,5200000,0,user_27,225,239,
2226,40,5200000,0,user_49,230,239,
1384,45,5000000,13900,user_45,227,239,
3817,38,4999999,0,builder_17,236,236,1384
1380,47,5000000,6390,user_41,227,239,
3818,40,4999999,0,builder_17,236,236,1380
1905,49,5000001,0,user_13,229,239,177
2184,54,5000001,0,user_11,230,239,177
1124,48,5000001,0,user_10,226,239,177
538,51,5000001,0,user_17,223,239,177
547,50,5000001,0,user_26,223,239,177
345,52,5000001,0,user_12,222,239,177
353,53,5000001,0,user_24,222,239,177
1617,61,5000001,0,user_26,228,239,177
1911,62,5000001,0,user_20,229,239,177
719,58,5000001,0,user_19,224,239,177
714,59,5000001,0,user_15,224,239,177
883,60,5000001,0,user_0,225,239,177
1910,63,5000001,0,user_18,229,239,177
1917,64,5000001,0,user_24,229,239,177
2168,55,5000001,0,user_0,230,239,177
2181,56,5000001,0,user_9,230,239,177
2183,57,5000001,0,user_9,230,239,177
349,65,5000001,0,user_19,222,239,177
2913,74,5000000,0,user_34,233,239,
1377,69,5000000,0,user_37,227,239,
731,70,5000000,0,user_30,224,239,
749,72,5000000,0,user_47,224,239,
191,71,5000000,0,user_38,221,239,
1929,73,5000000,0,user_39,229,239,
3625,68,5000000,0,user_42,236,239,
1593,75,4999999,0,user_7,228,239,177
545,76,4999999,0,user_21,223,239,177
528,77,4999999,0,user_8,223,239,177
529,78,4999999,0,user_8,223,239,177
348,79,4999999,0,user_16,222,239,177
354,80,4999999,0,user_24,222,239,177
2178,81,4999999,0,user_8,230,239,177
1894,86,4999999,0,user_4,229,239,177
1898,89,4999999,0,user_5,229,239,177
1901,87,4999999,0,user_10,229,239,177
724,85,4999999,0,user_25,224,239,177
1913,92,4999999,0,user_22,229,239,177
1909,88,4999999,0,user_18,229,239,177
1914,90,4999999,0,user_23,229,239,177
1916,91,4999999,0,user_24,229,239,177
2179,82,4999999,0,user_9,230,239,177
2180,83,4999999,0,user_9,230,239,177
2182,84,4999999,0,user_9,230,239,177
732,94,4500000,16400,user_31,224,239,
3819,85,4499999,0,builder_17,236,236,732
3378,95,4500000,0,user_42,235,239,
2681,97,4200000,231000,user_36,232,239,
3820,88,4199999,0,builder_17,236,236,2681
3821,89,4200001,0,builder_17,236,236,55
55,99,4200000,33100,user_43,220,239,
343,98,4200001,0,user_10,222,237,55
341,97,4200001,0,user_8,222,237,55
162,99,4200001,0,user_13,221,237,55
163,94,4200001,0,user_13,221,236,55
156,95,4200001,0,user_9,221,236,55
169,96,4200001,0,user_17,221,236,55
552,97,4200000,0,user_34,223,236,
1151,98,4200000,0,user_34,226,236,
1622,99,4200000,0,user_28,228,236,
4091,0,43000001,0,builder_17,237,237,2919
2919,1,43000000,56200,user_39,233,239,
1627,3,43000000,0,user_29,228,239,
11,2,43000000,0,user_9,220,239,
2678,4,43000000,0,user_34,232,239,
1370,5,30000000,0,user_29,227,239,
1931,8,30000000,0,user_41,229,239,
735,7,30000000,0,user_35,224,239,
2214,6,30000000,0,user_38,230,239,
1926,10,27000000,0,user_34,229,239,
358,9,27000000,0,user_28,222,239,
2677,11,27000000,0,user_32,232,239,
2217,12,19000000,0,user_40,230,239,
2449,13,19000000,0,user_32,231,239,
4092,14,660001,0,builder_17,237,237,3875
3875,15,660000,17700000,user_31,237,239,
727,18,170000,17700000,user_27,224,239,
4093,17,169999,0,builder_17,237,237,727
4094,18,3500001,0,builder_17,237,237,1618
1618,20,3500000,7190000,user_27,228,239,
4095,20,6300001,0,builder_17,237,237,46
46,22,6300000,7840,user_34,220,239,
164,23,6300001,0,user_14,221,239,46
1147,25,6300000,0,user_31,226,239,
1640,27,6300000,0,user_44,228,239,
187,28,6300000,0,user_33,221,239,
3876,24,6300000,0,user_31,237,239,
166,29,6299999,0,user_16,221,239,46
152,30,6299999,0,user_6,221,239,46
165,31,6299999,0,user_14,221,239,46
1158,32,6100000,0,user_47,226,239,
51,33,6100000,0,user_40,220,239,
1626,35,6100000,0,user_29,228,239,
43,34,6100000,0,user_33,220,239,
4096,34,5000001,0,builder_17,237,237,177
177,36,5000000,381000,user_27,221,239,
4097,36,5000001,0,builder_17,237,237,3380
3380,38,5000000,215000,user_43,235,239,
908,41,5200000,0,user_27,225,239,
2226,40,5200000,0,user_49,230,239,
4098,40,5000001,0,builder_17,237,237,3874
3874,43,5000000,14200,user_30,237,239,
4099,42,5000001,0,builder_17,237,237,1384
1384,45,5000000,13900,user_45,227,239,
1380,47,5000000,6390,user_41,227,239,
4100,45,4999999,0,builder_17,237,237,1380
2184,54,5000001,0,user_11,230,239,177
1905,49,5000001,0,user_13,229,239,177
1124,48,5000001,0,user_10,226,239,177
345,52,5000001,0,user_12,222,239,177
353,53,5000001,0,user_24,222,239,177
547,50,5000001,0,user_26,223,239,177
538,51,5000001,0,user_17,223,239,177
1617,61,5000001,0,user_26,228,239,177
1911,62,5000001,0,user_20,229,239,177
1910,63,5000001,0,user_18,229,239,177
1917,64,5000001,0,user_24,229,239,177
2168,55,5000001,0,user_0,230,239,177
883,60,5000001,0,user_0,225,239,177
719,58,5000001,0,user_19,224,239,177
714,59,5000001,0,user_15,224,239,177
2181,56,5000001,0,user_9,230,239,177
2183,57,5000001,0,user_9,230,239,177
349,65,5000001,0,user_19,222,239,177
3625,68,5000000,0,user_42,236,239,
1377,69,5000000,0,user_37,227,239,
731,70,5000000,0,user_30,224,239,
1929,73,5000000,0,user_39,229,239,
749,72,5000000,0,user_47,224,239,
191,71,5000000,0,user_38,221,239,
2913,74,5000000,0,user_34,233,239,
3882,66,5000000,0,user_35,237,239,
2178,81,4999999,0,user_8,230,239,177
348,79,4999999,0,user_16,222,239,177
354,80,4999999,0,user_24,222,239,177
528,77,4999999,0,user_8,223,239,177
529,78,4999999,0,user_8,223,239,177
545,76,4999999,0,user_21,223,239,177
1593,75,4999999,0,user_7,228,239,177
1894,86,4999999,0,user_4,229,239,177
1898,89,4999999,0,user_5,229,239,177
1913,92,4999999,0,user_22,229,239,177
1901,87,4999999,0,user_10,229,239,177
1909,88,4999999,0,user_18,229,239,177
1914,90,4999999,0,user_23,229,239,177
1916,91,4999999,0,user_24,229,239,177
724,85,4999999,0,user_25,224,239,177
2179,82,4999999,0,user_9,230,239,177
2180,83,4999999,0,user_9,230,239,177
2182,84,4999999,0,user_9,230,239,177
732,94,4500000,16400,user_31,224,239,
4101,91,4499999,0,builder_17,237,237,732
3378,95,4500000,0,user_42,235,239,
4102,93,4200001,0,builder_17,237,237,2681
2681,97,4200000,231000,user_36,232,239,
4103,95,4200001,0,builder_17,237,237,55
55,99,4200000,33100,user_43,220,239,
341,97,4200001,0,user_8,222,237,55
343,98,4200001,0,user_10,222,237,55
162,99,4200001,0,user_13,221,237,55
4386,0,43000001,0,builder_17,238,238,2919
2919,1,43000000,56200,user_39,233,239,
11,2,43000000,0,user_9,220,239,
1627,3,43000000,0,user_29,228,239,
2678,4,43000000,0,user_34,232,239,
1370,5,30000000,0,user_29,227,239,
2214,6,30000000,0,user_38,230,239,
1931,8,30000000,0,user_41,229,239,
735,7,30000000,0,user_35,224,239,
1926,10,27000000,0,user_34,229,239,
358,9,27000000,0,user_28,222,239,
2677,11,27000000,0,user_32,232,239,
2217,12,19000000,0,user_40,230,239,
2449,13,19000000,0,user_32,231,239,
3875,15,660000,17700000,user_31,237,239,
4387,15,659999,0,builder_17,238,238,3875
4388,16,170001,0,builder_17,238,238,727
727,18,170000,17700000,user_27,224,239,
1618,20,3500000,7190000,user_27,228,239,
4389,19,3499999,0,builder_17,238,238,1618
4390,20,6300001,0,builder_17,238,238,46
46,22,6300000,7840,user_34,220,239,
164,23,6300001,0,user_14,221,239,46
1147,25,6300000,0,user_31,226,239,
3876,24,6300000,0,user_31,237,239,
187,28,6300000,0,user_33,221,239,
1640,27,6300000,0,user_44,228,239,
4166,26,6300000,0,user_45,238,239,
166,29,6299999,0,user_16,221,239,46
152,30,6299999,0,user_6,221,239,46
165,31,6299999,0,user_14,221,239,46
1158,32,6100000,0,user_47,226,239,
51,33,6100000,0,user_40,220,239,
43,34,6100000,0,user_33,220,239,
1626,35,6100000,0,user_29,228,239,
177,36,5000000,381000,user_27,221,239,
4391,36,4999999,0,builder_17,238,238,177
4392,37,5000001,0,builder_17,238,238,3380
3380,38,5000000,215000,user_43,235,239,
2226,40,5200000,0,user_49,230,239,
908,41,5200000,0,user_27,225,239,
4393,41,5000001,0,builder_17,238,238,4151
4151,42,5000000,36800,user_34,238,238,
4394,43,5000001,0,builder_17,238,238,3874
3874,43,5000000,14200,user_30,237,239,
1384,45,5000000,13900,user_45,227,239,
4395,46,4999999,0,builder_17,238,238,1384
1380,47,5000000,6390,user_41,227,239,
4396,48,4999999,0,builder_17,238,238,1380
2184,54,5000001,0,user_11,230,239,177
1905,49,5000001,0,user_13,229,239,177
1124,48,5000001,0,user_10,226,239,177
538,51,5000001,0,user_17,223,239,177
547,50,5000001,0,user_26,223,239,177
345,52,5000001,0,user_12,222,239,177
353,53,5000001,0,user_24,222,239,177
2168,55,5000001,0,user_0,230,239,177
2181,56,5000001,0,user_9,230,239,177
2183,57,5000001,0,user_9,230,239,177
1910,63,5000001,0,user_18,229,239,177
1917,64,5000001,0,user_24,229,239,177
1911,62,5000001,0,user_20,229,239,177
714,59,5000001,0,user_15,224,239,177
883,60,5000001,0,user_0,225,239,177
719,58,5000001,0,user_19,224,239,177
1617,61,5000001,0,user_26,228,239,177
349,65,5000001,0,user_19,222,239,177
3625,68,5000000,0,user_42,236,239,
3882,66,5000000,0,user_35,237,239,
1377,69,5000000,0,user_37,227,239,
731,70,5000000,0,user_30,224,239,
3888,67,5000000,0,user_38,237,239,
1929,73,5000000,0,user_39,229,239,
749,72,5000000,0,user_47,224,239,
191,71,5000000,0,user_38,221,239,
2913,74,5000000,0,user_34,233,239,
2178,81,4999999,0,user_8,230,239,177
528,77,4999999,0,user_8,223,239,177
529,78,4999999,0,user_8,223,239,177
545,76,4999999,0,user_21,223,239,177
348,79,4999999,0,user_16,222,239,177
354,80,4999999,0,user_24,222,239,177
1593,75,4999999,0,user_7,228,239,177
1898,89,4999999,0,user_5,229,239,177
2179,82,4999999,0,user_9,230,239,177
2180,83,4999999,0,user_9,230,239,177
2182,84,4999999,0,user_9,230,239,177
1894,86,4999999,0,user_4,229,239,177
1909,88,4999999,0,user_18,229,239,177
1914,90,4999999,0,user_23,229,239,177
1916,91,4999999,0,user_24,229,239,177
1913,92,4999999,0,user_22,229,239,177
1901,87,4999999,0,user_10,229,239,177
724,85,4999999,0,user_25,224,239,177
732,94,4500000,16400,user_31,224,239,
4397,95,4499999,0,builder_17,238,238,732
3378,95,4500000,0,user_42,235,239,
2681,97,4200000,231000,user_36,232,239,
4398,98,4199999,0,builder_17,238,238,2681
55,99,4200000,33100,user_43,220,239,
4687,0,43000001,0,builder_17,239,239,2919
2919,1,43000000,56200,user_39,233,239,
11,2,43000000,0,user_9,220,239,
1627,3,43000000,0,user_29,228,239,
2678,4,43000000,0,user_34,232,239,
1370,5,30000000,0,user_29,227,239,
2214,6,30000000,0,user_38,230,239,
735,7,30000000,0,user_35,224,239,
1931,8,30000000,0,user_41,229,239,
358,9,27000000,0,user_28,222,239,
1926,10,27000000,0,user_34,229,239,
2677,11,27000000,0,user_32,232,239,
2217,12,19000000,0,user_40,230,239,
2449,13,19000000,0,user_32,231,239,
4445,14,19000000,0,user_36,239,239,
3875,15,660000,17700000,user_31,237,239,
4688,16,659999,0,builder_17,239,239,3875
4689,17,170001,0,builder_17,239,239,727
727,18,170000,17700000,user_27,224,239,
4690,19,3500001,0,builder_17,239,239,1618
1618,20,3500000,7190000,user_27,228,239,
4691,21,6300001,0,builder_17,239,239,46
46,22,6300000,7840,user_34,220,239,
164,23,6300001,0,user_14,221,239,46
3876,24,6300000,0,user_31,237,239,
1147,25,6300000,0,user_31,226,239,
4166,26,6300000,0,user_45,238,239,
1640,27,6300000,0,user_44,228,239,
187,28,6300000,0,user_33,221,239,
166,29,6299999,0,user_16,221,239,46
152,30,6299999,0,user_6,221,239,46
165,31,6299999,0,user_14,221,239,46
1158,32,6100000,0,user_47,226,239,
51,33,6100000,0,user_40,220,239,
43,34,6100000,0,user_33,220,239,
1626,35,6100000,0,user_29,228,239,
177,36,5000000,381000,user_27,221,239,
4692,37,4999999,0,builder_17,239,239,177
3380,38,5000000,215000,user_43,235,239,
4693,39,4999999,0,builder_17,239,239,3380
2226,40,5200000,0,user_49,230,239,
908,41,5200000,0,user_27,225,239,
4694,42,5000001,0,builder_17,239,239,3874
3874,43,5000000,14200,user_30,237,239,
4695,44,5000001,0,builder_17,239,239,1384
1384,45,5000000,13900,user_45,227,239,
4696,46,5000001,0,builder_17,239,239,1380
1380,47,5000000,6390,user_41,227,239,
1124,48,5000001,0,user_10,226,239,177
1905,49,5000001,0,user_13,229,239,177
547,50,5000001,0,user_26,223,239,177
538,51,5000001,0,user_17,223,239,177
345,52,5000001,0,user_12,222,239,177
353,53,5000001,0,user_24,222,239,177
2184,54,5000001,0,user_11,230,239,177
2168,55,5000001,0,user_0,230,239,177
2181,56,5000001,0,user_9,230,239,177
2183,57,5000001,0,user_9,230,239,177
719,58,5000001,0,user_19,224,239,177
714,59,5000001,0,user_15,224,239,177
883,60,5000001,0,user_0,225,239,177
1617,61,5000001,0,user_26,228,239,177
1911,62,5000001,0,user_20,229,239,177
1910,63,5000001,0,user_18,229,239,177
1917,64,5000001,0,user_24,229,239,177
349,65,5000001,0,user_19,222,239,177
3882,66,5000000,0,user_35,237,239,
3888,67,5000000,0,user_38,237,239,
3625,68,5000000,0,user_42,236,239,
1377,69,5000000,0,user_37,227,239,
731,70,5000000,0,user_30,224,239,
191,71,5000000,0,user_38,221,239,
749,72,5000000,0,user_47,224,239,
1929,73,5000000,0,user_39,229,239,
2913,74,5000000,0,user_34,233,239,
1593,75,4999999,0,user_7,228,239,177
545,76,4999999,0,user_21,223,239,177
528,77,4999999,0,user_8,223,239,177
529,78,4999999,0,user_8,223,239,177
348,79,4999999,0,user_16,222,239,177
354,80,4999999,0,user_24,222,239,177
2178,81,4999999,0,user_8,230,239,177
2179,82,4999999,0,user_9,230,239,177
2180,83,4999999,0,user_9,230,239,177
2182,84,4999999,0,user_9,230,239,177
724,85,4999999,0,user_25,224,239,177
1894,86,4999999,0,user_4,229,239,177
1901,87,4999999,0,user_10,229,239,177
1909,88,4999999,0,user_18,229,239,177
1898,89,4999999,0,user_5,229,239,177
1914,90,4999999,0,user_23,229,239,177
1916,91,4999999,0,user_24,229,239,177
1913,92,4999999,0,user_22,229,239,177
4697,93,4500001,0,builder_17,239,239,732
732,94,4500000,16400,user_31,224,239,
3378,95,4500000,0,user_42,235,239,
4698,96,4200001,0,builder_17,239,239,2681
2681,97,4200000,231000,user_36,232,239,
4699,98,4200001,0,builder_17,239,239,55
55,99,4200000,33100,user_43,220,239,
11,2,43000000,0,user_9,240,259,
46,22,6300000,7840,user_34,240,259,
128,2,6299999,0,builder_17,240,240,46
43,34,6100000,0,user_33,240,259,
51,33,6100000,0,user_40,240,259,
38,96,3200000,21800,user_30,240,249,
129,6,3199999,0,builder_17,240,240,38
15,86,2600000,0,user_11,240,248,
61,87,2600000,0,user_46,240,248,
42,88,2500000,0,user_32,240,248,
44,96,2000000,322000,user_33,240,248,
130,11,1999999,0,builder_17,240,240,44
45,98,2300000,0,user_33,240,248,
10,94,2000000,0,user_8,240,246,
39,98,1500000,0,user_30,240,244,
66,90,1300000,0,user_49,240,243,
37,94,1200000,0,user_28,240,243,
60,93,1200000,0,user_45,240,243,
13,95,1100000,0,user_11,240,243,
65,97,1000000,0,user_48,240,243,
5,99,660000,14200,user_4,240,243,
131,21,659999,0,builder_17,240,240,5
17,84,660001,0,user_14,240,242,5
6,86,660001,0,user_5,240,242,5
8,87,660001,0,user_5,240,242,5
21,91,660001,0,user_17,240,242,5
23,92,660001,0,user_18,240,242,5
24,93,660001,0,user_18,240,242,5
25,94,660001,0,user_18,240,242,5
31,89,660001,0,user_25,240,242,5
32,90,660001,0,user_25,240,242,5
19,85,660001,0,user_15,240,242,5
29,88,660001,0,user_22,240,242,5
16,95,659999,0,user_14,240,242,5
7,96,659999,0,user_5,240,242,5
22,99,659999,0,user_18,240,242,5
26,86,659999,0,user_18,240,241,5
33,97,659999,0,user_26,240,242,5
34,98,659999,0,user_26,240,242,5
48,87,420000,0,user_35,240,241,
12,89,310000,0,user_11,240,241,
4,95,260000,0,user_4,240,241,
14,96,220000,0,user_11,240,241,
41,97,220000,0,user_32,240,241,
63,98,220000,0,user_47,240,241,
132,45,150001,0,builder_17,240,240,1
1,99,150000,39400,user_1,240,241,
64,47,160000,0,user_48,240,240,
49,48,160000,0,user_36,240,240,
53,49,160000,0,user_42,240,240,
2,50,150001,0,user_2,240,240,1
9,51,150001,0,user_7,240,240,1
18,52,150001,0,user_15,240,240,1
3,53,149999,0,user_3,240,240,1
20,54,149999,0,user_16,240,240,1
30,55,149999,0,user_23,240,240,1
28,56,149999,0,user_20,240,240,1
50,57,130000,0,user_39,240,240,
52,58,110000,0,user_41,240,240,
40,59,87000,0,user_31,240,240,
62,60,82000,0,user_46,240,240,
0,61,80000,0,user_1,240,240,
54,62,77000,0,user_42,240,240,
47,63,70000,0,user_34,240,240,
11,2,43000000,0,user_9,240,259,
46,22,6300000,7840,user_34,240,259,
323,2,6299999,0,builder_18,241,241,46
164,23,6300001,0,user_14,241,259,46
187,28,6300000,0,user_33,241,259,
165,31,6299999,0,user_14,241,259,46
166,29,6299999,0,user_16,241,259,46
152,30,6299999,0,user_6,241,259,46
51,33,6100000,0,user_40,240,259,
43,34,6100000,0,user_33,240,259,
324,10,5000001,0,builder_18,241,241,177
177,36,5000000,381000,user_27,241,259,
55,99,4200000,33100,user_43,240,259,
325,13,4199999,0,builder_18,241,241,55
156,95,4200001,0,user_9,241,256,55
162,99,4200001,0,user_13,241,257,55
163,94,4200001,0,user_13,241,256,55
169,96,4200001,0,user_17,241,256,55
171,98,4199999,0,user_20,241,253,55
159,99,4199999,0,user_13,241,253,55
176,99,4199999,0,user_26,241,252,55
326,21,3200001,0,builder_18,241,241,38
38,96,3200000,21800,user_30,240,249,
144,77,3200001,0,user_4,241,248,38
142,81,3199999,0,user_3,241,248,38
143,82,3199999,0,user_3,241,248,38
174,83,3199999,0,user_23,241,248,38
15,86,2600000,0,user_11,240,248,
61,87,2600000,0,user_46,240,248,
199,84,2600000,0,user_47,241,248,
42,88,2500000,0,user_32,240,248,
327,31,2000001,0,builder_18,241,241,44
44,96,2000000,322000,user_33,240,248,
45,98,2300000,0,user_33,240,248,
36,97,2300000,0,user_27,240,248,
154,96,2000001,0,user_7,241,247,44
172,94,2000001,0,user_21,241,247,44
145,97,2000001,0,user_5,241,247,44
149,98,2000001,0,user_5,241,247,44
151,95,2000001,0,user_6,241,247,44
173,99,2000001,0,user_22,241,247,44
10,94,2000000,0,user_8,240,246,
140,98,1999999,0,user_2,241,246,44
158,93,1999999,0,user_10,241,245,44
139,91,1999999,0,user_0,241,245,44
160,94,1999999,0,user_13,241,245,44
161,95,1999999,0,user_13,241,245,44
167,96,1999999,0,user_17,241,245,44
147,99,1999999,0,user_5,241,246,44
150,97,1999999,0,user_6,241,245,44
153,98,1999999,0,user_6,241,245,44
175,99,1999999,0,user_26,241,245,44
196,92,1800000,0,user_44,241,244,
181,93,1600000,0,user_30,241,244,
194,94,1600000,0,user_42,241,244,
39,98,1500000,0,user_30,240,244,
200,97,1500000,0,user_48,241,244,
185,99,1500000,0,user_32,241,244,
35,86,1400000,0,user_27,240,243,
56,87,1400000,0,user_43,240,243,
198,88,1400000,0,user_46,241,243,
66,90,1300000,0,user_49,240,243,
37,94,1200000,0,user_28,240,243,
60,93,1200000,0,user_45,240,243,
197,92,1200000,0,user_45,241,243,
13,95,1100000,0,user_11,240,243,
65,97,1000000,0,user_48,240,243,
328,67,660001,0,builder_18,241,241,5
5,99,660000,14200,user_4,240,243,
6,86,660001,0,user_5,240,242,5
8,87,660001,0,user_5,240,242,5
27,83,660001,0,user_19,240,242,5
17,84,660001,0,user_14,240,242,5
19,85,660001,0,user_15,240,242,5
29,88,660001,0,user_22,240,242,5
31,89,660001,0,user_25,240,242,5
32,90,660001,0,user_25,240,242,5
21,91,660001,0,user_17,240,242,5
23,92,660001,0,user_18,240,242,5
24,93,660001,0,user_18,240,242,5
25,94,660001,0,user_18,240,242,5
7,96,659999,0,user_5,240,242,5
16,95,659999,0,user_14,240,242,5
33,97,659999,0,user_26,240,242,5
34,98,659999,0,user_26,240,242,5
22,99,659999,0,user_18,240,242,5
26,86,659999,0,user_18,240,241,5
48,87,420000,0,user_35,240,241,
183,88,340000,0,user_32,241,241,
12,89,310000,0,user_11,240,241,
193,90,310000,0,user_40,241,241,
329,91,260001,0,builder_18,241,241,192
192,92,260000,21800,user_39,241,241,
57,93,110000,164000,user_43,240,241,
330,94,109999,0,builder_18,241,241,57
4,95,260000,0,user_4,240,241,
14,96,220000,0,user_11,240,241,
41,97,220000,0,user_32,240,241,
63,98,220000,0,user_47,240,241,
1,99,150000,39400,user_1,240,241,
11,2,43000000,0,user_9,240,259,
46,22,6300000,7840,user_34,240,259,
514,2,6299999,0,builder_18,242,242,46
164,23,6300001,0,user_14,241,259,46
187,28,6300000,0,user_33,241,259,
152,30,6299999,0,user_6,241,259,46
165,31,6299999,0,user_14,241,259,46
166,29,6299999,0,user_16,241,259,46
43,34,6100000,0,user_33,240,259,
51,33,6100000,0,user_40,240,259,
345,52,5000001,0,user_12,242,259,177
353,53,5000001,0,user_24,242,259,177
191,71,5000000,0,user_38,241,259,
348,79,4999999,0,user_16,242,259,177
354,80,4999999,0,user_24,242,259,177
55,99,4200000,33100,user_43,240,259,
515,16,4199999,0,builder_18,242,242,55
162,99,4200001,0,user_13,241,257,55
163,94,4200001,0,user_13,241,256,55
156,95,4200001,0,user_9,241,256,55
169,96,4200001,0,user_17,241,256,55
343,98,4200001,0,user_10,242,257,55
341,97,4200001,0,user_8,242,257,55
362,97,4200000,0,user_32,242,255,
159,99,4199999,0,user_13,241,253,55
171,98,4199999,0,user_20,241,253,55
176,99,4199999,0,user_26,241,252,55
344,99,4199999,0,user_11,242,255,55
340,99,4199999,0,user_8,242,254,55
38,96,3200000,21800,user_30,240,249,
516,30,3199999,0,builder_18,242,242,38
144,77,3200001,0,user_4,241,248,38
142,81,3199999,0,user_3,241,248,38
143,82,3199999,0,user_3,241,248,38
174,83,3199999,0,user_23,241,248,38
15,86,2600000,0,user_11,240,248,
61,87,2600000,0,user_46,240,248,
199,84,2600000,0,user_47,241,248,
42,88,2500000,0,user_32,240,248,
369,93,2400000,0,user_42,242,248,
44,96,2000000,322000,user_33,240,248,
517,41,1999999,0,builder_18,242,242,44
45,98,2300000,0,user_33,240,248,
36,97,2300000,0,user_27,240,248,
145,97,2000001,0,user_5,241,247,44
149,98,2000001,0,user_5,241,247,44
151,95,2000001,0,user_6,241,247,44
154,96,2000001,0,user_7,241,247,44
172,94,2000001,0,user_21,241,247,44
173,99,2000001,0,user_22,241,247,44
355,89,2000001,0,user_25,242,246,44
10,94,2000000,0,user_8,240,246,
140,98,1999999,0,user_2,241,246,44
147,99,1999999,0,user_5,241,246,44
158,93,1999999,0,user_10,241,245,44
160,94,1999999,0,user_13,241,245,44
161,95,1999999,0,user_13,241,245,44
150,97,1999999,0,user_6,241,245,44
153,98,1999999,0,user_6,241,245,44
139,91,1999999,0,user_0,241,245,44
175,99,1999999,0,user_26,241,245,44
167,96,1999999,0,user_17,241,245,44
338,88,1999999,0,user_6,242,245,44
196,92,1800000,0,user_44,241,244,
194,94,1600000,0,user_42,241,244,
181,93,1600000,0,user_30,241,244,
39,98,1500000,0,user_30,240,244,
185,99,1500000,0,user_32,241,244,
200,97,1500000,0,user_48,241,244,
35,86,1400000,0,user_27,240,243,
56,87,1400000,0,user_43,240,243,
198,88,1400000,0,user_46,241,243,
373,85,1400000,0,user_44,242,243,
66,90,1300000,0,user_49,240,243,
37,94,1200000,0,user_28,240,243,
60,93,1200000,0,user_45,240,243,
197,92,1200000,0,user_45,241,243,
13,95,1100000,0,user_11,240,243,
65,97,1000000,0,user_48,240,243,
5,99,660000,14200,user_4,240,243,
518,80,659999,0,builder_18,242,242,5
519,81,73001,0,builder_18,242,242,195
195,82,73000,594000,user_43,241,242,
27,83,660001,0,user_19,240,242,5
17,84,660001,0,user_14,240,242,5
19,85,660001,0,user_15,240,242,5
6,86,660001,0,user_5,240,242,5
8,87,660001,0,user_5,240,242,5
29,88,660001,0,user_22,240,242,5
31,89,660001,0,user_25,240,242,5
32,90,660001,0,user_25,240,242,5
21,91,660001,0,user_17,240,242,5
23,92,660001,0,user_18,240,242,5
24,93,660001,0,user_18,240,242,5
25,94,660001,0,user_18,240,242,5
16,95,659999,0,user_14,240,242,5
7,96,659999,0,user_5,240,242,5
33,97,659999,0,user_26,240,242,5
34,98,659999,0,user_26,240,242,5
22,99,659999,0,user_18,240,242,5
11,2,43000000,0,user_9,240,259,
358,9,27000000,0,user_28,242,259,
686,2,6300001,0,builder_17,243,243,46
46,22,6300000,7840,user_34,240,259,
164,23,6300001,0,user_14,241,259,46
187,28,6300000,0,user_33,241,259,
165,31,6299999,0,user_14,241,259,46
166,29,6299999,0,user_16,241,259,46
152,30,6299999,0,user_6,241,259,46
51,33,6100000,0,user_40,240,259,
43,34,6100000,0,user_33,240,259,
687,11,5000001,0,builder_17,243,243,177
177,36,5000000,381000,user_27,241,259,
345,52,5000001,0,user_12,242,259,177
353,53,5000001,0,user_24,242,259,177
349,65,5000001,0,user_19,242,259,177
538,51,5000001,0,user_17,243,259,177
547,50,5000001,0,user_26,243,259,177
191,71,5000000,0,user_38,241,259,
348,79,4999999,0,user_16,242,259,177
354,80,4999999,0,user_24,242,259,177
528,77,4999999,0,user_8,243,259,177
529,78,4999999,0,user_8,243,259,177
545,76,4999999,0,user_21,243,259,177
688,24,4200001,0,builder_17,243,243,55
55,99,4200000,33100,user_43,240,259,
156,95,4200001,0,user_9,241,256,55
343,98,4200001,0,user_10,242,257,55
341,97,4200001,0,user_8,242,257,55
162,99,4200001,0,user_13,241,257,55
163,94,4200001,0,user_13,241,256,55
169,96,4200001,0,user_17,241,256,55
362,97,4200000,0,user_32,242,255,
552,97,4200000,0,user_34,243,256,
344,99,4199999,0,user_11,242,255,55
340,99,4199999,0,user_8,242,254,55
159,99,4199999,0,user_13,241,253,55
176,99,4199999,0,user_26,241,252,55
171,98,4199999,0,user_20,241,253,55
38,96,3200000,21800,user_30,240,249,
689,40,3199999,0,builder_17,243,243,38
144,77,3200001,0,user_4,241,248,38
142,81,3199999,0,user_3,241,248,38
143,82,3199999,0,user_3,241,248,38
174,83,3199999,0,user_23,241,248,38
199,84,2600000,0,user_47,241,248,
61,87,2600000,0,user_46,240,248,
15,86,2600000,0,user_11,240,248,
42,88,2500000,0,user_32,240,248,
690,49,2400001,0,builder_17,243,243,553
553,91,2400000,18600,user_36,243,248,
369,93,2400000,0,user_42,242,248,
44,96,2000000,322000,user_33,240,248,
691,53,1999999,0,builder_17,243,243,44
36,97,2300000,0,user_27,240,248,
45,98,2300000,0,user_33,240,248,
355,89,2000001,0,user_25,242,246,44
154,96,2000001,0,user_7,241,247,44
172,94,2000001,0,user_21,241,247,44
145,97,2000001,0,user_5,241,247,44
149,98,2000001,0,user_5,241,247,44
151,95,2000001,0,user_6,241,247,44
173,99,2000001,0,user_22,241,247,44
539,91,2000001,0,user_17,243,247,44
10,94,2000000,0,user_8,240,246,
338,88,1999999,0,user_6,242,245,44
522,96,1999999,0,user_0,243,246,44
158,93,1999999,0,user_10,241,245,44
139,91,1999999,0,user_0,241,245,44
160,94,1999999,0,user_13,241,245,44
161,95,1999999,0,user_13,241,245,44
167,96,1999999,0,user_17,241,245,44
147,99,1999999,0,user_5,241,246,44
150,97,1999999,0,user_6,241,245,44
153,98,1999999,0,user_6,241,245,44
175,99,1999999,0,user_26,241,245,44
140,98,1999999,0,user_2,241,246,44
196,92,1800000,0,user_44,241,244,
371,96,1600000,0,user_43,242,244,
181,93,1600000,0,user_30,241,244,
194,94,1600000,0,user_42,241,244,
360,95,1600000,0,user_28,242,244,
200,97,1500000,0,user_48,241,244,
185,99,1500000,0,user_32,241,244,
39,98,1500000,0,user_30,240,244,
373,85,1400000,0,user_44,242,243,
35,86,1400000,0,user_27,240,243,
56,87,1400000,0,user_43,240,243,
198,88,1400000,0,user_46,241,243,
359,89,1400000,0,user_28,242,243,
66,90,1300000,0,user_49,240,243,
556,91,1300000,0,user_40,243,243,
197,92,1200000,0,user_45,241,243,
60,93,1200000,0,user_45,240,243,
37,94,1200000,0,user_28,240,243,
13,95,1100000,0,user_11,240,243,
560,96,1100000,0,user_46,243,243,
65,97,1000000,0,user_48,240,243,
692,98,660001,0,builder_17,243,243,5
5,99,660000,14200,user_4,240,243,
11,2,43000000,0,user_9,240,259,
735,7,30000000,0,user_35,244,259,
358,9,27000000,0,user_28,242,259,
46,22,6300000,7840,user_34,240,259,
866,4,6299999,0,builder_17,244,244,46
164,23,6300001,0,user_14,241,259,46
187,28,6300000,0,user_33,241,259,
152,30,6299999,0,user_6,241,259,46
165,31,6299999,0,user_14,241,259,46
166,29,6299999,0,user_16,241,259,46
43,34,6100000,0,user_33,240,259,
51,33,6100000,0,user_40,240,259,
177,36,5000000,381000,user_27,241,259,
867,13,4999999,0,builder_17,244,244,177
349,65,5000001,0,user_19,242,259,177
538,51,5000001,0,user_17,243,259,177
547,50,5000001,0,user_26,243,259,177
353,53,5000001,0,user_24,242,259,177
345,52,5000001,0,user_12,242,259,177
714,59,5000001,0,user_15,244,259,177
191,71,5000000,0,user_38,241,259,
749,72,5000000,0,user_47,244,259,
731,70,5000000,0,user_30,244,259,
528,77,4999999,0,user_8,243,259,177
529,78,4999999,0,user_8,243,259,177
545,76,4999999,0,user_21,243,259,177
348,79,4999999,0,user_16,242,259,177
354,80,4999999,0,user_24,242,259,177
724,85,4999999,0,user_25,244,259,177
868,29,4500001,0,builder_17,244,244,732
732,94,4500000,16400,user_31,244,259,
55,99,4200000,33100,user_43,240,259,
869,32,4199999,0,builder_17,244,244,55
156,95,4200001,0,user_9,241,256,55
343,98,4200001,0,user_10,242,257,55
169,96,4200001,0,user_17,241,256,55
162,99,4200001,0,user_13,241,257,55
163,94,4200001,0,user_13,241,256,55
341,97,4200001,0,user_8,242,257,55
552,97,4200000,0,user_34,243,256,
362,97,4200000,0,user_32,242,255,
176,99,4199999,0,user_26,241,252,55
344,99,4199999,0,user_11,242,255,55
159,99,4199999,0,user_13,241,253,55
171,98,4199999,0,user_20,241,253,55
340,99,4199999,0,user_8,242,254,55
38,96,3200000,21800,user_30,240,249,
870,47,3199999,0,builder_17,244,244,38
555,98,3200000,6390,user_37,243,249,
871,49,3199999,0,builder_17,244,244,555
144,77,3200001,0,user_4,241,248,38
742,78,3200000,0,user_40,244,248,
174,83,3199999,0,user_23,241,248,38
142,81,3199999,0,user_3,241,248,38
143,82,3199999,0,user_3,241,248,38
554,85,2600000,0,user_37,243,248,
199,84,2600000,0,user_47,241,248,
61,87,2600000,0,user_46,240,248,
15,86,2600000,0,user_11,240,248,
42,88,2500000,0,user_32,240,248,
553,91,2400000,18600,user_36,243,248,
872,61,2399999,0,builder_17,244,244,553
369,93,2400000,0,user_42,242,248,
44,96,2000000,322000,user_33,240,248,
873,64,1999999,0,builder_17,244,244,44
45,98,2300000,0,user_33,240,248,
36,97,2300000,0,user_27,240,248,
539,91,2000001,0,user_17,243,247,44
145,97,2000001,0,user_5,241,247,44
149,98,2000001,0,user_5,241,247,44
154,96,2000001,0,user_7,241,247,44
151,95,2000001,0,user_6,241,247,44
172,94,2000001,0,user_21,241,247,44
173,99,2000001,0,user_22,241,247,44
355,89,2000001,0,user_25,242,246,44
706,90,2000001,0,user_5,244,247,44
716,92,2000001,0,user_17,244,247,44
10,94,2000000,0,user_8,240,246,
750,93,2000000,0,user_48,244,246,
710,97,1999999,0,user_9,244,246,44
158,93,1999999,0,user_10,241,245,44
147,99,1999999,0,user_5,241,246,44
150,97,1999999,0,user_6,241,245,44
153,98,1999999,0,user_6,241,245,44
175,99,1999999,0,user_26,241,245,44
167,96,1999999,0,user_17,241,245,44
338,88,1999999,0,user_6,242,245,44
140,98,1999999,0,user_2,241,246,44
160,94,1999999,0,user_13,241,245,44
161,95,1999999,0,user_13,241,245,44
139,91,1999999,0,user_0,241,245,44
522,96,1999999,0,user_0,243,246,44
196,92,1800000,0,user_44,241,244,
181,93,1600000,0,user_30,241,244,
194,94,1600000,0,user_42,241,244,
360,95,1600000,0,user_28,242,244,
371,96,1600000,0,user_43,242,244,
200,97,1500000,0,user_48,241,244,
39,98,1500000,0,user_30,240,244,
185,99,1500000,0,user_32,241,244,
11,2,43000000,0,user_9,240,259,
735,7,30000000,0,user_35,244,259,
358,9,27000000,0,user_28,242,259,
1096,3,170001,0,builder_17,245,245,727
727,18,170000,17700000,user_27,244,259,
46,22,6300000,7840,user_34,240,259,
1097,6,6299999,0,builder_17,245,245,46
164,23,6300001,0,user_14,241,259,46
187,28,6300000,0,user_33,241,259,
165,31,6299999,0,user_14,241,259,46
166,29,6299999,0,user_16,241,259,46
152,30,6299999,0,user_6,241,259,46
51,33,6100000,0,user_40,240,259,
43,34,6100000,0,user_33,240,259,
1098,14,5000001,0,builder_17,245,245,177
177,36,5000000,381000,user_27,241,259,
714,59,5000001,0,user_15,244,259,177
883,60,5000001,0,user_0,245,259,177
345,52,5000001,0,user_12,242,259,177
349,65,5000001,0,user_19,242,259,177
547,50,5000001,0,user_26,243,259,177
719,58,5000001,0,user_19,244,259,177
353,53,5000001,0,user_24,242,259,177
538,51,5000001,0,user_17,243,259,177
749,72,5000000,0,user_47,244,259,
731,70,5000000,0,user_30,244,259,
191,71,5000000,0,user_38,241,259,
724,85,4999999,0,user_25,244,259,177
348,79,4999999,0,user_16,242,259,177
545,76,4999999,0,user_21,243,259,177
528,77,4999999,0,user_8,243,259,177
529,78,4999999,0,user_8,243,259,177
354,80,4999999,0,user_24,242,259,177
732,94,4500000,16400,user_31,244,259,
1099,34,4499999,0,builder_17,245,245,732
1100,35,4200001,0,builder_17,245,245,55
55,99,4200000,33100,user_43,240,259,
341,97,4200001,0,user_8,242,257,55
343,98,4200001,0,user_10,242,257,55
156,95,4200001,0,user_9,241,256,55
162,99,4200001,0,user_13,241,257,55
163,94,4200001,0,user_13,241,256,55
169,96,4200001,0,user_17,241,256,55
552,97,4200000,0,user_34,243,256,
362,97,4200000,0,user_32,242,255,
340,99,4199999,0,user_8,242,254,55
159,99,4199999,0,user_13,241,253,55
176,99,4199999,0,user_26,241,252,55
171,98,4199999,0,user_20,241,253,55
344,99,4199999,0,user_11,242,255,55
38,96,3200000,21800,user_30,240,249,
1101,51,3199999,0,builder_17,245,245,38
555,98,3200000,6390,user_37,243,249,
1102,53,3199999,0,builder_17,245,245,555
144,77,3200001,0,user_4,241,248,38
742,78,3200000,0,user_40,244,248,
910,80,3200000,0,user_32,245,248,
142,81,3199999,0,user_3,241,248,38
143,82,3199999,0,user_3,241,248,38
174,83,3199999,0,user_23,241,248,38
554,85,2600000,0,user_37,243,248,
15,86,2600000,0,user_11,240,248,
61,87,2600000,0,user_46,240,248,
199,84,2600000,0,user_47,241,248,
909,89,2500000,0,user_28,245,248,
42,88,2500000,0,user_32,240,248,
1103,66,2400001,0,builder_17,245,245,553
553,91,2400000,18600,user_36,243,248,
369,93,2400000,0,user_42,242,248,
1104,69,2000001,0,builder_17,245,245,44
44,96,2000000,322000,user_33,240,248,
36,97,2300000,0,user_27,240,248,
45,98,2300000,0,user_33,240,248,
716,92,2000001,0,user_17,244,247,44
706,90,2000001,0,user_5,244,247,44
355,89,2000001,0,user_25,242,246,44
896,88,2000001,0,user_11,245,247,44
539,91,2000001,0,user_17,243,247,44
145,97,2000001,0,user_5,241,247,44
149,98,2000001,0,user_5,241,247,44
154,96,2000001,0,user_7,241,247,44
151,95,2000001,0,user_6,241,247,44
173,99,2000001,0,user_22,241,247,44
172,94,2000001,0,user_21,241,247,44
750,93,2000000,0,user_48,244,246,
10,94,2000000,0,user_8,240,246,
912,95,2000000,0,user_35,245,246,
522,96,1999999,0,user_0,243,246,44
338,88,1999999,0,user_6,242,245,44
710,97,1999999,0,user_9,244,246,44
147,99,1999999,0,user_5,241,246,44
139,91,1999999,0,user_0,241,245,44
140,98,1999999,0,user_2,241,246,44
158,93,1999999,0,user_10,241,245,44
160,94,1999999,0,user_13,241,245,44
161,95,1999999,0,user_13,241,245,44
167,96,1999999,0,user_17,241,245,44
150,97,1999999,0,user_6,241,245,44
153,98,1999999,0,user_6,241,245,44
175,99,1999999,0,user_26,241,245,44
11,2,43000000,0,user_9,240,259,
735,7,30000000,0,user_35,244,259,
358,9,27000000,0,user_28,242,259,
727,18,170000,17700000,user_27,244,259,
1331,4,169999,0,builder_18,246,246,727
46,22,6300000,7840,user_34,240,259,
1332,6,6299999,0,builder_18,246,246,46
164,23,6300001,0,user_14,241,259,46
187,28,6300000,0,user_33,241,259,
152,30,6299999,0,user_6,241,259,46
165,31,6299999,0,user_14,241,259,46
166,29,6299999,0,user_16,241,259,46
43,34,6100000,0,user_33,240,259,
51,33,6100000,0,user_40,240,259,
1158,32,6100000,0,user_47,246,259,
177,36,5000000,381000,user_27,241,259,
1333,16,4999999,0,builder_18,246,246,177
908,41,5200000,0,user_27,245,259,
547,50,5000001,0,user_26,243,259,177
538,51,5000001,0,user_17,243,259,177
719,58,5000001,0,user_19,244,259,177
714,59,5000001,0,user_15,244,259,177
345,52,5000001,0,user_12,242,259,177
353,53,5000001,0,user_24,242,259,177
349,65,5000001,0,user_19,242,259,177
883,60,5000001,0,user_0,245,259,177
1124,48,5000001,0,user_10,246,259,177
749,72,5000000,0,user_47,244,259,
731,70,5000000,0,user_30,244,259,
191,71,5000000,0,user_38,241,259,
545,76,4999999,0,user_21,243,259,177
528,77,4999999,0,user_8,243,259,177
529,78,4999999,0,user_8,243,259,177
724,85,4999999,0,user_25,244,259,177
348,79,4999999,0,user_16,242,259,177
354,80,4999999,0,user_24,242,259,177
1334,36,4500001,0,builder_18,246,246,732
732,94,4500000,16400,user_31,244,259,
1335,38,4200001,0,builder_18,246,246,55
55,99,4200000,33100,user_43,240,259,
162,99,4200001,0,user_13,241,257,55
163,94,4200001,0,user_13,241,256,55
156,95,4200001,0,user_9,241,256,55
169,96,4200001,0,user_17,241,256,55
343,98,4200001,0,user_10,242,257,55
341,97,4200001,0,user_8,242,257,55
552,97,4200000,0,user_34,243,256,
362,97,4200000,0,user_32,242,255,
1151,98,4200000,0,user_34,246,256,
159,99,4199999,0,user_13,241,253,55
171,98,4199999,0,user_20,241,253,55
176,99,4199999,0,user_26,241,252,55
344,99,4199999,0,user_11,242,255,55
340,99,4199999,0,user_8,242,254,55
1144,98,3500000,5640,user_30,246,251,
1336,55,3499999,0,builder_18,246,246,1144
38,96,3200000,21800,user_30,240,249,
1337,57,3199999,0,builder_18,246,246,38
1338,58,3200001,0,builder_18,246,246,555
555,98,3200000,6390,user_37,243,249,
144,77,3200001,0,user_4,241,248,38
742,78,3200000,0,user_40,244,248,
910,80,3200000,0,user_32,245,248,
922,79,3200000,0,user_43,245,248,
142,81,3199999,0,user_3,241,248,38
143,82,3199999,0,user_3,241,248,38
174,83,3199999,0,user_23,241,248,38
554,85,2600000,0,user_37,243,248,
15,86,2600000,0,user_11,240,248,
61,87,2600000,0,user_46,240,248,
199,84,2600000,0,user_47,241,248,
909,89,2500000,0,user_28,245,248,
42,88,2500000,0,user_32,240,248,
1339,73,2400001,0,builder_18,246,246,553
553,91,2400000,18600,user_36,243,248,
369,93,2400000,0,user_42,242,248,
44,96,2000000,322000,user_33,240,248,
1340,77,1999999,0,builder_18,246,246,44
45,98,2300000,0,user_33,240,248,
36,97,2300000,0,user_27,240,248,
539,91,2000001,0,user_17,243,247,44
706,90,2000001,0,user_5,244,247,44
716,92,2000001,0,user_17,244,247,44
145,97,2000001,0,user_5,241,247,44
149,98,2000001,0,user_5,241,247,44
151,95,2000001,0,user_6,241,247,44
154,96,2000001,0,user_7,241,247,44
172,94,2000001,0,user_21,241,247,44
173,99,2000001,0,user_22,241,247,44
355,89,2000001,0,user_25,242,246,44
896,88,2000001,0,user_11,245,247,44
1114,89,2000001,0,user_1,246,247,44
1136,99,2000001,0,user_20,246,248,44
750,93,2000000,0,user_48,244,246,
10,94,2000000,0,user_8,240,246,
912,95,2000000,0,user_35,245,246,
522,96,1999999,0,user_0,243,246,44
710,97,1999999,0,user_9,244,246,44
140,98,1999999,0,user_2,241,246,44
147,99,1999999,0,user_5,241,246,44
11,2,43000000,0,user_9,240,259,
735,7,30000000,0,user_35,244,259,
1370,5,30000000,0,user_29,247,259,
358,9,27000000,0,user_28,242,259,
1578,4,170001,0,builder_18,247,247,727
727,18,170000,17700000,user_27,244,259,
1579,6,6300001,0,builder_18,247,247,46
46,22,6300000,7840,user_34,240,259,
164,23,6300001,0,user_14,241,259,46
187,28,6300000,0,user_33,241,259,
1147,25,6300000,0,user_31,246,259,
165,31,6299999,0,user_14,241,259,46
166,29,6299999,0,user_16,241,259,46
152,30,6299999,0,user_6,241,259,46
51,33,6100000,0,user_40,240,259,
43,34,6100000,0,user_33,240,259,
1158,32,6100000,0,user_47,246,259,
177,36,5000000,381000,user_27,241,259,
1580,18,4999999,0,builder_18,247,247,177
908,41,5200000,0,user_27,245,259,
1581,20,5000001,0,builder_18,247,247,1384
1384,45,5000000,13900,user_45,247,259,
1380,47,5000000,6390,user_41,247,259,
1582,23,4999999,0,builder_18,247,247,1380
883,60,5000001,0,user_0,245,259,177
1124,48,5000001,0,user_10,246,259,177
538,51,5000001,0,user_17,243,259,177
547,50,5000001,0,user_26,243,259,177
719,58,5000001,0,user_19,244,259,177
714,59,5000001,0,user_15,244,259,177
345,52,5000001,0,user_12,242,259,177
349,65,5000001,0,user_19,242,259,177
353,53,5000001,0,user_24,242,259,177
749,72,5000000,0,user_47,244,259,
731,70,5000000,0,user_30,244,259,
191,71,5000000,0,user_38,241,259,
1377,69,5000000,0,user_37,247,259,
545,76,4999999,0,user_21,243,259,177
528,77,4999999,0,user_8,243,259,177
529,78,4999999,0,user_8,243,259,177
724,85,4999999,0,user_25,244,259,177
348,79,4999999,0,user_16,242,259,177
354,80,4999999,0,user_24,242,259,177
732,94,4500000,16400,user_31,244,259,
1583,44,4499999,0,builder_18,247,247,732
1584,45,4200001,0,builder_18,247,247,55
55,99,4200000,33100,user_43,240,259,
162,99,4200001,0,user_13,241,257,55
163,94,4200001,0,user_13,241,256,55
169,96,4200001,0,user_17,241,256,55
156,95,4200001,0,user_9,241,256,55
343,98,4200001,0,user_10,242,257,55
341,97,4200001,0,user_8,242,257,55
362,97,4200000,0,user_32,242,255,
552,97,4200000,0,user_34,243,256,
1151,98,4200000,0,user_34,246,256,
159,99,4199999,0,user_13,241,253,55
171,98,4199999,0,user_20,241,253,55
176,99,4199999,0,user_26,241,252,55
344,99,4199999,0,user_11,242,255,55
340,99,4199999,0,user_8,242,254,55
1585,61,3500001,0,builder_18,247,247,1144
1144,98,3500000,5640,user_30,246,251,
1586,63,3200001,0,builder_18,247,247,38
38,96,3200000,21800,user_30,240,249,
555,98,3200000,6390,user_37,243,249,
1587,66,3199999,0,builder_18,247,247,555
144,77,3200001,0,user_4,241,248,38
910,80,3200000,0,user_32,245,248,
922,79,3200000,0,user_43,245,248,
742,78,3200000,0,user_40,244,248,
142,81,3199999,0,user_3,241,248,38
143,82,3199999,0,user_3,241,248,38
174,83,3199999,0,user_23,241,248,38
554,85,2600000,0,user_37,243,248,
199,84,2600000,0,user_47,241,248,
61,87,2600000,0,user_46,240,248,
15,86,2600000,0,user_11,240,248,
909,89,2500000,0,user_28,245,248,
42,88,2500000,0,user_32,240,248,
1588,80,2400001,0,builder_18,247,247,553
553,91,2400000,18600,user_36,243,248,
369,93,2400000,0,user_42,242,248,
1160,92,2400000,0,user_49,246,248,
44,96,2000000,322000,user_33,240,248,
1589,85,1999999,0,builder_18,247,247,44
45,98,2300000,0,user_33,240,248,
36,97,2300000,0,user_27,240,248,
896,88,2000001,0,user_11,245,247,44
1114,89,2000001,0,user_1,246,247,44
706,90,2000001,0,user_5,244,247,44
539,91,2000001,0,user_17,243,247,44
716,92,2000001,0,user_17,244,247,44
1136,99,2000001,0,user_20,246,248,44
172,94,2000001,0,user_21,241,247,44
151,95,2000001,0,user_6,241,247,44
154,96,2000001,0,user_7,241,247,44
145,97,2000001,0,user_5,241,247,44
149,98,2000001,0,user_5,241,247,44
173,99,2000001,0,user_22,241,247,44
11,2,43000000,0,user_9,240,259,
1627,3,43000000,0,user_29,248,259,
735,7,30000000,0,user_35,244,259,
1370,5,30000000,0,user_29,247,259,
358,9,27000000,0,user_28,242,259,
727,18,170000,17700000,user_27,244,259,
1876,6,169999,0,builder_18,248,248,727
1618,20,3500000,7190000,user_27,248,259,
1877,8,3499999,0,builder_18,248,248,1618
1878,9,6300001,0,builder_18,248,248,46
46,22,6300000,7840,user_34,240,259,
164,23,6300001,0,user_14,241,259,46
1147,25,6300000,0,user_31,246,259,
187,28,6300000,0,user_33,241,259,
1640,27,6300000,0,user_44,248,259,
165,31,6299999,0,user_14,241,259,46
166,29,6299999,0,user_16,241,259,46
152,30,6299999,0,user_6,241,259,46
1158,32,6100000,0,user_47,246,259,
43,34,6100000,0,user_33,240,259,
51,33,6100000,0,user_40,240,259,
1626,35,6100000,0,user_29,248,259,
177,36,5000000,381000,user_27,241,259,
1879,23,4999999,0,builder_18,248,248,177
908,41,5200000,0,user_27,245,259,
1384,45,5000000,13900,user_45,247,259,
1880,26,4999999,0,builder_18,248,248,1384
1881,27,5000001,0,builder_18,248,248,1380
1380,47,5000000,6390,user_41,247,259,
1124,48,5000001,0,user_10,246,259,177
345,52,5000001,0,user_12,242,259,177
349,65,5000001,0,user_19,242,259,177
353,53,5000001,0,user_24,242,259,177
547,50,5000001,0,user_26,243,259,177
538,51,5000001,0,user_17,243,259,177
714,59,5000001,0,user_15,244,259,177
883,60,5000001,0,user_0,245,259,177
719,58,5000001,0,user_19,244,259,177
1617,61,5000001,0,user_26,248,259,177
749,72,5000000,0,user_47,244,259,
1377,69,5000000,0,user_37,247,259,
191,71,5000000,0,user_38,241,259,
731,70,5000000,0,user_30,244,259,
348,79,4999999,0,user_16,242,259,177
354,80,4999999,0,user_24,242,259,177
528,77,4999999,0,user_8,243,259,177
529,78,4999999,0,user_8,243,259,177
545,76,4999999,0,user_21,243,259,177
724,85,4999999,0,user_25,244,259,177
1593,75,4999999,0,user_7,248,259,177
1882,50,4500001,0,builder_18,248,248,732
732,94,4500000,16400,user_31,244,259,
1883,52,4200001,0,builder_18,248,248,55
55,99,4200000,33100,user_43,240,259,
341,97,4200001,0,user_8,242,257,55
343,98,4200001,0,user_10,242,257,55
169,96,4200001,0,user_17,241,256,55
156,95,4200001,0,user_9,241,256,55
162,99,4200001,0,user_13,241,257,55
163,94,4200001,0,user_13,241,256,55
1151,98,4200000,0,user_34,246,256,
362,97,4200000,0,user_32,242,255,
552,97,4200000,0,user_34,243,256,
1634,98,4200000,0,user_39,248,255,
344,99,4199999,0,user_11,242,255,55
340,99,4199999,0,user_8,242,254,55
176,99,4199999,0,user_26,241,252,55
159,99,4199999,0,user_13,241,253,55
171,98,4199999,0,user_20,241,253,55
1884,69,3500001,0,builder_18,248,248,1371
1371,97,3500000,283000,user_31,247,251,
1885,71,3500001,0,builder_18,248,248,1144
1144,98,3500000,5640,user_30,246,251,
1886,73,3200001,0,builder_18,248,248,38
38,96,3200000,21800,user_30,240,249,
555,98,3200000,6390,user_37,243,249,
1887,76,3199999,0,builder_18,248,248,555
144,77,3200001,0,user_4,241,248,38
742,78,3200000,0,user_40,244,248,
922,79,3200000,0,user_43,245,248,
910,80,3200000,0,user_32,245,248,
142,81,3199999,0,user_3,241,248,38
143,82,3199999,0,user_3,241,248,38
174,83,3199999,0,user_23,241,248,38
199,84,2600000,0,user_47,241,248,
554,85,2600000,0,user_37,243,248,
15,86,2600000,0,user_11,240,248,
61,87,2600000,0,user_46,240,248,
42,88,2500000,0,user_32,240,248,
909,89,2500000,0,user_28,245,248,
1888,90,2400001,0,builder_18,248,248,553
553,91,2400000,18600,user_36,243,248,
1160,92,2400000,0,user_49,246,248,
369,93,2400000,0,user_42,242,248,
1629,94,2400000,0,user_32,248,248,
1889,95,2000001,0,builder_18,248,248,44
44,96,2000000,322000,user_33,240,248,
36,97,2300000,0,user_27,240,248,
45,98,2300000,0,user_33,240,248,
1136,99,2000001,0,user_20,246,248,44
11,2,43000000,0,user_9,240,259,
1627,3,43000000,0,user_29,248,259,
1370,5,30000000,0,user_29,247,259,
735,7,30000000,0,user_35,244,259,
1931,8,30000000,0,user_41,249,259,
358,9,27000000,0,user_28,242,259,
1926,10,27000000,0,user_34,249,259,
727,18,170000,17700000,user_27,244,259,
2156,8,169999,0,builder_18,249,249,727
2157,9,3500001,0,builder_18,249,249,1618
1618,20,3500000,7190000,user_27,248,259,
46,22,6300000,7840,user_34,240,259,
2158,12,6299999,0,builder_18,249,249,46
164,23,6300001,0,user_14,241,259,46
1147,25,6300000,0,user_31,246,259,
1640,27,6300000,0,user_44,248,259,
187,28,6300000,0,user_33,241,259,
165,31,6299999,0,user_14,241,259,46
166,29,6299999,0,user_16,241,259,46
152,30,6299999,0,user_6,241,259,46
1158,32,6100000,0,user_47,246,259,
51,33,6100000,0,user_40,240,259,
43,34,6100000,0,user_33,240,259,
1626,35,6100000,0,user_29,248,259,
177,36,5000000,381000,user_27,241,259,
2159,25,4999999,0,builder_18,249,249,177
908,41,5200000,0,user_27,245,259,
1384,45,5000000,13900,user_45,247,259,
2160,28,4999999,0,builder_18,249,249,1384
2161,29,5000001,0,builder_18,249,249,1380
1380,47,5000000,6390,user_41,247,259,
1124,48,5000001,0,user_10,246,259,177
538,51,5000001,0,user_17,243,259,177
547,50,5000001,0,user_26,243,259,177
719,58,5000001,0,user_19,244,259,177
345,52,5000001,0,user_12,242,259,177
353,53,5000001,0,user_24,242,259,177
349,65,5000001,0,user_19,242,259,177
714,59,5000001,0,user_15,244,259,177
883,60,5000001,0,user_0,245,259,177
1617,61,5000001,0,user_26,248,259,177
1911,62,5000001,0,user_20,249,259,177
1905,49,5000001,0,user_13,249,259,177
1910,63,5000001,0,user_18,249,259,177
1917,64,5000001,0,user_24,249,259,177
1377,69,5000000,0,user_37,247,259,
191,71,5000000,0,user_38,241,259,
749,72,5000000,0,user_47,244,259,
731,70,5000000,0,user_30,244,259,
1929,73,5000000,0,user_39,249,259,
528,77,4999999,0,user_8,243,259,177
529,78,4999999,0,user_8,243,259,177
545,76,4999999,0,user_21,243,259,177
348,79,4999999,0,user_16,242,259,177
354,80,4999999,0,user_24,242,259,177
724,85,4999999,0,user_25,244,259,177
1593,75,4999999,0,user_7,248,259,177
1894,86,4999999,0,user_4,249,259,177
1901,87,4999999,0,user_10,249,259,177
1909,88,4999999,0,user_18,249,259,177
1898,89,4999999,0,user_5,249,259,177
1914,90,4999999,0,user_23,249,259,177
1913,92,4999999,0,user_22,249,259,177
1916,91,4999999,0,user_24,249,259,177
732,94,4500000,16400,user_31,244,259,
2162,65,4499999,0,builder_18,249,249,732
55,99,4200000,33100,user_43,240,259,
2163,67,4199999,0,builder_18,249,249,55
343,98,4200001,0,user_10,242,257,55
156,95,4200001,0,user_9,241,256,55
162,99,4200001,0,user_13,241,257,55
163,94,4200001,0,user_13,241,256,55
169,96,4200001,0,user_17,241,256,55
341,97,4200001,0,user_8,242,257,55
1151,98,4200000,0,user_34,246,256,
1622,99,4200000,0,user_28,248,256,
552,97,4200000,0,user_34,243,256,
362,97,4200000,0,user_32,242,255,
1634,98,4200000,0,user_39,248,255,
171,98,4199999,0,user_20,241,253,55
159,99,4199999,0,user_13,241,253,55
344,99,4199999,0,user_11,242,255,55
340,99,4199999,0,user_8,242,254,55
176,99,4199999,0,user_26,241,252,55
1371,97,3500000,283000,user_31,247,251,
2164,85,3499999,0,builder_18,249,249,1371
1144,98,3500000,5640,user_30,246,251,
2165,87,3499999,0,builder_18,249,249,1144
1892,99,3500001,0,user_1,249,250,1618
1895,97,3500001,0,user_4,249,250,1618
1896,98,3500001,0,user_4,249,250,1618
1907,91,3500001,0,user_16,249,249,1618
1897,92,3499999,0,user_4,249,249,1618
1900,93,3499999,0,user_10,249,249,1618
1902,94,3499999,0,user_10,249,249,1618
1912,95,3499999,0,user_21,249,249,1618
38,96,3200000,21800,user_30,240,249,
2166,97,3199999,0,builder_18,249,249,38
555,98,3200000,6390,user_37,243,249,
2167,99,3199999,0,builder_18,249,249,555
1627,3,43000000,0,user_29,248,259,
11,2,43000000,0,user_9,240,259,
1370,5,30000000,0,user_29,247,259,
735,7,30000000,0,user_35,244,259,
1931,8,30000000,0,user_41,249,259,
358,9,27000000,0,user_28,242,259,
1926,10,27000000,0,user_34,249,259,
2217,12,19000000,0,user_40,250,259,
727,18,170000,17700000,user_27,244,259,
2406,9,169999,0,builder_18,250,250,727
2407,10,3500001,0,builder_18,250,250,1618
1618,20,3500000,7190000,user_27,248,259,
46,22,6300000,7840,user_34,240,259,
2408,13,6299999,0,builder_18,250,250,46
164,23,6300001,0,user_14,241,259,46
1147,25,6300000,0,user_31,246,259,
1640,27,6300000,0,user_44,248,259,
187,28,6300000,0,user_33,241,259,
152,30,6299999,0,user_6,241,259,46
165,31,6299999,0,user_14,241,259,46
166,29,6299999,0,user_16,241,259,46
1158,32,6100000,0,user_47,246,259,
1626,35,6100000,0,user_29,248,259,
43,34,6100000,0,user_33,240,259,
51,33,6100000,0,user_40,240,259,
177,36,5000000,381000,user_27,241,259,
2409,26,4999999,0,builder_18,250,250,177
908,41,5200000,0,user_27,245,259,
1384,45,5000000,13900,user_45,247,259,
2410,29,4999999,0,builder_18,250,250,1384
1380,47,5000000,6390,user_41,247,259,
2411,31,4999999,0,builder_18,250,250,1380
1124,48,5000001,0,user_10,246,259,177
1617,61,5000001,0,user_26,248,259,177
1905,49,5000001,0,user_13,249,259,177
1911,62,5000001,0,user_20,249,259,177
547,50,5000001,0,user_26,243,259,177
538,51,5000001,0,user_17,243,259,177
719,58,5000001,0,user_19,244,259,177
714,59,5000001,0,user_15,244,259,177
345,52,5000001,0,user_12,242,259,177
353,53,5000001,0,user_24,242,259,177
349,65,5000001,0,user_19,242,259,177
883,60,5000001,0,user_0,245,259,177
1910,63,5000001,0,user_18,249,259,177
1917,64,5000001,0,user_24,249,259,177
2184,54,5000001,0,user_11,250,259,177
2168,55,5000001,0,user_0,250,259,177
2181,56,5000001,0,user_9,250,259,177
2183,57,5000001,0,user_9,250,259,177
1377,69,5000000,0,user_37,247,259,
749,72,5000000,0,user_47,244,259,
731,70,5000000,0,user_30,244,259,
191,71,5000000,0,user_38,241,259,
1929,73,5000000,0,user_39,249,259,
1593,75,4999999,0,user_7,248,259,177
1894,86,4999999,0,user_4,249,259,177
1898,89,4999999,0,user_5,249,259,177
1901,87,4999999,0,user_10,249,259,177
545,76,4999999,0,user_21,243,259,177
528,77,4999999,0,user_8,243,259,177
529,78,4999999,0,user_8,243,259,177
724,85,4999999,0,user_25,244,259,177
348,79,4999999,0,user_16,242,259,177
354,80,4999999,0,user_24,242,259,177
1913,92,4999999,0,user_22,249,259,177
1909,88,4999999,0,user_18,249,259,177
1914,90,4999999,0,user_23,249,259,177
1916,91,4999999,0,user_24,249,259,177
2179,82,4999999,0,user_9,250,259,177
2180,83,4999999,0,user_9,250,259,177
2182,84,4999999,0,user_9,250,259,177
2178,81,4999999,0,user_8,250,259,177
2412,73,4500001,0,builder_18,250,250,732
732,94,4500000,16400,user_31,244,259,
55,99,4200000,33100,user_43,240,259,
2413,76,4199999,0,builder_18,250,250,55
162,99,4200001,0,user_13,241,257,55
163,94,4200001,0,user_13,241,256,55
156,95,4200001,0,user_9,241,256,55
169,96,4200001,0,user_17,241,256,55
343,98,4200001,0,user_10,242,257,55
341,97,4200001,0,user_8,242,257,55
1622,99,4200000,0,user_28,248,256,
1634,98,4200000,0,user_39,248,255,
552,97,4200000,0,user_34,243,256,
362,97,4200000,0,user_32,242,255,
1151,98,4200000,0,user_34,246,256,
159,99,4199999,0,user_13,241,253,55
171,98,4199999,0,user_20,241,253,55
176,99,4199999,0,user_26,241,252,55
344,99,4199999,0,user_11,242,255,55
340,99,4199999,0,user_8,242,254,55
1371,97,3500000,283000,user_31,247,251,
2414,94,3499999,0,builder_18,250,250,1371
1144,98,3500000,5640,user_30,246,251,
2415,96,3499999,0,builder_18,250,250,1144
1895,97,3500001,0,user_4,249,250,1618
1896,98,3500001,0,user_4,249,250,1618
1892,99,3500001,0,user_1,249,250,1618
1627,3,43000000,0,user_29,248,259,
11,2,43000000,0,user_9,240,259,
1931,8,30000000,0,user_41,249,259,
735,7,30000000,0,user_35,244,259,
1370,5,30000000,0,user_29,247,259,
2214,6,30000000,0,user_38,250,259,
1926,10,27000000,0,user_34,249,259,
358,9,27000000,0,user_28,242,259,
2217,12,19000000,0,user_40,250,259,
2449,13,19000000,0,user_32,251,259,
727,18,170000,17700000,user_27,244,259,
2640,11,169999,0,builder_18,251,251,727
2641,12,3500001,0,builder_18,251,251,1618
1618,20,3500000,7190000,user_27,248,259,
46,22,6300000,7840,user_34,240,259,
2642,15,6299999,0,builder_18,251,251,46
164,23,6300001,0,user_14,241,259,46
1640,27,6300000,0,user_44,248,259,
187,28,6300000,0,user_33,241,259,
1147,25,6300000,0,user_31,246,259,
165,31,6299999,0,user_14,241,259,46
166,29,6299999,0,user_16,241,259,46
152,30,6299999,0,user_6,241,259,46
1626,35,6100000,0,user_29,248,259,
51,33,6100000,0,user_40,240,259,
43,34,6100000,0,user_33,240,259,
1158,32,6100000,0,user_47,246,259,
2643,27,5000001,0,builder_18,251,251,177
177,36,5000000,381000,user_27,241,259,
908,41,5200000,0,user_27,245,259,
2226,40,5200000,0,user_49,250,259,
1384,45,5000000,13900,user_45,247,259,
2644,32,4999999,0,builder_18,251,251,1384
1380,47,5000000,6390,user_41,247,259,
2645,34,4999999,0,builder_18,251,251,1380
1617,61,5000001,0,user_26,248,259,177
1905,49,5000001,0,user_13,249,259,177
1911,62,5000001,0,user_20,249,259,177
1910,63,5000001,0,user_18,249,259,177
1917,64,5000001,0,user_24,249,259,177
2184,54,5000001,0,user_11,250,259,177
2168,55,5000001,0,user_0,250,259,177
883,60,5000001,0,user_0,245,259,177
1124,48,5000001,0,user_10,246,259,177
538,51,5000001,0,user_17,243,259,177
547,50,5000001,0,user_26,243,259,177
719,58,5000001,0,user_19,244,259,177
714,59,5000001,0,user_15,244,259,177
345,52,5000001,0,user_12,242,259,177
349,65,5000001,0,user_19,242,259,177
353,53,5000001,0,user_24,242,259,177
2181,56,5000001,0,user_9,250,259,177
2183,57,5000001,0,user_9,250,259,177
1929,73,5000000,0,user_39,249,259,
1377,69,5000000,0,user_37,247,259,
749,72,5000000,0,user_47,244,259,
731,70,5000000,0,user_30,244,259,
191,71,5000000,0,user_38,241,259,
1593,75,4999999,0,user_7,248,259,177
1894,86,4999999,0,user_4,249,259,177
1898,89,4999999,0,user_5,249,259,177
1913,92,4999999,0,user_22,249,259,177
1901,87,4999999,0,user_10,249,259,177
1909,88,4999999,0,user_18,249,259,177
1914,90,4999999,0,user_23,249,259,177
1916,91,4999999,0,user_24,249,259,177
545,76,4999999,0,user_21,243,259,177
528,77,4999999,0,user_8,243,259,177
529,78,4999999,0,user_8,243,259,177
724,85,4999999,0,user_25,244,259,177
348,79,4999999,0,user_16,242,259,177
354,80,4999999,0,user_24,242,259,177
2178,81,4999999,0,user_8,250,259,177
2179,82,4999999,0,user_9,250,259,177
2180,83,4999999,0,user_9,250,259,177
2182,84,4999999,0,user_9,250,259,177
732,94,4500000,16400,user_31,244,259,
2646,77,4499999,0,builder_18,251,251,732
2647,78,4200001,0,builder_18,251,251,55
55,99,4200000,33100,user_43,240,259,
162,99,4200001,0,user_13,241,257,55
163,94,4200001,0,user_13,241,256,55
169,96,4200001,0,user_17,241,256,55
156,95,4200001,0,user_9,241,256,55
343,98,4200001,0,user_10,242,257,55
341,97,4200001,0,user_8,242,257,55
1622,99,4200000,0,user_28,248,256,
1634,98,4200000,0,user_39,248,255,
362,97,4200000,0,user_32,242,255,
552,97,4200000,0,user_34,243,256,
1151,98,4200000,0,user_34,246,256,
159,99,4199999,0,user_13,241,253,55
171,98,4199999,0,user_20,241,253,55
176,99,4199999,0,user_26,241,252,55
344,99,4199999,0,user_11,242,255,55
340,99,4199999,0,user_8,242,254,55
2648,96,3500001,0,builder_18,251,251,1371
1371,97,3500000,283000,user_31,247,251,
1144,98,3500000,5640,user_30,246,251,
2649,99,3499999,0,builder_18,251,251,1144
2678,4,43000000,0,user_34,252,259,
1627,3,43000000,0,user_29,248,259,
11,2,43000000,0,user_9,240,259,
2214,6,30000000,0,user_38,250,259,
1931,8,30000000,0,user_41,249,259,
1370,5,30000000,0,user_29,247,259,
735,7,30000000,0,user_35,244,259,
1926,10,27000000,0,user_34,249,259,
2677,11,27000000,0,user_32,252,259,
358,9,27000000,0,user_28,242,259,
2449,13,19000000,0,user_32,251,259,
2217,12,19000000,0,user_40,250,259,
727,18,170000,17700000,user_27,244,259,
2857,13,169999,0,builder_17,252,252,727
2858,14,3500001,0,builder_17,252,252,1618
1618,20,3500000,7190000,user_27,248,259,
46,22,6300000,7840,user_34,240,259,
2859,17,6299999,0,builder_17,252,252,46
164,23,6300001,0,user_14,241,259,46
1640,27,6300000,0,user_44,248,259,
1147,25,6300000,0,user_31,246,259,
187,28,6300000,0,user_33,241,259,
166,29,6299999,0,user_16,241,259,46
152,30,6299999,0,user_6,241,259,46
165,31,6299999,0,user_14,241,259,46
1626,35,6100000,0,user_29,248,259,
51,33,6100000,0,user_40,240,259,
1158,32,6100000,0,user_47,246,259,
43,34,6100000,0,user_33,240,259,
177,36,5000000,381000,user_27,241,259,
2860,30,4999999,0,builder_17,252,252,177
2226,40,5200000,0,user_49,250,259,
908,41,5200000,0,user_27,245,259,
2861,33,5000001,0,builder_17,252,252,1384
1384,45,5000000,13900,user_45,247,259,
2862,35,5000001,0,builder_17,252,252,1380
1380,47,5000000,6390,user_41,247,259,
2181,56,5000001,0,user_9,250,259,177
2183,57,5000001,0,user_9,250,259,177
2168,55,5000001,0,user_0,250,259,177
1910,63,5000001,0,user_18,249,259,177
1911,62,5000001,0,user_20,249,259,177
2184,54,5000001,0,user_11,250,259,177
1617,61,5000001,0,user_26,248,259,177
1905,49,5000001,0,user_13,249,259,177
1917,64,5000001,0,user_24,249,259,177
1124,48,5000001,0,user_10,246,259,177
538,51,5000001,0,user_17,243,259,177
547,50,5000001,0,user_26,243,259,177
345,52,5000001,0,user_12,242,259,177
353,53,5000001,0,user_24,242,259,177
719,58,5000001,0,user_19,244,259,177
714,59,5000001,0,user_15,244,259,177
883,60,5000001,0,user_0,245,259,177
349,65,5000001,0,user_19,242,259,177
1929,73,5000000,0,user_39,249,259,
731,70,5000000,0,user_30,244,259,
1377,69,5000000,0,user_37,247,259,
749,72,5000000,0,user_47,244,259,
191,71,5000000,0,user_38,241,259,
2179,82,4999999,0,user_9,250,259,177
2180,83,4999999,0,user_9,250,259,177
2182,84,4999999,0,user_9,250,259,177
2178,81,4999999,0,user_8,250,259,177
1909,88,4999999,0,user_18,249,259,177
1894,86,4999999,0,user_4,249,259,177
1898,89,4999999,0,user_5,249,259,177
1913,92,4999999,0,user_22,249,259,177
1901,87,4999999,0,user_10,249,259,177
1914,90,4999999,0,user_23,249,259,177
1916,91,4999999,0,user_24,249,259,177
545,76,4999999,0,user_21,243,259,177
528,77,4999999,0,user_8,243,259,177
529,78,4999999,0,user_8,243,259,177
348,79,4999999,0,user_16,242,259,177
354,80,4999999,0,user_24,242,259,177
1593,75,4999999,0,user_7,248,259,177
724,85,4999999,0,user_25,244,259,177
2863,78,4500001,0,builder_17,252,252,732
732,94,4500000,16400,user_31,244,259,
2864,80,4200001,0,builder_17,252,252,2681
2681,97,4200000,231000,user_36,252,259,
55,99,4200000,33100,user_43,240,259,
2865,83,4199999,0,builder_17,252,252,55
343,98,4200001,0,user_10,242,257,55
341,97,4200001,0,user_8,242,257,55
162,99,4200001,0,user_13,241,257,55
163,94,4200001,0,user_13,241,256,55
156,95,4200001,0,user_9,241,256,55
169,96,4200001,0,user_17,241,256,55
1634,98,4200000,0,user_39,248,255,
1622,99,4200000,0,user_28,248,256,
552,97,4200000,0,user_34,243,256,
1151,98,4200000,0,user_34,246,256,
362,97,4200000,0,user_32,242,255,
344,99,4199999,0,user_11,242,255,55
340,99,4199999,0,user_8,242,254,55
159,99,4199999,0,user_13,241,253,55
171,98,4199999,0,user_20,241,253,55
176,99,4199999,0,user_26,241,252,55
3089,0,43000001,0,builder_18,253,253,2919
2919,1,43000000,56200,user_39,253,259,
11,2,43000000,0,user_9,240,259,
1627,3,43000000,0,user_29,248,259,
2678,4,43000000,0,user_34,252,259,
2214,6,30000000,0,user_38,250,259,
1370,5,30000000,0,user_29,247,259,
735,7,30000000,0,user_35,244,259,
1931,8,30000000,0,user_41,249,259,
358,9,27000000,0,user_28,242,259,
1926,10,27000000,0,user_34,249,259,
2677,11,27000000,0,user_32,252,259,
2449,13,19000000,0,user_32,251,259,
2217,12,19000000,0,user_40,250,259,
727,18,170000,17700000,user_27,244,259,
3090,15,169999,0,builder_18,253,253,727
1618,20,3500000,7190000,user_27,248,259,
3091,17,3499999,0,builder_18,253,253,1618
3092,18,6300001,0,builder_18,253,253,46
46,22,6300000,7840,user_34,240,259,
164,23,6300001,0,user_14,241,259,46
1147,25,6300000,0,user_31,246,259,
1640,27,6300000,0,user_44,248,259,
187,28,6300000,0,user_33,241,259,
165,31,6299999,0,user_14,241,259,46
166,29,6299999,0,user_16,241,259,46
152,30,6299999,0,user_6,241,259,46
1158,32,6100000,0,user_47,246,259,
51,33,6100000,0,user_40,240,259,
43,34,6100000,0,user_33,240,259,
1626,35,6100000,0,user_29,248,259,
3093,31,5000001,0,builder_18,253,253,177
177,36,5000000,381000,user_27,241,259,
2226,40,5200000,0,user_49,250,259,
908,41,5200000,0,user_27,245,259,
1384,45,5000000,13900,user_45,247,259,
3094,36,4999999,0,builder_18,253,253,1384
1380,47,5000000,6390,user_41,247,259,
3095,38,4999999,0,builder_18,253,253,1380
2184,54,5000001,0,user_11,250,259,177
1905,49,5000001,0,user_13,249,259,177
2168,55,5000001,0,user_0,250,259,177
2181,56,5000001,0,user_9,250,259,177
2183,57,5000001,0,user_9,250,259,177
1124,48,5000001,0,user_10,246,259,177
538,51,5000001,0,user_17,243,259,177
547,50,5000001,0,user_26,243,259,177
719,58,5000001,0,user_19,244,259,177
345,52,5000001,0,user_12,242,259,177
353,53,5000001,0,user_24,242,259,177
349,65,5000001,0,user_19,242,259,177
714,59,5000001,0,user_15,244,259,177
883,60,5000001,0,user_0,245,259,177
1617,61,5000001,0,user_26,248,259,177
1911,62,5000001,0,user_20,249,259,177
1910,63,5000001,0,user_18,249,259,177
1917,64,5000001,0,user_24,249,259,177
1377,69,5000000,0,user_37,247,259,
191,71,5000000,0,user_38,241,259,
749,72,5000000,0,user_47,244,259,
731,70,5000000,0,user_30,244,259,
1929,73,5000000,0,user_39,249,259,
2913,74,5000000,0,user_34,253,259,
2179,82,4999999,0,user_9,250,259,177
2180,83,4999999,0,user_9,250,259,177
2182,84,4999999,0,user_9,250,259,177
2178,81,4999999,0,user_8,250,259,177
528,77,4999999,0,user_8,243,259,177
529,78,4999999,0,user_8,243,259,177
545,76,4999999,0,user_21,243,259,177
348,79,4999999,0,user_16,242,259,177
354,80,4999999,0,user_24,242,259,177
724,85,4999999,0,user_25,244,259,177
1593,75,4999999,0,user_7,248,259,177
1894,86,4999999,0,user_4,249,259,177
1901,87,4999999,0,user_10,249,259,177
1909,88,4999999,0,user_18,249,259,177
1898,89,4999999,0,user_5,249,259,177
1914,90,4999999,0,user_23,249,259,177
1916,91,4999999,0,user_24,249,259,177
1913,92,4999999,0,user_22,249,259,177
3096,81,4500001,0,builder_18,253,253,732
732,94,4500000,16400,user_31,244,259,
2681,97,4200000,231000,user_36,252,259,
3097,84,4199999,0,builder_18,253,253,2681
55,99,4200000,33100,user_43,240,259,
3098,86,4199999,0,builder_18,253,253,55
343,98,4200001,0,user_10,242,257,55
156,95,4200001,0,user_9,241,256,55
162,99,4200001,0,user_13,241,257,55
163,94,4200001,0,user_13,241,256,55
169,96,4200001,0,user_17,241,256,55
341,97,4200001,0,user_8,242,257,55
1151,98,4200000,0,user_34,246,256,
1622,99,4200000,0,user_28,248,256,
552,97,4200000,0,user_34,243,256,
362,97,4200000,0,user_32,242,255,
1634,98,4200000,0,user_39,248,255,
171,98,4199999,0,user_20,241,253,55
159,99,4199999,0,user_13,241,253,55
3311,0,43000001,0,builder_17,254,254,2919
2919,1,43000000,56200,user_39,253,259,
2678,4,43000000,0,user_34,252,259,
11,2,43000000,0,user_9,240,259,
1627,3,43000000,0,user_29,248,259,
2214,6,30000000,0,user_38,250,259,
1370,5,30000000,0,user_29,247,259,
735,7,30000000,0,user_35,244,259,
1931,8,30000000,0,user_41,249,259,
2677,11,27000000,0,user_32,252,259,
358,9,27000000,0,user_28,242,259,
1926,10,27000000,0,user_34,249,259,
2449,13,19000000,0,user_32,251,259,
2217,12,19000000,0,user_40,250,259,
3312,14,170001,0,builder_17,254,254,727
727,18,170000,17700000,user_27,244,259,
3313,16,3500001,0,builder_17,254,254,1618
1618,20,3500000,7190000,user_27,248,259,
3314,18,6300001,0,builder_17,254,254,46
46,22,6300000,7840,user_34,240,259,
164,23,6300001,0,user_14,241,259,46
1147,25,6300000,0,user_31,246,259,
187,28,6300000,0,user_33,241,259,
1640,27,6300000,0,user_44,248,259,
166,29,6299999,0,user_16,241,259,46
152,30,6299999,0,user_6,241,259,46
165,31,6299999,0,user_14,241,259,46
1158,32,6100000,0,user_47,246,259,
51,33,6100000,0,user_40,240,259,
43,34,6100000,0,user_33,240,259,
1626,35,6100000,0,user_29,248,259,
177,36,5000000,381000,user_27,241,259,
3315,32,4999999,0,builder_17,254,254,177
2226,40,5200000,0,user_49,250,259,
908,41,5200000,0,user_27,245,259,
3316,35,5000001,0,builder_17,254,254,1384
1384,45,5000000,13900,user_45,247,259,
3317,37,5000001,0,builder_17,254,254,1380
1380,47,5000000,6390,user_41,247,259,
2168,55,5000001,0,user_0,250,259,177
2181,56,5000001,0,user_9,250,259,177
2183,57,5000001,0,user_9,250,259,177
1124,48,5000001,0,user_10,246,259,177
538,51,5000001,0,user_17,243,259,177
547,50,5000001,0,user_26,243,259,177
345,52,5000001,0,user_12,242,259,177
353,53,5000001,0,user_24,242,259,177
1905,49,5000001,0,user_13,249,259,177
2184,54,5000001,0,user_11,250,259,177
714,59,5000001,0,user_15,244,259,177
883,60,5000001,0,user_0,245,259,177
719,58,5000001,0,user_19,244,259,177
1617,61,5000001,0,user_26,248,259,177
1910,63,5000001,0,user_18,249,259,177
1917,64,5000001,0,user_24,249,259,177
1911,62,5000001,0,user_20,249,259,177
349,65,5000001,0,user_19,242,259,177
2913,74,5000000,0,user_34,253,259,
1377,69,5000000,0,user_37,247,259,
731,70,5000000,0,user_30,244,259,
749,72,5000000,0,user_47,244,259,
191,71,5000000,0,user_38,241,259,
1929,73,5000000,0,user_39,249,259,
1914,90,4999999,0,user_23,249,259,177
2179,82,4999999,0,user_9,250,259,177
2180,83,4999999,0,user_9,250,259,177
2182,84,4999999,0,user_9,250,259,177
528,77,4999999,0,user_8,243,259,177
529,78,4999999,0,user_8,243,259,177
545,76,4999999,0,user_21,243,259,177
348,79,4999999,0,user_16,242,259,177
354,80,4999999,0,user_24,242,259,177
1593,75,4999999,0,user_7,248,259,177
2178,81,4999999,0,user_8,250,259,177
724,85,4999999,0,user_25,244,259,177
1894,86,4999999,0,user_4,249,259,177
1898,89,4999999,0,user_5,249,259,177
1913,92,4999999,0,user_22,249,259,177
1901,87,4999999,0,user_10,249,259,177
1909,88,4999999,0,user_18,249,259,177
1916,91,4999999,0,user_24,249,259,177
3318,81,4500001,0,builder_17,254,254,732
732,94,4500000,16400,user_31,244,259,
2681,97,4200000,231000,user_36,252,259,
3319,84,4199999,0,builder_17,254,254,2681
55,99,4200000,33100,user_43,240,259,
3320,86,4199999,0,builder_17,254,254,55
343,98,4200001,0,user_10,242,257,55
341,97,4200001,0,user_8,242,257,55
169,96,4200001,0,user_17,241,256,55
156,95,4200001,0,user_9,241,256,55
162,99,4200001,0,user_13,241,257,55
163,94,4200001,0,user_13,241,256,55
1151,98,4200000,0,user_34,246,256,
552,97,4200000,0,user_34,243,256,
362,97,4200000,0,user_32,242,255,
1634,98,4200000,0,user_39,248,255,
1622,99,4200000,0,user_28,248,256,
344,99,4199999,0,user_11,242,255,55
340,99,4199999,0,user_8,242,254,55
2919,1,43000000,56200,user_39,253,259,
3552,1,42999999,0,builder_17,255,255,2919
2678,4,43000000,0,user_34,252,259,
11,2,43000000,0,user_9,240,259,
1627,3,43000000,0,user_29,248,259,
1370,5,30000000,0,user_29,247,259,
735,7,30000000,0,user_35,244,259,
1931,8,30000000,0,user_41,249,259,
2214,6,30000000,0,user_38,250,259,
358,9,27000000,0,user_28,242,259,
1926,10,27000000,0,user_34,249,259,
2677,11,27000000,0,user_32,252,259,
2217,12,19000000,0,user_40,250,259,
2449,13,19000000,0,user_32,251,259,
727,18,170000,17700000,user_27,244,259,
3553,15,169999,0,builder_17,255,255,727
3554,16,3500001,0,builder_17,255,255,1618
1618,20,3500000,7190000,user_27,248,259,
46,22,6300000,7840,user_34,240,259,
3555,19,6299999,0,builder_17,255,255,46
164,23,6300001,0,user_14,241,259,46
1147,25,6300000,0,user_31,246,259,
1640,27,6300000,0,user_44,248,259,
187,28,6300000,0,user_33,241,259,
166,29,6299999,0,user_16,241,259,46
152,30,6299999,0,user_6,241,259,46
165,31,6299999,0,user_14,241,259,46
1158,32,6100000,0,user_47,246,259,
51,33,6100000,0,user_40,240,259,
43,34,6100000,0,user_33,240,259,
1626,35,6100000,0,user_29,248,259,
3556,31,5000001,0,builder_17,255,255,177
177,36,5000000,381000,user_27,241,259,
908,41,5200000,0,user_27,245,259,
2226,40,5200000,0,user_49,250,259,
3557,35,5000001,0,builder_17,255,255,1384
1384,45,5000000,13900,user_45,247,259,
3558,37,5000001,0,builder_17,255,255,1380
1380,47,5000000,6390,user_41,247,259,
1124,48,5000001,0,user_10,246,259,177
1905,49,5000001,0,user_13,249,259,177
547,50,5000001,0,user_26,243,259,177
538,51,5000001,0,user_17,243,259,177
345,52,5000001,0,user_12,242,259,177
353,53,5000001,0,user_24,242,259,177
2184,54,5000001,0,user_11,250,259,177
719,58,5000001,0,user_19,244,259,177
714,59,5000001,0,user_15,244,259,177
883,60,5000001,0,user_0,245,259,177
1617,61,5000001,0,user_26,248,259,177
1911,62,5000001,0,user_20,249,259,177
1910,63,5000001,0,user_18,249,259,177
2168,55,5000001,0,user_0,250,259,177
2181,56,5000001,0,user_9,250,259,177
2183,57,5000001,0,user_9,250,259,177
1917,64,5000001,0,user_24,249,259,177
349,65,5000001,0,user_19,242,259,177
2913,74,5000000,0,user_34,253,259,
1377,69,5000000,0,user_37,247,259,
731,70,5000000,0,user_30,244,259,
191,71,5000000,0,user_38,241,259,
749,72,5000000,0,user_47,244,259,
1929,73,5000000,0,user_39,249,259,
1593,75,4999999,0,user_7,248,259,177
545,76,4999999,0,user_21,243,259,177
528,77,4999999,0,user_8,243,259,177
529,78,4999999,0,user_8,243,259,177
348,79,4999999,0,user_16,242,259,177
354,80,4999999,0,user_24,242,259,177
2178,81,4999999,0,user_8,250,259,177
724,85,4999999,0,user_25,244,259,177
1894,86,4999999,0,user_4,249,259,177
1901,87,4999999,0,user_10,249,259,177
1909,88,4999999,0,user_18,249,259,177
1898,89,4999999,0,user_5,249,259,177
1914,90,4999999,0,user_23,249,259,177
2179,82,4999999,0,user_9,250,259,177
2180,83,4999999,0,user_9,250,259,177
2182,84,4999999,0,user_9,250,259,177
1916,91,4999999,0,user_24,249,259,177
1913,92,4999999,0,user_22,249,259,177
732,94,4500000,16400,user_31,244,259,
3559,82,4499999,0,builder_17,255,255,732
3378,95,4500000,0,user_42,255,259,
2681,97,4200000,231000,user_36,252,259,
3560,85,4199999,0,builder_17,255,255,2681
3561,86,4200001,0,builder_17,255,255,55
55,99,4200000,33100,user_43,240,259,
343,98,4200001,0,user_10,242,257,55
341,97,4200001,0,user_8,242,257,55
156,95,4200001,0,user_9,241,256,55
162,99,4200001,0,user_13,241,257,55
163,94,4200001,0,user_13,241,256,55
169,96,4200001,0,user_17,241,256,55
552,97,4200000,0,user_34,243,256,
1151,98,4200000,0,user_34,246,256,
1622,99,4200000,0,user_28,248,256,
362,97,4200000,0,user_32,242,255,
1634,98,4200000,0,user_39,248,255,
344,99,4199999,0,user_11,242,255,55
3811,0,43000001,0,builder_17,256,256,2919
2919,1,43000000,56200,user_39,253,259,
2678,4,43000000,0,user_34,252,259,
1627,3,43000000,0,user_29,248,259,
11,2,43000000,0,user_9,240,259,
1370,5,30000000,0,user_29,247,259,
735,7,30000000,0,user_35,244,259,
1931,8,30000000,0,user_41,249,259,
2214,6,30000000,0,user_38,250,259,
2677,11,27000000,0,user_32,252,259,
358,9,27000000,0,user_28,242,259,
1926,10,27000000,0,user_34,249,259,
2217,12,19000000,0,user_40,250,259,
2449,13,19000000,0,user_32,251,259,
3812,14,170001,0,builder_17,256,256,727
727,18,170000,17700000,user_27,244,259,
3813,16,3500001,0,builder_17,256,256,1618
1618,20,3500000,7190000,user_27,248,259,
3814,18,6300001,0,builder_17,256,256,46
46,22,6300000,7840,user_34,240,259,
164,23,6300001,0,user_14,241,259,46
1147,25,6300000,0,user_31,246,259,
1640,27,6300000,0,user_44,248,259,
187,28,6300000,0,user_33,241,259,
166,29,6299999,0,user_16,241,259,46
152,30,6299999,0,user_6,241,259,46
165,31,6299999,0,user_14,241,259,46
51,33,6100000,0,user_40,240,259,
1158,32,6100000,0,user_47,246,259,
1626,35,6100000,0,user_29,248,259,
43,34,6100000,0,user_33,240,259,
3815,31,5000001,0,builder_17,256,256,177
177,36,5000000,381000,user_27,241,259,
3380,38,5000000,215000,user_43,255,259,
3816,34,4999999,0,builder_17,256,256,3380
908,41,5200000,0,user_27,245,259,
2226,40,5200000,0,user_49,250,259,
1384,45,5000000,13900,user_45,247,259,
3817,38,4999999,0,builder_17,256,256,1384
1380,47,5000000,6390,user_41,247,259,
3818,40,4999999,0,builder_17,256,256,1380
1905,49,5000001,0,user_13,249,259,177
2184,54,5000001,0,user_11,250,259,177
1124,48,5000001,0,user_10,246,259,177
538,51,5000001,0,user_17,243,259,177
547,50,5000001,0,user_26,243,259,177
345,52,5000001,0,user_12,242,259,177
353,53,5000001,0,user_24,242,259,177
1617,61,5000001,0,user_26,248,259,177
1911,62,5000001,0,user_20,249,259,177
719,58,5000001,0,user_19,244,259,177
714,59,5000001,0,user_15,244,259,177
883,60,5000001,0,user_0,245,259,177
1910,63,5000001,0,user_18,249,259,177
1917,64,5000001,0,user_24,249,259,177
2168,55,5000001,0,user_0,250,259,177
2181,56,5000001,0,user_9,250,259,177
2183,57,5000001,0,user_9,250,259,177
349,65,5000001,0,user_19,242,259,177
2913,74,5000000,0,user_34,253,259,
1377,69,5000000,0,user_37,247,259,
731,70,5000000,0,user_30,244,259,
749,72,5000000,0,user_47,244,259,
191,71,5000000,0,user_38,241,259,
1929,73,5000000,0,user_39,249,259,
3625,68,5000000,0,user_42,256,259,
1593,75,4999999,0,user_7,248,259,177
545,76,4999999,0,user_21,243,259,177
528,77,4999999,0,user_8,243,259,177
529,78,4999999,0,user_8,243,259,177
348,79,4999999,0,user_16,242,259,177
354,80,4999999,0,user_24,242,259,177
2178,81,4999999,0,user_8,250,259,177
1894,86,4999999,0,user_4,249,259,177
1898,89,4999999,0,user_5,249,259,177
1901,87,4999999,0,user_10,249,259,177
724,85,4999999,0,user_25,244,259,177
1913,92,4999999,0,user_22,249,259,177
1909,88,4999999,0,user_18,249,259,177
1914,90,4999999,0,user_23,249,259,177
1916,91,4999999,0,user_24,249,259,177
2179,82,4999999,0,user_9,250,259,177
2180,83,4999999,0,user_9,250,259,177
2182,84,4999999,0,user_9,250,259,177
732,94,4500000,16400,user_31,244,259,
3819,85,4499999,0,builder_17,256,256,732
3378,95,4500000,0,user_42,255,259,
2681,97,4200000,231000,user_36,252,259,
3820,88,4199999,0,builder_17,256,256,2681
3821,89,4200001,0,builder_17,256,256,55
55,99,4200000,33100,user_43,240,259,
343,98,4200001,0,user_10,242,257,55
341,97,4200001,0,user_8,242,257,55
162,99,4200001,0,user_13,241,257,55
163,94,4200001,0,user_13,241,256,55
156,95,4200001,0,user_9,241,256,55
169,96,4200001,0,user_17,241,256,55
552,97,4200000,0,user_34,243,256,
1151,98,4200000,0,user_34,246,256,
1622,99,4200000,0,user_28,248,256,
4091,0,43000001,0,builder_17,257,257,2919
2919,1,43000000,56200,user_39,253,259,
1627,3,43000000,0,user_29,248,259,
11,2,43000000,0,user_9,240,259,
2678,4,43000000,0,user_34,252,259,
1370,5,30000000,0,user_29,247,259,
1931,8,30000000,0,user_41,249,259,
735,7,30000000,0,user_35,244,259,
2214,6,30000000,0,user_38,250,259,
1926,10,27000000,0,user_34,249,259,
358,9,27000000,0,user_28,242,259,
2677,11,27000000,0,user_32,252,259,
2217,12,19000000,0,user_40,250,259,
2449,13,19000000,0,user_32,251,259,
4092,14,660001,0,builder_17,257,257,3875
3875,15,660000,17700000,user_31,257,259,
727,18,170000,17700000,user_27,244,259,
4093,17,169999,0,builder_17,257,257,727
4094,18,3500001,0,builder_17,257,257,1618
1618,20,3500000,7190000,user_27,248,259,
4095,20,6300001,0,builder_17,257,257,46
46,22,6300000,7840,user_34,240,259,
164,23,6300001,0,user_14,241,259,46
1147,25,6300000,0,user_31,246,259,
1640,27,6300000,0,user_44,248,259,
187,28,6300000,0,user_33,241,259,
3876,24,6300000,0,user_31,257,259,
166,29,6299999,0,user_16,241,259,46
152,30,6299999,0,user_6,241,259,46
165,31,6299999,0,user_14,241,259,46
1158,32,6100000,0,user_47,246,259,
51,33,6100000,0,user_40,240,259,
1626,35,6100000,0,user_29,248,259,
43,34,6100000,0,user_33,240,259,
4096,34,5000001,0,builder_17,257,257,177
177,36,5000000,381000,user_27,241,259,
4097,36,5000001,0,builder_17,257,257,3380
3380,38,5000000,215000,user_43,255,259,
908,41,5200000,0,user_27,245,259,
2226,40,5200000,0,user_49,250,259,
4098,40,5000001,0,builder_17,257,257,3874
3874,43,5000000,14200,user_30,257,259,
4099,42,5000001,0,builder_17,257,257,1384
1384,45,5000000,13900,user_45,247,259,
1380,47,5000000,6390,user_41,247,259,
4100,45,4999999,0,builder_17,257,257,1380
2184,54,5000001,0,user_11,250,259,177
1905,49,5000001,0,user_13,249,259,177
1124,48,5000001,0,user_10,246,259,177
345,52,5000001,0,user_12,242,259,177
353,53,5000001,0,user_24,242,259,177
547,50,5000001,0,user_26,243,259,177
538,51,5000001,0,user_17,243,259,177
1617,61,5000001,0,user_26,248,259,177
1911,62,5000001,0,user_20,249,259,177
1910,63,5000001,0,user_18,249,259,177
1917,64,5000001,0,user_24,249,259,177
2168,55,5000001,0,user_0,250,259,177
883,60,5000001,0,user_0,245,259,177
719,58,5000001,0,user_19,244,259,177
714,59,5000001,0,user_15,244,259,177
2181,56,5000001,0,user_9,250,259,177
2183,57,5000001,0,user_9,250,259,177
349,65,5000001,0,user_19,242,259,177
3625,68,5000000,0,user_42,256,259,
1377,69,5000000,0,user_37,247,259,
731,70,5000000,0,user_30,244,259,
1929,73,5000000,0,user_39,249,259,
749,72,5000000,0,user_47,244,259,
191,71,5000000,0,user_38,241,259,
2913,74,5000000,0,user_34,253,259,
3882,66,5000000,0,user_35,257,259,
2178,81,4999999,0,user_8,250,259,177
348,79,4999999,0,user_16,242,259,177
354,80,4999999,0,user_24,242,259,177
528,77,4999999,0,user_8,243,259,177
529,78,4999999,0,user_8,243,259,177
545,76,4999999,0,user_21,243,259,177
1593,75,4999999,0,user_7,248,259,177
1894,86,4999999,0,user_4,249,259,177
1898,89,4999999,0,user_5,249,259,177
1913,92,4999999,0,user_22,249,259,177
1901,87,4999999,0,user_10,249,259,177
1909,88,4999999,0,user_18,249,259,177
1914,90,4999999,0,user_23,249,259,177
1916,91,4999999,0,user_24,249,259,177
724,85,4999999,0,user_25,244,259,177
2179,82,4999999,0,user_9,250,259,177
2180,83,4999999,0,user_9,250,259,177
2182,84,4999999,0,user_9,250,259,177
732,94,4500000,16400,user_31,244,259,
4101,91,4499999,0,builder_17,257,257,732
3378,95,4500000,0,user_42,255,259,
4102,93,4200001,0,builder_17,257,257,2681
2681,97,4200000,231000,user_36,252,259,
4103,95,4200001,0,builder_17,257,257,55
55,99,4200000,33100,user_43,240,259,
341,97,4200001,0,user_8,242,257,55
343,98,4200001,0,user_10,242,257,55
162,99,4200001,0,user_13,241,257,55
4386,0,43000001,0,builder_17,258,258,2919
2919,1,43000000,56200,user_39,253,259,
11,2,43000000,0,user_9,240,259,
1627,3,43000000,0,user_29,248,259,
2678,4,43000000,0,user_34,252,259,
1370,5,30000000,0,user_29,247,259,
2214,6,30000000,0,user_38,250,259,
1931,8,30000000,0,user_41,249,259,
735,7,30000000,0,user_35,244,259,
1926,10,27000000,0,user_34,249,259,
358,9,27000000,0,user_28,242,259,
2677,11,27000000,0,user_32,252,259,
2217,12,19000000,0,user_40,250,259,
2449,13,19000000,0,user_32,251,259,
3875,15,660000,17700000,user_31,257,259,
4387,15,659999,0,builder_17,258,258,3875
4388,16,170001,0,builder_17,258,258,727
727,18,170000,17700000,user_27,244,259,
1618,20,3500000,7190000,user_27,248,259,
4389,19,3499999,0,builder_17,258,258,1618
4390,20,6300001,0,builder_17,258,258,46
46,22,6300000,7840,user_34,240,259,
164,23,6300001,0,user_14,241,259,46
1147,25,6300000,0,user_31,246,259,
3876,24,6300000,0,user_31,257,259,
187,28,6300000,0,user_33,241,259,
1640,27,6300000,0,user_44,248,259,
4166,26,6300000,0,user_45,258,259,
166,29,6299999,0,user_16,241,259,46
152,30,6299999,0,user_6,241,259,46
165,31,6299999,0,user_14,241,259,46
1158,32,6100000,0,user_47,246,259,
51,33,6100000,0,user_40,240,259,
43,34,6100000,0,user_33,240,259,
1626,35,6100000,0,user_29,248,259,
177,36,5000000,381000,user_27,241,259,
4391,36,4999999,0,builder_17,258,258,177
4392,37,5000001,0,builder_17,258,258,3380
3380,38,5000000,215000,user_43,255,259,
2226,40,5200000,0,user_49,250,259,
908,41,5200000,0,user_27,245,259,
4393,41,5000001,0,builder_17,258,258,4151
4151,42,5000000,36800,user_34,258,258,
4394,43,5000001,0,builder_17,258,258,3874
3874,43,5000000,14200,user_30,257,259,
1384,45,5000000,13900,user_45,247,259,
4395,46,4999999,0,builder_17,258,258,1384
1380,47,5000000,6390,user_41,247,259,
4396,48,4999999,0,builder_17,258,258,1380
2184,54,5000001,0,user_11,250,259,177
1905,49,5000001,0,user_13,249,259,177
1124,48,5000001,0,user_10,246,259,177
538,51,5000001,0,user_17,243,259,177
547,50,5000001,0,user_26,243,259,177
345,52,5000001,0,user_12,242,259,177
353,53,5000001,0,user_24,242,259,177
2168,55,5000001,0,user_0,250,259,177
2181,56,5000001,0,user_9,250,259,177
2183,57,5000001,0,user_9,250,259,177
1910,63,5000001,0,user_18,249,259,177
1917,64,5000001,0,user_24,249,259,177
1911,62,5000001,0,user_20,249,259,177
714,59,5000001,0,user_15,244,259,177
883,60,5000001,0,user_0,245,259,177
719,58,5000001,0,user_19,244,259,177
1617,61,5000001,0,user_26,248,259,177
349,65,5000001,0,user_19,242,259,177
3625,68,5000000,0,user_42,256,259,
3882,66,5000000,0,user_35,257,259,
1377,69,5000000,0,user_37,247,259,
731,70,5000000,0,user_30,244,259,
3888,67,5000000,0,user_38,257,259,
1929,73,5000000,0,user_39,249,259,
749,72,5000000,0,user_47,244,259,
191,71,5000000,0,user_38,241,259,
2913,74,5000000,0,user_34,253,259,
2178,81,4999999,0,user_8,250,259,177
528,77,4999999,0,user_8,243,259,177
529,78,4999999,0,user_8,243,259,177
545,76,4999999,0,user_21,243,259,177
348,79,4999999,0,user_16,242,259,177
354,80,4999999,0,user_24,242,259,177
1593,75,4999999,0,user_7,248,259,177
1898,89,4999999,0,user_5,249,259,177
2179,82,4999999,0,user_9,250,259,177
2180,83,4999999,0,user_9,250,259,177
2182,84,4999999,0,user_9,250,259,177
1894,86,4999999,0,user_4,249,259,177
1909,88,4999999,0,user_18,249,259,177
1914,90,4999999,0,user_23,249,259,177
1916,91,4999999,0,user_24,249,259,177
1913,92,4999999,0,user_22,249,259,177
1901,87,4999999,0,user_10,249,259,177
724,85,4999999,0,user_25,244,259,177
732,94,4500000,16400,user_31,244,259,
4397,95,4499999,0,builder_17,258,258,732
3378,95,4500000,0,user_42,255,259,
2681,97,4200000,231000,user_36,252,259,
4398,98,4199999,0,builder_17,258,258,2681
55,99,4200000,33100,user_43,240,259,
4687,0,43000001,0,builder_17,259,259,2919
2919,1,43000000,56200,user_39,253,259,
11,2,43000000,0,user_9,240,259,
1627,3,43000000,0,user_29,248,259,
2678,4,43000000,0,user_34,252,259,
1370,5,30000000,0,user_29,247,259,
2214,6,30000000,0,user_38,250,259,
735,7,30000000,0,user_35,244,259,
1931,8,30000000,0,user_41,249,259,
358,9,27000000,0,user_28,242,259,
1926,10,27000000,0,user_34,249,259,
2677,11,27000000,0,user_32,252,259,
2217,12,19000000,0,user_40,250,259,
2449,13,19000000,0,user_32,251,259,
4445,14,19000000,0,user_36,259,259,
3875,15,660000,17700000,user_31,257,259,
4688,16,659999,0,builder_17,259,259,3875
4689,17,170001,0,builder_17,259,259,727
727,18,170000,17700000,user_27,244,259,
4690,19,3500001,0,builder_17,259,259,1618
1618,20,3500000,7190000,user_27,248,259,
4691,21,6300001,0,builder_17,259,259,46
46,22,6300000,7840,user_34,240,259,
164,23,6300001,0,user_14,241,259,46
3876,24,6300000,0,user_31,257,259,
1147,25,6300000,0,user_31,246,259,
4166,26,6300000,0,user_45,258,259,
1640,27,6300000,0,user_44,248,259,
187,28,6300000,0,user_33,241,259,
166,29,6299999,0,user_16,241,259,46
152,30,6299999,0,user_6,241,259,46
165,31,6299999,0,user_14,241,259,46
1158,32,6100000,0,user_47,246,259,
51,33,6100000,0,user_40,240,259,
43,34,6100000,0,user_33,240,259,
1626,35,6100000,0,user_29,248,259,
177,36,5000000,381000,user_27,241,259,
4692,37,4999999,0,builder_17,259,259,177
3380,38,5000000,215000,user_43,255,259,
4693,39,4999999,0,builder_17,259,259,3380
2226,40,5200000,0,user_49,250,259,
908,41,5200000,0,user_27,245,259,
4694,42,5000001,0,builder_17,259,259,3874
3874,43,5000000,14200,user_30,257,259,
4695,44,5000001,0,builder_17,259,259,1384
1384,45,5000000,13900,user_45,247,259,
4696,46,5000001,0,builder_17,259,259,1380
1380,47,5000000,6390,user_41,247,259,
1124,48,5000001,0,user_10,246,259,177
1905,49,5000001,0,user_13,249,259,177
547,50,5000001,0,user_26,243,259,177
538,51,5000001,0,user_17,243,259,177
345,52,5000001,0,user_12,242,259,177
353,53,5000001,0,user_24,242,259,177
2184,54,5000001,0,user_11,250,259,177
2168,55,5000001,0,user_0,250,259,177
2181,56,5000001,0,user_9,250,259,177
2183,57,5000001,0,user_9,250,259,177
719,58,5000001,0,user_19,244,259,177
714,59,5000001,0,user_15,244,259,177
883,60,5000001,0,user_0,245,259,177
1617,61,5000001,0,user_26,248,259,177
1911,62,5000001,0,user_20,249,259,177
1910,63,5000001,0,user_18,249,259,177
1917,64,5000001,0,user_24,249,259,177
349,65,5000001,0,user_19,242,259,177
3882,66,5000000,0,user_35,257,259,
3888,67,5000000,0,user_38,257,259,
3625,68,5000000,0,user_42,256,259,
1377,69,5000000,0,user_37,247,259,
731,70,5000000,0,user_30,244,259,
191,71,5000000,0,user_38,241,259,
749,72,5000000,0,user_47,244,259,
1929,73,5000000,0,user_39,249,259,
2913,74,5000000,0,user_34,253,259,
1593,75,4999999,0,user_7,248,259,177
545,76,4999999,0,user_21,243,259,177
528,77,4999999,0,user_8,243,259,177
529,78,4999999,0,user_8,243,259,177
348,79,4999999,0,user_16,242,259,177
354,80,4999999,0,user_24,242,259,177
2178,81,4999999,0,user_8,250,259,177
2179,82,4999999,0,user_9,250,259,177
2180,83,4999999,0,user_9,250,259,177
2182,84,4999999,0,user_9,250,259,177
724,85,4999999,0,user_25,244,259,177
1894,86,4999999,0,user_4,249,259,177
1901,87,4999999,0,user_10,249,259,177
1909,88,4999999,0,user_18,249,259,177
1898,89,4999999,0,user_5,249,259,177
1914,90,4999999,0,user_23,249,259,177
1916,91,4999999,0,user_24,249,259,177
1913,92,4999999,0,user_22,249,259,177
4697,93,4500001,0,builder_17,259,259,732
732,94,4500000,16400,user_31,244,259,
3378,95,4500000,0,user_42,255,259,
4698,96,4200001,0,builder_17,259,259,2681
2681,97,4200000,231000,user_36,252,259,
4699,98,4200001,0,builder_17,259,259,55
55,99,4200000,33100,user_43,240,259,
4726,13,19000000,0,user_19,260,279,
4737,18,6300000,0,user_29,260,279,
4743,28,6100000,0,user_36,260,279,
4724,38,5000000,0,user_16,260,279,
4736,92,2000000,0,user_28,260,274,
4723,93,2000000,0,user_16,260,274,
4740,94,2000000,0,user_34,260,274,
4734,97,1900000,0,user_24,260,270,
4731,97,1700000,0,user_23,260,269,
4735,94,1500000,128000,user_27,260,267,
4730,94,1400000,0,user_23,260,265,
4732,95,1400000,0,user_23,260,265,
4749,96,1400000,0,user_42,260,265,
4713,99,1300000,0,user_4,260,265,
4753,84,1000000,0,user_44,260,264,
4751,83,1000000,0,user_42,260,264,
4714,74,670000,0,user_6,260,263,
4715,78,530000,0,user_7,260,263,
4717,79,470000,0,user_9,260,263,
4752,85,350000,0,user_42,260,263,
4716,88,320000,0,user_8,260,263,
4722,90,310000,0,user_16,260,263,
4754,69,260000,0,user_45,260,262,
4755,68,260000,0,user_48,260,262,
4729,74,170000,0,user_23,260,262,
4725,77,160000,0,user_16,260,262,
4733,78,160000,0,user_24,260,262,
4745,84,120000,0,user_40,260,262,
4750,85,120000,0,user_42,260,262,
4747,65,110000,33300,user_41,260,261,
4718,72,100000,0,user_11,260,261,
4719,73,100000,0,user_11,260,261,
4721,75,82000,0,user_14,260,261,
4728,74,82000,0,user_23,260,261,
4746,76,82000,0,user_40,260,261,
4727,77,80000,0,user_20,260,261,
4748,80,73000,195000,user_42,260,261,
4720,37,70000,0,user_13,260,260,
4737,18,6300000,0,user_29,260,279,
4806,17,6300000,0,user_37,261,279,
4743,28,6100000,0,user_36,260,279,
4724,38,5000000,0,user_16,260,279,
4757,51,4200000,0,user_49,260,279,
4779,97,2000001,0,user_12,261,277,4770
4723,93,2000000,0,user_16,260,274,
4736,92,2000000,0,user_28,260,274,
4740,94,2000000,0,user_34,260,274,
4770,99,2000000,350000,user_0,261,275,
4800,98,2000000,0,user_32,261,275,
4803,96,2000000,0,user_36,261,274,
4734,97,1900000,0,user_24,260,270,
4731,97,1700000,0,user_23,260,269,
4780,98,1500001,0,user_14,261,268,4735
4793,99,1500001,0,user_22,261,268,4735
4735,94,1500000,128000,user_27,260,267,
4771,99,1499999,0,user_1,261,267,4735
4792,94,1499999,0,user_21,261,266,4735
4794,95,1499999,0,user_22,261,266,4735
4786,96,1499999,0,user_17,261,266,4735
4787,97,1499999,0,user_17,261,266,4735
4788,98,1499999,0,user_17,261,266,4735
4730,94,1400000,0,user_23,260,265,
4732,95,1400000,0,user_23,260,265,
4749,96,1400000,0,user_42,260,265,
4769,97,1400000,0,user_0,261,265,
4713,99,1300000,0,user_4,260,265,
4756,82,1100000,0,user_49,260,264,
4741,81,1100000,0,user_35,260,264,
4753,84,1000000,0,user_44,260,264,
4751,83,1000000,0,user_42,260,264,
4714,74,670000,0,user_6,260,263,
4715,78,530000,0,user_7,260,263,
4717,79,470000,0,user_9,260,263,
4809,81,460000,12300,user_44,261,263,
4739,84,370000,0,user_31,260,263,
4752,85,350000,0,user_42,260,263,
4744,86,340000,0,user_38,260,263,
4716,88,320000,0,user_8,260,263,
4722,90,310000,0,user_16,260,263,
4813,95,300000,71800,user_46,261,263,
4738,67,260000,0,user_31,260,262,
4755,68,260000,0,user_48,260,262,
4754,69,260000,0,user_45,260,262,
4804,70,260000,0,user_37,261,262,
4810,71,240000,0,user_45,261,262,
4799,72,220000,0,user_28,261,262,
4801,73,190000,0,user_33,261,262,
4729,74,170000,0,user_23,260,262,
4807,75,170000,0,user_40,261,262,
4725,77,160000,0,user_16,260,262,
4733,78,160000,0,user_24,260,262,
4811,79,160000,0,user_45,261,262,
4802,80,160000,0,user_33,261,262,
4798,81,160000,0,user_27,261,262,
4805,82,150000,0,user_37,261,262,
4745,84,120000,0,user_40,260,262,
4750,85,120000,0,user_42,260,262,
4812,86,120000,0,user_46,261,262,
4781,91,110001,0,user_14,261,262,4747
4782,93,110001,0,user_15,261,262,4747
4791,92,110001,0,user_21,261,262,4747
4784,94,110001,0,user_17,261,262,4747
4789,95,110001,0,user_18,261,262,4747
4747,65,110000,33300,user_41,260,261,
4742,66,110000,0,user_35,260,261,
4775,67,109999,0,user_6,261,261,4747
4796,68,109999,0,user_25,261,261,4747
4797,69,109999,0,user_26,261,261,4747
4785,70,109999,0,user_17,261,261,4747
4795,71,109999,0,user_24,261,261,4747
4718,72,100000,0,user_11,260,261,
4719,73,100000,0,user_11,260,261,
4728,74,82000,0,user_23,260,261,
4721,75,82000,0,user_14,260,261,
4746,76,82000,0,user_40,260,261,
4727,77,80000,0,user_20,260,261,
4790,78,73001,0,user_20,261,261,4748
4772,79,73001,0,user_3,261,261,4748
4748,80,73000,195000,user_42,260,261,
4774,81,72999,0,user_5,261,261,4748
4777,82,72999,0,user_10,261,261,4748
4773,83,72999,0,user_3,261,261,4748
4776,84,72999,0,user_6,261,261,4748
4778,85,72999,0,user_11,261,261,4748
4783,86,72999,0,user_16,261,261,4748
4931,8,27000000,0,user_33,262,279,
4726,13,19000000,0,user_19,260,279,
4737,18,6300000,0,user_29,260,279,
4806,17,6300000,0,user_37,261,279,
4743,28,6100000,0,user_36,260,279,
4948,31,5200000,0,user_48,262,279,
4924,32,5200000,0,user_27,262,279,
4724,38,5000000,0,user_16,260,279,
4757,51,4200000,0,user_49,260,279,
4927,57,3600000,75000,user_30,262,279,
4944,65,3500000,161000,user_47,262,279,
4947,87,2500000,0,user_47,262,279,
4779,97,2000001,0,user_12,261,277,4770
4736,92,2000000,0,user_28,260,274,
4723,93,2000000,0,user_16,260,274,
4740,94,2000000,0,user_34,260,274,
4770,99,2000000,350000,user_0,261,275,
4803,96,2000000,0,user_36,261,274,
4800,98,2000000,0,user_32,261,275,
4734,97,1900000,0,user_24,260,270,
4731,97,1700000,0,user_23,260,269,
4808,99,1600000,0,user_43,261,269,
4780,98,1500001,0,user_14,261,268,4735
4793,99,1500001,0,user_22,261,268,4735
4922,97,1500001,0,user_24,262,268,4735
4735,94,1500000,128000,user_27,260,267,
4771,99,1499999,0,user_1,261,267,4735
4792,94,1499999,0,user_21,261,266,4735
4794,95,1499999,0,user_22,261,266,4735
4786,96,1499999,0,user_17,261,266,4735
4787,97,1499999,0,user_17,261,266,4735
4788,98,1499999,0,user_17,261,266,4735
4895,99,1499999,0,user_2,262,266,4735
4912,98,1499999,0,user_21,262,267,4735
4730,94,1400000,0,user_23,260,265,
4732,95,1400000,0,user_23,260,265,
4749,96,1400000,0,user_42,260,265,
4769,97,1400000,0,user_0,261,265,
4932,92,1400000,0,user_33,262,265,
4713,99,1300000,0,user_4,260,265,
4756,82,1100000,0,user_49,260,264,
4741,81,1100000,0,user_35,260,264,
4753,84,1000000,0,user_44,260,264,
4751,83,1000000,0,user_42,260,264,
4714,74,670000,0,user_6,260,263,
4939,76,630000,0,user_39,262,263,
4935,77,600000,0,user_37,262,263,
4715,78,530000,0,user_7,260,263,
4717,79,470000,0,user_9,260,263,
4903,80,460001,0,user_11,262,263,4809
4809,81,460000,12300,user_44,261,263,
4902,83,459999,0,user_11,262,263,4809
4739,84,370000,0,user_31,260,263,
4752,85,350000,0,user_42,260,263,
4744,86,340000,0,user_38,260,263,
4716,88,320000,0,user_8,260,263,
4722,90,310000,0,user_16,260,263,
4925,89,310000,0,user_30,262,263,
4907,92,300001,0,user_14,262,263,4813
4921,93,300001,0,user_23,262,263,4813
4901,94,300001,0,user_9,262,263,4813
4813,95,300000,71800,user_46,261,263,
4896,96,299999,0,user_4,262,263,4813
4911,97,299999,0,user_20,262,263,4813
4899,99,299999,0,user_6,262,263,4813
4900,65,299999,0,user_6,262,262,4813
4915,98,299999,0,user_21,262,263,4813
4738,67,260000,0,user_31,260,262,
4755,68,260000,0,user_48,260,262,
4754,69,260000,0,user_45,260,262,
4804,70,260000,0,user_37,261,262,
4810,71,240000,0,user_45,261,262,
4799,72,220000,0,user_28,261,262,
4801,73,190000,0,user_33,261,262,
4729,74,170000,0,user_23,260,262,
4807,75,170000,0,user_40,261,262,
4943,76,170000,4320000,user_47,262,262,
4725,77,160000,0,user_16,260,262,
4733,78,160000,0,user_24,260,262,
4811,79,160000,0,user_45,261,262,
4802,80,160000,0,user_33,261,262,
4798,81,160000,0,user_27,261,262,
4805,82,150000,0,user_37,261,262,
4945,83,150000,0,user_47,262,262,
4745,84,120000,0,user_40,260,262,
4750,85,120000,0,user_42,260,262,
4812,86,120000,0,user_46,261,262,
4814,87,120000,0,user_49,261,262,
4938,88,120000,0,user_39,262,262,
4934,89,120000,0,user_36,262,262,
4946,90,120000,46500,user_47,262,262,
4781,91,110001,0,user_14,261,262,4747
4791,92,110001,0,user_21,261,262,4747
4782,93,110001,0,user_15,261,262,4747
4784,94,110001,0,user_17,261,262,4747
4789,95,110001,0,user_18,261,262,4747
4897,96,110001,0,user_5,262,262,4747
4898,97,110001,0,user_5,262,262,4747
4905,98,110001,0,user_12,262,262,4747
4908,99,110001,0,user_15,262,262,4747
4931,8,27000000,0,user_33,262,279,
4726,13,19000000,0,user_19,260,279,
4806,17,6300000,0,user_37,261,279,
4737,18,6300000,0,user_29,260,279,
5153,19,6300000,0,user_42,263,279,
4743,28,6100000,0,user_36,260,279,
4948,31,5200000,0,user_48,262,279,
4924,32,5200000,0,user_27,262,279,
4724,38,5000000,0,user_16,260,279,
4757,51,4200000,0,user_49,260,279,
4949,52,4200000,0,user_49,262,279,
4927,57,3600000,75000,user_30,262,279,
5110,59,3500001,0,user_1,263,279,4944
5125,60,3500001,0,user_12,263,279,4944
5138,61,3500001,0,user_26,263,279,4944
4944,65,3500000,161000,user_47,262,279,
5111,66,3499999,0,user_2,263,279,4944
5128,67,3499999,0,user_13,263,279,4944
5117,68,3499999,0,user_6,263,279,4944
5129,69,3499999,0,user_15,263,279,4944
5130,70,3499999,0,user_15,263,279,4944
5133,71,3499999,0,user_18,263,279,4944
4947,87,2500000,0,user_47,262,279,
5154,91,2300000,0,user_42,263,279,
5140,96,2100000,11200,user_27,263,279,
4779,97,2000001,0,user_12,261,277,4770
5113,91,2000001,0,user_4,263,277,4770
5114,98,2000001,0,user_6,263,277,4770
5118,92,2000001,0,user_7,263,277,4770
5132,93,2000001,0,user_17,263,277,4770
4800,98,2000000,0,user_32,261,275,
4770,99,2000000,350000,user_0,261,275,
4803,96,2000000,0,user_36,261,274,
5156,99,2000000,0,user_44,263,276,
4723,93,2000000,0,user_16,260,274,
4740,94,2000000,0,user_34,260,274,
4736,92,2000000,0,user_28,260,274,
5116,98,1999999,0,user_6,263,273,4770
5135,93,1999999,0,user_23,263,273,4770
4734,97,1900000,0,user_24,260,270,
4731,97,1700000,0,user_23,260,269,
4808,99,1600000,0,user_43,261,269,
4922,97,1500001,0,user_24,262,268,4735
4780,98,1500001,0,user_14,261,268,4735
4793,99,1500001,0,user_22,261,268,4735
5119,95,1500001,0,user_7,263,268,4735
5124,94,1500001,0,user_12,263,268,4735
5136,96,1500001,0,user_24,263,268,4735
4735,94,1500000,128000,user_27,260,267,
5145,95,1500000,0,user_34,263,267,
5142,96,1500000,0,user_30,263,267,
4912,98,1499999,0,user_21,262,267,4735
4771,99,1499999,0,user_1,261,267,4735
4786,96,1499999,0,user_17,261,266,4735
4787,97,1499999,0,user_17,261,266,4735
4788,98,1499999,0,user_17,261,266,4735
4794,95,1499999,0,user_22,261,266,4735
4792,94,1499999,0,user_21,261,266,4735
4895,99,1499999,0,user_2,262,266,4735
5134,84,1499999,0,user_21,263,265,4735
5137,85,1499999,0,user_25,263,265,4735
4932,92,1400000,0,user_33,262,265,
4769,97,1400000,0,user_0,261,265,
4730,94,1400000,0,user_23,260,265,
4732,95,1400000,0,user_23,260,265,
4749,96,1400000,0,user_42,260,265,
5141,98,1300000,18600,user_28,263,265,
4713,99,1300000,0,user_4,260,265,
4929,80,1200000,0,user_31,262,264,
4741,81,1100000,0,user_35,260,264,
4756,82,1100000,0,user_49,260,264,
4753,84,1000000,0,user_44,260,264,
4751,83,1000000,0,user_42,260,264,
5144,96,910000,7190000,user_32,263,264,
4714,74,670000,0,user_6,260,263,
5139,75,660000,7190000,user_27,263,263,
4939,76,630000,0,user_39,262,263,
4935,77,600000,0,user_37,262,263,
4715,78,530000,0,user_7,260,263,
4717,79,470000,0,user_9,260,263,
4903,80,460001,0,user_11,262,263,4809
4809,81,460000,12300,user_44,261,263,
5152,82,460000,0,user_41,263,263,
4902,83,459999,0,user_11,262,263,4809
4739,84,370000,0,user_31,260,263,
4752,85,350000,0,user_42,260,263,
4744,86,340000,0,user_38,260,263,
5150,87,340000,0,user_37,263,263,
4716,88,320000,0,user_8,260,263,
4925,89,310000,0,user_30,262,263,
4722,90,310000,0,user_16,260,263,
5148,91,310000,0,user_36,263,263,
4907,92,300001,0,user_14,262,263,4813
4921,93,300001,0,user_23,262,263,4813
4901,94,300001,0,user_9,262,263,4813
4813,95,300000,71800,user_46,261,263,
4896,96,299999,0,user_4,262,263,4813
4911,97,299999,0,user_20,262,263,4813
4915,98,299999,0,user_21,262,263,4813
4899,99,299999,0,user_6,262,263,4813
4931,8,27000000,0,user_33,262,279,
4726,13,19000000,0,user_19,260,279,
5153,19,6300000,0,user_42,263,279,
4806,17,6300000,0,user_37,261,279,
4737,18,6300000,0,user_29,260,279,
5349,21,6300000,0,user_29,264,279,
5347,20,6300000,5630,user_27,264,279,
4743,28,6100000,0,user_36,260,279,
4924,32,5200000,0,user_27,262,279,
4948,31,5200000,0,user_48,262,279,
5364,34,5200000,0,user_46,264,279,
5352,33,5200000,0,user_34,264,279,
5143,39,5000000,0,user_31,263,279,
4724,38,5000000,0,user_16,260,279,
5369,40,5000000,0,user_48,264,279,
4949,52,4200000,0,user_49,262,279,
4757,51,4200000,0,user_49,260,279,
4927,57,3600000,75000,user_30,262,279,
5125,60,3500001,0,user_12,263,279,4944
5138,61,3500001,0,user_26,263,279,4944
5110,59,3500001,0,user_1,263,279,4944
4944,65,3500000,161000,user_47,262,279,
5128,67,3499999,0,user_13,263,279,4944
5117,68,3499999,0,user_6,263,279,4944
5129,69,3499999,0,user_15,263,279,4944
5130,70,3499999,0,user_15,263,279,4944
5133,71,3499999,0,user_18,263,279,4944
5111,66,3499999,0,user_2,263,279,4944
5317,73,3499999,0,user_8,264,279,4944
5321,72,3499999,0,user_9,264,279,4944
5362,82,2600000,0,user_44,264,279,
4947,87,2500000,0,user_47,262,279,
5154,91,2300000,0,user_42,263,279,
5140,96,2100000,11200,user_27,263,279,
5113,91,2000001,0,user_4,263,277,4770
5114,98,2000001,0,user_6,263,277,4770
5118,92,2000001,0,user_7,263,277,4770
5132,93,2000001,0,user_17,263,277,4770
4779,97,2000001,0,user_12,261,277,4770
5336,89,2000001,0,user_16,264,277,4770
5156,99,2000000,0,user_44,263,276,
4770,99,2000000,350000,user_0,261,275,
4803,96,2000000,0,user_36,261,274,
4736,92,2000000,0,user_28,260,274,
4723,93,2000000,0,user_16,260,274,
4740,94,2000000,0,user_34,260,274,
4800,98,2000000,0,user_32,261,275,
5116,98,1999999,0,user_6,263,273,4770
5135,93,1999999,0,user_23,263,273,4770
4734,97,1900000,0,user_24,260,270,
5366,96,1800000,0,user_47,264,269,
4731,97,1700000,0,user_23,260,269,
4808,99,1600000,0,user_43,261,269,
5124,94,1500001,0,user_12,263,268,4735
5119,95,1500001,0,user_7,263,268,4735
5136,96,1500001,0,user_24,263,268,4735
4922,97,1500001,0,user_24,262,268,4735
4780,98,1500001,0,user_14,261,268,4735
4793,99,1500001,0,user_22,261,268,4735
5142,96,1500000,0,user_30,263,267,
5145,95,1500000,0,user_34,263,267,
4735,94,1500000,128000,user_27,260,267,
5350,97,1500000,0,user_30,264,267,
5134,84,1499999,0,user_21,263,265,4735
4895,99,1499999,0,user_2,262,266,4735
5137,85,1499999,0,user_25,263,265,4735
4771,99,1499999,0,user_1,261,267,4735
4912,98,1499999,0,user_21,262,267,4735
4792,94,1499999,0,user_21,261,266,4735
4786,96,1499999,0,user_17,261,266,4735
4787,97,1499999,0,user_17,261,266,4735
4788,98,1499999,0,user_17,261,266,4735
4794,95,1499999,0,user_22,261,266,4735
4749,96,1400000,0,user_42,260,265,
4769,97,1400000,0,user_0,261,265,
4932,92,1400000,0,user_33,262,265,
4730,94,1400000,0,user_23,260,265,
4732,95,1400000,0,user_23,260,265,
5141,98,1300000,18600,user_28,263,265,
4713,99,1300000,0,user_4,260,265,
4929,80,1200000,0,user_31,262,264,
4741,81,1100000,0,user_35,260,264,
4756,82,1100000,0,user_49,260,264,
4751,83,1000000,0,user_42,260,264,
4753,84,1000000,0,user_44,260,264,
5353,85,1000000,0,user_36,264,264,
5312,86,910001,0,user_1,264,264,5144
5314,87,910001,0,user_2,264,264,5144
5323,88,910001,0,user_10,264,264,5144
5324,89,910001,0,user_11,264,264,5144
5325,90,910001,0,user_11,264,264,5144
5341,91,910001,0,user_19,264,264,5144
5315,92,910001,0,user_3,264,264,5144
5319,93,910001,0,user_8,264,264,5144
5320,94,910001,0,user_9,264,264,5144
5322,95,910001,0,user_9,264,264,5144
5144,96,910000,7190000,user_32,263,264,
5328,97,909999,0,user_13,264,264,5144
5311,98,909999,0,user_0,264,264,5144
5316,99,909999,0,user_6,264,264,5144
4931,8,27000000,0,user_33,262,279,
4726,13,19000000,0,user_19,260,279,
5349,21,6300000,0,user_29,264,279,
5360,22,6300000,0,user_43,264,279,
5347,20,6300000,5630,user_27,264,279,
4737,18,6300000,0,user_29,260,279,
4806,17,6300000,0,user_37,261,279,
5153,19,6300000,0,user_42,263,279,
4743,28,6100000,0,user_36,260,279,
5364,34,5200000,0,user_46,264,279,
5352,33,5200000,0,user_34,264,279,
4924,32,5200000,0,user_27,262,279,
4948,31,5200000,0,user_48,262,279,
5593,30,5200000,21800,user_30,265,279,
5369,40,5000000,0,user_48,264,279,
5143,39,5000000,0,user_31,263,279,
4724,38,5000000,0,user_16,260,279,
5614,45,4500000,0,user_48,265,279,
4949,52,4200000,0,user_49,262,279,
4757,51,4200000,0,user_49,260,279,
4927,57,3600000,75000,user_30,262,279,
5110,59,3500001,0,user_1,263,279,4944
5125,60,3500001,0,user_12,263,279,4944
5138,61,3500001,0,user_26,263,279,4944
4944,65,3500000,161000,user_47,262,279,
5111,66,3499999,0,user_2,263,279,4944
5317,73,3499999,0,user_8,264,279,4944
5128,67,3499999,0,user_13,263,279,4944
5133,71,3499999,0,user_18,263,279,4944
5129,69,3499999,0,user_15,263,279,4944
5130,70,3499999,0,user_15,263,279,4944
5321,72,3499999,0,user_9,264,279,4944
5117,68,3499999,0,user_6,263,279,4944
5362,82,2600000,0,user_44,264,279,
4947,87,2500000,0,user_47,262,279,
5154,91,2300000,0,user_42,263,279,
5140,96,2100000,11200,user_27,263,279,
5336,89,2000001,0,user_16,264,277,4770
5544,95,2000001,0,user_1,265,278,4770
5113,91,2000001,0,user_4,263,277,4770
5118,92,2000001,0,user_7,263,277,4770
5132,93,2000001,0,user_17,263,277,4770
5568,98,2000001,0,user_12,265,279,4770
5579,99,2000001,0,user_19,265,279,4770
5582,99,2000001,0,user_20,265,278,4770
4779,97,2000001,0,user_12,261,277,4770
5114,98,2000001,0,user_6,263,277,4770
5586,97,2000001,0,user_25,265,278,4770
5587,98,2000001,0,user_26,265,278,4770
5156,99,2000000,0,user_44,263,276,
4723,93,2000000,0,user_16,260,274,
4736,92,2000000,0,user_28,260,274,
4740,94,2000000,0,user_34,260,274,
4770,99,2000000,350000,user_0,261,275,
4800,98,2000000,0,user_32,261,275,
4803,96,2000000,0,user_36,261,274,
5135,93,1999999,0,user_23,263,273,4770
5570,94,1999999,0,user_13,265,273,4770
5543,95,1999999,0,user_0,265,273,4770
5580,96,1999999,0,user_19,265,273,4770
5581,97,1999999,0,user_19,265,273,4770
5116,98,1999999,0,user_6,263,273,4770
5555,99,1999999,0,user_6,265,273,4770
5585,94,1999999,0,user_25,265,271,4770
5575,95,1999999,0,user_17,265,272,4770
5584,99,1999999,0,user_24,265,272,4770
5577,96,1999999,0,user_18,265,272,4770
4734,97,1900000,0,user_24,260,270,
5366,96,1800000,0,user_47,264,269,
4731,97,1700000,0,user_23,260,269,
4808,99,1600000,0,user_43,261,269,
4922,97,1500001,0,user_24,262,268,4735
5124,94,1500001,0,user_12,263,268,4735
5119,95,1500001,0,user_7,263,268,4735
5136,96,1500001,0,user_24,263,268,4735
4780,98,1500001,0,user_14,261,268,4735
4793,99,1500001,0,user_22,261,268,4735
5350,97,1500000,0,user_30,264,267,
5142,96,1500000,0,user_30,263,267,
4735,94,1500000,128000,user_27,260,267,
5145,95,1500000,0,user_34,263,267,
5613,92,1500000,0,user_46,265,267,
4895,99,1499999,0,user_2,262,266,4735
4912,98,1499999,0,user_21,262,267,4735
5134,84,1499999,0,user_21,263,265,4735
5137,85,1499999,0,user_25,263,265,4735
4771,99,1499999,0,user_1,261,267,4735
4792,94,1499999,0,user_21,261,266,4735
4794,95,1499999,0,user_22,261,266,4735
4786,96,1499999,0,user_17,261,266,4735
4787,97,1499999,0,user_17,261,266,4735
4788,98,1499999,0,user_17,261,266,4735
4932,92,1400000,0,user_33,262,265,
5609,93,1400000,0,user_44,265,265,
4730,94,1400000,0,user_23,260,265,
4732,95,1400000,0,user_23,260,265,
4749,96,1400000,0,user_42,260,265,
4769,97,1400000,0,user_0,261,265,
5141,98,1300000,18600,user_28,263,265,
4713,99,1300000,0,user_4,260,265,
4931,8,27000000,0,user_33,262,279,
4726,13,19000000,0,user_19,260,279,
5594,15,6300000,0,user_31,265,279,
5349,21,6300000,0,user_29,264,279,
5360,22,6300000,0,user_43,264,279,
4737,18,6300000,0,user_29,260,279,
4806,17,6300000,0,user_37,261,279,
5153,19,6300000,0,user_42,263,279,
5347,20,6300000,5630,user_27,264,279,
5841,16,6300000,0,user_29,266,279,
5863,26,6100000,0,user_45,266,279,
4743,28,6100000,0,user_36,260,279,
5842,27,6100000,0,user_30,266,279,
5593,30,5200000,21800,user_30,265,279,
5364,34,5200000,0,user_46,264,279,
5352,33,5200000,0,user_34,264,279,
4948,31,5200000,0,user_48,262,279,
4924,32,5200000,0,user_27,262,279,
5369,40,5000000,0,user_48,264,279,
4724,38,5000000,0,user_16,260,279,
5143,39,5000000,0,user_31,263,279,
5614,45,4500000,0,user_48,265,279,
5853,50,4200000,46500,user_37,266,279,
4757,51,4200000,0,user_49,260,279,
4949,52,4200000,0,user_49,262,279,
4927,57,3600000,75000,user_30,262,279,
5110,59,3500001,0,user_1,263,279,4944
5125,60,3500001,0,user_12,263,279,4944
5138,61,3500001,0,user_26,263,279,4944
4944,65,3500000,161000,user_47,262,279,
5317,73,3499999,0,user_8,264,279,4944
5321,72,3499999,0,user_9,264,279,4944
5111,66,3499999,0,user_2,263,279,4944
5129,69,3499999,0,user_15,263,279,4944
5130,70,3499999,0,user_15,263,279,4944
5128,67,3499999,0,user_13,263,279,4944
5133,71,3499999,0,user_18,263,279,4944
5117,68,3499999,0,user_6,263,279,4944
5362,82,2600000,0,user_44,264,279,
4947,87,2500000,0,user_47,262,279,
5154,91,2300000,0,user_42,263,279,
5140,96,2100000,11200,user_27,263,279,
5544,95,2000001,0,user_1,265,278,4770
5568,98,2000001,0,user_12,265,279,4770
5586,97,2000001,0,user_25,265,278,4770
5587,98,2000001,0,user_26,265,278,4770
5582,99,2000001,0,user_20,265,278,4770
5336,89,2000001,0,user_16,264,277,4770
5579,99,2000001,0,user_19,265,279,4770
4779,97,2000001,0,user_12,261,277,4770
5113,91,2000001,0,user_4,263,277,4770
5118,92,2000001,0,user_7,263,277,4770
5132,93,2000001,0,user_17,263,277,4770
5114,98,2000001,0,user_6,263,277,4770
5823,95,2000001,0,user_8,266,276,4770
4736,92,2000000,0,user_28,260,274,
4723,93,2000000,0,user_16,260,274,
4740,94,2000000,0,user_34,260,274,
4770,99,2000000,350000,user_0,261,275,
4803,96,2000000,0,user_36,261,274,
4800,98,2000000,0,user_32,261,275,
5156,99,2000000,0,user_44,263,276,
5858,97,2000000,0,user_40,266,275,
5543,95,1999999,0,user_0,265,273,4770
5570,94,1999999,0,user_13,265,273,4770
5575,95,1999999,0,user_17,265,272,4770
5584,99,1999999,0,user_24,265,272,4770
5585,94,1999999,0,user_25,265,271,4770
5577,96,1999999,0,user_18,265,272,4770
5555,99,1999999,0,user_6,265,273,4770
5580,96,1999999,0,user_19,265,273,4770
5581,97,1999999,0,user_19,265,273,4770
5135,93,1999999,0,user_23,263,273,4770
5116,98,1999999,0,user_6,263,273,4770
4734,97,1900000,0,user_24,260,270,
5869,98,1900000,0,user_47,266,270,
5366,96,1800000,0,user_47,264,269,
4731,97,1700000,0,user_23,260,269,
5604,92,1600000,0,user_38,265,268,
5862,93,1600000,0,user_45,266,268,
4808,99,1600000,0,user_43,261,269,
4780,98,1500001,0,user_14,261,268,4735
4793,99,1500001,0,user_22,261,268,4735
4922,97,1500001,0,user_24,262,268,4735
5119,95,1500001,0,user_7,263,268,4735
5124,94,1500001,0,user_12,263,268,4735
5136,96,1500001,0,user_24,263,268,4735
5613,92,1500000,0,user_46,265,267,
5350,97,1500000,0,user_30,264,267,
5861,93,1500000,0,user_45,266,267,
4735,94,1500000,128000,user_27,260,267,
5142,96,1500000,0,user_30,263,267,
5145,95,1500000,0,user_34,263,267,
4771,99,1499999,0,user_1,261,267,4735
4792,94,1499999,0,user_21,261,266,4735
4794,95,1499999,0,user_22,261,266,4735
4786,96,1499999,0,user_17,261,266,4735
4787,97,1499999,0,user_17,261,266,4735
4788,98,1499999,0,user_17,261,266,4735
4895,99,1499999,0,user_2,262,266,4735
6125,2,43000000,0,user_44,267,279,
6107,7,27000000,0,user_28,267,279,
4931,8,27000000,0,user_33,262,279,
4726,13,19000000,0,user_19,260,279,
5594,15,6300000,0,user_31,265,279,
5841,16,6300000,0,user_29,266,279,
4806,17,6300000,0,user_37,261,279,
4737,18,6300000,0,user_29,260,279,
5153,19,6300000,0,user_42,263,279,
5347,20,6300000,5630,user_27,264,279,
5349,21,6300000,0,user_29,264,279,
5360,22,6300000,0,user_43,264,279,
5863,26,6100000,0,user_45,266,279,
5842,27,6100000,0,user_30,266,279,
4743,28,6100000,0,user_36,260,279,
5593,30,5200000,21800,user_30,265,279,
4948,31,5200000,0,user_48,262,279,
4924,32,5200000,0,user_27,262,279,
5352,33,5200000,0,user_34,264,279,
5364,34,5200000,0,user_46,264,279,
4724,38,5000000,0,user_16,260,279,
5143,39,5000000,0,user_31,263,279,
5369,40,5000000,0,user_48,264,279,
5614,45,4500000,0,user_48,265,279,
5853,50,4200000,46500,user_37,266,279,
4757,51,4200000,0,user_49,260,279,
4949,52,4200000,0,user_49,262,279,
4927,57,3600000,75000,user_30,262,279,
5110,59,3500001,0,user_1,263,279,4944
5125,60,3500001,0,user_12,263,279,4944
5138,61,3500001,0,user_26,263,279,4944
4944,65,3500000,161000,user_47,262,279,
5111,66,3499999,0,user_2,263,279,4944
5128,67,3499999,0,user_13,263,279,4944
5117,68,3499999,0,user_6,263,279,4944
5129,69,3499999,0,user_15,263,279,4944
5130,70,3499999,0,user_15,263,279,4944
5133,71,3499999,0,user_18,263,279,4944
5321,72,3499999,0,user_9,264,279,4944
5317,73,3499999,0,user_8,264,279,4944
5362,82,2600000,0,user_44,264,279,
6118,86,2500000,0,user_37,267,279,
4947,87,2500000,0,user_47,262,279,
6127,88,2500000,0,user_46,267,279,
5154,91,2300000,0,user_42,263,279,
5140,96,2100000,11200,user_27,263,279,
5568,98,2000001,0,user_12,265,279,4770
5579,99,2000001,0,user_19,265,279,4770
5582,99,2000001,0,user_20,265,278,4770
5586,97,2000001,0,user_25,265,278,4770
5587,98,2000001,0,user_26,265,278,4770
5823,95,2000001,0,user_8,266,276,4770
4779,97,2000001,0,user_12,261,277,4770
5113,91,2000001,0,user_4,263,277,4770
5114,98,2000001,0,user_6,263,277,4770
5118,92,2000001,0,user_7,263,277,4770
5132,93,2000001,0,user_17,263,277,4770
5336,89,2000001,0,user_16,264,277,4770
5544,95,2000001,0,user_1,265,278,4770
5858,97,2000000,0,user_40,266,275,
4800,98,2000000,0,user_32,261,275,
4770,99,2000000,350000,user_0,261,275,
4803,96,2000000,0,user_36,261,274,
5156,99,2000000,0,user_44,263,276,
4723,93,2000000,0,user_16,260,274,
4740,94,2000000,0,user_34,260,274,
4736,92,2000000,0,user_28,260,274,
5570,94,1999999,0,user_13,265,273,4770
5543,95,1999999,0,user_0,265,273,4770
5580,96,1999999,0,user_19,265,273,4770
5581,97,1999999,0,user_19,265,273,4770
5555,99,1999999,0,user_6,265,273,4770
5585,94,1999999,0,user_25,265,271,4770
5575,95,1999999,0,user_17,265,272,4770
5584,99,1999999,0,user_24,265,272,4770
5577,96,1999999,0,user_18,265,272,4770
5116,98,1999999,0,user_6,263,273,4770
5135,93,1999999,0,user_23,263,273,4770
5869,98,1900000,0,user_47,266,270,
4734,97,1900000,0,user_24,260,270,
5366,96,1800000,0,user_47,264,269,
4731,97,1700000,0,user_23,260,269,
5604,92,1600000,0,user_38,265,268,
5862,93,1600000,0,user_45,266,268,
4808,99,1600000,0,user_43,261,269,
6110,98,1600000,0,user_33,267,269,
4922,97,1500001,0,user_24,262,268,4735
4780,98,1500001,0,user_14,261,268,4735
4793,99,1500001,0,user_22,261,268,4735
5119,95,1500001,0,user_7,263,268,4735
5124,94,1500001,0,user_12,263,268,4735
5136,96,1500001,0,user_24,263,268,4735
5613,92,1500000,0,user_46,265,267,
5861,93,1500000,0,user_45,266,267,
4735,94,1500000,128000,user_27,260,267,
5145,95,1500000,0,user_34,263,267,
5142,96,1500000,0,user_30,263,267,
5350,97,1500000,0,user_30,264,267,
4912,98,1499999,0,user_21,262,267,4735
4771,99,1499999,0,user_1,261,267,4735
6125,2,43000000,0,user_44,267,279,
6107,7,27000000,0,user_28,267,279,
6372,9,27000000,0,user_37,268,279,
4931,8,27000000,0,user_33,262,279,
4726,13,19000000,0,user_19,260,279,
5153,19,6300000,0,user_42,263,279,
4806,17,6300000,0,user_37,261,279,
4737,18,6300000,0,user_29,260,279,
5349,21,6300000,0,user_29,264,279,
5360,22,6300000,0,user_43,264,279,
5347,20,6300000,5630,user_27,264,279,
5594,15,6300000,0,user_31,265,279,
5841,16,6300000,0,user_29,266,279,
4743,28,6100000,0,user_36,260,279,
5842,27,6100000,0,user_30,266,279,
5863,26,6100000,0,user_45,266,279,
4924,32,5200000,0,user_27,262,279,
4948,31,5200000,0,user_48,262,279,
5364,34,5200000,0,user_46,264,279,
5352,33,5200000,0,user_34,264,279,
5593,30,5200000,21800,user_30,265,279,
5143,39,5000000,0,user_31,263,279,
4724,38,5000000,0,user_16,260,279,
5369,40,5000000,0,user_48,264,279,
6119,46,4500000,0,user_38,267,279,
5614,45,4500000,0,user_48,265,279,
6378,47,4500000,0,user_40,268,279,
4949,52,4200000,0,user_49,262,279,
4757,51,4200000,0,user_49,260,279,
5853,50,4200000,46500,user_37,266,279,
4927,57,3600000,75000,user_30,262,279,
5125,60,3500001,0,user_12,263,279,4944
5138,61,3500001,0,user_26,263,279,4944
5110,59,3500001,0,user_1,263,279,4944
4944,65,3500000,161000,user_47,262,279,
5128,67,3499999,0,user_13,263,279,4944
5117,68,3499999,0,user_6,263,279,4944
5129,69,3499999,0,user_15,263,279,4944
5130,70,3499999,0,user_15,263,279,4944
5133,71,3499999,0,user_18,263,279,4944
5111,66,3499999,0,user_2,263,279,4944
5317,73,3499999,0,user_8,264,279,4944
5321,72,3499999,0,user_9,264,279,4944
6376,77,3200000,0,user_39,268,279,
5362,82,2600000,0,user_44,264,279,
6127,88,2500000,0,user_46,267,279,
6118,86,2500000,0,user_37,267,279,
4947,87,2500000,0,user_47,262,279,
5154,91,2300000,0,user_42,263,279,
5140,96,2100000,11200,user_27,263,279,
5113,91,2000001,0,user_4,263,277,4770
5114,98,2000001,0,user_6,263,277,4770
5118,92,2000001,0,user_7,263,277,4770
5132,93,2000001,0,user_17,263,277,4770
4779,97,2000001,0,user_12,261,277,4770
5336,89,2000001,0,user_16,264,277,4770
5544,95,2000001,0,user_1,265,278,4770
5568,98,2000001,0,user_12,265,279,4770
5582,99,2000001,0,user_20,265,278,4770
5579,99,2000001,0,user_19,265,279,4770
5586,97,2000001,0,user_25,265,278,4770
5587,98,2000001,0,user_26,265,278,4770
5823,95,2000001,0,user_8,266,276,4770
5156,99,2000000,0,user_44,263,276,
4770,99,2000000,350000,user_0,261,275,
4803,96,2000000,0,user_36,261,274,
4736,92,2000000,0,user_28,260,274,
4723,93,2000000,0,user_16,260,274,
4740,94,2000000,0,user_34,260,274,
4800,98,2000000,0,user_32,261,275,
5858,97,2000000,0,user_40,266,275,
6368,90,2000000,0,user_34,268,274,
6386,89,2000000,0,user_47,268,274,
5116,98,1999999,0,user_6,263,273,4770
5135,93,1999999,0,user_23,263,273,4770
5543,95,1999999,0,user_0,265,273,4770
5570,94,1999999,0,user_13,265,273,4770
5575,95,1999999,0,user_17,265,272,4770
5577,96,1999999,0,user_18,265,272,4770
5580,96,1999999,0,user_19,265,273,4770
5581,97,1999999,0,user_19,265,273,4770
5584,99,1999999,0,user_24,265,272,4770
5585,94,1999999,0,user_25,265,271,4770
5555,99,1999999,0,user_6,265,273,4770
6124,96,1900000,0,user_43,267,270,
4734,97,1900000,0,user_24,260,270,
5869,98,1900000,0,user_47,266,270,
5366,96,1800000,0,user_47,264,269,
6374,99,1800000,0,user_39,268,270,
4731,97,1700000,0,user_23,260,269,
6110,98,1600000,0,user_33,267,269,
4808,99,1600000,0,user_43,261,269,
5604,92,1600000,0,user_38,265,268,
5862,93,1600000,0,user_45,266,268,
5124,94,1500001,0,user_12,263,268,4735
5119,95,1500001,0,user_7,263,268,4735
5136,96,1500001,0,user_24,263,268,4735
4922,97,1500001,0,user_24,262,268,4735
4780,98,1500001,0,user_14,261,268,4735
4793,99,1500001,0,user_22,261,268,4735
6125,2,43000000,0,user_44,267,279,
6645,1,43000000,0,user_40,269,279,
6372,9,27000000,0,user_37,268,279,
6107,7,27000000,0,user_28,267,279,
4931,8,27000000,0,user_33,262,279,
4726,13,19000000,0,user_19,260,279,
5349,21,6300000,0,user_29,264,279,
5360,22,6300000,0,user_43,264,279,
5347,20,6300000,5630,user_27,264,279,
4737,18,6300000,0,user_29,260,279,
4806,17,6300000,0,user_37,261,279,
5153,19,6300000,0,user_42,263,279,
5594,15,6300000,0,user_31,265,279,
5841,16,6300000,0,user_29,266,279,
6641,24,6100000,0,user_37,269,279,
4743,28,6100000,0,user_36,260,279,
5863,26,6100000,0,user_45,266,279,
5842,27,6100000,0,user_30,266,279,
6647,25,6100000,0,user_41,269,279,
5364,34,5200000,0,user_46,264,279,
5352,33,5200000,0,user_34,264,279,
4924,32,5200000,0,user_27,262,279,
4948,31,5200000,0,user_48,262,279,
5593,30,5200000,21800,user_30,265,279,
5369,40,5000000,0,user_48,264,279,
5143,39,5000000,0,user_31,263,279,
4724,38,5000000,0,user_16,260,279,
6378,47,4500000,0,user_40,268,279,
6119,46,4500000,0,user_38,267,279,
5614,45,4500000,0,user_48,265,279,
6649,43,4500000,256000,user_42,269,279,
4949,52,4200000,0,user_49,262,279,
4757,51,4200000,0,user_49,260,279,
5853,50,4200000,46500,user_37,266,279,
4927,57,3600000,75000,user_30,262,279,
6644,55,3600000,0,user_40,269,279,
5110,59,3500001,0,user_1,263,279,4944
5125,60,3500001,0,user_12,263,279,4944
5138,61,3500001,0,user_26,263,279,4944
4944,65,3500000,161000,user_47,262,279,
5111,66,3499999,0,user_2,263,279,4944
5317,73,3499999,0,user_8,264,279,4944
5128,67,3499999,0,user_13,263,279,4944
5133,71,3499999,0,user_18,263,279,4944
5129,69,3499999,0,user_15,263,279,4944
5130,70,3499999,0,user_15,263,279,4944
5321,72,3499999,0,user_9,264,279,4944
5117,68,3499999,0,user_6,263,279,4944
6376,77,3200000,0,user_39,268,279,
5362,82,2600000,0,user_44,264,279,
6127,88,2500000,0,user_46,267,279,
6118,86,2500000,0,user_37,267,279,
6631,85,2500000,0,user_28,269,279,
4947,87,2500000,0,user_47,262,279,
5154,91,2300000,0,user_42,263,279,
5140,96,2100000,11200,user_27,263,279,
5336,89,2000001,0,user_16,264,277,4770
5544,95,2000001,0,user_1,265,278,4770
5113,91,2000001,0,user_4,263,277,4770
5118,92,2000001,0,user_7,263,277,4770
5132,93,2000001,0,user_17,263,277,4770
5568,98,2000001,0,user_12,265,279,4770
5579,99,2000001,0,user_19,265,279,4770
5582,99,2000001,0,user_20,265,278,4770
4779,97,2000001,0,user_12,261,277,4770
5114,98,2000001,0,user_6,263,277,4770
5586,97,2000001,0,user_25,265,278,4770
5587,98,2000001,0,user_26,265,278,4770
5823,95,2000001,0,user_8,266,276,4770
6386,89,2000000,0,user_47,268,274,
6368,90,2000000,0,user_34,268,274,
5156,99,2000000,0,user_44,263,276,
4723,93,2000000,0,user_16,260,274,
4736,92,2000000,0,user_28,260,274,
4740,94,2000000,0,user_34,260,274,
4770,99,2000000,350000,user_0,261,275,
4800,98,2000000,0,user_32,261,275,
4803,96,2000000,0,user_36,261,274,
5858,97,2000000,0,user_40,266,275,
6657,95,2000000,0,user_48,269,275,
6637,96,2000000,0,user_34,269,275,
5135,93,1999999,0,user_23,263,273,4770
5570,94,1999999,0,user_13,265,273,4770
5543,95,1999999,0,user_0,265,273,4770
5580,96,1999999,0,user_19,265,273,4770
5581,97,1999999,0,user_19,265,273,4770
5116,98,1999999,0,user_6,263,273,4770
5555,99,1999999,0,user_6,265,273,4770
5585,94,1999999,0,user_25,265,271,4770
5575,95,1999999,0,user_17,265,272,4770
5584,99,1999999,0,user_24,265,272,4770
5577,96,1999999,0,user_18,265,272,4770
6124,96,1900000,0,user_43,267,270,
4734,97,1900000,0,user_24,260,270,
5869,98,1900000,0,user_47,266,270,
6374,99,1800000,0,user_39,268,270,
5366,96,1800000,0,user_47,264,269,
4731,97,1700000,0,user_23,260,269,
6110,98,1600000,0,user_33,267,269,
4808,99,1600000,0,user_43,261,269,
6645,1,43000000,0,user_40,269,279,
6125,2,43000000,0,user_44,267,279,
6372,9,27000000,0,user_37,268,279,
4931,8,27000000,0,user_33,262,279,
6107,7,27000000,0,user_28,267,279,
6914,12,19000000,0,user_44,270,279,
4726,13,19000000,0,user_19,260,279,
5594,15,6300000,0,user_31,265,279,
5349,21,6300000,0,user_29,264,279,
5360,22,6300000,0,user_43,264,279,
4737,18,6300000,0,user_29,260,279,
4806,17,6300000,0,user_37,261,279,
5153,19,6300000,0,user_42,263,279,
5347,20,6300000,5630,user_27,264,279,
5841,16,6300000,0,user_29,266,279,
6641,24,6100000,0,user_37,269,279,
6647,25,6100000,0,user_41,269,279,
5863,26,6100000,0,user_45,266,279,
4743,28,6100000,0,user_36,260,279,
5842,27,6100000,0,user_30,266,279,
5593,30,5200000,21800,user_30,265,279,
5364,34,5200000,0,user_46,264,279,
5352,33,5200000,0,user_34,264,279,
4948,31,5200000,0,user_48,262,279,
4924,32,5200000,0,user_27,262,279,
5369,40,5000000,0,user_48,264,279,
4724,38,5000000,0,user_16,260,279,
5143,39,5000000,0,user_31,263,279,
6119,46,4500000,0,user_38,267,279,
6378,47,4500000,0,user_40,268,279,
6649,43,4500000,256000,user_42,269,279,
5614,45,4500000,0,user_48,265,279,
5853,50,4200000,46500,user_37,266,279,
4757,51,4200000,0,user_49,260,279,
4949,52,4200000,0,user_49,262,279,
6644,55,3600000,0,user_40,269,279,
6634,54,3600000,256000,user_31,269,279,
4927,57,3600000,75000,user_30,262,279,
6916,56,3600000,0,user_47,270,279,
5110,59,3500001,0,user_1,263,279,4944
5125,60,3500001,0,user_12,263,279,4944
5138,61,3500001,0,user_26,263,279,4944
4944,65,3500000,161000,user_47,262,279,
6918,64,3500000,410000,user_47,270,279,
5317,73,3499999,0,user_8,264,279,4944
5321,72,3499999,0,user_9,264,279,4944
5111,66,3499999,0,user_2,263,279,4944
5129,69,3499999,0,user_15,263,279,4944
5130,70,3499999,0,user_15,263,279,4944
5128,67,3499999,0,user_13,263,279,4944
5133,71,3499999,0,user_18,263,279,4944
5117,68,3499999,0,user_6,263,279,4944
6376,77,3200000,0,user_39,268,279,
5362,82,2600000,0,user_44,264,279,
6631,85,2500000,0,user_28,269,279,
6118,86,2500000,0,user_37,267,279,
6127,88,2500000,0,user_46,267,279,
4947,87,2500000,0,user_47,262,279,
5154,91,2300000,0,user_42,263,279,
5140,96,2100000,11200,user_27,263,279,
5544,95,2000001,0,user_1,265,278,4770
5568,98,2000001,0,user_12,265,279,4770
5586,97,2000001,0,user_25,265,278,4770
5587,98,2000001,0,user_26,265,278,4770
5582,99,2000001,0,user_20,265,278,4770
5336,89,2000001,0,user_16,264,277,4770
5579,99,2000001,0,user_19,265,279,4770
4779,97,2000001,0,user_12,261,277,4770
5113,91,2000001,0,user_4,263,277,4770
5118,92,2000001,0,user_7,263,277,4770
5132,93,2000001,0,user_17,263,277,4770
5114,98,2000001,0,user_6,263,277,4770
5823,95,2000001,0,user_8,266,276,4770
6657,95,2000000,0,user_48,269,275,
6386,89,2000000,0,user_47,268,274,
6368,90,2000000,0,user_34,268,274,
6637,96,2000000,0,user_34,269,275,
4736,92,2000000,0,user_28,260,274,
4723,93,2000000,0,user_16,260,274,
4740,94,2000000,0,user_34,260,274,
4770,99,2000000,350000,user_0,261,275,
4803,96,2000000,0,user_36,261,274,
4800,98,2000000,0,user_32,261,275,
5156,99,2000000,0,user_44,263,276,
5858,97,2000000,0,user_40,266,275,
5543,95,1999999,0,user_0,265,273,4770
5570,94,1999999,0,user_13,265,273,4770
5575,95,1999999,0,user_17,265,272,4770
5584,99,1999999,0,user_24,265,272,4770
5585,94,1999999,0,user_25,265,271,4770
5577,96,1999999,0,user_18,265,272,4770
5555,99,1999999,0,user_6,265,273,4770
5580,96,1999999,0,user_19,265,273,4770
5581,97,1999999,0,user_19,265,273,4770
5135,93,1999999,0,user_23,263,273,4770
5116,98,1999999,0,user_6,263,273,4770
6124,96,1900000,0,user_43,267,270,
4734,97,1900000,0,user_24,260,270,
5869,98,1900000,0,user_47,266,270,
6374,99,1800000,0,user_39,268,270,
6645,1,43000000,0,user_40,269,279,
6125,2,43000000,0,user_44,267,279,
6107,7,27000000,0,user_28,267,279,
4931,8,27000000,0,user_33,262,279,
6372,9,27000000,0,user_37,268,279,
6914,12,19000000,0,user_44,270,279,
4726,13,19000000,0,user_19,260,279,
5594,15,6300000,0,user_31,265,279,
5841,16,6300000,0,user_29,266,279,
4806,17,6300000,0,user_37,261,279,
4737,18,6300000,0,user_29,260,279,
5153,19,6300000,0,user_42,263,279,
5347,20,6300000,5630,user_27,264,279,
5349,21,6300000,0,user_29,264,279,
5360,22,6300000,0,user_43,264,279,
6641,24,6100000,0,user_37,269,279,
6647,25,6100000,0,user_41,269,279,
5863,26,6100000,0,user_45,266,279,
5842,27,6100000,0,user_30,266,279,
4743,28,6100000,0,user_36,260,279,
5593,30,5200000,21800,user_30,265,279,
4948,31,5200000,0,user_48,262,279,
4924,32,5200000,0,user_27,262,279,
5352,33,5200000,0,user_34,264,279,
5364,34,5200000,0,user_46,264,279,
4724,38,5000000,0,user_16,260,279,
5143,39,5000000,0,user_31,263,279,
5369,40,5000000,0,user_48,264,279,
6649,43,4500000,256000,user_42,269,279,
7209,44,4500000,32900,user_45,271,279,
5614,45,4500000,0,user_48,265,279,
6119,46,4500000,0,user_38,267,279,
6378,47,4500000,0,user_40,268,279,
5853,50,4200000,46500,user_37,266,279,
4757,51,4200000,0,user_49,260,279,
4949,52,4200000,0,user_49,262,279,
6634,54,3600000,256000,user_31,269,279,
6644,55,3600000,0,user_40,269,279,
6916,56,3600000,0,user_47,270,279,
4927,57,3600000,75000,user_30,262,279,
5110,59,3500001,0,user_1,263,279,4944
5125,60,3500001,0,user_12,263,279,4944
5138,61,3500001,0,user_26,263,279,4944
6918,64,3500000,410000,user_47,270,279,
4944,65,3500000,161000,user_47,262,279,
5111,66,3499999,0,user_2,263,279,4944
5128,67,3499999,0,user_13,263,279,4944
5117,68,3499999,0,user_6,263,279,4944
5129,69,3499999,0,user_15,263,279,4944
5130,70,3499999,0,user_15,263,279,4944
5133,71,3499999,0,user_18,263,279,4944
5321,72,3499999,0,user_9,264,279,4944
5317,73,3499999,0,user_8,264,279,4944
6376,77,3200000,0,user_39,268,279,
7208,81,2600000,0,user_44,271,279,
5362,82,2600000,0,user_44,264,279,
6631,85,2500000,0,user_28,269,279,
6118,86,2500000,0,user_37,267,279,
4947,87,2500000,0,user_47,262,279,
6127,88,2500000,0,user_46,267,279,
5154,91,2300000,0,user_42,263,279,
7201,92,2300000,0,user_36,271,279,
5140,96,2100000,11200,user_27,263,279,
5568,98,2000001,0,user_12,265,279,4770
5579,99,2000001,0,user_19,265,279,4770
5582,99,2000001,0,user_20,265,278,4770
5586,97,2000001,0,user_25,265,278,4770
5587,98,2000001,0,user_26,265,278,4770
5823,95,2000001,0,user_8,266,276,4770
4779,97,2000001,0,user_12,261,277,4770
5113,91,2000001,0,user_4,263,277,4770
5114,98,2000001,0,user_6,263,277,4770
5118,92,2000001,0,user_7,263,277,4770
5132,93,2000001,0,user_17,263,277,4770
5336,89,2000001,0,user_16,264,277,4770
5544,95,2000001,0,user_1,265,278,4770
6657,95,2000000,0,user_48,269,275,
6637,96,2000000,0,user_34,269,275,
5858,97,2000000,0,user_40,266,275,
4800,98,2000000,0,user_32,261,275,
4770,99,2000000,350000,user_0,261,275,
4803,96,2000000,0,user_36,261,274,
5156,99,2000000,0,user_44,263,276,
4723,93,2000000,0,user_16,260,274,
4740,94,2000000,0,user_34,260,274,
4736,92,2000000,0,user_28,260,274,
6386,89,2000000,0,user_47,268,274,
6368,90,2000000,0,user_34,268,274,
7202,98,2000000,0,user_36,271,276,
5570,94,1999999,0,user_13,265,273,4770
5543,95,1999999,0,user_0,265,273,4770
5580,96,1999999,0,user_19,265,273,4770
5581,97,1999999,0,user_19,265,273,4770
5555,99,1999999,0,user_6,265,273,4770
5585,94,1999999,0,user_25,265,271,4770
5575,95,1999999,0,user_17,265,272,4770
5584,99,1999999,0,user_24,265,272,4770
5577,96,1999999,0,user_18,265,272,4770
5116,98,1999999,0,user_6,263,273,4770
5135,93,1999999,0,user_23,263,273,4770
6125,2,43000000,0,user_44,267,279,
6645,1,43000000,0,user_40,269,279,
6107,7,27000000,0,user_28,267,279,
6372,9,27000000,0,user_37,268,279,
4931,8,27000000,0,user_33,262,279,
4726,13,19000000,0,user_19,260,279,
6914,12,19000000,0,user_44,270,279,
5153,19,6300000,0,user_42,263,279,
4806,17,6300000,0,user_37,261,279,
4737,18,6300000,0,user_29,260,279,
5349,21,6300000,0,user_29,264,279,
5360,22,6300000,0,user_43,264,279,
5347,20,6300000,5630,user_27,264,279,
5594,15,6300000,0,user_31,265,279,
5841,16,6300000,0,user_29,266,279,
4743,28,6100000,0,user_36,260,279,
5842,27,6100000,0,user_30,266,279,
5863,26,6100000,0,user_45,266,279,
6641,24,6100000,0,user_37,269,279,
6647,25,6100000,0,user_41,269,279,
4924,32,5200000,0,user_27,262,279,
4948,31,5200000,0,user_48,262,279,
5364,34,5200000,0,user_46,264,279,
5352,33,5200000,0,user_34,264,279,
5593,30,5200000,21800,user_30,265,279,
5143,39,5000000,0,user_31,263,279,
4724,38,5000000,0,user_16,260,279,
5369,40,5000000,0,user_48,264,279,
7209,44,4500000,32900,user_45,271,279,
6119,46,4500000,0,user_38,267,279,
5614,45,4500000,0,user_48,265,279,
6378,47,4500000,0,user_40,268,279,
6649,43,4500000,256000,user_42,269,279,
7505,48,4500000,0,user_27,272,279,
4949,52,4200000,0,user_49,262,279,
4757,51,4200000,0,user_49,260,279,
5853,50,4200000,46500,user_37,266,279,
4927,57,3600000,75000,user_30,262,279,
6634,54,3600000,256000,user_31,269,279,
6644,55,3600000,0,user_40,269,279,
6916,56,3600000,0,user_47,270,279,
5125,60,3500001,0,user_12,263,279,4944
5138,61,3500001,0,user_26,263,279,4944
5110,59,3500001,0,user_1,263,279,4944
4944,65,3500000,161000,user_47,262,279,
6918,64,3500000,410000,user_47,270,279,
5128,67,3499999,0,user_13,263,279,4944
5117,68,3499999,0,user_6,263,279,4944
5129,69,3499999,0,user_15,263,279,4944
5130,70,3499999,0,user_15,263,279,4944
5133,71,3499999,0,user_18,263,279,4944
5111,66,3499999,0,user_2,263,279,4944
5317,73,3499999,0,user_8,264,279,4944
5321,72,3499999,0,user_9,264,279,4944
7517,78,3200000,0,user_44,272,279,
6376,77,3200000,0,user_39,268,279,
7208,81,2600000,0,user_44,271,279,
5362,82,2600000,0,user_44,264,279,
6127,88,2500000,0,user_46,267,279,
6118,86,2500000,0,user_37,267,279,
4947,87,2500000,0,user_47,262,279,
6631,85,2500000,0,user_28,269,279,
7201,92,2300000,0,user_36,271,279,
5154,91,2300000,0,user_42,263,279,
5140,96,2100000,11200,user_27,263,279,
5113,91,2000001,0,user_4,263,277,4770
5114,98,2000001,0,user_6,263,277,4770
5118,92,2000001,0,user_7,263,277,4770
5132,93,2000001,0,user_17,263,277,4770
4779,97,2000001,0,user_12,261,277,4770
5336,89,2000001,0,user_16,264,277,4770
5544,95,2000001,0,user_1,265,278,4770
5568,98,2000001,0,user_12,265,279,4770
5582,99,2000001,0,user_20,265,278,4770
5579,99,2000001,0,user_19,265,279,4770
5586,97,2000001,0,user_25,265,278,4770
5587,98,2000001,0,user_26,265,278,4770
5823,95,2000001,0,user_8,266,276,4770
7202,98,2000000,0,user_36,271,276,
5156,99,2000000,0,user_44,263,276,
4770,99,2000000,350000,user_0,261,275,
4803,96,2000000,0,user_36,261,274,
4736,92,2000000,0,user_28,260,274,
4723,93,2000000,0,user_16,260,274,
4740,94,2000000,0,user_34,260,274,
4800,98,2000000,0,user_32,261,275,
5858,97,2000000,0,user_40,266,275,
6368,90,2000000,0,user_34,268,274,
6386,89,2000000,0,user_47,268,274,
6637,96,2000000,0,user_34,269,275,
6657,95,2000000,0,user_48,269,275,
5116,98,1999999,0,user_6,263,273,4770
5135,93,1999999,0,user_23,263,273,4770
5543,95,1999999,0,user_0,265,273,4770
5570,94,1999999,0,user_13,265,273,4770
5575,95,1999999,0,user_17,265,272,4770
5577,96,1999999,0,user_18,265,272,4770
5580,96,1999999,0,user_19,265,273,4770
5581,97,1999999,0,user_19,265,273,4770
5584,99,1999999,0,user_24,265,272,4770
6125,2,43000000,0,user_44,267,279,
6645,1,43000000,0,user_40,269,279,
6372,9,27000000,0,user_37,268,279,
6107,7,27000000,0,user_28,267,279,
4931,8,27000000,0,user_33,262,279,
4726,13,19000000,0,user_19,260,279,
6914,12,19000000,0,user_44,270,279,
5349,21,6300000,0,user_29,264,279,
5360,22,6300000,0,user_43,264,279,
5347,20,6300000,5630,user_27,264,279,
4737,18,6300000,0,user_29,260,279,
4806,17,6300000,0,user_37,261,279,
5153,19,6300000,0,user_42,263,279,
5594,15,6300000,0,user_31,265,279,
5841,16,6300000,0,user_29,266,279,
6641,24,6100000,0,user_37,269,279,
4743,28,6100000,0,user_36,260,279,
5863,26,6100000,0,user_45,266,279,
5842,27,6100000,0,user_30,266,279,
6647,25,6100000,0,user_41,269,279,
5364,34,5200000,0,user_46,264,279,
5352,33,5200000,0,user_34,264,279,
4924,32,5200000,0,user_27,262,279,
4948,31,5200000,0,user_48,262,279,
5593,30,5200000,21800,user_30,265,279,
5369,40,5000000,0,user_48,264,279,
5143,39,5000000,0,user_31,263,279,
4724,38,5000000,0,user_16,260,279,
7505,48,4500000,0,user_27,272,279,
7209,44,4500000,32900,user_45,271,279,
6378,47,4500000,0,user_40,268,279,
6119,46,4500000,0,user_38,267,279,
5614,45,4500000,0,user_48,265,279,
6649,43,4500000,256000,user_42,269,279,
4949,52,4200000,0,user_49,262,279,
4757,51,4200000,0,user_49,260,279,
5853,50,4200000,46500,user_37,266,279,
4927,57,3600000,75000,user_30,262,279,
6644,55,3600000,0,user_40,269,279,
6634,54,3600000,256000,user_31,269,279,
6916,56,3600000,0,user_47,270,279,
5110,59,3500001,0,user_1,263,279,4944
5125,60,3500001,0,user_12,263,279,4944
5138,61,3500001,0,user_26,263,279,4944
4944,65,3500000,161000,user_47,262,279,
6918,64,3500000,410000,user_47,270,279,
5111,66,3499999,0,user_2,263,279,4944
5317,73,3499999,0,user_8,264,279,4944
5128,67,3499999,0,user_13,263,279,4944
5133,71,3499999,0,user_18,263,279,4944
5129,69,3499999,0,user_15,263,279,4944
5130,70,3499999,0,user_15,263,279,4944
5321,72,3499999,0,user_9,264,279,4944
5117,68,3499999,0,user_6,263,279,4944
7517,78,3200000,0,user_44,272,279,
6376,77,3200000,0,user_39,268,279,
7208,81,2600000,0,user_44,271,279,
5362,82,2600000,0,user_44,264,279,
7843,84,2500000,0,user_45,273,279,
6127,88,2500000,0,user_46,267,279,
6118,86,2500000,0,user_37,267,279,
6631,85,2500000,0,user_28,269,279,
4947,87,2500000,0,user_47,262,279,
7201,92,2300000,0,user_36,271,279,
5154,91,2300000,0,user_42,263,279,
5140,96,2100000,11200,user_27,263,279,
7830,93,2100000,0,user_33,273,279,
5336,89,2000001,0,user_16,264,277,4770
5544,95,2000001,0,user_1,265,278,4770
5113,91,2000001,0,user_4,263,277,4770
5118,92,2000001,0,user_7,263,277,4770
5132,93,2000001,0,user_17,263,277,4770
5568,98,2000001,0,user_12,265,279,4770
5579,99,2000001,0,user_19,265,279,4770
5582,99,2000001,0,user_20,265,278,4770
4779,97,2000001,0,user_12,261,277,4770
5114,98,2000001,0,user_6,263,277,4770
5586,97,2000001,0,user_25,265,278,4770
5587,98,2000001,0,user_26,265,278,4770
5823,95,2000001,0,user_8,266,276,4770
7202,98,2000000,0,user_36,271,276,
6386,89,2000000,0,user_47,268,274,
6368,90,2000000,0,user_34,268,274,
5156,99,2000000,0,user_44,263,276,
4723,93,2000000,0,user_16,260,274,
4736,92,2000000,0,user_28,260,274,
4740,94,2000000,0,user_34,260,274,
4770,99,2000000,350000,user_0,261,275,
4800,98,2000000,0,user_32,261,275,
4803,96,2000000,0,user_36,261,274,
5858,97,2000000,0,user_40,266,275,
6657,95,2000000,0,user_48,269,275,
6637,96,2000000,0,user_34,269,275,
5135,93,1999999,0,user_23,263,273,4770
5570,94,1999999,0,user_13,265,273,4770
5543,95,1999999,0,user_0,265,273,4770
5580,96,1999999,0,user_19,265,273,4770
5581,97,1999999,0,user_19,265,273,4770
5116,98,1999999,0,user_6,263,273,4770
5555,99,1999999,0,user_6,265,273,4770
6645,1,43000000,0,user_40,269,279,
6125,2,43000000,0,user_44,267,279,
8173,3,30000000,0,user_44,274,279,
6372,9,27000000,0,user_37,268,279,
4931,8,27000000,0,user_33,262,279,
6107,7,27000000,0,user_28,267,279,
8155,6,27000000,0,user_27,274,279,
6914,12,19000000,0,user_44,270,279,
4726,13,19000000,0,user_19,260,279,
5594,15,6300000,0,user_31,265,279,
5349,21,6300000,0,user_29,264,279,
5360,22,6300000,0,user_43,264,279,
4737,18,6300000,0,user_29,260,279,
4806,17,6300000,0,user_37,261,279,
5153,19,6300000,0,user_42,263,279,
5347,20,6300000,5630,user_27,264,279,
5841,16,6300000,0,user_29,266,279,
6641,24,6100000,0,user_37,269,279,
6647,25,6100000,0,user_41,269,279,
5863,26,6100000,0,user_45,266,279,
4743,28,6100000,0,user_36,260,279,
5842,27,6100000,0,user_30,266,279,
5593,30,5200000,21800,user_30,265,279,
5364,34,5200000,0,user_46,264,279,
5352,33,5200000,0,user_34,264,279,
4948,31,5200000,0,user_48,262,279,
4924,32,5200000,0,user_27,262,279,
7835,37,5000000,0,user_38,273,279,
5369,40,5000000,0,user_48,264,279,
4724,38,5000000,0,user_16,260,279,
5143,39,5000000,0,user_31,263,279,
8156,41,4500000,510000,user_28,274,279,
8167,42,4500000,215000,user_37,274,279,
6119,46,4500000,0,user_38,267,279,
6378,47,4500000,0,user_40,268,279,
6649,43,4500000,256000,user_42,269,279,
5614,45,4500000,0,user_48,265,279,
7209,44,4500000,32900,user_45,271,279,
7505,48,4500000,0,user_27,272,279,
5853,50,4200000,46500,user_37,266,279,
4757,51,4200000,0,user_49,260,279,
4949,52,4200000,0,user_49,262,279,
6644,55,3600000,0,user_40,269,279,
6634,54,3600000,256000,user_31,269,279,
4927,57,3600000,75000,user_30,262,279,
6916,56,3600000,0,user_47,270,279,
5110,59,3500001,0,user_1,263,279,4944
5125,60,3500001,0,user_12,263,279,4944
5138,61,3500001,0,user_26,263,279,4944
7836,63,3500000,0,user_38,273,279,
4944,65,3500000,161000,user_47,262,279,
6918,64,3500000,410000,user_47,270,279,
5317,73,3499999,0,user_8,264,279,4944
5321,72,3499999,0,user_9,264,279,4944
5111,66,3499999,0,user_2,263,279,4944
5129,69,3499999,0,user_15,263,279,4944
5130,70,3499999,0,user_15,263,279,4944
5128,67,3499999,0,user_13,263,279,4944
5133,71,3499999,0,user_18,263,279,4944
5117,68,3499999,0,user_6,263,279,4944
7828,76,3200000,0,user_31,273,279,
7837,74,3200000,0,user_38,273,279,
6376,77,3200000,0,user_39,268,279,
7517,78,3200000,0,user_44,272,279,
5362,82,2600000,0,user_44,264,279,
7208,81,2600000,0,user_44,271,279,
7843,84,2500000,0,user_45,273,279,
6631,85,2500000,0,user_28,269,279,
6118,86,2500000,0,user_37,267,279,
6127,88,2500000,0,user_46,267,279,
4947,87,2500000,0,user_47,262,279,
5154,91,2300000,0,user_42,263,279,
7201,92,2300000,0,user_36,271,279,
7830,93,2100000,0,user_33,273,279,
5140,96,2100000,11200,user_27,263,279,
5544,95,2000001,0,user_1,265,278,4770
5568,98,2000001,0,user_12,265,279,4770
5586,97,2000001,0,user_25,265,278,4770
5587,98,2000001,0,user_26,265,278,4770
5582,99,2000001,0,user_20,265,278,4770
5336,89,2000001,0,user_16,264,277,4770
5579,99,2000001,0,user_19,265,279,4770
4779,97,2000001,0,user_12,261,277,4770
5113,91,2000001,0,user_4,263,277,4770
5118,92,2000001,0,user_7,263,277,4770
5132,93,2000001,0,user_17,263,277,4770
5114,98,2000001,0,user_6,263,277,4770
5823,95,2000001,0,user_8,266,276,4770
6657,95,2000000,0,user_48,269,275,
6386,89,2000000,0,user_47,268,274,
6368,90,2000000,0,user_34,268,274,
6637,96,2000000,0,user_34,269,275,
4736,92,2000000,0,user_28,260,274,
4723,93,2000000,0,user_16,260,274,
4740,94,2000000,0,user_34,260,274,
4770,99,2000000,350000,user_0,261,275,
4803,96,2000000,0,user_36,261,274,
4800,98,2000000,0,user_32,261,275,
5156,99,2000000,0,user_44,263,276,
5858,97,2000000,0,user_40,266,275,
6645,1,43000000,0,user_40,269,279,
6125,2,43000000,0,user_44,267,279,
8173,3,30000000,0,user_44,274,279,
8155,6,27000000,0,user_27,274,279,
6107,7,27000000,0,user_28,267,279,
4931,8,27000000,0,user_33,262,279,
6372,9,27000000,0,user_37,268,279,
6914,12,19000000,0,user_44,270,279,
4726,13,19000000,0,user_19,260,279,
5594,15,6300000,0,user_31,265,279,
5841,16,6300000,0,user_29,266,279,
4806,17,6300000,0,user_37,261,279,
4737,18,6300000,0,user_29,260,279,
5153,19,6300000,0,user_42,263,279,
5347,20,6300000,5630,user_27,264,279,
5349,21,6300000,0,user_29,264,279,
5360,22,6300000,0,user_43,264,279,
6641,24,6100000,0,user_37,269,279,
6647,25,6100000,0,user_41,269,279,
5863,26,6100000,0,user_45,266,279,
5842,27,6100000,0,user_30,266,279,
4743,28,6100000,0,user_36,260,279,
5593,30,5200000,21800,user_30,265,279,
4948,31,5200000,0,user_48,262,279,
4924,32,5200000,0,user_27,262,279,
5352,33,5200000,0,user_34,264,279,
5364,34,5200000,0,user_46,264,279,
7835,37,5000000,0,user_38,273,279,
4724,38,5000000,0,user_16,260,279,
5143,39,5000000,0,user_31,263,279,
5369,40,5000000,0,user_48,264,279,
8156,41,4500000,510000,user_28,274,279,
8167,42,4500000,215000,user_37,274,279,
6649,43,4500000,256000,user_42,269,279,
7209,44,4500000,32900,user_45,271,279,
5614,45,4500000,0,user_48,265,279,
6119,46,4500000,0,user_38,267,279,
6378,47,4500000,0,user_40,268,279,
7505,48,4500000,0,user_27,272,279,
5853,50,4200000,46500,user_37,266,279,
4757,51,4200000,0,user_49,260,279,
4949,52,4200000,0,user_49,262,279,
8540,53,4200000,0,user_48,275,279,
6634,54,3600000,256000,user_31,269,279,
6644,55,3600000,0,user_40,269,279,
6916,56,3600000,0,user_47,270,279,
4927,57,3600000,75000,user_30,262,279,
5110,59,3500001,0,user_1,263,279,4944
5125,60,3500001,0,user_12,263,279,4944
5138,61,3500001,0,user_26,263,279,4944
7836,63,3500000,0,user_38,273,279,
6918,64,3500000,410000,user_47,270,279,
4944,65,3500000,161000,user_47,262,279,
5111,66,3499999,0,user_2,263,279,4944
5128,67,3499999,0,user_13,263,279,4944
5117,68,3499999,0,user_6,263,279,4944
5129,69,3499999,0,user_15,263,279,4944
5130,70,3499999,0,user_15,263,279,4944
5133,71,3499999,0,user_18,263,279,4944
5321,72,3499999,0,user_9,264,279,4944
5317,73,3499999,0,user_8,264,279,4944
7837,74,3200000,0,user_38,273,279,
8159,75,3200000,0,user_31,274,279,
7828,76,3200000,0,user_31,273,279,
6376,77,3200000,0,user_39,268,279,
7517,78,3200000,0,user_44,272,279,
7208,81,2600000,0,user_44,271,279,
5362,82,2600000,0,user_44,264,279,
7843,84,2500000,0,user_45,273,279,
6631,85,2500000,0,user_28,269,279,
6118,86,2500000,0,user_37,267,279,
4947,87,2500000,0,user_47,262,279,
6127,88,2500000,0,user_46,267,279,
8542,90,2400000,0,user_48,275,279,
5154,91,2300000,0,user_42,263,279,
7201,92,2300000,0,user_36,271,279,
7830,93,2100000,0,user_33,273,279,
8163,94,2100000,769000,user_35,274,279,
8534,95,2100000,0,user_45,275,279,
5140,96,2100000,11200,user_27,263,279,
8541,97,2100000,0,user_48,275,279,
5568,98,2000001,0,user_12,265,279,4770
5579,99,2000001,0,user_19,265,279,4770
5582,99,2000001,0,user_20,265,278,4770
5586,97,2000001,0,user_25,265,278,4770
5587,98,2000001,0,user_26,265,278,4770
5823,95,2000001,0,user_8,266,276,4770
4779,97,2000001,0,user_12,261,277,4770
5113,91,2000001,0,user_4,263,277,4770
5114,98,2000001,0,user_6,263,277,4770
5118,92,2000001,0,user_7,263,277,4770
5132,93,2000001,0,user_17,263,277,4770
5336,89,2000001,0,user_16,264,277,4770
5544,95,2000001,0,user_1,265,278,4770
8532,96,2000000,0,user_44,275,276,
6657,95,2000000,0,user_48,269,275,
6637,96,2000000,0,user_34,269,275,
5858,97,2000000,0,user_40,266,275,
4800,98,2000000,0,user_32,261,275,
4770,99,2000000,350000,user_0,261,275,
6125,2,43000000,0,user_44,267,279,
6645,1,43000000,0,user_40,269,279,
8173,3,30000000,0,user_44,274,279,
6107,7,27000000,0,user_28,267,279,
6372,9,27000000,0,user_37,268,279,
4931,8,27000000,0,user_33,262,279,
8155,6,27000000,0,user_27,274,279,
4726,13,19000000,0,user_19,260,279,
6914,12,19000000,0,user_44,270,279,
5153,19,6300000,0,user_42,263,279,
4806,17,6300000,0,user_37,261,279,
4737,18,6300000,0,user_29,260,279,
5349,21,6300000,0,user_29,264,279,
5360,22,6300000,0,user_43,264,279,
5347,20,6300000,5630,user_27,264,279,
5594,15,6300000,0,user_31,265,279,
5841,16,6300000,0,user_29,266,279,
8908,23,6300000,594000,user_34,276,279,
4743,28,6100000,0,user_36,260,279,
5842,27,6100000,0,user_30,266,279,
5863,26,6100000,0,user_45,266,279,
6641,24,6100000,0,user_37,269,279,
6647,25,6100000,0,user_41,269,279,
8917,29,6100000,0,user_42,276,279,
4924,32,5200000,0,user_27,262,279,
4948,31,5200000,0,user_48,262,279,
5364,34,5200000,0,user_46,264,279,
5352,33,5200000,0,user_34,264,279,
5593,30,5200000,21800,user_30,265,279,
5143,39,5000000,0,user_31,263,279,
4724,38,5000000,0,user_16,260,279,
5369,40,5000000,0,user_48,264,279,
7835,37,5000000,0,user_38,273,279,
7209,44,4500000,32900,user_45,271,279,
6119,46,4500000,0,user_38,267,279,
5614,45,4500000,0,user_48,265,279,
6378,47,4500000,0,user_40,268,279,
6649,43,4500000,256000,user_42,269,279,
7505,48,4500000,0,user_27,272,279,
8167,42,4500000,215000,user_37,274,279,
8156,41,4500000,510000,user_28,274,279,
8540,53,4200000,0,user_48,275,279,
4949,52,4200000,0,user_49,262,279,
4757,51,4200000,0,user_49,260,279,
5853,50,4200000,46500,user_37,266,279,
4927,57,3600000,75000,user_30,262,279,
6634,54,3600000,256000,user_31,269,279,
6644,55,3600000,0,user_40,269,279,
6916,56,3600000,0,user_47,270,279,
5125,60,3500001,0,user_12,263,279,4944
5138,61,3500001,0,user_26,263,279,4944
5110,59,3500001,0,user_1,263,279,4944
4944,65,3500000,161000,user_47,262,279,
6918,64,3500000,410000,user_47,270,279,
7836,63,3500000,0,user_38,273,279,
5128,67,3499999,0,user_13,263,279,4944
5117,68,3499999,0,user_6,263,279,4944
5129,69,3499999,0,user_15,263,279,4944
5130,70,3499999,0,user_15,263,279,4944
5133,71,3499999,0,user_18,263,279,4944
5111,66,3499999,0,user_2,263,279,4944
5317,73,3499999,0,user_8,264,279,4944
5321,72,3499999,0,user_9,264,279,4944
7517,78,3200000,0,user_44,272,279,
6376,77,3200000,0,user_39,268,279,
7828,76,3200000,0,user_31,273,279,
7837,74,3200000,0,user_38,273,279,
8159,75,3200000,0,user_31,274,279,
7208,81,2600000,0,user_44,271,279,
5362,82,2600000,0,user_44,264,279,
6127,88,2500000,0,user_46,267,279,
6118,86,2500000,0,user_37,267,279,
4947,87,2500000,0,user_47,262,279,
6631,85,2500000,0,user_28,269,279,
7843,84,2500000,0,user_45,273,279,
8542,90,2400000,0,user_48,275,279,
7201,92,2300000,0,user_36,271,279,
5154,91,2300000,0,user_42,263,279,
8163,94,2100000,769000,user_35,274,279,
8541,97,2100000,0,user_48,275,279,
8534,95,2100000,0,user_45,275,279,
5140,96,2100000,11200,user_27,263,279,
7830,93,2100000,0,user_33,273,279,
5113,91,2000001,0,user_4,263,277,4770
5114,98,2000001,0,user_6,263,277,4770
5118,92,2000001,0,user_7,263,277,4770
5132,93,2000001,0,user_17,263,277,4770
4779,97,2000001,0,user_12,261,277,4770
5336,89,2000001,0,user_16,264,277,4770
5544,95,2000001,0,user_1,265,278,4770
5568,98,2000001,0,user_12,265,279,4770
5582,99,2000001,0,user_20,265,278,4770
5579,99,2000001,0,user_19,265,279,4770
5586,97,2000001,0,user_25,265,278,4770
5587,98,2000001,0,user_26,265,278,4770
5823,95,2000001,0,user_8,266,276,4770
8532,96,2000000,0,user_44,275,276,
8520,97,2000000,0,user_29,275,276,
7202,98,2000000,0,user_36,271,276,
5156,99,2000000,0,user_44,263,276,
9304,0,43000000,410000,user_45,277,279,
6125,2,43000000,0,user_44,267,279,
6645,1,43000000,0,user_40,269,279,
8173,3,30000000,0,user_44,274,279,
9302,4,27000000,0,user_44,277,279,
9305,5,27000000,0,user_45,277,279,
6372,9,27000000,0,user_37,268,279,
6107,7,27000000,0,user_28,267,279,
4931,8,27000000,0,user_33,262,279,
8155,6,27000000,0,user_27,274,279,
4726,13,19000000,0,user_19,260,279,
6914,12,19000000,0,user_44,270,279,
8908,23,6300000,594000,user_34,276,279,
5349,21,6300000,0,user_29,264,279,
5360,22,6300000,0,user_43,264,279,
5347,20,6300000,5630,user_27,264,279,
4737,18,6300000,0,user_29,260,279,
4806,17,6300000,0,user_37,261,279,
5153,19,6300000,0,user_42,263,279,
5594,15,6300000,0,user_31,265,279,
5841,16,6300000,0,user_29,266,279,
8917,29,6100000,0,user_42,276,279,
6641,24,6100000,0,user_37,269,279,
4743,28,6100000,0,user_36,260,279,
5863,26,6100000,0,user_45,266,279,
5842,27,6100000,0,user_30,266,279,
6647,25,6100000,0,user_41,269,279,
5364,34,5200000,0,user_46,264,279,
5352,33,5200000,0,user_34,264,279,
4924,32,5200000,0,user_27,262,279,
4948,31,5200000,0,user_48,262,279,
5593,30,5200000,21800,user_30,265,279,
7835,37,5000000,0,user_38,273,279,
5369,40,5000000,0,user_48,264,279,
5143,39,5000000,0,user_31,263,279,
4724,38,5000000,0,user_16,260,279,
9288,35,5000000,0,user_33,277,279,
8156,41,4500000,510000,user_28,274,279,
8167,42,4500000,215000,user_37,274,279,
7505,48,4500000,0,user_27,272,279,
7209,44,4500000,32900,user_45,271,279,
6378,47,4500000,0,user_40,268,279,
6119,46,4500000,0,user_38,267,279,
5614,45,4500000,0,user_48,265,279,
6649,43,4500000,256000,user_42,269,279,
8540,53,4200000,0,user_48,275,279,
4949,52,4200000,0,user_49,262,279,
4757,51,4200000,0,user_49,260,279,
5853,50,4200000,46500,user_37,266,279,
4927,57,3600000,75000,user_30,262,279,
6644,55,3600000,0,user_40,269,279,
6634,54,3600000,256000,user_31,269,279,
6916,56,3600000,0,user_47,270,279,
5110,59,3500001,0,user_1,263,279,4944
5125,60,3500001,0,user_12,263,279,4944
5138,61,3500001,0,user_26,263,279,4944
7836,63,3500000,0,user_38,273,279,
4944,65,3500000,161000,user_47,262,279,
6918,64,3500000,410000,user_47,270,279,
5111,66,3499999,0,user_2,263,279,4944
5317,73,3499999,0,user_8,264,279,4944
5128,67,3499999,0,user_13,263,279,4944
5133,71,3499999,0,user_18,263,279,4944
5129,69,3499999,0,user_15,263,279,4944
5130,70,3499999,0,user_15,263,279,4944
5321,72,3499999,0,user_9,264,279,4944
5117,68,3499999,0,user_6,263,279,4944
7828,76,3200000,0,user_31,273,279,
7837,74,3200000,0,user_38,273,279,
8159,75,3200000,0,user_31,274,279,
7517,78,3200000,0,user_44,272,279,
6376,77,3200000,0,user_39,268,279,
7208,81,2600000,0,user_44,271,279,
5362,82,2600000,0,user_44,264,279,
9300,80,2600000,71800,user_41,277,279,
7843,84,2500000,0,user_45,273,279,
6127,88,2500000,0,user_46,267,279,
6118,86,2500000,0,user_37,267,279,
6631,85,2500000,0,user_28,269,279,
4947,87,2500000,0,user_47,262,279,
8542,90,2400000,0,user_48,275,279,
8905,89,2400000,0,user_31,276,279,
7201,92,2300000,0,user_36,271,279,
5154,91,2300000,0,user_42,263,279,
7830,93,2100000,0,user_33,273,279,
8163,94,2100000,769000,user_35,274,279,
8541,97,2100000,0,user_48,275,279,
8534,95,2100000,0,user_45,275,279,
5140,96,2100000,11200,user_27,263,279,
5336,89,2000001,0,user_16,264,277,4770
5544,95,2000001,0,user_1,265,278,4770
5113,91,2000001,0,user_4,263,277,4770
5118,92,2000001,0,user_7,263,277,4770
5132,93,2000001,0,user_17,263,277,4770
5568,98,2000001,0,user_12,265,279,4770
5579,99,2000001,0,user_19,265,279,4770
5582,99,2000001,0,user_20,265,278,4770
4779,97,2000001,0,user_12,261,277,4770
5114,98,2000001,0,user_6,263,277,4770
5586,97,2000001,0,user_25,265,278,4770
6645,1,43000000,0,user_40,269,279,
6125,2,43000000,0,user_44,267,279,
9304,0,43000000,410000,user_45,277,279,
8173,3,30000000,0,user_44,274,279,
6372,9,27000000,0,user_37,268,279,
4931,8,27000000,0,user_33,262,279,
6107,7,27000000,0,user_28,267,279,
8155,6,27000000,0,user_27,274,279,
9305,5,27000000,0,user_45,277,279,
9302,4,27000000,0,user_44,277,279,
9691,10,19000000,0,user_44,278,279,
6914,12,19000000,0,user_44,270,279,
4726,13,19000000,0,user_19,260,279,
9697,11,19000000,0,user_47,278,279,
5594,15,6300000,0,user_31,265,279,
5349,21,6300000,0,user_29,264,279,
5360,22,6300000,0,user_43,264,279,
4737,18,6300000,0,user_29,260,279,
4806,17,6300000,0,user_37,261,279,
5153,19,6300000,0,user_42,263,279,
5347,20,6300000,5630,user_27,264,279,
5841,16,6300000,0,user_29,266,279,
8908,23,6300000,594000,user_34,276,279,
6641,24,6100000,0,user_37,269,279,
6647,25,6100000,0,user_41,269,279,
5863,26,6100000,0,user_45,266,279,
4743,28,6100000,0,user_36,260,279,
5842,27,6100000,0,user_30,266,279,
8917,29,6100000,0,user_42,276,279,
5593,30,5200000,21800,user_30,265,279,
5364,34,5200000,0,user_46,264,279,
5352,33,5200000,0,user_34,264,279,
4948,31,5200000,0,user_48,262,279,
4924,32,5200000,0,user_27,262,279,
7835,37,5000000,0,user_38,273,279,
5369,40,5000000,0,user_48,264,279,
4724,38,5000000,0,user_16,260,279,
5143,39,5000000,0,user_31,263,279,
9288,35,5000000,0,user_33,277,279,
9676,36,5000000,0,user_29,278,279,
8156,41,4500000,510000,user_28,274,279,
8167,42,4500000,215000,user_37,274,279,
6119,46,4500000,0,user_38,267,279,
6378,47,4500000,0,user_40,268,279,
6649,43,4500000,256000,user_42,269,279,
5614,45,4500000,0,user_48,265,279,
7209,44,4500000,32900,user_45,271,279,
7505,48,4500000,0,user_27,272,279,
9693,49,4200000,0,user_44,278,279,
5853,50,4200000,46500,user_37,266,279,
4757,51,4200000,0,user_49,260,279,
4949,52,4200000,0,user_49,262,279,
8540,53,4200000,0,user_48,275,279,
6644,55,3600000,0,user_40,269,279,
6634,54,3600000,256000,user_31,269,279,
4927,57,3600000,75000,user_30,262,279,
6916,56,3600000,0,user_47,270,279,
5110,59,3500001,0,user_1,263,279,4944
5125,60,3500001,0,user_12,263,279,4944
5138,61,3500001,0,user_26,263,279,4944
7836,63,3500000,0,user_38,273,279,
4944,65,3500000,161000,user_47,262,279,
6918,64,3500000,410000,user_47,270,279,
9701,62,3500000,0,user_48,278,279,
5317,73,3499999,0,user_8,264,279,4944
5321,72,3499999,0,user_9,264,279,4944
5111,66,3499999,0,user_2,263,279,4944
5129,69,3499999,0,user_15,263,279,4944
5130,70,3499999,0,user_15,263,279,4944
5128,67,3499999,0,user_13,263,279,4944
5133,71,3499999,0,user_18,263,279,4944
5117,68,3499999,0,user_6,263,279,4944
7828,76,3200000,0,user_31,273,279,
7837,74,3200000,0,user_38,273,279,
6376,77,3200000,0,user_39,268,279,
7517,78,3200000,0,user_44,272,279,
8159,75,3200000,0,user_31,274,279,
5362,82,2600000,0,user_44,264,279,
7208,81,2600000,0,user_44,271,279,
9300,80,2600000,71800,user_41,277,279,
7843,84,2500000,0,user_45,273,279,
6631,85,2500000,0,user_28,269,279,
6118,86,2500000,0,user_37,267,279,
6127,88,2500000,0,user_46,267,279,
4947,87,2500000,0,user_47,262,279,
9681,83,2500000,0,user_34,278,279,
8542,90,2400000,0,user_48,275,279,
8905,89,2400000,0,user_31,276,279,
5154,91,2300000,0,user_42,263,279,
7201,92,2300000,0,user_36,271,279,
7830,93,2100000,0,user_33,273,279,
5140,96,2100000,11200,user_27,263,279,
8163,94,2100000,769000,user_35,274,279,
8534,95,2100000,0,user_45,275,279,
8541,97,2100000,0,user_48,275,279,
5544,95,2000001,0,user_1,265,278,4770
5568,98,2000001,0,user_12,265,279,4770
5586,97,2000001,0,user_25,265,278,4770
5587,98,2000001,0,user_26,265,278,4770
5582,99,2000001,0,user_20,265,278,4770
9304,0,43000000,410000,user_45,277,279,
6645,1,43000000,0,user_40,269,279,
6125,2,43000000,0,user_44,267,279,
8173,3,30000000,0,user_44,274,279,
9302,4,27000000,0,user_44,277,279,
9305,5,27000000,0,user_45,277,279,
8155,6,27000000,0,user_27,274,279,
6107,7,27000000,0,user_28,267,279,
4931,8,27000000,0,user_33,262,279,
6372,9,27000000,0,user_37,268,279,
9691,10,19000000,0,user_44,278,279,
9697,11,19000000,0,user_47,278,279,
6914,12,19000000,0,user_44,270,279,
4726,13,19000000,0,user_19,260,279,
10103,14,19000000,0,user_48,279,279,
5594,15,6300000,0,user_31,265,279,
5841,16,6300000,0,user_29,266,279,
4806,17,6300000,0,user_37,261,279,
4737,18,6300000,0,user_29,260,279,
5153,19,6300000,0,user_42,263,279,
5347,20,6300000,5630,user_27,264,279,
5349,21,6300000,0,user_29,264,279,
5360,22,6300000,0,user_43,264,279,
8908,23,6300000,594000,user_34,276,279,
6641,24,6100000,0,user_37,269,279,
6647,25,6100000,0,user_41,269,279,
5863,26,6100000,0,user_45,266,279,
5842,27,6100000,0,user_30,266,279,
4743,28,6100000,0,user_36,260,279,
8917,29,6100000,0,user_42,276,279,
5593,30,5200000,21800,user_30,265,279,
4948,31,5200000,0,user_48,262,279,
4924,32,5200000,0,user_27,262,279,
5352,33,5200000,0,user_34,264,279,
5364,34,5200000,0,user_46,264,279,
9288,35,5000000,0,user_33,277,279,
9676,36,5000000,0,user_29,278,279,
7835,37,5000000,0,user_38,273,279,
4724,38,5000000,0,user_16,260,279,
5143,39,5000000,0,user_31,263,279,
5369,40,5000000,0,user_48,264,279,
8156,41,4500000,510000,user_28,274,279,
8167,42,4500000,215000,user_37,274,279,
6649,43,4500000,256000,user_42,269,279,
7209,44,4500000,32900,user_45,271,279,
5614,45,4500000,0,user_48,265,279,
6119,46,4500000,0,user_38,267,279,
6378,47,4500000,0,user_40,268,279,
7505,48,4500000,0,user_27,272,279,
9693,49,4200000,0,user_44,278,279,
5853,50,4200000,46500,user_37,266,279,
4757,51,4200000,0,user_49,260,279,
4949,52,4200000,0,user_49,262,279,
8540,53,4200000,0,user_48,275,279,
6634,54,3600000,256000,user_31,269,279,
6644,55,3600000,0,user_40,269,279,
6916,56,3600000,0,user_47,270,279,
4927,57,3600000,75000,user_30,262,279,
10092,58,3600000,0,user_34,279,279,
5110,59,3500001,0,user_1,263,279,4944
5125,60,3500001,0,user_12,263,279,4944
5138,61,3500001,0,user_26,263,279,4944
9701,62,3500000,0,user_48,278,279,
7836,63,3500000,0,user_38,273,279,
6918,64,3500000,410000,user_47,270,279,
4944,65,3500000,161000,user_47,262,279,
5111,66,3499999,0,user_2,263,279,4944
5128,67,3499999,0,user_13,263,279,4944
5117,68,3499999,0,user_6,263,279,4944
5129,69,3499999,0,user_15,263,279,4944
5130,70,3499999,0,user_15,263,279,4944
5133,71,3499999,0,user_18,263,279,4944
5321,72,3499999,0,user_9,264,279,4944
5317,73,3499999,0,user_8,264,279,4944
7837,74,3200000,0,user_38,273,279,
8159,75,3200000,0,user_31,274,279,
7828,76,3200000,0,user_31,273,279,
6376,77,3200000,0,user_39,268,279,
7517,78,3200000,0,user_44,272,279,
10096,79,3200000,0,user_39,279,279,
9300,80,2600000,71800,user_41,277,279,
7208,81,2600000,0,user_44,271,279,
5362,82,2600000,0,user_44,264,279,
9681,83,2500000,0,user_34,278,279,
7843,84,2500000,0,user_45,273,279,
6631,85,2500000,0,user_28,269,279,
6118,86,2500000,0,user_37,267,279,
4947,87,2500000,0,user_47,262,279,
6127,88,2500000,0,user_46,267,279,
8905,89,2400000,0,user_31,276,279,
8542,90,2400000,0,user_48,275,279,
5154,91,2300000,0,user_42,263,279,
7201,92,2300000,0,user_36,271,279,
7830,93,2100000,0,user_33,273,279,
8163,94,2100000,769000,user_35,274,279,
8534,95,2100000,0,user_45,275,279,
5140,96,2100000,11200,user_27,263,279,
8541,97,2100000,0,user_48,275,279,
5568,98,2000001,0,user_12,265,279,4770
5579,99,2000001,0,user_19,265,279,4770
4726,13,19000000,0,user_19,280,299,
4737,18,6300000,0,user_29,280,299,
4743,28,6100000,0,user_36,280,299,
4724,38,5000000,0,user_16,280,299,
4736,92,2000000,0,user_28,280,294,
4723,93,2000000,0,user_16,280,294,
4740,94,2000000,0,user_34,280,294,
4734,97,1900000,0,user_24,280,290,
4731,97,1700000,0,user_23,280,289,
4735,94,1500000,128000,user_27,280,287,
4730,94,1400000,0,user_23,280,285,
4732,95,1400000,0,user_23,280,285,
4749,96,1400000,0,user_42,280,285,
4713,99,1300000,0,user_4,280,285,
4753,84,1000000,0,user_44,280,284,
4751,83,1000000,0,user_42,280,284,
4714,74,670000,0,user_6,280,283,
4715,78,530000,0,user_7,280,283,
4717,79,470000,0,user_9,280,283,
4752,85,350000,0,user_42,280,283,
4716,88,320000,0,user_8,280,283,
4722,90,310000,0,user_16,280,283,
4754,69,260000,0,user_45,280,282,
4755,68,260000,0,user_48,280,282,
4729,74,170000,0,user_23,280,282,
4725,77,160000,0,user_16,280,282,
4733,78,160000,0,user_24,280,282,
4745,84,120000,0,user_40,280,282,
4750,85,120000,0,user_42,280,282,
4747,65,110000,33300,user_41,280,281,
4718,72,100000,0,user_11,280,281,
4719,73,100000,0,user_11,280,281,
4721,75,82000,0,user_14,280,281,
4728,74,82000,0,user_23,280,281,
4746,76,82000,0,user_40,280,281,
4727,77,80000,0,user_20,280,281,
4748,80,73000,195000,user_42,280,281,
4720,37,70000,0,user_13,280,280,
4737,18,6300000,0,user_29,280,299,
4806,17,6300000,0,user_37,281,299,
4743,28,6100000,0,user_36,280,299,
4724,38,5000000,0,user_16,280,299,
4757,51,4200000,0,user_49,280,299,
4779,97,2000001,0,user_12,281,297,4770
4723,93,2000000,0,user_16,280,294,
4736,92,2000000,0,user_28,280,294,
4740,94,2000000,0,user_34,280,294,
4770,99,2000000,350000,user_0,281,295,
4800,98,2000000,0,user_32,281,295,
4803,96,2000000,0,user_36,281,294,
4734,97,1900000,0,user_24,280,290,
4731,97,1700000,0,user_23,280,289,
4780,98,1500001,0,user_14,281,288,4735
4793,99,1500001,0,user_22,281,288,4735
4735,94,1500000,128000,user_27,280,287,
4771,99,1499999,0,user_1,281,287,4735
4792,94,1499999,0,user_21,281,286,4735
4794,95,1499999,0,user_22,281,286,4735
4786,96,1499999,0,user_17,281,286,4735
4787,97,1499999,0,user_17,281,286,4735
4788,98,1499999,0,user_17,281,286,4735
4730,94,1400000,0,user_23,280,285,
4732,95,1400000,0,user_23,280,285,
4749,96,1400000,0,user_42,280,285,
4769,97,1400000,0,user_0,281,285,
4713,99,1300000,0,user_4,280,285,
4756,82,1100000,0,user_49,280,284,
4741,81,1100000,0,user_35,280,284,
4753,84,1000000,0,user_44,280,284,
4751,83,1000000,0,user_42,280,284,
4714,74,670000,0,user_6,280,283,
4715,78,530000,0,user_7,280,283,
4717,79,470000,0,user_9,280,283,
4809,81,460000,12300,user_44,281,283,
4739,84,370000,0,user_31,280,283,
4752,85,350000,0,user_42,280,283,
4744,86,340000,0,user_38,280,283,
4716,88,320000,0,user_8,280,283,
4722,90,310000,0,user_16,280,283,
4813,95,300000,71800,user_46,281,283,
4738,67,260000,0,user_31,280,282,
4755,68,260000,0,user_48,280,282,
4754,69,260000,0,user_45,280,282,
4804,70,260000,0,user_37,281,282,
4810,71,240000,0,user_45,281,282,
4799,72,220000,0,user_28,281,282,
4801,73,190000,0,user_33,281,282,
4729,74,170000,0,user_23,280,282,
4807,75,170000,0,user_40,281,282,
4725,77,160000,0,user_16,280,282,
4733,78,160000,0,user_24,280,282,
4811,79,160000,0,user_45,281,282,
4802,80,160000,0,user_33,281,282,
4798,81,160000,0,user_27,281,282,
4805,82,150000,0,user_37,281,282,
4745,84,120000,0,user_40,280,282,
4750,85,120000,0,user_42,280,282,
4812,86,120000,0,user_46,281,282,
4781,91,110001,0,user_14,281,282,4747
4782,93,110001,0,user_15,281,282,4747
4791,92,110001,0,user_21,281,282,4747
4784,94,110001,0,user_17,281,282,4747
4789,95,110001,0,user_18,281,282,4747
4747,65,110000,33300,user_41,280,281,
4742,66,110000,0,user_35,280,281,
4775,67,109999,0,user_6,281,281,4747
4796,68,109999,0,user_25,281,281,4747
4797,69,109999,0,user_26,281,281,4747
4785,70,109999,0,user_17,281,281,4747
4795,71,109999,0,user_24,281,281,4747
4718,72,100000,0,user_11,280,281,
4719,73,100000,0,user_11,280,281,
4728,74,82000,0,user_23,280,281,
4721,75,82000,0,user_14,280,281,
4746,76,82000,0,user_40,280,281,
4727,77,80000,0,user_20,280,281,
4790,78,73001,0,user_20,281,281,4748
4772,79,73001,0,user_3,281,281,4748
4748,80,73000,195000,user_42,280,281,
4774,81,72999,0,user_5,281,281,4748
4777,82,72999,0,user_10,281,281,4748
4773,83,72999,0,user_3,281,281,4748
4776,84,72999,0,user_6,281,281,4748
4778,85,72999,0,user_11,281,281,4748
4783,86,72999,0,user_16,281,281,4748
4931,8,27000000,0,user_33,282,299,
4726,13,19000000,0,user_19,280,299,
4737,18,6300000,0,user_29,280,299,
4806,17,6300000,0,user_37,281,299,
4743,28,6100000,0,user_36,280,299,
4948,31,5200000,0,user_48,282,299,
4924,32,5200000,0,user_27,282,299,
4724,38,5000000,0,user_16,280,299,
4757,51,4200000,0,user_49,280,299,
4927,57,3600000,75000,user_30,282,299,
4944,65,3500000,161000,user_47,282,299,
4947,87,2500000,0,user_47,282,299,
4779,97,2000001,0,user_12,281,297,4770
4736,92,2000000,0,user_28,280,294,
4723,93,2000000,0,user_16,280,294,
4740,94,2000000,0,user_34,280,294,
4770,99,2000000,350000,user_0,281,295,
4803,96,2000000,0,user_36,281,294,
4800,98,2000000,0,user_32,281,295,
4734,97,1900000,0,user_24,280,290,
4731,97,1700000,0,user_23,280,289,
4808,99,1600000,0,user_43,281,289,
4780,98,1500001,0,user_14,281,288,4735
4793,99,1500001,0,user_22,281,288,4735
4922,97,1500001,0,user_24,282,288,4735
4735,94,1500000,128000,user_27,280,287,
4771,99,1499999,0,user_1,281,287,4735
4792,94,1499999,0,user_21,281,286,4735
4794,95,1499999,0,user_22,281,286,4735
4786,96,1499999,0,user_17,281,286,4735
4787,97,1499999,0,user_17,281,286,4735
4788,98,1499999,0,user_17,281,286,4735
4895,99,1499999,0,user_2,282,286,4735
4912,98,1499999,0,user_21,282,287,4735
4730,94,1400000,0,user_23,280,285,
4732,95,1400000,0,user_23,280,285,
4749,96,1400000,0,user_42,280,285,
4769,97,1400000,0,user_0,281,285,
4932,92,1400000,0,user_33,282,285,
4713,99,1300000,0,user_4,280,285,
4756,82,1100000,0,user_49,280,284,
4741,81,1100000,0,user_35,280,284,
4753,84,1000000,0,user_44,280,284,
4751,83,1000000,0,user_42,280,284,
4714,74,670000,0,user_6,280,283,
4939,76,630000,0,user_39,282,283,
4935,77,600000,0,user_37,282,283,
4715,78,530000,0,user_7,280,283,
4717,79,470000,0,user_9,280,283,
4903,80,460001,0,user_11,282,283,4809
4809,81,460000,12300,user_44,281,283,
4902,83,459999,0,user_11,282,283,4809
4739,84,370000,0,user_31,280,283,
4752,85,350000,0,user_42,280,283,
4744,86,340000,0,user_38,280,283,
4716,88,320000,0,user_8,280,283,
4722,90,310000,0,user_16,280,283,
4925,89,310000,0,user_30,282,283,
4907,92,300001,0,user_14,282,283,4813
4921,93,300001,0,user_23,282,283,4813
4901,94,300001,0,user_9,282,283,4813
4813,95,300000,71800,user_46,281,283,
4896,96,299999,0,user_4,282,283,4813
4911,97,299999,0,user_20,282,283,4813
4899,99,299999,0,user_6,282,283,4813
4900,65,299999,0,user_6,282,282,4813
4915,98,299999,0,user_21,282,283,4813
4738,67,260000,0,user_31,280,282,
4755,68,260000,0,user_48,280,282,
4754,69,260000,0,user_45,280,282,
4804,70,260000,0,user_37,281,282,
4810,71,240000,0,user_45,281,282,
4799,72,220000,0,user_28,281,282,
4801,73,190000,0,user_33,281,282,
4729,74,170000,0,user_23,280,282,
4807,75,170000,0,user_40,281,282,
4943,76,170000,4320000,user_47,282,282,
4725,77,160000,0,user_16,280,282,
4733,78,160000,0,user_24,280,282,
4811,79,160000,0,user_45,281,282,
4802,80,160000,0,user_33,281,282,
4798,81,160000,0,user_27,281,282,
4805,82,150000,0,user_37,281,282,
4945,83,150000,0,user_47,282,282,
4745,84,120000,0,user_40,280,282,
4750,85,120000,0,user_42,280,282,
4812,86,120000,0,user_46,281,282,
4814,87,120000,0,user_49,281,282,
4938,88,120000,0,user_39,282,282,
4934,89,120000,0,user_36,282,282,
4946,90,120000,46500,user_47,282,282,
4781,91,110001,0,user_14,281,282,4747
4791,92,110001,0,user_21,281,282,4747
4782,93,110001,0,user_15,281,282,4747
4784,94,110001,0,user_17,281,282,4747
4789,95,110001,0,user_18,281,282,4747
4897,96,110001,0,user_5,282,282,4747
4898,97,110001,0,user_5,282,282,4747
4905,98,110001,0,user_12,282,282,4747
4908,99,110001,0,user_15,282,282,4747
4931,8,27000000,0,user_33,282,299,
4726,13,19000000,0,user_19,280,299,
4806,17,6300000,0,user_37,281,299,
4737,18,6300000,0,user_29,280,299,
5153,19,6300000,0,user_42,283,299,
4743,28,6100000,0,user_36,280,299,
4948,31,5200000,0,user_48,282,299,
4924,32,5200000,0,user_27,282,299,
4724,38,5000000,0,user_16,280,299,
4757,51,4200000,0,user_49,280,299,
4949,52,4200000,0,user_49,282,299,
4927,57,3600000,75000,user_30,282,299,
5110,59,3500001,0,user_1,283,299,4944
5125,60,3500001,0,user_12,283,299,4944
5138,61,3500001,0,user_26,283,299,4944
4944,65,3500000,161000,user_47,282,299,
5111,66,3499999,0,user_2,283,299,4944
5128,67,3499999,0,user_13,283,299,4944
5117,68,3499999,0,user_6,283,299,4944
5129,69,3499999,0,user_15,283,299,4944
5130,70,3499999,0,user_15,283,299,4944
5133,71,3499999,0,user_18,283,299,4944
4947,87,2500000,0,user_47,282,299,
5154,91,2300000,0,user_42,283,299,
5140,96,2100000,11200,user_27,283,299,
4779,97,2000001,0,user_12,281,297,4770
5113,91,2000001,0,user_4,283,297,4770
5114,98,2000001,0,user_6,283,297,4770
5118,92,2000001,0,user_7,283,297,4770
5132,93,2000001,0,user_17,283,297,4770
4800,98,2000000,0,user_32,281,295,
4770,99,2000000,350000,user_0,281,295,
4803,96,2000000,0,user_36,281,294,
5156,99,2000000,0,user_44,283,296,
4723,93,2000000,0,user_16,280,294,
4740,94,2000000,0,user_34,280,294,
4736,92,2000000,0,user_28,280,294,
5116,98,1999999,0,user_6,283,293,4770
5135,93,1999999,0,user_23,283,293,4770
4734,97,1900000,0,user_24,280,290,
4731,97,1700000,0,user_23,280,289,
4808,99,1600000,0,user_43,281,289,
4922,97,1500001,0,user_24,282,288,4735
4780,98,1500001,0,user_14,281,288,4735
4793,99,1500001,0,user_22,281,288,4735
5119,95,1500001,0,user_7,283,288,4735
5124,94,1500001,0,user_12,283,288,4735
5136,96,1500001,0,user_24,283,288,4735
4735,94,1500000,128000,user_27,280,287,
5145,95,1500000,0,user_34,283,287,
5142,96,1500000,0,user_30,283,287,
4912,98,1499999,0,user_21,282,287,4735
4771,99,1499999,0,user_1,281,287,4735
4786,96,1499999,0,user_17,281,286,4735
4787,97,1499999,0,user_17,281,286,4735
4788,98,1499999,0,user_17,281,286,4735
4794,95,1499999,0,user_22,281,286,4735
4792,94,1499999,0,user_21,281,286,4735
4895,99,1499999,0,user_2,282,286,4735
5134,84,1499999,0,user_21,283,285,4735
5137,85,1499999,0,user_25,283,285,4735
4932,92,1400000,0,user_33,282,285,
4769,97,1400000,0,user_0,281,285,
4730,94,1400000,0,user_23,280,285,
4732,95,1400000,0,user_23,280,285,
4749,96,1400000,0,user_42,280,285,
5141,98,1300000,18600,user_28,283,285,
4713,99,1300000,0,user_4,280,285,
4929,80,1200000,0,user_31,282,284,
4741,81,1100000,0,user_35,280,284,
4756,82,1100000,0,user_49,280,284,
4753,84,1000000,0,user_44,280,284,
4751,83,1000000,0,user_42,280,284,
5144,96,910000,7190000,user_32,283,284,
4714,74,670000,0,user_6,280,283,
5139,75,660000,7190000,user_27,283,283,
4939,76,630000,0,user_39,282,283,
4935,77,600000,0,user_37,282,283,
4715,78,530000,0,user_7,280,283,
4717,79,470000,0,user_9,280,283,
4903,80,460001,0,user_11,282,283,4809
4809,81,460000,12300,user_44,281,283,
5152,82,460000,0,user_41,283,283,
4902,83,459999,0,user_11,282,283,4809
4739,84,370000,0,user_31,280,283,
4752,85,350000,0,user_42,280,283,
4744,86,340000,0,user_38,280,283,
5150,87,340000,0,user_37,283,283,
4716,88,320000,0,user_8,280,283,
4925,89,310000,0,user_30,282,283,
4722,90,310000,0,user_16,280,283,
5148,91,310000,0,user_36,283,283,
4907,92,300001,0,user_14,282,283,4813
4921,93,300001,0,user_23,282,283,4813
4901,94,300001,0,user_9,282,283,4813
4813,95,300000,71800,user_46,281,283,
4896,96,299999,0,user_4,282,283,4813
4911,97,299999,0,user_20,282,283,4813
4915,98,299999,0,user_21,282,283,4813
4899,99,299999,0,user_6,282,283,4813
4931,8,27000000,0,user_33,282,299,
4726,13,19000000,0,user_19,280,299,
5153,19,6300000,0,user_42,283,299,
4806,17,6300000,0,user_37,281,299,
4737,18,6300000,0,user_29,280,299,
5349,21,6300000,0,user_29,284,299,
5347,20,6300000,5630,user_27,284,299,
4743,28,6100000,0,user_36,280,299,
4924,32,5200000,0,user_27,282,299,
4948,31,5200000,0,user_48,282,299,
5364,34,5200000,0,user_46,284,299,
5352,33,5200000,0,user_34,284,299,
5143,39,5000000,0,user_31,283,299,
4724,38,5000000,0,user_16,280,299,
5369,40,5000000,0,user_48,284,299,
4949,52,4200000,0,user_49,282,299,
4757,51,4200000,0,user_49,280,299,
4927,57,3600000,75000,user_30,282,299,
5125,60,3500001,0,user_12,283,299,4944
5138,61,3500001,0,user_26,283,299,4944
5110,59,3500001,0,user_1,283,299,4944
4944,65,3500000,161000,user_47,282,299,
5128,67,3499999,0,user_13,283,299,4944
5117,68,3499999,0,user_6,283,299,4944
5129,69,3499999,0,user_15,283,299,4944
5130,70,3499999,0,user_15,283,299,4944
5133,71,3499999,0,user_18,283,299,4944
5111,66,3499999,0,user_2,283,299,4944
5317,73,3499999,0,user_8,284,299,4944
5321,72,3499999,0,user_9,284,299,4944
5362,82,2600000,0,user_44,284,299,
4947,87,2500000,0,user_47,282,299,
5154,91,2300000,0,user_42,283,299,
5140,96,2100000,11200,user_27,283,299,
5113,91,2000001,0,user_4,283,297,4770
5114,98,2000001,0,user_6,283,297,4770
5118,92,2000001,0,user_7,283,297,4770
5132,93,2000001,0,user_17,283,297,4770
4779,97,2000001,0,user_12,281,297,4770
5336,89,2000001,0,user_16,284,297,4770
5156,99,2000000,0,user_44,283,296,
4770,99,2000000,350000,user_0,281,295,
4803,96,2000000,0,user_36,281,294,
4736,92,2000000,0,user_28,280,294,
4723,93,2000000,0,user_16,280,294,
4740,94,2000000,0,user_34,280,294,
4800,98,2000000,0,user_32,281,295,
5116,98,1999999,0,user_6,283,293,4770
5135,93,1999999,0,user_23,283,293,4770
4734,97,1900000,0,user_24,280,290,
5366,96,1800000,0,user_47,284,289,
4731,97,1700000,0,user_23,280,289,
4808,99,1600000,0,user_43,281,289,
5124,94,1500001,0,user_12,283,288,4735
5119,95,1500001,0,user_7,283,288,4735
5136,96,1500001,0,user_24,283,288,4735
4922,97,1500001,0,user_24,282,288,4735
4780,98,1500001,0,user_14,281,288,4735
4793,99,1500001,0,user_22,281,288,4735
5142,96,1500000,0,user_30,283,287,
5145,95,1500000,0,user_34,283,287,
4735,94,1500000,128000,user_27,280,287,
5350,97,1500000,0,user_30,284,287,
5134,84,1499999,0,user_21,283,285,4735
4895,99,1499999,0,user_2,282,286,4735
5137,85,1499999,0,user_25,283,285,4735
4771,99,1499999,0,user_1,281,287,4735
4912,98,1499999,0,user_21,282,287,4735
4792,94,1499999,0,user_21,281,286,4735
4786,96,1499999,0,user_17,281,286,4735
4787,97,1499999,0,user_17,281,286,4735
4788,98,1499999,0,user_17,281,286,4735
4794,95,1499999,0,user_22,281,286,4735
4749,96,1400000,0,user_42,280,285,
4769,97,1400000,0,user_0,281,285,
4932,92,1400000,0,user_33,282,285,
4730,94,1400000,0,user_23,280,285,
4732,95,1400000,0,user_23,280,285,
5141,98,1300000,18600,user_28,283,285,
4713,99,1300000,0,user_4,280,285,
4929,80,1200000,0,user_31,282,284,
4741,81,1100000,0,user_35,280,284,
4756,82,1100000,0,user_49,280,284,
4751,83,1000000,0,user_42,280,284,
4753,84,1000000,0,user_44,280,284,
5353,85,1000000,0,user_36,284,284,
5312,86,910001,0,user_1,284,284,5144
5314,87,910001,0,user_2,284,284,5144
5323,88,910001,0,user_10,284,284,5144
5324,89,910001,0,user_11,284,284,5144
5325,90,910001,0,user_11,284,284,5144
5341,91,910001,0,user_19,284,284,5144
5315,92,910001,0,user_3,284,284,5144
5319,93,910001,0,user_8,284,284,5144
5320,94,910001,0,user_9,284,284,5144
5322,95,910001,0,user_9,284,284,5144
5144,96,910000,7190000,user_32,283,284,
5328,97,909999,0,user_13,284,284,5144
5311,98,909999,0,user_0,284,284,5144
5316,99,909999,0,user_6,284,284,5144
4931,8,27000000,0,user_33,282,299,
4726,13,19000000,0,user_19,280,299,
5349,21,6300000,0,user_29,284,299,
5360,22,6300000,0,user_43,284,299,
5347,20,6300000,5630,user_27,284,299,
4737,18,6300000,0,user_29,280,299,
4806,17,6300000,0,user_37,281,299,
5153,19,6300000,0,user_42,283,299,
4743,28,6100000,0,user_36,280,299,
5364,34,5200000,0,user_46,284,299,
5352,33,5200000,0,user_34,284,299,
4924,32,5200000,0,user_27,282,299,
4948,31,5200000,0,user_48,282,299,
5593,30,5200000,21800,user_30,285,299,
5369,40,5000000,0,user_48,284,299,
5143,39,5000000,0,user_31,283,299,
4724,38,5000000,0,user_16,280,299,
5614,45,4500000,0,user_48,285,299,
4949,52,4200000,0,user_49,282,299,
4757,51,4200000,0,user_49,280,299,
4927,57,3600000,75000,user_30,282,299,
5110,59,3500001,0,user_1,283,299,4944
5125,60,3500001,0,user_12,283,299,4944
5138,61,3500001,0,user_26,283,299,4944
4944,65,3500000,161000,user_47,282,299,
5111,66,3499999,0,user_2,283,299,4944
5317,73,3499999,0,user_8,284,299,4944
5128,67,3499999,0,user_13,283,299,4944
5133,71,3499999,0,user_18,283,299,4944
5129,69,3499999,0,user_15,283,299,4944
5130,70,3499999,0,user_15,283,299,4944
5321,72,3499999,0,user_9,284,299,4944
5117,68,3499999,0,user_6,283,299,4944
5362,82,2600000,0,user_44,284,299,
4947,87,2500000,0,user_47,282,299,
5154,91,2300000,0,user_42,283,299,
5140,96,2100000,11200,user_27,283,299,
5336,89,2000001,0,user_16,284,297,4770
5544,95,2000001,0,user_1,285,298,4770
5113,91,2000001,0,user_4,283,297,4770
5118,92,2000001,0,user_7,283,297,4770
5132,93,2000001,0,user_17,283,297,4770
5568,98,2000001,0,user_12,285,299,4770
5579,99,2000001,0,user_19,285,299,4770
5582,99,2000001,0,user_20,285,298,4770
4779,97,2000001,0,user_12,281,297,4770
5114,98,2000001,0,user_6,283,297,4770
5586,97,2000001,0,user_25,285,298,4770
5587,98,2000001,0,user_26,285,298,4770
5156,99,2000000,0,user_44,283,296,
4723,93,2000000,0,user_16,280,294,
4736,92,2000000,0,user_28,280,294,
4740,94,2000000,0,user_34,280,294,
4770,99,2000000,350000,user_0,281,295,
4800,98,2000000,0,user_32,281,295,
4803,96,2000000,0,user_36,281,294,
5135,93,1999999,0,user_23,283,293,4770
5570,94,1999999,0,user_13,285,293,4770
5543,95,1999999,0,user_0,285,293,4770
5580,96,1999999,0,user_19,285,293,4770
5581,97,1999999,0,user_19,285,293,4770
5116,98,1999999,0,user_6,283,293,4770
5555,99,1999999,0,user_6,285,293,4770
5585,94,1999999,0,user_25,285,291,4770
5575,95,1999999,0,user_17,285,292,4770
5584,99,1999999,0,user_24,285,292,4770
5577,96,1999999,0,user_18,285,292,4770
4734,97,1900000,0,user_24,280,290,
5366,96,1800000,0,user_47,284,289,
4731,97,1700000,0,user_23,280,289,
4808,99,1600000,0,user_43,281,289,
4922,97,1500001,0,user_24,282,288,4735
5124,94,1500001,0,user_12,283,288,4735
5119,95,1500001,0,user_7,283,288,4735
5136,96,1500001,0,user_24,283,288,4735
4780,98,1500001,0,user_14,281,288,4735
4793,99,1500001,0,user_22,281,288,4735
5350,97,1500000,0,user_30,284,287,
5142,96,1500000,0,user_30,283,287,
4735,94,1500000,128000,user_27,280,287,
5145,95,1500000,0,user_34,283,287,
5613,92,1500000,0,user_46,285,287,
4895,99,1499999,0,user_2,282,286,4735
4912,98,1499999,0,user_21,282,287,4735
5134,84,1499999,0,user_21,283,285,4735
5137,85,1499999,0,user_25,283,285,4735
4771,99,1499999,0,user_1,281,287,4735
4792,94,1499999,0,user_21,281,286,4735
4794,95,1499999,0,user_22,281,286,4735
4786,96,1499999,0,user_17,281,286,4735
4787,97,1499999,0,user_17,281,286,4735
4788,98,1499999,0,user_17,281,286,4735
4932,92,1400000,0,user_33,282,285,
5609,93,1400000,0,user_44,285,285,
4730,94,1400000,0,user_23,280,285,
4732,95,1400000,0,user_23,280,285,
4749,96,1400000,0,user_42,280,285,
4769,97,1400000,0,user_0,281,285,
5141,98,1300000,18600,user_28,283,285,
4713,99,1300000,0,user_4,280,285,
4931,8,27000000,0,user_33,282,299,
4726,13,19000000,0,user_19,280,299,
5594,15,6300000,0,user_31,285,299,
5349,21,6300000,0,user_29,284,299,
5360,22,6300000,0,user_43,284,299,
4737,18,6300000,0,user_29,280,299,
4806,17,6300000,0,user_37,281,299,
5153,19,6300000,0,user_42,283,299,
5347,20,6300000,5630,user_27,284,299,
5841,16,6300000,0,user_29,286,299,
5863,26,6100000,0,user_45,286,299,
4743,28,6100000,0,user_36,280,299,
5842,27,6100000,0,user_30,286,299,
5593,30,5200000,21800,user_30,285,299,
5364,34,5200000,0,user_46,284,299,
5352,33,5200000,0,user_34,284,299,
4948,31,5200000,0,user_48,282,299,
4924,32,5200000,0,user_27,282,299,
5369,40,5000000,0,user_48,284,299,
4724,38,5000000,0,user_16,280,299,
5143,39,5000000,0,user_31,283,299,
5614,45,4500000,0,user_48,285,299,
5853,50,4200000,46500,user_37,286,299,
4757,51,4200000,0,user_49,280,299,
4949,52,4200000,0,user_49,282,299,
4927,57,3600000,75000,user_30,282,299,
5110,59,3500001,0,user_1,283,299,4944
5125,60,3500001,0,user_12,283,299,4944
5138,61,3500001,0,user_26,283,299,4944
4944,65,3500000,161000,user_47,282,299,
5317,73,3499999,0,user_8,284,299,4944
5321,72,3499999,0,user_9,284,299,4944
5111,66,3499999,0,user_2,283,299,4944
5129,69,3499999,0,user_15,283,299,4944
5130,70,3499999,0,user_15,283,299,4944
5128,67,3499999,0,user_13,283,299,4944
5133,71,3499999,0,user_18,283,299,4944
5117,68,3499999,0,user_6,283,299,4944
5362,82,2600000,0,user_44,284,299,
4947,87,2500000,0,user_47,282,299,
5154,91,2300000,0,user_42,283,299,
5140,96,2100000,11200,user_27,283,299,
5544,95,2000001,0,user_1,285,298,4770
5568,98,2000001,0,user_12,285,299,4770
5586,97,2000001,0,user_25,285,298,4770
5587,98,2000001,0,user_26,285,298,4770
5582,99,2000001,0,user_20,285,298,4770
5336,89,2000001,0,user_16,284,297,4770
5579,99,2000001,0,user_19,285,299,4770
4779,97,2000001,0,user_12,281,297,4770
5113,91,2000001,0,user_4,283,297,4770
5118,92,2000001,0,user_7,283,297,4770
5132,93,2000001,0,user_17,283,297,4770
5114,98,2000001,0,user_6,283,297,4770
5823,95,2000001,0,user_8,286,296,4770
4736,92,2000000,0,user_28,280,294,
4723,93,2000000,0,user_16,280,294,
4740,94,2000000,0,user_34,280,294,
4770,99,2000000,350000,user_0,281,295,
4803,96,2000000,0,user_36,281,294,
4800,98,2000000,0,user_32,281,295,
5156,99,2000000,0,user_44,283,296,
5858,97,2000000,0,user_40,286,295,
5543,95,1999999,0,user_0,285,293,4770
5570,94,1999999,0,user_13,285,293,4770
5575,95,1999999,0,user_17,285,292,4770
5584,99,1999999,0,user_24,285,292,4770
5585,94,1999999,0,user_25,285,291,4770
5577,96,1999999,0,user_18,285,292,4770
5555,99,1999999,0,user_6,285,293,4770
5580,96,1999999,0,user_19,285,293,4770
5581,97,1999999,0,user_19,285,293,4770
5135,93,1999999,0,user_23,283,293,4770
5116,98,1999999,0,user_6,283,293,4770
4734,97,1900000,0,user_24,280,290,
5869,98,1900000,0,user_47,286,290,
5366,96,1800000,0,user_47,284,289,
4731,97,1700000,0,user_23,280,289,
5604,92,1600000,0,user_38,285,288,
5862,93,1600000,0,user_45,286,288,
4808,99,1600000,0,user_43,281,289,
4780,98,1500001,0,user_14,281,288,4735
4793,99,1500001,0,user_22,281,288,4735
4922,97,1500001,0,user_24,282,288,4735
5119,95,1500001,0,user_7,283,288,4735
5124,94,1500001,0,user_12,283,288,4735
5136,96,1500001,0,user_24,283,288,4735
5613,92,1500000,0,user_46,285,287,
5350,97,1500000,0,user_30,284,287,
5861,93,1500000,0,user_45,286,287,
4735,94,1500000,128000,user_27,280,287,
5142,96,1500000,0,user_30,283,287,
5145,95,1500000,0,user_34,283,287,
4771,99,1499999,0,user_1,281,287,4735
4792,94,1499999,0,user_21,281,286,4735
4794,95,1499999,0,user_22,281,286,4735
4786,96,1499999,0,user_17,281,286,4735
4787,97,1499999,0,user_17,281,286,4735
4788,98,1499999,0,user_17,281,286,4735
4895,99,1499999,0,user_2,282,286,4735
6125,2,43000000,0,user_44,287,299,
6107,7,27000000,0,user_28,287,299,
4931,8,27000000,0,user_33,282,299,
4726,13,19000000,0,user_19,280,299,
5594,15,6300000,0,user_31,285,299,
5841,16,6300000,0,user_29,286,299,
4806,17,6300000,0,user_37,281,299,
4737,18,6300000,0,user_29,280,299,
5153,19,6300000,0,user_42,283,299,
5347,20,6300000,5630,user_27,284,299,
5349,21,6300000,0,user_29,284,299,
5360,22,6300000,0,user_43,284,299,
5863,26,6100000,0,user_45,286,299,
5842,27,6100000,0,user_30,286,299,
4743,28,6100000,0,user_36,280,299,
5593,30,5200000,21800,user_30,285,299,
4948,31,5200000,0,user_48,282,299,
4924,32,5200000,0,user_27,282,299,
5352,33,5200000,0,user_34,284,299,
5364,34,5200000,0,user_46,284,299,
4724,38,5000000,0,user_16,280,299,
5143,39,5000000,0,user_31,283,299,
5369,40,5000000,0,user_48,284,299,
5614,45,4500000,0,user_48,285,299,
5853,50,4200000,46500,user_37,286,299,
4757,51,4200000,0,user_49,280,299,
4949,52,4200000,0,user_49,282,299,
4927,57,3600000,75000,user_30,282,299,
5110,59,3500001,0,user_1,283,299,4944
5125,60,3500001,0,user_12,283,299,4944
5138,61,3500001,0,user_26,283,299,4944
4944,65,3500000,161000,user_47,282,299,
5111,66,3499999,0,user_2,283,299,4944
5128,67,3499999,0,user_13,283,299,4944
5117,68,3499999,0,user_6,283,299,4944
5129,69,3499999,0,user_15,283,299,4944
5130,70,3499999,0,user_15,283,299,4944
5133,71,3499999,0,user_18,283,299,4944
5321,72,3499999,0,user_9,284,299,4944
5317,73,3499999,0,user_8,284,299,4944
5362,82,2600000,0,user_44,284,299,
6118,86,2500000,0,user_37,287,299,
4947,87,2500000,0,user_47,282,299,
6127,88,2500000,0,user_46,287,299,
5154,91,2300000,0,user_42,283,299,
5140,96,2100000,11200,user_27,283,299,
5568,98,2000001,0,user_12,285,299,4770
5579,99,2000001,0,user_19,285,299,4770
5582,99,2000001,0,user_20,285,298,4770
5586,97,2000001,0,user_25,285,298,4770
5587,98,2000001,0,user_26,285,298,4770
5823,95,2000001,0,user_8,286,296,4770
4779,97,2000001,0,user_12,281,297,4770
5113,91,2000001,0,user_4,283,297,4770
5114,98,2000001,0,user_6,283,297,4770
5118,92,2000001,0,user_7,283,297,4770
5132,93,2000001,0,user_17,283,297,4770
5336,89,2000001,0,user_16,284,297,4770
5544,95,2000001,0,user_1,285,298,4770
5858,97,2000000,0,user_40,286,295,
4800,98,2000000,0,user_32,281,295,
4770,99,2000000,350000,user_0,281,295,
4803,96,2000000,0,user_36,281,294,
5156,99,2000000,0,user_44,283,296,
4723,93,2000000,0,user_16,280,294,
4740,94,2000000,0,user_34,280,294,
4736,92,2000000,0,user_28,280,294,
5570,94,1999999,0,user_13,285,293,4770
5543,95,1999999,0,user_0,285,293,4770
5580,96,1999999,0,user_19,285,293,4770
5581,97,1999999,0,user_19,285,293,4770
5555,99,1999999,0,user_6,285,293,4770
5585,94,1999999,0,user_25,285,291,4770
5575,95,1999999,0,user_17,285,292,4770
5584,99,1999999,0,user_24,285,292,4770
5577,96,1999999,0,user_18,285,292,4770
5116,98,1999999,0,user_6,283,293,4770
5135,93,1999999,0,user_23,283,293,4770
5869,98,1900000,0,user_47,286,290,
4734,97,1900000,0,user_24,280,290,
5366,96,1800000,0,user_47,284,289,
4731,97,1700000,0,user_23,280,289,
5604,92,1600000,0,user_38,285,288,
5862,93,1600000,0,user_45,286,288,
4808,99,1600000,0,user_43,281,289,
6110,98,1600000,0,user_33,287,289,
4922,97,1500001,0,user_24,282,288,4735
4780,98,1500001,0,user_14,281,288,4735
4793,99,1500001,0,user_22,281,288,4735
5119,95,1500001,0,user_7,283,288,4735
5124,94,1500001,0,user_12,283,288,4735
5136,96,1500001,0,user_24,283,288,4735
5613,92,1500000,0,user_46,285,287,
5861,93,1500000,0,user_45,286,287,
4735,94,1500000,128000,user_27,280,287,
5145,95,1500000,0,user_34,283,287,
5142,96,1500000,0,user_30,283,287,
5350,97,1500000,0,user_30,284,287,
4912,98,1499999,0,user_21,282,287,4735
4771,99,1499999,0,user_1,281,287,4735
6125,2,43000000,0,user_44,287,299,
6107,7,27000000,0,user_28,287,299,
6372,9,27000000,0,user_37,288,299,
4931,8,27000000,0,user_33,282,299,
4726,13,19000000,0,user_19,280,299,
5153,19,6300000,0,user_42,283,299,
4806,17,6300000,0,user_37,281,299,
4737,18,6300000,0,user_29,280,299,
5349,21,6300000,0,user_29,284,299,
5360,22,6300000,0,user_43,284,299,
5347,20,6300000,5630,user_27,284,299,
5594,15,6300000,0,user_31,285,299,
5841,16,6300000,0,user_29,286,299,
4743,28,6100000,0,user_36,280,299,
5842,27,6100000,0,user_30,286,299,
5863,26,6100000,0,user_45,286,299,
4924,32,5200000,0,user_27,282,299,
4948,31,5200000,0,user_48,282,299,
5364,34,5200000,0,user_46,284,299,
5352,33,5200000,0,user_34,284,299,
5593,30,5200000,21800,user_30,285,299,
5143,39,5000000,0,user_31,283,299,
4724,38,5000000,0,user_16,280,299,
5369,40,5000000,0,user_48,284,299,
6119,46,4500000,0,user_38,287,299,
5614,45,4500000,0,user_48,285,299,
6378,47,4500000,0,user_40,288,299,
4949,52,4200000,0,user_49,282,299,
4757,51,4200000,0,user_49,280,299,
5853,50,4200000,46500,user_37,286,299,
4927,57,3600000,75000,user_30,282,299,
5125,60,3500001,0,user_12,283,299,4944
5138,61,3500001,0,user_26,283,299,4944
5110,59,3500001,0,user_1,283,299,4944
4944,65,3500000,161000,user_47,282,299,
5128,67,3499999,0,user_13,283,299,4944
5117,68,3499999,0,user_6,283,299,4944
5129,69,3499999,0,user_15,283,299,4944
5130,70,3499999,0,user_15,283,299,4944
5133,71,3499999,0,user_18,283,299,4944
5111,66,3499999,0,user_2,283,299,4944
5317,73,3499999,0,user_8,284,299,4944
5321,72,3499999,0,user_9,284,299,4944
6376,77,3200000,0,user_39,288,299,
5362,82,2600000,0,user_44,284,299,
6127,88,2500000,0,user_46,287,299,
6118,86,2500000,0,user_37,287,299,
4947,87,2500000,0,user_47,282,299,
5154,91,2300000,0,user_42,283,299,
5140,96,2100000,11200,user_27,283,299,
5113,91,2000001,0,user_4,283,297,4770
5114,98,2000001,0,user_6,283,297,4770
5118,92,2000001,0,user_7,283,297,4770
5132,93,2000001,0,user_17,283,297,4770
4779,97,2000001,0,user_12,281,297,4770
5336,89,2000001,0,user_16,284,297,4770
5544,95,2000001,0,user_1,285,298,4770
5568,98,2000001,0,user_12,285,299,4770
5582,99,2000001,0,user_20,285,298,4770
5579,99,2000001,0,user_19,285,299,4770
5586,97,2000001,0,user_25,285,298,4770
5587,98,2000001,0,user_26,285,298,4770
5823,95,2000001,0,user_8,286,296,4770
5156,99,2000000,0,user_44,283,296,
4770,99,2000000,350000,user_0,281,295,
4803,96,2000000,0,user_36,281,294,
4736,92,2000000,0,user_28,280,294,
4723,93,2000000,0,user_16,280,294,
4740,94,2000000,0,user_34,280,294,
4800,98,2000000,0,user_32,281,295,
5858,97,2000000,0,user_40,286,295,
6368,90,2000000,0,user_34,288,294,
6386,89,2000000,0,user_47,288,294,
5116,98,1999999,0,user_6,283,293,4770
5135,93,1999999,0,user_23,283,293,4770
5543,95,1999999,0,user_0,285,293,4770
5570,94,1999999,0,user_13,285,293,4770
5575,95,1999999,0,user_17,285,292,4770
5577,96,1999999,0,user_18,285,292,4770
5580,96,1999999,0,user_19,285,293,4770
5581,97,1999999,0,user_19,285,293,4770
5584,99,1999999,0,user_24,285,292,4770
5585,94,1999999,0,user_25,285,291,4770
5555,99,1999999,0,user_6,285,293,4770
6124,96,1900000,0,user_43,287,290,
4734,97,1900000,0,user_24,280,290,
5869,98,1900000,0,user_47,286,290,
5366,96,1800000,0,user_47,284,289,
6374,99,1800000,0,user_39,288,290,
4731,97,1700000,0,user_23,280,289,
6110,98,1600000,0,user_33,287,289,
4808,99,1600000,0,user_43,281,289,
5604,92,1600000,0,user_38,285,288,
5862,93,1600000,0,user_45,286,288,
5124,94,1500001,0,user_12,283,288,4735
5119,95,1500001,0,user_7,283,288,4735
5136,96,1500001,0,user_24,283,288,4735
4922,97,1500001,0,user_24,282,288,4735
4780,98,1500001,0,user_14,281,288,4735
4793,99,1500001,0,user_22,281,288,4735
6125,2,43000000,0,user_44,287,299,
6645,1,43000000,0,user_40,289,299,
6372,9,27000000,0,user_37,288,299,
6107,7,27000000,0,user_28,287,299,
4931,8,27000000,0,user_33,282,299,
4726,13,19000000,0,user_19,280,299,
5349,21,6300000,0,user_29,284,299,
5360,22,6300000,0,user_43,284,299,
5347,20,6300000,5630,user_27,284,299,
4737,18,6300000,0,user_29,280,299,
4806,17,6300000,0,user_37,281,299,
5153,19,6300000,0,user_42,283,299,
5594,15,6300000,0,user_31,285,299,
5841,16,6300000,0,user_29,286,299,
6641,24,6100000,0,user_37,289,299,
4743,28,6100000,0,user_36,280,299,
5863,26,6100000,0,user_45,286,299,
5842,27,6100000,0,user_30,286,299,
6647,25,6100000,0,user_41,289,299,
5364,34,5200000,0,user_46,284,299,
5352,33,5200000,0,user_34,284,299,
4924,32,5200000,0,user_27,282,299,
4948,31,5200000,0,user_48,282,299,
5593,30,5200000,21800,user_30,285,299,
5369,40,5000000,0,user_48,284,299,
5143,39,5000000,0,user_31,283,299,
4724,38,5000000,0,user_16,280,299,
6378,47,4500000,0,user_40,288,299,
6119,46,4500000,0,user_38,287,299,
5614,45,4500000,0,user_48,285,299,
6649,43,4500000,256000,user_42,289,299,
4949,52,4200000,0,user_49,282,299,
4757,51,4200000,0,user_49,280,299,
5853,50,4200000,46500,user_37,286,299,
4927,57,3600000,75000,user_30,282,299,
6644,55,3600000,0,user_40,289,299,
5110,59,3500001,0,user_1,283,299,4944
5125,60,3500001,0,user_12,283,299,4944
5138,61,3500001,0,user_26,283,299,4944
4944,65,3500000,161000,user_47,282,299,
5111,66,3499999,0,user_2,283,299,4944
5317,73,3499999,0,user_8,284,299,4944
5128,67,3499999,0,user_13,283,299,4944
5133,71,3499999,0,user_18,283,299,4944
5129,69,3499999,0,user_15,283,299,4944
5130,70,3499999,0,user_15,283,299,4944
5321,72,3499999,0,user_9,284,299,4944
5117,68,3499999,0,user_6,283,299,4944
6376,77,3200000,0,user_39,288,299,
5362,82,2600000,0,user_44,284,299,
6127,88,2500000,0,user_46,287,299,
6118,86,2500000,0,user_37,287,299,
6631,85,2500000,0,user_28,289,299,
4947,87,2500000,0,user_47,282,299,
5154,91,2300000,0,user_42,283,299,
5140,96,2100000,11200,user_27,283,299,
5336,89,2000001,0,user_16,284,297,4770
5544,95,2000001,0,user_1,285,298,4770
5113,91,2000001,0,user_4,283,297,4770
5118,92,2000001,0,user_7,283,297,4770
5132,93,2000001,0,user_17,283,297,4770
5568,98,2000001,0,user_12,285,299,4770
5579,99,2000001,0,user_19,285,299,4770
5582,99,2000001,0,user_20,285,298,4770
4779,97,2000001,0,user_12,281,297,4770
5114,98,2000001,0,user_6,283,297,4770
5586,97,2000001,0,user_25,285,298,4770
5587,98,2000001,0,user_26,285,298,4770
5823,95,2000001,0,user_8,286,296,4770
6386,89,2000000,0,user_47,288,294,
6368,90,2000000,0,user_34,288,294,
5156,99,2000000,0,user_44,283,296,
4723,93,2000000,0,user_16,280,294,
4736,92,2000000,0,user_28,280,294,
4740,94,2000000,0,user_34,280,294,
4770,99,2000000,350000,user_0,281,295,
4800,98,2000000,0,user_32,281,295,
4803,96,2000000,0,user_36,281,294,
5858,97,2000000,0,user_40,286,295,
6657,95,2000000,0,user_48,289,295,
6637,96,2000000,0,user_34,289,295,
5135,93,1999999,0,user_23,283,293,4770
5570,94,1999999,0,user_13,285,293,4770
5543,95,1999999,0,user_0,285,293,4770
5580,96,1999999,0,user_19,285,293,4770
5581,97,1999999,0,user_19,285,293,4770
5116,98,1999999,0,user_6,283,293,4770
5555,99,1999999,0,user_6,285,293,4770
5585,94,1999999,0,user_25,285,291,4770
5575,95,1999999,0,user_17,285,292,4770
5584,99,1999999,0,user_24,285,292,4770
5577,96,1999999,0,user_18,285,292,4770
6124,96,1900000,0,user_43,287,290,
4734,97,1900000,0,user_24,280,290,
5869,98,1900000,0,user_47,286,290,
6374,99,1800000,0,user_39,288,290,
5366,96,1800000,0,user_47,284,289,
4731,97,1700000,0,user_23,280,289,
6110,98,1600000,0,user_33,287,289,
4808,99,1600000,0,user_43,281,289,
6645,1,43000000,0,user_40,289,299,
6125,2,43000000,0,user_44,287,299,
6372,9,27000000,0,user_37,288,299,
4931,8,27000000,0,user_33,282,299,
6107,7,27000000,0,user_28,287,299,
6914,12,19000000,0,user_44,290,299,
4726,13,19000000,0,user_19,280,299,
5594,15,6300000,0,user_31,285,299,
5349,21,6300000,0,user_29,284,299,
5360,22,6300000,0,user_43,284,299,
4737,18,6300000,0,user_29,280,299,
4806,17,6300000,0,user_37,281,299,
5153,19,6300000,0,user_42,283,299,
5347,20,6300000,5630,user_27,284,299,
5841,16,6300000,0,user_29,286,299,
6641,24,6100000,0,user_37,289,299,
6647,25,6100000,0,user_41,289,299,
5863,26,6100000,0,user_45,286,299,
4743,28,6100000,0,user_36,280,299,
5842,27,6100000,0,user_30,286,299,
5593,30,5200000,21800,user_30,285,299,
5364,34,5200000,0,user_46,284,299,
5352,33,5200000,0,user_34,284,299,
4948,31,5200000,0,user_48,282,299,
4924,32,5200000,0,user_27,282,299,
5369,40,5000000,0,user_48,284,299,
4724,38,5000000,0,user_16,280,299,
5143,39,5000000,0,user_31,283,299,
6119,46,4500000,0,user_38,287,299,
6378,47,4500000,0,user_40,288,299,
6649,43,4500000,256000,user_42,289,299,
5614,45,4500000,0,user_48,285,299,
5853,50,4200000,46500,user_37,286,299,
4757,51,4200000,0,user_49,280,299,
4949,52,4200000,0,user_49,282,299,
6644,55,3600000,0,user_40,289,299,
6634,54,3600000,256000,user_31,289,299,
4927,57,3600000,75000,user_30,282,299,
6916,56,3600000,0,user_47,290,299,
5110,59,3500001,0,user_1,283,299,4944
5125,60,3500001,0,user_12,283,299,4944
5138,61,3500001,0,user_26,283,299,4944
4944,65,3500000,161000,user_47,282,299,
6918,64,3500000,410000,user_47,290,299,
5317,73,3499999,0,user_8,284,299,4944
5321,72,3499999,0,user_9,284,299,4944
5111,66,3499999,0,user_2,283,299,4944
5129,69,3499999,0,user_15,283,299,4944
5130,70,3499999,0,user_15,283,299,4944
5128,67,3499999,0,user_13,283,299,4944
5133,71,3499999,0,user_18,283,299,4944
5117,68,3499999,0,user_6,283,299,4944
6376,77,3200000,0,user_39,288,299,
5362,82,2600000,0,user_44,284,299,
6631,85,2500000,0,user_28,289,299,
6118,86,2500000,0,user_37,287,299,
6127,88,2500000,0,user_46,287,299,
4947,87,2500000,0,user_47,282,299,
5154,91,2300000,0,user_42,283,299,
5140,96,2100000,11200,user_27,283,299,
5544,95,2000001,0,user_1,285,298,4770
5568,98,2000001,0,user_12,285,299,4770
5586,97,2000001,0,user_25,285,298,4770
5587,98,2000001,0,user_26,285,298,4770
5582,99,2000001,0,user_20,285,298,4770
5336,89,2000001,0,user_16,284,297,4770
5579,99,2000001,0,user_19,285,299,4770
4779,97,2000001,0,user_12,281,297,4770
5113,91,2000001,0,user_4,283,297,4770
5118,92,2000001,0,user_7,283,297,4770
5132,93,2000001,0,user_17,283,297,4770
5114,98,2000001,0,user_6,283,297,4770
5823,95,2000001,0,user_8,286,296,4770
6657,95,2000000,0,user_48,289,295,
6386,89,2000000,0,user_47,288,294,
6368,90,2000000,0,user_34,288,294,
6637,96,2000000,0,user_34,289,295,
4736,92,2000000,0,user_28,280,294,
4723,93,2000000,0,user_16,280,294,
4740,94,2000000,0,user_34,280,294,
4770,99,2000000,350000,user_0,281,295,
4803,96,2000000,0,user_36,281,294,
4800,98,2000000,0,user_32,281,295,
5156,99,2000000,0,user_44,283,296,
5858,97,2000000,0,user_40,286,295,
5543,95,1999999,0,user_0,285,293,4770
5570,94,1999999,0,user_13,285,293,4770
5575,95,1999999,0,user_17,285,292,4770
5584,99,1999999,0,user_24,285,292,4770
5585,94,1999999,0,user_25,285,291,4770
5577,96,1999999,0,user_18,285,292,4770
5555,99,1999999,0,user_6,285,293,4770
5580,96,1999999,0,user_19,285,293,4770
5581,97,1999999,0,user_19,285,293,4770
5135,93,1999999,0,user_23,283,293,4770
5116,98,1999999,0,user_6,283,293,4770
6124,96,1900000,0,user_43,287,290,
4734,97,1900000,0,user_24,280,290,
5869,98,1900000,0,user_47,286,290,
6374,99,1800000,0,user_39,288,290,
6645,1,43000000,0,user_40,289,299,
6125,2,43000000,0,user_44,287,299,
6107,7,27000000,0,user_28,287,299,
4931,8,27000000,0,user_33,282,299,
6372,9,27000000,0,user_37,288,299,
6914,12,19000000,0,user_44,290,299,
4726,13,19000000,0,user_19,280,299,
5594,15,6300000,0,user_31,285,299,
5841,16,6300000,0,user_29,286,299,
4806,17,6300000,0,user_37,281,299,
4737,18,6300000,0,user_29,280,299,
5153,19,6300000,0,user_42,283,299,
5347,20,6300000,5630,user_27,284,299,
5349,21,6300000,0,user_29,284,299,
5360,22,6300000,0,user_43,284,299,
6641,24,6100000,0,user_37,289,299,
6647,25,6100000,0,user_41,289,299,
5863,26,6100000,0,user_45,286,299,
5842,27,6100000,0,user_30,286,299,
4743,28,6100000,0,user_36,280,299,
5593,30,5200000,21800,user_30,285,299,
4948,31,5200000,0,user_48,282,299,
4924,32,5200000,0,user_27,282,299,
5352,33,5200000,0,user_34,284,299,
5364,34,5200000,0,user_46,284,299,
4724,38,5000000,0,user_16,280,299,
5143,39,5000000,0,user_31,283,299,
5369,40,5000000,0,user_48,284,299,
6649,43,4500000,256000,user_42,289,299,
7209,44,4500000,32900,user_45,291,299,
5614,45,4500000,0,user_48,285,299,
6119,46,4500000,0,user_38,287,299,
6378,47,4500000,0,user_40,288,299,
5853,50,4200000,46500,user_37,286,299,
4757,51,4200000,0,user_49,280,299,
4949,52,4200000,0,user_49,282,299,
6634,54,3600000,256000,user_31,289,299,
6644,55,3600000,0,user_40,289,299,
6916,56,3600000,0,user_47,290,299,
4927,57,3600000,75000,user_30,282,299,
5110,59,3500001,0,user_1,283,299,4944
5125,60,3500001,0,user_12,283,299,4944
5138,61,3500001,0,user_26,283,299,4944
6918,64,3500000,410000,user_47,290,299,
4944,65,3500000,161000,user_47,282,299,
5111,66,3499999,0,user_2,283,299,4944
5128,67,3499999,0,user_13,283,299,4944
5117,68,3499999,0,user_6,283,299,4944
5129,69,3499999,0,user_15,283,299,4944
5130,70,3499999,0,user_15,283,299,4944
5133,71,3499999,0,user_18,283,299,4944
5321,72,3499999,0,user_9,284,299,4944
5317,73,3499999,0,user_8,284,299,4944
6376,77,3200000,0,user_39,288,299,
7208,81,2600000,0,user_44,291,299,
5362,82,2600000,0,user_44,284,299,
6631,85,2500000,0,user_28,289,299,
6118,86,2500000,0,user_37,287,299,
4947,87,2500000,0,user_47,282,299,
6127,88,2500000,0,user_46,287,299,
5154,91,2300000,0,user_42,283,299,
7201,92,2300000,0,user_36,291,299,
5140,96,2100000,11200,user_27,283,299,
5568,98,2000001,0,user_12,285,299,4770
5579,99,2000001,0,user_19,285,299,4770
5582,99,2000001,0,user_20,285,298,4770
5586,97,2000001,0,user_25,285,298,4770
5587,98,2000001,0,user_26,285,298,4770
5823,95,2000001,0,user_8,286,296,4770
4779,97,2000001,0,user_12,281,297,4770
5113,91,2000001,0,user_4,283,297,4770
5114,98,2000001,0,user_6,283,297,4770
5118,92,2000001,0,user_7,283,297,4770
5132,93,2000001,0,user_17,283,297,4770
5336,89,2000001,0,user_16,284,297,4770
5544,95,2000001,0,user_1,285,298,4770
6657,95,2000000,0,user_48,289,295,
6637,96,2000000,0,user_34,289,295,
5858,97,2000000,0,user_40,286,295,
4800,98,2000000,0,user_32,281,295,
4770,99,2000000,350000,user_0,281,295,
4803,96,2000000,0,user_36,281,294,
5156,99,2000000,0,user_44,283,296,
4723,93,2000000,0,user_16,280,294,
4740,94,2000000,0,user_34,280,294,
4736,92,2000000,0,user_28,280,294,
6386,89,2000000,0,user_47,288,294,
6368,90,2000000,0,user_34,288,294,
7202,98,2000000,0,user_36,291,296,
5570,94,1999999,0,user_13,285,293,4770
5543,95,1999999,0,user_0,285,293,4770
5580,96,1999999,0,user_19,285,293,4770
5581,97,1999999,0,user_19,285,293,4770
5555,99,1999999,0,user_6,285,293,4770
5585,94,1999999,0,user_25,285,291,4770
5575,95,1999999,0,user_17,285,292,4770
5584,99,1999999,0,user_24,285,292,4770
5577,96,1999999,0,user_18,285,292,4770
5116,98,1999999,0,user_6,283,293,4770
5135,93,1999999,0,user_23,283,293,4770
6125,2,43000000,0,user_44,287,299,
6645,1,43000000,0,user_40,289,299,
6107,7,27000000,0,user_28,287,299,
6372,9,27000000,0,user_37,288,299,
4931,8,27000000,0,user_33,282,299,
4726,13,19000000,0,user_19,280,299,
6914,12,19000000,0,user_44,290,299,
5153,19,6300000,0,user_42,283,299,
4806,17,6300000,0,user_37,281,299,
4737,18,6300000,0,user_29,280,299,
5349,21,6300000,0,user_29,284,299,
5360,22,6300000,0,user_43,284,299,
5347,20,6300000,5630,user_27,284,299,
5594,15,6300000,0,user_31,285,299,
5841,16,6300000,0,user_29,286,299,
4743,28,6100000,0,user_36,280,299,
5842,27,6100000,0,user_30,286,299,
5863,26,6100000,0,user_45,286,299,
6641,24,6100000,0,user_37,289,299,
6647,25,6100000,0,user_41,289,299,
4924,32,5200000,0,user_27,282,299,
4948,31,5200000,0,user_48,282,299,
5364,34,5200000,0,user_46,284,299,
5352,33,5200000,0,user_34,284,299,
5593,30,5200000,21800,user_30,285,299,
5143,39,5000000,0,user_31,283,299,
4724,38,5000000,0,user_16,280,299,
5369,40,5000000,0,user_48,284,299,
7209,44,4500000,32900,user_45,291,299,
6119,46,4500000,0,user_38,287,299,
5614,45,4500000,0,user_48,285,299,
6378,47,4500000,0,user_40,288,299,
6649,43,4500000,256000,user_42,289,299,
7505,48,4500000,0,user_27,292,299,
4949,52,4200000,0,user_49,282,299,
4757,51,4200000,0,user_49,280,299,
5853,50,4200000,46500,user_37,286,299,
4927,57,3600000,75000,user_30,282,299,
6634,54,3600000,256000,user_31,289,299,
6644,55,3600000,0,user_40,289,299,
6916,56,3600000,0,user_47,290,299,
5125,60,3500001,0,user_12,283,299,4944
5138,61,3500001,0,user_26,283,299,4944
5110,59,3500001,0,user_1,283,299,4944
4944,65,3500000,161000,user_47,282,299,
6918,64,3500000,410000,user_47,290,299,
5128,67,3499999,0,user_13,283,299,4944
5117,68,3499999,0,user_6,283,299,4944
5129,69,3499999,0,user_15,283,299,4944
5130,70,3499999,0,user_15,283,299,4944
5133,71,3499999,0,user_18,283,299,4944
5111,66,3499999,0,user_2,283,299,4944
5317,73,3499999,0,user_8,284,299,4944
5321,72,3499999,0,user_9,284,299,4944
7517,78,3200000,0,user_44,292,299,
6376,77,3200000,0,user_39,288,299,
7208,81,2600000,0,user_44,291,299,
5362,82,2600000,0,user_44,284,299,
6127,88,2500000,0,user_46,287,299,
6118,86,2500000,0,user_37,287,299,
4947,87,2500000,0,user_47,282,299,
6631,85,2500000,0,user_28,289,299,
7201,92,2300000,0,user_36,291,299,
5154,91,2300000,0,user_42,283,299,
5140,96,2100000,11200,user_27,283,299,
5113,91,2000001,0,user_4,283,297,4770
5114,98,2000001,0,user_6,283,297,4770
5118,92,2000001,0,user_7,283,297,4770
5132,93,2000001,0,user_17,283,297,4770
4779,97,2000001,0,user_12,281,297,4770
5336,89,2000001,0,user_16,284,297,4770
5544,95,2000001,0,user_1,285,298,4770
5568,98,2000001,0,user_12,285,299,4770
5582,99,2000001,0,user_20,285,298,4770
5579,99,2000001,0,user_19,285,299,4770
5586,97,2000001,0,user_25,285,298,4770
5587,98,2000001,0,user_26,285,298,4770
5823,95,2000001,0,user_8,286,296,4770
7202,98,2000000,0,user_36,291,296,
5156,99,2000000,0,user_44,283,296,
4770,99,2000000,350000,user_0,281,295,
4803,96,2000000,0,user_36,281,294,
4736,92,2000000,0,user_28,280,294,
4723,93,2000000,0,user_16,280,294,
4740,94,2000000,0,user_34,280,294,
4800,98,2000000,0,user_32,281,295,
5858,97,2000000,0,user_40,286,295,
6368,90,2000000,0,user_34,288,294,
6386,89,2000000,0,user_47,288,294,
6637,96,2000000,0,user_34,289,295,
6657,95,2000000,0,user_48,289,295,
5116,98,1999999,0,user_6,283,293,4770
5135,93,1999999,0,user_23,283,293,4770
5543,95,1999999,0,user_0,285,293,4770
5570,94,1999999,0,user_13,285,293,4770
5575,95,1999999,0,user_17,285,292,4770
5577,96,1999999,0,user_18,285,292,4770
5580,96,1999999,0,user_19,285,293,4770
5581,97,1999999,0,user_19,285,293,4770
5584,99,1999999,0,user_24,285,292,4770
6125,2,43000000,0,user_44,287,299,
6645,1,43000000,0,user_40,289,299,
6372,9,27000000,0,user_37,288,299,
6107,7,27000000,0,user_28,287,299,
4931,8,27000000,0,user_33,282,299,
4726,13,19000000,0,user_19,280,299,
6914,12,19000000,0,user_44,290,299,
5349,21,6300000,0,user_29,284,299,
5360,22,6300000,0,user_43,284,299,
5347,20,6300000,5630,user_27,284,299,
4737,18,6300000,0,user_29,280,299,
4806,17,6300000,0,user_37,281,299,
5153,19,6300000,0,user_42,283,299,
5594,15,6300000,0,user_31,285,299,
5841,16,6300000,0,user_29,286,299,
6641,24,6100000,0,user_37,289,299,
4743,28,6100000,0,user_36,280,299,
5863,26,6100000,0,user_45,286,299,
5842,27,6100000,0,user_30,286,299,
6647,25,6100000,0,user_41,289,299,
5364,34,5200000,0,user_46,284,299,
5352,33,5200000,0,user_34,284,299,
4924,32,5200000,0,user_27,282,299,
4948,31,5200000,0,user_48,282,299,
5593,30,5200000,21800,user_30,285,299,
5369,40,5000000,0,user_48,284,299,
5143,39,5000000,0,user_31,283,299,
4724,38,5000000,0,user_16,280,299,
7505,48,4500000,0,user_27,292,299,
7209,44,4500000,32900,user_45,291,299,
6378,47,4500000,0,user_40,288,299,
6119,46,4500000,0,user_38,287,299,
5614,45,4500000,0,user_48,285,299,
6649,43,4500000,256000,user_42,289,299,
4949,52,4200000,0,user_49,282,299,
4757,51,4200000,0,user_49,280,299,
5853,50,4200000,46500,user_37,286,299,
4927,57,3600000,75000,user_30,282,299,
6644,55,3600000,0,user_40,289,299,
6634,54,3600000,256000,user_31,289,299,
6916,56,3600000,0,user_47,290,299,
5110,59,3500001,0,user_1,283,299,4944
5125,60,3500001,0,user_12,283,299,4944
5138,61,3500001,0,user_26,283,299,4944
4944,65,3500000,161000,user_47,282,299,
6918,64,3500000,410000,user_47,290,299,
5111,66,3499999,0,user_2,283,299,4944
5317,73,3499999,0,user_8,284,299,4944
5128,67,3499999,0,user_13,283,299,4944
5133,71,3499999,0,user_18,283,299,4944
5129,69,3499999,0,user_15,283,299,4944
5130,70,3499999,0,user_15,283,299,4944
5321,72,3499999,0,user_9,284,299,4944
5117,68,3499999,0,user_6,283,299,4944
7517,78,3200000,0,user_44,292,299,
6376,77,3200000,0,user_39,288,299,
7208,81,2600000,0,user_44,291,299,
5362,82,2600000,0,user_44,284,299,
7843,84,2500000,0,user_45,293,299,
6127,88,2500000,0,user_46,287,299,
6118,86,2500000,0,user_37,287,299,
6631,85,2500000,0,user_28,289,299,
4947,87,2500000,0,user_47,282,299,
7201,92,2300000,0,user_36,291,299,
5154,91,2300000,0,user_42,283,299,
5140,96,2100000,11200,user_27,283,299,
7830,93,2100000,0,user_33,293,299,
5336,89,2000001,0,user_16,284,297,4770
5544,95,2000001,0,user_1,285,298,4770
5113,91,2000001,0,user_4,283,297,4770
5118,92,2000001,0,user_7,283,297,4770
5132,93,2000001,0,user_17,283,297,4770
5568,98,2000001,0,user_12,285,299,4770
5579,99,2000001,0,user_19,285,299,4770
5582,99,2000001,0,user_20,285,298,4770
4779,97,2000001,0,user_12,281,297,4770
5114,98,2000001,0,user_6,283,297,4770
5586,97,2000001,0,user_25,285,298,4770
5587,98,2000001,0,user_26,285,298,4770
5823,95,2000001,0,user_8,286,296,4770
7202,98,2000000,0,user_36,291,296,
6386,89,2000000,0,user_47,288,294,
6368,90,2000000,0,user_34,288,294,
5156,99,2000000,0,user_44,283,296,
4723,93,2000000,0,user_16,280,294,
4736,92,2000000,0,user_28,280,294,
4740,94,2000000,0,user_34,280,294,
4770,99,2000000,350000,user_0,281,295,
4800,98,2000000,0,user_32,281,295,
4803,96,2000000,0,user_36,281,294,
5858,97,2000000,0,user_40,286,295,
6657,95,2000000,0,user_48,289,295,
6637,96,2000000,0,user_34,289,295,
5135,93,1999999,0,user_23,283,293,4770
5570,94,1999999,0,user_13,285,293,4770
5543,95,1999999,0,user_0,285,293,4770
5580,96,1999999,0,user_19,285,293,4770
5581,97,1999999,0,user_19,285,293,4770
5116,98,1999999,0,user_6,283,293,4770
5555,99,1999999,0,user_6,285,293,4770
6645,1,43000000,0,user_40,289,299,
6125,2,43000000,0,user_44,287,299,
8173,3,30000000,0,user_44,294,299,
6372,9,27000000,0,user_37,288,299,
4931,8,27000000,0,user_33,282,299,
6107,7,27000000,0,user_28,287,299,
8155,6,27000000,0,user_27,294,299,
6914,12,19000000,0,user_44,290,299,
4726,13,19000000,0,user_19,280,299,
5594,15,6300000,0,user_31,285,299,
5349,21,6300000,0,user_29,284,299,
5360,22,6300000,0,user_43,284,299,
4737,18,6300000,0,user_29,280,299,
4806,17,6300000,0,user_37,281,299,
5153,19,6300000,0,user_42,283,299,
5347,20,6300000,5630,user_27,284,299,
5841,16,6300000,0,user_29,286,299,
6641,24,6100000,0,user_37,289,299,
6647,25,6100000,0,user_41,289,299,
5863,26,6100000,0,user_45,286,299,
4743,28,6100000,0,user_36,280,299,
5842,27,6100000,0,user_30,286,299,
5593,30,5200000,21800,user_30,285,299,
5364,34,5200000,0,user_46,284,299,
5352,33,5200000,0,user_34,284,299,
4948,31,5200000,0,user_48,282,299,
4924,32,5200000,0,user_27,282,299,
7835,37,5000000,0,user_38,293,299,
5369,40,5000000,0,user_48,284,299,
4724,38,5000000,0,user_16,280,299,
5143,39,5000000,0,user_31,283,299,
8156,41,4500000,510000,user_28,294,299,
8167,42,4500000,215000,user_37,294,299,
6119,46,4500000,0,user_38,287,299,
6378,47,4500000,0,user_40,288,299,
6649,43,4500000,256000,user_42,289,299,
5614,45,4500000,0,user_48,285,299,
7209,44,4500000,32900,user_45,291,299,
7505,48,4500000,0,user_27,292,299,
5853,50,4200000,46500,user_37,286,299,
4757,51,4200000,0,user_49,280,299,
4949,52,4200000,0,user_49,282,299,
6644,55,3600000,0,user_40,289,299,
6634,54,3600000,256000,user_31,289,299,
4927,57,3600000,75000,user_30,282,299,
6916,56,3600000,0,user_47,290,299,
5110,59,3500001,0,user_1,283,299,4944
5125,60,3500001,0,user_12,283,299,4944
5138,61,3500001,0,user_26,283,299,4944
7836,63,3500000,0,user_38,293,299,
4944,65,3500000,161000,user_47,282,299,
6918,64,3500000,410000,user_47,290,299,
5317,73,3499999,0,user_8,284,299,4944
5321,72,3499999,0,user_9,284,299,4944
5111,66,3499999,0,user_2,283,299,4944
5129,69,3499999,0,user_15,283,299,4944
5130,70,3499999,0,user_15,283,299,4944
5128,67,3499999,0,user_13,283,299,4944
5133,71,3499999,0,user_18,283,299,4944
5117,68,3499999,0,user_6,283,299,4944
7828,76,3200000,0,user_31,293,299,
7837,74,3200000,0,user_38,293,299,
6376,77,3200000,0,user_39,288,299,
7517,78,3200000,0,user_44,292,299,
5362,82,2600000,0,user_44,284,299,
7208,81,2600000,0,user_44,291,299,
7843,84,2500000,0,user_45,293,299,
6631,85,2500000,0,user_28,289,299,
6118,86,2500000,0,user_37,287,299,
6127,88,2500000,0,user_46,287,299,
4947,87,2500000,0,user_47,282,299,
5154,91,2300000,0,user_42,283,299,
7201,92,2300000,0,user_36,291,299,
7830,93,2100000,0,user_33,293,299,
5140,96,2100000,11200,user_27,283,299,
5544,95,2000001,0,user_1,285,298,4770
5568,98,2000001,0,user_12,285,299,4770
5586,97,2000001,0,user_25,285,298,4770
5587,98,2000001,0,user_26,285,298,4770
5582,99,2000001,0,user_20,285,298,4770
5336,89,2000001,0,user_16,284,297,4770
5579,99,2000001,0,user_19,285,299,4770
4779,97,2000001,0,user_12,281,297,4770
5113,91,2000001,0,user_4,283,297,4770
5118,92,2000001,0,user_7,283,297,4770
5132,93,2000001,0,user_17,283,297,4770
5114,98,2000001,0,user_6,283,297,4770
5823,95,2000001,0,user_8,286,296,4770
6657,95,2000000,0,user_48,289,295,
6386,89,2000000,0,user_47,288,294,
6368,90,2000000,0,user_34,288,294,
6637,96,2000000,0,user_34,289,295,
4736,92,2000000,0,user_28,280,294,
4723,93,2000000,0,user_16,280,294,
4740,94,2000000,0,user_34,280,294,
4770,99,2000000,350000,user_0,281,295,
4803,96,2000000,0,user_36,281,294,
4800,98,2000000,0,user_32,281,295,
5156,99,2000000,0,user_44,283,296,
5858,97,2000000,0,user_40,286,295,
6645,1,43000000,0,user_40,289,299,
6125,2,43000000,0,user_44,287,299,
8173,3,30000000,0,user_44,294,299,
8155,6,27000000,0,user_27,294,299,
6107,7,27000000,0,user_28,287,299,
4931,8,27000000,0,user_33,282,299,
6372,9,27000000,0,user_37,288,299,
6914,12,19000000,0,user_44,290,299,
4726,13,19000000,0,user_19,280,299,
5594,15,6300000,0,user_31,285,299,
5841,16,6300000,0,user_29,286,299,
4806,17,6300000,0,user_37,281,299,
4737,18,6300000,0,user_29,280,299,
5153,19,6300000,0,user_42,283,299,
5347,20,6300000,5630,user_27,284,299,
5349,21,6300000,0,user_29,284,299,
5360,22,6300000,0,user_43,284,299,
6641,24,6100000,0,user_37,289,299,
6647,25,6100000,0,user_41,289,299,
5863,26,6100000,0,user_45,286,299,
5842,27,6100000,0,user_30,286,299,
4743,28,6100000,0,user_36,280,299,
5593,30,5200000,21800,user_30,285,299,
4948,31,5200000,0,user_48,282,299,
4924,32,5200000,0,user_27,282,299,
5352,33,5200000,0,user_34,284,299,
5364,34,5200000,0,user_46,284,299,
7835,37,5000000,0,user_38,293,299,
4724,38,5000000,0,user_16,280,299,
5143,39,5000000,0,user_31,283,299,
5369,40,5000000,0,user_48,284,299,
8156,41,4500000,510000,user_28,294,299,
8167,42,4500000,215000,user_37,294,299,
6649,43,4500000,256000,user_42,289,299,
7209,44,4500000,32900,user_45,291,299,
5614,45,4500000,0,user_48,285,299,
6119,46,4500000,0,user_38,287,299,
6378,47,4500000,0,user_40,288,299,
7505,48,4500000,0,user_27,292,299,
5853,50,4200000,46500,user_37,286,299,
4757,51,4200000,0,user_49,280,299,
4949,52,4200000,0,user_49,282,299,
8540,53,4200000,0,user_48,295,299,
6634,54,3600000,256000,user_31,289,299,
6644,55,3600000,0,user_40,289,299,
6916,56,3600000,0,user_47,290,299,
4927,57,3600000,75000,user_30,282,299,
5110,59,3500001,0,user_1,283,299,4944
5125,60,3500001,0,user_12,283,299,4944
5138,61,3500001,0,user_26,283,299,4944
7836,63,3500000,0,user_38,293,299,
6918,64,3500000,410000,user_47,290,299,
4944,65,3500000,161000,user_47,282,299,
5111,66,3499999,0,user_2,283,299,4944
5128,67,3499999,0,user_13,283,299,4944
5117,68,3499999,0,user_6,283,299,4944
5129,69,3499999,0,user_15,283,299,4944
5130,70,3499999,0,user_15,283,299,4944
5133,71,3499999,0,user_18,283,299,4944
5321,72,3499999,0,user_9,284,299,4944
5317,73,3499999,0,user_8,284,299,4944
7837,74,3200000,0,user_38,293,299,
8159,75,3200000,0,user_31,294,299,
7828,76,3200000,0,user_31,293,299,
6376,77,3200000,0,user_39,288,299,
7517,78,3200000,0,user_44,292,299,
7208,81,2600000,0,user_44,291,299,
5362,82,2600000,0,user_44,284,299,
7843,84,2500000,0,user_45,293,299,
6631,85,2500000,0,user_28,289,299,
6118,86,2500000,0,user_37,287,299,
4947,87,2500000,0,user_47,282,299,
6127,88,2500000,0,user_46,287,299,
8542,90,2400000,0,user_48,295,299,
5154,91,2300000,0,user_42,283,299,
7201,92,2300000,0,user_36,291,299,
7830,93,2100000,0,user_33,293,299,
8163,94,2100000,769000,user_35,294,299,
8534,95,2100000,0,user_45,295,299,
5140,96,2100000,11200,user_27,283,299,
8541,97,2100000,0,user_48,295,299,
5568,98,2000001,0,user_12,285,299,4770
5579,99,2000001,0,user_19,285,299,4770
5582,99,2000001,0,user_20,285,298,4770
5586,97,2000001,0,user_25,285,298,4770
5587,98,2000001,0,user_26,285,298,4770
5823,95,2000001,0,user_8,286,296,4770
4779,97,2000001,0,user_12,281,297,4770
5113,91,2000001,0,user_4,283,297,4770
5114,98,2000001,0,user_6,283,297,4770
5118,92,2000001,0,user_7,283,297,4770
5132,93,2000001,0,user_17,283,297,4770
5336,89,2000001,0,user_16,284,297,4770
5544,95,2000001,0,user_1,285,298,4770
8532,96,2000000,0,user_44,295,296,
6657,95,2000000,0,user_48,289,295,
6637,96,2000000,0,user_34,289,295,
5858,97,2000000,0,user_40,286,295,
4800,98,2000000,0,user_32,281,295,
4770,99,2000000,350000,user_0,281,295,
6125,2,43000000,0,user_44,287,299,
6645,1,43000000,0,user_40,289,299,
8173,3,30000000,0,user_44,294,299,
6107,7,27000000,0,user_28,287,299,
6372,9,27000000,0,user_37,288,299,
4931,8,27000000,0,user_33,282,299,
8155,6,27000000,0,user_27,294,299,
4726,13,19000000,0,user_19,280,299,
6914,12,19000000,0,user_44,290,299,
5153,19,6300000,0,user_42,283,299,
4806,17,6300000,0,user_37,281,299,
4737,18,6300000,0,user_29,280,299,
5349,21,6300000,0,user_29,284,299,
5360,22,6300000,0,user_43,284,299,
5347,20,6300000,5630,user_27,284,299,
5594,15,6300000,0,user_31,285,299,
5841,16,6300000,0,user_29,286,299,
8908,23,6300000,594000,user_34,296,299,
4743,28,6100000,0,user_36,280,299,
5842,27,6100000,0,user_30,286,299,
5863,26,6100000,0,user_45,286,299,
6641,24,6100000,0,user_37,289,299,
6647,25,6100000,0,user_41,289,299,
8917,29,6100000,0,user_42,296,299,
4924,32,5200000,0,user_27,282,299,
4948,31,5200000,0,user_48,282,299,
5364,34,5200000,0,user_46,284,299,
5352,33,5200000,0,user_34,284,299,
5593,30,5200000,21800,user_30,285,299,
5143,39,5000000,0,user_31,283,299,
4724,38,5000000,0,user_16,280,299,
5369,40,5000000,0,user_48,284,299,
7835,37,5000000,0,user_38,293,299,
7209,44,4500000,32900,user_45,291,299,
6119,46,4500000,0,user_38,287,299,
5614,45,4500000,0,user_48,285,299,
6378,47,4500000,0,user_40,288,299,
6649,43,4500000,256000,user_42,289,299,
7505,48,4500000,0,user_27,292,299,
8167,42,4500000,215000,user_37,294,299,
8156,41,4500000,510000,user_28,294,299,
8540,53,4200000,0,user_48,295,299,
4949,52,4200000,0,user_49,282,299,
4757,51,4200000,0,user_49,280,299,
5853,50,4200000,46500,user_37,286,299,
4927,57,3600000,75000,user_30,282,299,
6634,54,3600000,256000,user_31,289,299,
6644,55,3600000,0,user_40,289,299,
6916,56,3600000,0,user_47,290,299,
5125,60,3500001,0,user_12,283,299,4944
5138,61,3500001,0,user_26,283,299,4944
5110,59,3500001,0,user_1,283,299,4944
4944,65,3500000,161000,user_47,282,299,
6918,64,3500000,410000,user_47,290,299,
7836,63,3500000,0,user_38,293,299,
5128,67,3499999,0,user_13,283,299,4944
5117,68,3499999,0,user_6,283,299,4944
5129,69,3499999,0,user_15,283,299,4944
5130,70,3499999,0,user_15,283,299,4944
5133,71,3499999,0,user_18,283,299,4944
5111,66,3499999,0,user_2,283,299,4944
5317,73,3499999,0,user_8,284,299,4944
5321,72,3499999,0,user_9,284,299,4944
7517,78,3200000,0,user_44,292,299,
6376,77,3200000,0,user_39,288,299,
7828,76,3200000,0,user_31,293,299,
7837,74,3200000,0,user_38,293,299,
8159,75,3200000,0,user_31,294,299,
7208,81,2600000,0,user_44,291,299,
5362,82,2600000,0,user_44,284,299,
6127,88,2500000,0,user_46,287,299,
6118,86,2500000,0,user_37,287,299,
4947,87,2500000,0,user_47,282,299,
6631,85,2500000,0,user_28,289,299,
7843,84,2500000,0,user_45,293,299,
8542,90,2400000,0,user_48,295,299,
7201,92,2300000,0,user_36,291,299,
5154,91,2300000,0,user_42,283,299,
8163,94,2100000,769000,user_35,294,299,
8541,97,2100000,0,user_48,295,299,
8534,95,2100000,0,user_45,295,299,
5140,96,2100000,11200,user_27,283,299,
7830,93,2100000,0,user_33,293,299,
5113,91,2000001,0,user_4,283,297,4770
5114,98,2000001,0,user_6,283,297,4770
5118,92,2000001,0,user_7,283,297,4770
5132,93,2000001,0,user_17,283,297,4770
4779,97,2000001,0,user_12,281,297,4770
5336,89,2000001,0,user_16,284,297,4770
5544,95,2000001,0,user_1,285,298,4770
5568,98,2000001,0,user_12,285,299,4770
5582,99,2000001,0,user_20,285,298,4770
5579,99,2000001,0,user_19,285,299,4770
5586,97,2000001,0,user_25,285,298,4770
5587,98,2000001,0,user_26,285,298,4770
5823,95,2000001,0,user_8,286,296,4770
8532,96,2000000,0,user_44,295,296,
8520,97,2000000,0,user_29,295,296,
7202,98,2000000,0,user_36,291,296,
5156,99,2000000,0,user_44,283,296,
9304,0,43000000,410000,user_45,297,299,
6125,2,43000000,0,user_44,287,299,
6645,1,43000000,0,user_40,289,299,
8173,3,30000000,0,user_44,294,299,
9302,4,27000000,0,user_44,297,299,
9305,5,27000000,0,user_45,297,299,
6372,9,27000000,0,user_37,288,299,
6107,7,27000000,0,user_28,287,299,
4931,8,27000000,0,user_33,282,299,
8155,6,27000000,0,user_27,294,299,
4726,13,19000000,0,user_19,280,299,
6914,12,19000000,0,user_44,290,299,
8908,23,6300000,594000,user_34,296,299,
5349,21,6300000,0,user_29,284,299,
5360,22,6300000,0,user_43,284,299,
5347,20,6300000,5630,user_27,284,299,
4737,18,6300000,0,user_29,280,299,
4806,17,6300000,0,user_37,281,299,
5153,19,6300000,0,user_42,283,299,
5594,15,6300000,0,user_31,285,299,
5841,16,6300000,0,user_29,286,299,
8917,29,6100000,0,user_42,296,299,
6641,24,6100000,0,user_37,289,299,
4743,28,6100000,0,user_36,280,299,
5863,26,6100000,0,user_45,286,299,
5842,27,6100000,0,user_30,286,299,
6647,25,6100000,0,user_41,289,299,
5364,34,5200000,0,user_46,284,299,
5352,33,5200000,0,user_34,284,299,
4924,32,5200000,0,user_27,282,299,
4948,31,5200000,0,user_48,282,299,
5593,30,5200000,21800,user_30,285,299,
7835,37,5000000,0,user_38,293,299,
5369,40,5000000,0,user_48,284,299,
5143,39,5000000,0,user_31,283,299,
4724,38,5000000,0,user_16,280,299,
9288,35,5000000,0,user_33,297,299,
8156,41,4500000,510000,user_28,294,299,
8167,42,4500000,215000,user_37,294,299,
7505,48,4500000,0,user_27,292,299,
7209,44,4500000,32900,user_45,291,299,
6378,47,4500000,0,user_40,288,299,
6119,46,4500000,0,user_38,287,299,
5614,45,4500000,0,user_48,285,299,
6649,43,4500000,256000,user_42,289,299,
8540,53,4200000,0,user_48,295,299,
4949,52,4200000,0,user_49,282,299,
4757,51,4200000,0,user_49,280,299,
5853,50,4200000,46500,user_37,286,299,
4927,57,3600000,75000,user_30,282,299,
6644,55,3600000,0,user_40,289,299,
6634,54,3600000,256000,user_31,289,299,
6916,56,3600000,0,user_47,290,299,
5110,59,3500001,0,user_1,283,299,4944
5125,60,3500001,0,user_12,283,299,4944
5138,61,3500001,0,user_26,283,299,4944
7836,63,3500000,0,user_38,293,299,
4944,65,3500000,161000,user_47,282,299,
6918,64,3500000,410000,user_47,290,299,
5111,66,3499999,0,user_2,283,299,4944
5317,73,3499999,0,user_8,284,299,4944
5128,67,3499999,0,user_13,283,299,4944
5133,71,3499999,0,user_18,283,299,4944
5129,69,3499999,0,user_15,283,299,4944
5130,70,3499999,0,user_15,283,299,4944
5321,72,3499999,0,user_9,284,299,4944
5117,68,3499999,0,user_6,283,299,4944
7828,76,3200000,0,user_31,293,299,
7837,74,3200000,0,user_38,293,299,
8159,75,3200000,0,user_31,294,299,
7517,78,3200000,0,user_44,292,299,
6376,77,3200000,0,user_39,288,299,
7208,81,2600000,0,user_44,291,299,
5362,82,2600000,0,user_44,284,299,
9300,80,2600000,71800,user_41,297,299,
7843,84,2500000,0,user_45,293,299,
6127,88,2500000,0,user_46,287,299,
6118,86,2500000,0,user_37,287,299,
6631,85,2500000,0,user_28,289,299,
4947,87,2500000,0,user_47,282,299,
8542,90,2400000,0,user_48,295,299,
8905,89,2400000,0,user_31,296,299,
7201,92,2300000,0,user_36,291,299,
5154,91,2300000,0,user_42,283,299,
7830,93,2100000,0,user_33,293,299,
8163,94,2100000,769000,user_35,294,299,
8541,97,2100000,0,user_48,295,299,
8534,95,2100000,0,user_45,295,299,
5140,96,2100000,11200,user_27,283,299,
5336,89,2000001,0,user_16,284,297,4770
5544,95,2000001,0,user_1,285,298,4770
5113,91,2000001,0,user_4,283,297,4770
5118,92,2000001,0,user_7,283,297,4770
5132,93,2000001,0,user_17,283,297,4770
5568,98,2000001,0,user_12,285,299,4770
5579,99,2000001,0,user_19,285,299,4770
5582,99,2000001,0,user_20,285,298,4770
4779,97,2000001,0,user_12,281,297,4770
5114,98,2000001,0,user_6,283,297,4770
5586,97,2000001,0,user_25,285,298,4770
6645,1,43000000,0,user_40,289,299,
6125,2,43000000,0,user_44,287,299,
9304,0,43000000,410000,user_45,297,299,
8173,3,30000000,0,user_44,294,299,
6372,9,27000000,0,user_37,288,299,
4931,8,27000000,0,user_33,282,299,
6107,7,27000000,0,user_28,287,299,
8155,6,27000000,0,user_27,294,299,
9305,5,27000000,0,user_45,297,299,
9302,4,27000000,0,user_44,297,299,
9691,10,19000000,0,user_44,298,299,
6914,12,19000000,0,user_44,290,299,
4726,13,19000000,0,user_19,280,299,
9697,11,19000000,0,user_47,298,299,
5594,15,6300000,0,user_31,285,299,
5349,21,6300000,0,user_29,284,299,
5360,22,6300000,0,user_43,284,299,
4737,18,6300000,0,user_29,280,299,
4806,17,6300000,0,user_37,281,299,
5153,19,6300000,0,user_42,283,299,
5347,20,6300000,5630,user_27,284,299,
5841,16,6300000,0,user_29,286,299,
8908,23,6300000,594000,user_34,296,299,
6641,24,6100000,0,user_37,289,299,
6647,25,6100000,0,user_41,289,299,
5863,26,6100000,0,user_45,286,299,
4743,28,6100000,0,user_36,280,299,
5842,27,6100000,0,user_30,286,299,
8917,29,6100000,0,user_42,296,299,
5593,30,5200000,21800,user_30,285,299,
5364,34,5200000,0,user_46,284,299,
5352,33,5200000,0,user_34,284,299,
4948,31,5200000,0,user_48,282,299,
4924,32,5200000,0,user_27,282,299,
7835,37,5000000,0,user_38,293,299,
5369,40,5000000,0,user_48,284,299,
4724,38,5000000,0,user_16,280,299,
5143,39,5000000,0,user_31,283,299,
9288,35,5000000,0,user_33,297,299,
9676,36,5000000,0,user_29,298,299,
8156,41,4500000,510000,user_28,294,299,
8167,42,4500000,215000,user_37,294,299,
6119,46,4500000,0,user_38,287,299,
6378,47,4500000,0,user_40,288,299,
6649,43,4500000,256000,user_42,289,299,
5614,45,4500000,0,user_48,285,299,
7209,44,4500000,32900,user_45,291,299,
7505,48,4500000,0,user_27,292,299,
9693,49,4200000,0,user_44,298,299,
5853,50,4200000,46500,user_37,286,299,
4757,51,4200000,0,user_49,280,299,
4949,52,4200000,0,user_49,282,299,
8540,53,4200000,0,user_48,295,299,
6644,55,3600000,0,user_40,289,299,
6634,54,3600000,256000,user_31,289,299,
4927,57,3600000,75000,user_30,282,299,
6916,56,3600000,0,user_47,290,299,
5110,59,3500001,0,user_1,283,299,4944
5125,60,3500001,0,user_12,283,299,4944
5138,61,3500001,0,user_26,283,299,4944
7836,63,3500000,0,user_38,293,299,
4944,65,3500000,161000,user_47,282,299,
6918,64,3500000,410000,user_47,290,299,
9701,62,3500000,0,user_48,298,299,
5317,73,3499999,0,user_8,284,299,4944
5321,72,3499999,0,user_9,284,299,4944
5111,66,3499999,0,user_2,283,299,4944
5129,69,3499999,0,user_15,283,299,4944
5130,70,3499999,0,user_15,283,299,4944
5128,67,3499999,0,user_13,283,299,4944
5133,71,3499999,0,user_18,283,299,4944
5117,68,3499999,0,user_6,283,299,4944
7828,76,3200000,0,user_31,293,299,
7837,74,3200000,0,user_38,293,299,
6376,77,3200000,0,user_39,288,299,
7517,78,3200000,0,user_44,292,299,
8159,75,3200000,0,user_31,294,299,
5362,82,2600000,0,user_44,284,299,
7208,81,2600000,0,user_44,291,299,
9300,80,2600000,71800,user_41,297,299,
7843,84,2500000,0,user_45,293,299,
6631,85,2500000,0,user_28,289,299,
6118,86,2500000,0,user_37,287,299,
6127,88,2500000,0,user_46,287,299,
4947,87,2500000,0,user_47,282,299,
9681,83,2500000,0,user_34,298,299,
8542,90,2400000,0,user_48,295,299,
8905,89,2400000,0,user_31,296,299,
5154,91,2300000,0,user_42,283,299,
7201,92,2300000,0,user_36,291,299,
7830,93,2100000,0,user_33,293,299,
5140,96,2100000,11200,user_27,283,299,
8163,94,2100000,769000,user_35,294,299,
8534,95,2100000,0,user_45,295,299,
8541,97,2100000,0,user_48,295,299,
5544,95,2000001,0,user_1,285,298,4770
5568,98,2000001,0,user_12,285,299,4770
5586,97,2000001,0,user_25,285,298,4770
5587,98,2000001,0,user_26,285,298,4770
5582,99,2000001,0,user_20,285,298,4770
9304,0,43000000,410000,user_45,297,299,
6645,1,43000000,0,user_40,289,299,
6125,2,43000000,0,user_44,287,299,
8173,3,30000000,0,user_44,294,299,
9302,4,27000000,0,user_44,297,299,
9305,5,27000000,0,user_45,297,299,
8155,6,27000000,0,user_27,294,299,
6107,7,27000000,0,user_28,287,299,
4931,8,27000000,0,user_33,282,299,
6372,9,27000000,0,user_37,288,299,
9691,10,19000000,0,user_44,298,299,
9697,11,19000000,0,user_47,298,299,
6914,12,19000000,0,user_44,290,299,
4726,13,19000000,0,user_19,280,299,
10103,14,19000000,0,user_48,299,299,
5594,15,6300000,0,user_31,285,299,
5841,16,6300000,0,user_29,286,299,
4806,17,6300000,0,user_37,281,299,
4737,18,6300000,0,user_29,280,299,
5153,19,6300000,0,user_42,283,299,
5347,20,6300000,5630,user_27,284,299,
5349,21,6300000,0,user_29,284,299,
5360,22,6300000,0,user_43,284,299,
8908,23,6300000,594000,user_34,296,299,
6641,24,6100000,0,user_37,289,299,
6647,25,6100000,0,user_41,289,299,
5863,26,6100000,0,user_45,286,299,
5842,27,6100000,0,user_30,286,299,
4743,28,6100000,0,user_36,280,299,
8917,29,6100000,0,user_42,296,299,
5593,30,5200000,21800,user_30,285,299,
4948,31,5200000,0,user_48,282,299,
4924,32,5200000,0,user_27,282,299,
5352,33,5200000,0,user_34,284,299,
5364,34,5200000,0,user_46,284,299,
9288,35,5000000,0,user_33,297,299,
9676,36,5000000,0,user_29,298,299,
7835,37,5000000,0,user_38,293,299,
4724,38,5000000,0,user_16,280,299,
5143,39,5000000,0,user_31,283,299,
5369,40,5000000,0,user_48,284,299,
8156,41,4500000,510000,user_28,294,299,
8167,42,4500000,215000,user_37,294,299,
6649,43,4500000,256000,user_42,289,299,
7209,44,4500000,32900,user_45,291,299,
5614,45,4500000,0,user_48,285,299,
6119,46,4500000,0,user_38,287,299,
6378,47,4500000,0,user_40,288,299,
7505,48,4500000,0,user_27,292,299,
9693,49,4200000,0,user_44,298,299,
5853,50,4200000,46500,user_37,286,299,
4757,51,4200000,0,user_49,280,299,
4949,52,4200000,0,user_49,282,299,
8540,53,4200000,0,user_48,295,299,
6634,54,3600000,256000,user_31,289,299,
6644,55,3600000,0,user_40,289,299,
6916,56,3600000,0,user_47,290,299,
4927,57,3600000,75000,user_30,282,299,
10092,58,3600000,0,user_34,299,299,
5110,59,3500001,0,user_1,283,299,4944
5125,60,3500001,0,user_12,283,299,4944
5138,61,3500001,0,user_26,283,299,4944
9701,62,3500000,0,user_48,298,299,
7836,63,3500000,0,user_38,293,299,
6918,64,3500000,410000,user_47,290,299,
4944,65,3500000,161000,user_47,282,299,
5111,66,3499999,0,user_2,283,299,4944
5128,67,3499999,0,user_13,283,299,4944
5117,68,3499999,0,user_6,283,299,4944
5129,69,3499999,0,user_15,283,299,4944
5130,70,3499999,0,user_15,283,299,4944
5133,71,3499999,0,user_18,283,299,4944
5321,72,3499999,0,user_9,284,299,4944
5317,73,3499999,0,user_8,284,299,4944
7837,74,3200000,0,user_38,293,299,
8159,75,3200000,0,user_31,294,299,
7828,76,3200000,0,user_31,293,299,
6376,77,3200000,0,user_39,288,299,
7517,78,3200000,0,user_44,292,299,
10096,79,3200000,0,user_39,299,299,
9300,80,2600000,71800,user_41,297,299,
7208,81,2600000,0,user_44,291,299,
5362,82,2600000,0,user_44,284,299,
9681,83,2500000,0,user_34,298,299,
7843,84,2500000,0,user_45,293,299,
6631,85,2500000,0,user_28,289,299,
6118,86,2500000,0,user_37,287,299,
4947,87,2500000,0,user_47,282,299,
6127,88,2500000,0,user_46,287,299,
8905,89,2400000,0,user_31,296,299,
8542,90,2400000,0,user_48,295,299,
5154,91,2300000,0,user_42,283,299,
7201,92,2300000,0,user_36,291,299,
7830,93,2100000,0,user_33,293,299,
8163,94,2100000,769000,user_35,294,299,
8534,95,2100000,0,user_45,295,299,
5140,96,2100000,11200,user_27,283,299,
8541,97,2100000,0,user_48,295,299,
5568,98,2000001,0,user_12,285,299,4770
5579,99,2000001,0,user_19,285,299,4770
4726,13,19000000,0,user_19,300,319,
4737,18,6300000,0,user_29,300,319,
4743,28,6100000,0,user_36,300,319,
4724,38,5000000,0,user_16,300,319,
4736,92,2000000,0,user_28,300,314,
4723,93,2000000,0,user_16,300,314,
4740,94,2000000,0,user_34,300,314,
4734,97,1900000,0,user_24,300,310,
4731,97,1700000,0,user_23,300,309,
4735,94,1500000,128000,user_27,300,307,
4730,94,1400000,0,user_23,300,305,
4732,95,1400000,0,user_23,300,305,
4749,96,1400000,0,user_42,300,305,
4713,99,1300000,0,user_4,300,305,
4753,84,1000000,0,user_44,300,304,
4751,83,1000000,0,user_42,300,304,
4714,74,670000,0,user_6,300,303,
4715,78,530000,0,user_7,300,303,
4717,79,470000,0,user_9,300,303,
4752,85,350000,0,user_42,300,303,
4716,88,320000,0,user_8,300,303,
4722,90,310000,0,user_16,300,303,
4754,69,260000,0,user_45,300,302,
4755,68,260000,0,user_48,300,302,
4729,74,170000,0,user_23,300,302,
4725,77,160000,0,user_16,300,302,
4733,78,160000,0,user_24,300,302,
4745,84,120000,0,user_40,300,302,
4750,85,120000,0,user_42,300,302,
4747,65,110000,33300,user_41,300,301,
4718,72,100000,0,user_11,300,301,
4719,73,100000,0,user_11,300,301,
4721,75,82000,0,user_14,300,301,
4728,74,82000,0,user_23,300,301,
4746,76,82000,0,user_40,300,301,
4727,77,80000,0,user_20,300,301,
4748,80,73000,195000,user_42,300,301,
4720,37,70000,0,user_13,300,300,
4737,18,6300000,0,user_29,300,319,
4806,17,6300000,0,user_37,301,319,
4743,28,6100000,0,user_36,300,319,
4724,38,5000000,0,user_16,300,319,
4757,51,4200000,0,user_49,300,319,
4779,97,2000001,0,user_12,301,317,4770
4723,93,2000000,0,user_16,300,314,
4736,92,2000000,0,user_28,300,314,
4740,94,2000000,0,user_34,300,314,
4770,99,2000000,350000,user_0,301,315,
4800,98,2000000,0,user_32,301,315,
4803,96,2000000,0,user_36,301,314,
4734,97,1900000,0,user_24,300,310,
4731,97,1700000,0,user_23,300,309,
4780,98,1500001,0,user_14,301,308,4735
4793,99,1500001,0,user_22,301,308,4735
4735,94,1500000,128000,user_27,300,307,
4771,99,1499999,0,user_1,301,307,4735
4792,94,1499999,0,user_21,301,306,4735
4794,95,1499999,0,user_22,301,306,4735
4786,96,1499999,0,user_17,301,306,4735
4787,97,1499999,0,user_17,301,306,4735
4788,98,1499999,0,user_17,301,306,4735
4730,94,1400000,0,user_23,300,305,
4732,95,1400000,0,user_23,300,305,
4749,96,1400000,0,user_42,300,305,
4769,97,1400000,0,user_0,301,305,
4713,99,1300000,0,user_4,300,305,
4756,82,1100000,0,user_49,300,304,
4741,81,1100000,0,user_35,300,304,
4753,84,1000000,0,user_44,300,304,
4751,83,1000000,0,user_42,300,304,
4714,74,670000,0,user_6,300,303,
4715,78,530000,0,user_7,300,303,
4717,79,470000,0,user_9,300,303,
4809,81,460000,12300,user_44,301,303,
4739,84,370000,0,user_31,300,303,
4752,85,350000,0,user_42,300,303,
4744,86,340000,0,user_38,300,303,
4716,88,320000,0,user_8,300,303,
4722,90,310000,0,user_16,300,303,
4813,95,300000,71800,user_46,301,303,
4738,67,260000,0,user_31,300,302,
4755,68,260000,0,user_48,300,302,
4754,69,260000,0,user_45,300,302,
4804,70,260000,0,user_37,301,302,
4810,71,240000,0,user_45,301,302,
4799,72,220000,0,user_28,301,302,
4801,73,190000,0,user_33,301,302,
4729,74,170000,0,user_23,300,302,
4807,75,170000,0,user_40,301,302,
4725,77,160000,0,user_16,300,302,
4733,78,160000,0,user_24,300,302,
4811,79,160000,0,user_45,301,302,
4802,80,160000,0,user_33,301,302,
4798,81,160000,0,user_27,301,302,
4805,82,150000,0,user_37,301,302,
4745,84,120000,0,user_40,300,302,
4750,85,120000,0,user_42,300,302,
4812,86,120000,0,user_46,301,302,
4781,91,110001,0,user_14,301,302,4747
4782,93,110001,0,user_15,301,302,4747
4791,92,110001,0,user_21,301,302,4747
4784,94,110001,0,user_17,301,302,4747
4789,95,110001,0,user_18,301,302,4747
4747,65,110000,33300,user_41,300,301,
4742,66,110000,0,user_35,300,301,
4775,67,109999,0,user_6,301,301,4747
4796,68,109999,0,user_25,301,301,4747
4797,69,109999,0,user_26,301,301,4747
4785,70,109999,0,user_17,301,301,4747
4795,71,109999,0,user_24,301,301,4747
4718,72,100000,0,user_11,300,301,
4719,73,100000,0,user_11,300,301,
4728,74,82000,0,user_23,300,301,
4721,75,82000,0,user_14,300,301,
4746,76,82000,0,user_40,300,301,
4727,77,80000,0,user_20,300,301,
4790,78,73001,0,user_20,301,301,4748
4772,79,73001,0,user_3,301,301,4748
4748,80,73000,195000,user_42,300,301,
4774,81,72999,0,user_5,301,301,4748
4777,82,72999,0,user_10,301,301,4748
4773,83,72999,0,user_3,301,301,4748
4776,84,72999,0,user_6,301,301,4748
4778,85,72999,0,user_11,301,301,4748
4783,86,72999,0,user_16,301,301,4748
4931,8,27000000,0,user_33,302,319,
4726,13,19000000,0,user_19,300,319,
4737,18,6300000,0,user_29,300,319,
4806,17,6300000,0,user_37,301,319,
4743,28,6100000,0,user_36,300,319,
4948,31,5200000,0,user_48,302,319,
4924,32,5200000,0,user_27,302,319,
4724,38,5000000,0,user_16,300,319,
4757,51,4200000,0,user_49,300,319,
4927,57,3600000,75000,user_30,302,319,
4944,65,3500000,161000,user_47,302,319,
4947,87,2500000,0,user_47,302,319,
4779,97,2000001,0,user_12,301,317,4770
4736,92,2000000,0,user_28,300,314,
4723,93,2000000,0,user_16,300,314,
4740,94,2000000,0,user_34,300,314,
4770,99,2000000,350000,user_0,301,315,
4803,96,2000000,0,user_36,301,314,
4800,98,2000000,0,user_32,301,315,
4734,97,1900000,0,user_24,300,310,
4731,97,1700000,0,user_23,300,309,
4808,99,1600000,0,user_43,301,309,
4780,98,1500001,0,user_14,301,308,4735
4793,99,1500001,0,user_22,301,308,4735
4922,97,1500001,0,user_24,302,308,4735
4735,94,1500000,128000,user_27,300,307,
4771,99,1499999,0,user_1,301,307,4735
4792,94,1499999,0,user_21,301,306,4735
4794,95,1499999,0,user_22,301,306,4735
4786,96,1499999,0,user_17,301,306,4735
4787,97,1499999,0,user_17,301,306,4735
4788,98,1499999,0,user_17,301,306,4735
4895,99,1499999,0,user_2,302,306,4735
4912,98,1499999,0,user_21,302,307,4735
4730,94,1400000,0,user_23,300,305,
4732,95,1400000,0,user_23,300,305,
4749,96,1400000,0,user_42,300,305,
4769,97,1400000,0,user_0,301,305,
4932,92,1400000,0,user_33,302,305,
4713,99,1300000,0,user_4,300,305,
4756,82,1100000,0,user_49,300,304,
4741,81,1100000,0,user_35,300,304,
4753,84,1000000,0,user_44,300,304,
4751,83,1000000,0,user_42,300,304,
4714,74,670000,0,user_6,300,303,
4939,76,630000,0,user_39,302,303,
4935,77,600000,0,user_37,302,303,
4715,78,530000,0,user_7,300,303,
4717,79,470000,0,user_9,300,303,
4903,80,460001,0,user_11,302,303,4809
4809,81,460000,12300,user_44,301,303,
4902,83,459999,0,user_11,302,303,4809
4739,84,370000,0,user_31,300,303,
4752,85,350000,0,user_42,300,303,
4744,86,340000,0,user_38,300,303,
4716,88,320000,0,user_8,300,303,
4722,90,310000,0,user_16,300,303,
4925,89,310000,0,user_30,302,303,
4907,92,300001,0,user_14,302,303,4813
4921,93,300001,0,user_23,302,303,4813
4901,94,300001,0,user_9,302,303,4813
4813,95,300000,71800,user_46,301,303,
4896,96,299999,0,user_4,302,303,4813
4911,97,299999,0,user_20,302,303,4813
4899,99,299999,0,user_6,302,303,4813
4900,65,299999,0,user_6,302,302,4813
4915,98,299999,0,user_21,302,303,4813
4738,67,260000,0,user_31,300,302,
4755,68,260000,0,user_48,300,302,
4754,69,260000,0,user_45,300,302,
4804,70,260000,0,user_37,301,302,
4810,71,240000,0,user_45,301,302,
4799,72,220000,0,user_28,301,302,
4801,73,190000,0,user_33,301,302,
4729,74,170000,0,user_23,300,302,
4807,75,170000,0,user_40,301,302,
4943,76,170000,4320000,user_47,302,302,
4725,77,160000,0,user_16,300,302,
4733,78,160000,0,user_24,300,302,
4811,79,160000,0,user_45,301,302,
4802,80,160000,0,user_33,301,302,
4798,81,160000,0,user_27,301,302,
4805,82,150000,0,user_37,301,302,
4945,83,150000,0,user_47,302,302,
4745,84,120000,0,user_40,300,302,
4750,85,120000,0,user_42,300,302,
4812,86,120000,0,user_46,301,302,
4814,87,120000,0,user_49,301,302,
4938,88,120000,0,user_39,302,302,
4934,89,120000,0,user_36,302,302,
4946,90,120000,46500,user_47,302,302,
4781,91,110001,0,user_14,301,302,4747
4791,92,110001,0,user_21,301,302,4747
4782,93,110001,0,user_15,301,302,4747
4784,94,110001,0,user_17,301,302,4747
4789,95,110001,0,user_18,301,302,4747
4897,96,110001,0,user_5,302,302,4747
4898,97,110001,0,user_5,302,302,4747
4905,98,110001,0,user_12,302,302,4747
4908,99,110001,0,user_15,302,302,4747
4931,8,27000000,0,user_33,302,319,
4726,13,19000000,0,user_19,300,319,
4806,17,6300000,0,user_37,301,319,
4737,18,6300000,0,user_29,300,319,
5153,19,6300000,0,user_42,303,319,
4743,28,6100000,0,user_36,300,319,
4948,31,5200000,0,user_48,302,319,
4924,32,5200000,0,user_27,302,319,
4724,38,5000000,0,user_16,300,319,
4757,51,4200000,0,user_49,300,319,
4949,52,4200000,0,user_49,302,319,
4927,57,3600000,75000,user_30,302,319,
5110,59,3500001,0,user_1,303,319,4944
5125,60,3500001,0,user_12,303,319,4944
5138,61,3500001,0,user_26,303,319,4944
4944,65,3500000,161000,user_47,302,319,
5111,66,3499999,0,user_2,303,319,4944
5128,67,3499999,0,user_13,303,319,4944
5117,68,3499999,0,user_6,303,319,4944
5129,69,3499999,0,user_15,303,319,4944
5130,70,3499999,0,user_15,303,319,4944
5133,71,3499999,0,user_18,303,319,4944
4947,87,2500000,0,user_47,302,319,
5154,91,2300000,0,user_42,303,319,
5140,96,2100000,11200,user_27,303,319,
4779,97,2000001,0,user_12,301,317,4770
5113,91,2000001,0,user_4,303,317,4770
5114,98,2000001,0,user_6,303,317,4770
5118,92,2000001,0,user_7,303,317,4770
5132,93,2000001,0,user_17,303,317,4770
4800,98,2000000,0,user_32,301,315,
4770,99,2000000,350000,user_0,301,315,
4803,96,2000000,0,user_36,301,314,
5156,99,2000000,0,user_44,303,316,
4723,93,2000000,0,user_16,300,314,
4740,94,2000000,0,user_34,300,314,
4736,92,2000000,0,user_28,300,314,
5116,98,1999999,0,user_6,303,313,4770
5135,93,1999999,0,user_23,303,313,4770
4734,97,1900000,0,user_24,300,310,
4731,97,1700000,0,user_23,300,309,
4808,99,1600000,0,user_43,301,309,
4922,97,1500001,0,user_24,302,308,4735
4780,98,1500001,0,user_14,301,308,4735
4793,99,1500001,0,user_22,301,308,4735
5119,95,1500001,0,user_7,303,308,4735
5124,94,1500001,0,user_12,303,308,4735
5136,96,1500001,0,user_24,303,308,4735
4735,94,1500000,128000,user_27,300,307,
5145,95,1500000,0,user_34,303,307,
5142,96,1500000,0,user_30,303,307,
4912,98,1499999,0,user_21,302,307,4735
4771,99,1499999,0,user_1,301,307,4735
4786,96,1499999,0,user_17,301,306,4735
4787,97,1499999,0,user_17,301,306,4735
4788,98,1499999,0,user_17,301,306,4735
4794,95,1499999,0,user_22,301,306,4735
4792,94,1499999,0,user_21,301,306,4735
4895,99,1499999,0,user_2,302,306,4735
5134,84,1499999,0,user_21,303,305,4735
5137,85,1499999,0,user_25,303,305,4735
4932,92,1400000,0,user_33,302,305,
4769,97,1400000,0,user_0,301,305,
4730,94,1400000,0,user_23,300,305,
4732,95,1400000,0,user_23,300,305,
4749,96,1400000,0,user_42,300,305,
5141,98,1300000,18600,user_28,303,305,
4713,99,1300000,0,user_4,300,305,
4929,80,1200000,0,user_31,302,304,
4741,81,1100000,0,user_35,300,304,
4756,82,1100000,0,user_49,300,304,
4753,84,1000000,0,user_44,300,304,
4751,83,1000000,0,user_42,300,304,
5144,96,910000,7190000,user_32,303,304,
4714,74,670000,0,user_6,300,303,
5139,75,660000,7190000,user_27,303,303,
4939,76,630000,0,user_39,302,303,
4935,77,600000,0,user_37,302,303,
4715,78,530000,0,user_7,300,303,
4717,79,470000,0,user_9,300,303,
4903,80,460001,0,user_11,302,303,4809
4809,81,460000,12300,user_44,301,303,
5152,82,460000,0,user_41,303,303,
4902,83,459999,0,user_11,302,303,4809
4739,84,370000,0,user_31,300,303,
4752,85,350000,0,user_42,300,303,
4744,86,340000,0,user_38,300,303,
5150,87,340000,0,user_37,303,303,
4716,88,320000,0,user_8,300,303,
4925,89,310000,0,user_30,302,303,
4722,90,310000,0,user_16,300,303,
5148,91,310000,0,user_36,303,303,
4907,92,300001,0,user_14,302,303,4813
4921,93,300001,0,user_23,302,303,4813
4901,94,300001,0,user_9,302,303,4813
4813,95,300000,71800,user_46,301,303,
4896,96,299999,0,user_4,302,303,4813
4911,97,299999,0,user_20,302,303,4813
4915,98,299999,0,user_21,302,303,4813
4899,99,299999,0,user_6,302,303,4813
4931,8,27000000,0,user_33,302,319,
4726,13,19000000,0,user_19,300,319,
5153,19,6300000,0,user_42,303,319,
4806,17,6300000,0,user_37,301,319,
4737,18,6300000,0,user_29,300,319,
5349,21,6300000,0,user_29,304,319,
5347,20,6300000,5630,user_27,304,319,
4743,28,6100000,0,user_36,300,319,
4924,32,5200000,0,user_27,302,319,
4948,31,5200000,0,user_48,302,319,
5364,34,5200000,0,user_46,304,319,
5352,33,5200000,0,user_34,304,319,
5143,39,5000000,0,user_31,303,319,
4724,38,5000000,0,user_16,300,319,
5369,40,5000000,0,user_48,304,319,
4949,52,4200000,0,user_49,302,319,
4757,51,4200000,0,user_49,300,319,
4927,57,3600000,75000,user_30,302,319,
5125,60,3500001,0,user_12,303,319,4944
5138,61,3500001,0,user_26,303,319,4944
5110,59,3500001,0,user_1,303,319,4944
4944,65,3500000,161000,user_47,302,319,
5128,67,3499999,0,user_13,303,319,4944
5117,68,3499999,0,user_6,303,319,4944
5129,69,3499999,0,user_15,303,319,4944
5130,70,3499999,0,user_15,303,319,4944
5133,71,3499999,0,user_18,303,319,4944
5111,66,3499999,0,user_2,303,319,4944
5317,73,3499999,0,user_8,304,319,4944
5321,72,3499999,0,user_9,304,319,4944
5362,82,2600000,0,user_44,304,319,
4947,87,2500000,0,user_47,302,319,
5154,91,2300000,0,user_42,303,319,
5140,96,2100000,11200,user_27,303,319,
5113,91,2000001,0,user_4,303,317,4770
5114,98,2000001,0,user_6,303,317,4770
5118,92,2000001,0,user_7,303,317,4770
5132,93,2000001,0,user_17,303,317,4770
4779,97,2000001,0,user_12,301,317,4770
5336,89,2000001,0,user_16,304,317,4770
5156,99,2000000,0,user_44,303,316,
4770,99,2000000,350000,user_0,301,315,
4803,96,2000000,0,user_36,301,314,
4736,92,2000000,0,user_28,300,314,
4723,93,2000000,0,user_16,300,314,
4740,94,2000000,0,user_34,300,314,
4800,98,2000000,0,user_32,301,315,
5116,98,1999999,0,user_6,303,313,4770
5135,93,1999999,0,user_23,303,313,4770
4734,97,1900000,0,user_24,300,310,
5366,96,1800000,0,user_47,304,309,
4731,97,1700000,0,user_23,300,309,
4808,99,1600000,0,user_43,301,309,
5124,94,1500001,0,user_12,303,308,4735
5119,95,1500001,0,user_7,303,308,4735
5136,96,1500001,0,user_24,303,308,4735
4922,97,1500001,0,user_24,302,308,4735
4780,98,1500001,0,user_14,301,308,4735
4793,99,1500001,0,user_22,301,308,4735
5142,96,1500000,0,user_30,303,307,
5145,95,1500000,0,user_34,303,307,
4735,94,1500000,128000,user_27,300,307,
5350,97,1500000,0,user_30,304,307,
5134,84,1499999,0,user_21,303,305,4735
4895,99,1499999,0,user_2,302,306,4735
5137,85,1499999,0,user_25,303,305,4735
4771,99,1499999,0,user_1,301,307,4735
4912,98,1499999,0,user_21,302,307,4735
4792,94,1499999,0,user_21,301,306,4735
4786,96,1499999,0,user_17,301,306,4735
4787,97,1499999,0,user_17,301,306,4735
4788,98,1499999,0,user_17,301,306,4735
4794,95,1499999,0,user_22,301,306,4735
4749,96,1400000,0,user_42,300,305,
4769,97,1400000,0,user_0,301,305,
4932,92,1400000,0,user_33,302,305,
4730,94,1400000,0,user_23,300,305,
4732,95,1400000,0,user_23,300,305,
5141,98,1300000,18600,user_28,303,305,
4713,99,1300000,0,user_4,300,305,
4929,80,1200000,0,user_31,302,304,
4741,81,1100000,0,user_35,300,304,
4756,82,1100000,0,user_49,300,304,
4751,83,1000000,0,user_42,300,304,
4753,84,1000000,0,user_44,300,304,
5353,85,1000000,0,user_36,304,304,
5312,86,910001,0,user_1,304,304,5144
5314,87,910001,0,user_2,304,304,5144
5323,88,910001,0,user_10,304,304,5144
5324,89,910001,0,user_11,304,304,5144
5325,90,910001,0,user_11,304,304,5144
5341,91,910001,0,user_19,304,304,5144
5315,92,910001,0,user_3,304,304,5144
5319,93,910001,0,user_8,304,304,5144
5320,94,910001,0,user_9,304,304,5144
5322,95,910001,0,user_9,304,304,5144
5144,96,910000,7190000,user_32,303,304,
5328,97,909999,0,user_13,304,304,5144
5311,98,909999,0,user_0,304,304,5144
5316,99,909999,0,user_6,304,304,5144
4931,8,27000000,0,user_33,302,319,
4726,13,19000000,0,user_19,300,319,
5349,21,6300000,0,user_29,304,319,
5360,22,6300000,0,user_43,304,319,
5347,20,6300000,5630,user_27,304,319,
4737,18,6300000,0,user_29,300,319,
4806,17,6300000,0,user_37,301,319,
5153,19,6300000,0,user_42,303,319,
4743,28,6100000,0,user_36,300,319,
5364,34,5200000,0,user_46,304,319,
5352,33,5200000,0,user_34,304,319,
4924,32,5200000,0,user_27,302,319,
4948,31,5200000,0,user_48,302,319,
5593,30,5200000,21800,user_30,305,319,
5369,40,5000000,0,user_48,304,319,
5143,39,5000000,0,user_31,303,319,
4724,38,5000000,0,user_16,300,319,
5614,45,4500000,0,user_48,305,319,
4949,52,4200000,0,user_49,302,319,
4757,51,4200000,0,user_49,300,319,
4927,57,3600000,75000,user_30,302,319,
5110,59,3500001,0,user_1,303,319,4944
5125,60,3500001,0,user_12,303,319,4944
5138,61,3500001,0,user_26,303,319,4944
4944,65,3500000,161000,user_47,302,319,
5111,66,3499999,0,user_2,303,319,4944
5317,73,3499999,0,user_8,304,319,4944
5128,67,3499999,0,user_13,303,319,4944
5133,71,3499999,0,user_18,303,319,4944
5129,69,3499999,0,user_15,303,319,4944
5130,70,3499999,0,user_15,303,319,4944
5321,72,3499999,0,user_9,304,319,4944
5117,68,3499999,0,user_6,303,319,4944
5362,82,2600000,0,user_44,304,319,
4947,87,2500000,0,user_47,302,319,
5154,91,2300000,0,user_42,303,319,
5140,96,2100000,11200,user_27,303,319,
5336,89,2000001,0,user_16,304,317,4770
5544,95,2000001,0,user_1,305,318,4770
5113,91,2000001,0,user_4,303,317,4770
5118,92,2000001,0,user_7,303,317,4770
5132,93,2000001,0,user_17,303,317,4770
5568,98,2000001,0,user_12,305,319,4770
5579,99,2000001,0,user_19,305,319,4770
5582,99,2000001,0,user_20,305,318,4770
4779,97,2000001,0,user_12,301,317,4770
5114,98,2000001,0,user_6,303,317,4770
5586,97,2000001,0,user_25,305,318,4770
5587,98,2000001,0,user_26,305,318,4770
5156,99,2000000,0,user_44,303,316,
4723,93,2000000,0,user_16,300,314,
4736,92,2000000,0,user_28,300,314,
4740,94,2000000,0,user_34,300,314,
4770,99,2000000,350000,user_0,301,315,
4800,98,2000000,0,user_32,301,315,
4803,96,2000000,0,user_36,301,314,
5135,93,1999999,0,user_23,303,313,4770
5570,94,1999999,0,user_13,305,313,4770
5543,95,1999999,0,user_0,305,313,4770
5580,96,1999999,0,user_19,305,313,4770
5581,97,1999999,0,user_19,305,313,4770
5116,98,1999999,0,user_6,303,313,4770
5555,99,1999999,0,user_6,305,313,4770
5585,94,1999999,0,user_25,305,311,4770
5575,95,1999999,0,user_17,305,312,4770
5584,99,1999999,0,user_24,305,312,4770
5577,96,1999999,0,user_18,305,312,4770
4734,97,1900000,0,user_24,300,310,
5366,96,1800000,0,user_47,304,309,
4731,97,1700000,0,user_23,300,309,
4808,99,1600000,0,user_43,301,309,
4922,97,1500001,0,user_24,302,308,4735
5124,94,1500001,0,user_12,303,308,4735
5119,95,1500001,0,user_7,303,308,4735
5136,96,1500001,0,user_24,303,308,4735
4780,98,1500001,0,user_14,301,308,4735
4793,99,1500001,0,user_22,301,308,4735
5350,97,1500000,0,user_30,304,307,
5142,96,1500000,0,user_30,303,307,
4735,94,1500000,128000,user_27,300,307,
5145,95,1500000,0,user_34,303,307,
5613,92,1500000,0,user_46,305,307,
4895,99,1499999,0,user_2,302,306,4735
4912,98,1499999,0,user_21,302,307,4735
5134,84,1499999,0,user_21,303,305,4735
5137,85,1499999,0,user_25,303,305,4735
4771,99,1499999,0,user_1,301,307,4735
4792,94,1499999,0,user_21,301,306,4735
4794,95,1499999,0,user_22,301,306,4735
4786,96,1499999,0,user_17,301,306,4735
4787,97,1499999,0,user_17,301,306,4735
4788,98,1499999,0,user_17,301,306,4735
4932,92,1400000,0,user_33,302,305,
5609,93,1400000,0,user_44,305,305,
4730,94,1400000,0,user_23,300,305,
4732,95,1400000,0,user_23,300,305,
4749,96,1400000,0,user_42,300,305,
4769,97,1400000,0,user_0,301,305,
5141,98,1300000,18600,user_28,303,305,
4713,99,1300000,0,user_4,300,305,
4931,8,27000000,0,user_33,302,319,
4726,13,19000000,0,user_19,300,319,
5594,15,6300000,0,user_31,305,319,
5349,21,6300000,0,user_29,304,319,
5360,22,6300000,0,user_43,304,319,
4737,18,6300000,0,user_29,300,319,
4806,17,6300000,0,user_37,301,319,
5153,19,6300000,0,user_42,303,319,
5347,20,6300000,5630,user_27,304,319,
5841,16,6300000,0,user_29,306,319,
5863,26,6100000,0,user_45,306,319,
4743,28,6100000,0,user_36,300,319,
5842,27,6100000,0,user_30,306,319,
5593,30,5200000,21800,user_30,305,319,
5364,34,5200000,0,user_46,304,319,
5352,33,5200000,0,user_34,304,319,
4948,31,5200000,0,user_48,302,319,
4924,32,5200000,0,user_27,302,319,
5369,40,5000000,0,user_48,304,319,
4724,38,5000000,0,user_16,300,319,
5143,39,5000000,0,user_31,303,319,
5614,45,4500000,0,user_48,305,319,
5853,50,4200000,46500,user_37,306,319,
4757,51,4200000,0,user_49,300,319,
4949,52,4200000,0,user_49,302,319,
4927,57,3600000,75000,user_30,302,319,
5110,59,3500001,0,user_1,303,319,4944
5125,60,3500001,0,user_12,303,319,4944
5138,61,3500001,0,user_26,303,319,4944
4944,65,3500000,161000,user_47,302,319,
5317,73,3499999,0,user_8,304,319,4944
5321,72,3499999,0,user_9,304,319,4944
5111,66,3499999,0,user_2,303,319,4944
5129,69,3499999,0,user_15,303,319,4944
5130,70,3499999,0,user_15,303,319,4944
5128,67,3499999,0,user_13,303,319,4944
5133,71,3499999,0,user_18,303,319,4944
5117,68,3499999,0,user_6,303,319,4944
5362,82,2600000,0,user_44,304,319,
4947,87,2500000,0,user_47,302,319,
5154,91,2300000,0,user_42,303,319,
5140,96,2100000,11200,user_27,303,319,
5544,95,2000001,0,user_1,305,318,4770
5568,98,2000001,0,user_12,305,319,4770
5586,97,2000001,0,user_25,305,318,4770
5587,98,2000001,0,user_26,305,318,4770
5582,99,2000001,0,user_20,305,318,4770
5336,89,2000001,0,user_16,304,317,4770
5579,99,2000001,0,user_19,305,319,4770
4779,97,2000001,0,user_12,301,317,4770
5113,91,2000001,0,user_4,303,317,4770
5118,92,2000001,0,user_7,303,317,4770
5132,93,2000001,0,user_17,303,317,4770
5114,98,2000001,0,user_6,303,317,4770
5823,95,2000001,0,user_8,306,316,4770
4736,92,2000000,0,user_28,300,314,
4723,93,2000000,0,user_16,300,314,
4740,94,2000000,0,user_34,300,314,
4770,99,2000000,350000,user_0,301,315,
4803,96,2000000,0,user_36,301,314,
4800,98,2000000,0,user_32,301,315,
5156,99,2000000,0,user_44,303,316,
5858,97,2000000,0,user_40,306,315,
5543,95,1999999,0,user_0,305,313,4770
5570,94,1999999,0,user_13,305,313,4770
5575,95,1999999,0,user_17,305,312,4770
5584,99,1999999,0,user_24,305,312,4770
5585,94,1999999,0,user_25,305,311,4770
5577,96,1999999,0,user_18,305,312,4770
5555,99,1999999,0,user_6,305,313,4770
5580,96,1999999,0,user_19,305,313,4770
5581,97,1999999,0,user_19,305,313,4770
5135,93,1999999,0,user_23,303,313,4770
5116,98,1999999,0,user_6,303,313,4770
4734,97,1900000,0,user_24,300,310,
5869,98,1900000,0,user_47,306,310,
5366,96,1800000,0,user_47,304,309,
4731,97,1700000,0,user_23,300,309,
5604,92,1600000,0,user_38,305,308,
5862,93,1600000,0,user_45,306,308,
4808,99,1600000,0,user_43,301,309,
4780,98,1500001,0,user_14,301,308,4735
4793,99,1500001,0,user_22,301,308,4735
4922,97,1500001,0,user_24,302,308,4735
5119,95,1500001,0,user_7,303,308,4735
5124,94,1500001,0,user_12,303,308,4735
5136,96,1500001,0,user_24,303,308,4735
5613,92,1500000,0,user_46,305,307,
5350,97,1500000,0,user_30,304,307,
5861,93,1500000,0,user_45,306,307,
4735,94,1500000,128000,user_27,300,307,
5142,96,1500000,0,user_30,303,307,
5145,95,1500000,0,user_34,303,307,
4771,99,1499999,0,user_1,301,307,4735
4792,94,1499999,0,user_21,301,306,4735
4794,95,1499999,0,user_22,301,306,4735
4786,96,1499999,0,user_17,301,306,4735
4787,97,1499999,0,user_17,301,306,4735
4788,98,1499999,0,user_17,301,306,4735
4895,99,1499999,0,user_2,302,306,4735
6125,2,43000000,0,user_44,307,319,
6107,7,27000000,0,user_28,307,319,
4931,8,27000000,0,user_33,302,319,
4726,13,19000000,0,user_19,300,319,
5594,15,6300000,0,user_31,305,319,
5841,16,6300000,0,user_29,306,319,
4806,17,6300000,0,user_37,301,319,
4737,18,6300000,0,user_29,300,319,
5153,19,6300000,0,user_42,303,319,
5347,20,6300000,5630,user_27,304,319,
5349,21,6300000,0,user_29,304,319,
5360,22,6300000,0,user_43,304,319,
5863,26,6100000,0,user_45,306,319,
5842,27,6100000,0,user_30,306,319,
4743,28,6100000,0,user_36,300,319,
5593,30,5200000,21800,user_30,305,319,
4948,31,5200000,0,user_48,302,319,
4924,32,5200000,0,user_27,302,319,
5352,33,5200000,0,user_34,304,319,
5364,34,5200000,0,user_46,304,319,
4724,38,5000000,0,user_16,300,319,
5143,39,5000000,0,user_31,303,319,
5369,40,5000000,0,user_48,304,319,
5614,45,4500000,0,user_48,305,319,
5853,50,4200000,46500,user_37,306,319,
4757,51,4200000,0,user_49,300,319,
4949,52,4200000,0,user_49,302,319,
4927,57,3600000,75000,user_30,302,319,
5110,59,3500001,0,user_1,303,319,4944
5125,60,3500001,0,user_12,303,319,4944
5138,61,3500001,0,user_26,303,319,4944
4944,65,3500000,161000,user_47,302,319,
5111,66,3499999,0,user_2,303,319,4944
5128,67,3499999,0,user_13,303,319,4944
5117,68,3499999,0,user_6,303,319,4944
5129,69,3499999,0,user_15,303,319,4944
5130,70,3499999,0,user_15,303,319,4944
5133,71,3499999,0,user_18,303,319,4944
5321,72,3499999,0,user_9,304,319,4944
5317,73,3499999,0,user_8,304,319,4944
5362,82,2600000,0,user_44,304,319,
6118,86,2500000,0,user_37,307,319,
4947,87,2500000,0,user_47,302,319,
6127,88,2500000,0,user_46,307,319,
5154,91,2300000,0,user_42,303,319,
5140,96,2100000,11200,user_27,303,319,
5568,98,2000001,0,user_12,305,319,4770
5579,99,2000001,0,user_19,305,319,4770
5582,99,2000001,0,user_20,305,318,4770
5586,97,2000001,0,user_25,305,318,4770
5587,98,2000001,0,user_26,305,318,4770
5823,95,2000001,0,user_8,306,316,4770
4779,97,2000001,0,user_12,301,317,4770
5113,91,2000001,0,user_4,303,317,4770
5114,98,2000001,0,user_6,303,317,4770
5118,92,2000001,0,user_7,303,317,4770
5132,93,2000001,0,user_17,303,317,4770
5336,89,2000001,0,user_16,304,317,4770
5544,95,2000001,0,user_1,305,318,4770
5858,97,2000000,0,user_40,306,315,
4800,98,2000000,0,user_32,301,315,
4770,99,2000000,350000,user_0,301,315,
4803,96,2000000,0,user_36,301,314,
5156,99,2000000,0,user_44,303,316,
4723,93,2000000,0,user_16,300,314,
4740,94,2000000,0,user_34,300,314,
4736,92,2000000,0,user_28,300,314,
5570,94,1999999,0,user_13,305,313,4770
5543,95,1999999,0,user_0,305,313,4770
5580,96,1999999,0,user_19,305,313,4770
5581,97,1999999,0,user_19,305,313,4770
5555,99,1999999,0,user_6,305,313,4770
5585,94,1999999,0,user_25,305,311,4770
5575,95,1999999,0,user_17,305,312,4770
5584,99,1999999,0,user_24,305,312,4770
5577,96,1999999,0,user_18,305,312,4770
5116,98,1999999,0,user_6,303,313,4770
5135,93,1999999,0,user_23,303,313,4770
5869,98,1900000,0,user_47,306,310,
4734,97,1900000,0,user_24,300,310,
5366,96,1800000,0,user_47,304,309,
4731,97,1700000,0,user_23,300,309,
5604,92,1600000,0,user_38,305,308,
5862,93,1600000,0,user_45,306,308,
4808,99,1600000,0,user_43,301,309,
6110,98,1600000,0,user_33,307,309,
4922,97,1500001,0,user_24,302,308,4735
4780,98,1500001,0,user_14,301,308,4735
4793,99,1500001,0,user_22,301,308,4735
5119,95,1500001,0,user_7,303,308,4735
5124,94,1500001,0,user_12,303,308,4735
5136,96,1500001,0,user_24,303,308,4735
5613,92,1500000,0,user_46,305,307,
5861,93,1500000,0,user_45,306,307,
4735,94,1500000,128000,user_27,300,307,
5145,95,1500000,0,user_34,303,307,
5142,96,1500000,0,user_30,303,307,
5350,97,1500000,0,user_30,304,307,
4912,98,1499999,0,user_21,302,307,4735
4771,99,1499999,0,user_1,301,307,4735
6125,2,43000000,0,user_44,307,319,
6107,7,27000000,0,user_28,307,319,
6372,9,27000000,0,user_37,308,319,
4931,8,27000000,0,user_33,302,319,
4726,13,19000000,0,user_19,300,319,
5153,19,6300000,0,user_42,303,319,
4806,17,6300000,0,user_37,301,319,
4737,18,6300000,0,user_29,300,319,
5349,21,6300000,0,user_29,304,319,
5360,22,6300000,0,user_43,304,319,
5347,20,6300000,5630,user_27,304,319,
5594,15,6300000,0,user_31,305,319,
5841,16,6300000,0,user_29,306,319,
4743,28,6100000,0,user_36,300,319,
5842,27,6100000,0,user_30,306,319,
5863,26,6100000,0,user_45,306,319,
4924,32,5200000,0,user_27,302,319,
4948,31,5200000,0,user_48,302,319,
5364,34,5200000,0,user_46,304,319,
5352,33,5200000,0,user_34,304,319,
5593,30,5200000,21800,user_30,305,319,
5143,39,5000000,0,user_31,303,319,
4724,38,5000000,0,user_16,300,319,
5369,40,5000000,0,user_48,304,319,
6119,46,4500000,0,user_38,307,319,
5614,45,4500000,0,user_48,305,319,
6378,47,4500000,0,user_40,308,319,
4949,52,4200000,0,user_49,302,319,
4757,51,4200000,0,user_49,300,319,
5853,50,4200000,46500,user_37,306,319,
4927,57,3600000,75000,user_30,302,319,
5125,60,3500001,0,user_12,303,319,4944
5138,61,3500001,0,user_26,303,319,4944
5110,59,3500001,0,user_1,303,319,4944
4944,65,3500000,161000,user_47,302,319,
5128,67,3499999,0,user_13,303,319,4944
5117,68,3499999,0,user_6,303,319,4944
5129,69,3499999,0,user_15,303,319,4944
5130,70,3499999,0,user_15,303,319,4944
5133,71,3499999,0,user_18,303,319,4944
5111,66,3499999,0,user_2,303,319,4944
5317,73,3499999,0,user_8,304,319,4944
5321,72,3499999,0,user_9,304,319,4944
6376,77,3200000,0,user_39,308,319,
5362,82,2600000,0,user_44,304,319,
6127,88,2500000,0,user_46,307,319,
6118,86,2500000,0,user_37,307,319,
4947,87,2500000,0,user_47,302,319,
5154,91,2300000,0,user_42,303,319,
5140,96,2100000,11200,user_27,303,319,
5113,91,2000001,0,user_4,303,317,4770
5114,98,2000001,0,user_6,303,317,4770
5118,92,2000001,0,user_7,303,317,4770
5132,93,2000001,0,user_17,303,317,4770
4779,97,2000001,0,user_12,301,317,4770
5336,89,2000001,0,user_16,304,317,4770
5544,95,2000001,0,user_1,305,318,4770
5568,98,2000001,0,user_12,305,319,4770
5582,99,2000001,0,user_20,305,318,4770
5579,99,2000001,0,user_19,305,319,4770
5586,97,2000001,0,user_25,305,318,4770
5587,98,2000001,0,user_26,305,318,4770
5823,95,2000001,0,user_8,306,316,4770
5156,99,2000000,0,user_44,303,316,
4770,99,2000000,350000,user_0,301,315,
4803,96,2000000,0,user_36,301,314,
4736,92,2000000,0,user_28,300,314,
4723,93,2000000,0,user_16,300,314,
4740,94,2000000,0,user_34,300,314,
4800,98,2000000,0,user_32,301,315,
5858,97,2000000,0,user_40,306,315,
6368,90,2000000,0,user_34,308,314,
6386,89,2000000,0,user_47,308,314,
5116,98,1999999,0,user_6,303,313,4770
5135,93,1999999,0,user_23,303,313,4770
5543,95,1999999,0,user_0,305,313,4770
5570,94,1999999,0,user_13,305,313,4770
5575,95,1999999,0,user_17,305,312,4770
5577,96,1999999,0,user_18,305,312,4770
5580,96,1999999,0,user_19,305,313,4770
5581,97,1999999,0,user_19,305,313,4770
5584,99,1999999,0,user_24,305,312,4770
5585,94,1999999,0,user_25,305,311,4770
5555,99,1999999,0,user_6,305,313,4770
6124,96,1900000,0,user_43,307,310,
4734,97,1900000,0,user_24,300,310,
5869,98,1900000,0,user_47,306,310,
5366,96,1800000,0,user_47,304,309,
6374,99,1800000,0,user_39,308,310,
4731,97,1700000,0,user_23,300,309,
6110,98,1600000,0,user_33,307,309,
4808,99,1600000,0,user_43,301,309,
5604,92,1600000,0,user_38,305,308,
5862,93,1600000,0,user_45,306,308,
5124,94,1500001,0,user_12,303,308,4735
5119,95,1500001,0,user_7,303,308,4735
5136,96,1500001,0,user_24,303,308,4735
4922,97,1500001,0,user_24,302,308,4735
4780,98,1500001,0,user_14,301,308,4735
4793,99,1500001,0,user_22,301,308,4735
6125,2,43000000,0,user_44,307,319,
6645,1,43000000,0,user_40,309,319,
6372,9,27000000,0,user_37,308,319,
6107,7,27000000,0,user_28,307,319,
4931,8,27000000,0,user_33,302,319,
4726,13,19000000,0,user_19,300,319,
5349,21,6300000,0,user_29,304,319,
5360,22,6300000,0,user_43,304,319,
5347,20,6300000,5630,user_27,304,319,
4737,18,6300000,0,user_29,300,319,
4806,17,6300000,0,user_37,301,319,
5153,19,6300000,0,user_42,303,319,
5594,15,6300000,0,user_31,305,319,
5841,16,6300000,0,user_29,306,319,
6641,24,6100000,0,user_37,309,319,
4743,28,6100000,0,user_36,300,319,
5863,26,6100000,0,user_45,306,319,
5842,27,6100000,0,user_30,306,319,
6647,25,6100000,0,user_41,309,319,
5364,34,5200000,0,user_46,304,319,
5352,33,5200000,0,user_34,304,319,
4924,32,5200000,0,user_27,302,319,
4948,31,5200000,0,user_48,302,319,
5593,30,5200000,21800,user_30,305,319,
5369,40,5000000,0,user_48,304,319,
5143,39,5000000,0,user_31,303,319,
4724,38,5000000,0,user_16,300,319,
6378,47,4500000,0,user_40,308,319,
6119,46,4500000,0,user_38,307,319,
5614,45,4500000,0,user_48,305,319,
6649,43,4500000,256000,user_42,309,319,
4949,52,4200000,0,user_49,302,319,
4757,51,4200000,0,user_49,300,319,
5853,50,4200000,46500,user_37,306,319,
4927,57,3600000,75000,user_30,302,319,
6644,55,3600000,0,user_40,309,319,
5110,59,3500001,0,user_1,303,319,4944
5125,60,3500001,0,user_12,303,319,4944
5138,61,3500001,0,user_26,303,319,4944
4944,65,3500000,161000,user_47,302,319,
5111,66,3499999,0,user_2,303,319,4944
5317,73,3499999,0,user_8,304,319,4944
5128,67,3499999,0,user_13,303,319,4944
5133,71,3499999,0,user_18,303,319,4944
5129,69,3499999,0,user_15,303,319,4944
5130,70,3499999,0,user_15,303,319,4944
5321,72,3499999,0,user_9,304,319,4944
5117,68,3499999,0,user_6,303,319,4944
6376,77,3200000,0,user_39,308,319,
5362,82,2600000,0,user_44,304,319,
6127,88,2500000,0,user_46,307,319,
6118,86,2500000,0,user_37,307,319,
6631,85,2500000,0,user_28,309,319,
4947,87,2500000,0,user_47,302,319,
5154,91,2300000,0,user_42,303,319,
5140,96,2100000,11200,user_27,303,319,
5336,89,2000001,0,user_16,304,317,4770
5544,95,2000001,0,user_1,305,318,4770
5113,91,2000001,0,user_4,303,317,4770
5118,92,2000001,0,user_7,303,317,4770
5132,93,2000001,0,user_17,303,317,4770
5568,98,2000001,0,user_12,305,319,4770
5579,99,2000001,0,user_19,305,319,4770
5582,99,2000001,0,user_20,305,318,4770
4779,97,2000001,0,user_12,301,317,4770
5114,98,2000001,0,user_6,303,317,4770
5586,97,2000001,0,user_25,305,318,4770
5587,98,2000001,0,user_26,305,318,4770
5823,95,2000001,0,user_8,306,316,4770
6386,89,2000000,0,user_47,308,314,
6368,90,2000000,0,user_34,308,314,
5156,99,2000000,0,user_44,303,316,
4723,93,2000000,0,user_16,300,314,
4736,92,2000000,0,user_28,300,314,
4740,94,2000000,0,user_34,300,314,
4770,99,2000000,350000,user_0,301,315,
4800,98,2000000,0,user_32,301,315,
4803,96,2000000,0,user_36,301,314,
5858,97,2000000,0,user_40,306,315,
6657,95,2000000,0,user_48,309,315,
6637,96,2000000,0,user_34,309,315,
5135,93,1999999,0,user_23,303,313,4770
5570,94,1999999,0,user_13,305,313,4770
5543,95,1999999,0,user_0,305,313,4770
5580,96,1999999,0,user_19,305,313,4770
5581,97,1999999,0,user_19,305,313,4770
5116,98,1999999,0,user_6,303,313,4770
5555,99,1999999,0,user_6,305,313,4770
5585,94,1999999,0,user_25,305,311,4770
5575,95,1999999,0,user_17,305,312,4770
5584,99,1999999,0,user_24,305,312,4770
5577,96,1999999,0,user_18,305,312,4770
6124,96,1900000,0,user_43,307,310,
4734,97,1900000,0,user_24,300,310,
5869,98,1900000,0,user_47,306,310,
6374,99,1800000,0,user_39,308,310,
5366,96,1800000,0,user_47,304,309,
4731,97,1700000,0,user_23,300,309,
6110,98,1600000,0,user_33,307,309,
4808,99,1600000,0,user_43,301,309,
6645,1,43000000,0,user_40,309,319,
6125,2,43000000,0,user_44,307,319,
6372,9,27000000,0,user_37,308,319,
4931,8,27000000,0,user_33,302,319,
6107,7,27000000,0,user_28,307,319,
6914,12,19000000,0,user_44,310,319,
4726,13,19000000,0,user_19,300,319,
5594,15,6300000,0,user_31,305,319,
5349,21,6300000,0,user_29,304,319,
5360,22,6300000,0,user_43,304,319,
4737,18,6300000,0,user_29,300,319,
4806,17,6300000,0,user_37,301,319,
5153,19,6300000,0,user_42,303,319,
5347,20,6300000,5630,user_27,304,319,
5841,16,6300000,0,user_29,306,319,
6641,24,6100000,0,user_37,309,319,
6647,25,6100000,0,user_41,309,319,
5863,26,6100000,0,user_45,306,319,
4743,28,6100000,0,user_36,300,319,
5842,27,6100000,0,user_30,306,319,
5593,30,5200000,21800,user_30,305,319,
5364,34,5200000,0,user_46,304,319,
5352,33,5200000,0,user_34,304,319,
4948,31,5200000,0,user_48,302,319,
4924,32,5200000,0,user_27,302,319,
5369,40,5000000,0,user_48,304,319,
4724,38,5000000,0,user_16,300,319,
5143,39,5000000,0,user_31,303,319,
6119,46,4500000,0,user_38,307,319,
6378,47,4500000,0,user_40,308,319,
6649,43,4500000,256000,user_42,309,319,
5614,45,4500000,0,user_48,305,319,
5853,50,4200000,46500,user_37,306,319,
4757,51,4200000,0,user_49,300,319,
4949,52,4200000,0,user_49,302,319,
6644,55,3600000,0,user_40,309,319,
6634,54,3600000,256000,user_31,309,319,
4927,57,3600000,75000,user_30,302,319,
6916,56,3600000,0,user_47,310,319,
5110,59,3500001,0,user_1,303,319,4944
5125,60,3500001,0,user_12,303,319,4944
5138,61,3500001,0,user_26,303,319,4944
4944,65,3500000,161000,user_47,302,319,
6918,64,3500000,410000,user_47,310,319,
5317,73,3499999,0,user_8,304,319,4944
5321,72,3499999,0,user_9,304,319,4944
5111,66,3499999,0,user_2,303,319,4944
5129,69,3499999,0,user_15,303,319,4944
5130,70,3499999,0,user_15,303,319,4944
5128,67,3499999,0,user_13,303,319,4944
5133,71,3499999,0,user_18,303,319,4944
5117,68,3499999,0,user_6,303,319,4944
6376,77,3200000,0,user_39,308,319,
5362,82,2600000,0,user_44,304,319,
6631,85,2500000,0,user_28,309,319,
6118,86,2500000,0,user_37,307,319,
6127,88,2500000,0,user_46,307,319,
4947,87,2500000,0,user_47,302,319,
5154,91,2300000,0,user_42,303,319,
5140,96,2100000,11200,user_27,303,319,
5544,95,2000001,0,user_1,305,318,4770
5568,98,2000001,0,user_12,305,319,4770
5586,97,2000001,0,user_25,305,318,4770
5587,98,2000001,0,user_26,305,318,4770
5582,99,2000001,0,user_20,305,318,4770
5336,89,2000001,0,user_16,304,317,4770
5579,99,2000001,0,user_19,305,319,4770
4779,97,2000001,0,user_12,301,317,4770
5113,91,2000001,0,user_4,303,317,4770
5118,92,2000001,0,user_7,303,317,4770
5132,93,2000001,0,user_17,303,317,4770
5114,98,2000001,0,user_6,303,317,4770
5823,95,2000001,0,user_8,306,316,4770
6657,95,2000000,0,user_48,309,315,
6386,89,2000000,0,user_47,308,314,
6368,90,2000000,0,user_34,308,314,
6637,96,2000000,0,user_34,309,315,
4736,92,2000000,0,user_28,300,314,
4723,93,2000000,0,user_16,300,314,
4740,94,2000000,0,user_34,300,314,
4770,99,2000000,350000,user_0,301,315,
4803,96,2000000,0,user_36,301,314,
4800,98,2000000,0,user_32,301,315,
5156,99,2000000,0,user_44,303,316,
5858,97,2000000,0,user_40,306,315,
5543,95,1999999,0,user_0,305,313,4770
5570,94,1999999,0,user_13,305,313,4770
5575,95,1999999,0,user_17,305,312,4770
5584,99,1999999,0,user_24,305,312,4770
5585,94,1999999,0,user_25,305,311,4770
5577,96,1999999,0,user_18,305,312,4770
5555,99,1999999,0,user_6,305,313,4770
5580,96,1999999,0,user_19,305,313,4770
5581,97,1999999,0,user_19,305,313,4770
5135,93,1999999,0,user_23,303,313,4770
5116,98,1999999,0,user_6,303,313,4770
6124,96,1900000,0,user_43,307,310,
4734,97,1900000,0,user_24,300,310,
5869,98,1900000,0,user_47,306,310,
6374,99,1800000,0,user_39,308,310,
6645,1,43000000,0,user_40,309,319,
6125,2,43000000,0,user_44,307,319,
6107,7,27000000,0,user_28,307,319,
4931,8,27000000,0,user_33,302,319,
6372,9,27000000,0,user_37,308,319,
6914,12,19000000,0,user_44,310,319,
4726,13,19000000,0,user_19,300,319,
5594,15,6300000,0,user_31,305,319,
5841,16,6300000,0,user_29,306,319,
4806,17,6300000,0,user_37,301,319,
4737,18,6300000,0,user_29,300,319,
5153,19,6300000,0,user_42,303,319,
5347,20,6300000,5630,user_27,304,319,
5349,21,6300000,0,user_29,304,319,
5360,22,6300000,0,user_43,304,319,
6641,24,6100000,0,user_37,309,319,
6647,25,6100000,0,user_41,309,319,
5863,26,6100000,0,user_45,306,319,
5842,27,6100000,0,user_30,306,319,
4743,28,6100000,0,user_36,300,319,
5593,30,5200000,21800,user_30,305,319,
4948,31,5200000,0,user_48,302,319,
4924,32,5200000,0,user_27,302,319,
5352,33,5200000,0,user_34,304,319,
5364,34,5200000,0,user_46,304,319,
4724,38,5000000,0,user_16,300,319,
5143,39,5000000,0,user_31,303,319,
5369,40,5000000,0,user_48,304,319,
6649,43,4500000,256000,user_42,309,319,
7209,44,4500000,32900,user_45,311,319,
5614,45,4500000,0,user_48,305,319,
6119,46,4500000,0,user_38,307,319,
6378,47,4500000,0,user_40,308,319,
5853,50,4200000,46500,user_37,306,319,
4757,51,4200000,0,user_49,300,319,
4949,52,4200000,0,user_49,302,319,
6634,54,3600000,256000,user_31,309,319,
6644,55,3600000,0,user_40,309,319,
6916,56,3600000,0,user_47,310,319,
4927,57,3600000,75000,user_30,302,319,
5110,59,3500001,0,user_1,303,319,4944
5125,60,3500001,0,user_12,303,319,4944
5138,61,3500001,0,user_26,303,319,4944
6918,64,3500000,410000,user_47,310,319,
4944,65,3500000,161000,user_47,302,319,
5111,66,3499999,0,user_2,303,319,4944
5128,67,3499999,0,user_13,303,319,4944
5117,68,3499999,0,user_6,303,319,4944
5129,69,3499999,0,user_15,303,319,4944
5130,70,3499999,0,user_15,303,319,4944
5133,71,3499999,0,user_18,303,319,4944
5321,72,3499999,0,user_9,304,319,4944
5317,73,3499999,0,user_8,304,319,4944
6376,77,3200000,0,user_39,308,319,
7208,81,2600000,0,user_44,311,319,
5362,82,2600000,0,user_44,304,319,
6631,85,2500000,0,user_28,309,319,
6118,86,2500000,0,user_37,307,319,
4947,87,2500000,0,user_47,302,319,
6127,88,2500000,0,user_46,307,319,
5154,91,2300000,0,user_42,303,319,
7201,92,2300000,0,user_36,311,319,
5140,96,2100000,11200,user_27,303,319,
5568,98,2000001,0,user_12,305,319,4770
5579,99,2000001,0,user_19,305,319,4770
5582,99,2000001,0,user_20,305,318,4770
5586,97,2000001,0,user_25,305,318,4770
5587,98,2000001,0,user_26,305,318,4770
5823,95,2000001,0,user_8,306,316,4770
4779,97,2000001,0,user_12,301,317,4770
5113,91,2000001,0,user_4,303,317,4770
5114,98,2000001,0,user_6,303,317,4770
5118,92,2000001,0,user_7,303,317,4770
5132,93,2000001,0,user_17,303,317,4770
5336,89,2000001,0,user_16,304,317,4770
5544,95,2000001,0,user_1,305,318,4770
6657,95,2000000,0,user_48,309,315,
6637,96,2000000,0,user_34,309,315,
5858,97,2000000,0,user_40,306,315,
4800,98,2000000,0,user_32,301,315,
4770,99,2000000,350000,user_0,301,315,
4803,96,2000000,0,user_36,301,314,
5156,99,2000000,0,user_44,303,316,
4723,93,2000000,0,user_16,300,314,
4740,94,2000000,0,user_34,300,314,
4736,92,2000000,0,user_28,300,314,
6386,89,2000000,0,user_47,308,314,
6368,90,2000000,0,user_34,308,314,
7202,98,2000000,0,user_36,311,316,
5570,94,1999999,0,user_13,305,313,4770
5543,95,1999999,0,user_0,305,313,4770
5580,96,1999999,0,user_19,305,313,4770
5581,97,1999999,0,user_19,305,313,4770
5555,99,1999999,0,user_6,305,313,4770
5585,94,1999999,0,user_25,305,311,4770
5575,95,1999999,0,user_17,305,312,4770
5584,99,1999999,0,user_24,305,312,4770
5577,96,1999999,0,user_18,305,312,4770
5116,98,1999999,0,user_6,303,313,4770
5135,93,1999999,0,user_23,303,313,4770
6125,2,43000000,0,user_44,307,319,
6645,1,43000000,0,user_40,309,319,
6107,7,27000000,0,user_28,307,319,
6372,9,27000000,0,user_37,308,319,
4931,8,27000000,0,user_33,302,319,
4726,13,19000000,0,user_19,300,319,
6914,12,19000000,0,user_44,310,319,
5153,19,6300000,0,user_42,303,319,
4806,17,6300000,0,user_37,301,319,
4737,18,6300000,0,user_29,300,319,
5349,21,6300000,0,user_29,304,319,
5360,22,6300000,0,user_43,304,319,
5347,20,6300000,5630,user_27,304,319,
5594,15,6300000,0,user_31,305,319,
5841,16,6300000,0,user_29,306,319,
4743,28,6100000,0,user_36,300,319,
5842,27,6100000,0,user_30,306,319,
5863,26,6100000,0,user_45,306,319,
6641,24,6100000,0,user_37,309,319,
6647,25,6100000,0,user_41,309,319,
4924,32,5200000,0,user_27,302,319,
4948,31,5200000,0,user_48,302,319,
5364,34,5200000,0,user_46,304,319,
5352,33,5200000,0,user_34,304,319,
5593,30,5200000,21800,user_30,305,319,
5143,39,5000000,0,user_31,303,319,
4724,38,5000000,0,user_16,300,319,
5369,40,5000000,0,user_48,304,319,
7209,44,4500000,32900,user_45,311,319,
6119,46,4500000,0,user_38,307,319,
5614,45,4500000,0,user_48,305,319,
6378,47,4500000,0,user_40,308,319,
6649,43,4500000,256000,user_42,309,319,
7505,48,4500000,0,user_27,312,319,
4949,52,4200000,0,user_49,302,319,
4757,51,4200000,0,user_49,300,319,
5853,50,4200000,46500,user_37,306,319,
4927,57,3600000,75000,user_30,302,319,
6634,54,3600000,256000,user_31,309,319,
6644,55,3600000,0,user_40,309,319,
6916,56,3600000,0,user_47,310,319,
5125,60,3500001,0,user_12,303,319,4944
5138,61,3500001,0,user_26,303,319,4944
5110,59,3500001,0,user_1,303,319,4944
4944,65,3500000,161000,user_47,302,319,
6918,64,3500000,410000,user_47,310,319,
5128,67,3499999,0,user_13,303,319,4944
5117,68,3499999,0,user_6,303,319,4944
5129,69,3499999,0,user_15,303,319,4944
5130,70,3499999,0,user_15,303,319,4944
5133,71,3499999,0,user_18,303,319,4944
5111,66,3499999,0,user_2,303,319,4944
5317,73,3499999,0,user_8,304,319,4944
5321,72,3499999,0,user_9,304,319,4944
7517,78,3200000,0,user_44,312,319,
6376,77,3200000,0,user_39,308,319,
7208,81,2600000,0,user_44,311,319,
5362,82,2600000,0,user_44,304,319,
6127,88,2500000,0,user_46,307,319,
6118,86,2500000,0,user_37,307,319,
4947,87,2500000,0,user_47,302,319,
6631,85,2500000,0,user_28,309,319,
7201,92,2300000,0,user_36,311,319,
5154,91,2300000,0,user_42,303,319,
5140,96,2100000,11200,user_27,303,319,
5113,91,2000001,0,user_4,303,317,4770
5114,98,2000001,0,user_6,303,317,4770
5118,92,2000001,0,user_7,303,317,4770
5132,93,2000001,0,user_17,303,317,4770
4779,97,2000001,0,user_12,301,317,4770
5336,89,2000001,0,user_16,304,317,4770
5544,95,2000001,0,user_1,305,318,4770
5568,98,2000001,0,user_12,305,319,4770
5582,99,2000001,0,user_20,305,318,4770
5579,99,2000001,0,user_19,305,319,4770
5586,97,2000001,0,user_25,305,318,4770
5587,98,2000001,0,user_26,305,318,4770
5823,95,2000001,0,user_8,306,316,4770
7202,98,2000000,0,user_36,311,316,
5156,99,2000000,0,user_44,303,316,
4770,99,2000000,350000,user_0,301,315,
4803,96,2000000,0,user_36,301,314,
4736,92,2000000,0,user_28,300,314,
4723,93,2000000,0,user_16,300,314,
4740,94,2000000,0,user_34,300,314,
4800,98,2000000,0,user_32,301,315,
5858,97,2000000,0,user_40,306,315,
6368,90,2000000,0,user_34,308,314,
6386,89,2000000,0,user_47,308,314,
6637,96,2000000,0,user_34,309,315,
6657,95,2000000,0,user_48,309,315,
5116,98,1999999,0,user_6,303,313,4770
5135,93,1999999,0,user_23,303,313,4770
5543,95,1999999,0,user_0,305,313,4770
5570,94,1999999,0,user_13,305,313,4770
5575,95,1999999,0,user_17,305,312,4770
5577,96,1999999,0,user_18,305,312,4770
5580,96,1999999,0,user_19,305,313,4770
5581,97,1999999,0,user_19,305,313,4770
5584,99,1999999,0,user_24,305,312,4770
6125,2,43000000,0,user_44,307,319,
6645,1,43000000,0,user_40,309,319,
6372,9,27000000,0,user_37,308,319,
6107,7,27000000,0,user_28,307,319,
4931,8,27000000,0,user_33,302,319,
4726,13,19000000,0,user_19,300,319,
6914,12,19000000,0,user_44,310,319,
5349,21,6300000,0,user_29,304,319,
5360,22,6300000,0,user_43,304,319,
5347,20,6300000,5630,user_27,304,319,
4737,18,6300000,0,user_29,300,319,
4806,17,6300000,0,user_37,301,319,
5153,19,6300000,0,user_42,303,319,
5594,15,6300000,0,user_31,305,319,
5841,16,6300000,0,user_29,306,319,
6641,24,6100000,0,user_37,309,319,
4743,28,6100000,0,user_36,300,319,
5863,26,6100000,0,user_45,306,319,
5842,27,6100000,0,user_30,306,319,
6647,25,6100000,0,user_41,309,319,
5364,34,5200000,0,user_46,304,319,
5352,33,5200000,0,user_34,304,319,
4924,32,5200000,0,user_27,302,319,
4948,31,5200000,0,user_48,302,319,
5593,30,5200000,21800,user_30,305,319,
5369,40,5000000,0,user_48,304,319,
5143,39,5000000,0,user_31,303,319,
4724,38,5000000,0,user_16,300,319,
7505,48,4500000,0,user_27,312,319,
7209,44,4500000,32900,user_45,311,319,
6378,47,4500000,0,user_40,308,319,
6119,46,4500000,0,user_38,307,319,
5614,45,4500000,0,user_48,305,319,
6649,43,4500000,256000,user_42,309,319,
4949,52,4200000,0,user_49,302,319,
4757,51,4200000,0,user_49,300,319,
5853,50,4200000,46500,user_37,306,319,
4927,57,3600000,75000,user_30,302,319,
6644,55,3600000,0,user_40,309,319,
6634,54,3600000,256000,user_31,309,319,
6916,56,3600000,0,user_47,310,319,
5110,59,3500001,0,user_1,303,319,4944
5125,60,3500001,0,user_12,303,319,4944
5138,61,3500001,0,user_26,303,319,4944
4944,65,3500000,161000,user_47,302,319,
6918,64,3500000,410000,user_47,310,319,
5111,66,3499999,0,user_2,303,319,4944
5317,73,3499999,0,user_8,304,319,4944
5128,67,3499999,0,user_13,303,319,4944
5133,71,3499999,0,user_18,303,319,4944
5129,69,3499999,0,user_15,303,319,4944
5130,70,3499999,0,user_15,303,319,4944
5321,72,3499999,0,user_9,304,319,4944
5117,68,3499999,0,user_6,303,319,4944
7517,78,3200000,0,user_44,312,319,
6376,77,3200000,0,user_39,308,319,
7208,81,2600000,0,user_44,311,319,
5362,82,2600000,0,user_44,304,319,
7843,84,2500000,0,user_45,313,319,
6127,88,2500000,0,user_46,307,319,
6118,86,2500000,0,user_37,307,319,
6631,85,2500000,0,user_28,309,319,
4947,87,2500000,0,user_47,302,319,
7201,92,2300000,0,user_36,311,319,
5154,91,2300000,0,user_42,303,319,
5140,96,2100000,11200,user_27,303,319,
7830,93,2100000,0,user_33,313,319,
5336,89,2000001,0,user_16,304,317,4770
5544,95,2000001,0,user_1,305,318,4770
5113,91,2000001,0,user_4,303,317,4770
5118,92,2000001,0,user_7,303,317,4770
5132,93,2000001,0,user_17,303,317,4770
5568,98,2000001,0,user_12,305,319,4770
5579,99,2000001,0,user_19,305,319,4770
5582,99,2000001,0,user_20,305,318,4770
4779,97,2000001,0,user_12,301,317,4770
5114,98,2000001,0,user_6,303,317,4770
5586,97,2000001,0,user_25,305,318,4770
5587,98,2000001,0,user_26,305,318,4770
5823,95,2000001,0,user_8,306,316,4770
7202,98,2000000,0,user_36,311,316,
6386,89,2000000,0,user_47,308,314,
6368,90,2000000,0,user_34,308,314,
5156,99,2000000,0,user_44,303,316,
4723,93,2000000,0,user_16,300,314,
4736,92,2000000,0,user_28,300,314,
4740,94,2000000,0,user_34,300,314,
4770,99,2000000,350000,user_0,301,315,
4800,98,2000000,0,user_32,301,315,
4803,96,2000000,0,user_36,301,314,
5858,97,2000000,0,user_40,306,315,
6657,95,2000000,0,user_48,309,315,
6637,96,2000000,0,user_34,309,315,
5135,93,1999999,0,user_23,303,313,4770
5570,94,1999999,0,user_13,305,313,4770
5543,95,1999999,0,user_0,305,313,4770
5580,96,1999999,0,user_19,305,313,4770
5581,97,1999999,0,user_19,305,313,4770
5116,98,1999999,0,user_6,303,313,4770
5555,99,1999999,0,user_6,305,313,4770
6645,1,43000000,0,user_40,309,319,
6125,2,43000000,0,user_44,307,319,
8173,3,30000000,0,user_44,314,319,
6372,9,27000000,0,user_37,308,319,
4931,8,27000000,0,user_33,302,319,
6107,7,27000000,0,user_28,307,319,
8155,6,27000000,0,user_27,314,319,
6914,12,19000000,0,user_44,310,319,
4726,13,19000000,0,user_19,300,319,
5594,15,6300000,0,user_31,305,319,
5349,21,6300000,0,user_29,304,319,
5360,22,6300000,0,user_43,304,319,
4737,18,6300000,0,user_29,300,319,
4806,17,6300000,0,user_37,301,319,
5153,19,6300000,0,user_42,303,319,
5347,20,6300000,5630,user_27,304,319,
5841,16,6300000,0,user_29,306,319,
6641,24,6100000,0,user_37,309,319,
6647,25,6100000,0,user_41,309,319,
5863,26,6100000,0,user_45,306,319,
4743,28,6100000,0,user_36,300,319,
5842,27,6100000,0,user_30,306,319,
5593,30,5200000,21800,user_30,305,319,
5364,34,5200000,0,user_46,304,319,
5352,33,5200000,0,user_34,304,319,
4948,31,5200000,0,user_48,302,319,
4924,32,5200000,0,user_27,302,319,
7835,37,5000000,0,user_38,313,319,
5369,40,5000000,0,user_48,304,319,
4724,38,5000000,0,user_16,300,319,
5143,39,5000000,0,user_31,303,319,
8156,41,4500000,510000,user_28,314,319,
8167,42,4500000,215000,user_37,314,319,
6119,46,4500000,0,user_38,307,319,
6378,47,4500000,0,user_40,308,319,
6649,43,4500000,256000,user_42,309,319,
5614,45,4500000,0,user_48,305,319,
7209,44,4500000,32900,user_45,311,319,
7505,48,4500000,0,user_27,312,319,
5853,50,4200000,46500,user_37,306,319,
4757,51,4200000,0,user_49,300,319,
4949,52,4200000,0,user_49,302,319,
6644,55,3600000,0,user_40,309,319,
6634,54,3600000,256000,user_31,309,319,
4927,57,3600000,75000,user_30,302,319,
6916,56,3600000,0,user_47,310,319,
5110,59,3500001,0,user_1,303,319,4944
5125,60,3500001,0,user_12,303,319,4944
5138,61,3500001,0,user_26,303,319,4944
7836,63,3500000,0,user_38,313,319,
4944,65,3500000,161000,user_47,302,319,
6918,64,3500000,410000,user_47,310,319,
5317,73,3499999,0,user_8,304,319,4944
5321,72,3499999,0,user_9,304,319,4944
5111,66,3499999,0,user_2,303,319,4944
5129,69,3499999,0,user_15,303,319,4944
5130,70,3499999,0,user_15,303,319,4944
5128,67,3499999,0,user_13,303,319,4944
5133,71,3499999,0,user_18,303,319,4944
5117,68,3499999,0,user_6,303,319,4944
7828,76,3200000,0,user_31,313,319,
7837,74,3200000,0,user_38,313,319,
6376,77,3200000,0,user_39,308,319,
7517,78,3200000,0,user_44,312,319,
5362,82,2600000,0,user_44,304,319,
7208,81,2600000,0,user_44,311,319,
7843,84,2500000,0,user_45,313,319,
6631,85,2500000,0,user_28,309,319,
6118,86,2500000,0,user_37,307,319,
6127,88,2500000,0,user_46,307,319,
4947,87,2500000,0,user_47,302,319,
5154,91,2300000,0,user_42,303,319,
7201,92,2300000,0,user_36,311,319,
7830,93,2100000,0,user_33,313,319,
5140,96,2100000,11200,user_27,303,319,
5544,95,2000001,0,user_1,305,318,4770
5568,98,2000001,0,user_12,305,319,4770
5586,97,2000001,0,user_25,305,318,4770
5587,98,2000001,0,user_26,305,318,4770
5582,99,2000001,0,user_20,305,318,4770
5336,89,2000001,0,user_16,304,317,4770
5579,99,2000001,0,user_19,305,319,4770
4779,97,2000001,0,user_12,301,317,4770
5113,91,2000001,0,user_4,303,317,4770
5118,92,2000001,0,user_7,303,317,4770
5132,93,2000001,0,user_17,303,317,4770
5114,98,2000001,0,user_6,303,317,4770
5823,95,2000001,0,user_8,306,316,4770
6657,95,2000000,0,user_48,309,315,
6386,89,2000000,0,user_47,308,314,
6368,90,2000000,0,user_34,308,314,
6637,96,2000000,0,user_34,309,315,
4736,92,2000000,0,user_28,300,314,
4723,93,2000000,0,user_16,300,314,
4740,94,2000000,0,user_34,300,314,
4770,99,2000000,350000,user_0,301,315,
4803,96,2000000,0,user_36,301,314,
4800,98,2000000,0,user_32,301,315,
5156,99,2000000,0,user_44,303,316,
5858,97,2000000,0,user_40,306,315,
6645,1,43000000,0,user_40,309,319,
6125,2,43000000,0,user_44,307,319,
8173,3,30000000,0,user_44,314,319,
8155,6,27000000,0,user_27,314,319,
6107,7,27000000,0,user_28,307,319,
4931,8,27000000,0,user_33,302,319,
6372,9,27000000,0,user_37,308,319,
6914,12,19000000,0,user_44,310,319,
4726,13,19000000,0,user_19,300,319,
5594,15,6300000,0,user_31,305,319,
5841,16,6300000,0,user_29,306,319,
4806,17,6300000,0,user_37,301,319,
4737,18,6300000,0,user_29,300,319,
5153,19,6300000,0,user_42,303,319,
5347,20,6300000,5630,user_27,304,319,
5349,21,6300000,0,user_29,304,319,
5360,22,6300000,0,user_43,304,319,
6641,24,6100000,0,user_37,309,319,
6647,25,6100000,0,user_41,309,319,
5863,26,6100000,0,user_45,306,319,
5842,27,6100000,0,user_30,306,319,
4743,28,6100000,0,user_36,300,319,
5593,30,5200000,21800,user_30,305,319,
4948,31,5200000,0,user_48,302,319,
4924,32,5200000,0,user_27,302,319,
5352,33,5200000,0,user_34,304,319,
5364,34,5200000,0,user_46,304,319,
7835,37,5000000,0,user_38,313,319,
4724,38,5000000,0,user_16,300,319,
5143,39,5000000,0,user_31,303,319,
5369,40,5000000,0,user_48,304,319,
8156,41,4500000,510000,user_28,314,319,
8167,42,4500000,215000,user_37,314,319,
6649,43,4500000,256000,user_42,309,319,
7209,44,4500000,32900,user_45,311,319,
5614,45,4500000,0,user_48,305,319,
6119,46,4500000,0,user_38,307,319,
6378,47,4500000,0,user_40,308,319,
7505,48,4500000,0,user_27,312,319,
5853,50,4200000,46500,user_37,306,319,
4757,51,4200000,0,user_49,300,319,
4949,52,4200000,0,user_49,302,319,
8540,53,4200000,0,user_48,315,319,
6634,54,3600000,256000,user_31,309,319,
6644,55,3600000,0,user_40,309,319,
6916,56,3600000,0,user_47,310,319,
4927,57,3600000,75000,user_30,302,319,
5110,59,3500001,0,user_1,303,319,4944
5125,60,3500001,0,user_12,303,319,4944
5138,61,3500001,0,user_26,303,319,4944
7836,63,3500000,0,user_38,313,319,
6918,64,3500000,410000,user_47,310,319,
4944,65,3500000,161000,user_47,302,319,
5111,66,3499999,0,user_2,303,319,4944
5128,67,3499999,0,user_13,303,319,4944
5117,68,3499999,0,user_6,303,319,4944
5129,69,3499999,0,user_15,303,319,4944
5130,70,3499999,0,user_15,303,319,4944
5133,71,3499999,0,user_18,303,319,4944
5321,72,3499999,0,user_9,304,319,4944
5317,73,3499999,0,user_8,304,319,4944
7837,74,3200000,0,user_38,313,319,
8159,75,3200000,0,user_31,314,319,
7828,76,3200000,0,user_31,313,319,
6376,77,3200000,0,user_39,308,319,
7517,78,3200000,0,user_44,312,319,
7208,81,2600000,0,user_44,311,319,
5362,82,2600000,0,user_44,304,319,
7843,84,2500000,0,user_45,313,319,
6631,85,2500000,0,user_28,309,319,
6118,86,2500000,0,user_37,307,319,
4947,87,2500000,0,user_47,302,319,
6127,88,2500000,0,user_46,307,319,
8542,90,2400000,0,user_48,315,319,
5154,91,2300000,0,user_42,303,319,
7201,92,2300000,0,user_36,311,319,
7830,93,2100000,0,user_33,313,319,
8163,94,2100000,769000,user_35,314,319,
8534,95,2100000,0,user_45,315,319,
5140,96,2100000,11200,user_27,303,319,
8541,97,2100000,0,user_48,315,319,
5568,98,2000001,0,user_12,305,319,4770
5579,99,2000001,0,user_19,305,319,4770
5582,99,2000001,0,user_20,305,318,4770
5586,97,2000001,0,user_25,305,318,4770
5587,98,2000001,0,user_26,305,318,4770
5823,95,2000001,0,user_8,306,316,4770
4779,97,2000001,0,user_12,301,317,4770
5113,91,2000001,0,user_4,303,317,4770
5114,98,2000001,0,user_6,303,317,4770
5118,92,2000001,0,user_7,303,317,4770
5132,93,2000001,0,user_17,303,317,4770
5336,89,2000001,0,user_16,304,317,4770
5544,95,2000001,0,user_1,305,318,4770
8532,96,2000000,0,user_44,315,316,
6657,95,2000000,0,user_48,309,315,
6637,96,2000000,0,user_34,309,315,
5858,97,2000000,0,user_40,306,315,
4800,98,2000000,0,user_32,301,315,
4770,99,2000000,350000,user_0,301,315,
6125,2,43000000,0,user_44,307,319,
6645,1,43000000,0,user_40,309,319,
8173,3,30000000,0,user_44,314,319,
6107,7,27000000,0,user_28,307,319,
6372,9,27000000,0,user_37,308,319,
4931,8,27000000,0,user_33,302,319,
8155,6,27000000,0,user_27,314,319,
4726,13,19000000,0,user_19,300,319,
6914,12,19000000,0,user_44,310,319,
5153,19,6300000,0,user_42,303,319,
4806,17,6300000,0,user_37,301,319,
4737,18,6300000,0,user_29,300,319,
5349,21,6300000,0,user_29,304,319,
5360,22,6300000,0,user_43,304,319,
5347,20,6300000,5630,user_27,304,319,
5594,15,6300000,0,user_31,305,319,
5841,16,6300000,0,user_29,306,319,
8908,23,6300000,594000,user_34,316,319,
4743,28,6100000,0,user_36,300,319,
5842,27,6100000,0,user_30,306,319,
5863,26,6100000,0,user_45,306,319,
6641,24,6100000,0,user_37,309,319,
6647,25,6100000,0,user_41,309,319,
8917,29,6100000,0,user_42,316,319,
4924,32,5200000,0,user_27,302,319,
4948,31,5200000,0,user_48,302,319,
5364,34,5200000,0,user_46,304,319,
5352,33,5200000,0,user_34,304,319,
5593,30,5200000,21800,user_30,305,319,
5143,39,5000000,0,user_31,303,319,
4724,38,5000000,0,user_16,300,319,
5369,40,5000000,0,user_48,304,319,
7835,37,5000000,0,user_38,313,319,
7209,44,4500000,32900,user_45,311,319,
6119,46,4500000,0,user_38,307,319,
5614,45,4500000,0,user_48,305,319,
6378,47,4500000,0,user_40,308,319,
6649,43,4500000,256000,user_42,309,319,
7505,48,4500000,0,user_27,312,319,
8167,42,4500000,215000,user_37,314,319,
8156,41,4500000,510000,user_28,314,319,
8540,53,4200000,0,user_48,315,319,
4949,52,4200000,0,user_49,302,319,
4757,51,4200000,0,user_49,300,319,
5853,50,4200000,46500,user_37,306,319,
4927,57,3600000,75000,user_30,302,319,
6634,54,3600000,256000,user_31,309,319,
6644,55,3600000,0,user_40,309,319,
6916,56,3600000,0,user_47,310,319,
5125,60,3500001,0,user_12,303,319,4944
5138,61,3500001,0,user_26,303,319,4944
5110,59,3500001,0,user_1,303,319,4944
4944,65,3500000,161000,user_47,302,319,
6918,64,3500000,410000,user_47,310,319,
7836,63,3500000,0,user_38,313,319,
5128,67,3499999,0,user_13,303,319,4944
5117,68,3499999,0,user_6,303,319,4944
5129,69,3499999,0,user_15,303,319,4944
5130,70,3499999,0,user_15,303,319,4944
5133,71,3499999,0,user_18,303,319,4944
5111,66,3499999,0,user_2,303,319,4944
5317,73,3499999,0,user_8,304,319,4944
5321,72,3499999,0,user_9,304,319,4944
7517,78,3200000,0,user_44,312,319,
6376,77,3200000,0,user_39,308,319,
7828,76,3200000,0,user_31,313,319,
7837,74,3200000,0,user_38,313,319,
8159,75,3200000,0,user_31,314,319,
7208,81,2600000,0,user_44,311,319,
5362,82,2600000,0,user_44,304,319,
6127,88,2500000,0,user_46,307,319,
6118,86,2500000,0,user_37,307,319,
4947,87,2500000,0,user_47,302,319,
6631,85,2500000,0,user_28,309,319,
7843,84,2500000,0,user_45,313,319,
8542,90,2400000,0,user_48,315,319,
7201,92,2300000,0,user_36,311,319,
5154,91,2300000,0,user_42,303,319,
8163,94,2100000,769000,user_35,314,319,
8541,97,2100000,0,user_48,315,319,
8534,95,2100000,0,user_45,315,319,
5140,96,2100000,11200,user_27,303,319,
7830,93,2100000,0,user_33,313,319,
5113,91,2000001,0,user_4,303,317,4770
5114,98,2000001,0,user_6,303,317,4770
5118,92,2000001,0,user_7,303,317,4770
5132,93,2000001,0,user_17,303,317,4770
4779,97,2000001,0,user_12,301,317,4770
5336,89,2000001,0,user_16,304,317,4770
5544,95,2000001,0,user_1,305,318,4770
5568,98,2000001,0,user_12,305,319,4770
5582,99,2000001,0,user_20,305,318,4770
5579,99,2000001,0,user_19,305,319,4770
5586,97,2000001,0,user_25,305,318,4770
5587,98,2000001,0,user_26,305,318,4770
5823,95,2000001,0,user_8,306,316,4770
8532,96,2000000,0,user_44,315,316,
8520,97,2000000,0,user_29,315,316,
7202,98,2000000,0,user_36,311,316,
5156,99,2000000,0,user_44,303,316,
9304,0,43000000,410000,user_45,317,319,
6125,2,43000000,0,user_44,307,319,
6645,1,43000000,0,user_40,309,319,
8173,3,30000000,0,user_44,314,319,
9302,4,27000000,0,user_44,317,319,
9305,5,27000000,0,user_45,317,319,
6372,9,27000000,0,user_37,308,319,
6107,7,27000000,0,user_28,307,319,
4931,8,27000000,0,user_33,302,319,
8155,6,27000000,0,user_27,314,319,
4726,13,19000000,0,user_19,300,319,
6914,12,19000000,0,user_44,310,319,
8908,23,6300000,594000,user_34,316,319,
5349,21,6300000,0,user_29,304,319,
5360,22,6300000,0,user_43,304,319,
5347,20,6300000,5630,user_27,304,319,
4737,18,6300000,0,user_29,300,319,
4806,17,6300000,0,user_37,301,319,
5153,19,6300000,0,user_42,303,319,
5594,15,6300000,0,user_31,305,319,
5841,16,6300000,0,user_29,306,319,
8917,29,6100000,0,user_42,316,319,
6641,24,6100000,0,user_37,309,319,
4743,28,6100000,0,user_36,300,319,
5863,26,6100000,0,user_45,306,319,
5842,27,6100000,0,user_30,306,319,
6647,25,6100000,0,user_41,309,319,
5364,34,5200000,0,user_46,304,319,
5352,33,5200000,0,user_34,304,319,
4924,32,5200000,0,user_27,302,319,
4948,31,5200000,0,user_48,302,319,
5593,30,5200000,21800,user_30,305,319,
7835,37,5000000,0,user_38,313,319,
5369,40,5000000,0,user_48,304,319,
5143,39,5000000,0,user_31,303,319,
4724,38,5000000,0,user_16,300,319,
9288,35,5000000,0,user_33,317,319,
8156,41,4500000,510000,user_28,314,319,
8167,42,4500000,215000,user_37,314,319,
7505,48,4500000,0,user_27,312,319,
7209,44,4500000,32900,user_45,311,319,
6378,47,4500000,0,user_40,308,319,
6119,46,4500000,0,user_38,307,319,
5614,45,4500000,0,user_48,305,319,
6649,43,4500000,256000,user_42,309,319,
8540,53,4200000,0,user_48,315,319,
4949,52,4200000,0,user_49,302,319,
4757,51,4200000,0,user_49,300,319,
5853,50,4200000,46500,user_37,306,319,
4927,57,3600000,75000,user_30,302,319,
6644,55,3600000,0,user_40,309,319,
6634,54,3600000,256000,user_31,309,319,
6916,56,3600000,0,user_47,310,319,
5110,59,3500001,0,user_1,303,319,4944
5125,60,3500001,0,user_12,303,319,4944
5138,61,3500001,0,user_26,303,319,4944
7836,63,3500000,0,user_38,313,319,
4944,65,3500000,161000,user_47,302,319,
6918,64,3500000,410000,user_47,310,319,
5111,66,3499999,0,user_2,303,319,4944
5317,73,3499999,0,user_8,304,319,4944
5128,67,3499999,0,user_13,303,319,4944
5133,71,3499999,0,user_18,303,319,4944
5129,69,3499999,0,user_15,303,319,4944
5130,70,3499999,0,user_15,303,319,4944
5321,72,3499999,0,user_9,304,319,4944
5117,68,3499999,0,user_6,303,319,4944
7828,76,3200000,0,user_31,313,319,
7837,74,3200000,0,user_38,313,319,
8159,75,3200000,0,user_31,314,319,
7517,78,3200000,0,user_44,312,319,
6376,77,3200000,0,user_39,308,319,
7208,81,2600000,0,user_44,311,319,
5362,82,2600000,0,user_44,304,319,
9300,80,2600000,71800,user_41,317,319,
7843,84,2500000,0,user_45,313,319,
6127,88,2500000,0,user_46,307,319,
6118,86,2500000,0,user_37,307,319,
6631,85,2500000,0,user_28,309,319,
4947,87,2500000,0,user_47,302,319,
8542,90,2400000,0,user_48,315,319,
8905,89,2400000,0,user_31,316,319,
7201,92,2300000,0,user_36,311,319,
5154,91,2300000,0,user_42,303,319,
7830,93,2100000,0,user_33,313,319,
8163,94,2100000,769000,user_35,314,319,
8541,97,2100000,0,user_48,315,319,
8534,95,2100000,0,user_45,315,319,
5140,96,2100000,11200,user_27,303,319,
5336,89,2000001,0,user_16,304,317,4770
5544,95,2000001,0,user_1,305,318,4770
5113,91,2000001,0,user_4,303,317,4770
5118,92,2000001,0,user_7,303,317,4770
5132,93,2000001,0,user_17,303,317,4770
5568,98,2000001,0,user_12,305,319,4770
5579,99,2000001,0,user_19,305,319,4770
5582,99,2000001,0,user_20,305,318,4770
4779,97,2000001,0,user_12,301,317,4770
5114,98,2000001,0,user_6,303,317,4770
5586,97,2000001,0,user_25,305,318,4770
6645,1,43000000,0,user_40,309,319,
6125,2,43000000,0,user_44,307,319,
9304,0,43000000,410000,user_45,317,319,
8173,3,30000000,0,user_44,314,319,
6372,9,27000000,0,user_37,308,319,
4931,8,27000000,0,user_33,302,319,
6107,7,27000000,0,user_28,307,319,
8155,6,27000000,0,user_27,314,319,
9305,5,27000000,0,user_45,317,319,
9302,4,27000000,0,user_44,317,319,
9691,10,19000000,0,user_44,318,319,
6914,12,19000000,0,user_44,310,319,
4726,13,19000000,0,user_19,300,319,
9697,11,19000000,0,user_47,318,319,
5594,15,6300000,0,user_31,305,319,
5349,21,6300000,0,user_29,304,319,
5360,22,6300000,0,user_43,304,319,
4737,18,6300000,0,user_29,300,319,
4806,17,6300000,0,user_37,301,319,
5153,19,6300000,0,user_42,303,319,
5347,20,6300000,5630,user_27,304,319,
5841,16,6300000,0,user_29,306,319,
8908,23,6300000,594000,user_34,316,319,
6641,24,6100000,0,user_37,309,319,
6647,25,6100000,0,user_41,309,319,
5863,26,6100000,0,user_45,306,319,
4743,28,6100000,0,user_36,300,319,
5842,27,6100000,0,user_30,306,319,
8917,29,6100000,0,user_42,316,319,
5593,30,5200000,21800,user_30,305,319,
5364,34,5200000,0,user_46,304,319,
5352,33,5200000,0,user_34,304,319,
4948,31,5200000,0,user_48,302,319,
4924,32,5200000,0,user_27,302,319,
7835,37,5000000,0,user_38,313,319,
5369,40,5000000,0,user_48,304,319,
4724,38,5000000,0,user_16,300,319,
5143,39,5000000,0,user_31,303,319,
9288,35,5000000,0,user_33,317,319,
9676,36,5000000,0,user_29,318,319,
8156,41,4500000,510000,user_28,314,319,
8167,42,4500000,215000,user_37,314,319,
6119,46,4500000,0,user_38,307,319,
6378,47,4500000,0,user_40,308,319,
6649,43,4500000,256000,user_42,309,319,
5614,45,4500000,0,user_48,305,319,
7209,44,4500000,32900,user_45,311,319,
7505,48,4500000,0,user_27,312,319,
9693,49,4200000,0,user_44,318,319,
5853,50,4200000,46500,user_37,306,319,
4757,51,4200000,0,user_49,300,319,
4949,52,4200000,0,user_49,302,319,
8540,53,4200000,0,user_48,315,319,
6644,55,3600000,0,user_40,309,319,
6634,54,3600000,256000,user_31,309,319,
4927,57,3600000,75000,user_30,302,319,
6916,56,3600000,0,user_47,310,319,
5110,59,3500001,0,user_1,303,319,4944
5125,60,3500001,0,user_12,303,319,4944
5138,61,3500001,0,user_26,303,319,4944
7836,63,3500000,0,user_38,313,319,
4944,65,3500000,161000,user_47,302,319,
6918,64,3500000,410000,user_47,310,319,
9701,62,3500000,0,user_48,318,319,
5317,73,3499999,0,user_8,304,319,4944
5321,72,3499999,0,user_9,304,319,4944
5111,66,3499999,0,user_2,303,319,4944
5129,69,3499999,0,user_15,303,319,4944
5130,70,3499999,0,user_15,303,319,4944
5128,67,3499999,0,user_13,303,319,4944
5133,71,3499999,0,user_18,303,319,4944
5117,68,3499999,0,user_6,303,319,4944
7828,76,3200000,0,user_31,313,319,
7837,74,3200000,0,user_38,313,319,
6376,77,3200000,0,user_39,308,319,
7517,78,3200000,0,user_44,312,319,
8159,75,3200000,0,user_31,314,319,
5362,82,2600000,0,user_44,304,319,
7208,81,2600000,0,user_44,311,319,
9300,80,2600000,71800,user_41,317,319,
7843,84,2500000,0,user_45,313,319,
6631,85,2500000,0,user_28,309,319,
6118,86,2500000,0,user_37,307,319,
6127,88,2500000,0,user_46,307,319,
4947,87,2500000,0,user_47,302,319,
9681,83,2500000,0,user_34,318,319,
8542,90,2400000,0,user_48,315,319,
8905,89,2400000,0,user_31,316,319,
5154,91,2300000,0,user_42,303,319,
7201,92,2300000,0,user_36,311,319,
7830,93,2100000,0,user_33,313,319,
5140,96,2100000,11200,user_27,303,319,
8163,94,2100000,769000,user_35,314,319,
8534,95,2100000,0,user_45,315,319,
8541,97,2100000,0,user_48,315,319,
5544,95,2000001,0,user_1,305,318,4770
5568,98,2000001,0,user_12,305,319,4770
5586,97,2000001,0,user_25,305,318,4770
5587,98,2000001,0,user_26,305,318,4770
5582,99,2000001,0,user_20,305,318,4770
9304,0,43000000,410000,user_45,317,319,
6645,1,43000000,0,user_40,309,319,
6125,2,43000000,0,user_44,307,319,
8173,3,30000000,0,user_44,314,319,
9302,4,27000000,0,user_44,317,319,
9305,5,27000000,0,user_45,317,319,
8155,6,27000000,0,user_27,314,319,
6107,7,27000000,0,user_28,307,319,
4931,8,27000000,0,user_33,302,319,
6372,9,27000000,0,user_37,308,319,
9691,10,19000000,0,user_44,318,319,
9697,11,19000000,0,user_47,318,319,
6914,12,19000000,0,user_44,310,319,
4726,13,19000000,0,user_19,300,319,
10103,14,19000000,0,user_48,319,319,
5594,15,6300000,0,user_31,305,319,
5841,16,6300000,0,user_29,306,319,
4806,17,6300000,0,user_37,301,319,
4737,18,6300000,0,user_29,300,319,
5153,19,6300000,0,user_42,303,319,
5347,20,6300000,5630,user_27,304,319,
5349,21,6300000,0,user_29,304,319,
5360,22,6300000,0,user_43,304,319,
8908,23,6300000,594000,user_34,316,319,
6641,24,6100000,0,user_37,309,319,
6647,25,6100000,0,user_41,309,319,
5863,26,6100000,0,user_45,306,319,
5842,27,6100000,0,user_30,306,319,
4743,28,6100000,0,user_36,300,319,
8917,29,6100000,0,user_42,316,319,
5593,30,5200000,21800,user_30,305,319,
4948,31,5200000,0,user_48,302,319,
4924,32,5200000,0,user_27,302,319,
5352,33,5200000,0,user_34,304,319,
5364,34,5200000,0,user_46,304,319,
9288,35,5000000,0,user_33,317,319,
9676,36,5000000,0,user_29,318,319,
7835,37,5000000,0,user_38,313,319,
4724,38,5000000,0,user_16,300,319,
5143,39,5000000,0,user_31,303,319,
5369,40,5000000,0,user_48,304,319,
8156,41,4500000,510000,user_28,314,319,
8167,42,4500000,215000,user_37,314,319,
6649,43,4500000,256000,user_42,309,319,
7209,44,4500000,32900,user_45,311,319,
5614,45,4500000,0,user_48,305,319,
6119,46,4500000,0,user_38,307,319,
6378,47,4500000,0,user_40,308,319,
7505,48,4500000,0,user_27,312,319,
9693,49,4200000,0,user_44,318,319,
5853,50,4200000,46500,user_37,306,319,
4757,51,4200000,0,user_49,300,319,
4949,52,4200000,0,user_49,302,319,
8540,53,4200000,0,user_48,315,319,
6634,54,3600000,256000,user_31,309,319,
6644,55,3600000,0,user_40,309,319,
6916,56,3600000,0,user_47,310,319,
4927,57,3600000,75000,user_30,302,319,
10092,58,3600000,0,user_34,319,319,
5110,59,3500001,0,user_1,303,319,4944
5125,60,3500001,0,user_12,303,319,4944
5138,61,3500001,0,user_26,303,319,4944
9701,62,3500000,0,user_48,318,319,
7836,63,3500000,0,user_38,313,319,
6918,64,3500000,410000,user_47,310,319,
4944,65,3500000,161000,user_47,302,319,
5111,66,3499999,0,user_2,303,319,4944
5128,67,3499999,0,user_13,303,319,4944
5117,68,3499999,0,user_6,303,319,4944
5129,69,3499999,0,user_15,303,319,4944
5130,70,3499999,0,user_15,303,319,4944
5133,71,3499999,0,user_18,303,319,4944
5321,72,3499999,0,user_9,304,319,4944
5317,73,3499999,0,user_8,304,319,4944
7837,74,3200000,0,user_38,313,319,
8159,75,3200000,0,user_31,314,319,
7828,76,3200000,0,user_31,313,319,
6376,77,3200000,0,user_39,308,319,
7517,78,3200000,0,user_44,312,319,
10096,79,3200000,0,user_39,319,319,
9300,80,2600000,71800,user_41,317,319,
7208,81,2600000,0,user_44,311,319,
5362,82,2600000,0,user_44,304,319,
9681,83,2500000,0,user_34,318,319,
7843,84,2500000,0,user_45,313,319,
6631,85,2500000,0,user_28,309,319,
6118,86,2500000,0,user_37,307,319,
4947,87,2500000,0,user_47,302,319,
6127,88,2500000,0,user_46,307,319,
8905,89,2400000,0,user_31,316,319,
8542,90,2400000,0,user_48,315,319,
5154,91,2300000,0,user_42,303,319,
7201,92,2300000,0,user_36,311,319,
7830,93,2100000,0,user_33,313,319,
8163,94,2100000,769000,user_35,314,319,
8534,95,2100000,0,user_45,315,319,
5140,96,2100000,11200,user_27,303,319,
8541,97,2100000,0,user_48,315,319,
5568,98,2000001,0,user_12,305,319,4770
5579,99,2000001,0,user_19,305,319,4770
4726,13,19000000,0,user_19,320,339,
4737,18,6300000,0,user_29,320,339,
4743,28,6100000,0,user_36,320,339,
4724,38,5000000,0,user_16,320,339,
4736,92,2000000,0,user_28,320,334,
4723,93,2000000,0,user_16,320,334,
4740,94,2000000,0,user_34,320,334,
4734,97,1900000,0,user_24,320,330,
4731,97,1700000,0,user_23,320,329,
4735,94,1500000,128000,user_27,320,327,
4730,94,1400000,0,user_23,320,325,
4732,95,1400000,0,user_23,320,325,
4749,96,1400000,0,user_42,320,325,
4713,99,1300000,0,user_4,320,325,
4753,84,1000000,0,user_44,320,324,
4751,83,1000000,0,user_42,320,324,
4714,74,670000,0,user_6,320,323,
4715,78,530000,0,user_7,320,323,
4717,79,470000,0,user_9,320,323,
4752,85,350000,0,user_42,320,323,
4716,88,320000,0,user_8,320,323,
4722,90,310000,0,user_16,320,323,
4754,69,260000,0,user_45,320,322,
4755,68,260000,0,user_48,320,322,
4729,74,170000,0,user_23,320,322,
4725,77,160000,0,user_16,320,322,
4733,78,160000,0,user_24,320,322,
4745,84,120000,0,user_40,320,322,
4750,85,120000,0,user_42,320,322,
4747,65,110000,33300,user_41,320,321,
4718,72,100000,0,user_11,320,321,
4719,73,100000,0,user_11,320,321,
4721,75,82000,0,user_14,320,321,
4728,74,82000,0,user_23,320,321,
4746,76,82000,0,user_40,320,321,
4727,77,80000,0,user_20,320,321,
4748,80,73000,195000,user_42,320,321,
4720,37,70000,0,user_13,320,320,
4737,18,6300000,0,user_29,320,339,
4806,17,6300000,0,user_37,321,339,
4743,28,6100000,0,user_36,320,339,
4724,38,5000000,0,user_16,320,339,
4757,51,4200000,0,user_49,320,339,
4779,97,2000001,0,user_12,321,337,4770
4723,93,2000000,0,user_16,320,334,
4736,92,2000000,0,user_28,320,334,
4740,94,2000000,0,user_34,320,334,
4770,99,2000000,350000,user_0,321,335,
4800,98,2000000,0,user_32,321,335,
4803,96,2000000,0,user_36,321,334,
4734,97,1900000,0,user_24,320,330,
4731,97,1700000,0,user_23,320,329,
4780,98,1500001,0,user_14,321,328,4735
4793,99,1500001,0,user_22,321,328,4735
4735,94,1500000,128000,user_27,320,327,
4771,99,1499999,0,user_1,321,327,4735
4792,94,1499999,0,user_21,321,326,4735
4794,95,1499999,0,user_22,321,326,4735
4786,96,1499999,0,user_17,321,326,4735
4787,97,1499999,0,user_17,321,326,4735
4788,98,1499999,0,user_17,321,326,4735
4730,94,1400000,0,user_23,320,325,
4732,95,1400000,0,user_23,320,325,
4749,96,1400000,0,user_42,320,325,
4769,97,1400000,0,user_0,321,325,
4713,99,1300000,0,user_4,320,325,
4756,82,1100000,0,user_49,320,324,
4741,81,1100000,0,user_35,320,324,
4753,84,1000000,0,user_44,320,324,
4751,83,1000000,0,user_42,320,324,
4714,74,670000,0,user_6,320,323,
4715,78,530000,0,user_7,320,323,
4717,79,470000,0,user_9,320,323,
4809,81,460000,12300,user_44,321,323,
4739,84,370000,0,user_31,320,323,
4752,85,350000,0,user_42,320,323,
4744,86,340000,0,user_38,320,323,
4716,88,320000,0,user_8,320,323,
4722,90,310000,0,user_16,320,323,
4813,95,300000,71800,user_46,321,323,
4738,67,260000,0,user_31,320,322,
4755,68,260000,0,user_48,320,322,
4754,69,260000,0,user_45,320,322,
4804,70,260000,0,user_37,321,322,
4810,71,240000,0,user_45,321,322,
4799,72,220000,0,user_28,321,322,
4801,73,190000,0,user_33,321,322,
4729,74,170000,0,user_23,320,322,
4807,75,170000,0,user_40,321,322,
4725,77,160000,0,user_16,320,322,
4733,78,160000,0,user_24,320,322,
4811,79,160000,0,user_45,321,322,
4802,80,160000,0,user_33,321,322,
4798,81,160000,0,user_27,321,322,
4805,82,150000,0,user_37,321,322,
4745,84,120000,0,user_40,320,322,
4750,85,120000,0,user_42,320,322,
4812,86,120000,0,user_46,321,322,
4781,91,110001,0,user_14,321,322,4747
4782,93,110001,0,user_15,321,322,4747
4791,92,110001,0,user_21,321,322,4747
4784,94,110001,0,user_17,321,322,4747
4789,95,110001,0,user_18,321,322,4747
4747,65,110000,33300,user_41,320,321,
4742,66,110000,0,user_35,320,321,
4775,67,109999,0,user_6,321,321,4747
4796,68,109999,0,user_25,321,321,4747
4797,69,109999,0,user_26,321,321,4747
4785,70,109999,0,user_17,321,321,4747
4795,71,109999,0,user_24,321,321,4747
4718,72,100000,0,user_11,320,321,
4719,73,100000,0,user_11,320,321,
4728,74,82000,0,user_23,320,321,
4721,75,82000,0,user_14,320,321,
4746,76,82000,0,user_40,320,321,
4727,77,80000,0,user_20,320,321,
4790,78,73001,0,user_20,321,321,4748
4772,79,73001,0,user_3,321,321,4748
4748,80,73000,195000,user_42,320,321,
4774,81,72999,0,user_5,321,321,4748
4777,82,72999,0,user_10,321,321,4748
4773,83,72999,0,user_3,321,321,4748
4776,84,72999,0,user_6,321,321,4748
4778,85,72999,0,user_11,321,321,4748
4783,86,72999,0,user_16,321,321,4748
4931,8,27000000,0,user_33,322,339,
4726,13,19000000,0,user_19,320,339,
4737,18,6300000,0,user_29,320,339,
4806,17,6300000,0,user_37,321,339,
4743,28,6100000,0,user_36,320,339,
4948,31,5200000,0,user_48,322,339,
4924,32,5200000,0,user_27,322,339,
4724,38,5000000,0,user_16,320,339,
4757,51,4200000,0,user_49,320,339,
4927,57,3600000,75000,user_30,322,339,
4944,65,3500000,161000,user_47,322,339,
4947,87,2500000,0,user_47,322,339,
4779,97,2000001,0,user_12,321,337,4770
4736,92,2000000,0,user_28,320,334,
4723,93,2000000,0,user_16,320,334,
4740,94,2000000,0,user_34,320,334,
4770,99,2000000,350000,user_0,321,335,
4803,96,2000000,0,user_36,321,334,
4800,98,2000000,0,user_32,321,335,
4734,97,1900000,0,user_24,320,330,
4731,97,1700000,0,user_23,320,329,
4808,99,1600000,0,user_43,321,329,
4780,98,1500001,0,user_14,321,328,4735
4793,99,1500001,0,user_22,321,328,4735
4922,97,1500001,0,user_24,322,328,4735
4735,94,1500000,128000,user_27,320,327,
4771,99,1499999,0,user_1,321,327,4735
4792,94,1499999,0,user_21,321,326,4735
4794,95,1499999,0,user_22,321,326,4735
4786,96,1499999,0,user_17,321,326,4735
4787,97,1499999,0,user_17,321,326,4735
4788,98,1499999,0,user_17,321,326,4735
4895,99,1499999,0,user_2,322,326,4735
4912,98,1499999,0,user_21,322,327,4735
4730,94,1400000,0,user_23,320,325,
4732,95,1400000,0,user_23,320,325,
4749,96,1400000,0,user_42,320,325,
4769,97,1400000,0,user_0,321,325,
4932,92,1400000,0,user_33,322,325,
4713,99,1300000,0,user_4,320,325,
4756,82,1100000,0,user_49,320,324,
4741,81,1100000,0,user_35,320,324,
4753,84,1000000,0,user_44,320,324,
4751,83,1000000,0,user_42,320,324,
4714,74,670000,0,user_6,320,323,
4939,76,630000,0,user_39,322,323,
4935,77,600000,0,user_37,322,323,
4715,78,530000,0,user_7,320,323,
4717,79,470000,0,user_9,320,323,
4903,80,460001,0,user_11,322,323,4809
4809,81,460000,12300,user_44,321,323,
4902,83,459999,0,user_11,322,323,4809
4739,84,370000,0,user_31,320,323,
4752,85,350000,0,user_42,320,323,
4744,86,340000,0,user_38,320,323,
4716,88,320000,0,user_8,320,323,
4722,90,310000,0,user_16,320,323,
4925,89,310000,0,user_30,322,323,
4907,92,300001,0,user_14,322,323,4813
4921,93,300001,0,user_23,322,323,4813
4901,94,300001,0,user_9,322,323,4813
4813,95,300000,71800,user_46,321,323,
4896,96,299999,0,user_4,322,323,4813
4911,97,299999,0,user_20,322,323,4813
4899,99,299999,0,user_6,322,323,4813
4900,65,299999,0,user_6,322,322,4813
4915,98,299999,0,user_21,322,323,4813
4738,67,260000,0,user_31,320,322,
4755,68,260000,0,user_48,320,322,
4754,69,260000,0,user_45,320,322,
4804,70,260000,0,user_37,321,322,
4810,71,240000,0,user_45,321,322,
4799,72,220000,0,user_28,321,322,
4801,73,190000,0,user_33,321,322,
4729,74,170000,0,user_23,320,322,
4807,75,170000,0,user_40,321,322,
4943,76,170000,4320000,user_47,322,322,
4725,77,160000,0,user_16,320,322,
4733,78,160000,0,user_24,320,322,
4811,79,160000,0,user_45,321,322,
4802,80,160000,0,user_33,321,322,
4798,81,160000,0,user_27,321,322,
4805,82,150000,0,user_37,321,322,
4945,83,150000,0,user_47,322,322,
4745,84,120000,0,user_40,320,322,
4750,85,120000,0,user_42,320,322,
4812,86,120000,0,user_46,321,322,
4814,87,120000,0,user_49,321,322,
4938,88,120000,0,user_39,322,322,
4934,89,120000,0,user_36,322,322,
4946,90,120000,46500,user_47,322,322,
4781,91,110001,0,user_14,321,322,4747
4791,92,110001,0,user_21,321,322,4747
4782,93,110001,0,user_15,321,322,4747
4784,94,110001,0,user_17,321,322,4747
4789,95,110001,0,user_18,321,322,4747
4897,96,110001,0,user_5,322,322,4747
4898,97,110001,0,user_5,322,322,4747
4905,98,110001,0,user_12,322,322,4747
4908,99,110001,0,user_15,322,322,4747
4931,8,27000000,0,user_33,322,339,
4726,13,19000000,0,user_19,320,339,
4806,17,6300000,0,user_37,321,339,
4737,18,6300000,0,user_29,320,339,
5153,19,6300000,0,user_42,323,339,
4743,28,6100000,0,user_36,320,339,
4948,31,5200000,0,user_48,322,339,
4924,32,5200000,0,user_27,322,339,
4724,38,5000000,0,user_16,320,339,
4757,51,4200000,0,user_49,320,339,
4949,52,4200000,0,user_49,322,339,
4927,57,3600000,75000,user_30,322,339,
5110,59,3500001,0,user_1,323,339,4944
5125,60,3500001,0,user_12,323,339,4944
5138,61,3500001,0,user_26,323,339,4944
4944,65,3500000,161000,user_47,322,339,
5111,66,3499999,0,user_2,323,339,4944
5128,67,3499999,0,user_13,323,339,4944
5117,68,3499999,0,user_6,323,339,4944
5129,69,3499999,0,user_15,323,339,4944
5130,70,3499999,0,user_15,323,339,4944
5133,71,3499999,0,user_18,323,339,4944
4947,87,2500000,0,user_47,322,339,
5154,91,2300000,0,user_42,323,339,
5140,96,2100000,11200,user_27,323,339,
4779,97,2000001,0,user_12,321,337,4770
5113,91,2000001,0,user_4,323,337,4770
5114,98,2000001,0,user_6,323,337,4770
5118,92,2000001,0,user_7,323,337,4770
5132,93,2000001,0,user_17,323,337,4770
4800,98,2000000,0,user_32,321,335,
4770,99,2000000,350000,user_0,321,335,
4803,96,2000000,0,user_36,321,334,
5156,99,2000000,0,user_44,323,336,
4723,93,2000000,0,user_16,320,334,
4740,94,2000000,0,user_34,320,334,
4736,92,2000000,0,user_28,320,334,
5116,98,1999999,0,user_6,323,333,4770
5135,93,1999999,0,user_23,323,333,4770
4734,97,1900000,0,user_24,320,330,
4731,97,1700000,0,user_23,320,329,
4808,99,1600000,0,user_43,321,329,
4922,97,1500001,0,user_24,322,328,4735
4780,98,1500001,0,user_14,321,328,4735
4793,99,1500001,0,user_22,321,328,4735
5119,95,1500001,0,user_7,323,328,4735
5124,94,1500001,0,user_12,323,328,4735
5136,96,1500001,0,user_24,323,328,4735
4735,94,1500000,128000,user_27,320,327,
5145,95,1500000,0,user_34,323,327,
5142,96,1500000,0,user_30,323,327,
4912,98,1499999,0,user_21,322,327,4735
4771,99,1499999,0,user_1,321,327,4735
4786,96,1499999,0,user_17,321,326,4735
4787,97,1499999,0,user_17,321,326,4735
4788,98,1499999,0,user_17,321,326,4735
4794,95,1499999,0,user_22,321,326,4735
4792,94,1499999,0,user_21,321,326,4735
4895,99,1499999,0,user_2,322,326,4735
5134,84,1499999,0,user_21,323,325,4735
5137,85,1499999,0,user_25,323,325,4735
4932,92,1400000,0,user_33,322,325,
4769,97,1400000,0,user_0,321,325,
4730,94,1400000,0,user_23,320,325,
4732,95,1400000,0,user_23,320,325,
4749,96,1400000,0,user_42,320,325,
5141,98,1300000,18600,user_28,323,325,
4713,99,1300000,0,user_4,320,325,
4929,80,1200000,0,user_31,322,324,
4741,81,1100000,0,user_35,320,324,
4756,82,1100000,0,user_49,320,324,
4753,84,1000000,0,user_44,320,324,
4751,83,1000000,0,user_42,320,324,
5144,96,910000,7190000,user_32,323,324,
4714,74,670000,0,user_6,320,323,
5139,75,660000,7190000,user_27,323,323,
4939,76,630000,0,user_39,322,323,
4935,77,600000,0,user_37,322,323,
4715,78,530000,0,user_7,320,323,
4717,79,470000,0,user_9,320,323,
4903,80,460001,0,user_11,322,323,4809
4809,81,460000,12300,user_44,321,323,
5152,82,460000,0,user_41,323,323,
4902,83,459999,0,user_11,322,323,4809
4739,84,370000,0,user_31,320,323,
4752,85,350000,0,user_42,320,323,
4744,86,340000,0,user_38,320,323,
5150,87,340000,0,user_37,323,323,
4716,88,320000,0,user_8,320,323,
4925,89,310000,0,user_30,322,323,
4722,90,310000,0,user_16,320,323,
5148,91,310000,0,user_36,323,323,
4907,92,300001,0,user_14,322,323,4813
4921,93,300001,0,user_23,322,323,4813
4901,94,300001,0,user_9,322,323,4813
4813,95,300000,71800,user_46,321,323,
4896,96,299999,0,user_4,322,323,4813
4911,97,299999,0,user_20,322,323,4813
4915,98,299999,0,user_21,322,323,4813
4899,99,299999,0,user_6,322,323,4813
4931,8,27000000,0,user_33,322,339,
4726,13,19000000,0,user_19,320,339,
5153,19,6300000,0,user_42,323,339,
4806,17,6300000,0,user_37,321,339,
4737,18,6300000,0,user_29,320,339,
5349,21,6300000,0,user_29,324,339,
5347,20,6300000,5630,user_27,324,339,
4743,28,6100000,0,user_36,320,339,
4924,32,5200000,0,user_27,322,339,
4948,31,5200000,0,user_48,322,339,
5364,34,5200000,0,user_46,324,339,
5352,33,5200000,0,user_34,324,339,
5143,39,5000000,0,user_31,323,339,
4724,38,5000000,0,user_16,320,339,
5369,40,5000000,0,user_48,324,339,
4949,52,4200000,0,user_49,322,339,
4757,51,4200000,0,user_49,320,339,
4927,57,3600000,75000,user_30,322,339,
5125,60,3500001,0,user_12,323,339,4944
5138,61,3500001,0,user_26,323,339,4944
5110,59,3500001,0,user_1,323,339,4944
4944,65,3500000,161000,user_47,322,339,
5128,67,3499999,0,user_13,323,339,4944
5117,68,3499999,0,user_6,323,339,4944
5129,69,3499999,0,user_15,323,339,4944
5130,70,3499999,0,user_15,323,339,4944
5133,71,3499999,0,user_18,323,339,4944
5111,66,3499999,0,user_2,323,339,4944
5317,73,3499999,0,user_8,324,339,4944
5321,72,3499999,0,user_9,324,339,4944
5362,82,2600000,0,user_44,324,339,
4947,87,2500000,0,user_47,322,339,
5154,91,2300000,0,user_42,323,339,
5140,96,2100000,11200,user_27,323,339,
5113,91,2000001,0,user_4,323,337,4770
5114,98,2000001,0,user_6,323,337,4770
5118,92,2000001,0,user_7,323,337,4770
5132,93,2000001,0,user_17,323,337,4770
4779,97,2000001,0,user_12,321,337,4770
5336,89,2000001,0,user_16,324,337,4770
5156,99,2000000,0,user_44,323,336,
4770,99,2000000,350000,user_0,321,335,
4803,96,2000000,0,user_36,321,334,
4736,92,2000000,0,user_28,320,334,
4723,93,2000000,0,user_16,320,334,
4740,94,2000000,0,user_34,320,334,
4800,98,2000000,0,user_32,321,335,
5116,98,1999999,0,user_6,323,333,4770
5135,93,1999999,0,user_23,323,333,4770
4734,97,1900000,0,user_24,320,330,
5366,96,1800000,0,user_47,324,329,
4731,97,1700000,0,user_23,320,329,
4808,99,1600000,0,user_43,321,329,
5124,94,1500001,0,user_12,323,328,4735
5119,95,1500001,0,user_7,323,328,4735
5136,96,1500001,0,user_24,323,328,4735
4922,97,1500001,0,user_24,322,328,4735
4780,98,1500001,0,user_14,321,328,4735
4793,99,1500001,0,user_22,321,328,4735
5142,96,1500000,0,user_30,323,327,
5145,95,1500000,0,user_34,323,327,
4735,94,1500000,128000,user_27,320,327,
5350,97,1500000,0,user_30,324,327,
5134,84,1499999,0,user_21,323,325,4735
4895,99,1499999,0,user_2,322,326,4735
5137,85,1499999,0,user_25,323,325,4735
4771,99,1499999,0,user_1,321,327,4735
4912,98,1499999,0,user_21,322,327,4735
4792,94,1499999,0,user_21,321,326,4735
4786,96,1499999,0,user_17,321,326,4735
4787,97,1499999,0,user_17,321,326,4735
4788,98,1499999,0,user_17,321,326,4735
4794,95,1499999,0,user_22,321,326,4735
4749,96,1400000,0,user_42,320,325,
4769,97,1400000,0,user_0,321,325,
4932,92,1400000,0,user_33,322,325,
4730,94,1400000,0,user_23,320,325,
4732,95,1400000,0,user_23,320,325,
5141,98,1300000,18600,user_28,323,325,
4713,99,1300000,0,user_4,320,325,
4929,80,1200000,0,user_31,322,324,
4741,81,1100000,0,user_35,320,324,
4756,82,1100000,0,user_49,320,324,
4751,83,1000000,0,user_42,320,324,
4753,84,1000000,0,user_44,320,324,
5353,85,1000000,0,user_36,324,324,
5312,86,910001,0,user_1,324,324,5144
5314,87,910001,0,user_2,324,324,5144
5323,88,910001,0,user_10,324,324,5144
5324,89,910001,0,user_11,324,324,5144
5325,90,910001,0,user_11,324,324,5144
5341,91,910001,0,user_19,324,324,5144
5315,92,910001,0,user_3,324,324,5144
5319,93,910001,0,user_8,324,324,5144
5320,94,910001,0,user_9,324,324,5144
5322,95,910001,0,user_9,324,324,5144
5144,96,910000,7190000,user_32,323,324,
5328,97,909999,0,user_13,324,324,5144
5311,98,909999,0,user_0,324,324,5144
5316,99,909999,0,user_6,324,324,5144
4931,8,27000000,0,user_33,322,339,
4726,13,19000000,0,user_19,320,339,
5349,21,6300000,0,user_29,324,339,
5360,22,6300000,0,user_43,324,339,
5347,20,6300000,5630,user_27,324,339,
4737,18,6300000,0,user_29,320,339,
4806,17,6300000,0,user_37,321,339,
5153,19,6300000,0,user_42,323,339,
4743,28,6100000,0,user_36,320,339,
5364,34,5200000,0,user_46,324,339,
5352,33,5200000,0,user_34,324,339,
4924,32,5200000,0,user_27,322,339,
4948,31,5200000,0,user_48,322,339,
5593,30,5200000,21800,user_30,325,339,
5369,40,5000000,0,user_48,324,339,
5143,39,5000000,0,user_31,323,339,
4724,38,5000000,0,user_16,320,339,
5614,45,4500000,0,user_48,325,339,
4949,52,4200000,0,user_49,322,339,
4757,51,4200000,0,user_49,320,339,
4927,57,3600000,75000,user_30,322,339,
5110,59,3500001,0,user_1,323,339,4944
5125,60,3500001,0,user_12,323,339,4944
5138,61,3500001,0,user_26,323,339,4944
4944,65,3500000,161000,user_47,322,339,
5111,66,3499999,0,user_2,323,339,4944
5317,73,3499999,0,user_8,324,339,4944
5128,67,3499999,0,user_13,323,339,4944
5133,71,3499999,0,user_18,323,339,4944
5129,69,3499999,0,user_15,323,339,4944
5130,70,3499999,0,user_15,323,339,4944
5321,72,3499999,0,user_9,324,339,4944
5117,68,3499999,0,user_6,323,339,4944
5362,82,2600000,0,user_44,324,339,
4947,87,2500000,0,user_47,322,339,
5154,91,2300000,0,user_42,323,339,
5140,96,2100000,11200,user_27,323,339,
5336,89,2000001,0,user_16,324,337,4770
5544,95,2000001,0,user_1,325,338,4770
5113,91,2000001,0,user_4,323,337,4770
5118,92,2000001,0,user_7,323,337,4770
5132,93,2000001,0,user_17,323,337,4770
5568,98,2000001,0,user_12,325,339,4770
5579,99,2000001,0,user_19,325,339,4770
5582,99,2000001,0,user_20,325,338,4770
4779,97,2000001,0,user_12,321,337,4770
5114,98,2000001,0,user_6,323,337,4770
5586,97,2000001,0,user_25,325,338,4770
5587,98,2000001,0,user_26,325,338,4770
5156,99,2000000,0,user_44,323,336,
4723,93,2000000,0,user_16,320,334,
4736,92,2000000,0,user_28,320,334,
4740,94,2000000,0,user_34,320,334,
4770,99,2000000,350000,user_0,321,335,
4800,98,2000000,0,user_32,321,335,
4803,96,2000000,0,user_36,321,334,
5135,93,1999999,0,user_23,323,333,4770
5570,94,1999999,0,user_13,325,333,4770
5543,95,1999999,0,user_0,325,333,4770
5580,96,1999999,0,user_19,325,333,4770
5581,97,1999999,0,user_19,325,333,4770
5116,98,1999999,0,user_6,323,333,4770
5555,99,1999999,0,user_6,325,333,4770
5585,94,1999999,0,user_25,325,331,4770
5575,95,1999999,0,user_17,325,332,4770
5584,99,1999999,0,user_24,325,332,4770
5577,96,1999999,0,user_18,325,332,4770
4734,97,1900000,0,user_24,320,330,
5366,96,1800000,0,user_47,324,329,
4731,97,1700000,0,user_23,320,329,
4808,99,1600000,0,user_43,321,329,
4922,97,1500001,0,user_24,322,328,4735
5124,94,1500001,0,user_12,323,328,4735
5119,95,1500001,0,user_7,323,328,4735
5136,96,1500001,0,user_24,323,328,4735
4780,98,1500001,0,user_14,321,328,4735
4793,99,1500001,0,user_22,321,328,4735
5350,97,1500000,0,user_30,324,327,
5142,96,1500000,0,user_30,323,327,
4735,94,1500000,128000,user_27,320,327,
5145,95,1500000,0,user_34,323,327,
5613,92,1500000,0,user_46,325,327,
4895,99,1499999,0,user_2,322,326,4735
4912,98,1499999,0,user_21,322,327,4735
5134,84,1499999,0,user_21,323,325,4735
5137,85,1499999,0,user_25,323,325,4735
4771,99,1499999,0,user_1,321,327,4735
4792,94,1499999,0,user_21,321,326,4735
4794,95,1499999,0,user_22,321,326,4735
4786,96,1499999,0,user_17,321,326,4735
4787,97,1499999,0,user_17,321,326,4735
4788,98,1499999,0,user_17,321,326,4735
4932,92,1400000,0,user_33,322,325,
5609,93,1400000,0,user_44,325,325,
4730,94,1400000,0,user_23,320,325,
4732,95,1400000,0,user_23,320,325,
4749,96,1400000,0,user_42,320,325,
4769,97,1400000,0,user_0,321,325,
5141,98,1300000,18600,user_28,323,325,
4713,99,1300000,0,user_4,320,325,
4931,8,27000000,0,user_33,322,339,
4726,13,19000000,0,user_19,320,339,
5594,15,6300000,0,user_31,325,339,
5349,21,6300000,0,user_29,324,339,
5360,22,6300000,0,user_43,324,339,
4737,18,6300000,0,user_29,320,339,
4806,17,6300000,0,user_37,321,339,
5153,19,6300000,0,user_42,323,339,
5347,20,6300000,5630,user_27,324,339,
5841,16,6300000,0,user_29,326,339,
5863,26,6100000,0,user_45,326,339,
4743,28,6100000,0,user_36,320,339,
5842,27,6100000,0,user_30,326,339,
5593,30,5200000,21800,user_30,325,339,
5364,34,5200000,0,user_46,324,339,
5352,33,5200000,0,user_34,324,339,
4948,31,5200000,0,user_48,322,339,
4924,32,5200000,0,user_27,322,339,
5369,40,5000000,0,user_48,324,339,
4724,38,5000000,0,user_16,320,339,
5143,39,5000000,0,user_31,323,339,
5614,45,4500000,0,user_48,325,339,
5853,50,4200000,46500,user_37,326,339,
4757,51,4200000,0,user_49,320,339,
4949,52,4200000,0,user_49,322,339,
4927,57,3600000,75000,user_30,322,339,
5110,59,3500001,0,user_1,323,339,4944
5125,60,3500001,0,user_12,323,339,4944
5138,61,3500001,0,user_26,323,339,4944
4944,65,3500000,161000,user_47,322,339,
5317,73,3499999,0,user_8,324,339,4944
5321,72,3499999,0,user_9,324,339,4944
5111,66,3499999,0,user_2,323,339,4944
5129,69,3499999,0,user_15,323,339,4944
5130,70,3499999,0,user_15,323,339,4944
5128,67,3499999,0,user_13,323,339,4944
5133,71,3499999,0,user_18,323,339,4944
5117,68,3499999,0,user_6,323,339,4944
5362,82,2600000,0,user_44,324,339,
4947,87,2500000,0,user_47,322,339,
5154,91,2300000,0,user_42,323,339,
5140,96,2100000,11200,user_27,323,339,
5544,95,2000001,0,user_1,325,338,4770
5568,98,2000001,0,user_12,325,339,4770
5586,97,2000001,0,user_25,325,338,4770
5587,98,2000001,0,user_26,325,338,4770
5582,99,2000001,0,user_20,325,338,4770
5336,89,2000001,0,user_16,324,337,4770
5579,99,2000001,0,user_19,325,339,4770
4779,97,2000001,0,user_12,321,337,4770
5113,91,2000001,0,user_4,323,337,4770
5118,92,2000001,0,user_7,323,337,4770
5132,93,2000001,0,user_17,323,337,4770
5114,98,2000001,0,user_6,323,337,4770
5823,95,2000001,0,user_8,326,336,4770
4736,92,2000000,0,user_28,320,334,
4723,93,2000000,0,user_16,320,334,
4740,94,2000000,0,user_34,320,334,
4770,99,2000000,350000,user_0,321,335,
4803,96,2000000,0,user_36,321,334,
4800,98,2000000,0,user_32,321,335,
5156,99,2000000,0,user_44,323,336,
5858,97,2000000,0,user_40,326,335,
5543,95,1999999,0,user_0,325,333,4770
5570,94,1999999,0,user_13,325,333,4770
5575,95,1999999,0,user_17,325,332,4770
5584,99,1999999,0,user_24,325,332,4770
5585,94,1999999,0,user_25,325,331,4770
5577,96,1999999,0,user_18,325,332,4770
5555,99,1999999,0,user_6,325,333,4770
5580,96,1999999,0,user_19,325,333,4770
5581,97,1999999,0,user_19,325,333,4770
5135,93,1999999,0,user_23,323,333,4770
5116,98,1999999,0,user_6,323,333,4770
4734,97,1900000,0,user_24,320,330,
5869,98,1900000,0,user_47,326,330,
5366,96,1800000,0,user_47,324,329,
4731,97,1700000,0,user_23,320,329,
5604,92,1600000,0,user_38,325,328,
5862,93,1600000,0,user_45,326,328,
4808,99,1600000,0,user_43,321,329,
4780,98,1500001,0,user_14,321,328,4735
4793,99,1500001,0,user_22,321,328,4735
4922,97,1500001,0,user_24,322,328,4735
5119,95,1500001,0,user_7,323,328,4735
5124,94,1500001,0,user_12,323,328,4735
5136,96,1500001,0,user_24,323,328,4735
5613,92,1500000,0,user_46,325,327,
5350,97,1500000,0,user_30,324,327,
5861,93,1500000,0,user_45,326,327,
4735,94,1500000,128000,user_27,320,327,
5142,96,1500000,0,user_30,323,327,
5145,95,1500000,0,user_34,323,327,
4771,99,1499999,0,user_1,321,327,4735
4792,94,1499999,0,user_21,321,326,4735
4794,95,1499999,0,user_22,321,326,4735
4786,96,1499999,0,user_17,321,326,4735
4787,97,1499999,0,user_17,321,326,4735
4788,98,1499999,0,user_17,321,326,4735
4895,99,1499999,0,user_2,322,326,4735
6125,2,43000000,0,user_44,327,339,
6107,7,27000000,0,user_28,327,339,
4931,8,27000000,0,user_33,322,339,
4726,13,19000000,0,user_19,320,339,
5594,15,6300000,0,user_31,325,339,
5841,16,6300000,0,user_29,326,339,
4806,17,6300000,0,user_37,321,339,
4737,18,6300000,0,user_29,320,339,
5153,19,6300000,0,user_42,323,339,
5347,20,6300000,5630,user_27,324,339,
5349,21,6300000,0,user_29,324,339,
5360,22,6300000,0,user_43,324,339,
5863,26,6100000,0,user_45,326,339,
5842,27,6100000,0,user_30,326,339,
4743,28,6100000,0,user_36,320,339,
5593,30,5200000,21800,user_30,325,339,
4948,31,5200000,0,user_48,322,339,
4924,32,5200000,0,user_27,322,339,
5352,33,5200000,0,user_34,324,339,
5364,34,5200000,0,user_46,324,339,
4724,38,5000000,0,user_16,320,339,
5143,39,5000000,0,user_31,323,339,
5369,40,5000000,0,user_48,324,339,
5614,45,4500000,0,user_48,325,339,
5853,50,4200000,46500,user_37,326,339,
4757,51,4200000,0,user_49,320,339,
4949,52,4200000,0,user_49,322,339,
4927,57,3600000,75000,user_30,322,339,
5110,59,3500001,0,user_1,323,339,4944
5125,60,3500001,0,user_12,323,339,4944
5138,61,3500001,0,user_26,323,339,4944
4944,65,3500000,161000,user_47,322,339,
5111,66,3499999,0,user_2,323,339,4944
5128,67,3499999,0,user_13,323,339,4944
5117,68,3499999,0,user_6,323,339,4944
5129,69,3499999,0,user_15,323,339,4944
5130,70,3499999,0,user_15,323,339,4944
5133,71,3499999,0,user_18,323,339,4944
5321,72,3499999,0,user_9,324,339,4944
5317,73,3499999,0,user_8,324,339,4944
5362,82,2600000,0,user_44,324,339,
6118,86,2500000,0,user_37,327,339,
4947,87,2500000,0,user_47,322,339,
6127,88,2500000,0,user_46,327,339,
5154,91,2300000,0,user_42,323,339,
5140,96,2100000,11200,user_27,323,339,
5568,98,2000001,0,user_12,325,339,4770
5579,99,2000001,0,user_19,325,339,4770
5582,99,2000001,0,user_20,325,338,4770
5586,97,2000001,0,user_25,325,338,4770
5587,98,2000001,0,user_26,325,338,4770
5823,95,2000001,0,user_8,326,336,4770
4779,97,2000001,0,user_12,321,337,4770
5113,91,2000001,0,user_4,323,337,4770
5114,98,2000001,0,user_6,323,337,4770
5118,92,2000001,0,user_7,323,337,4770
5132,93,2000001,0,user_17,323,337,4770
5336,89,2000001,0,user_16,324,337,4770
5544,95,2000001,0,user_1,325,338,4770
5858,97,2000000,0,user_40,326,335,
4800,98,2000000,0,user_32,321,335,
4770,99,2000000,350000,user_0,321,335,
4803,96,2000000,0,user_36,321,334,
5156,99,2000000,0,user_44,323,336,
4723,93,2000000,0,user_16,320,334,
4740,94,2000000,0,user_34,320,334,
4736,92,2000000,0,user_28,320,334,
5570,94,1999999,0,user_13,325,333,4770
5543,95,1999999,0,user_0,325,333,4770
5580,96,1999999,0,user_19,325,333,4770
5581,97,1999999,0,user_19,325,333,4770
5555,99,1999999,0,user_6,325,333,4770
5585,94,1999999,0,user_25,325,331,4770
5575,95,1999999,0,user_17,325,332,4770
5584,99,1999999,0,user_24,325,332,4770
5577,96,1999999,0,user_18,325,332,4770
5116,98,1999999,0,user_6,323,333,4770
5135,93,1999999,0,user_23,323,333,4770
5869,98,1900000,0,user_47,326,330,
4734,97,1900000,0,user_24,320,330,
5366,96,1800000,0,user_47,324,329,
4731,97,1700000,0,user_23,320,329,
5604,92,1600000,0,user_38,325,328,
5862,93,1600000,0,user_45,326,328,
4808,99,1600000,0,user_43,321,329,
6110,98,1600000,0,user_33,327,329,
4922,97,1500001,0,user_24,322,328,4735
4780,98,1500001,0,user_14,321,328,4735
4793,99,1500001,0,user_22,321,328,4735
5119,95,1500001,0,user_7,323,328,4735
5124,94,1500001,0,user_12,323,328,4735
5136,96,1500001,0,user_24,323,328,4735
5613,92,1500000,0,user_46,325,327,
5861,93,1500000,0,user_45,326,327,
4735,94,1500000,128000,user_27,320,327,
5145,95,1500000,0,user_34,323,327,
5142,96,1500000,0,user_30,323,327,
5350,97,1500000,0,user_30,324,327,
4912,98,1499999,0,user_21,322,327,4735
4771,99,1499999,0,user_1,321,327,4735
6125,2,43000000,0,user_44,327,339,
6107,7,27000000,0,user_28,327,339,
6372,9,27000000,0,user_37,328,339,
4931,8,27000000,0,user_33,322,339,
4726,13,19000000,0,user_19,320,339,
5153,19,6300000,0,user_42,323,339,
4806,17,6300000,0,user_37,321,339,
4737,18,6300000,0,user_29,320,339,
5349,21,6300000,0,user_29,324,339,
5360,22,6300000,0,user_43,324,339,
5347,20,6300000,5630,user_27,324,339,
5594,15,6300000,0,user_31,325,339,
5841,16,6300000,0,user_29,326,339,
4743,28,6100000,0,user_36,320,339,
5842,27,6100000,0,user_30,326,339,
5863,26,6100000,0,user_45,326,339,
4924,32,5200000,0,user_27,322,339,
4948,31,5200000,0,user_48,322,339,
5364,34,5200000,0,user_46,324,339,
5352,33,5200000,0,user_34,324,339,
5593,30,5200000,21800,user_30,325,339,
5143,39,5000000,0,user_31,323,339,
4724,38,5000000,0,user_16,320,339,
5369,40,5000000,0,user_48,324,339,
6119,46,4500000,0,user_38,327,339,
5614,45,4500000,0,user_48,325,339,
6378,47,4500000,0,user_40,328,339,
4949,52,4200000,0,user_49,322,339,
4757,51,4200000,0,user_49,320,339,
5853,50,4200000,46500,user_37,326,339,
4927,57,3600000,75000,user_30,322,339,
5125,60,3500001,0,user_12,323,339,4944
5138,61,3500001,0,user_26,323,339,4944
5110,59,3500001,0,user_1,323,339,4944
4944,65,3500000,161000,user_47,322,339,
5128,67,3499999,0,user_13,323,339,4944
5117,68,3499999,0,user_6,323,339,4944
5129,69,3499999,0,user_15,323,339,4944
5130,70,3499999,0,user_15,323,339,4944
5133,71,3499999,0,user_18,323,339,4944
5111,66,3499999,0,user_2,323,339,4944
5317,73,3499999,0,user_8,324,339,4944
5321,72,3499999,0,user_9,324,339,4944
6376,77,3200000,0,user_39,328,339,
5362,82,2600000,0,user_44,324,339,
6127,88,2500000,0,user_46,327,339,
6118,86,2500000,0,user_37,327,339,
4947,87,2500000,0,user_47,322,339,
5154,91,2300000,0,user_42,323,339,
5140,96,2100000,11200,user_27,323,339,
5113,91,2000001,0,user_4,323,337,4770
5114,98,2000001,0,user_6,323,337,4770
5118,92,2000001,0,user_7,323,337,4770
5132,93,2000001,0,user_17,323,337,4770
4779,97,2000001,0,user_12,321,337,4770
5336,89,2000001,0,user_16,324,337,4770
5544,95,2000001,0,user_1,325,338,4770
5568,98,2000001,0,user_12,325,339,4770
5582,99,2000001,0,user_20,325,338,4770
5579,99,2000001,0,user_19,325,339,4770
5586,97,2000001,0,user_25,325,338,4770
5587,98,2000001,0,user_26,325,338,4770
5823,95,2000001,0,user_8,326,336,4770
5156,99,2000000,0,user_44,323,336,
4770,99,2000000,350000,user_0,321,335,
4803,96,2000000,0,user_36,321,334,
4736,92,2000000,0,user_28,320,334,
4723,93,2000000,0,user_16,320,334,
4740,94,2000000,0,user_34,320,334,
4800,98,2000000,0,user_32,321,335,
5858,97,2000000,0,user_40,326,335,
6368,90,2000000,0,user_34,328,334,
6386,89,2000000,0,user_47,328,334,
5116,98,1999999,0,user_6,323,333,4770
5135,93,1999999,0,user_23,323,333,4770
5543,95,1999999,0,user_0,325,333,4770
5570,94,1999999,0,user_13,325,333,4770
5575,95,1999999,0,user_17,325,332,4770
5577,96,1999999,0,user_18,325,332,4770
5580,96,1999999,0,user_19,325,333,4770
5581,97,1999999,0,user_19,325,333,4770
5584,99,1999999,0,user_24,325,332,4770
5585,94,1999999,0,user_25,325,331,4770
5555,99,1999999,0,user_6,325,333,4770
6124,96,1900000,0,user_43,327,330,
4734,97,1900000,0,user_24,320,330,
5869,98,1900000,0,user_47,326,330,
5366,96,1800000,0,user_47,324,329,
6374,99,1800000,0,user_39,328,330,
4731,97,1700000,0,user_23,320,329,
6110,98,1600000,0,user_33,327,329,
4808,99,1600000,0,user_43,321,329,
5604,92,1600000,0,user_38,325,328,
5862,93,1600000,0,user_45,326,328,
5124,94,1500001,0,user_12,323,328,4735
5119,95,1500001,0,user_7,323,328,4735
5136,96,1500001,0,user_24,323,328,4735
4922,97,1500001,0,user_24,322,328,4735
4780,98,1500001,0,user_14,321,328,4735
4793,99,1500001,0,user_22,321,328,4735
6125,2,43000000,0,user_44,327,339,
6645,1,43000000,0,user_40,329,339,
6372,9,27000000,0,user_37,328,339,
6107,7,27000000,0,user_28,327,339,
4931,8,27000000,0,user_33,322,339,
4726,13,19000000,0,user_19,320,339,
5349,21,6300000,0,user_29,324,339,
5360,22,6300000,0,user_43,324,339,
5347,20,6300000,5630,user_27,324,339,
4737,18,6300000,0,user_29,320,339,
4806,17,6300000,0,user_37,321,339,
5153,19,6300000,0,user_42,323,339,
5594,15,6300000,0,user_31,325,339,
5841,16,6300000,0,user_29,326,339,
6641,24,6100000,0,user_37,329,339,
4743,28,6100000,0,user_36,320,339,
5863,26,6100000,0,user_45,326,339,
5842,27,6100000,0,user_30,326,339,
6647,25,6100000,0,user_41,329,339,
5364,34,5200000,0,user_46,324,339,
5352,33,5200000,0,user_34,324,339,
4924,32,5200000,0,user_27,322,339,
4948,31,5200000,0,user_48,322,339,
5593,30,5200000,21800,user_30,325,339,
5369,40,5000000,0,user_48,324,339,
5143,39,5000000,0,user_31,323,339,
4724,38,5000000,0,user_16,320,339,
6378,47,4500000,0,user_40,328,339,
6119,46,4500000,0,user_38,327,339,
5614,45,4500000,0,user_48,325,339,
6649,43,4500000,256000,user_42,329,339,
4949,52,4200000,0,user_49,322,339,
4757,51,4200000,0,user_49,320,339,
5853,50,4200000,46500,user_37,326,339,
4927,57,3600000,75000,user_30,322,339,
6644,55,3600000,0,user_40,329,339,
5110,59,3500001,0,user_1,323,339,4944
5125,60,3500001,0,user_12,323,339,4944
5138,61,3500001,0,user_26,323,339,4944
4944,65,3500000,161000,user_47,322,339,
5111,66,3499999,0,user_2,323,339,4944
5317,73,3499999,0,user_8,324,339,4944
5128,67,3499999,0,user_13,323,339,4944
5133,71,3499999,0,user_18,323,339,4944
5129,69,3499999,0,user_15,323,339,4944
5130,70,3499999,0,user_15,323,339,4944
5321,72,3499999,0,user_9,324,339,4944
5117,68,3499999,0,user_6,323,339,4944
6376,77,3200000,0,user_39,328,339,
5362,82,2600000,0,user_44,324,339,
6127,88,2500000,0,user_46,327,339,
6118,86,2500000,0,user_37,327,339,
6631,85,2500000,0,user_28,329,339,
4947,87,2500000,0,user_47,322,339,
5154,91,2300000,0,user_42,323,339,
5140,96,2100000,11200,user_27,323,339,
5336,89,2000001,0,user_16,324,337,4770
5544,95,2000001,0,user_1,325,338,4770
5113,91,2000001,0,user_4,323,337,4770
5118,92,2000001,0,user_7,323,337,4770
5132,93,2000001,0,user_17,323,337,4770
5568,98,2000001,0,user_12,325,339,4770
5579,99,2000001,0,user_19,325,339,4770
5582,99,2000001,0,user_20,325,338,4770
4779,97,2000001,0,user_12,321,337,4770
5114,98,2000001,0,user_6,323,337,4770
5586,97,2000001,0,user_25,325,338,4770
5587,98,2000001,0,user_26,325,338,4770
5823,95,2000001,0,user_8,326,336,4770
6386,89,2000000,0,user_47,328,334,
6368,90,2000000,0,user_34,328,334,
5156,99,2000000,0,user_44,323,336,
4723,93,2000000,0,user_16,320,334,
4736,92,2000000,0,user_28,320,334,
4740,94,2000000,0,user_34,320,334,
4770,99,2000000,350000,user_0,321,335,
4800,98,2000000,0,user_32,321,335,
4803,96,2000000,0,user_36,321,334,
5858,97,2000000,0,user_40,326,335,
6657,95,2000000,0,user_48,329,335,
6637,96,2000000,0,user_34,329,335,
5135,93,1999999,0,user_23,323,333,4770
5570,94,1999999,0,user_13,325,333,4770
5543,95,1999999,0,user_0,325,333,4770
5580,96,1999999,0,user_19,325,333,4770
5581,97,1999999,0,user_19,325,333,4770
5116,98,1999999,0,user_6,323,333,4770
5555,99,1999999,0,user_6,325,333,4770
5585,94,1999999,0,user_25,325,331,4770
5575,95,1999999,0,user_17,325,332,4770
5584,99,1999999,0,user_24,325,332,4770
5577,96,1999999,0,user_18,325,332,4770
6124,96,1900000,0,user_43,327,330,
4734,97,1900000,0,user_24,320,330,
5869,98,1900000,0,user_47,326,330,
6374,99,1800000,0,user_39,328,330,
5366,96,1800000,0,user_47,324,329,
4731,97,1700000,0,user_23,320,329,
6110,98,1600000,0,user_33,327,329,
4808,99,1600000,0,user_43,321,329,
6645,1,43000000,0,user_40,329,339,
6125,2,43000000,0,user_44,327,339,
6372,9,27000000,0,user_37,328,339,
4931,8,27000000,0,user_33,322,339,
6107,7,27000000,0,user_28,327,339,
6914,12,19000000,0,user_44,330,339,
4726,13,19000000,0,user_19,320,339,
5594,15,6300000,0,user_31,325,339,
5349,21,6300000,0,user_29,324,339,
5360,22,6300000,0,user_43,324,339,
4737,18,6300000,0,user_29,320,339,
4806,17,6300000,0,user_37,321,339,
5153,19,6300000,0,user_42,323,339,
5347,20,6300000,5630,user_27,324,339,
5841,16,6300000,0,user_29,326,339,
6641,24,6100000,0,user_37,329,339,
6647,25,6100000,0,user_41,329,339,
5863,26,6100000,0,user_45,326,339,
4743,28,6100000,0,user_36,320,339,
5842,27,6100000,0,user_30,326,339,
5593,30,5200000,21800,user_30,325,339,
5364,34,5200000,0,user_46,324,339,
5352,33,5200000,0,user_34,324,339,
4948,31,5200000,0,user_48,322,339,
4924,32,5200000,0,user_27,322,339,
5369,40,5000000,0,user_48,324,339,
4724,38,5000000,0,user_16,320,339,
5143,39,5000000,0,user_31,323,339,
6119,46,4500000,0,user_38,327,339,
6378,47,4500000,0,user_40,328,339,
6649,43,4500000,256000,user_42,329,339,
5614,45,4500000,0,user_48,325,339,
5853,50,4200000,46500,user_37,326,339,
4757,51,4200000,0,user_49,320,339,
4949,52,4200000,0,user_49,322,339,
6644,55,3600000,0,user_40,329,339,
6634,54,3600000,256000,user_31,329,339,
4927,57,3600000,75000,user_30,322,339,
6916,56,3600000,0,user_47,330,339,
5110,59,3500001,0,user_1,323,339,4944
5125,60,3500001,0,user_12,323,339,4944
5138,61,3500001,0,user_26,323,339,4944
4944,65,3500000,161000,user_47,322,339,
6918,64,3500000,410000,user_47,330,339,
5317,73,3499999,0,user_8,324,339,4944
5321,72,3499999,0,user_9,324,339,4944
5111,66,3499999,0,user_2,323,339,4944
5129,69,3499999,0,user_15,323,339,4944
5130,70,3499999,0,user_15,323,339,4944
5128,67,3499999,0,user_13,323,339,4944
5133,71,3499999,0,user_18,323,339,4944
5117,68,3499999,0,user_6,323,339,4944
6376,77,3200000,0,user_39,328,339,
5362,82,2600000,0,user_44,324,339,
6631,85,2500000,0,user_28,329,339,
6118,86,2500000,0,user_37,327,339,
6127,88,2500000,0,user_46,327,339,
4947,87,2500000,0,user_47,322,339,
5154,91,2300000,0,user_42,323,339,
5140,96,2100000,11200,user_27,323,339,
5544,95,2000001,0,user_1,325,338,4770
5568,98,2000001,0,user_12,325,339,4770
5586,97,2000001,0,user_25,325,338,4770
5587,98,2000001,0,user_26,325,338,4770
5582,99,2000001,0,user_20,325,338,4770
5336,89,2000001,0,user_16,324,337,4770
5579,99,2000001,0,user_19,325,339,4770
4779,97,2000001,0,user_12,321,337,4770
5113,91,2000001,0,user_4,323,337,4770
5118,92,2000001,0,user_7,323,337,4770
5132,93,2000001,0,user_17,323,337,4770
5114,98,2000001,0,user_6,323,337,4770
5823,95,2000001,0,user_8,326,336,4770
6657,95,2000000,0,user_48,329,335,
6386,89,2000000,0,user_47,328,334,
6368,90,2000000,0,user_34,328,334,
6637,96,2000000,0,user_34,329,335,
4736,92,2000000,0,user_28,320,334,
4723,93,2000000,0,user_16,320,334,
4740,94,2000000,0,user_34,320,334,
4770,99,2000000,350000,user_0,321,335,
4803,96,2000000,0,user_36,321,334,
4800,98,2000000,0,user_32,321,335,
5156,99,2000000,0,user_44,323,336,
5858,97,2000000,0,user_40,326,335,
5543,95,1999999,0,user_0,325,333,4770
5570,94,1999999,0,user_13,325,333,4770
5575,95,1999999,0,user_17,325,332,4770
5584,99,1999999,0,user_24,325,332,4770
5585,94,1999999,0,user_25,325,331,4770
5577,96,1999999,0,user_18,325,332,4770
5555,99,1999999,0,user_6,325,333,4770
5580,96,1999999,0,user_19,325,333,4770
5581,97,1999999,0,user_19,325,333,4770
5135,93,1999999,0,user_23,323,333,4770
5116,98,1999999,0,user_6,323,333,4770
6124,96,1900000,0,user_43,327,330,
4734,97,1900000,0,user_24,320,330,
5869,98,1900000,0,user_47,326,330,
6374,99,1800000,0,user_39,328,330,
6645,1,43000000,0,user_40,329,339,
6125,2,43000000,0,user_44,327,339,
6107,7,27000000,0,user_28,327,339,
4931,8,27000000,0,user_33,322,339,
6372,9,27000000,0,user_37,328,339,
6914,12,19000000,0,user_44,330,339,
4726,13,19000000,0,user_19,320,339,
5594,15,6300000,0,user_31,325,339,
5841,16,6300000,0,user_29,326,339,
4806,17,6300000,0,user_37,321,339,
4737,18,6300000,0,user_29,320,339,
5153,19,6300000,0,user_42,323,339,
5347,20,6300000,5630,user_27,324,339,
5349,21,6300000,0,user_29,324,339,
5360,22,6300000,0,user_43,324,339,
6641,24,6100000,0,user_37,329,339,
6647,25,6100000,0,user_41,329,339,
5863,26,6100000,0,user_45,326,339,
5842,27,6100000,0,user_30,326,339,
4743,28,6100000,0,user_36,320,339,
5593,30,5200000,21800,user_30,325,339,
4948,31,5200000,0,user_48,322,339,
4924,32,5200000,0,user_27,322,339,
5352,33,5200000,0,user_34,324,339,
5364,34,5200000,0,user_46,324,339,
4724,38,5000000,0,user_16,320,339,
5143,39,5000000,0,user_31,323,339,
5369,40,5000000,0,user_48,324,339,
6649,43,4500000,256000,user_42,329,339,
7209,44,4500000,32900,user_45,331,339,
5614,45,4500000,0,user_48,325,339,
6119,46,4500000,0,user_38,327,339,
6378,47,4500000,0,user_40,328,339,
5853,50,4200000,46500,user_37,326,339,
4757,51,4200000,0,user_49,320,339,
4949,52,4200000,0,user_49,322,339,
6634,54,3600000,256000,user_31,329,339,
6644,55,3600000,0,user_40,329,339,
6916,56,3600000,0,user_47,330,339,
4927,57,3600000,75000,user_30,322,339,
5110,59,3500001,0,user_1,323,339,4944
5125,60,3500001,0,user_12,323,339,4944
5138,61,3500001,0,user_26,323,339,4944
6918,64,3500000,410000,user_47,330,339,
4944,65,3500000,161000,user_47,322,339,
5111,66,3499999,0,user_2,323,339,4944
5128,67,3499999,0,user_13,323,339,4944
5117,68,3499999,0,user_6,323,339,4944
5129,69,3499999,0,user_15,323,339,4944
5130,70,3499999,0,user_15,323,339,4944
5133,71,3499999,0,user_18,323,339,4944
5321,72,3499999,0,user_9,324,339,4944
5317,73,3499999,0,user_8,324,339,4944
6376,77,3200000,0,user_39,328,339,
7208,81,2600000,0,user_44,331,339,
5362,82,2600000,0,user_44,324,339,
6631,85,2500000,0,user_28,329,339,
6118,86,2500000,0,user_37,327,339,
4947,87,2500000,0,user_47,322,339,
6127,88,2500000,0,user_46,327,339,
5154,91,2300000,0,user_42,323,339,
7201,92,2300000,0,user_36,331,339,
5140,96,2100000,11200,user_27,323,339,
5568,98,2000001,0,user_12,325,339,4770
5579,99,2000001,0,user_19,325,339,4770
5582,99,2000001,0,user_20,325,338,4770
5586,97,2000001,0,user_25,325,338,4770
5587,98,2000001,0,user_26,325,338,4770
5823,95,2000001,0,user_8,326,336,4770
4779,97,2000001,0,user_12,321,337,4770
5113,91,2000001,0,user_4,323,337,4770
5114,98,2000001,0,user_6,323,337,4770
5118,92,2000001,0,user_7,323,337,4770
5132,93,2000001,0,user_17,323,337,4770
5336,89,2000001,0,user_16,324,337,4770
5544,95,2000001,0,user_1,325,338,4770
6657,95,2000000,0,user_48,329,335,
6637,96,2000000,0,user_34,329,335,
5858,97,2000000,0,user_40,326,335,
4800,98,2000000,0,user_32,321,335,
4770,99,2000000,350000,user_0,321,335,
4803,96,2000000,0,user_36,321,334,
5156,99,2000000,0,user_44,323,336,
4723,93,2000000,0,user_16,320,334,
4740,94,2000000,0,user_34,320,334,
4736,92,2000000,0,user_28,320,334,
6386,89,2000000,0,user_47,328,334,
6368,90,2000000,0,user_34,328,334,
7202,98,2000000,0,user_36,331,336,
5570,94,1999999,0,user_13,325,333,4770
5543,95,1999999,0,user_0,325,333,4770
5580,96,1999999,0,user_19,325,333,4770
5581,97,1999999,0,user_19,325,333,4770
5555,99,1999999,0,user_6,325,333,4770
5585,94,1999999,0,user_25,325,331,4770
5575,95,1999999,0,user_17,325,332,4770
5584,99,1999999,0,user_24,325,332,4770
5577,96,1999999,0,user_18,325,332,4770
5116,98,1999999,0,user_6,323,333,4770
5135,93,1999999,0,user_23,323,333,4770
6125,2,43000000,0,user_44,327,339,
6645,1,43000000,0,user_40,329,339,
6107,7,27000000,0,user_28,327,339,
6372,9,27000000,0,user_37,328,339,
4931,8,27000000,0,user_33,322,339,
4726,13,19000000,0,user_19,320,339,
6914,12,19000000,0,user_44,330,339,
5153,19,6300000,0,user_42,323,339,
4806,17,6300000,0,user_37,321,339,
4737,18,6300000,0,user_29,320,339,
5349,21,6300000,0,user_29,324,339,
5360,22,6300000,0,user_43,324,339,
5347,20,6300000,5630,user_27,324,339,
5594,15,6300000,0,user_31,325,339,
5841,16,6300000,0,user_29,326,339,
4743,28,6100000,0,user_36,320,339,
5842,27,6100000,0,user_30,326,339,
5863,26,6100000,0,user_45,326,339,
6641,24,6100000,0,user_37,329,339,
6647,25,6100000,0,user_41,329,339,
4924,32,5200000,0,user_27,322,339,
4948,31,5200000,0,user_48,322,339,
5364,34,5200000,0,user_46,324,339,
5352,33,5200000,0,user_34,324,339,
5593,30,5200000,21800,user_30,325,339,
5143,39,5000000,0,user_31,323,339,
4724,38,5000000,0,user_16,320,339,
5369,40,5000000,0,user_48,324,339,
7209,44,4500000,32900,user_45,331,339,
6119,46,4500000,0,user_38,327,339,
5614,45,4500000,0,user_48,325,339,
6378,47,4500000,0,user_40,328,339,
6649,43,4500000,256000,user_42,329,339,
7505,48,4500000,0,user_27,332,339,
4949,52,4200000,0,user_49,322,339,
4757,51,4200000,0,user_49,320,339,
5853,50,4200000,46500,user_37,326,339,
4927,57,3600000,75000,user_30,322,339,
6634,54,3600000,256000,user_31,329,339,
6644,55,3600000,0,user_40,329,339,
6916,56,3600000,0,user_47,330,339,
5125,60,3500001,0,user_12,323,339,4944
5138,61,3500001,0,user_26,323,339,4944
5110,59,3500001,0,user_1,323,339,4944
4944,65,3500000,161000,user_47,322,339,
6918,64,3500000,410000,user_47,330,339,
5128,67,3499999,0,user_13,323,339,4944
5117,68,3499999,0,user_6,323,339,4944
5129,69,3499999,0,user_15,323,339,4944
5130,70,3499999,0,user_15,323,339,4944
5133,71,3499999,0,user_18,323,339,4944
5111,66,3499999,0,user_2,323,339,4944
5317,73,3499999,0,user_8,324,339,4944
5321,72,3499999,0,user_9,324,339,4944
7517,78,3200000,0,user_44,332,339,
6376,77,3200000,0,user_39,328,339,
7208,81,2600000,0,user_44,331,339,
5362,82,2600000,0,user_44,324,339,
6127,88,2500000,0,user_46,327,339,
6118,86,2500000,0,user_37,327,339,
4947,87,2500000,0,user_47,322,339,
6631,85,2500000,0,user_28,329,339,
7201,92,2300000,0,user_36,331,339,
5154,91,2300000,0,user_42,323,339,
5140,96,2100000,11200,user_27,323,339,
5113,91,2000001,0,user_4,323,337,4770
5114,98,2000001,0,user_6,323,337,4770
5118,92,2000001,0,user_7,323,337,4770
5132,93,2000001,0,user_17,323,337,4770
4779,97,2000001,0,user_12,321,337,4770
5336,89,2000001,0,user_16,324,337,4770
5544,95,2000001,0,user_1,325,338,4770
5568,98,2000001,0,user_12,325,339,4770
5582,99,2000001,0,user_20,325,338,4770
5579,99,2000001,0,user_19,325,339,4770
5586,97,2000001,0,user_25,325,338,4770
5587,98,2000001,0,user_26,325,338,4770
5823,95,2000001,0,user_8,326,336,4770
7202,98,2000000,0,user_36,331,336,
5156,99,2000000,0,user_44,323,336,
4770,99,2000000,350000,user_0,321,335,
4803,96,2000000,0,user_36,321,334,
4736,92,2000000,0,user_28,320,334,
4723,93,2000000,0,user_16,320,334,
4740,94,2000000,0,user_34,320,334,
4800,98,2000000,0,user_32,321,335,
5858,97,2000000,0,user_40,326,335,
6368,90,2000000,0,user_34,328,334,
6386,89,2000000,0,user_47,328,334,
6637,96,2000000,0,user_34,329,335,
6657,95,2000000,0,user_48,329,335,
5116,98,1999999,0,user_6,323,333,4770
5135,93,1999999,0,user_23,323,333,4770
5543,95,1999999,0,user_0,325,333,4770
5570,94,1999999,0,user_13,325,333,4770
5575,95,1999999,0,user_17,325,332,4770
5577,96,1999999,0,user_18,325,332,4770
5580,96,1999999,0,user_19,325,333,4770
5581,97,1999999,0,user_19,325,333,4770
5584,99,1999999,0,user_24,325,332,4770
6125,2,43000000,0,user_44,327,339,
6645,1,43000000,0,user_40,329,339,
6372,9,27000000,0,user_37,328,339,
6107,7,27000000,0,user_28,327,339,
4931,8,27000000,0,user_33,322,339,
4726,13,19000000,0,user_19,320,339,
6914,12,19000000,0,user_44,330,339,
5349,21,6300000,0,user_29,324,339,
5360,22,6300000,0,user_43,324,339,
5347,20,6300000,5630,user_27,324,339,
4737,18,6300000,0,user_29,320,339,
4806,17,6300000,0,user_37,321,339,
5153,19,6300000,0,user_42,323,339,
5594,15,6300000,0,user_31,325,339,
5841,16,6300000,0,user_29,326,339,
6641,24,6100000,0,user_37,329,339,
4743,28,6100000,0,user_36,320,339,
5863,26,6100000,0,user_45,326,339,
5842,27,6100000,0,user_30,326,339,
6647,25,6100000,0,user_41,329,339,
5364,34,5200000,0,user_46,324,339,
5352,33,5200000,0,user_34,324,339,
4924,32,5200000,0,user_27,322,339,
4948,31,5200000,0,user_48,322,339,
5593,30,5200000,21800,user_30,325,339,
5369,40,5000000,0,user_48,324,339,
5143,39,5000000,0,user_31,323,339,
4724,38,5000000,0,user_16,320,339,
7505,48,4500000,0,user_27,332,339,
7209,44,4500000,32900,user_45,331,339,
6378,47,4500000,0,user_40,328,339,
6119,46,4500000,0,user_38,327,339,
5614,45,4500000,0,user_48,325,339,
6649,43,4500000,256000,user_42,329,339,
4949,52,4200000,0,user_49,322,339,
4757,51,4200000,0,user_49,320,339,
5853,50,4200000,46500,user_37,326,339,
4927,57,3600000,75000,user_30,322,339,
6644,55,3600000,0,user_40,329,339,
6634,54,3600000,256000,user_31,329,339,
6916,56,3600000,0,user_47,330,339,
5110,59,3500001,0,user_1,323,339,4944
5125,60,3500001,0,user_12,323,339,4944
5138,61,3500001,0,user_26,323,339,4944
4944,65,3500000,161000,user_47,322,339,
6918,64,3500000,410000,user_47,330,339,
5111,66,3499999,0,user_2,323,339,4944
5317,73,3499999,0,user_8,324,339,4944
5128,67,3499999,0,user_13,323,339,4944
5133,71,3499999,0,user_18,323,339,4944
5129,69,3499999,0,user_15,323,339,4944
5130,70,3499999,0,user_15,323,339,4944
5321,72,3499999,0,user_9,324,339,4944
5117,68,3499999,0,user_6,323,339,4944
7517,78,3200000,0,user_44,332,339,
6376,77,3200000,0,user_39,328,339,
7208,81,2600000,0,user_44,331,339,
5362,82,2600000,0,user_44,324,339,
7843,84,2500000,0,user_45,333,339,
6127,88,2500000,0,user_46,327,339,
6118,86,2500000,0,user_37,327,339,
6631,85,2500000,0,user_28,329,339,
4947,87,2500000,0,user_47,322,339,
7201,92,2300000,0,user_36,331,339,
5154,91,2300000,0,user_42,323,339,
5140,96,2100000,11200,user_27,323,339,
7830,93,2100000,0,user_33,333,339,
5336,89,2000001,0,user_16,324,337,4770
5544,95,2000001,0,user_1,325,338,4770
5113,91,2000001,0,user_4,323,337,4770
5118,92,2000001,0,user_7,323,337,4770
5132,93,2000001,0,user_17,323,337,4770
5568,98,2000001,0,user_12,325,339,4770
5579,99,2000001,0,user_19,325,339,4770
5582,99,2000001,0,user_20,325,338,4770
4779,97,2000001,0,user_12,321,337,4770
5114,98,2000001,0,user_6,323,337,4770
5586,97,2000001,0,user_25,325,338,4770
5587,98,2000001,0,user_26,325,338,4770
5823,95,2000001,0,user_8,326,336,4770
7202,98,2000000,0,user_36,331,336,
6386,89,2000000,0,user_47,328,334,
6368,90,2000000,0,user_34,328,334,
5156,99,2000000,0,user_44,323,336,
4723,93,2000000,0,user_16,320,334,
4736,92,2000000,0,user_28,320,334,
4740,94,2000000,0,user_34,320,334,
4770,99,2000000,350000,user_0,321,335,
4800,98,2000000,0,user_32,321,335,
4803,96,2000000,0,user_36,321,334,
5858,97,2000000,0,user_40,326,335,
6657,95,2000000,0,user_48,329,335,
6637,96,2000000,0,user_34,329,335,
5135,93,1999999,0,user_23,323,333,4770
5570,94,1999999,0,user_13,325,333,4770
5543,95,1999999,0,user_0,325,333,4770
5580,96,1999999,0,user_19,325,333,4770
5581,97,1999999,0,user_19,325,333,4770
5116,98,1999999,0,user_6,323,333,4770
5555,99,1999999,0,user_6,325,333,4770
6645,1,43000000,0,user_40,329,339,
6125,2,43000000,0,user_44,327,339,
8173,3,30000000,0,user_44,334,339,
6372,9,27000000,0,user_37,328,339,
4931,8,27000000,0,user_33,322,339,
6107,7,27000000,0,user_28,327,339,
8155,6,27000000,0,user_27,334,339,
6914,12,19000000,0,user_44,330,339,
4726,13,19000000,0,user_19,320,339,
5594,15,6300000,0,user_31,325,339,
5349,21,6300000,0,user_29,324,339,
5360,22,6300000,0,user_43,324,339,
4737,18,6300000,0,user_29,320,339,
4806,17,6300000,0,user_37,321,339,
5153,19,6300000,0,user_42,323,339,
5347,20,6300000,5630,user_27,324,339,
5841,16,6300000,0,user_29,326,339,
6641,24,6100000,0,user_37,329,339,
6647,25,6100000,0,user_41,329,339,
5863,26,6100000,0,user_45,326,339,
4743,28,6100000,0,user_36,320,339,
5842,27,6100000,0,user_30,326,339,
5593,30,5200000,21800,user_30,325,339,
5364,34,5200000,0,user_46,324,339,
5352,33,5200000,0,user_34,324,339,
4948,31,5200000,0,user_48,322,339,
4924,32,5200000,0,user_27,322,339,
7835,37,5000000,0,user_38,333,339,
5369,40,5000000,0,user_48,324,339,
4724,38,5000000,0,user_16,320,339,
5143,39,5000000,0,user_31,323,339,
8156,41,4500000,510000,user_28,334,339,
8167,42,4500000,215000,user_37,334,339,
6119,46,4500000,0,user_38,327,339,
6378,47,4500000,0,user_40,328,339,
6649,43,4500000,256000,user_42,329,339,
5614,45,4500000,0,user_48,325,339,
7209,44,4500000,32900,user_45,331,339,
7505,48,4500000,0,user_27,332,339,
5853,50,4200000,46500,user_37,326,339,
4757,51,4200000,0,user_49,320,339,
4949,52,4200000,0,user_49,322,339,
6644,55,3600000,0,user_40,329,339,
6634,54,3600000,256000,user_31,329,339,
4927,57,3600000,75000,user_30,322,339,
6916,56,3600000,0,user_47,330,339,
5110,59,3500001,0,user_1,323,339,4944
5125,60,3500001,0,user_12,323,339,4944
5138,61,3500001,0,user_26,323,339,4944
7836,63,3500000,0,user_38,333,339,
4944,65,3500000,161000,user_47,322,339,
6918,64,3500000,410000,user_47,330,339,
5317,73,3499999,0,user_8,324,339,4944
5321,72,3499999,0,user_9,324,339,4944
5111,66,3499999,0,user_2,323,339,4944
5129,69,3499999,0,user_15,323,339,4944
5130,70,3499999,0,user_15,323,339,4944
5128,67,3499999,0,user_13,323,339,4944
5133,71,3499999,0,user_18,323,339,4944
5117,68,3499999,0,user_6,323,339,4944
7828,76,3200000,0,user_31,333,339,
7837,74,3200000,0,user_38,333,339,
6376,77,3200000,0,user_39,328,339,
7517,78,3200000,0,user_44,332,339,
5362,82,2600000,0,user_44,324,339,
7208,81,2600000,0,user_44,331,339,
7843,84,2500000,0,user_45,333,339,
6631,85,2500000,0,user_28,329,339,
6118,86,2500000,0,user_37,327,339,
6127,88,2500000,0,user_46,327,339,
4947,87,2500000,0,user_47,322,339,
5154,91,2300000,0,user_42,323,339,
7201,92,2300000,0,user_36,331,339,
7830,93,2100000,0,user_33,333,339,
5140,96,2100000,11200,user_27,323,339,
5544,95,2000001,0,user_1,325,338,4770
5568,98,2000001,0,user_12,325,339,4770
5586,97,2000001,0,user_25,325,338,4770
5587,98,2000001,0,user_26,325,338,4770
5582,99,2000001,0,user_20,325,338,4770
5336,89,2000001,0,user_16,324,337,4770
5579,99,2000001,0,user_19,325,339,4770
4779,97,2000001,0,user_12,321,337,4770
5113,91,2000001,0,user_4,323,337,4770
5118,92,2000001,0,user_7,323,337,4770
5132,93,2000001,0,user_17,323,337,4770
5114,98,2000001,0,user_6,323,337,4770
5823,95,2000001,0,user_8,326,336,4770
6657,95,2000000,0,user_48,329,335,
6386,89,2000000,0,user_47,328,334,
6368,90,2000000,0,user_34,328,334,
6637,96,2000000,0,user_34,329,335,
4736,92,2000000,0,user_28,320,334,
4723,93,2000000,0,user_16,320,334,
4740,94,2000000,0,user_34,320,334,
4770,99,2000000,350000,user_0,321,335,
4803,96,2000000,0,user_36,321,334,
4800,98,2000000,0,user_32,321,335,
5156,99,2000000,0,user_44,323,336,
5858,97,2000000,0,user_40,326,335,
6645,1,43000000,0,user_40,329,339,
6125,2,43000000,0,user_44,327,339,
8173,3,30000000,0,user_44,334,339,
8155,6,27000000,0,user_27,334,339,
6107,7,27000000,0,user_28,327,339,
4931,8,27000000,0,user_33,322,339,
6372,9,27000000,0,user_37,328,339,
6914,12,19000000,0,user_44,330,339,
4726,13,19000000,0,user_19,320,339,
5594,15,6300000,0,user_31,325,339,
5841,16,6300000,0,user_29,326,339,
4806,17,6300000,0,user_37,321,339,
4737,18,6300000,0,user_29,320,339,
5153,19,6300000,0,user_42,323,339,
5347,20,6300000,5630,user_27,324,339,
5349,21,6300000,0,user_29,324,339,
5360,22,6300000,0,user_43,324,339,
6641,24,6100000,0,user_37,329,339,
6647,25,6100000,0,user_41,329,339,
5863,26,6100000,0,user_45,326,339,
5842,27,6100000,0,user_30,326,339,
4743,28,6100000,0,user_36,320,339,
5593,30,5200000,21800,user_30,325,339,
4948,31,5200000,0,user_48,322,339,
4924,32,5200000,0,user_27,322,339,
5352,33,5200000,0,user_34,324,339,
5364,34,5200000,0,user_46,324,339,
7835,37,5000000,0,user_38,333,339,
4724,38,5000000,0,user_16,320,339,
5143,39,5000000,0,user_31,323,339,
5369,40,5000000,0,user_48,324,339,
8156,41,4500000,510000,user_28,334,339,
8167,42,4500000,215000,user_37,334,339,
6649,43,4500000,256000,user_42,329,339,
7209,44,4500000,32900,user_45,331,339,
5614,45,4500000,0,user_48,325,339,
6119,46,4500000,0,user_38,327,339,
6378,47,4500000,0,user_40,328,339,
7505,48,4500000,0,user_27,332,339,
5853,50,4200000,46500,user_37,326,339,
4757,51,4200000,0,user_49,320,339,
4949,52,4200000,0,user_49,322,339,
8540,53,4200000,0,user_48,335,339,
6634,54,3600000,256000,user_31,329,339,
6644,55,3600000,0,user_40,329,339,
6916,56,3600000,0,user_47,330,339,
4927,57,3600000,75000,user_30,322,339,
5110,59,3500001,0,user_1,323,339,4944
5125,60,3500001,0,user_12,323,339,4944
5138,61,3500001,0,user_26,323,339,4944
7836,63,3500000,0,user_38,333,339,
6918,64,3500000,410000,user_47,330,339,
4944,65,3500000,161000,user_47,322,339,
5111,66,3499999,0,user_2,323,339,4944
5128,67,3499999,0,user_13,323,339,4944
5117,68,3499999,0,user_6,323,339,4944
5129,69,3499999,0,user_15,323,339,4944
5130,70,3499999,0,user_15,323,339,4944
5133,71,3499999,0,user_18,323,339,4944
5321,72,3499999,0,user_9,324,339,4944
5317,73,3499999,0,user_8,324,339,4944
7837,74,3200000,0,user_38,333,339,
8159,75,3200000,0,user_31,334,339,
7828,76,3200000,0,user_31,333,339,
6376,77,3200000,0,user_39,328,339,
7517,78,3200000,0,user_44,332,339,
7208,81,2600000,0,user_44,331,339,
5362,82,2600000,0,user_44,324,339,
7843,84,2500000,0,user_45,333,339,
6631,85,2500000,0,user_28,329,339,
6118,86,2500000,0,user_37,327,339,
4947,87,2500000,0,user_47,322,339,
6127,88,2500000,0,user_46,327,339,
8542,90,2400000,0,user_48,335,339,
5154,91,2300000,0,user_42,323,339,
7201,92,2300000,0,user_36,331,339,
7830,93,2100000,0,user_33,333,339,
8163,94,2100000,769000,user_35,334,339,
8534,95,2100000,0,user_45,335,339,
5140,96,2100000,11200,user_27,323,339,
8541,97,2100000,0,user_48,335,339,
5568,98,2000001,0,user_12,325,339,4770
5579,99,2000001,0,user_19,325,339,4770
5582,99,2000001,0,user_20,325,338,4770
5586,97,2000001,0,user_25,325,338,4770
5587,98,2000001,0,user_26,325,338,4770
5823,95,2000001,0,user_8,326,336,4770
4779,97,2000001,0,user_12,321,337,4770
5113,91,2000001,0,user_4,323,337,4770
5114,98,2000001,0,user_6,323,337,4770
5118,92,2000001,0,user_7,323,337,4770
5132,93,2000001,0,user_17,323,337,4770
5336,89,2000001,0,user_16,324,337,4770
5544,95,2000001,0,user_1,325,338,4770
8532,96,2000000,0,user_44,335,336,
6657,95,2000000,0,user_48,329,335,
6637,96,2000000,0,user_34,329,335,
5858,97,2000000,0,user_40,326,335,
4800,98,2000000,0,user_32,321,335,
4770,99,2000000,350000,user_0,321,335,
6125,2,43000000,0,user_44,327,339,
6645,1,43000000,0,user_40,329,339,
8173,3,30000000,0,user_44,334,339,
6107,7,27000000,0,user_28,327,339,
6372,9,27000000,0,user_37,328,339,
4931,8,27000000,0,user_33,322,339,
8155,6,27000000,0,user_27,334,339,
4726,13,19000000,0,user_19,320,339,
6914,12,19000000,0,user_44,330,339,
5153,19,6300000,0,user_42,323,339,
4806,17,6300000,0,user_37,321,339,
4737,18,6300000,0,user_29,320,339,
5349,21,6300000,0,user_29,324,339,
5360,22,6300000,0,user_43,324,339,
5347,20,6300000,5630,user_27,324,339,
5594,15,6300000,0,user_31,325,339,
5841,16,6300000,0,user_29,326,339,
8908,23,6300000,594000,user_34,336,339,
4743,28,6100000,0,user_36,320,339,
5842,27,6100000,0,user_30,326,339,
5863,26,6100000,0,user_45,326,339,
6641,24,6100000,0,user_37,329,339,
6647,25,6100000,0,user_41,329,339,
8917,29,6100000,0,user_42,336,339,
4924,32,5200000,0,user_27,322,339,
4948,31,5200000,0,user_48,322,339,
5364,34,5200000,0,user_46,324,339,
5352,33,5200000,0,user_34,324,339,
5593,30,5200000,21800,user_30,325,339,
5143,39,5000000,0,user_31,323,339,
4724,38,5000000,0,user_16,320,339,
5369,40,5000000,0,user_48,324,339,
7835,37,5000000,0,user_38,333,339,
7209,44,4500000,32900,user_45,331,339,
6119,46,4500000,0,user_38,327,339,
5614,45,4500000,0,user_48,325,339,
6378,47,4500000,0,user_40,328,339,
6649,43,4500000,256000,user_42,329,339,
7505,48,4500000,0,user_27,332,339,
8167,42,4500000,215000,user_37,334,339,
8156,41,4500000,510000,user_28,334,339,
8540,53,4200000,0,user_48,335,339,
4949,52,4200000,0,user_49,322,339,
4757,51,4200000,0,user_49,320,339,
5853,50,4200000,46500,user_37,326,339,
4927,57,3600000,75000,user_30,322,339,
6634,54,3600000,256000,user_31,329,339,
6644,55,3600000,0,user_40,329,339,
6916,56,3600000,0,user_47,330,339,
5125,60,3500001,0,user_12,323,339,4944
5138,61,3500001,0,user_26,323,339,4944
5110,59,3500001,0,user_1,323,339,4944
4944,65,3500000,161000,user_47,322,339,
6918,64,3500000,410000,user_47,330,339,
7836,63,3500000,0,user_38,333,339,
5128,67,3499999,0,user_13,323,339,4944
5117,68,3499999,0,user_6,323,339,4944
5129,69,3499999,0,user_15,323,339,4944
5130,70,3499999,0,user_15,323,339,4944
5133,71,3499999,0,user_18,323,339,4944
5111,66,3499999,0,user_2,323,339,4944
5317,73,3499999,0,user_8,324,339,4944
5321,72,3499999,0,user_9,324,339,4944
7517,78,3200000,0,user_44,332,339,
6376,77,3200000,0,user_39,328,339,
7828,76,3200000,0,user_31,333,339,
7837,74,3200000,0,user_38,333,339,
8159,75,3200000,0,user_31,334,339,
7208,81,2600000,0,user_44,331,339,
5362,82,2600000,0,user_44,324,339,
6127,88,2500000,0,user_46,327,339,
6118,86,2500000,0,user_37,327,339,
4947,87,2500000,0,user_47,322,339,
6631,85,2500000,0,user_28,329,339,
7843,84,2500000,0,user_45,333,339,
8542,90,2400000,0,user_48,335,339,
7201,92,2300000,0,user_36,331,339,
5154,91,2300000,0,user_42,323,339,
8163,94,2100000,769000,user_35,334,339,
8541,97,2100000,0,user_48,335,339,
8534,95,2100000,0,user_45,335,339,
5140,96,2100000,11200,user_27,323,339,
7830,93,2100000,0,user_33,333,339,
5113,91,2000001,0,user_4,323,337,4770
5114,98,2000001,0,user_6,323,337,4770
5118,92,2000001,0,user_7,323,337,4770
5132,93,2000001,0,user_17,323,337,4770
4779,97,2000001,0,user_12,321,337,4770
5336,89,2000001,0,user_16,324,337,4770
5544,95,2000001,0,user_1,325,338,4770
5568,98,2000001,0,user_12,325,339,4770
5582,99,2000001,0,user_20,325,338,4770
5579,99,2000001,0,user_19,325,339,4770
5586,97,2000001,0,user_25,325,338,4770
5587,98,2000001,0,user_26,325,338,4770
5823,95,2000001,0,user_8,326,336,4770
8532,96,2000000,0,user_44,335,336,
8520,97,2000000,0,user_29,335,336,
7202,98,2000000,0,user_36,331,336,
5156,99,2000000,0,user_44,323,336,
9304,0,43000000,410000,user_45,337,339,
6125,2,43000000,0,user_44,327,339,
6645,1,43000000,0,user_40,329,339,
8173,3,30000000,0,user_44,334,339,
9302,4,27000000,0,user_44,337,339,
9305,5,27000000,0,user_45,337,339,
6372,9,27000000,0,user_37,328,339,
6107,7,27000000,0,user_28,327,339,
4931,8,27000000,0,user_33,322,339,
8155,6,27000000,0,user_27,334,339,
4726,13,19000000,0,user_19,320,339,
6914,12,19000000,0,user_44,330,339,
8908,23,6300000,594000,user_34,336,339,
5349,21,6300000,0,user_29,324,339,
5360,22,6300000,0,user_43,324,339,
5347,20,6300000,5630,user_27,324,339,
4737,18,6300000,0,user_29,320,339,
4806,17,6300000,0,user_37,321,339,
5153,19,6300000,0,user_42,323,339,
5594,15,6300000,0,user_31,325,339,
5841,16,6300000,0,user_29,326,339,
8917,29,6100000,0,user_42,336,339,
6641,24,6100000,0,user_37,329,339,
4743,28,6100000,0,user_36,320,339,
5863,26,6100000,0,user_45,326,339,
5842,27,6100000,0,user_30,326,339,
6647,25,6100000,0,user_41,329,339,
5364,34,5200000,0,user_46,324,339,
5352,33,5200000,0,user_34,324,339,
4924,32,5200000,0,user_27,322,339,
4948,31,5200000,0,user_48,322,339,
5593,30,5200000,21800,user_30,325,339,
7835,37,5000000,0,user_38,333,339,
5369,40,5000000,0,user_48,324,339,
5143,39,5000000,0,user_31,323,339,
4724,38,5000000,0,user_16,320,339,
9288,35,5000000,0,user_33,337,339,
8156,41,4500000,510000,user_28,334,339,
8167,42,4500000,215000,user_37,334,339,
7505,48,4500000,0,user_27,332,339,
7209,44,4500000,32900,user_45,331,339,
6378,47,4500000,0,user_40,328,339,
6119,46,4500000,0,user_38,327,339,
5614,45,4500000,0,user_48,325,339,
6649,43,4500000,256000,user_42,329,339,
8540,53,4200000,0,user_48,335,339,
4949,52,4200000,0,user_49,322,339,
4757,51,4200000,0,user_49,320,339,
5853,50,4200000,46500,user_37,326,339,
4927,57,3600000,75000,user_30,322,339,
6644,55,3600000,0,user_40,329,339,
6634,54,3600000,256000,user_31,329,339,
6916,56,3600000,0,user_47,330,339,
5110,59,3500001,0,user_1,323,339,4944
5125,60,3500001,0,user_12,323,339,4944
5138,61,3500001,0,user_26,323,339,4944
7836,63,3500000,0,user_38,333,339,
4944,65,3500000,161000,user_47,322,339,
6918,64,3500000,410000,user_47,330,339,
5111,66,3499999,0,user_2,323,339,4944
5317,73,3499999,0,user_8,324,339,4944
5128,67,3499999,0,user_13,323,339,4944
5133,71,3499999,0,user_18,323,339,4944
5129,69,3499999,0,user_15,323,339,4944
5130,70,3499999,0,user_15,323,339,4944
5321,72,3499999,0,user_9,324,339,4944
5117,68,3499999,0,user_6,323,339,4944
7828,76,3200000,0,user_31,333,339,
7837,74,3200000,0,user_38,333,339,
8159,75,3200000,0,user_31,334,339,
7517,78,3200000,0,user_44,332,339,
6376,77,3200000,0,user_39,328,339,
7208,81,2600000,0,user_44,331,339,
5362,82,2600000,0,user_44,324,339,
9300,80,2600000,71800,user_41,337,339,
7843,84,2500000,0,user_45,333,339,
6127,88,2500000,0,user_46,327,339,
6118,86,2500000,0,user_37,327,339,
6631,85,2500000,0,user_28,329,339,
4947,87,2500000,0,user_47,322,339,
8542,90,2400000,0,user_48,335,339,
8905,89,2400000,0,user_31,336,339,
7201,92,2300000,0,user_36,331,339,
5154,91,2300000,0,user_42,323,339,
7830,93,2100000,0,user_33,333,339,
8163,94,2100000,769000,user_35,334,339,
8541,97,2100000,0,user_48,335,339,
8534,95,2100000,0,user_45,335,339,
5140,96,2100000,11200,user_27,323,339,
5336,89,2000001,0,user_16,324,337,4770
5544,95,2000001,0,user_1,325,338,4770
5113,91,2000001,0,user_4,323,337,4770
5118,92,2000001,0,user_7,323,337,4770
5132,93,2000001,0,user_17,323,337,4770
5568,98,2000001,0,user_12,325,339,4770
5579,99,2000001,0,user_19,325,339,4770
5582,99,2000001,0,user_20,325,338,4770
4779,97,2000001,0,user_12,321,337,4770
5114,98,2000001,0,user_6,323,337,4770
5586,97,2000001,0,user_25,325,338,4770
6645,1,43000000,0,user_40,329,339,
6125,2,43000000,0,user_44,327,339,
9304,0,43000000,410000,user_45,337,339,
8173,3,30000000,0,user_44,334,339,
6372,9,27000000,0,user_37,328,339,
4931,8,27000000,0,user_33,322,339,
6107,7,27000000,0,user_28,327,339,
8155,6,27000000,0,user_27,334,339,
9305,5,27000000,0,user_45,337,339,
9302,4,27000000,0,user_44,337,339,
9691,10,19000000,0,user_44,338,339,
6914,12,19000000,0,user_44,330,339,
4726,13,19000000,0,user_19,320,339,
9697,11,19000000,0,user_47,338,339,
5594,15,6300000,0,user_31,325,339,
5349,21,6300000,0,user_29,324,339,
5360,22,6300000,0,user_43,324,339,
4737,18,6300000,0,user_29,320,339,
4806,17,6300000,0,user_37,321,339,
5153,19,6300000,0,user_42,323,339,
5347,20,6300000,5630,user_27,324,339,
5841,16,6300000,0,user_29,326,339,
8908,23,6300000,594000,user_34,336,339,
6641,24,6100000,0,user_37,329,339,
6647,25,6100000,0,user_41,329,339,
5863,26,6100000,0,user_45,326,339,
4743,28,6100000,0,user_36,320,339,
5842,27,6100000,0,user_30,326,339,
8917,29,6100000,0,user_42,336,339,
5593,30,5200000,21800,user_30,325,339,
5364,34,5200000,0,user_46,324,339,
5352,33,5200000,0,user_34,324,339,
4948,31,5200000,0,user_48,322,339,
4924,32,5200000,0,user_27,322,339,
7835,37,5000000,0,user_38,333,339,
5369,40,5000000,0,user_48,324,339,
4724,38,5000000,0,user_16,320,339,
5143,39,5000000,0,user_31,323,339,
9288,35,5000000,0,user_33,337,339,
9676,36,5000000,0,user_29,338,339,
8156,41,4500000,510000,user_28,334,339,
8167,42,4500000,215000,user_37,334,339,
6119,46,4500000,0,user_38,327,339,
6378,47,4500000,0,user_40,328,339,
6649,43,4500000,256000,user_42,329,339,
5614,45,4500000,0,user_48,325,339,
7209,44,4500000,32900,user_45,331,339,
7505,48,4500000,0,user_27,332,339,
9693,49,4200000,0,user_44,338,339,
5853,50,4200000,46500,user_37,326,339,
4757,51,4200000,0,user_49,320,339,
4949,52,4200000,0,user_49,322,339,
8540,53,4200000,0,user_48,335,339,
6644,55,3600000,0,user_40,329,339,
6634,54,3600000,256000,user_31,329,339,
4927,57,3600000,75000,user_30,322,339,
6916,56,3600000,0,user_47,330,339,
5110,59,3500001,0,user_1,323,339,4944
5125,60,3500001,0,user_12,323,339,4944
5138,61,3500001,0,user_26,323,339,4944
7836,63,3500000,0,user_38,333,339,
4944,65,3500000,161000,user_47,322,339,
6918,64,3500000,410000,user_47,330,339,
9701,62,3500000,0,user_48,338,339,
5317,73,3499999,0,user_8,324,339,4944
5321,72,3499999,0,user_9,324,339,4944
5111,66,3499999,0,user_2,323,339,4944
5129,69,3499999,0,user_15,323,339,4944
5130,70,3499999,0,user_15,323,339,4944
5128,67,3499999,0,user_13,323,339,4944
5133,71,3499999,0,user_18,323,339,4944
5117,68,3499999,0,user_6,323,339,4944
7828,76,3200000,0,user_31,333,339,
7837,74,3200000,0,user_38,333,339,
6376,77,3200000,0,user_39,328,339,
7517,78,3200000,0,user_44,332,339,
8159,75,3200000,0,user_31,334,339,
5362,82,2600000,0,user_44,324,339,
7208,81,2600000,0,user_44,331,339,
9300,80,2600000,71800,user_41,337,339,
7843,84,2500000,0,user_45,333,339,
6631,85,2500000,0,user_28,329,339,
6118,86,2500000,0,user_37,327,339,
6127,88,2500000,0,user_46,327,339,
4947,87,2500000,0,user_47,322,339,
9681,83,2500000,0,user_34,338,339,
8542,90,2400000,0,user_48,335,339,
8905,89,2400000,0,user_31,336,339,
5154,91,2300000,0,user_42,323,339,
7201,92,2300000,0,user_36,331,339,
7830,93,2100000,0,user_33,333,339,
5140,96,2100000,11200,user_27,323,339,
8163,94,2100000,769000,user_35,334,339,
8534,95,2100000,0,user_45,335,339,
8541,97,2100000,0,user_48,335,339,
5544,95,2000001,0,user_1,325,338,4770
5568,98,2000001,0,user_12,325,339,4770
5586,97,2000001,0,user_25,325,338,4770
5587,98,2000001,0,user_26,325,338,4770
5582,99,2000001,0,user_20,325,338,4770
9304,0,43000000,410000,user_45,337,339,
6645,1,43000000,0,user_40,329,339,
6125,2,43000000,0,user_44,327,339,
8173,3,30000000,0,user_44,334,339,
9302,4,27000000,0,user_44,337,339,
9305,5,27000000,0,user_45,337,339,
8155,6,27000000,0,user_27,334,339,
6107,7,27000000,0,user_28,327,339,
4931,8,27000000,0,user_33,322,339,
6372,9,27000000,0,user_37,328,339,
9691,10,19000000,0,user_44,338,339,
9697,11,19000000,0,user_47,338,339,
6914,12,19000000,0,user_44,330,339,
4726,13,19000000,0,user_19,320,339,
10103,14,19000000,0,user_48,339,339,
5594,15,6300000,0,user_31,325,339,
5841,16,6300000,0,user_29,326,339,
4806,17,6300000,0,user_37,321,339,
4737,18,6300000,0,user_29,320,339,
5153,19,6300000,0,user_42,323,339,
5347,20,6300000,5630,user_27,324,339,
5349,21,6300000,0,user_29,324,339,
5360,22,6300000,0,user_43,324,339,
8908,23,6300000,594000,user_34,336,339,
6641,24,6100000,0,user_37,329,339,
6647,25,6100000,0,user_41,329,339,
5863,26,6100000,0,user_45,326,339,
5842,27,6100000,0,user_30,326,339,
4743,28,6100000,0,user_36,320,339,
8917,29,6100000,0,user_42,336,339,
5593,30,5200000,21800,user_30,325,339,
4948,31,5200000,0,user_48,322,339,
4924,32,5200000,0,user_27,322,339,
5352,33,5200000,0,user_34,324,339,
5364,34,5200000,0,user_46,324,339,
9288,35,5000000,0,user_33,337,339,
9676,36,5000000,0,user_29,338,339,
7835,37,5000000,0,user_38,333,339,
4724,38,5000000,0,user_16,320,339,
5143,39,5000000,0,user_31,323,339,
5369,40,5000000,0,user_48,324,339,
8156,41,4500000,510000,user_28,334,339,
8167,42,4500000,215000,user_37,334,339,
6649,43,4500000,256000,user_42,329,339,
7209,44,4500000,32900,user_45,331,339,
5614,45,4500000,0,user_48,325,339,
6119,46,4500000,0,user_38,327,339,
6378,47,4500000,0,user_40,328,339,
7505,48,4500000,0,user_27,332,339,
9693,49,4200000,0,user_44,338,339,
5853,50,4200000,46500,user_37,326,339,
4757,51,4200000,0,user_49,320,339,
4949,52,4200000,0,user_49,322,339,
8540,53,4200000,0,user_48,335,339,
6634,54,3600000,256000,user_31,329,339,
6644,55,3600000,0,user_40,329,339,
6916,56,3600000,0,user_47,330,339,
4927,57,3600000,75000,user_30,322,339,
10092,58,3600000,0,user_34,339,339,
5110,59,3500001,0,user_1,323,339,4944
5125,60,3500001,0,user_12,323,339,4944
5138,61,3500001,0,user_26,323,339,4944
9701,62,3500000,0,user_48,338,339,
7836,63,3500000,0,user_38,333,339,
6918,64,3500000,410000,user_47,330,339,
4944,65,3500000,161000,user_47,322,339,
5111,66,3499999,0,user_2,323,339,4944
5128,67,3499999,0,user_13,323,339,4944
5117,68,3499999,0,user_6,323,339,4944
5129,69,3499999,0,user_15,323,339,4944
5130,70,3499999,0,user_15,323,339,4944
5133,71,3499999,0,user_18,323,339,4944
5321,72,3499999,0,user_9,324,339,4944
5317,73,3499999,0,user_8,324,339,4944
7837,74,3200000,0,user_38,333,339,
8159,75,3200000,0,user_31,334,339,
7828,76,3200000,0,user_31,333,339,
6376,77,3200000,0,user_39,328,339,
7517,78,3200000,0,user_44,332,339,
10096,79,3200000,0,user_39,339,339,
9300,80,2600000,71800,user_41,337,339,
7208,81,2600000,0,user_44,331,339,
5362,82,2600000,0,user_44,324,339,
9681,83,2500000,0,user_34,338,339,
7843,84,2500000,0,user_45,333,339,
6631,85,2500000,0,user_28,329,339,
6118,86,2500000,0,user_37,327,339,
4947,87,2500000,0,user_47,322,339,
6127,88,2500000,0,user_46,327,339,
8905,89,2400000,0,user_31,336,339,
8542,90,2400000,0,user_48,335,339,
5154,91,2300000,0,user_42,323,339,
7201,92,2300000,0,user_36,331,339,
7830,93,2100000,0,user_33,333,339,
8163,94,2100000,769000,user_35,334,339,
8534,95,2100000,0,user_45,335,339,
5140,96,2100000,11200,user_27,323,339,
8541,97,2100000,0,user_48,335,339,
5568,98,2000001,0,user_12,325,339,4770
5579,99,2000001,0,user_19,325,339,4770
4726,13,19000000,0,user_19,340,359,
4737,18,6300000,0,user_29,340,359,
4743,28,6100000,0,user_36,340,359,
4724,38,5000000,0,user_16,340,359,
4736,92,2000000,0,user_28,340,354,
4723,93,2000000,0,user_16,340,354,
4740,94,2000000,0,user_34,340,354,
4734,97,1900000,0,user_24,340,350,
4731,97,1700000,0,user_23,340,349,
4735,94,1500000,128000,user_27,340,347,
4730,94,1400000,0,user_23,340,345,
4732,95,1400000,0,user_23,340,345,
4749,96,1400000,0,user_42,340,345,
4713,99,1300000,0,user_4,340,345,
4753,84,1000000,0,user_44,340,344,
4751,83,1000000,0,user_42,340,344,
4714,74,670000,0,user_6,340,343,
4715,78,530000,0,user_7,340,343,
4717,79,470000,0,user_9,340,343,
4752,85,350000,0,user_42,340,343,
4716,88,320000,0,user_8,340,343,
4722,90,310000,0,user_16,340,343,
4754,69,260000,0,user_45,340,342,
4755,68,260000,0,user_48,340,342,
4729,74,170000,0,user_23,340,342,
4725,77,160000,0,user_16,340,342,
4733,78,160000,0,user_24,340,342,
4745,84,120000,0,user_40,340,342,
4750,85,120000,0,user_42,340,342,
4747,65,110000,33300,user_41,340,341,
4718,72,100000,0,user_11,340,341,
4719,73,100000,0,user_11,340,341,
4721,75,82000,0,user_14,340,341,
4728,74,82000,0,user_23,340,341,
4746,76,82000,0,user_40,340,341,
4727,77,80000,0,user_20,340,341,
4748,80,73000,195000,user_42,340,341,
4720,37,70000,0,user_13,340,340,
4737,18,6300000,0,user_29,340,359,
4806,17,6300000,0,user_37,341,359,
4743,28,6100000,0,user_36,340,359,
4724,38,5000000,0,user_16,340,359,
4757,51,4200000,0,user_49,340,359,
4779,97,2000001,0,user_12,341,357,4770
4723,93,2000000,0,user_16,340,354,
4736,92,2000000,0,user_28,340,354,
4740,94,2000000,0,user_34,340,354,
4770,99,2000000,350000,user_0,341,355,
4800,98,2000000,0,user_32,341,355,
4803,96,2000000,0,user_36,341,354,
4734,97,1900000,0,user_24,340,350,
4731,97,1700000,0,user_23,340,349,
4780,98,1500001,0,user_14,341,348,4735
4793,99,1500001,0,user_22,341,348,4735
4735,94,1500000,128000,user_27,340,347,
4771,99,1499999,0,user_1,341,347,4735
4792,94,1499999,0,user_21,341,346,4735
4794,95,1499999,0,user_22,341,346,4735
4786,96,1499999,0,user_17,341,346,4735
4787,97,1499999,0,user_17,341,346,4735
4788,98,1499999,0,user_17,341,346,4735
4730,94,1400000,0,user_23,340,345,
4732,95,1400000,0,user_23,340,345,
4749,96,1400000,0,user_42,340,345,
4769,97,1400000,0,user_0,341,345,
4713,99,1300000,0,user_4,340,345,
4756,82,1100000,0,user_49,340,344,
4741,81,1100000,0,user_35,340,344,
4753,84,1000000,0,user_44,340,344,
4751,83,1000000,0,user_42,340,344,
4714,74,670000,0,user_6,340,343,
4715,78,530000,0,user_7,340,343,
4717,79,470000,0,user_9,340,343,
4809,81,460000,12300,user_44,341,343,
4739,84,370000,0,user_31,340,343,
4752,85,350000,0,user_42,340,343,
4744,86,340000,0,user_38,340,343,
4716,88,320000,0,user_8,340,343,
4722,90,310000,0,user_16,340,343,
4813,95,300000,71800,user_46,341,343,
4738,67,260000,0,user_31,340,342,
4755,68,260000,0,user_48,340,342,
4754,69,260000,0,user_45,340,342,
4804,70,260000,0,user_37,341,342,
4810,71,240000,0,user_45,341,342,
4799,72,220000,0,user_28,341,342,
4801,73,190000,0,user_33,341,342,
4729,74,170000,0,user_23,340,342,
4807,75,170000,0,user_40,341,342,
4725,77,160000,0,user_16,340,342,
4733,78,160000,0,user_24,340,342,
4811,79,160000,0,user_45,341,342,
4802,80,160000,0,user_33,341,342,
4798,81,160000,0,user_27,341,342,
4805,82,150000,0,user_37,341,342,
4745,84,120000,0,user_40,340,342,
4750,85,120000,0,user_42,340,342,
4812,86,120000,0,user_46,341,342,
4781,91,110001,0,user_14,341,342,4747
4782,93,110001,0,user_15,341,342,4747
4791,92,110001,0,user_21,341,342,4747
4784,94,110001,0,user_17,341,342,4747
4789,95,110001,0,user_18,341,342,4747
4747,65,110000,33300,user_41,340,341,
4742,66,110000,0,user_35,340,341,
4775,67,109999,0,user_6,341,341,4747
4796,68,109999,0,user_25,341,341,4747
4797,69,109999,0,user_26,341,341,4747
4785,70,109999,0,user_17,341,341,4747
4795,71,109999,0,user_24,341,341,4747
4718,72,100000,0,user_11,340,341,
4719,73,100000,0,user_11,340,341,
4728,74,82000,0,user_23,340,341,
4721,75,82000,0,user_14,340,341,
4746,76,82000,0,user_40,340,341,
4727,77,80000,0,user_20,340,341,
4790,78,73001,0,user_20,341,341,4748
4772,79,73001,0,user_3,341,341,4748
4748,80,73000,195000,user_42,340,341,
4774,81,72999,0,user_5,341,341,4748
4777,82,72999,0,user_10,341,341,4748
4773,83,72999,0,user_3,341,341,4748
4776,84,72999,0,user_6,341,341,4748
4778,85,72999,0,user_11,341,341,4748
4783,86,72999,0,user_16,341,341,4748
4931,8,27000000,0,user_33,342,359,
4726,13,19000000,0,user_19,340,359,
4737,18,6300000,0,user_29,340,359,
4806,17,6300000,0,user_37,341,359,
4743,28,6100000,0,user_36,340,359,
4948,31,5200000,0,user_48,342,359,
4924,32,5200000,0,user_27,342,359,
4724,38,5000000,0,user_16,340,359,
4757,51,4200000,0,user_49,340,359,
4927,57,3600000,75000,user_30,342,359,
4944,65,3500000,161000,user_47,342,359,
4947,87,2500000,0,user_47,342,359,
4779,97,2000001,0,user_12,341,357,4770
4736,92,2000000,0,user_28,340,354,
4723,93,2000000,0,user_16,340,354,
4740,94,2000000,0,user_34,340,354,
4770,99,2000000,350000,user_0,341,355,
4803,96,2000000,0,user_36,341,354,
4800,98,2000000,0,user_32,341,355,
4734,97,1900000,0,user_24,340,350,
4731,97,1700000,0,user_23,340,349,
4808,99,1600000,0,user_43,341,349,
4780,98,1500001,0,user_14,341,348,4735
4793,99,1500001,0,user_22,341,348,4735
4922,97,1500001,0,user_24,342,348,4735
4735,94,1500000,128000,user_27,340,347,
4771,99,1499999,0,user_1,341,347,4735
4792,94,1499999,0,user_21,341,346,4735
4794,95,1499999,0,user_22,341,346,4735
4786,96,1499999,0,user_17,341,346,4735
4787,97,1499999,0,user_17,341,346,4735
4788,98,1499999,0,user_17,341,346,4735
4895,99,1499999,0,user_2,342,346,4735
4912,98,1499999,0,user_21,342,347,4735
4730,94,1400000,0,user_23,340,345,
4732,95,1400000,0,user_23,340,345,
4749,96,1400000,0,user_42,340,345,
4769,97,1400000,0,user_0,341,345,
4932,92,1400000,0,user_33,342,345,
4713,99,1300000,0,user_4,340,345,
4756,82,1100000,0,user_49,340,344,
4741,81,1100000,0,user_35,340,344,
4753,84,1000000,0,user_44,340,344,
4751,83,1000000,0,user_42,340,344,
4714,74,670000,0,user_6,340,343,
4939,76,630000,0,user_39,342,343,
4935,77,600000,0,user_37,342,343,
4715,78,530000,0,user_7,340,343,
4717,79,470000,0,user_9,340,343,
4903,80,460001,0,user_11,342,343,4809
4809,81,460000,12300,user_44,341,343,
4902,83,459999,0,user_11,342,343,4809
4739,84,370000,0,user_31,340,343,
4752,85,350000,0,user_42,340,343,
4744,86,340000,0,user_38,340,343,
4716,88,320000,0,user_8,340,343,
4722,90,310000,0,user_16,340,343,
4925,89,310000,0,user_30,342,343,
4907,92,300001,0,user_14,342,343,4813
4921,93,300001,0,user_23,342,343,4813
4901,94,300001,0,user_9,342,343,4813
4813,95,300000,71800,user_46,341,343,
4896,96,299999,0,user_4,342,343,4813
4911,97,299999,0,user_20,342,343,4813
4899,99,299999,0,user_6,342,343,4813
4900,65,299999,0,user_6,342,342,4813
4915,98,299999,0,user_21,342,343,4813
4738,67,260000,0,user_31,340,342,
4755,68,260000,0,user_48,340,342,
4754,69,260000,0,user_45,340,342,
4804,70,260000,0,user_37,341,342,
4810,71,240000,0,user_45,341,342,
4799,72,220000,0,user_28,341,342,
4801,73,190000,0,user_33,341,342,
4729,74,170000,0,user_23,340,342,
4807,75,170000,0,user_40,341,342,
4943,76,170000,4320000,user_47,342,342,
4725,77,160000,0,user_16,340,342,
4733,78,160000,0,user_24,340,342,
4811,79,160000,0,user_45,341,342,
4802,80,160000,0,user_33,341,342,
4798,81,160000,0,user_27,341,342,
4805,82,150000,0,user_37,341,342,
4945,83,150000,0,user_47,342,342,
4745,84,120000,0,user_40,340,342,
4750,85,120000,0,user_42,340,342,
4812,86,120000,0,user_46,341,342,
4814,87,120000,0,user_49,341,342,
4938,88,120000,0,user_39,342,342,
4934,89,120000,0,user_36,342,342,
4946,90,120000,46500,user_47,342,342,
4781,91,110001,0,user_14,341,342,4747
4791,92,110001,0,user_21,341,342,4747
4782,93,110001,0,user_15,341,342,4747
4784,94,110001,0,user_17,341,342,4747
4789,95,110001,0,user_18,341,342,4747
4897,96,110001,0,user_5,342,342,4747
4898,97,110001,0,user_5,342,342,4747
4905,98,110001,0,user_12,342,342,4747
4908,99,110001,0,user_15,342,342,4747
4931,8,27000000,0,user_33,342,359,
4726,13,19000000,0,user_19,340,359,
4806,17,6300000,0,user_37,341,359,
4737,18,6300000,0,user_29,340,359,
5153,19,6300000,0,user_42,343,359,
4743,28,6100000,0,user_36,340,359,
4948,31,5200000,0,user_48,342,359,
4924,32,5200000,0,user_27,342,359,
4724,38,5000000,0,user_16,340,359,
4757,51,4200000,0,user_49,340,359,
4949,52,4200000,0,user_49,342,359,
4927,57,3600000,75000,user_30,342,359,
5110,59,3500001,0,user_1,343,359,4944
5125,60,3500001,0,user_12,343,359,4944
5138,61,3500001,0,user_26,343,359,4944
4944,65,3500000,161000,user_47,342,359,
5111,66,3499999,0,user_2,343,359,4944
5128,67,3499999,0,user_13,343,359,4944
5117,68,3499999,0,user_6,343,359,4944
5129,69,3499999,0,user_15,343,359,4944
5130,70,3499999,0,user_15,343,359,4944
5133,71,3499999,0,user_18,343,359,4944
4947,87,2500000,0,user_47,342,359,
5154,91,2300000,0,user_42,343,359,
5140,96,2100000,11200,user_27,343,359,
4779,97,2000001,0,user_12,341,357,4770
5113,91,2000001,0,user_4,343,357,4770
5114,98,2000001,0,user_6,343,357,4770
5118,92,2000001,0,user_7,343,357,4770
5132,93,2000001,0,user_17,343,357,4770
4800,98,2000000,0,user_32,341,355,
4770,99,2000000,350000,user_0,341,355,
4803,96,2000000,0,user_36,341,354,
5156,99,2000000,0,user_44,343,356,
4723,93,2000000,0,user_16,340,354,
4740,94,2000000,0,user_34,340,354,
4736,92,2000000,0,user_28,340,354,
5116,98,1999999,0,user_6,343,353,4770
5135,93,1999999,0,user_23,343,353,4770
4734,97,1900000,0,user_24,340,350,
4731,97,1700000,0,user_23,340,349,
4808,99,1600000,0,user_43,341,349,
4922,97,1500001,0,user_24,342,348,4735
4780,98,1500001,0,user_14,341,348,4735
4793,99,1500001,0,user_22,341,348,4735
5119,95,1500001,0,user_7,343,348,4735
5124,94,1500001,0,user_12,343,348,4735
5136,96,1500001,0,user_24,343,348,4735
4735,94,1500000,128000,user_27,340,347,
5145,95,1500000,0,user_34,343,347,
5142,96,1500000,0,user_30,343,347,
4912,98,1499999,0,user_21,342,347,4735
4771,99,1499999,0,user_1,341,347,4735
4786,96,1499999,0,user_17,341,346,4735
4787,97,1499999,0,user_17,341,346,4735
4788,98,1499999,0,user_17,341,346,4735
4794,95,1499999,0,user_22,341,346,4735
4792,94,1499999,0,user_21,341,346,4735
4895,99,1499999,0,user_2,342,346,4735
5134,84,1499999,0,user_21,343,345,4735
5137,85,1499999,0,user_25,343,345,4735
4932,92,1400000,0,user_33,342,345,
4769,97,1400000,0,user_0,341,345,
4730,94,1400000,0,user_23,340,345,
4732,95,1400000,0,user_23,340,345,
4749,96,1400000,0,user_42,340,345,
5141,98,1300000,18600,user_28,343,345,
4713,99,1300000,0,user_4,340,345,
4929,80,1200000,0,user_31,342,344,
4741,81,1100000,0,user_35,340,344,
4756,82,1100000,0,user_49,340,344,
4753,84,1000000,0,user_44,340,344,
4751,83,1000000,0,user_42,340,344,
5144,96,910000,7190000,user_32,343,344,
4714,74,670000,0,user_6,340,343,
5139,75,660000,7190000,user_27,343,343,
4939,76,630000,0,user_39,342,343,
4935,77,600000,0,user_37,342,343,
4715,78,530000,0,user_7,340,343,
4717,79,470000,0,user_9,340,343,
4903,80,460001,0,user_11,342,343,4809
4809,81,460000,12300,user_44,341,343,
5152,82,460000,0,user_41,343,343,
4902,83,459999,0,user_11,342,343,4809
4739,84,370000,0,user_31,340,343,
4752,85,350000,0,user_42,340,343,
4744,86,340000,0,user_38,340,343,
5150,87,340000,0,user_37,343,343,
4716,88,320000,0,user_8,340,343,
4925,89,310000,0,user_30,342,343,
4722,90,310000,0,user_16,340,343,
5148,91,310000,0,user_36,343,343,
4907,92,300001,0,user_14,342,343,4813
4921,93,300001,0,user_23,342,343,4813
4901,94,300001,0,user_9,342,343,4813
4813,95,300000,71800,user_46,341,343,
4896,96,299999,0,user_4,342,343,4813
4911,97,299999,0,user_20,342,343,4813
4915,98,299999,0,user_21,342,343,4813
4899,99,299999,0,user_6,342,343,4813
4931,8,27000000,0,user_33,342,359,
4726,13,19000000,0,user_19,340,359,
5153,19,6300000,0,user_42,343,359,
4806,17,6300000,0,user_37,341,359,
4737,18,6300000,0,user_29,340,359,
5349,21,6300000,0,user_29,344,359,
5347,20,6300000,5630,user_27,344,359,
4743,28,6100000,0,user_36,340,359,
4924,32,5200000,0,user_27,342,359,
4948,31,5200000,0,user_48,342,359,
5364,34,5200000,0,user_46,344,359,
5352,33,5200000,0,user_34,344,359,
5143,39,5000000,0,user_31,343,359,
4724,38,5000000,0,user_16,340,359,
5369,40,5000000,0,user_48,344,359,
4949,52,4200000,0,user_49,342,359,
4757,51,4200000,0,user_49,340,359,
4927,57,3600000,75000,user_30,342,359,
5125,60,3500001,0,user_12,343,359,4944
5138,61,3500001,0,user_26,343,359,4944
5110,59,3500001,0,user_1,343,359,4944
4944,65,3500000,161000,user_47,342,359,
5128,67,3499999,0,user_13,343,359,4944
5117,68,3499999,0,user_6,343,359,4944
5129,69,3499999,0,user_15,343,359,4944
5130,70,3499999,0,user_15,343,359,4944
5133,71,3499999,0,user_18,343,359,4944
5111,66,3499999,0,user_2,343,359,4944
5317,73,3499999,0,user_8,344,359,4944
5321,72,3499999,0,user_9,344,359,4944
5362,82,2600000,0,user_44,344,359,
4947,87,2500000,0,user_47,342,359,
5154,91,2300000,0,user_42,343,359,
5140,96,2100000,11200,user_27,343,359,
5113,91,2000001,0,user_4,343,357,4770
5114,98,2000001,0,user_6,343,357,4770
5118,92,2000001,0,user_7,343,357,4770
5132,93,2000001,0,user_17,343,357,4770
4779,97,2000001,0,user_12,341,357,4770
5336,89,2000001,0,user_16,344,357,4770
5156,99,2000000,0,user_44,343,356,
4770,99,2000000,350000,user_0,341,355,
4803,96,2000000,0,user_36,341,354,
4736,92,2000000,0,user_28,340,354,
4723,93,2000000,0,user_16,340,354,
4740,94,2000000,0,user_34,340,354,
4800,98,2000000,0,user_32,341,355,
5116,98,1999999,0,user_6,343,353,4770
5135,93,1999999,0,user_23,343,353,4770
4734,97,1900000,0,user_24,340,350,
5366,96,1800000,0,user_47,344,349,
4731,97,1700000,0,user_23,340,349,
4808,99,1600000,0,user_43,341,349,
5124,94,1500001,0,user_12,343,348,4735
5119,95,1500001,0,user_7,343,348,4735
5136,96,1500001,0,user_24,343,348,4735
4922,97,1500001,0,user_24,342,348,4735
4780,98,1500001,0,user_14,341,348,4735
4793,99,1500001,0,user_22,341,348,4735
5142,96,1500000,0,user_30,343,347,
5145,95,1500000,0,user_34,343,347,
4735,94,1500000,128000,user_27,340,347,
5350,97,1500000,0,user_30,344,347,
5134,84,1499999,0,user_21,343,345,4735
4895,99,1499999,0,user_2,342,346,4735
5137,85,1499999,0,user_25,343,345,4735
4771,99,1499999,0,user_1,341,347,4735
4912,98,1499999,0,user_21,342,347,4735
4792,94,1499999,0,user_21,341,346,4735
4786,96,1499999,0,user_17,341,346,4735
4787,97,1499999,0,user_17,341,346,4735
4788,98,1499999,0,user_17,341,346,4735
4794,95,1499999,0,user_22,341,346,4735
4749,96,1400000,0,user_42,340,345,
4769,97,1400000,0,user_0,341,345,
4932,92,1400000,0,user_33,342,345,
4730,94,1400000,0,user_23,340,345,
4732,95,1400000,0,user_23,340,345,
5141,98,1300000,18600,user_28,343,345,
4713,99,1300000,0,user_4,340,345,
4929,80,1200000,0,user_31,342,344,
4741,81,1100000,0,user_35,340,344,
4756,82,1100000,0,user_49,340,344,
4751,83,1000000,0,user_42,340,344,
4753,84,1000000,0,user_44,340,344,
5353,85,1000000,0,user_36,344,344,
5312,86,910001,0,user_1,344,344,5144
5314,87,910001,0,user_2,344,344,5144
5323,88,910001,0,user_10,344,344,5144
5324,89,910001,0,user_11,344,344,5144
5325,90,910001,0,user_11,344,344,5144
5341,91,910001,0,user_19,344,344,5144
5315,92,910001,0,user_3,344,344,5144
5319,93,910001,0,user_8,344,344,5144
5320,94,910001,0,user_9,344,344,5144
5322,95,910001,0,user_9,344,344,5144
5144,96,910000,7190000,user_32,343,344,
5328,97,909999,0,user_13,344,344,5144
5311,98,909999,0,user_0,344,344,5144
5316,99,909999,0,user_6,344,344,5144
4931,8,27000000,0,user_33,342,359,
4726,13,19000000,0,user_19,340,359,
5349,21,6300000,0,user_29,344,359,
5360,22,6300000,0,user_43,344,359,
5347,20,6300000,5630,user_27,344,359,
4737,18,6300000,0,user_29,340,359,
4806,17,6300000,0,user_37,341,359,
5153,19,6300000,0,user_42,343,359,
4743,28,6100000,0,user_36,340,359,
5364,34,5200000,0,user_46,344,359,
5352,33,5200000,0,user_34,344,359,
4924,32,5200000,0,user_27,342,359,
4948,31,5200000,0,user_48,342,359,
5593,30,5200000,21800,user_30,345,359,
5369,40,5000000,0,user_48,344,359,
5143,39,5000000,0,user_31,343,359,
4724,38,5000000,0,user_16,340,359,
5614,45,4500000,0,user_48,345,359,
4949,52,4200000,0,user_49,342,359,
4757,51,4200000,0,user_49,340,359,
4927,57,3600000,75000,user_30,342,359,
5110,59,3500001,0,user_1,343,359,4944
5125,60,3500001,0,user_12,343,359,4944
5138,61,3500001,0,user_26,343,359,4944
4944,65,3500000,161000,user_47,342,359,
5111,66,3499999,0,user_2,343,359,4944
5317,73,3499999,0,user_8,344,359,4944
5128,67,3499999,0,user_13,343,359,4944
5133,71,3499999,0,user_18,343,359,4944
5129,69,3499999,0,user_15,343,359,4944
5130,70,3499999,0,user_15,343,359,4944
5321,72,3499999,0,user_9,344,359,4944
5117,68,3499999,0,user_6,343,359,4944
5362,82,2600000,0,user_44,344,359,
4947,87,2500000,0,user_47,342,359,
5154,91,2300000,0,user_42,343,359,
5140,96,2100000,11200,user_27,343,359,
5336,89,2000001,0,user_16,344,357,4770
5544,95,2000001,0,user_1,345,358,4770
5113,91,2000001,0,user_4,343,357,4770
5118,92,2000001,0,user_7,343,357,4770
5132,93,2000001,0,user_17,343,357,4770
5568,98,2000001,0,user_12,345,359,4770
5579,99,2000001,0,user_19,345,359,4770
5582,99,2000001,0,user_20,345,358,4770
4779,97,2000001,0,user_12,341,357,4770
5114,98,2000001,0,user_6,343,357,4770
5586,97,2000001,0,user_25,345,358,4770
5587,98,2000001,0,user_26,345,358,4770
5156,99,2000000,0,user_44,343,356,
4723,93,2000000,0,user_16,340,354,
4736,92,2000000,0,user_28,340,354,
4740,94,2000000,0,user_34,340,354,
4770,99,2000000,350000,user_0,341,355,
4800,98,2000000,0,user_32,341,355,
4803,96,2000000,0,user_36,341,354,
5135,93,1999999,0,user_23,343,353,4770
5570,94,1999999,0,user_13,345,353,4770
5543,95,1999999,0,user_0,345,353,4770
5580,96,1999999,0,user_19,345,353,4770
5581,97,1999999,0,user_19,345,353,4770
5116,98,1999999,0,user_6,343,353,4770
5555,99,1999999,0,user_6,345,353,4770
5585,94,1999999,0,user_25,345,351,4770
5575,95,1999999,0,user_17,345,352,4770
5584,99,1999999,0,user_24,345,352,4770
5577,96,1999999,0,user_18,345,352,4770
4734,97,1900000,0,user_24,340,350,
5366,96,1800000,0,user_47,344,349,
4731,97,1700000,0,user_23,340,349,
4808,99,1600000,0,user_43,341,349,
4922,97,1500001,0,user_24,342,348,4735
5124,94,1500001,0,user_12,343,348,4735
5119,95,1500001,0,user_7,343,348,4735
5136,96,1500001,0,user_24,343,348,4735
4780,98,1500001,0,user_14,341,348,4735
4793,99,1500001,0,user_22,341,348,4735
5350,97,1500000,0,user_30,344,347,
5142,96,1500000,0,user_30,343,347,
4735,94,1500000,128000,user_27,340,347,
5145,95,1500000,0,user_34,343,347,
5613,92,1500000,0,user_46,345,347,
4895,99,1499999,0,user_2,342,346,4735
4912,98,1499999,0,user_21,342,347,4735
5134,84,1499999,0,user_21,343,345,4735
5137,85,1499999,0,user_25,343,345,4735
4771,99,1499999,0,user_1,341,347,4735
4792,94,1499999,0,user_21,341,346,4735
4794,95,1499999,0,user_22,341,346,4735
4786,96,1499999,0,user_17,341,346,4735
4787,97,1499999,0,user_17,341,346,4735
4788,98,1499999,0,user_17,341,346,4735
4932,92,1400000,0,user_33,342,345,
5609,93,1400000,0,user_44,345,345,
4730,94,1400000,0,user_23,340,345,
4732,95,1400000,0,user_23,340,345,
4749,96,1400000,0,user_42,340,345,
4769,97,1400000,0,user_0,341,345,
5141,98,1300000,18600,user_28,343,345,
4713,99,1300000,0,user_4,340,345,
4931,8,27000000,0,user_33,342,359,
4726,13,19000000,0,user_19,340,359,
5594,15,6300000,0,user_31,345,359,
5349,21,6300000,0,user_29,344,359,
5360,22,6300000,0,user_43,344,359,
4737,18,6300000,0,user_29,340,359,
4806,17,6300000,0,user_37,341,359,
5153,19,6300000,0,user_42,343,359,
5347,20,6300000,5630,user_27,344,359,
5841,16,6300000,0,user_29,346,359,
5863,26,6100000,0,user_45,346,359,
4743,28,6100000,0,user_36,340,359,
5842,27,6100000,0,user_30,346,359,
5593,30,5200000,21800,user_30,345,359,
5364,34,5200000,0,user_46,344,359,
5352,33,5200000,0,user_34,344,359,
4948,31,5200000,0,user_48,342,359,
4924,32,5200000,0,user_27,342,359,
5369,40,5000000,0,user_48,344,359,
4724,38,5000000,0,user_16,340,359,
5143,39,5000000,0,user_31,343,359,
5614,45,4500000,0,user_48,345,359,
5853,50,4200000,46500,user_37,346,359,
4757,51,4200000,0,user_49,340,359,
4949,52,4200000,0,user_49,342,359,
4927,57,3600000,75000,user_30,342,359,
5110,59,3500001,0,user_1,343,359,4944
5125,60,3500001,0,user_12,343,359,4944
5138,61,3500001,0,user_26,343,359,4944
4944,65,3500000,161000,user_47,342,359,
5317,73,3499999,0,user_8,344,359,4944
5321,72,3499999,0,user_9,344,359,4944
5111,66,3499999,0,user_2,343,359,4944
5129,69,3499999,0,user_15,343,359,4944
5130,70,3499999,0,user_15,343,359,4944
5128,67,3499999,0,user_13,343,359,4944
5133,71,3499999,0,user_18,343,359,4944
5117,68,3499999,0,user_6,343,359,4944
5362,82,2600000,0,user_44,344,359,
4947,87,2500000,0,user_47,342,359,
5154,91,2300000,0,user_42,343,359,
5140,96,2100000,11200,user_27,343,359,
5544,95,2000001,0,user_1,345,358,4770
5568,98,2000001,0,user_12,345,359,4770
5586,97,2000001,0,user_25,345,358,4770
5587,98,2000001,0,user_26,345,358,4770
5582,99,2000001,0,user_20,345,358,4770
5336,89,2000001,0,user_16,344,357,4770
5579,99,2000001,0,user_19,345,359,4770
4779,97,2000001,0,user_12,341,357,4770
5113,91,2000001,0,user_4,343,357,4770
5118,92,2000001,0,user_7,343,357,4770
5132,93,2000001,0,user_17,343,357,4770
5114,98,2000001,0,user_6,343,357,4770
5823,95,2000001,0,user_8,346,356,4770
4736,92,2000000,0,user_28,340,354,
4723,93,2000000,0,user_16,340,354,
4740,94,2000000,0,user_34,340,354,
4770,99,2000000,350000,user_0,341,355,
4803,96,2000000,0,user_36,341,354,
4800,98,2000000,0,user_32,341,355,
5156,99,2000000,0,user_44,343,356,
5858,97,2000000,0,user_40,346,355,
5543,95,1999999,0,user_0,345,353,4770
5570,94,1999999,0,user_13,345,353,4770
5575,95,1999999,0,user_17,345,352,4770
5584,99,1999999,0,user_24,345,352,4770
5585,94,1999999,0,user_25,345,351,4770
5577,96,1999999,0,user_18,345,352,4770
5555,99,1999999,0,user_6,345,353,4770
5580,96,1999999,0,user_19,345,353,4770
5581,97,1999999,0,user_19,345,353,4770
5135,93,1999999,0,user_23,343,353,4770
5116,98,1999999,0,user_6,343,353,4770
4734,97,1900000,0,user_24,340,350,
5869,98,1900000,0,user_47,346,350,
5366,96,1800000,0,user_47,344,349,
4731,97,1700000,0,user_23,340,349,
5604,92,1600000,0,user_38,345,348,
5862,93,1600000,0,user_45,346,348,
4808,99,1600000,0,user_43,341,349,
4780,98,1500001,0,user_14,341,348,4735
4793,99,1500001,0,user_22,341,348,4735
4922,97,1500001,0,user_24,342,348,4735
5119,95,1500001,0,user_7,343,348,4735
5124,94,1500001,0,user_12,343,348,4735
5136,96,1500001,0,user_24,343,348,4735
5613,92,1500000,0,user_46,345,347,
5350,97,1500000,0,user_30,344,347,
5861,93,1500000,0,user_45,346,347,
4735,94,1500000,128000,user_27,340,347,
5142,96,1500000,0,user_30,343,347,
5145,95,1500000,0,user_34,343,347,
4771,99,1499999,0,user_1,341,347,4735
4792,94,1499999,0,user_21,341,346,4735
4794,95,1499999,0,user_22,341,346,4735
4786,96,1499999,0,user_17,341,346,4735
4787,97,1499999,0,user_17,341,346,4735
4788,98,1499999,0,user_17,341,346,4735
4895,99,1499999,0,user_2,342,346,4735
6125,2,43000000,0,user_44,347,359,
6107,7,27000000,0,user_28,347,359,
4931,8,27000000,0,user_33,342,359,
4726,13,19000000,0,user_19,340,359,
5594,15,6300000,0,user_31,345,359,
5841,16,6300000,0,user_29,346,359,
4806,17,6300000,0,user_37,341,359,
4737,18,6300000,0,user_29,340,359,
5153,19,6300000,0,user_42,343,359,
5347,20,6300000,5630,user_27,344,359,
5349,21,6300000,0,user_29,344,359,
5360,22,6300000,0,user_43,344,359,
5863,26,6100000,0,user_45,346,359,
5842,27,6100000,0,user_30,346,359,
4743,28,6100000,0,user_36,340,359,
5593,30,5200000,21800,user_30,345,359,
4948,31,5200000,0,user_48,342,359,
4924,32,5200000,0,user_27,342,359,
5352,33,5200000,0,user_34,344,359,
5364,34,5200000,0,user_46,344,359,
4724,38,5000000,0,user_16,340,359,
5143,39,5000000,0,user_31,343,359,
5369,40,5000000,0,user_48,344,359,
5614,45,4500000,0,user_48,345,359,
5853,50,4200000,46500,user_37,346,359,
4757,51,4200000,0,user_49,340,359,
4949,52,4200000,0,user_49,342,359,
4927,57,3600000,75000,user_30,342,359,
5110,59,3500001,0,user_1,343,359,4944
5125,60,3500001,0,user_12,343,359,4944
5138,61,3500001,0,user_26,343,359,4944
4944,65,3500000,161000,user_47,342,359,
5111,66,3499999,0,user_2,343,359,4944
5128,67,3499999,0,user_13,343,359,4944
5117,68,3499999,0,user_6,343,359,4944
5129,69,3499999,0,user_15,343,359,4944
5130,70,3499999,0,user_15,343,359,4944
5133,71,3499999,0,user_18,343,359,4944
5321,72,3499999,0,user_9,344,359,4944
5317,73,3499999,0,user_8,344,359,4944
5362,82,2600000,0,user_44,344,359,
6118,86,2500000,0,user_37,347,359,
4947,87,2500000,0,user_47,342,359,
6127,88,2500000,0,user_46,347,359,
5154,91,2300000,0,user_42,343,359,
5140,96,2100000,11200,user_27,343,359,
5568,98,2000001,0,user_12,345,359,4770
5579,99,2000001,0,user_19,345,359,4770
5582,99,2000001,0,user_20,345,358,4770
5586,97,2000001,0,user_25,345,358,4770
5587,98,2000001,0,user_26,345,358,4770
5823,95,2000001,0,user_8,346,356,4770
4779,97,2000001,0,user_12,341,357,4770
5113,91,2000001,0,user_4,343,357,4770
5114,98,2000001,0,user_6,343,357,4770
5118,92,2000001,0,user_7,343,357,4770
5132,93,2000001,0,user_17,343,357,4770
5336,89,2000001,0,user_16,344,357,4770
5544,95,2000001,0,user_1,345,358,4770
5858,97,2000000,0,user_40,346,355,
4800,98,2000000,0,user_32,341,355,
4770,99,2000000,350000,user_0,341,355,
4803,96,2000000,0,user_36,341,354,
5156,99,2000000,0,user_44,343,356,
4723,93,2000000,0,user_16,340,354,
4740,94,2000000,0,user_34,340,354,
4736,92,2000000,0,user_28,340,354,
5570,94,1999999,0,user_13,345,353,4770
5543,95,1999999,0,user_0,345,353,4770
5580,96,1999999,0,user_19,345,353,4770
5581,97,1999999,0,user_19,345,353,4770
5555,99,1999999,0,user_6,345,353,4770
5585,94,1999999,0,user_25,345,351,4770
5575,95,1999999,0,user_17,345,352,4770
5584,99,1999999,0,user_24,345,352,4770
5577,96,1999999,0,user_18,345,352,4770
5116,98,1999999,0,user_6,343,353,4770
5135,93,1999999,0,user_23,343,353,4770
5869,98,1900000,0,user_47,346,350,
4734,97,1900000,0,user_24,340,350,
5366,96,1800000,0,user_47,344,349,
4731,97,1700000,0,user_23,340,349,
5604,92,1600000,0,user_38,345,348,
5862,93,1600000,0,user_45,346,348,
4808,99,1600000,0,user_43,341,349,
6110,98,1600000,0,user_33,347,349,
4922,97,1500001,0,user_24,342,348,4735
4780,98,1500001,0,user_14,341,348,4735
4793,99,1500001,0,user_22,341,348,4735
5119,95,1500001,0,user_7,343,348,4735
5124,94,1500001,0,user_12,343,348,4735
5136,96,1500001,0,user_24,343,348,4735
5613,92,1500000,0,user_46,345,347,
5861,93,1500000,0,user_45,346,347,
4735,94,1500000,128000,user_27,340,347,
5145,95,1500000,0,user_34,343,347,
5142,96,1500000,0,user_30,343,347,
5350,97,1500000,0,user_30,344,347,
4912,98,1499999,0,user_21,342,347,4735
4771,99,1499999,0,user_1,341,347,4735
6125,2,43000000,0,user_44,347,359,
6107,7,27000000,0,user_28,347,359,
6372,9,27000000,0,user_37,348,359,
4931,8,27000000,0,user_33,342,359,
4726,13,19000000,0,user_19,340,359,
5153,19,6300000,0,user_42,343,359,
4806,17,6300000,0,user_37,341,359,
4737,18,6300000,0,user_29,340,359,
5349,21,6300000,0,user_29,344,359,
5360,22,6300000,0,user_43,344,359,
5347,20,6300000,5630,user_27,344,359,
5594,15,6300000,0,user_31,345,359,
5841,16,6300000,0,user_29,346,359,
4743,28,6100000,0,user_36,340,359,
5842,27,6100000,0,user_30,346,359,
5863,26,6100000,0,user_45,346,359,
4924,32,5200000,0,user_27,342,359,
4948,31,5200000,0,user_48,342,359,
5364,34,5200000,0,user_46,344,359,
5352,33,5200000,0,user_34,344,359,
5593,30,5200000,21800,user_30,345,359,
5143,39,5000000,0,user_31,343,359,
4724,38,5000000,0,user_16,340,359,
5369,40,5000000,0,user_48,344,359,
6119,46,4500000,0,user_38,347,359,
5614,45,4500000,0,user_48,345,359,
6378,47,4500000,0,user_40,348,359,
4949,52,4200000,0,user_49,342,359,
4757,51,4200000,0,user_49,340,359,
5853,50,4200000,46500,user_37,346,359,
4927,57,3600000,75000,user_30,342,359,
5125,60,3500001,0,user_12,343,359,4944
5138,61,3500001,0,user_26,343,359,4944
5110,59,3500001,0,user_1,343,359,4944
4944,65,3500000,161000,user_47,342,359,
5128,67,3499999,0,user_13,343,359,4944
5117,68,3499999,0,user_6,343,359,4944
5129,69,3499999,0,user_15,343,359,4944
5130,70,3499999,0,user_15,343,359,4944
5133,71,3499999,0,user_18,343,359,4944
5111,66,3499999,0,user_2,343,359,4944
5317,73,3499999,0,user_8,344,359,4944
5321,72,3499999,0,user_9,344,359,4944
6376,77,3200000,0,user_39,348,359,
5362,82,2600000,0,user_44,344,359,
6127,88,2500000,0,user_46,347,359,
6118,86,2500000,0,user_37,347,359,
4947,87,2500000,0,user_47,342,359,
5154,91,2300000,0,user_42,343,359,
5140,96,2100000,11200,user_27,343,359,
5113,91,2000001,0,user_4,343,357,4770
5114,98,2000001,0,user_6,343,357,4770
5118,92,2000001,0,user_7,343,357,4770
5132,93,2000001,0,user_17,343,357,4770
4779,97,2000001,0,user_12,341,357,4770
5336,89,2000001,0,user_16,344,357,4770
5544,95,2000001,0,user_1,345,358,4770
5568,98,2000001,0,user_12,345,359,4770
5582,99,2000001,0,user_20,345,358,4770
5579,99,2000001,0,user_19,345,359,4770
5586,97,2000001,0,user_25,345,358,4770
5587,98,2000001,0,user_26,345,358,4770
5823,95,2000001,0,user_8,346,356,4770
5156,99,2000000,0,user_44,343,356,
4770,99,2000000,350000,user_0,341,355,
4803,96,2000000,0,user_36,341,354,
4736,92,2000000,0,user_28,340,354,
4723,93,2000000,0,user_16,340,354,
4740,94,2000000,0,user_34,340,354,
4800,98,2000000,0,user_32,341,355,
5858,97,2000000,0,user_40,346,355,
6368,90,2000000,0,user_34,348,354,
6386,89,2000000,0,user_47,348,354,
5116,98,1999999,0,user_6,343,353,4770
5135,93,1999999,0,user_23,343,353,4770
5543,95,1999999,0,user_0,345,353,4770
5570,94,1999999,0,user_13,345,353,4770
5575,95,1999999,0,user_17,345,352,4770
5577,96,1999999,0,user_18,345,352,4770
5580,96,1999999,0,user_19,345,353,4770
5581,97,1999999,0,user_19,345,353,4770
5584,99,1999999,0,user_24,345,352,4770
5585,94,1999999,0,user_25,345,351,4770
5555,99,1999999,0,user_6,345,353,4770
6124,96,1900000,0,user_43,347,350,
4734,97,1900000,0,user_24,340,350,
5869,98,1900000,0,user_47,346,350,
5366,96,1800000,0,user_47,344,349,
6374,99,1800000,0,user_39,348,350,
4731,97,1700000,0,user_23,340,349,
6110,98,1600000,0,user_33,347,349,
4808,99,1600000,0,user_43,341,349,
5604,92,1600000,0,user_38,345,348,
5862,93,1600000,0,user_45,346,348,
5124,94,1500001,0,user_12,343,348,4735
5119,95,1500001,0,user_7,343,348,4735
5136,96,1500001,0,user_24,343,348,4735
4922,97,1500001,0,user_24,342,348,4735
4780,98,1500001,0,user_14,341,348,4735
4793,99,1500001,0,user_22,341,348,4735
6125,2,43000000,0,user_44,347,359,
6645,1,43000000,0,user_40,349,359,
6372,9,27000000,0,user_37,348,359,
6107,7,27000000,0,user_28,347,359,
4931,8,27000000,0,user_33,342,359,
4726,13,19000000,0,user_19,340,359,
5349,21,6300000,0,user_29,344,359,
5360,22,6300000,0,user_43,344,359,
5347,20,6300000,5630,user_27,344,359,
4737,18,6300000,0,user_29,340,359,
4806,17,6300000,0,user_37,341,359,
5153,19,6300000,0,user_42,343,359,
5594,15,6300000,0,user_31,345,359,
5841,16,6300000,0,user_29,346,359,
6641,24,6100000,0,user_37,349,359,
4743,28,6100000,0,user_36,340,359,
5863,26,6100000,0,user_45,346,359,
5842,27,6100000,0,user_30,346,359,
6647,25,6100000,0,user_41,349,359,
5364,34,5200000,0,user_46,344,359,
5352,33,5200000,0,user_34,344,359,
4924,32,5200000,0,user_27,342,359,
4948,31,5200000,0,user_48,342,359,
5593,30,5200000,21800,user_30,345,359,
5369,40,5000000,0,user_48,344,359,
5143,39,5000000,0,user_31,343,359,
4724,38,5000000,0,user_16,340,359,
6378,47,4500000,0,user_40,348,359,
6119,46,4500000,0,user_38,347,359,
5614,45,4500000,0,user_48,345,359,
6649,43,4500000,256000,user_42,349,359,
4949,52,4200000,0,user_49,342,359,
4757,51,4200000,0,user_49,340,359,
5853,50,4200000,46500,user_37,346,359,
4927,57,3600000,75000,user_30,342,359,
6644,55,3600000,0,user_40,349,359,
5110,59,3500001,0,user_1,343,359,4944
5125,60,3500001,0,user_12,343,359,4944
5138,61,3500001,0,user_26,343,359,4944
4944,65,3500000,161000,user_47,342,359,
5111,66,3499999,0,user_2,343,359,4944
5317,73,3499999,0,user_8,344,359,4944
5128,67,3499999,0,user_13,343,359,4944
5133,71,3499999,0,user_18,343,359,4944
5129,69,3499999,0,user_15,343,359,4944
5130,70,3499999,0,user_15,343,359,4944
5321,72,3499999,0,user_9,344,359,4944
5117,68,3499999,0,user_6,343,359,4944
6376,77,3200000,0,user_39,348,359,
5362,82,2600000,0,user_44,344,359,
6127,88,2500000,0,user_46,347,359,
6118,86,2500000,0,user_37,347,359,
6631,85,2500000,0,user_28,349,359,
4947,87,2500000,0,user_47,342,359,
5154,91,2300000,0,user_42,343,359,
5140,96,2100000,11200,user_27,343,359,
5336,89,2000001,0,user_16,344,357,4770
5544,95,2000001,0,user_1,345,358,4770
5113,91,2000001,0,user_4,343,357,4770
5118,92,2000001,0,user_7,343,357,4770
5132,93,2000001,0,user_17,343,357,4770
5568,98,2000001,0,user_12,345,359,4770
5579,99,2000001,0,user_19,345,359,4770
5582,99,2000001,0,user_20,345,358,4770
4779,97,2000001,0,user_12,341,357,4770
5114,98,2000001,0,user_6,343,357,4770
5586,97,2000001,0,user_25,345,358,4770
5587,98,2000001,0,user_26,345,358,4770
5823,95,2000001,0,user_8,346,356,4770
6386,89,2000000,0,user_47,348,354,
6368,90,2000000,0,user_34,348,354,
5156,99,2000000,0,user_44,343,356,
4723,93,2000000,0,user_16,340,354,
4736,92,2000000,0,user_28,340,354,
4740,94,2000000,0,user_34,340,354,
4770,99,2000000,350000,user_0,341,355,
4800,98,2000000,0,user_32,341,355,
4803,96,2000000,0,user_36,341,354,
5858,97,2000000,0,user_40,346,355,
6657,95,2000000,0,user_48,349,355,
6637,96,2000000,0,user_34,349,355,
5135,93,1999999,0,user_23,343,353,4770
5570,94,1999999,0,user_13,345,353,4770
5543,95,1999999,0,user_0,345,353,4770
5580,96,1999999,0,user_19,345,353,4770
5581,97,1999999,0,user_19,345,353,4770
5116,98,1999999,0,user_6,343,353,4770
5555,99,1999999,0,user_6,345,353,4770
5585,94,1999999,0,user_25,345,351,4770
5575,95,1999999,0,user_17,345,352,4770
5584,99,1999999,0,user_24,345,352,4770
5577,96,1999999,0,user_18,345,352,4770
6124,96,1900000,0,user_43,347,350,
4734,97,1900000,0,user_24,340,350,
5869,98,1900000,0,user_47,346,350,
6374,99,1800000,0,user_39,348,350,
5366,96,1800000,0,user_47,344,349,
4731,97,1700000,0,user_23,340,349,
6110,98,1600000,0,user_33,347,349,
4808,99,1600000,0,user_43,341,349,
6645,1,43000000,0,user_40,349,359,
6125,2,43000000,0,user_44,347,359,
6372,9,27000000,0,user_37,348,359,
4931,8,27000000,0,user_33,342,359,
6107,7,27000000,0,user_28,347,359,
6914,12,19000000,0,user_44,350,359,
4726,13,19000000,0,user_19,340,359,
5594,15,6300000,0,user_31,345,359,
5349,21,6300000,0,user_29,344,359,
5360,22,6300000,0,user_43,344,359,
4737,18,6300000,0,user_29,340,359,
4806,17,6300000,0,user_37,341,359,
5153,19,6300000,0,user_42,343,359,
5347,20,6300000,5630,user_27,344,359,
5841,16,6300000,0,user_29,346,359,
6641,24,6100000,0,user_37,349,359,
6647,25,6100000,0,user_41,349,359,
5863,26,6100000,0,user_45,346,359,
4743,28,6100000,0,user_36,340,359,
5842,27,6100000,0,user_30,346,359,
5593,30,5200000,21800,user_30,345,359,
5364,34,5200000,0,user_46,344,359,
5352,33,5200000,0,user_34,344,359,
4948,31,5200000,0,user_48,342,359,
4924,32,5200000,0,user_27,342,359,
5369,40,5000000,0,user_48,344,359,
4724,38,5000000,0,user_16,340,359,
5143,39,5000000,0,user_31,343,359,
6119,46,4500000,0,user_38,347,359,
6378,47,4500000,0,user_40,348,359,
6649,43,4500000,256000,user_42,349,359,
5614,45,4500000,0,user_48,345,359,
5853,50,4200000,46500,user_37,346,359,
4757,51,4200000,0,user_49,340,359,
4949,52,4200000,0,user_49,342,359,
6644,55,3600000,0,user_40,349,359,
6634,54,3600000,256000,user_31,349,359,
4927,57,3600000,75000,user_30,342,359,
6916,56,3600000,0,user_47,350,359,
5110,59,3500001,0,user_1,343,359,4944
5125,60,3500001,0,user_12,343,359,4944
5138,61,3500001,0,user_26,343,359,4944
4944,65,3500000,161000,user_47,342,359,
6918,64,3500000,410000,user_47,350,359,
5317,73,3499999,0,user_8,344,359,4944
5321,72,3499999,0,user_9,344,359,4944
5111,66,3499999,0,user_2,343,359,4944
5129,69,3499999,0,user_15,343,359,4944
5130,70,3499999,0,user_15,343,359,4944
5128,67,3499999,0,user_13,343,359,4944
5133,71,3499999,0,user_18,343,359,4944
5117,68,3499999,0,user_6,343,359,4944
6376,77,3200000,0,user_39,348,359,
5362,82,2600000,0,user_44,344,359,
6631,85,2500000,0,user_28,349,359,
6118,86,2500000,0,user_37,347,359,
6127,88,2500000,0,user_46,347,359,
4947,87,2500000,0,user_47,342,359,
5154,91,2300000,0,user_42,343,359,
5140,96,2100000,11200,user_27,343,359,
5544,95,2000001,0,user_1,345,358,4770
5568,98,2000001,0,user_12,345,359,4770
5586,97,2000001,0,user_25,345,358,4770
5587,98,2000001,0,user_26,345,358,4770
5582,99,2000001,0,user_20,345,358,4770
5336,89,2000001,0,user_16,344,357,4770
5579,99,2000001,0,user_19,345,359,4770
4779,97,2000001,0,user_12,341,357,4770
5113,91,2000001,0,user_4,343,357,4770
5118,92,2000001,0,user_7,343,357,4770
5132,93,2000001,0,user_17,343,357,4770
5114,98,2000001,0,user_6,343,357,4770
5823,95,2000001,0,user_8,346,356,4770
6657,95,2000000,0,user_48,349,355,
6386,89,2000000,0,user_47,348,354,
6368,90,2000000,0,user_34,348,354,
6637,96,2000000,0,user_34,349,355,
4736,92,2000000,0,user_28,340,354,
4723,93,2000000,0,user_16,340,354,
4740,94,2000000,0,user_34,340,354,
4770,99,2000000,350000,user_0,341,355,
4803,96,2000000,0,user_36,341,354,
4800,98,2000000,0,user_32,341,355,
5156,99,2000000,0,user_44,343,356,
5858,97,2000000,0,user_40,346,355,
5543,95,1999999,0,user_0,345,353,4770
5570,94,1999999,0,user_13,345,353,4770
5575,95,1999999,0,user_17,345,352,4770
5584,99,1999999,0,user_24,345,352,4770
5585,94,1999999,0,user_25,345,351,4770
5577,96,1999999,0,user_18,345,352,4770
5555,99,1999999,0,user_6,345,353,4770
5580,96,1999999,0,user_19,345,353,4770
5581,97,1999999,0,user_19,345,353,4770
5135,93,1999999,0,user_23,343,353,4770
5116,98,1999999,0,user_6,343,353,4770
6124,96,1900000,0,user_43,347,350,
4734,97,1900000,0,user_24,340,350,
5869,98,1900000,0,user_47,346,350,
6374,99,1800000,0,user_39,348,350,
6645,1,43000000,0,user_40,349,359,
6125,2,43000000,0,user_44,347,359,
6107,7,27000000,0,user_28,347,359,
4931,8,27000000,0,user_33,342,359,
6372,9,27000000,0,user_37,348,359,
6914,12,19000000,0,user_44,350,359,
4726,13,19000000,0,user_19,340,359,
5594,15,6300000,0,user_31,345,359,
5841,16,6300000,0,user_29,346,359,
4806,17,6300000,0,user_37,341,359,
4737,18,6300000,0,user_29,340,359,
5153,19,6300000,0,user_42,343,359,
5347,20,6300000,5630,user_27,344,359,
5349,21,6300000,0,user_29,344,359,
5360,22,6300000,0,user_43,344,359,
6641,24,6100000,0,user_37,349,359,
6647,25,6100000,0,user_41,349,359,
5863,26,6100000,0,user_45,346,359,
5842,27,6100000,0,user_30,346,359,
4743,28,6100000,0,user_36,340,359,
5593,30,5200000,21800,user_30,345,359,
4948,31,5200000,0,user_48,342,359,
4924,32,5200000,0,user_27,342,359,
5352,33,5200000,0,user_34,344,359,
5364,34,5200000,0,user_46,344,359,
4724,38,5000000,0,user_16,340,359,
5143,39,5000000,0,user_31,343,359,
5369,40,5000000,0,user_48,344,359,
6649,43,4500000,256000,user_42,349,359,
7209,44,4500000,32900,user_45,351,359,
5614,45,4500000,0,user_48,345,359,
6119,46,4500000,0,user_38,347,359,
6378,47,4500000,0,user_40,348,359,
5853,50,4200000,46500,user_37,346,359,
4757,51,4200000,0,user_49,340,359,
4949,52,4200000,0,user_49,342,359,
6634,54,3600000,256000,user_31,349,359,
6644,55,3600000,0,user_40,349,359,
6916,56,3600000,0,user_47,350,359,
4927,57,3600000,75000,user_30,342,359,
5110,59,3500001,0,user_1,343,359,4944
5125,60,3500001,0,user_12,343,359,4944
5138,61,3500001,0,user_26,343,359,4944
6918,64,3500000,410000,user_47,350,359,
4944,65,3500000,161000,user_47,342,359,
5111,66,3499999,0,user_2,343,359,4944
5128,67,3499999,0,user_13,343,359,4944
5117,68,3499999,0,user_6,343,359,4944
5129,69,3499999,0,user_15,343,359,4944
5130,70,3499999,0,user_15,343,359,4944
5133,71,3499999,0,user_18,343,359,4944
5321,72,3499999,0,user_9,344,359,4944
5317,73,3499999,0,user_8,344,359,4944
6376,77,3200000,0,user_39,348,359,
7208,81,2600000,0,user_44,351,359,
5362,82,2600000,0,user_44,344,359,
6631,85,2500000,0,user_28,349,359,
6118,86,2500000,0,user_37,347,359,
4947,87,2500000,0,user_47,342,359,
6127,88,2500000,0,user_46,347,359,
5154,91,2300000,0,user_42,343,359,
7201,92,2300000,0,user_36,351,359,
5140,96,2100000,11200,user_27,343,359,
5568,98,2000001,0,user_12,345,359,4770
5579,99,2000001,0,user_19,345,359,4770
5582,99,2000001,0,user_20,345,358,4770
5586,97,2000001,0,user_25,345,358,4770
5587,98,2000001,0,user_26,345,358,4770
5823,95,2000001,0,user_8,346,356,4770
4779,97,2000001,0,user_12,341,357,4770
5113,91,2000001,0,user_4,343,357,4770
5114,98,2000001,0,user_6,343,357,4770
5118,92,2000001,0,user_7,343,357,4770
5132,93,2000001,0,user_17,343,357,4770
5336,89,2000001,0,user_16,344,357,4770
5544,95,2000001,0,user_1,345,358,4770
6657,95,2000000,0,user_48,349,355,
6637,96,2000000,0,user_34,349,355,
5858,97,2000000,0,user_40,346,355,
4800,98,2000000,0,user_32,341,355,
4770,99,2000000,350000,user_0,341,355,
4803,96,2000000,0,user_36,341,354,
5156,99,2000000,0,user_44,343,356,
4723,93,2000000,0,user_16,340,354,
4740,94,2000000,0,user_34,340,354,
4736,92,2000000,0,user_28,340,354,
6386,89,2000000,0,user_47,348,354,
6368,90,2000000,0,user_34,348,354,
7202,98,2000000,0,user_36,351,356,
5570,94,1999999,0,user_13,345,353,4770
5543,95,1999999,0,user_0,345,353,4770
5580,96,1999999,0,user_19,345,353,4770
5581,97,1999999,0,user_19,345,353,4770
5555,99,1999999,0,user_6,345,353,4770
5585,94,1999999,0,user_25,345,351,4770
5575,95,1999999,0,user_17,345,352,4770
5584,99,1999999,0,user_24,345,352,4770
5577,96,1999999,0,user_18,345,352,4770
5116,98,1999999,0,user_6,343,353,4770
5135,93,1999999,0,user_23,343,353,4770
6125,2,43000000,0,user_44,347,359,
6645,1,43000000,0,user_40,349,359,
6107,7,27000000,0,user_28,347,359,
6372,9,27000000,0,user_37,348,359,
4931,8,27000000,0,user_33,342,359,
4726,13,19000000,0,user_19,340,359,
6914,12,19000000,0,user_44,350,359,
5153,19,6300000,0,user_42,343,359,
4806,17,6300000,0,user_37,341,359,
4737,18,6300000,0,user_29,340,359,
5349,21,6300000,0,user_29,344,359,
5360,22,6300000,0,user_43,344,359,
5347,20,6300000,5630,user_27,344,359,
5594,15,6300000,0,user_31,345,359,
5841,16,6300000,0,user_29,346,359,
4743,28,6100000,0,user_36,340,359,
5842,27,6100000,0,user_30,346,359,
5863,26,6100000,0,user_45,346,359,
6641,24,6100000,0,user_37,349,359,
6647,25,6100000,0,user_41,349,359,
4924,32,5200000,0,user_27,342,359,
4948,31,5200000,0,user_48,342,359,
5364,34,5200000,0,user_46,344,359,
5352,33,5200000,0,user_34,344,359,
5593,30,5200000,21800,user_30,345,359,
5143,39,5000000,0,user_31,343,359,
4724,38,5000000,0,user_16,340,359,
5369,40,5000000,0,user_48,344,359,
7209,44,4500000,32900,user_45,351,359,
6119,46,4500000,0,user_38,347,359,
5614,45,4500000,0,user_48,345,359,
6378,47,4500000,0,user_40,348,359,
6649,43,4500000,256000,user_42,349,359,
7505,48,4500000,0,user_27,352,359,
4949,52,4200000,0,user_49,342,359,
4757,51,4200000,0,user_49,340,359,
5853,50,4200000,46500,user_37,346,359,
4927,57,3600000,75000,user_30,342,359,
6634,54,3600000,256000,user_31,349,359,
6644,55,3600000,0,user_40,349,359,
6916,56,3600000,0,user_47,350,359,
5125,60,3500001,0,user_12,343,359,4944
5138,61,3500001,0,user_26,343,359,4944
5110,59,3500001,0,user_1,343,359,4944
4944,65,3500000,161000,user_47,342,359,
6918,64,3500000,410000,user_47,350,359,
5128,67,3499999,0,user_13,343,359,4944
5117,68,3499999,0,user_6,343,359,4944
5129,69,3499999,0,user_15,343,359,4944
5130,70,3499999,0,user_15,343,359,4944
5133,71,3499999,0,user_18,343,359,4944
5111,66,3499999,0,user_2,343,359,4944
5317,73,3499999,0,user_8,344,359,4944
5321,72,3499999,0,user_9,344,359,4944
7517,78,3200000,0,user_44,352,359,
6376,77,3200000,0,user_39,348,359,
7208,81,2600000,0,user_44,351,359,
5362,82,2600000,0,user_44,344,359,
6127,88,2500000,0,user_46,347,359,
6118,86,2500000,0,user_37,347,359,
4947,87,2500000,0,user_47,342,359,
6631,85,2500000,0,user_28,349,359,
7201,92,2300000,0,user_36,351,359,
5154,91,2300000,0,user_42,343,359,
5140,96,2100000,11200,user_27,343,359,
5113,91,2000001,0,user_4,343,357,4770
5114,98,2000001,0,user_6,343,357,4770
5118,92,2000001,0,user_7,343,357,4770
5132,93,2000001,0,user_17,343,357,4770
4779,97,2000001,0,user_12,341,357,4770
5336,89,2000001,0,user_16,344,357,4770
5544,95,2000001,0,user_1,345,358,4770
5568,98,2000001,0,user_12,345,359,4770
5582,99,2000001,0,user_20,345,358,4770
5579,99,2000001,0,user_19,345,359,4770
5586,97,2000001,0,user_25,345,358,4770
5587,98,2000001,0,user_26,345,358,4770
5823,95,2000001,0,user_8,346,356,4770
7202,98,2000000,0,user_36,351,356,
5156,99,2000000,0,user_44,343,356,
4770,99,2000000,350000,user_0,341,355,
4803,96,2000000,0,user_36,341,354,
4736,92,2000000,0,user_28,340,354,
4723,93,2000000,0,user_16,340,354,
4740,94,2000000,0,user_34,340,354,
4800,98,2000000,0,user_32,341,355,
5858,97,2000000,0,user_40,346,355,
6368,90,2000000,0,user_34,348,354,
6386,89,2000000,0,user_47,348,354,
6637,96,2000000,0,user_34,349,355,
6657,95,2000000,0,user_48,349,355,
5116,98,1999999,0,user_6,343,353,4770
5135,93,1999999,0,user_23,343,353,4770
5543,95,1999999,0,user_0,345,353,4770
5570,94,1999999,0,user_13,345,353,4770
5575,95,1999999,0,user_17,345,352,4770
5577,96,1999999,0,user_18,345,352,4770
5580,96,1999999,0,user_19,345,353,4770
5581,97,1999999,0,user_19,345,353,4770
5584,99,1999999,0,user_24,345,352,4770
6125,2,43000000,0,user_44,347,359,
6645,1,43000000,0,user_40,349,359,
6372,9,27000000,0,user_37,348,359,
6107,7,27000000,0,user_28,347,359,
4931,8,27000000,0,user_33,342,359,
4726,13,19000000,0,user_19,340,359,
6914,12,19000000,0,user_44,350,359,
5349,21,6300000,0,user_29,344,359,
5360,22,6300000,0,user_43,344,359,
5347,20,6300000,5630,user_27,344,359,
4737,18,6300000,0,user_29,340,359,
4806,17,6300000,0,user_37,341,359,
5153,19,6300000,0,user_42,343,359,
5594,15,6300000,0,user_31,345,359,
5841,16,6300000,0,user_29,346,359,
6641,24,6100000,0,user_37,349,359,
4743,28,6100000,0,user_36,340,359,
5863,26,6100000,0,user_45,346,359,
5842,27,6100000,0,user_30,346,359,
6647,25,6100000,0,user_41,349,359,
5364,34,5200000,0,user_46,344,359,
5352,33,5200000,0,user_34,344,359,
4924,32,5200000,0,user_27,342,359,
4948,31,5200000,0,user_48,342,359,
5593,30,5200000,21800,user_30,345,359,
5369,40,5000000,0,user_48,344,359,
5143,39,5000000,0,user_31,343,359,
4724,38,5000000,0,user_16,340,359,
7505,48,4500000,0,user_27,352,359,
7209,44,4500000,32900,user_45,351,359,
6378,47,4500000,0,user_40,348,359,
6119,46,4500000,0,user_38,347,359,
5614,45,4500000,0,user_48,345,359,
6649,43,4500000,256000,user_42,349,359,
4949,52,4200000,0,user_49,342,359,
4757,51,4200000,0,user_49,340,359,
5853,50,4200000,46500,user_37,346,359,
4927,57,3600000,75000,user_30,342,359,
6644,55,3600000,0,user_40,349,359,
6634,54,3600000,256000,user_31,349,359,
6916,56,3600000,0,user_47,350,359,
5110,59,3500001,0,user_1,343,359,4944
5125,60,3500001,0,user_12,343,359,4944
5138,61,3500001,0,user_26,343,359,4944
4944,65,3500000,161000,user_47,342,359,
6918,64,3500000,410000,user_47,350,359,
5111,66,3499999,0,user_2,343,359,4944
5317,73,3499999,0,user_8,344,359,4944
5128,67,3499999,0,user_13,343,359,4944
5133,71,3499999,0,user_18,343,359,4944
5129,69,3499999,0,user_15,343,359,4944
5130,70,3499999,0,user_15,343,359,4944
5321,72,3499999,0,user_9,344,359,4944
5117,68,3499999,0,user_6,343,359,4944
7517,78,3200000,0,user_44,352,359,
6376,77,3200000,0,user_39,348,359,
7208,81,2600000,0,user_44,351,359,
5362,82,2600000,0,user_44,344,359,
7843,84,2500000,0,user_45,353,359,
6127,88,2500000,0,user_46,347,359,
6118,86,2500000,0,user_37,347,359,
6631,85,2500000,0,user_28,349,359,
4947,87,2500000,0,user_47,342,359,
7201,92,2300000,0,user_36,351,359,
5154,91,2300000,0,user_42,343,359,
5140,96,2100000,11200,user_27,343,359,
7830,93,2100000,0,user_33,353,359,
5336,89,2000001,0,user_16,344,357,4770
5544,95,2000001,0,user_1,345,358,4770
5113,91,2000001,0,user_4,343,357,4770
5118,92,2000001,0,user_7,343,357,4770
5132,93,2000001,0,user_17,343,357,4770
5568,98,2000001,0,user_12,345,359,4770
5579,99,2000001,0,user_19,345,359,4770
5582,99,2000001,0,user_20,345,358,4770
4779,97,2000001,0,user_12,341,357,4770
5114,98,2000001,0,user_6,343,357,4770
5586,97,2000001,0,user_25,345,358,4770
5587,98,2000001,0,user_26,345,358,4770
5823,95,2000001,0,user_8,346,356,4770
7202,98,2000000,0,user_36,351,356,
6386,89,2000000,0,user_47,348,354,
6368,90,2000000,0,user_34,348,354,
5156,99,2000000,0,user_44,343,356,
4723,93,2000000,0,user_16,340,354,
4736,92,2000000,0,user_28,340,354,
4740,94,2000000,0,user_34,340,354,
4770,99,2000000,350000,user_0,341,355,
4800,98,2000000,0,user_32,341,355,
4803,96,2000000,0,user_36,341,354,
5858,97,2000000,0,user_40,346,355,
6657,95,2000000,0,user_48,349,355,
6637,96,2000000,0,user_34,349,355,
5135,93,1999999,0,user_23,343,353,4770
5570,94,1999999,0,user_13,345,353,4770
5543,95,1999999,0,user_0,345,353,4770
5580,96,1999999,0,user_19,345,353,4770
5581,97,1999999,0,user_19,345,353,4770
5116,98,1999999,0,user_6,343,353,4770
5555,99,1999999,0,user_6,345,353,4770
6645,1,43000000,0,user_40,349,359,
6125,2,43000000,0,user_44,347,359,
8173,3,30000000,0,user_44,354,359,
6372,9,27000000,0,user_37,348,359,
4931,8,27000000,0,user_33,342,359,
6107,7,27000000,0,user_28,347,359,
8155,6,27000000,0,user_27,354,359,
6914,12,19000000,0,user_44,350,359,
4726,13,19000000,0,user_19,340,359,
5594,15,6300000,0,user_31,345,359,
5349,21,6300000,0,user_29,344,359,
5360,22,6300000,0,user_43,344,359,
4737,18,6300000,0,user_29,340,359,
4806,17,6300000,0,user_37,341,359,
5153,19,6300000,0,user_42,343,359,
5347,20,6300000,5630,user_27,344,359,
5841,16,6300000,0,user_29,346,359,
6641,24,6100000,0,user_37,349,359,
6647,25,6100000,0,user_41,349,359,
5863,26,6100000,0,user_45,346,359,
4743,28,6100000,0,user_36,340,359,
5842,27,6100000,0,user_30,346,359,
5593,30,5200000,21800,user_30,345,359,
5364,34,5200000,0,user_46,344,359,
5352,33,5200000,0,user_34,344,359,
4948,31,5200000,0,user_48,342,359,
4924,32,5200000,0,user_27,342,359,
7835,37,5000000,0,user_38,353,359,
5369,40,5000000,0,user_48,344,359,
4724,38,5000000,0,user_16,340,359,
5143,39,5000000,0,user_31,343,359,
8156,41,4500000,510000,user_28,354,359,
8167,42,4500000,215000,user_37,354,359,
6119,46,4500000,0,user_38,347,359,
6378,47,4500000,0,user_40,348,359,
6649,43,4500000,256000,user_42,349,359,
5614,45,4500000,0,user_48,345,359,
7209,44,4500000,32900,user_45,351,359,
7505,48,4500000,0,user_27,352,359,
5853,50,4200000,46500,user_37,346,359,
4757,51,4200000,0,user_49,340,359,
4949,52,4200000,0,user_49,342,359,
6644,55,3600000,0,user_40,349,359,
6634,54,3600000,256000,user_31,349,359,
4927,57,3600000,75000,user_30,342,359,
6916,56,3600000,0,user_47,350,359,
5110,59,3500001,0,user_1,343,359,4944
5125,60,3500001,0,user_12,343,359,4944
5138,61,3500001,0,user_26,343,359,4944
7836,63,3500000,0,user_38,353,359,
4944,65,3500000,161000,user_47,342,359,
6918,64,3500000,410000,user_47,350,359,
5317,73,3499999,0,user_8,344,359,4944
5321,72,3499999,0,user_9,344,359,4944
5111,66,3499999,0,user_2,343,359,4944
5129,69,3499999,0,user_15,343,359,4944
5130,70,3499999,0,user_15,343,359,4944
5128,67,3499999,0,user_13,343,359,4944
5133,71,3499999,0,user_18,343,359,4944
5117,68,3499999,0,user_6,343,359,4944
7828,76,3200000,0,user_31,353,359,
7837,74,3200000,0,user_38,353,359,
6376,77,3200000,0,user_39,348,359,
7517,78,3200000,0,user_44,352,359,
5362,82,2600000,0,user_44,344,359,
7208,81,2600000,0,user_44,351,359,
7843,84,2500000,0,user_45,353,359,
6631,85,2500000,0,user_28,349,359,
6118,86,2500000,0,user_37,347,359,
6127,88,2500000,0,user_46,347,359,
4947,87,2500000,0,user_47,342,359,
5154,91,2300000,0,user_42,343,359,
7201,92,2300000,0,user_36,351,359,
7830,93,2100000,0,user_33,353,359,
5140,96,2100000,11200,user_27,343,359,
5544,95,2000001,0,user_1,345,358,4770
5568,98,2000001,0,user_12,345,359,4770
5586,97,2000001,0,user_25,345,358,4770
5587,98,2000001,0,user_26,345,358,4770
5582,99,2000001,0,user_20,345,358,4770
5336,89,2000001,0,user_16,344,357,4770
5579,99,2000001,0,user_19,345,359,4770
4779,97,2000001,0,user_12,341,357,4770
5113,91,2000001,0,user_4,343,357,4770
5118,92,2000001,0,user_7,343,357,4770
5132,93,2000001,0,user_17,343,357,4770
5114,98,2000001,0,user_6,343,357,4770
5823,95,2000001,0,user_8,346,356,4770
6657,95,2000000,0,user_48,349,355,
6386,89,2000000,0,user_47,348,354,
6368,90,2000000,0,user_34,348,354,
6637,96,2000000,0,user_34,349,355,
4736,92,2000000,0,user_28,340,354,
4723,93,2000000,0,user_16,340,354,
4740,94,2000000,0,user_34,340,354,
4770,99,2000000,350000,user_0,341,355,
4803,96,2000000,0,user_36,341,354,
4800,98,2000000,0,user_32,341,355,
5156,99,2000000,0,user_44,343,356,
5858,97,2000000,0,user_40,346,355,
6645,1,43000000,0,user_40,349,359,
6125,2,43000000,0,user_44,347,359,
8173,3,30000000,0,user_44,354,359,
8155,6,27000000,0,user_27,354,359,
6107,7,27000000,0,user_28,347,359,
4931,8,27000000,0,user_33,342,359,
6372,9,27000000,0,user_37,348,359,
6914,12,19000000,0,user_44,350,359,
4726,13,19000000,0,user_19,340,359,
5594,15,6300000,0,user_31,345,359,
5841,16,6300000,0,user_29,346,359,
4806,17,6300000,0,user_37,341,359,
4737,18,6300000,0,user_29,340,359,
5153,19,6300000,0,user_42,343,359,
5347,20,6300000,5630,user_27,344,359,
5349,21,6300000,0,user_29,344,359,
5360,22,6300000,0,user_43,344,359,
6641,24,6100000,0,user_37,349,359,
6647,25,6100000,0,user_41,349,359,
5863,26,6100000,0,user_45,346,359,
5842,27,6100000,0,user_30,346,359,
4743,28,6100000,0,user_36,340,359,
5593,30,5200000,21800,user_30,345,359,
4948,31,5200000,0,user_48,342,359,
4924,32,5200000,0,user_27,342,359,
5352,33,5200000,0,user_34,344,359,
5364,34,5200000,0,user_46,344,359,
7835,37,5000000,0,user_38,353,359,
4724,38,5000000,0,user_16,340,359,
5143,39,5000000,0,user_31,343,359,
5369,40,5000000,0,user_48,344,359,
8156,41,4500000,510000,user_28,354,359,
8167,42,4500000,215000,user_37,354,359,
6649,43,4500000,256000,user_42,349,359,
7209,44,4500000,32900,user_45,351,359,
5614,45,4500000,0,user_48,345,359,
6119,46,4500000,0,user_38,347,359,
6378,47,4500000,0,user_40,348,359,
7505,48,4500000,0,user_27,352,359,
5853,50,4200000,46500,user_37,346,359,
4757,51,4200000,0,user_49,340,359,
4949,52,4200000,0,user_49,342,359,
8540,53,4200000,0,user_48,355,359,
6634,54,3600000,256000,user_31,349,359,
6644,55,3600000,0,user_40,349,359,
6916,56,3600000,0,user_47,350,359,
4927,57,3600000,75000,user_30,342,359,
5110,59,3500001,0,user_1,343,359,4944
5125,60,3500001,0,user_12,343,359,4944
5138,61,3500001,0,user_26,343,359,4944
7836,63,3500000,0,user_38,353,359,
6918,64,3500000,410000,user_47,350,359,
4944,65,3500000,161000,user_47,342,359,
5111,66,3499999,0,user_2,343,359,4944
5128,67,3499999,0,user_13,343,359,4944
5117,68,3499999,0,user_6,343,359,4944
5129,69,3499999,0,user_15,343,359,4944
5130,70,3499999,0,user_15,343,359,4944
5133,71,3499999,0,user_18,343,359,4944
5321,72,3499999,0,user_9,344,359,4944
5317,73,3499999,0,user_8,344,359,4944
7837,74,3200000,0,user_38,353,359,
8159,75,3200000,0,user_31,354,359,
7828,76,3200000,0,user_31,353,359,
6376,77,3200000,0,user_39,348,359,
7517,78,3200000,0,user_44,352,359,
7208,81,2600000,0,user_44,351,359,
5362,82,2600000,0,user_44,344,359,
7843,84,2500000,0,user_45,353,359,
6631,85,2500000,0,user_28,349,359,
6118,86,2500000,0,user_37,347,359,
4947,87,2500000,0,user_47,342,359,
6127,88,2500000,0,user_46,347,359,
8542,90,2400000,0,user_48,355,359,
5154,91,2300000,0,user_42,343,359,
7201,92,2300000,0,user_36,351,359,
7830,93,2100000,0,user_33,353,359,
8163,94,2100000,769000,user_35,354,359,
8534,95,2100000,0,user_45,355,359,
5140,96,2100000,11200,user_27,343,359,
8541,97,2100000,0,user_48,355,359,
5568,98,2000001,0,user_12,345,359,4770
5579,99,2000001,0,user_19,345,359,4770
5582,99,2000001,0,user_20,345,358,4770
5586,97,2000001,0,user_25,345,358,4770
5587,98,2000001,0,user_26,345,358,4770
5823,95,2000001,0,user_8,346,356,4770
4779,97,2000001,0,user_12,341,357,4770
5113,91,2000001,0,user_4,343,357,4770
5114,98,2000001,0,user_6,343,357,4770
5118,92,2000001,0,user_7,343,357,4770
5132,93,2000001,0,user_17,343,357,4770
5336,89,2000001,0,user_16,344,357,4770
5544,95,2000001,0,user_1,345,358,4770
8532,96,2000000,0,user_44,355,356,
6657,95,2000000,0,user_48,349,355,
6637,96,2000000,0,user_34,349,355,
5858,97,2000000,0,user_40,346,355,
4800,98,2000000,0,user_32,341,355,
4770,99,2000000,350000,user_0,341,355,
6125,2,43000000,0,user_44,347,359,
6645,1,43000000,0,user_40,349,359,
8173,3,30000000,0,user_44,354,359,
6107,7,27000000,0,user_28,347,359,
6372,9,27000000,0,user_37,348,359,
4931,8,27000000,0,user_33,342,359,
8155,6,27000000,0,user_27,354,359,
4726,13,19000000,0,user_19,340,359,
6914,12,19000000,0,user_44,350,359,
5153,19,6300000,0,user_42,343,359,
4806,17,6300000,0,user_37,341,359,
4737,18,6300000,0,user_29,340,359,
5349,21,6300000,0,user_29,344,359,
5360,22,6300000,0,user_43,344,359,
5347,20,6300000,5630,user_27,344,359,
5594,15,6300000,0,user_31,345,359,
5841,16,6300000,0,user_29,346,359,
8908,23,6300000,594000,user_34,356,359,
4743,28,6100000,0,user_36,340,359,
5842,27,6100000,0,user_30,346,359,
5863,26,6100000,0,user_45,346,359,
6641,24,6100000,0,user_37,349,359,
6647,25,6100000,0,user_41,349,359,
8917,29,6100000,0,user_42,356,359,
4924,32,5200000,0,user_27,342,359,
4948,31,5200000,0,user_48,342,359,
5364,34,5200000,0,user_46,344,359,
5352,33,5200000,0,user_34,344,359,
5593,30,5200000,21800,user_30,345,359,
5143,39,5000000,0,user_31,343,359,
4724,38,5000000,0,user_16,340,359,
5369,40,5000000,0,user_48,344,359,
7835,37,5000000,0,user_38,353,359,
7209,44,4500000,32900,user_45,351,359,
6119,46,4500000,0,user_38,347,359,
5614,45,4500000,0,user_48,345,359,
6378,47,4500000,0,user_40,348,359,
6649,43,4500000,256000,user_42,349,359,
7505,48,4500000,0,user_27,352,359,
8167,42,4500000,215000,user_37,354,359,
8156,41,4500000,510000,user_28,354,359,
8540,53,4200000,0,user_48,355,359,
4949,52,4200000,0,user_49,342,359,
4757,51,4200000,0,user_49,340,359,
5853,50,4200000,46500,user_37,346,359,
4927,57,3600000,75000,user_30,342,359,
6634,54,3600000,256000,user_31,349,359,
6644,55,3600000,0,user_40,349,359,
6916,56,3600000,0,user_47,350,359,
5125,60,3500001,0,user_12,343,359,4944
5138,61,3500001,0,user_26,343,359,4944
5110,59,3500001,0,user_1,343,359,4944
4944,65,3500000,161000,user_47,342,359,
6918,64,3500000,410000,user_47,350,359,
7836,63,3500000,0,user_38,353,359,
5128,67,3499999,0,user_13,343,359,4944
5117,68,3499999,0,user_6,343,359,4944
5129,69,3499999,0,user_15,343,359,4944
5130,70,3499999,0,user_15,343,359,4944
5133,71,3499999,0,user_18,343,359,4944
5111,66,3499999,0,user_2,343,359,4944
5317,73,3499999,0,user_8,344,359,4944
5321,72,3499999,0,user_9,344,359,4944
7517,78,3200000,0,user_44,352,359,
6376,77,3200000,0,user_39,348,359,
7828,76,3200000,0,user_31,353,359,
7837,74,3200000,0,user_38,353,359,
8159,75,3200000,0,user_31,354,359,
7208,81,2600000,0,user_44,351,359,
5362,82,2600000,0,user_44,344,359,
6127,88,2500000,0,user_46,347,359,
6118,86,2500000,0,user_37,347,359,
4947,87,2500000,0,user_47,342,359,
6631,85,2500000,0,user_28,349,359,
7843,84,2500000,0,user_45,353,359,
8542,90,2400000,0,user_48,355,359,
7201,92,2300000,0,user_36,351,359,
5154,91,2300000,0,user_42,343,359,
8163,94,2100000,769000,user_35,354,359,
8541,97,2100000,0,user_48,355,359,
8534,95,2100000,0,user_45,355,359,
5140,96,2100000,11200,user_27,343,359,
7830,93,2100000,0,user_33,353,359,
5113,91,2000001,0,user_4,343,357,4770
5114,98,2000001,0,user_6,343,357,4770
5118,92,2000001,0,user_7,343,357,4770
5132,93,2000001,0,user_17,343,357,4770
4779,97,2000001,0,user_12,341,357,4770
5336,89,2000001,0,user_16,344,357,4770
5544,95,2000001,0,user_1,345,358,4770
5568,98,2000001,0,user_12,345,359,4770
5582,99,2000001,0,user_20,345,358,4770
5579,99,2000001,0,user_19,345,359,4770
5586,97,2000001,0,user_25,345,358,4770
5587,98,2000001,0,user_26,345,358,4770
5823,95,2000001,0,user_8,346,356,4770
8532,96,2000000,0,user_44,355,356,
8520,97,2000000,0,user_29,355,356,
7202,98,2000000,0,user_36,351,356,
5156,99,2000000,0,user_44,343,356,
9304,0,43000000,410000,user_45,357,359,
6125,2,43000000,0,user_44,347,359,
6645,1,43000000,0,user_40,349,359,
8173,3,30000000,0,user_44,354,359,
9302,4,27000000,0,user_44,357,359,
9305,5,27000000,0,user_45,357,359,
6372,9,27000000,0,user_37,348,359,
6107,7,27000000,0,user_28,347,359,
4931,8,27000000,0,user_33,342,359,
8155,6,27000000,0,user_27,354,359,
4726,13,19000000,0,user_19,340,359,
6914,12,19000000,0,user_44,350,359,
8908,23,6300000,594000,user_34,356,359,
5349,21,6300000,0,user_29,344,359,
5360,22,6300000,0,user_43,344,359,
5347,20,6300000,5630,user_27,344,359,
4737,18,6300000,0,user_29,340,359,
4806,17,6300000,0,user_37,341,359,
5153,19,6300000,0,user_42,343,359,
5594,15,6300000,0,user_31,345,359,
5841,16,6300000,0,user_29,346,359,
8917,29,6100000,0,user_42,356,359,
6641,24,6100000,0,user_37,349,359,
4743,28,6100000,0,user_36,340,359,
5863,26,6100000,0,user_45,346,359,
5842,27,6100000,0,user_30,346,359,
6647,25,6100000,0,user_41,349,359,
5364,34,5200000,0,user_46,344,359,
5352,33,5200000,0,user_34,344,359,
4924,32,5200000,0,user_27,342,359,
4948,31,5200000,0,user_48,342,359,
5593,30,5200000,21800,user_30,345,359,
7835,37,5000000,0,user_38,353,359,
5369,40,5000000,0,user_48,344,359,
5143,39,5000000,0,user_31,343,359,
4724,38,5000000,0,user_16,340,359,
9288,35,5000000,0,user_33,357,359,
8156,41,4500000,510000,user_28,354,359,
8167,42,4500000,215000,user_37,354,359,
7505,48,4500000,0,user_27,352,359,
7209,44,4500000,32900,user_45,351,359,
6378,47,4500000,0,user_40,348,359,
6119,46,4500000,0,user_38,347,359,
5614,45,4500000,0,user_48,345,359,
6649,43,4500000,256000,user_42,349,359,
8540,53,4200000,0,user_48,355,359,
4949,52,4200000,0,user_49,342,359,
4757,51,4200000,0,user_49,340,359,
5853,50,4200000,46500,user_37,346,359,
4927,57,3600000,75000,user_30,342,359,
6644,55,3600000,0,user_40,349,359,
6634,54,3600000,256000,user_31,349,359,
6916,56,3600000,0,user_47,350,359,
5110,59,3500001,0,user_1,343,359,4944
5125,60,3500001,0,user_12,343,359,4944
5138,61,3500001,0,user_26,343,359,4944
7836,63,3500000,0,user_38,353,359,
4944,65,3500000,161000,user_47,342,359,
6918,64,3500000,410000,user_47,350,359,
5111,66,3499999,0,user_2,343,359,4944
5317,73,3499999,0,user_8,344,359,4944
5128,67,3499999,0,user_13,343,359,4944
5133,71,3499999,0,user_18,343,359,4944
5129,69,3499999,0,user_15,343,359,4944
5130,70,3499999,0,user_15,343,359,4944
5321,72,3499999,0,user_9,344,359,4944
5117,68,3499999,0,user_6,343,359,4944
7828,76,3200000,0,user_31,353,359,
7837,74,3200000,0,user_38,353,359,
8159,75,3200000,0,user_31,354,359,
7517,78,3200000,0,user_44,352,359,
6376,77,3200000,0,user_39,348,359,
7208,81,2600000,0,user_44,351,359,
5362,82,2600000,0,user_44,344,359,
9300,80,2600000,71800,user_41,357,359,
7843,84,2500000,0,user_45,353,359,
6127,88,2500000,0,user_46,347,359,
6118,86,2500000,0,user_37,347,359,
6631,85,2500000,0,user_28,349,359,
4947,87,2500000,0,user_47,342,359,
8542,90,2400000,0,user_48,355,359,
8905,89,2400000,0,user_31,356,359,
7201,92,2300000,0,user_36,351,359,
5154,91,2300000,0,user_42,343,359,
7830,93,2100000,0,user_33,353,359,
8163,94,2100000,769000,user_35,354,359,
8541,97,2100000,0,user_48,355,359,
8534,95,2100000,0,user_45,355,359,
5140,96,2100000,11200,user_27,343,359,
5336,89,2000001,0,user_16,344,357,4770
5544,95,2000001,0,user_1,345,358,4770
5113,91,2000001,0,user_4,343,357,4770
5118,92,2000001,0,user_7,343,357,4770
5132,93,2000001,0,user_17,343,357,4770
5568,98,2000001,0,user_12,345,359,4770
5579,99,2000001,0,user_19,345,359,4770
5582,99,2000001,0,user_20,345,358,4770
4779,97,2000001,0,user_12,341,357,4770
5114,98,2000001,0,user_6,343,357,4770
5586,97,2000001,0,user_25,345,358,4770
6645,1,43000000,0,user_40,349,359,
6125,2,43000000,0,user_44,347,359,
9304,0,43000000,410000,user_45,357,359,
8173,3,30000000,0,user_44,354,359,
6372,9,27000000,0,user_37,348,359,
4931,8,27000000,0,user_33,342,359,
6107,7,27000000,0,user_28,347,359,
8155,6,27000000,0,user_27,354,359,
9305,5,27000000,0,user_45,357,359,
9302,4,27000000,0,user_44,357,359,
9691,10,19000000,0,user_44,358,359,
6914,12,19000000,0,user_44,350,359,
4726,13,19000000,0,user_19,340,359,
9697,11,19000000,0,user_47,358,359,
5594,15,6300000,0,user_31,345,359,
5349,21,6300000,0,user_29,344,359,
5360,22,6300000,0,user_43,344,359,
4737,18,6300000,0,user_29,340,359,
4806,17,6300000,0,user_37,341,359,
5153,19,6300000,0,user_42,343,359,
5347,20,6300000,5630,user_27,344,359,
5841,16,6300000,0,user_29,346,359,
8908,23,6300000,594000,user_34,356,359,
6641,24,6100000,0,user_37,349,359,
6647,25,6100000,0,user_41,349,359,
5863,26,6100000,0,user_45,346,359,
4743,28,6100000,0,user_36,340,359,
5842,27,6100000,0,user_30,346,359,
8917,29,6100000,0,user_42,356,359,
5593,30,5200000,21800,user_30,345,359,
5364,34,5200000,0,user_46,344,359,
5352,33,5200000,0,user_34,344,359,
4948,31,5200000,0,user_48,342,359,
4924,32,5200000,0,user_27,342,359,
7835,37,5000000,0,user_38,353,359,
5369,40,5000000,0,user_48,344,359,
4724,38,5000000,0,user_16,340,359,
5143,39,5000000,0,user_31,343,359,
9288,35,5000000,0,user_33,357,359,
9676,36,5000000,0,user_29,358,359,
8156,41,4500000,510000,user_28,354,359,
8167,42,4500000,215000,user_37,354,359,
6119,46,4500000,0,user_38,347,359,
6378,47,4500000,0,user_40,348,359,
6649,43,4500000,256000,user_42,349,359,
5614,45,4500000,0,user_48,345,359,
7209,44,4500000,32900,user_45,351,359,
7505,48,4500000,0,user_27,352,359,
9693,49,4200000,0,user_44,358,359,
5853,50,4200000,46500,user_37,346,359,
4757,51,4200000,0,user_49,340,359,
4949,52,4200000,0,user_49,342,359,
8540,53,4200000,0,user_48,355,359,
6644,55,3600000,0,user_40,349,359,
6634,54,3600000,256000,user_31,349,359,
4927,57,3600000,75000,user_30,342,359,
6916,56,3600000,0,user_47,350,359,
5110,59,3500001,0,user_1,343,359,4944
5125,60,3500001,0,user_12,343,359,4944
5138,61,3500001,0,user_26,343,359,4944
7836,63,3500000,0,user_38,353,359,
4944,65,3500000,161000,user_47,342,359,
6918,64,3500000,410000,user_47,350,359,
9701,62,3500000,0,user_48,358,359,
5317,73,3499999,0,user_8,344,359,4944
5321,72,3499999,0,user_9,344,359,4944
5111,66,3499999,0,user_2,343,359,4944
5129,69,3499999,0,user_15,343,359,4944
5130,70,3499999,0,user_15,343,359,4944
5128,67,3499999,0,user_13,343,359,4944
5133,71,3499999,0,user_18,343,359,4944
5117,68,3499999,0,user_6,343,359,4944
7828,76,3200000,0,user_31,353,359,
7837,74,3200000,0,user_38,353,359,
6376,77,3200000,0,user_39,348,359,
7517,78,3200000,0,user_44,352,359,
8159,75,3200000,0,user_31,354,359,
5362,82,2600000,0,user_44,344,359,
7208,81,2600000,0,user_44,351,359,
9300,80,2600000,71800,user_41,357,359,
7843,84,2500000,0,user_45,353,359,
6631,85,2500000,0,user_28,349,359,
6118,86,2500000,0,user_37,347,359,
6127,88,2500000,0,user_46,347,359,
4947,87,2500000,0,user_47,342,359,
9681,83,2500000,0,user_34,358,359,
8542,90,2400000,0,user_48,355,359,
8905,89,2400000,0,user_31,356,359,
5154,91,2300000,0,user_42,343,359,
7201,92,2300000,0,user_36,351,359,
7830,93,2100000,0,user_33,353,359,
5140,96,2100000,11200,user_27,343,359,
8163,94,2100000,769000,user_35,354,359,
8534,95,2100000,0,user_45,355,359,
8541,97,2100000,0,user_48,355,359,
5544,95,2000001,0,user_1,345,358,4770
5568,98,2000001,0,user_12,345,359,4770
5586,97,2000001,0,user_25,345,358,4770
5587,98,2000001,0,user_26,345,358,4770
5582,99,2000001,0,user_20,345,358,4770
9304,0,43000000,410000,user_45,357,359,
6645,1,43000000,0,user_40,349,359,
6125,2,43000000,0,user_44,347,359,
8173,3,30000000,0,user_44,354,359,
9302,4,27000000,0,user_44,357,359,
9305,5,27000000,0,user_45,357,359,
8155,6,27000000,0,user_27,354,359,
6107,7,27000000,0,user_28,347,359,
4931,8,27000000,0,user_33,342,359,
6372,9,27000000,0,user_37,348,359,
9691,10,19000000,0,user_44,358,359,
9697,11,19000000,0,user_47,358,359,
6914,12,19000000,0,user_44,350,359,
4726,13,19000000,0,user_19,340,359,
10103,14,19000000,0,user_48,359,359,
5594,15,6300000,0,user_31,345,359,
5841,16,6300000,0,user_29,346,359,
4806,17,6300000,0,user_37,341,359,
4737,18,6300000,0,user_29,340,359,
5153,19,6300000,0,user_42,343,359,
5347,20,6300000,5630,user_27,344,359,
5349,21,6300000,0,user_29,344,359,
5360,22,6300000,0,user_43,344,359,
8908,23,6300000,594000,user_34,356,359,
6641,24,6100000,0,user_37,349,359,
6647,25,6100000,0,user_41,349,359,
5863,26,6100000,0,user_45,346,359,
5842,27,6100000,0,user_30,346,359,
4743,28,6100000,0,user_36,340,359,
8917,29,6100000,0,user_42,356,359,
5593,30,5200000,21800,user_30,345,359,
4948,31,5200000,0,user_48,342,359,
4924,32,5200000,0,user_27,342,359,
5352,33,5200000,0,user_34,344,359,
5364,34,5200000,0,user_46,344,359,
9288,35,5000000,0,user_33,357,359,
9676,36,5000000,0,user_29,358,359,
7835,37,5000000,0,user_38,353,359,
4724,38,5000000,0,user_16,340,359,
5143,39,5000000,0,user_31,343,359,
5369,40,5000000,0,user_48,344,359,
8156,41,4500000,510000,user_28,354,359,
8167,42,4500000,215000,user_37,354,359,
6649,43,4500000,256000,user_42,349,359,
7209,44,4500000,32900,user_45,351,359,
5614,45,4500000,0,user_48,345,359,
6119,46,4500000,0,user_38,347,359,
6378,47,4500000,0,user_40,348,359,
7505,48,4500000,0,user_27,352,359,
9693,49,4200000,0,user_44,358,359,
5853,50,4200000,46500,user_37,346,359,
4757,51,4200000,0,user_49,340,359,
4949,52,4200000,0,user_49,342,359,
8540,53,4200000,0,user_48,355,359,
6634,54,3600000,256000,user_31,349,359,
6644,55,3600000,0,user_40,349,359,
6916,56,3600000,0,user_47,350,359,
4927,57,3600000,75000,user_30,342,359,
10092,58,3600000,0,user_34,359,359,
5110,59,3500001,0,user_1,343,359,4944
5125,60,3500001,0,user_12,343,359,4944
5138,61,3500001,0,user_26,343,359,4944
9701,62,3500000,0,user_48,358,359,
7836,63,3500000,0,user_38,353,359,
6918,64,3500000,410000,user_47,350,359,
4944,65,3500000,161000,user_47,342,359,
5111,66,3499999,0,user_2,343,359,4944
5128,67,3499999,0,user_13,343,359,4944
5117,68,3499999,0,user_6,343,359,4944
5129,69,3499999,0,user_15,343,359,4944
5130,70,3499999,0,user_15,343,359,4944
5133,71,3499999,0,user_18,343,359,4944
5321,72,3499999,0,user_9,344,359,4944
5317,73,3499999,0,user_8,344,359,4944
7837,74,3200000,0,user_38,353,359,
8159,75,3200000,0,user_31,354,359,
7828,76,3200000,0,user_31,353,359,
6376,77,3200000,0,user_39,348,359,
7517,78,3200000,0,user_44,352,359,
10096,79,3200000,0,user_39,359,359,
9300,80,2600000,71800,user_41,357,359,
7208,81,2600000,0,user_44,351,359,
5362,82,2600000,0,user_44,344,359,
9681,83,2500000,0,user_34,358,359,
7843,84,2500000,0,user_45,353,359,
6631,85,2500000,0,user_28,349,359,
6118,86,2500000,0,user_37,347,359,
4947,87,2500000,0,user_47,342,359,
6127,88,2500000,0,user_46,347,359,
8905,89,2400000,0,user_31,356,359,
8542,90,2400000,0,user_48,355,359,
5154,91,2300000,0,user_42,343,359,
7201,92,2300000,0,user_36,351,359,
7830,93,2100000,0,user_33,353,359,
8163,94,2100000,769000,user_35,354,359,
8534,95,2100000,0,user_45,355,359,
5140,96,2100000,11200,user_27,343,359,
8541,97,2100000,0,user_48,355,359,
5568,98,2000001,0,user_12,345,359,4770
5579,99,2000001,0,user_19,345,359,4770
4726,13,19000000,0,user_19,360,379,
4737,18,6300000,0,user_29,360,379,
4743,28,6100000,0,user_36,360,379,
4724,38,5000000,0,user_16,360,379,
4736,92,2000000,0,user_28,360,374,
4723,93,2000000,0,user_16,360,374,
4740,94,2000000,0,user_34,360,374,
4734,97,1900000,0,user_24,360,370,
4731,97,1700000,0,user_23,360,369,
4735,94,1500000,128000,user_27,360,367,
4730,94,1400000,0,user_23,360,365,
4732,95,1400000,0,user_23,360,365,
4749,96,1400000,0,user_42,360,365,
4713,99,1300000,0,user_4,360,365,
4753,84,1000000,0,user_44,360,364,
4751,83,1000000,0,user_42,360,364,
4714,74,670000,0,user_6,360,363,
4715,78,530000,0,user_7,360,363,
4717,79,470000,0,user_9,360,363,
4752,85,350000,0,user_42,360,363,
4716,88,320000,0,user_8,360,363,
4722,90,310000,0,user_16,360,363,
4754,69,260000,0,user_45,360,362,
4755,68,260000,0,user_48,360,362,
4729,74,170000,0,user_23,360,362,
4725,77,160000,0,user_16,360,362,
4733,78,160000,0,user_24,360,362,
4745,84,120000,0,user_40,360,362,
4750,85,120000,0,user_42,360,362,
4747,65,110000,33300,user_41,360,361,
4718,72,100000,0,user_11,360,361,
4719,73,100000,0,user_11,360,361,
4721,75,82000,0,user_14,360,361,
4728,74,82000,0,user_23,360,361,
4746,76,82000,0,user_40,360,361,
4727,77,80000,0,user_20,360,361,
4748,80,73000,195000,user_42,360,361,
4720,37,70000,0,user_13,360,360,
4737,18,6300000,0,user_29,360,379,
4806,17,6300000,0,user_37,361,379,
4743,28,6100000,0,user_36,360,379,
4724,38,5000000,0,user_16,360,379,
4757,51,4200000,0,user_49,360,379,
4779,97,2000001,0,user_12,361,377,4770
4723,93,2000000,0,user_16,360,374,
4736,92,2000000,0,user_28,360,374,
4740,94,2000000,0,user_34,360,374,
4770,99,2000000,350000,user_0,361,375,
4800,98,2000000,0,user_32,361,375,
4803,96,2000000,0,user_36,361,374,
4734,97,1900000,0,user_24,360,370,
4731,97,1700000,0,user_23,360,369,
4780,98,1500001,0,user_14,361,368,4735
4793,99,1500001,0,user_22,361,368,4735
4735,94,1500000,128000,user_27,360,367,
4771,99,1499999,0,user_1,361,367,4735
4792,94,1499999,0,user_21,361,366,4735
4794,95,1499999,0,user_22,361,366,4735
4786,96,1499999,0,user_17,361,366,4735
4787,97,1499999,0,user_17,361,366,4735
4788,98,1499999,0,user_17,361,366,4735
4730,94,1400000,0,user_23,360,365,
4732,95,1400000,0,user_23,360,365,
4749,96,1400000,0,user_42,360,365,
4769,97,1400000,0,user_0,361,365,
4713,99,1300000,0,user_4,360,365,
4756,82,1100000,0,user_49,360,364,
4741,81,1100000,0,user_35,360,364,
4753,84,1000000,0,user_44,360,364,
4751,83,1000000,0,user_42,360,364,
4714,74,670000,0,user_6,360,363,
4715,78,530000,0,user_7,360,363,
4717,79,470000,0,user_9,360,363,
4809,81,460000,12300,user_44,361,363,
4739,84,370000,0,user_31,360,363,
4752,85,350000,0,user_42,360,363,
4744,86,340000,0,user_38,360,363,
4716,88,320000,0,user_8,360,363,
4722,90,310000,0,user_16,360,363,
4813,95,300000,71800,user_46,361,363,
4738,67,260000,0,user_31,360,362,
4755,68,260000,0,user_48,360,362,
4754,69,260000,0,user_45,360,362,
4804,70,260000,0,user_37,361,362,
4810,71,240000,0,user_45,361,362,
4799,72,220000,0,user_28,361,362,
4801,73,190000,0,user_33,361,362,
4729,74,170000,0,user_23,360,362,
4807,75,170000,0,user_40,361,362,
4725,77,160000,0,user_16,360,362,
4733,78,160000,0,user_24,360,362,
4811,79,160000,0,user_45,361,362,
4802,80,160000,0,user_33,361,362,
4798,81,160000,0,user_27,361,362,
4805,82,150000,0,user_37,361,362,
4745,84,120000,0,user_40,360,362,
4750,85,120000,0,user_42,360,362,
4812,86,120000,0,user_46,361,362,
4781,91,110001,0,user_14,361,362,4747
4782,93,110001,0,user_15,361,362,4747
4791,92,110001,0,user_21,361,362,4747
4784,94,110001,0,user_17,361,362,4747
4789,95,110001,0,user_18,361,362,4747
4747,65,110000,33300,user_41,360,361,
4742,66,110000,0,user_35,360,361,
4775,67,109999,0,user_6,361,361,4747
4796,68,109999,0,user_25,361,361,4747
4797,69,109999,0,user_26,361,361,4747
4785,70,109999,0,user_17,361,361,4747
4795,71,109999,0,user_24,361,361,4747
4718,72,100000,0,user_11,360,361,
4719,73,100000,0,user_11,360,361,
4728,74,82000,0,user_23,360,361,
4721,75,82000,0,user_14,360,361,
4746,76,82000,0,user_40,360,361,
4727,77,80000,0,user_20,360,361,
4790,78,73001,0,user_20,361,361,4748
4772,79,73001,0,user_3,361,361,4748
4748,80,73000,195000,user_42,360,361,
4774,81,72999,0,user_5,361,361,4748
4777,82,72999,0,user_10,361,361,4748
4773,83,72999,0,user_3,361,361,4748
4776,84,72999,0,user_6,361,361,4748
4778,85,72999,0,user_11,361,361,4748
4783,86,72999,0,user_16,361,361,4748
4931,8,27000000,0,user_33,362,379,
4726,13,19000000,0,user_19,360,379,
4737,18,6300000,0,user_29,360,379,
4806,17,6300000,0,user_37,361,379,
4743,28,6100000,0,user_36,360,379,
4948,31,5200000,0,user_48,362,379,
4924,32,5200000,0,user_27,362,379,
4724,38,5000000,0,user_16,360,379,
4757,51,4200000,0,user_49,360,379,
4927,57,3600000,75000,user_30,362,379,
4944,65,3500000,161000,user_47,362,379,
4947,87,2500000,0,user_47,362,379,
4779,97,2000001,0,user_12,361,377,4770
4736,92,2000000,0,user_28,360,374,
4723,93,2000000,0,user_16,360,374,
4740,94,2000000,0,user_34,360,374,
4770,99,2000000,350000,user_0,361,375,
4803,96,2000000,0,user_36,361,374,
4800,98,2000000,0,user_32,361,375,
4734,97,1900000,0,user_24,360,370,
4731,97,1700000,0,user_23,360,369,
4808,99,1600000,0,user_43,361,369,
4780,98,1500001,0,user_14,361,368,4735
4793,99,1500001,0,user_22,361,368,4735
4922,97,1500001,0,user_24,362,368,4735
4735,94,1500000,128000,user_27,360,367,
4771,99,1499999,0,user_1,361,367,4735
4792,94,1499999,0,user_21,361,366,4735
4794,95,1499999,0,user_22,361,366,4735
4786,96,1499999,0,user_17,361,366,4735
4787,97,1499999,0,user_17,361,366,4735
4788,98,1499999,0,user_17,361,366,4735
4895,99,1499999,0,user_2,362,366,4735
4912,98,1499999,0,user_21,362,367,4735
4730,94,1400000,0,user_23,360,365,
4732,95,1400000,0,user_23,360,365,
4749,96,1400000,0,user_42,360,365,
4769,97,1400000,0,user_0,361,365,
4932,92,1400000,0,user_33,362,365,
4713,99,1300000,0,user_4,360,365,
4756,82,1100000,0,user_49,360,364,
4741,81,1100000,0,user_35,360,364,
4753,84,1000000,0,user_44,360,364,
4751,83,1000000,0,user_42,360,364,
4714,74,670000,0,user_6,360,363,
4939,76,630000,0,user_39,362,363,
4935,77,600000,0,user_37,362,363,
4715,78,530000,0,user_7,360,363,
4717,79,470000,0,user_9,360,363,
4903,80,460001,0,user_11,362,363,4809
4809,81,460000,12300,user_44,361,363,
4902,83,459999,0,user_11,362,363,4809
4739,84,370000,0,user_31,360,363,
4752,85,350000,0,user_42,360,363,
4744,86,340000,0,user_38,360,363,
4716,88,320000,0,user_8,360,363,
4722,90,310000,0,user_16,360,363,
4925,89,310000,0,user_30,362,363,
4907,92,300001,0,user_14,362,363,4813
4921,93,300001,0,user_23,362,363,4813
4901,94,300001,0,user_9,362,363,4813
4813,95,300000,71800,user_46,361,363,
4896,96,299999,0,user_4,362,363,4813
4911,97,299999,0,user_20,362,363,4813
4899,99,299999,0,user_6,362,363,4813
4900,65,299999,0,user_6,362,362,4813
4915,98,299999,0,user_21,362,363,4813
4738,67,260000,0,user_31,360,362,
4755,68,260000,0,user_48,360,362,
4754,69,260000,0,user_45,360,362,
4804,70,260000,0,user_37,361,362,
4810,71,240000,0,user_45,361,362,
4799,72,220000,0,user_28,361,362,
4801,73,190000,0,user_33,361,362,
4729,74,170000,0,user_23,360,362,
4807,75,170000,0,user_40,361,362,
4943,76,170000,4320000,user_47,362,362,
4725,77,160000,0,user_16,360,362,
4733,78,160000,0,user_24,360,362,
4811,79,160000,0,user_45,361,362,
4802,80,160000,0,user_33,361,362,
4798,81,160000,0,user_27,361,362,
4805,82,150000,0,user_37,361,362,
4945,83,150000,0,user_47,362,362,
4745,84,120000,0,user_40,360,362,
4750,85,120000,0,user_42,360,362,
4812,86,120000,0,user_46,361,362,
4814,87,120000,0,user_49,361,362,
4938,88,120000,0,user_39,362,362,
4934,89,120000,0,user_36,362,362,
4946,90,120000,46500,user_47,362,362,
4781,91,110001,0,user_14,361,362,4747
4791,92,110001,0,user_21,361,362,4747
4782,93,110001,0,user_15,361,362,4747
4784,94,110001,0,user_17,361,362,4747
4789,95,110001,0,user_18,361,362,4747
4897,96,110001,0,user_5,362,362,4747
4898,97,110001,0,user_5,362,362,4747
4905,98,110001,0,user_12,362,362,4747
4908,99,110001,0,user_15,362,362,4747
4931,8,27000000,0,user_33,362,379,
4726,13,19000000,0,user_19,360,379,
4806,17,6300000,0,user_37,361,379,
4737,18,6300000,0,user_29,360,379,
5153,19,6300000,0,user_42,363,379,
4743,28,6100000,0,user_36,360,379,
4948,31,5200000,0,user_48,362,379,
4924,32,5200000,0,user_27,362,379,
4724,38,5000000,0,user_16,360,379,
4757,51,4200000,0,user_49,360,379,
4949,52,4200000,0,user_49,362,379,
4927,57,3600000,75000,user_30,362,379,
5110,59,3500001,0,user_1,363,379,4944
5125,60,3500001,0,user_12,363,379,4944
5138,61,3500001,0,user_26,363,379,4944
4944,65,3500000,161000,user_47,362,379,
5111,66,3499999,0,user_2,363,379,4944
5128,67,3499999,0,user_13,363,379,4944
5117,68,3499999,0,user_6,363,379,4944
5129,69,3499999,0,user_15,363,379,4944
5130,70,3499999,0,user_15,363,379,4944
5133,71,3499999,0,user_18,363,379,4944
4947,87,2500000,0,user_47,362,379,
5154,91,2300000,0,user_42,363,379,
5140,96,2100000,11200,user_27,363,379,
4779,97,2000001,0,user_12,361,377,4770
5113,91,2000001,0,user_4,363,377,4770
5114,98,2000001,0,user_6,363,377,4770
5118,92,2000001,0,user_7,363,377,4770
5132,93,2000001,0,user_17,363,377,4770
4800,98,2000000,0,user_32,361,375,
4770,99,2000000,350000,user_0,361,375,
4803,96,2000000,0,user_36,361,374,
5156,99,2000000,0,user_44,363,376,
4723,93,2000000,0,user_16,360,374,
4740,94,2000000,0,user_34,360,374,
4736,92,2000000,0,user_28,360,374,
5116,98,1999999,0,user_6,363,373,4770
5135,93,1999999,0,user_23,363,373,4770
4734,97,1900000,0,user_24,360,370,
4731,97,1700000,0,user_23,360,369,
4808,99,1600000,0,user_43,361,369,
4922,97,1500001,0,user_24,362,368,4735
4780,98,1500001,0,user_14,361,368,4735
4793,99,1500001,0,user_22,361,368,4735
5119,95,1500001,0,user_7,363,368,4735
5124,94,1500001,0,user_12,363,368,4735
5136,96,1500001,0,user_24,363,368,4735
4735,94,1500000,128000,user_27,360,367,
5145,95,1500000,0,user_34,363,367,
5142,96,1500000,0,user_30,363,367,
4912,98,1499999,0,user_21,362,367,4735
4771,99,1499999,0,user_1,361,367,4735
4786,96,1499999,0,user_17,361,366,4735
4787,97,1499999,0,user_17,361,366,4735
4788,98,1499999,0,user_17,361,366,4735
4794,95,1499999,0,user_22,361,366,4735
4792,94,1499999,0,user_21,361,366,4735
4895,99,1499999,0,user_2,362,366,4735
5134,84,1499999,0,user_21,363,365,4735
5137,85,1499999,0,user_25,363,365,4735
4932,92,1400000,0,user_33,362,365,
4769,97,1400000,0,user_0,361,365,
4730,94,1400000,0,user_23,360,365,
4732,95,1400000,0,user_23,360,365,
4749,96,1400000,0,user_42,360,365,
5141,98,1300000,18600,user_28,363,365,
4713,99,1300000,0,user_4,360,365,
4929,80,1200000,0,user_31,362,364,
4741,81,1100000,0,user_35,360,364,
4756,82,1100000,0,user_49,360,364,
4753,84,1000000,0,user_44,360,364,
4751,83,1000000,0,user_42,360,364,
5144,96,910000,7190000,user_32,363,364,
4714,74,670000,0,user_6,360,363,
5139,75,660000,7190000,user_27,363,363,
4939,76,630000,0,user_39,362,363,
4935,77,600000,0,user_37,362,363,
4715,78,530000,0,user_7,360,363,
4717,79,470000,0,user_9,360,363,
4903,80,460001,0,user_11,362,363,4809
4809,81,460000,12300,user_44,361,363,
5152,82,460000,0,user_41,363,363,
4902,83,459999,0,user_11,362,363,4809
4739,84,370000,0,user_31,360,363,
4752,85,350000,0,user_42,360,363,
4744,86,340000,0,user_38,360,363,
5150,87,340000,0,user_37,363,363,
4716,88,320000,0,user_8,360,363,
4925,89,310000,0,user_30,362,363,
4722,90,310000,0,user_16,360,363,
5148,91,310000,0,user_36,363,363,
4907,92,300001,0,user_14,362,363,4813
4921,93,300001,0,user_23,362,363,4813
4901,94,300001,0,user_9,362,363,4813
4813,95,300000,71800,user_46,361,363,
4896,96,299999,0,user_4,362,363,4813
4911,97,299999,0,user_20,362,363,4813
4915,98,299999,0,user_21,362,363,4813
4899,99,299999,0,user_6,362,363,4813
4931,8,27000000,0,user_33,362,379,
4726,13,19000000,0,user_19,360,379,
5153,19,6300000,0,user_42,363,379,
4806,17,6300000,0,user_37,361,379,
4737,18,6300000,0,user_29,360,379,
5349,21,6300000,0,user_29,364,379,
5347,20,6300000,5630,user_27,364,379,
4743,28,6100000,0,user_36,360,379,
4924,32,5200000,0,user_27,362,379,
4948,31,5200000,0,user_48,362,379,
5364,34,5200000,0,user_46,364,379,
5352,33,5200000,0,user_34,364,379,
5143,39,5000000,0,user_31,363,379,
4724,38,5000000,0,user_16,360,379,
5369,40,5000000,0,user_48,364,379,
4949,52,4200000,0,user_49,362,379,
4757,51,4200000,0,user_49,360,379,
4927,57,3600000,75000,user_30,362,379,
5125,60,3500001,0,user_12,363,379,4944
5138,61,3500001,0,user_26,363,379,4944
5110,59,3500001,0,user_1,363,379,4944
4944,65,3500000,161000,user_47,362,379,
5128,67,3499999,0,user_13,363,379,4944
5117,68,3499999,0,user_6,363,379,4944
5129,69,3499999,0,user_15,363,379,4944
5130,70,3499999,0,user_15,363,379,4944
5133,71,3499999,0,user_18,363,379,4944
5111,66,3499999,0,user_2,363,379,4944
5317,73,3499999,0,user_8,364,379,4944
5321,72,3499999,0,user_9,364,379,4944
5362,82,2600000,0,user_44,364,379,
4947,87,2500000,0,user_47,362,379,
5154,91,2300000,0,user_42,363,379,
5140,96,2100000,11200,user_27,363,379,
5113,91,2000001,0,user_4,363,377,4770
5114,98,2000001,0,user_6,363,377,4770
5118,92,2000001,0,user_7,363,377,4770
5132,93,2000001,0,user_17,363,377,4770
4779,97,2000001,0,user_12,361,377,4770
5336,89,2000001,0,user_16,364,377,4770
5156,99,2000000,0,user_44,363,376,
4770,99,2000000,350000,user_0,361,375,
4803,96,2000000,0,user_36,361,374,
4736,92,2000000,0,user_28,360,374,
4723,93,2000000,0,user_16,360,374,
4740,94,2000000,0,user_34,360,374,
4800,98,2000000,0,user_32,361,375,
5116,98,1999999,0,user_6,363,373,4770
5135,93,1999999,0,user_23,363,373,4770
4734,97,1900000,0,user_24,360,370,
5366,96,1800000,0,user_47,364,369,
4731,97,1700000,0,user_23,360,369,
4808,99,1600000,0,user_43,361,369,
5124,94,1500001,0,user_12,363,368,4735
5119,95,1500001,0,user_7,363,368,4735
5136,96,1500001,0,user_24,363,368,4735
4922,97,1500001,0,user_24,362,368,4735
4780,98,1500001,0,user_14,361,368,4735
4793,99,1500001,0,user_22,361,368,4735
5142,96,1500000,0,user_30,363,367,
5145,95,1500000,0,user_34,363,367,
4735,94,1500000,128000,user_27,360,367,
5350,97,1500000,0,user_30,364,367,
5134,84,1499999,0,user_21,363,365,4735
4895,99,1499999,0,user_2,362,366,4735
5137,85,1499999,0,user_25,363,365,4735
4771,99,1499999,0,user_1,361,367,4735
4912,98,1499999,0,user_21,362,367,4735
4792,94,1499999,0,user_21,361,366,4735
4786,96,1499999,0,user_17,361,366,4735
4787,97,1499999,0,user_17,361,366,4735
4788,98,1499999,0,user_17,361,366,4735
4794,95,1499999,0,user_22,361,366,4735
4749,96,1400000,0,user_42,360,365,
4769,97,1400000,0,user_0,361,365,
4932,92,1400000,0,user_33,362,365,
4730,94,1400000,0,user_23,360,365,
4732,95,1400000,0,user_23,360,365,
5141,98,1300000,18600,user_28,363,365,
4713,99,1300000,0,user_4,360,365,
4929,80,1200000,0,user_31,362,364,
4741,81,1100000,0,user_35,360,364,
4756,82,1100000,0,user_49,360,364,
4751,83,1000000,0,user_42,360,364,
4753,84,1000000,0,user_44,360,364,
5353,85,1000000,0,user_36,364,364,
5312,86,910001,0,user_1,364,364,5144
5314,87,910001,0,user_2,364,364,5144
5323,88,910001,0,user_10,364,364,5144
5324,89,910001,0,user_11,364,364,5144
5325,90,910001,0,user_11,364,364,5144
5341,91,910001,0,user_19,364,364,5144
5315,92,910001,0,user_3,364,364,5144
5319,93,910001,0,user_8,364,364,5144
5320,94,910001,0,user_9,364,364,5144
5322,95,910001,0,user_9,364,364,5144
5144,96,910000,7190000,user_32,363,364,
5328,97,909999,0,user_13,364,364,5144
5311,98,909999,0,user_0,364,364,5144
5316,99,909999,0,user_6,364,364,5144
4931,8,27000000,0,user_33,362,379,
4726,13,19000000,0,user_19,360,379,
5349,21,6300000,0,user_29,364,379,
5360,22,6300000,0,user_43,364,379,
5347,20,6300000,5630,user_27,364,379,
4737,18,6300000,0,user_29,360,379,
4806,17,6300000,0,user_37,361,379,
5153,19,6300000,0,user_42,363,379,
4743,28,6100000,0,user_36,360,379,
5364,34,5200000,0,user_46,364,379,
5352,33,5200000,0,user_34,364,379,
4924,32,5200000,0,user_27,362,379,
4948,31,5200000,0,user_48,362,379,
5593,30,5200000,21800,user_30,365,379,
5369,40,5000000,0,user_48,364,379,
5143,39,5000000,0,user_31,363,379,
4724,38,5000000,0,user_16,360,379,
5614,45,4500000,0,user_48,365,379,
4949,52,4200000,0,user_49,362,379,
4757,51,4200000,0,user_49,360,379,
4927,57,3600000,75000,user_30,362,379,
5110,59,3500001,0,user_1,363,379,4944
5125,60,3500001,0,user_12,363,379,4944
5138,61,3500001,0,user_26,363,379,4944
4944,65,3500000,161000,user_47,362,379,
5111,66,3499999,0,user_2,363,379,4944
5317,73,3499999,0,user_8,364,379,4944
5128,67,3499999,0,user_13,363,379,4944
5133,71,3499999,0,user_18,363,379,4944
5129,69,3499999,0,user_15,363,379,4944
5130,70,3499999,0,user_15,363,379,4944
5321,72,3499999,0,user_9,364,379,4944
5117,68,3499999,0,user_6,363,379,4944
5362,82,2600000,0,user_44,364,379,
4947,87,2500000,0,user_47,362,379,
5154,91,2300000,0,user_42,363,379,
5140,96,2100000,11200,user_27,363,379,
5336,89,2000001,0,user_16,364,377,4770
5544,95,2000001,0,user_1,365,378,4770
5113,91,2000001,0,user_4,363,377,4770
5118,92,2000001,0,user_7,363,377,4770
5132,93,2000001,0,user_17,363,377,4770
5568,98,2000001,0,user_12,365,379,4770
5579,99,2000001,0,user_19,365,379,4770
5582,99,2000001,0,user_20,365,378,4770
4779,97,2000001,0,user_12,361,377,4770
5114,98,2000001,0,user_6,363,377,4770
5586,97,2000001,0,user_25,365,378,4770
5587,98,2000001,0,user_26,365,378,4770
5156,99,2000000,0,user_44,363,376,
4723,93,2000000,0,user_16,360,374,
4736,92,2000000,0,user_28,360,374,
4740,94,2000000,0,user_34,360,374,
4770,99,2000000,350000,user_0,361,375,
4800,98,2000000,0,user_32,361,375,
4803,96,2000000,0,user_36,361,374,
5135,93,1999999,0,user_23,363,373,4770
5570,94,1999999,0,user_13,365,373,4770
5543,95,1999999,0,user_0,365,373,4770
5580,96,1999999,0,user_19,365,373,4770
5581,97,1999999,0,user_19,365,373,4770
5116,98,1999999,0,user_6,363,373,4770
5555,99,1999999,0,user_6,365,373,4770
5585,94,1999999,0,user_25,365,371,4770
5575,95,1999999,0,user_17,365,372,4770
5584,99,1999999,0,user_24,365,372,4770
5577,96,1999999,0,user_18,365,372,4770
4734,97,1900000,0,user_24,360,370,
5366,96,1800000,0,user_47,364,369,
4731,97,1700000,0,user_23,360,369,
4808,99,1600000,0,user_43,361,369,
4922,97,1500001,0,user_24,362,368,4735
5124,94,1500001,0,user_12,363,368,4735
5119,95,1500001,0,user_7,363,368,4735
5136,96,1500001,0,user_24,363,368,4735
4780,98,1500001,0,user_14,361,368,4735
4793,99,1500001,0,user_22,361,368,4735
5350,97,1500000,0,user_30,364,367,
5142,96,1500000,0,user_30,363,367,
4735,94,1500000,128000,user_27,360,367,
5145,95,1500000,0,user_34,363,367,
5613,92,1500000,0,user_46,365,367,
4895,99,1499999,0,user_2,362,366,4735
4912,98,1499999,0,user_21,362,367,4735
5134,84,1499999,0,user_21,363,365,4735
5137,85,1499999,0,user_25,363,365,4735
4771,99,1499999,0,user_1,361,367,4735
4792,94,1499999,0,user_21,361,366,4735
4794,95,1499999,0,user_22,361,366,4735
4786,96,1499999,0,user_17,361,366,4735
4787,97,1499999,0,user_17,361,366,4735
4788,98,1499999,0,user_17,361,366,4735
4932,92,1400000,0,user_33,362,365,
5609,93,1400000,0,user_44,365,365,
4730,94,1400000,0,user_23,360,365,
4732,95,1400000,0,user_23,360,365,
4749,96,1400000,0,user_42,360,365,
4769,97,1400000,0,user_0,361,365,
5141,98,1300000,18600,user_28,363,365,
4713,99,1300000,0,user_4,360,365,
4931,8,27000000,0,user_33,362,379,
4726,13,19000000,0,user_19,360,379,
5594,15,6300000,0,user_31,365,379,
5349,21,6300000,0,user_29,364,379,
5360,22,6300000,0,user_43,364,379,
4737,18,6300000,0,user_29,360,379,
4806,17,6300000,0,user_37,361,379,
5153,19,6300000,0,user_42,363,379,
5347,20,6300000,5630,user_27,364,379,
5841,16,6300000,0,user_29,366,379,
5863,26,6100000,0,user_45,366,379,
4743,28,6100000,0,user_36,360,379,
5842,27,6100000,0,user_30,366,379,
5593,30,5200000,21800,user_30,365,379,
5364,34,5200000,0,user_46,364,379,
5352,33,5200000,0,user_34,364,379,
4948,31,5200000,0,user_48,362,379,
4924,32,5200000,0,user_27,362,379,
5369,40,5000000,0,user_48,364,379,
4724,38,5000000,0,user_16,360,379,
5143,39,5000000,0,user_31,363,379,
5614,45,4500000,0,user_48,365,379,
5853,50,4200000,46500,user_37,366,379,
4757,51,4200000,0,user_49,360,379,
4949,52,4200000,0,user_49,362,379,
4927,57,3600000,75000,user_30,362,379,
5110,59,3500001,0,user_1,363,379,4944
5125,60,3500001,0,user_12,363,379,4944
5138,61,3500001,0,user_26,363,379,4944
4944,65,3500000,161000,user_47,362,379,
5317,73,3499999,0,user_8,364,379,4944
5321,72,3499999,0,user_9,364,379,4944
5111,66,3499999,0,user_2,363,379,4944
5129,69,3499999,0,user_15,363,379,4944
5130,70,3499999,0,user_15,363,379,4944
5128,67,3499999,0,user_13,363,379,4944
5133,71,3499999,0,user_18,363,379,4944
5117,68,3499999,0,user_6,363,379,4944
5362,82,2600000,0,user_44,364,379,
4947,87,2500000,0,user_47,362,379,
5154,91,2300000,0,user_42,363,379,
5140,96,2100000,11200,user_27,363,379,
5544,95,2000001,0,user_1,365,378,4770
5568,98,2000001,0,user_12,365,379,4770
5586,97,2000001,0,user_25,365,378,4770
5587,98,2000001,0,user_26,365,378,4770
5582,99,2000001,0,user_20,365,378,4770
5336,89,2000001,0,user_16,364,377,4770
5579,99,2000001,0,user_19,365,379,4770
4779,97,2000001,0,user_12,361,377,4770
5113,91,2000001,0,user_4,363,377,4770
5118,92,2000001,0,user_7,363,377,4770
5132,93,2000001,0,user_17,363,377,4770
5114,98,2000001,0,user_6,363,377,4770
5823,95,2000001,0,user_8,366,376,4770
4736,92,2000000,0,user_28,360,374,
4723,93,2000000,0,user_16,360,374,
4740,94,2000000,0,user_34,360,374,
4770,99,2000000,350000,user_0,361,375,
4803,96,2000000,0,user_36,361,374,
4800,98,2000000,0,user_32,361,375,
5156,99,2000000,0,user_44,363,376,
5858,97,2000000,0,user_40,366,375,
5543,95,1999999,0,user_0,365,373,4770
5570,94,1999999,0,user_13,365,373,4770
5575,95,1999999,0,user_17,365,372,4770
5584,99,1999999,0,user_24,365,372,4770
5585,94,1999999,0,user_25,365,371,4770
5577,96,1999999,0,user_18,365,372,4770
5555,99,1999999,0,user_6,365,373,4770
5580,96,1999999,0,user_19,365,373,4770
5581,97,1999999,0,user_19,365,373,4770
5135,93,1999999,0,user_23,363,373,4770
5116,98,1999999,0,user_6,363,373,4770
4734,97,1900000,0,user_24,360,370,
5869,98,1900000,0,user_47,366,370,
5366,96,1800000,0,user_47,364,369,
4731,97,1700000,0,user_23,360,369,
5604,92,1600000,0,user_38,365,368,
5862,93,1600000,0,user_45,366,368,
4808,99,1600000,0,user_43,361,369,
4780,98,1500001,0,user_14,361,368,4735
4793,99,1500001,0,user_22,361,368,4735
4922,97,1500001,0,user_24,362,368,4735
5119,95,1500001,0,user_7,363,368,4735
5124,94,1500001,0,user_12,363,368,4735
5136,96,1500001,0,user_24,363,368,4735
5613,92,1500000,0,user_46,365,367,
5350,97,1500000,0,user_30,364,367,
5861,93,1500000,0,user_45,366,367,
4735,94,1500000,128000,user_27,360,367,
5142,96,1500000,0,user_30,363,367,
5145,95,1500000,0,user_34,363,367,
4771,99,1499999,0,user_1,361,367,4735
4792,94,1499999,0,user_21,361,366,4735
4794,95,1499999,0,user_22,361,366,4735
4786,96,1499999,0,user_17,361,366,4735
4787,97,1499999,0,user_17,361,366,4735
4788,98,1499999,0,user_17,361,366,4735
4895,99,1499999,0,user_2,362,366,4735
6125,2,43000000,0,user_44,367,379,
6107,7,27000000,0,user_28,367,379,
4931,8,27000000,0,user_33,362,379,
4726,13,19000000,0,user_19,360,379,
5594,15,6300000,0,user_31,365,379,
5841,16,6300000,0,user_29,366,379,
4806,17,6300000,0,user_37,361,379,
4737,18,6300000,0,user_29,360,379,
5153,19,6300000,0,user_42,363,379,
5347,20,6300000,5630,user_27,364,379,
5349,21,6300000,0,user_29,364,379,
5360,22,6300000,0,user_43,364,379,
5863,26,6100000,0,user_45,366,379,
5842,27,6100000,0,user_30,366,379,
4743,28,6100000,0,user_36,360,379,
5593,30,5200000,21800,user_30,365,379,
4948,31,5200000,0,user_48,362,379,
4924,32,5200000,0,user_27,362,379,
5352,33,5200000,0,user_34,364,379,
5364,34,5200000,0,user_46,364,379,
4724,38,5000000,0,user_16,360,379,
5143,39,5000000,0,user_31,363,379,
5369,40,5000000,0,user_48,364,379,
5614,45,4500000,0,user_48,365,379,
5853,50,4200000,46500,user_37,366,379,
4757,51,4200000,0,user_49,360,379,
4949,52,4200000,0,user_49,362,379,
4927,57,3600000,75000,user_30,362,379,
5110,59,3500001,0,user_1,363,379,4944
5125,60,3500001,0,user_12,363,379,4944
5138,61,3500001,0,user_26,363,379,4944
4944,65,3500000,161000,user_47,362,379,
5111,66,3499999,0,user_2,363,379,4944
5128,67,3499999,0,user_13,363,379,4944
5117,68,3499999,0,user_6,363,379,4944
5129,69,3499999,0,user_15,363,379,4944
5130,70,3499999,0,user_15,363,379,4944
5133,71,3499999,0,user_18,363,379,4944
5321,72,3499999,0,user_9,364,379,4944
5317,73,3499999,0,user_8,364,379,4944
5362,82,2600000,0,user_44,364,379,
6118,86,2500000,0,user_37,367,379,
4947,87,2500000,0,user_47,362,379,
6127,88,2500000,0,user_46,367,379,
5154,91,2300000,0,user_42,363,379,
5140,96,2100000,11200,user_27,363,379,
5568,98,2000001,0,user_12,365,379,4770
5579,99,2000001,0,user_19,365,379,4770
5582,99,2000001,0,user_20,365,378,4770
5586,97,2000001,0,user_25,365,378,4770
5587,98,2000001,0,user_26,365,378,4770
5823,95,2000001,0,user_8,366,376,4770
4779,97,2000001,0,user_12,361,377,4770
5113,91,2000001,0,user_4,363,377,4770
5114,98,2000001,0,user_6,363,377,4770
5118,92,2000001,0,user_7,363,377,4770
5132,93,2000001,0,user_17,363,377,4770
5336,89,2000001,0,user_16,364,377,4770
5544,95,2000001,0,user_1,365,378,4770
5858,97,2000000,0,user_40,366,375,
4800,98,2000000,0,user_32,361,375,
4770,99,2000000,350000,user_0,361,375,
4803,96,2000000,0,user_36,361,374,
5156,99,2000000,0,user_44,363,376,
4723,93,2000000,0,user_16,360,374,
4740,94,2000000,0,user_34,360,374,
4736,92,2000000,0,user_28,360,374,
5570,94,1999999,0,user_13,365,373,4770
5543,95,1999999,0,user_0,365,373,4770
5580,96,1999999,0,user_19,365,373,4770
5581,97,1999999,0,user_19,365,373,4770
5555,99,1999999,0,user_6,365,373,4770
5585,94,1999999,0,user_25,365,371,4770
5575,95,1999999,0,user_17,365,372,4770
5584,99,1999999,0,user_24,365,372,4770
5577,96,1999999,0,user_18,365,372,4770
5116,98,1999999,0,user_6,363,373,4770
5135,93,1999999,0,user_23,363,373,4770
5869,98,1900000,0,user_47,366,370,
4734,97,1900000,0,user_24,360,370,
5366,96,1800000,0,user_47,364,369,
4731,97,1700000,0,user_23,360,369,
5604,92,1600000,0,user_38,365,368,
5862,93,1600000,0,user_45,366,368,
4808,99,1600000,0,user_43,361,369,
6110,98,1600000,0,user_33,367,369,
4922,97,1500001,0,user_24,362,368,4735
4780,98,1500001,0,user_14,361,368,4735
4793,99,1500001,0,user_22,361,368,4735
5119,95,1500001,0,user_7,363,368,4735
5124,94,1500001,0,user_12,363,368,4735
5136,96,1500001,0,user_24,363,368,4735
5613,92,1500000,0,user_46,365,367,
5861,93,1500000,0,user_45,366,367,
4735,94,1500000,128000,user_27,360,367,
5145,95,1500000,0,user_34,363,367,
5142,96,1500000,0,user_30,363,367,
5350,97,1500000,0,user_30,364,367,
4912,98,1499999,0,user_21,362,367,4735
4771,99,1499999,0,user_1,361,367,4735
6125,2,43000000,0,user_44,367,379,
6107,7,27000000,0,user_28,367,379,
6372,9,27000000,0,user_37,368,379,
4931,8,27000000,0,user_33,362,379,
4726,13,19000000,0,user_19,360,379,
5153,19,6300000,0,user_42,363,379,
4806,17,6300000,0,user_37,361,379,
4737,18,6300000,0,user_29,360,379,
5349,21,6300000,0,user_29,364,379,
5360,22,6300000,0,user_43,364,379,
5347,20,6300000,5630,user_27,364,379,
5594,15,6300000,0,user_31,365,379,
5841,16,6300000,0,user_29,366,379,
4743,28,6100000,0,user_36,360,379,
5842,27,6100000,0,user_30,366,379,
5863,26,6100000,0,user_45,366,379,
4924,32,5200000,0,user_27,362,379,
4948,31,5200000,0,user_48,362,379,
5364,34,5200000,0,user_46,364,379,
5352,33,5200000,0,user_34,364,379,
5593,30,5200000,21800,user_30,365,379,
5143,39,5000000,0,user_31,363,379,
4724,38,5000000,0,user_16,360,379,
5369,40,5000000,0,user_48,364,379,
6119,46,4500000,0,user_38,367,379,
5614,45,4500000,0,user_48,365,379,
6378,47,4500000,0,user_40,368,379,
4949,52,4200000,0,user_49,362,379,
4757,51,4200000,0,user_49,360,379,
5853,50,4200000,46500,user_37,366,379,
4927,57,3600000,75000,user_30,362,379,
5125,60,3500001,0,user_12,363,379,4944
5138,61,3500001,0,user_26,363,379,4944
5110,59,3500001,0,user_1,363,379,4944
4944,65,3500000,161000,user_47,362,379,
5128,67,3499999,0,user_13,363,379,4944
5117,68,3499999,0,user_6,363,379,4944
5129,69,3499999,0,user_15,363,379,4944
5130,70,3499999,0,user_15,363,379,4944
5133,71,3499999,0,user_18,363,379,4944
5111,66,3499999,0,user_2,363,379,4944
5317,73,3499999,0,user_8,364,379,4944
5321,72,3499999,0,user_9,364,379,4944
6376,77,3200000,0,user_39,368,379,
5362,82,2600000,0,user_44,364,379,
6127,88,2500000,0,user_46,367,379,
6118,86,2500000,0,user_37,367,379,
4947,87,2500000,0,user_47,362,379,
5154,91,2300000,0,user_42,363,379,
5140,96,2100000,11200,user_27,363,379,
5113,91,2000001,0,user_4,363,377,4770
5114,98,2000001,0,user_6,363,377,4770
5118,92,2000001,0,user_7,363,377,4770
5132,93,2000001,0,user_17,363,377,4770
4779,97,2000001,0,user_12,361,377,4770
5336,89,2000001,0,user_16,364,377,4770
5544,95,2000001,0,user_1,365,378,4770
5568,98,2000001,0,user_12,365,379,4770
5582,99,2000001,0,user_20,365,378,4770
5579,99,2000001,0,user_19,365,379,4770
5586,97,2000001,0,user_25,365,378,4770
5587,98,2000001,0,user_26,365,378,4770
5823,95,2000001,0,user_8,366,376,4770
5156,99,2000000,0,user_44,363,376,
4770,99,2000000,350000,user_0,361,375,
4803,96,2000000,0,user_36,361,374,
4736,92,2000000,0,user_28,360,374,
4723,93,2000000,0,user_16,360,374,
4740,94,2000000,0,user_34,360,374,
4800,98,2000000,0,user_32,361,375,
5858,97,2000000,0,user_40,366,375,
6368,90,2000000,0,user_34,368,374,
6386,89,2000000,0,user_47,368,374,
5116,98,1999999,0,user_6,363,373,4770
5135,93,1999999,0,user_23,363,373,4770
5543,95,1999999,0,user_0,365,373,4770
5570,94,1999999,0,user_13,365,373,4770
5575,95,1999999,0,user_17,365,372,4770
5577,96,1999999,0,user_18,365,372,4770
5580,96,1999999,0,user_19,365,373,4770
5581,97,1999999,0,user_19,365,373,4770
5584,99,1999999,0,user_24,365,372,4770
5585,94,1999999,0,user_25,365,371,4770
5555,99,1999999,0,user_6,365,373,4770
6124,96,1900000,0,user_43,367,370,
4734,97,1900000,0,user_24,360,370,
5869,98,1900000,0,user_47,366,370,
5366,96,1800000,0,user_47,364,369,
6374,99,1800000,0,user_39,368,370,
4731,97,1700000,0,user_23,360,369,
6110,98,1600000,0,user_33,367,369,
4808,99,1600000,0,user_43,361,369,
5604,92,1600000,0,user_38,365,368,
5862,93,1600000,0,user_45,366,368,
5124,94,1500001,0,user_12,363,368,4735
5119,95,1500001,0,user_7,363,368,4735
5136,96,1500001,0,user_24,363,368,4735
4922,97,1500001,0,user_24,362,368,4735
4780,98,1500001,0,user_14,361,368,4735
4793,99,1500001,0,user_22,361,368,4735
6125,2,43000000,0,user_44,367,379,
6645,1,43000000,0,user_40,369,379,
6372,9,27000000,0,user_37,368,379,
6107,7,27000000,0,user_28,367,379,
4931,8,27000000,0,user_33,362,379,
4726,13,19000000,0,user_19,360,379,
5349,21,6300000,0,user_29,364,379,
5360,22,6300000,0,user_43,364,379,
5347,20,6300000,5630,user_27,364,379,
4737,18,6300000,0,user_29,360,379,
4806,17,6300000,0,user_37,361,379,
5153,19,6300000,0,user_42,363,379,
5594,15,6300000,0,user_31,365,379,
5841,16,6300000,0,user_29,366,379,
6641,24,6100000,0,user_37,369,379,
4743,28,6100000,0,user_36,360,379,
5863,26,6100000,0,user_45,366,379,
5842,27,6100000,0,user_30,366,379,
6647,25,6100000,0,user_41,369,379,
5364,34,5200000,0,user_46,364,379,
5352,33,5200000,0,user_34,364,379,
4924,32,5200000,0,user_27,362,379,
4948,31,5200000,0,user_48,362,379,
5593,30,5200000,21800,user_30,365,379,
5369,40,5000000,0,user_48,364,379,
5143,39,5000000,0,user_31,363,379,
4724,38,5000000,0,user_16,360,379,
6378,47,4500000,0,user_40,368,379,
6119,46,4500000,0,user_38,367,379,
5614,45,4500000,0,user_48,365,379,
6649,43,4500000,256000,user_42,369,379,
4949,52,4200000,0,user_49,362,379,
4757,51,4200000,0,user_49,360,379,
5853,50,4200000,46500,user_37,366,379,
4927,57,3600000,75000,user_30,362,379,
6644,55,3600000,0,user_40,369,379,
5110,59,3500001,0,user_1,363,379,4944
5125,60,3500001,0,user_12,363,379,4944
5138,61,3500001,0,user_26,363,379,4944
4944,65,3500000,161000,user_47,362,379,
5111,66,3499999,0,user_2,363,379,4944
5317,73,3499999,0,user_8,364,379,4944
5128,67,3499999,0,user_13,363,379,4944
5133,71,3499999,0,user_18,363,379,4944
5129,69,3499999,0,user_15,363,379,4944
5130,70,3499999,0,user_15,363,379,4944
5321,72,3499999,0,user_9,364,379,4944
5117,68,3499999,0,user_6,363,379,4944
6376,77,3200000,0,user_39,368,379,
5362,82,2600000,0,user_44,364,379,
6127,88,2500000,0,user_46,367,379,
6118,86,2500000,0,user_37,367,379,
6631,85,2500000,0,user_28,369,379,
4947,87,2500000,0,user_47,362,379,
5154,91,2300000,0,user_42,363,379,
5140,96,2100000,11200,user_27,363,379,
5336,89,2000001,0,user_16,364,377,4770
5544,95,2000001,0,user_1,365,378,4770
5113,91,2000001,0,user_4,363,377,4770
5118,92,2000001,0,user_7,363,377,4770
5132,93,2000001,0,user_17,363,377,4770
5568,98,2000001,0,user_12,365,379,4770
5579,99,2000001,0,user_19,365,379,4770
5582,99,2000001,0,user_20,365,378,4770
4779,97,2000001,0,user_12,361,377,4770
5114,98,2000001,0,user_6,363,377,4770
5586,97,2000001,0,user_25,365,378,4770
5587,98,2000001,0,user_26,365,378,4770
5823,95,2000001,0,user_8,366,376,4770
6386,89,2000000,0,user_47,368,374,
6368,90,2000000,0,user_34,368,374,
5156,99,2000000,0,user_44,363,376,
4723,93,2000000,0,user_16,360,374,
4736,92,2000000,0,user_28,360,374,
4740,94,2000000,0,user_34,360,374,
4770,99,2000000,350000,user_0,361,375,
4800,98,2000000,0,user_32,361,375,
4803,96,2000000,0,user_36,361,374,
5858,97,2000000,0,user_40,366,375,
6657,95,2000000,0,user_48,369,375,
6637,96,2000000,0,user_34,369,375,
5135,93,1999999,0,user_23,363,373,4770
5570,94,1999999,0,user_13,365,373,4770
5543,95,1999999,0,user_0,365,373,4770
5580,96,1999999,0,user_19,365,373,4770
5581,97,1999999,0,user_19,365,373,4770
5116,98,1999999,0,user_6,363,373,4770
5555,99,1999999,0,user_6,365,373,4770
5585,94,1999999,0,user_25,365,371,4770
5575,95,1999999,0,user_17,365,372,4770
5584,99,1999999,0,user_24,365,372,4770
5577,96,1999999,0,user_18,365,372,4770
6124,96,1900000,0,user_43,367,370,
4734,97,1900000,0,user_24,360,370,
5869,98,1900000,0,user_47,366,370,
6374,99,1800000,0,user_39,368,370,
5366,96,1800000,0,user_47,364,369,
4731,97,1700000,0,user_23,360,369,
6110,98,1600000,0,user_33,367,369,
4808,99,1600000,0,user_43,361,369,
6645,1,43000000,0,user_40,369,379,
6125,2,43000000,0,user_44,367,379,
6372,9,27000000,0,user_37,368,379,
4931,8,27000000,0,user_33,362,379,
6107,7,27000000,0,user_28,367,379,
6914,12,19000000,0,user_44,370,379,
4726,13,19000000,0,user_19,360,379,
5594,15,6300000,0,user_31,365,379,
5349,21,6300000,0,user_29,364,379,
5360,22,6300000,0,user_43,364,379,
4737,18,6300000,0,user_29,360,379,
4806,17,6300000,0,user_37,361,379,
5153,19,6300000,0,user_42,363,379,
5347,20,6300000,5630,user_27,364,379,
5841,16,6300000,0,user_29,366,379,
6641,24,6100000,0,user_37,369,379,
6647,25,6100000,0,user_41,369,379,
5863,26,6100000,0,user_45,366,379,
4743,28,6100000,0,user_36,360,379,
5842,27,6100000,0,user_30,366,379,
5593,30,5200000,21800,user_30,365,379,
5364,34,5200000,0,user_46,364,379,
5352,33,5200000,0,user_34,364,379,
4948,31,5200000,0,user_48,362,379,
4924,32,5200000,0,user_27,362,379,
5369,40,5000000,0,user_48,364,379,
4724,38,5000000,0,user_16,360,379,
5143,39,5000000,0,user_31,363,379,
6119,46,4500000,0,user_38,367,379,
6378,47,4500000,0,user_40,368,379,
6649,43,4500000,256000,user_42,369,379,
5614,45,4500000,0,user_48,365,379,
5853,50,4200000,46500,user_37,366,379,
4757,51,4200000,0,user_49,360,379,
4949,52,4200000,0,user_49,362,379,
6644,55,3600000,0,user_40,369,379,
6634,54,3600000,256000,user_31,369,379,
4927,57,3600000,75000,user_30,362,379,
6916,56,3600000,0,user_47,370,379,
5110,59,3500001,0,user_1,363,379,4944
5125,60,3500001,0,user_12,363,379,4944
5138,61,3500001,0,user_26,363,379,4944
4944,65,3500000,161000,user_47,362,379,
6918,64,3500000,410000,user_47,370,379,
5317,73,3499999,0,user_8,364,379,4944
5321,72,3499999,0,user_9,364,379,4944
5111,66,3499999,0,user_2,363,379,4944
5129,69,3499999,0,user_15,363,379,4944
5130,70,3499999,0,user_15,363,379,4944
5128,67,3499999,0,user_13,363,379,4944
5133,71,3499999,0,user_18,363,379,4944
5117,68,3499999,0,user_6,363,379,4944
6376,77,3200000,0,user_39,368,379,
5362,82,2600000,0,user_44,364,379,
6631,85,2500000,0,user_28,369,379,
6118,86,2500000,0,user_37,367,379,
6127,88,2500000,0,user_46,367,379,
4947,87,2500000,0,user_47,362,379,
5154,91,2300000,0,user_42,363,379,
5140,96,2100000,11200,user_27,363,379,
5544,95,2000001,0,user_1,365,378,4770
5568,98,2000001,0,user_12,365,379,4770
5586,97,2000001,0,user_25,365,378,4770
5587,98,2000001,0,user_26,365,378,4770
5582,99,2000001,0,user_20,365,378,4770
5336,89,2000001,0,user_16,364,377,4770
5579,99,2000001,0,user_19,365,379,4770
4779,97,2000001,0,user_12,361,377,4770
5113,91,2000001,0,user_4,363,377,4770
5118,92,2000001,0,user_7,363,377,4770
5132,93,2000001,0,user_17,363,377,4770
5114,98,2000001,0,user_6,363,377,4770
5823,95,2000001,0,user_8,366,376,4770
6657,95,2000000,0,user_48,369,375,
6386,89,2000000,0,user_47,368,374,
6368,90,2000000,0,user_34,368,374,
6637,96,2000000,0,user_34,369,375,
4736,92,2000000,0,user_28,360,374,
4723,93,2000000,0,user_16,360,374,
4740,94,2000000,0,user_34,360,374,
4770,99,2000000,350000,user_0,361,375,
4803,96,2000000,0,user_36,361,374,
4800,98,2000000,0,user_32,361,375,
5156,99,2000000,0,user_44,363,376,
5858,97,2000000,0,user_40,366,375,
5543,95,1999999,0,user_0,365,373,4770
5570,94,1999999,0,user_13,365,373,4770
5575,95,1999999,0,user_17,365,372,4770
5584,99,1999999,0,user_24,365,372,4770
5585,94,1999999,0,user_25,365,371,4770
5577,96,1999999,0,user_18,365,372,4770
5555,99,1999999,0,user_6,365,373,4770
5580,96,1999999,0,user_19,365,373,4770
5581,97,1999999,0,user_19,365,373,4770
5135,93,1999999,0,user_23,363,373,4770
5116,98,1999999,0,user_6,363,373,4770
6124,96,1900000,0,user_43,367,370,
4734,97,1900000,0,user_24,360,370,
5869,98,1900000,0,user_47,366,370,
6374,99,1800000,0,user_39,368,370,
6645,1,43000000,0,user_40,369,379,
6125,2,43000000,0,user_44,367,379,
6107,7,27000000,0,user_28,367,379,
4931,8,27000000,0,user_33,362,379,
6372,9,27000000,0,user_37,368,379,
6914,12,19000000,0,user_44,370,379,
4726,13,19000000,0,user_19,360,379,
5594,15,6300000,0,user_31,365,379,
5841,16,6300000,0,user_29,366,379,
4806,17,6300000,0,user_37,361,379,
4737,18,6300000,0,user_29,360,379,
5153,19,6300000,0,user_42,363,379,
5347,20,6300000,5630,user_27,364,379,
5349,21,6300000,0,user_29,364,379,
5360,22,6300000,0,user_43,364,379,
6641,24,6100000,0,user_37,369,379,
6647,25,6100000,0,user_41,369,379,
5863,26,6100000,0,user_45,366,379,
5842,27,6100000,0,user_30,366,379,
4743,28,6100000,0,user_36,360,379,
5593,30,5200000,21800,user_30,365,379,
4948,31,5200000,0,user_48,362,379,
4924,32,5200000,0,user_27,362,379,
5352,33,5200000,0,user_34,364,379,
5364,34,5200000,0,user_46,364,379,
4724,38,5000000,0,user_16,360,379,
5143,39,5000000,0,user_31,363,379,
5369,40,5000000,0,user_48,364,379,
6649,43,4500000,256000,user_42,369,379,
7209,44,4500000,32900,user_45,371,379,
5614,45,4500000,0,user_48,365,379,
6119,46,4500000,0,user_38,367,379,
6378,47,4500000,0,user_40,368,379,
5853,50,4200000,46500,user_37,366,379,
4757,51,4200000,0,user_49,360,379,
4949,52,4200000,0,user_49,362,379,
6634,54,3600000,256000,user_31,369,379,
6644,55,3600000,0,user_40,369,379,
6916,56,3600000,0,user_47,370,379,
4927,57,3600000,75000,user_30,362,379,
5110,59,3500001,0,user_1,363,379,4944
5125,60,3500001,0,user_12,363,379,4944
5138,61,3500001,0,user_26,363,379,4944
6918,64,3500000,410000,user_47,370,379,
4944,65,3500000,161000,user_47,362,379,
5111,66,3499999,0,user_2,363,379,4944
5128,67,3499999,0,user_13,363,379,4944
5117,68,3499999,0,user_6,363,379,4944
5129,69,3499999,0,user_15,363,379,4944
5130,70,3499999,0,user_15,363,379,4944
5133,71,3499999,0,user_18,363,379,4944
5321,72,3499999,0,user_9,364,379,4944
5317,73,3499999,0,user_8,364,379,4944
6376,77,3200000,0,user_39,368,379,
7208,81,2600000,0,user_44,371,379,
5362,82,2600000,0,user_44,364,379,
6631,85,2500000,0,user_28,369,379,
6118,86,2500000,0,user_37,367,379,
4947,87,2500000,0,user_47,362,379,
6127,88,2500000,0,user_46,367,379,
5154,91,2300000,0,user_42,363,379,
7201,92,2300000,0,user_36,371,379,
5140,96,2100000,11200,user_27,363,379,
5568,98,2000001,0,user_12,365,379,4770
5579,99,2000001,0,user_19,365,379,4770
5582,99,2000001,0,user_20,365,378,4770
5586,97,2000001,0,user_25,365,378,4770
5587,98,2000001,0,user_26,365,378,4770
5823,95,2000001,0,user_8,366,376,4770
4779,97,2000001,0,user_12,361,377,4770
5113,91,2000001,0,user_4,363,377,4770
5114,98,2000001,0,user_6,363,377,4770
5118,92,2000001,0,user_7,363,377,4770
5132,93,2000001,0,user_17,363,377,4770
5336,89,2000001,0,user_16,364,377,4770
5544,95,2000001,0,user_1,365,378,4770
6657,95,2000000,0,user_48,369,375,
6637,96,2000000,0,user_34,369,375,
5858,97,2000000,0,user_40,366,375,
4800,98,2000000,0,user_32,361,375,
4770,99,2000000,350000,user_0,361,375,
4803,96,2000000,0,user_36,361,374,
5156,99,2000000,0,user_44,363,376,
4723,93,2000000,0,user_16,360,374,
4740,94,2000000,0,user_34,360,374,
4736,92,2000000,0,user_28,360,374,
6386,89,2000000,0,user_47,368,374,
6368,90,2000000,0,user_34,368,374,
7202,98,2000000,0,user_36,371,376,
5570,94,1999999,0,user_13,365,373,4770
5543,95,1999999,0,user_0,365,373,4770
5580,96,1999999,0,user_19,365,373,4770
5581,97,1999999,0,user_19,365,373,4770
5555,99,1999999,0,user_6,365,373,4770
5585,94,1999999,0,user_25,365,371,4770
5575,95,1999999,0,user_17,365,372,4770
5584,99,1999999,0,user_24,365,372,4770
5577,96,1999999,0,user_18,365,372,4770
5116,98,1999999,0,user_6,363,373,4770
5135,93,1999999,0,user_23,363,373,4770
6125,2,43000000,0,user_44,367,379,
6645,1,43000000,0,user_40,369,379,
6107,7,27000000,0,user_28,367,379,
6372,9,27000000,0,user_37,368,379,
4931,8,27000000,0,user_33,362,379,
4726,13,19000000,0,user_19,360,379,
6914,12,19000000,0,user_44,370,379,
5153,19,6300000,0,user_42,363,379,
4806,17,6300000,0,user_37,361,379,
4737,18,6300000,0,user_29,360,379,
5349,21,6300000,0,user_29,364,379,
5360,22,6300000,0,user_43,364,379,
5347,20,6300000,5630,user_27,364,379,
5594,15,6300000,0,user_31,365,379,
5841,16,6300000,0,user_29,366,379,
4743,28,6100000,0,user_36,360,379,
5842,27,6100000,0,user_30,366,379,
5863,26,6100000,0,user_45,366,379,
6641,24,6100000,0,user_37,369,379,
6647,25,6100000,0,user_41,369,379,
4924,32,5200000,0,user_27,362,379,
4948,31,5200000,0,user_48,362,379,
5364,34,5200000,0,user_46,364,379,
5352,33,5200000,0,user_34,364,379,
5593,30,5200000,21800,user_30,365,379,
5143,39,5000000,0,user_31,363,379,
4724,38,5000000,0,user_16,360,379,
5369,40,5000000,0,user_48,364,379,
7209,44,4500000,32900,user_45,371,379,
6119,46,4500000,0,user_38,367,379,
5614,45,4500000,0,user_48,365,379,
6378,47,4500000,0,user_40,368,379,
6649,43,4500000,256000,user_42,369,379,
7505,48,4500000,0,user_27,372,379,
4949,52,4200000,0,user_49,362,379,
4757,51,4200000,0,user_49,360,379,
5853,50,4200000,46500,user_37,366,379,
4927,57,3600000,75000,user_30,362,379,
6634,54,3600000,256000,user_31,369,379,
6644,55,3600000,0,user_40,369,379,
6916,56,3600000,0,user_47,370,379,
5125,60,3500001,0,user_12,363,379,4944
5138,61,3500001,0,user_26,363,379,4944
5110,59,3500001,0,user_1,363,379,4944
4944,65,3500000,161000,user_47,362,379,
6918,64,3500000,410000,user_47,370,379,
5128,67,3499999,0,user_13,363,379,4944
5117,68,3499999,0,user_6,363,379,4944
5129,69,3499999,0,user_15,363,379,4944
5130,70,3499999,0,user_15,363,379,4944
5133,71,3499999,0,user_18,363,379,4944
5111,66,3499999,0,user_2,363,379,4944
5317,73,3499999,0,user_8,364,379,4944
5321,72,3499999,0,user_9,364,379,4944
7517,78,3200000,0,user_44,372,379,
6376,77,3200000,0,user_39,368,379,
7208,81,2600000,0,user_44,371,379,
5362,82,2600000,0,user_44,364,379,
6127,88,2500000,0,user_46,367,379,
6118,86,2500000,0,user_37,367,379,
4947,87,2500000,0,user_47,362,379,
6631,85,2500000,0,user_28,369,379,
7201,92,2300000,0,user_36,371,379,
5154,91,2300000,0,user_42,363,379,
5140,96,2100000,11200,user_27,363,379,
5113,91,2000001,0,user_4,363,377,4770
5114,98,2000001,0,user_6,363,377,4770
5118,92,2000001,0,user_7,363,377,4770
5132,93,2000001,0,user_17,363,377,4770
4779,97,2000001,0,user_12,361,377,4770
5336,89,2000001,0,user_16,364,377,4770
5544,95,2000001,0,user_1,365,378,4770
5568,98,2000001,0,user_12,365,379,4770
5582,99,2000001,0,user_20,365,378,4770
5579,99,2000001,0,user_19,365,379,4770
5586,97,2000001,0,user_25,365,378,4770
5587,98,2000001,0,user_26,365,378,4770
5823,95,2000001,0,user_8,366,376,4770
7202,98,2000000,0,user_36,371,376,
5156,99,2000000,0,user_44,363,376,
4770,99,2000000,350000,user_0,361,375,
4803,96,2000000,0,user_36,361,374,
4736,92,2000000,0,user_28,360,374,
4723,93,2000000,0,user_16,360,374,
4740,94,2000000,0,user_34,360,374,
4800,98,2000000,0,user_32,361,375,
5858,97,2000000,0,user_40,366,375,
6368,90,2000000,0,user_34,368,374,
6386,89,2000000,0,user_47,368,374,
6637,96,2000000,0,user_34,369,375,
6657,95,2000000,0,user_48,369,375,
5116,98,1999999,0,user_6,363,373,4770
5135,93,1999999,0,user_23,363,373,4770
5543,95,1999999,0,user_0,365,373,4770
5570,94,1999999,0,user_13,365,373,4770
5575,95,1999999,0,user_17,365,372,4770
5577,96,1999999,0,user_18,365,372,4770
5580,96,1999999,0,user_19,365,373,4770
5581,97,1999999,0,user_19,365,373,4770
5584,99,1999999,0,user_24,365,372,4770
6125,2,43000000,0,user_44,367,379,
6645,1,43000000,0,user_40,369,379,
6372,9,27000000,0,user_37,368,379,
6107,7,27000000,0,user_28,367,379,
4931,8,27000000,0,user_33,362,379,
4726,13,19000000,0,user_19,360,379,
6914,12,19000000,0,user_44,370,379,
5349,21,6300000,0,user_29,364,379,
5360,22,6300000,0,user_43,364,379,
5347,20,6300000,5630,user_27,364,379,
4737,18,6300000,0,user_29,360,379,
4806,17,6300000,0,user_37,361,379,
5153,19,6300000,0,user_42,363,379,
5594,15,6300000,0,user_31,365,379,
5841,16,6300000,0,user_29,366,379,
6641,24,6100000,0,user_37,369,379,
4743,28,6100000,0,user_36,360,379,
5863,26,6100000,0,user_45,366,379,
5842,27,6100000,0,user_30,366,379,
6647,25,6100000,0,user_41,369,379,
5364,34,5200000,0,user_46,364,379,
5352,33,5200000,0,user_34,364,379,
4924,32,5200000,0,user_27,362,379,
4948,31,5200000,0,user_48,362,379,
5593,30,5200000,21800,user_30,365,379,
5369,40,5000000,0,user_48,364,379,
5143,39,5000000,0,user_31,363,379,
4724,38,5000000,0,user_16,360,379,
7505,48,4500000,0,user_27,372,379,
7209,44,4500000,32900,user_45,371,379,
6378,47,4500000,0,user_40,368,379,
6119,46,4500000,0,user_38,367,379,
5614,45,4500000,0,user_48,365,379,
6649,43,4500000,256000,user_42,369,379,
4949,52,4200000,0,user_49,362,379,
4757,51,4200000,0,user_49,360,379,
5853,50,4200000,46500,user_37,366,379,
4927,57,3600000,75000,user_30,362,379,
6644,55,3600000,0,user_40,369,379,
6634,54,3600000,256000,user_31,369,379,
6916,56,3600000,0,user_47,370,379,
5110,59,3500001,0,user_1,363,379,4944
5125,60,3500001,0,user_12,363,379,4944
5138,61,3500001,0,user_26,363,379,4944
4944,65,3500000,161000,user_47,362,379,
6918,64,3500000,410000,user_47,370,379,
5111,66,3499999,0,user_2,363,379,4944
5317,73,3499999,0,user_8,364,379,4944
5128,67,3499999,0,user_13,363,379,4944
5133,71,3499999,0,user_18,363,379,4944
5129,69,3499999,0,user_15,363,379,4944
5130,70,3499999,0,user_15,363,379,4944
5321,72,3499999,0,user_9,364,379,4944
5117,68,3499999,0,user_6,363,379,4944
7517,78,3200000,0,user_44,372,379,
6376,77,3200000,0,user_39,368,379,
7208,81,2600000,0,user_44,371,379,
5362,82,2600000,0,user_44,364,379,
7843,84,2500000,0,user_45,373,379,
6127,88,2500000,0,user_46,367,379,
6118,86,2500000,0,user_37,367,379,
6631,85,2500000,0,user_28,369,379,
4947,87,2500000,0,user_47,362,379,
7201,92,2300000,0,user_36,371,379,
5154,91,2300000,0,user_42,363,379,
5140,96,2100000,11200,user_27,363,379,
7830,93,2100000,0,user_33,373,379,
5336,89,2000001,0,user_16,364,377,4770
5544,95,2000001,0,user_1,365,378,4770
5113,91,2000001,0,user_4,363,377,4770
5118,92,2000001,0,user_7,363,377,4770
5132,93,2000001,0,user_17,363,377,4770
5568,98,2000001,0,user_12,365,379,4770
5579,99,2000001,0,user_19,365,379,4770
5582,99,2000001,0,user_20,365,378,4770
4779,97,2000001,0,user_12,361,377,4770
5114,98,2000001,0,user_6,363,377,4770
5586,97,2000001,0,user_25,365,378,4770
5587,98,2000001,0,user_26,365,378,4770
5823,95,2000001,0,user_8,366,376,4770
7202,98,2000000,0,user_36,371,376,
6386,89,2000000,0,user_47,368,374,
6368,90,2000000,0,user_34,368,374,
5156,99,2000000,0,user_44,363,376,
4723,93,2000000,0,user_16,360,374,
4736,92,2000000,0,user_28,360,374,
4740,94,2000000,0,user_34,360,374,
4770,99,2000000,350000,user_0,361,375,
4800,98,2000000,0,user_32,361,375,
4803,96,2000000,0,user_36,361,374,
5858,97,2000000,0,user_40,366,375,
6657,95,2000000,0,user_48,369,375,
6637,96,2000000,0,user_34,369,375,
5135,93,1999999,0,user_23,363,373,4770
5570,94,1999999,0,user_13,365,373,4770
5543,95,1999999,0,user_0,365,373,4770
5580,96,1999999,0,user_19,365,373,4770
5581,97,1999999,0,user_19,365,373,4770
5116,98,1999999,0,user_6,363,373,4770
5555,99,1999999,0,user_6,365,373,4770
6645,1,43000000,0,user_40,369,379,
6125,2,43000000,0,user_44,367,379,
8173,3,30000000,0,user_44,374,379,
6372,9,27000000,0,user_37,368,379,
4931,8,27000000,0,user_33,362,379,
6107,7,27000000,0,user_28,367,379,
8155,6,27000000,0,user_27,374,379,
6914,12,19000000,0,user_44,370,379,
4726,13,19000000,0,user_19,360,379,
5594,15,6300000,0,user_31,365,379,
5349,21,6300000,0,user_29,364,379,
5360,22,6300000,0,user_43,364,379,
4737,18,6300000,0,user_29,360,379,
4806,17,6300000,0,user_37,361,379,
5153,19,6300000,0,user_42,363,379,
5347,20,6300000,5630,user_27,364,379,
5841,16,6300000,0,user_29,366,379,
6641,24,6100000,0,user_37,369,379,
6647,25,6100000,0,user_41,369,379,
5863,26,6100000,0,user_45,366,379,
4743,28,6100000,0,user_36,360,379,
5842,27,6100000,0,user_30,366,379,
5593,30,5200000,21800,user_30,365,379,
5364,34,5200000,0,user_46,364,379,
5352,33,5200000,0,user_34,364,379,
4948,31,5200000,0,user_48,362,379,
4924,32,5200000,0,user_27,362,379,
7835,37,5000000,0,user_38,373,379,
5369,40,5000000,0,user_48,364,379,
4724,38,5000000,0,user_16,360,379,
5143,39,5000000,0,user_31,363,379,
8156,41,4500000,510000,user_28,374,379,
8167,42,4500000,215000,user_37,374,379,
6119,46,4500000,0,user_38,367,379,
6378,47,4500000,0,user_40,368,379,
6649,43,4500000,256000,user_42,369,379,
5614,45,4500000,0,user_48,365,379,
7209,44,4500000,32900,user_45,371,379,
7505,48,4500000,0,user_27,372,379,
5853,50,4200000,46500,user_37,366,379,
4757,51,4200000,0,user_49,360,379,
4949,52,4200000,0,user_49,362,379,
6644,55,3600000,0,user_40,369,379,
6634,54,3600000,256000,user_31,369,379,
4927,57,3600000,75000,user_30,362,379,
6916,56,3600000,0,user_47,370,379,
5110,59,3500001,0,user_1,363,379,4944
5125,60,3500001,0,user_12,363,379,4944
5138,61,3500001,0,user_26,363,379,4944
7836,63,3500000,0,user_38,373,379,
4944,65,3500000,161000,user_47,362,379,
6918,64,3500000,410000,user_47,370,379,
5317,73,3499999,0,user_8,364,379,4944
5321,72,3499999,0,user_9,364,379,4944
5111,66,3499999,0,user_2,363,379,4944
5129,69,3499999,0,user_15,363,379,4944
5130,70,3499999,0,user_15,363,379,4944
5128,67,3499999,0,user_13,363,379,4944
5133,71,3499999,0,user_18,363,379,4944
5117,68,3499999,0,user_6,363,379,4944
7828,76,3200000,0,user_31,373,379,
7837,74,3200000,0,user_38,373,379,
6376,77,3200000,0,user_39,368,379,
7517,78,3200000,0,user_44,372,379,
5362,82,2600000,0,user_44,364,379,
7208,81,2600000,0,user_44,371,379,
7843,84,2500000,0,user_45,373,379,
6631,85,2500000,0,user_28,369,379,
6118,86,2500000,0,user_37,367,379,
6127,88,2500000,0,user_46,367,379,
4947,87,2500000,0,user_47,362,379,
5154,91,2300000,0,user_42,363,379,
7201,92,2300000,0,user_36,371,379,
7830,93,2100000,0,user_33,373,379,
5140,96,2100000,11200,user_27,363,379,
5544,95,2000001,0,user_1,365,378,4770
5568,98,2000001,0,user_12,365,379,4770
5586,97,2000001,0,user_25,365,378,4770
5587,98,2000001,0,user_26,365,378,4770
5582,99,2000001,0,user_20,365,378,4770
5336,89,2000001,0,user_16,364,377,4770
5579,99,2000001,0,user_19,365,379,4770
4779,97,2000001,0,user_12,361,377,4770
5113,91,2000001,0,user_4,363,377,4770
5118,92,2000001,0,user_7,363,377,4770
5132,93,2000001,0,user_17,363,377,4770
5114,98,2000001,0,user_6,363,377,4770
5823,95,2000001,0,user_8,366,376,4770
6657,95,2000000,0,user_48,369,375,
6386,89,2000000,0,user_47,368,374,
6368,90,2000000,0,user_34,368,374,
6637,96,2000000,0,user_34,369,375,
4736,92,2000000,0,user_28,360,374,
4723,93,2000000,0,user_16,360,374,
4740,94,2000000,0,user_34,360,374,
4770,99,2000000,350000,user_0,361,375,
4803,96,2000000,0,user_36,361,374,
4800,98,2000000,0,user_32,361,375,
5156,99,2000000,0,user_44,363,376,
5858,97,2000000,0,user_40,366,375,
6645,1,43000000,0,user_40,369,379,
6125,2,43000000,0,user_44,367,379,
8173,3,30000000,0,user_44,374,379,
8155,6,27000000,0,user_27,374,379,
6107,7,27000000,0,user_28,367,379,
4931,8,27000000,0,user_33,362,379,
6372,9,27000000,0,user_37,368,379,
6914,12,19000000,0,user_44,370,379,
4726,13,19000000,0,user_19,360,379,
5594,15,6300000,0,user_31,365,379,
5841,16,6300000,0,user_29,366,379,
4806,17,6300000,0,user_37,361,379,
4737,18,6300000,0,user_29,360,379,
5153,19,6300000,0,user_42,363,379,
5347,20,6300000,5630,user_27,364,379,
5349,21,6300000,0,user_29,364,379,
5360,22,6300000,0,user_43,364,379,
6641,24,6100000,0,user_37,369,379,
6647,25,6100000,0,user_41,369,379,
5863,26,6100000,0,user_45,366,379,
5842,27,6100000,0,user_30,366,379,
4743,28,6100000,0,user_36,360,379,
5593,30,5200000,21800,user_30,365,379,
4948,31,5200000,0,user_48,362,379,
4924,32,5200000,0,user_27,362,379,
5352,33,5200000,0,user_34,364,379,
5364,34,5200000,0,user_46,364,379,
7835,37,5000000,0,user_38,373,379,
4724,38,5000000,0,user_16,360,379,
5143,39,5000000,0,user_31,363,379,
5369,40,5000000,0,user_48,364,379,
8156,41,4500000,510000,user_28,374,379,
8167,42,4500000,215000,user_37,374,379,
6649,43,4500000,256000,user_42,369,379,
7209,44,4500000,32900,user_45,371,379,
5614,45,4500000,0,user_48,365,379,
6119,46,4500000,0,user_38,367,379,
6378,47,4500000,0,user_40,368,379,
7505,48,4500000,0,user_27,372,379,
5853,50,4200000,46500,user_37,366,379,
4757,51,4200000,0,user_49,360,379,
4949,52,4200000,0,user_49,362,379,
8540,53,4200000,0,user_48,375,379,
6634,54,3600000,256000,user_31,369,379,
6644,55,3600000,0,user_40,369,379,
6916,56,3600000,0,user_47,370,379,
4927,57,3600000,75000,user_30,362,379,
5110,59,3500001,0,user_1,363,379,4944
5125,60,3500001,0,user_12,363,379,4944
5138,61,3500001,0,user_26,363,379,4944
7836,63,3500000,0,user_38,373,379,
6918,64,3500000,410000,user_47,370,379,
4944,65,3500000,161000,user_47,362,379,
5111,66,3499999,0,user_2,363,379,4944
5128,67,3499999,0,user_13,363,379,4944
5117,68,3499999,0,user_6,363,379,4944
5129,69,3499999,0,user_15,363,379,4944
5130,70,3499999,0,user_15,363,379,4944
5133,71,3499999,0,user_18,363,379,4944
5321,72,3499999,0,user_9,364,379,4944
5317,73,3499999,0,user_8,364,379,4944
7837,74,3200000,0,user_38,373,379,
8159,75,3200000,0,user_31,374,379,
7828,76,3200000,0,user_31,373,379,
6376,77,3200000,0,user_39,368,379,
7517,78,3200000,0,user_44,372,379,
7208,81,2600000,0,user_44,371,379,
5362,82,2600000,0,user_44,364,379,
7843,84,2500000,0,user_45,373,379,
6631,85,2500000,0,user_28,369,379,
6118,86,2500000,0,user_37,367,379,
4947,87,2500000,0,user_47,362,379,
6127,88,2500000,0,user_46,367,379,
8542,90,2400000,0,user_48,375,379,
5154,91,2300000,0,user_42,363,379,
7201,92,2300000,0,user_36,371,379,
7830,93,2100000,0,user_33,373,379,
8163,94,2100000,769000,user_35,374,379,
8534,95,2100000,0,user_45,375,379,
5140,96,2100000,11200,user_27,363,379,
8541,97,2100000,0,user_48,375,379,
5568,98,2000001,0,user_12,365,379,4770
5579,99,2000001,0,user_19,365,379,4770
5582,99,2000001,0,user_20,365,378,4770
5586,97,2000001,0,user_25,365,378,4770
5587,98,2000001,0,user_26,365,378,4770
5823,95,2000001,0,user_8,366,376,4770
4779,97,2000001,0,user_12,361,377,4770
5113,91,2000001,0,user_4,363,377,4770
5114,98,2000001,0,user_6,363,377,4770
5118,92,2000001,0,user_7,363,377,4770
5132,93,2000001,0,user_17,363,377,4770
5336,89,2000001,0,user_16,364,377,4770
5544,95,2000001,0,user_1,365,378,4770
8532,96,2000000,0,user_44,375,376,
6657,95,2000000,0,user_48,369,375,
6637,96,2000000,0,user_34,369,375,
5858,97,2000000,0,user_40,366,375,
4800,98,2000000,0,user_32,361,375,
4770,99,2000000,350000,user_0,361,375,
6125,2,43000000,0,user_44,367,379,
6645,1,43000000,0,user_40,369,379,
8173,3,30000000,0,user_44,374,379,
6107,7,27000000,0,user_28,367,379,
6372,9,27000000,0,user_37,368,379,
4931,8,27000000,0,user_33,362,379,
8155,6,27000000,0,user_27,374,379,
4726,13,19000000,0,user_19,360,379,
6914,12,19000000,0,user_44,370,379,
5153,19,6300000,0,user_42,363,379,
4806,17,6300000,0,user_37,361,379,
4737,18,6300000,0,user_29,360,379,
5349,21,6300000,0,user_29,364,379,
5360,22,6300000,0,user_43,364,379,
5347,20,6300000,5630,user_27,364,379,
5594,15,6300000,0,user_31,365,379,
5841,16,6300000,0,user_29,366,379,
8908,23,6300000,594000,user_34,376,379,
4743,28,6100000,0,user_36,360,379,
5842,27,6100000,0,user_30,366,379,
5863,26,6100000,0,user_45,366,379,
6641,24,6100000,0,user_37,369,379,
6647,25,6100000,0,user_41,369,379,
8917,29,6100000,0,user_42,376,379,
4924,32,5200000,0,user_27,362,379,
4948,31,5200000,0,user_48,362,379,
5364,34,5200000,0,user_46,364,379,
5352,33,5200000,0,user_34,364,379,
5593,30,5200000,21800,user_30,365,379,
5143,39,5000000,0,user_31,363,379,
4724,38,5000000,0,user_16,360,379,
5369,40,5000000,0,user_48,364,379,
7835,37,5000000,0,user_38,373,379,
7209,44,4500000,32900,user_45,371,379,
6119,46,4500000,0,user_38,367,379,
5614,45,4500000,0,user_48,365,379,
6378,47,4500000,0,user_40,368,379,
6649,43,4500000,256000,user_42,369,379,
7505,48,4500000,0,user_27,372,379,
8167,42,4500000,215000,user_37,374,379,
8156,41,4500000,510000,user_28,374,379,
8540,53,4200000,0,user_48,375,379,
4949,52,4200000,0,user_49,362,379,
4757,51,4200000,0,user_49,360,379,
5853,50,4200000,46500,user_37,366,379,
4927,57,3600000,75000,user_30,362,379,
6634,54,3600000,256000,user_31,369,379,
6644,55,3600000,0,user_40,369,379,
6916,56,3600000,0,user_47,370,379,
5125,60,3500001,0,user_12,363,379,4944
5138,61,3500001,0,user_26,363,379,4944
5110,59,3500001,0,user_1,363,379,4944
4944,65,3500000,161000,user_47,362,379,
6918,64,3500000,410000,user_47,370,379,
7836,63,3500000,0,user_38,373,379,
5128,67,3499999,0,user_13,363,379,4944
5117,68,3499999,0,user_6,363,379,4944
5129,69,3499999,0,user_15,363,379,4944
5130,70,3499999,0,user_15,363,379,4944
5133,71,3499999,0,user_18,363,379,4944
5111,66,3499999,0,user_2,363,379,4944
5317,73,3499999,0,user_8,364,379,4944
5321,72,3499999,0,user_9,364,379,4944
7517,78,3200000,0,user_44,372,379,
6376,77,3200000,0,user_39,368,379,
7828,76,3200000,0,user_31,373,379,
7837,74,3200000,0,user_38,373,379,
8159,75,3200000,0,user_31,374,379,
7208,81,2600000,0,user_44,371,379,
5362,82,2600000,0,user_44,364,379,
6127,88,2500000,0,user_46,367,379,
6118,86,2500000,0,user_37,367,379,
4947,87,2500000,0,user_47,362,379,
6631,85,2500000,0,user_28,369,379,
7843,84,2500000,0,user_45,373,379,
8542,90,2400000,0,user_48,375,379,
7201,92,2300000,0,user_36,371,379,
5154,91,2300000,0,user_42,363,379,
8163,94,2100000,769000,user_35,374,379,
8541,97,2100000,0,user_48,375,379,
8534,95,2100000,0,user_45,375,379,
5140,96,2100000,11200,user_27,363,379,
7830,93,2100000,0,user_33,373,379,
5113,91,2000001,0,user_4,363,377,4770
5114,98,2000001,0,user_6,363,377,4770
5118,92,2000001,0,user_7,363,377,4770
5132,93,2000001,0,user_17,363,377,4770
4779,97,2000001,0,user_12,361,377,4770
5336,89,2000001,0,user_16,364,377,4770
5544,95,2000001,0,user_1,365,378,4770
5568,98,2000001,0,user_12,365,379,4770
5582,99,2000001,0,user_20,365,378,4770
5579,99,2000001,0,user_19,365,379,4770
5586,97,2000001,0,user_25,365,378,4770
5587,98,2000001,0,user_26,365,378,4770
5823,95,2000001,0,user_8,366,376,4770
8532,96,2000000,0,user_44,375,376,
8520,97,2000000,0,user_29,375,376,
7202,98,2000000,0,user_36,371,376,
5156,99,2000000,0,user_44,363,376,
9304,0,43000000,410000,user_45,377,379,
6125,2,43000000,0,user_44,367,379,
6645,1,43000000,0,user_40,369,379,
8173,3,30000000,0,user_44,374,379,
9302,4,27000000,0,user_44,377,379,
9305,5,27000000,0,user_45,377,379,
6372,9,27000000,0,user_37,368,379,
6107,7,27000000,0,user_28,367,379,
4931,8,27000000,0,user_33,362,379,
8155,6,27000000,0,user_27,374,379,
4726,13,19000000,0,user_19,360,379,
6914,12,19000000,0,user_44,370,379,
8908,23,6300000,594000,user_34,376,379,
5349,21,6300000,0,user_29,364,379,
5360,22,6300000,0,user_43,364,379,
5347,20,6300000,5630,user_27,364,379,
4737,18,6300000,0,user_29,360,379,
4806,17,6300000,0,user_37,361,379,
5153,19,6300000,0,user_42,363,379,
5594,15,6300000,0,user_31,365,379,
5841,16,6300000,0,user_29,366,379,
8917,29,6100000,0,user_42,376,379,
6641,24,6100000,0,user_37,369,379,
4743,28,6100000,0,user_36,360,379,
5863,26,6100000,0,user_45,366,379,
5842,27,6100000,0,user_30,366,379,
6647,25,6100000,0,user_41,369,379,
5364,34,5200000,0,user_46,364,379,
5352,33,5200000,0,user_34,364,379,
4924,32,5200000,0,user_27,362,379,
4948,31,5200000,0,user_48,362,379,
5593,30,5200000,21800,user_30,365,379,
7835,37,5000000,0,user_38,373,379,
5369,40,5000000,0,user_48,364,379,
5143,39,5000000,0,user_31,363,379,
4724,38,5000000,0,user_16,360,379,
9288,35,5000000,0,user_33,377,379,
8156,41,4500000,510000,user_28,374,379,
8167,42,4500000,215000,user_37,374,379,
7505,48,4500000,0,user_27,372,379,
7209,44,4500000,32900,user_45,371,379,
6378,47,4500000,0,user_40,368,379,
6119,46,4500000,0,user_38,367,379,
5614,45,4500000,0,user_48,365,379,
6649,43,4500000,256000,user_42,369,379,
8540,53,4200000,0,user_48,375,379,
4949,52,4200000,0,user_49,362,379,
4757,51,4200000,0,user_49,360,379,
5853,50,4200000,46500,user_37,366,379,
4927,57,3600000,75000,user_30,362,379,
6644,55,3600000,0,user_40,369,379,
6634,54,3600000,256000,user_31,369,379,
6916,56,3600000,0,user_47,370,379,
5110,59,3500001,0,user_1,363,379,4944
5125,60,3500001,0,user_12,363,379,4944
5138,61,3500001,0,user_26,363,379,4944
7836,63,3500000,0,user_38,373,379,
4944,65,3500000,161000,user_47,362,379,
6918,64,3500000,410000,user_47,370,379,
5111,66,3499999,0,user_2,363,379,4944
5317,73,3499999,0,user_8,364,379,4944
5128,67,3499999,0,user_13,363,379,4944
5133,71,3499999,0,user_18,363,379,4944
5129,69,3499999,0,user_15,363,379,4944
5130,70,3499999,0,user_15,363,379,4944
5321,72,3499999,0,user_9,364,379,4944
5117,68,3499999,0,user_6,363,379,4944
7828,76,3200000,0,user_31,373,379,
7837,74,3200000,0,user_38,373,379,
8159,75,3200000,0,user_31,374,379,
7517,78,3200000,0,user_44,372,379,
6376,77,3200000,0,user_39,368,379,
7208,81,2600000,0,user_44,371,379,
5362,82,2600000,0,user_44,364,379,
9300,80,2600000,71800,user_41,377,379,
7843,84,2500000,0,user_45,373,379,
6127,88,2500000,0,user_46,367,379,
6118,86,2500000,0,user_37,367,379,
6631,85,2500000,0,user_28,369,379,
4947,87,2500000,0,user_47,362,379,
8542,90,2400000,0,user_48,375,379,
8905,89,2400000,0,user_31,376,379,
7201,92,2300000,0,user_36,371,379,
5154,91,2300000,0,user_42,363,379,
7830,93,2100000,0,user_33,373,379,
8163,94,2100000,769000,user_35,374,379,
8541,97,2100000,0,user_48,375,379,
8534,95,2100000,0,user_45,375,379,
5140,96,2100000,11200,user_27,363,379,
5336,89,2000001,0,user_16,364,377,4770
5544,95,2000001,0,user_1,365,378,4770
5113,91,2000001,0,user_4,363,377,4770
5118,92,2000001,0,user_7,363,377,4770
5132,93,2000001,0,user_17,363,377,4770
5568,98,2000001,0,user_12,365,379,4770
5579,99,2000001,0,user_19,365,379,4770
5582,99,2000001,0,user_20,365,378,4770
4779,97,2000001,0,user_12,361,377,4770
5114,98,2000001,0,user_6,363,377,4770
5586,97,2000001,0,user_25,365,378,4770
6645,1,43000000,0,user_40,369,379,
6125,2,43000000,0,user_44,367,379,
9304,0,43000000,410000,user_45,377,379,
8173,3,30000000,0,user_44,374,379,
6372,9,27000000,0,user_37,368,379,
4931,8,27000000,0,user_33,362,379,
6107,7,27000000,0,user_28,367,379,
8155,6,27000000,0,user_27,374,379,
9305,5,27000000,0,user_45,377,379,
9302,4,27000000,0,user_44,377,379,
9691,10,19000000,0,user_44,378,379,
6914,12,19000000,0,user_44,370,379,
4726,13,19000000,0,user_19,360,379,
9697,11,19000000,0,user_47,378,379,
5594,15,6300000,0,user_31,365,379,
5349,21,6300000,0,user_29,364,379,
5360,22,6300000,0,user_43,364,379,
4737,18,6300000,0,user_29,360,379,
4806,17,6300000,0,user_37,361,379,
5153,19,6300000,0,user_42,363,379,
5347,20,6300000,5630,user_27,364,379,
5841,16,6300000,0,user_29,366,379,
8908,23,6300000,594000,user_34,376,379,
6641,24,6100000,0,user_37,369,379,
6647,25,6100000,0,user_41,369,379,
5863,26,6100000,0,user_45,366,379,
4743,28,6100000,0,user_36,360,379,
5842,27,6100000,0,user_30,366,379,
8917,29,6100000,0,user_42,376,379,
5593,30,5200000,21800,user_30,365,379,
5364,34,5200000,0,user_46,364,379,
5352,33,5200000,0,user_34,364,379,
4948,31,5200000,0,user_48,362,379,
4924,32,5200000,0,user_27,362,379,
7835,37,5000000,0,user_38,373,379,
5369,40,5000000,0,user_48,364,379,
4724,38,5000000,0,user_16,360,379,
5143,39,5000000,0,user_31,363,379,
9288,35,5000000,0,user_33,377,379,
9676,36,5000000,0,user_29,378,379,
8156,41,4500000,510000,user_28,374,379,
8167,42,4500000,215000,user_37,374,379,
6119,46,4500000,0,user_38,367,379,
6378,47,4500000,0,user_40,368,379,
6649,43,4500000,256000,user_42,369,379,
5614,45,4500000,0,user_48,365,379,
7209,44,4500000,32900,user_45,371,379,
7505,48,4500000,0,user_27,372,379,
9693,49,4200000,0,user_44,378,379,
5853,50,4200000,46500,user_37,366,379,
4757,51,4200000,0,user_49,360,379,
4949,52,4200000,0,user_49,362,379,
8540,53,4200000,0,user_48,375,379,
6644,55,3600000,0,user_40,369,379,
6634,54,3600000,256000,user_31,369,379,
4927,57,3600000,75000,user_30,362,379,
6916,56,3600000,0,user_47,370,379,
5110,59,3500001,0,user_1,363,379,4944
5125,60,3500001,0,user_12,363,379,4944
5138,61,3500001,0,user_26,363,379,4944
7836,63,3500000,0,user_38,373,379,
4944,65,3500000,161000,user_47,362,379,
6918,64,3500000,410000,user_47,370,379,
9701,62,3500000,0,user_48,378,379,
5317,73,3499999,0,user_8,364,379,4944
5321,72,3499999,0,user_9,364,379,4944
5111,66,3499999,0,user_2,363,379,4944
5129,69,3499999,0,user_15,363,379,4944
5130,70,3499999,0,user_15,363,379,4944
5128,67,3499999,0,user_13,363,379,4944
5133,71,3499999,0,user_18,363,379,4944
5117,68,3499999,0,user_6,363,379,4944
7828,76,3200000,0,user_31,373,379,
7837,74,3200000,0,user_38,373,379,
6376,77,3200000,0,user_39,368,379,
7517,78,3200000,0,user_44,372,379,
8159,75,3200000,0,user_31,374,379,
5362,82,2600000,0,user_44,364,379,
7208,81,2600000,0,user_44,371,379,
9300,80,2600000,71800,user_41,377,379,
7843,84,2500000,0,user_45,373,379,
6631,85,2500000,0,user_28,369,379,
6118,86,2500000,0,user_37,367,379,
6127,88,2500000,0,user_46,367,379,
4947,87,2500000,0,user_47,362,379,
9681,83,2500000,0,user_34,378,379,
8542,90,2400000,0,user_48,375,379,
8905,89,2400000,0,user_31,376,379,
5154,91,2300000,0,user_42,363,379,
7201,92,2300000,0,user_36,371,379,
7830,93,2100000,0,user_33,373,379,
5140,96,2100000,11200,user_27,363,379,
8163,94,2100000,769000,user_35,374,379,
8534,95,2100000,0,user_45,375,379,
8541,97,2100000,0,user_48,375,379,
5544,95,2000001,0,user_1,365,378,4770
5568,98,2000001,0,user_12,365,379,4770
5586,97,2000001,0,user_25,365,378,4770
5587,98,2000001,0,user_26,365,378,4770
5582,99,2000001,0,user_20,365,378,4770
9304,0,43000000,410000,user_45,377,379,
6645,1,43000000,0,user_40,369,379,
6125,2,43000000,0,user_44,367,379,
8173,3,30000000,0,user_44,374,379,
9302,4,27000000,0,user_44,377,379,
9305,5,27000000,0,user_45,377,379,
8155,6,27000000,0,user_27,374,379,
6107,7,27000000,0,user_28,367,379,
4931,8,27000000,0,user_33,362,379,
6372,9,27000000,0,user_37,368,379,
9691,10,19000000,0,user_44,378,379,
9697,11,19000000,0,user_47,378,379,
6914,12,19000000,0,user_44,370,379,
4726,13,19000000,0,user_19,360,379,
10103,14,19000000,0,user_48,379,379,
5594,15,6300000,0,user_31,365,379,
5841,16,6300000,0,user_29,366,379,
4806,17,6300000,0,user_37,361,379,
4737,18,6300000,0,user_29,360,379,
5153,19,6300000,0,user_42,363,379,
5347,20,6300000,5630,user_27,364,379,
5349,21,6300000,0,user_29,364,379,
5360,22,6300000,0,user_43,364,379,
8908,23,6300000,594000,user_34,376,379,
6641,24,6100000,0,user_37,369,379,
6647,25,6100000,0,user_41,369,379,
5863,26,6100000,0,user_45,366,379,
5842,27,6100000,0,user_30,366,379,
4743,28,6100000,0,user_36,360,379,
8917,29,6100000,0,user_42,376,379,
5593,30,5200000,21800,user_30,365,379,
4948,31,5200000,0,user_48,362,379,
4924,32,5200000,0,user_27,362,379,
5352,33,5200000,0,user_34,364,379,
5364,34,5200000,0,user_46,364,379,
9288,35,5000000,0,user_33,377,379,
9676,36,5000000,0,user_29,378,379,
7835,37,5000000,0,user_38,373,379,
4724,38,5000000,0,user_16,360,379,
5143,39,5000000,0,user_31,363,379,
5369,40,5000000,0,user_48,364,379,
8156,41,4500000,510000,user_28,374,379,
8167,42,4500000,215000,user_37,374,379,
6649,43,4500000,256000,user_42,369,379,
7209,44,4500000,32900,user_45,371,379,
5614,45,4500000,0,user_48,365,379,
6119,46,4500000,0,user_38,367,379,
6378,47,4500000,0,user_40,368,379,
7505,48,4500000,0,user_27,372,379,
9693,49,4200000,0,user_44,378,379,
5853,50,4200000,46500,user_37,366,379,
4757,51,4200000,0,user_49,360,379,
4949,52,4200000,0,user_49,362,379,
8540,53,4200000,0,user_48,375,379,
6634,54,3600000,256000,user_31,369,379,
6644,55,3600000,0,user_40,369,379,
6916,56,3600000,0,user_47,370,379,
4927,57,3600000,75000,user_30,362,379,
10092,58,3600000,0,user_34,379,379,
5110,59,3500001,0,user_1,363,379,4944
5125,60,3500001,0,user_12,363,379,4944
5138,61,3500001,0,user_26,363,379,4944
9701,62,3500000,0,user_48,378,379,
7836,63,3500000,0,user_38,373,379,
6918,64,3500000,410000,user_47,370,379,
4944,65,3500000,161000,user_47,362,379,
5111,66,3499999,0,user_2,363,379,4944
5128,67,3499999,0,user_13,363,379,4944
5117,68,3499999,0,user_6,363,379,4944
5129,69,3499999,0,user_15,363,379,4944
5130,70,3499999,0,user_15,363,379,4944
5133,71,3499999,0,user_18,363,379,4944
5321,72,3499999,0,user_9,364,379,4944
5317,73,3499999,0,user_8,364,379,4944
7837,74,3200000,0,user_38,373,379,
8159,75,3200000,0,user_31,374,379,
7828,76,3200000,0,user_31,373,379,
6376,77,3200000,0,user_39,368,379,
7517,78,3200000,0,user_44,372,379,
10096,79,3200000,0,user_39,379,379,
9300,80,2600000,71800,user_41,377,379,
7208,81,2600000,0,user_44,371,379,
5362,82,2600000,0,user_44,364,379,
9681,83,2500000,0,user_34,378,379,
7843,84,2500000,0,user_45,373,379,
6631,85,2500000,0,user_28,369,379,
6118,86,2500000,0,user_37,367,379,
4947,87,2500000,0,user_47,362,379,
6127,88,2500000,0,user_46,367,379,
8905,89,2400000,0,user_31,376,379,
8542,90,2400000,0,user_48,375,379,
5154,91,2300000,0,user_42,363,379,
7201,92,2300000,0,user_36,371,379,
7830,93,2100000,0,user_33,373,379,
8163,94,2100000,769000,user_35,374,379,
8534,95,2100000,0,user_45,375,379,
5140,96,2100000,11200,user_27,363,379,
8541,97,2100000,0,user_48,375,379,
5568,98,2000001,0,user_12,365,379,4770
5579,99,2000001,0,user_19,365,379,4770
4726,13,19000000,0,user_19,380,399,
4737,18,6300000,0,user_29,380,399,
4743,28,6100000,0,user_36,380,399,
4724,38,5000000,0,user_16,380,399,
4736,92,2000000,0,user_28,380,394,
4723,93,2000000,0,user_16,380,394,
4740,94,2000000,0,user_34,380,394,
4734,97,1900000,0,user_24,380,390,
4731,97,1700000,0,user_23,380,389,
4735,94,1500000,128000,user_27,380,387,
4730,94,1400000,0,user_23,380,385,
4732,95,1400000,0,user_23,380,385,
4749,96,1400000,0,user_42,380,385,
4713,99,1300000,0,user_4,380,385,
4753,84,1000000,0,user_44,380,384,
4751,83,1000000,0,user_42,380,384,
4714,74,670000,0,user_6,380,383,
4715,78,530000,0,user_7,380,383,
4717,79,470000,0,user_9,380,383,
4752,85,350000,0,user_42,380,383,
4716,88,320000,0,user_8,380,383,
4722,90,310000,0,user_16,380,383,
4754,69,260000,0,user_45,380,382,
4755,68,260000,0,user_48,380,382,
4729,74,170000,0,user_23,380,382,
4725,77,160000,0,user_16,380,382,
4733,78,160000,0,user_24,380,382,
4745,84,120000,0,user_40,380,382,
4750,85,120000,0,user_42,380,382,
4747,65,110000,33300,user_41,380,381,
4718,72,100000,0,user_11,380,381,
4719,73,100000,0,user_11,380,381,
4721,75,82000,0,user_14,380,381,
4728,74,82000,0,user_23,380,381,
4746,76,82000,0,user_40,380,381,
4727,77,80000,0,user_20,380,381,
4748,80,73000,195000,user_42,380,381,
4720,37,70000,0,user_13,380,380,
4737,18,6300000,0,user_29,380,399,
4806,17,6300000,0,user_37,381,399,
4743,28,6100000,0,user_36,380,399,
4724,38,5000000,0,user_16,380,399,
4757,51,4200000,0,user_49,380,399,
4779,97,2000001,0,user_12,381,397,4770
4723,93,2000000,0,user_16,380,394,
4736,92,2000000,0,user_28,380,394,
4740,94,2000000,0,user_34,380,394,
4770,99,2000000,350000,user_0,381,395,
4800,98,2000000,0,user_32,381,395,
4803,96,2000000,0,user_36,381,394,
4734,97,1900000,0,user_24,380,390,
4731,97,1700000,0,user_23,380,389,
4780,98,1500001,0,user_14,381,388,4735
4793,99,1500001,0,user_22,381,388,4735
4735,94,1500000,128000,user_27,380,387,
4771,99,1499999,0,user_1,381,387,4735
4792,94,1499999,0,user_21,381,386,4735
4794,95,1499999,0,user_22,381,386,4735
4786,96,1499999,0,user_17,381,386,4735
4787,97,1499999,0,user_17,381,386,4735
4788,98,1499999,0,user_17,381,386,4735
4730,94,1400000,0,user_23,380,385,
4732,95,1400000,0,user_23,380,385,
4749,96,1400000,0,user_42,380,385,
4769,97,1400000,0,user_0,381,385,
4713,99,1300000,0,user_4,380,385,
4756,82,1100000,0,user_49,380,384,
4741,81,1100000,0,user_35,380,384,
4753,84,1000000,0,user_44,380,384,
4751,83,1000000,0,user_42,380,384,
4714,74,670000,0,user_6,380,383,
4715,78,530000,0,user_7,380,383,
4717,79,470000,0,user_9,380,383,
4809,81,460000,12300,user_44,381,383,
4739,84,370000,0,user_31,380,383,
4752,85,350000,0,user_42,380,383,
4744,86,340000,0,user_38,380,383,
4716,88,320000,0,user_8,380,383,
4722,90,310000,0,user_16,380,383,
4813,95,300000,71800,user_46,381,383,
4738,67,260000,0,user_31,380,382,
4755,68,260000,0,user_48,380,382,
4754,69,260000,0,user_45,380,382,
4804,70,260000,0,user_37,381,382,
4810,71,240000,0,user_45,381,382,
4799,72,220000,0,user_28,381,382,
4801,73,190000,0,user_33,381,382,
4729,74,170000,0,user_23,380,382,
4807,75,170000,0,user_40,381,382,
4725,77,160000,0,user_16,380,382,
4733,78,160000,0,user_24,380,382,
4811,79,160000,0,user_45,381,382,
4802,80,160000,0,user_33,381,382,
4798,81,160000,0,user_27,381,382,
4805,82,150000,0,user_37,381,382,
4745,84,120000,0,user_40,380,382,
4750,85,120000,0,user_42,380,382,
4812,86,120000,0,user_46,381,382,
4781,91,110001,0,user_14,381,382,4747
4782,93,110001,0,user_15,381,382,4747
4791,92,110001,0,user_21,381,382,4747
4784,94,110001,0,user_17,381,382,4747
4789,95,110001,0,user_18,381,382,4747
4747,65,110000,33300,user_41,380,381,
4742,66,110000,0,user_35,380,381,
4775,67,109999,0,user_6,381,381,4747
4796,68,109999,0,user_25,381,381,4747
4797,69,109999,0,user_26,381,381,4747
4785,70,109999,0,user_17,381,381,4747
4795,71,109999,0,user_24,381,381,4747
4718,72,100000,0,user_11,380,381,
4719,73,100000,0,user_11,380,381,
4728,74,82000,0,user_23,380,381,
4721,75,82000,0,user_14,380,381,
4746,76,82000,0,user_40,380,381,
4727,77,80000,0,user_20,380,381,
4790,78,73001,0,user_20,381,381,4748
4772,79,73001,0,user_3,381,381,4748
4748,80,73000,195000,user_42,380,381,
4774,81,72999,0,user_5,381,381,4748
4777,82,72999,0,user_10,381,381,4748
4773,83,72999,0,user_3,381,381,4748
4776,84,72999,0,user_6,381,381,4748
4778,85,72999,0,user_11,381,381,4748
4783,86,72999,0,user_16,381,381,4748
4931,8,27000000,0,user_33,382,399,
4726,13,19000000,0,user_19,380,399,
4737,18,6300000,0,user_29,380,399,
4806,17,6300000,0,user_37,381,399,
4743,28,6100000,0,user_36,380,399,
4948,31,5200000,0,user_48,382,399,
4924,32,5200000,0,user_27,382,399,
4724,38,5000000,0,user_16,380,399,
4757,51,4200000,0,user_49,380,399,
4927,57,3600000,75000,user_30,382,399,
4944,65,3500000,161000,user_47,382,399,
4947,87,2500000,0,user_47,382,399,
4779,97,2000001,0,user_12,381,397,4770
4736,92,2000000,0,user_28,380,394,
4723,93,2000000,0,user_16,380,394,
4740,94,2000000,0,user_34,380,394,
4770,99,2000000,350000,user_0,381,395,
4803,96,2000000,0,user_36,381,394,
4800,98,2000000,0,user_32,381,395,
4734,97,1900000,0,user_24,380,390,
4731,97,1700000,0,user_23,380,389,
4808,99,1600000,0,user_43,381,389,
4780,98,1500001,0,user_14,381,388,4735
4793,99,1500001,0,user_22,381,388,4735
4922,97,1500001,0,user_24,382,388,4735
4735,94,1500000,128000,user_27,380,387,
4771,99,1499999,0,user_1,381,387,4735
4792,94,1499999,0,user_21,381,386,4735
4794,95,1499999,0,user_22,381,386,4735
4786,96,1499999,0,user_17,381,386,4735
4787,97,1499999,0,user_17,381,386,4735
4788,98,1499999,0,user_17,381,386,4735
4895,99,1499999,0,user_2,382,386,4735
4912,98,1499999,0,user_21,382,387,4735
4730,94,1400000,0,user_23,380,385,
4732,95,1400000,0,user_23,380,385,
4749,96,1400000,0,user_42,380,385,
4769,97,1400000,0,user_0,381,385,
4932,92,1400000,0,user_33,382,385,
4713,99,1300000,0,user_4,380,385,
4756,82,1100000,0,user_49,380,384,
4741,81,1100000,0,user_35,380,384,
4753,84,1000000,0,user_44,380,384,
4751,83,1000000,0,user_42,380,384,
4714,74,670000,0,user_6,380,383,
4939,76,630000,0,user_39,382,383,
4935,77,600000,0,user_37,382,383,
4715,78,530000,0,user_7,380,383,
4717,79,470000,0,user_9,380,383,
4903,80,460001,0,user_11,382,383,4809
4809,81,460000,12300,user_44,381,383,
4902,83,459999,0,user_11,382,383,4809
4739,84,370000,0,user_31,380,383,
4752,85,350000,0,user_42,380,383,
4744,86,340000,0,user_38,380,383,
4716,88,320000,0,user_8,380,383,
4722,90,310000,0,user_16,380,383,
4925,89,310000,0,user_30,382,383,
4907,92,300001,0,user_14,382,383,4813
4921,93,300001,0,user_23,382,383,4813
4901,94,300001,0,user_9,382,383,4813
4813,95,300000,71800,user_46,381,383,
4896,96,299999,0,user_4,382,383,4813
4911,97,299999,0,user_20,382,383,4813
4899,99,299999,0,user_6,382,383,4813
4900,65,299999,0,user_6,382,382,4813
4915,98,299999,0,user_21,382,383,4813
4738,67,260000,0,user_31,380,382,
4755,68,260000,0,user_48,380,382,
4754,69,260000,0,user_45,380,382,
4804,70,260000,0,user_37,381,382,
4810,71,240000,0,user_45,381,382,
4799,72,220000,0,user_28,381,382,
4801,73,190000,0,user_33,381,382,
4729,74,170000,0,user_23,380,382,
4807,75,170000,0,user_40,381,382,
4943,76,170000,4320000,user_47,382,382,
4725,77,160000,0,user_16,380,382,
4733,78,160000,0,user_24,380,382,
4811,79,160000,0,user_45,381,382,
4802,80,160000,0,user_33,381,382,
4798,81,160000,0,user_27,381,382,
4805,82,150000,0,user_37,381,382,
4945,83,150000,0,user_47,382,382,
4745,84,120000,0,user_40,380,382,
4750,85,120000,0,user_42,380,382,
4812,86,120000,0,user_46,381,382,
4814,87,120000,0,user_49,381,382,
4938,88,120000,0,user_39,382,382,
4934,89,120000,0,user_36,382,382,
4946,90,120000,46500,user_47,382,382,
4781,91,110001,0,user_14,381,382,4747
4791,92,110001,0,user_21,381,382,4747
4782,93,110001,0,user_15,381,382,4747
4784,94,110001,0,user_17,381,382,4747
4789,95,110001,0,user_18,381,382,4747
4897,96,110001,0,user_5,382,382,4747
4898,97,110001,0,user_5,382,382,4747
4905,98,110001,0,user_12,382,382,4747
4908,99,110001,0,user_15,382,382,4747
4931,8,27000000,0,user_33,382,399,
4726,13,19000000,0,user_19,380,399,
4806,17,6300000,0,user_37,381,399,
4737,18,6300000,0,user_29,380,399,
5153,19,6300000,0,user_42,383,399,
4743,28,6100000,0,user_36,380,399,
4948,31,5200000,0,user_48,382,399,
4924,32,5200000,0,user_27,382,399,
4724,38,5000000,0,user_16,380,399,
4757,51,4200000,0,user_49,380,399,
4949,52,4200000,0,user_49,382,399,
4927,57,3600000,75000,user_30,382,399,
5110,59,3500001,0,user_1,383,399,4944
5125,60,3500001,0,user_12,383,399,4944
5138,61,3500001,0,user_26,383,399,4944
4944,65,3500000,161000,user_47,382,399,
5111,66,3499999,0,user_2,383,399,4944
5128,67,3499999,0,user_13,383,399,4944
5117,68,3499999,0,user_6,383,399,4944
5129,69,3499999,0,user_15,383,399,4944
5130,70,3499999,0,user_15,383,399,4944
5133,71,3499999,0,user_18,383,399,4944
4947,87,2500000,0,user_47,382,399,
5154,91,2300000,0,user_42,383,399,
5140,96,2100000,11200,user_27,383,399,
4779,97,2000001,0,user_12,381,397,4770
5113,91,2000001,0,user_4,383,397,4770
5114,98,2000001,0,user_6,383,397,4770
5118,92,2000001,0,user_7,383,397,4770
5132,93,2000001,0,user_17,383,397,4770
4800,98,2000000,0,user_32,381,395,
4770,99,2000000,350000,user_0,381,395,
4803,96,2000000,0,user_36,381,394,
5156,99,2000000,0,user_44,383,396,
4723,93,2000000,0,user_16,380,394,
4740,94,2000000,0,user_34,380,394,
4736,92,2000000,0,user_28,380,394,
5116,98,1999999,0,user_6,383,393,4770
5135,93,1999999,0,user_23,383,393,4770
4734,97,1900000,0,user_24,380,390,
4731,97,1700000,0,user_23,380,389,
4808,99,1600000,0,user_43,381,389,
4922,97,1500001,0,user_24,382,388,4735
4780,98,1500001,0,user_14,381,388,4735
4793,99,1500001,0,user_22,381,388,4735
5119,95,1500001,0,user_7,383,388,4735
5124,94,1500001,0,user_12,383,388,4735
5136,96,1500001,0,user_24,383,388,4735
4735,94,1500000,128000,user_27,380,387,
5145,95,1500000,0,user_34,383,387,
5142,96,1500000,0,user_30,383,387,
4912,98,1499999,0,user_21,382,387,4735
4771,99,1499999,0,user_1,381,387,4735
4786,96,1499999,0,user_17,381,386,4735
4787,97,1499999,0,user_17,381,386,4735
4788,98,1499999,0,user_17,381,386,4735
4794,95,1499999,0,user_22,381,386,4735
4792,94,1499999,0,user_21,381,386,4735
4895,99,1499999,0,user_2,382,386,4735
5134,84,1499999,0,user_21,383,385,4735
5137,85,1499999,0,user_25,383,385,4735
4932,92,1400000,0,user_33,382,385,
4769,97,1400000,0,user_0,381,385,
4730,94,1400000,0,user_23,380,385,
4732,95,1400000,0,user_23,380,385,
4749,96,1400000,0,user_42,380,385,
5141,98,1300000,18600,user_28,383,385,
4713,99,1300000,0,user_4,380,385,
4929,80,1200000,0,user_31,382,384,
4741,81,1100000,0,user_35,380,384,
4756,82,1100000,0,user_49,380,384,
4753,84,1000000,0,user_44,380,384,
4751,83,1000000,0,user_42,380,384,
5144,96,910000,7190000,user_32,383,384,
4714,74,670000,0,user_6,380,383,
5139,75,660000,7190000,user_27,383,383,
4939,76,630000,0,user_39,382,383,
4935,77,600000,0,user_37,382,383,
4715,78,530000,0,user_7,380,383,
4717,79,470000,0,user_9,380,383,
4903,80,460001,0,user_11,382,383,4809
4809,81,460000,12300,user_44,381,383,
5152,82,460000,0,user_41,383,383,
4902,83,459999,0,user_11,382,383,4809
4739,84,370000,0,user_31,380,383,
4752,85,350000,0,user_42,380,383,
4744,86,340000,0,user_38,380,383,
5150,87,340000,0,user_37,383,383,
4716,88,320000,0,user_8,380,383,
4925,89,310000,0,user_30,382,383,
4722,90,310000,0,user_16,380,383,
5148,91,310000,0,user_36,383,383,
4907,92,300001,0,user_14,382,383,4813
4921,93,300001,0,user_23,382,383,4813
4901,94,300001,0,user_9,382,383,4813
4813,95,300000,71800,user_46,381,383,
4896,96,299999,0,user_4,382,383,4813
4911,97,299999,0,user_20,382,383,4813
4915,98,299999,0,user_21,382,383,4813
4899,99,299999,0,user_6,382,383,4813
4931,8,27000000,0,user_33,382,399,
4726,13,19000000,0,user_19,380,399,
5153,19,6300000,0,user_42,383,399,
4806,17,6300000,0,user_37,381,399,
4737,18,6300000,0,user_29,380,399,
5349,21,6300000,0,user_29,384,399,
5347,20,6300000,5630,user_27,384,399,
4743,28,6100000,0,user_36,380,399,
4924,32,5200000,0,user_27,382,399,
4948,31,5200000,0,user_48,382,399,
5364,34,5200000,0,user_46,384,399,
5352,33,5200000,0,user_34,384,399,
5143,39,5000000,0,user_31,383,399,
4724,38,5000000,0,user_16,380,399,
5369,40,5000000,0,user_48,384,399,
4949,52,4200000,0,user_49,382,399,
4757,51,4200000,0,user_49,380,399,
4927,57,3600000,75000,user_30,382,399,
5125,60,3500001,0,user_12,383,399,4944
5138,61,3500001,0,user_26,383,399,4944
5110,59,3500001,0,user_1,383,399,4944
4944,65,3500000,161000,user_47,382,399,
5128,67,3499999,0,user_13,383,399,4944
5117,68,3499999,0,user_6,383,399,4944
5129,69,3499999,0,user_15,383,399,4944
5130,70,3499999,0,user_15,383,399,4944
5133,71,3499999,0,user_18,383,399,4944
5111,66,3499999,0,user_2,383,399,4944
5317,73,3499999,0,user_8,384,399,4944
5321,72,3499999,0,user_9,384,399,4944
5362,82,2600000,0,user_44,384,399,
4947,87,2500000,0,user_47,382,399,
5154,91,2300000,0,user_42,383,399,
5140,96,2100000,11200,user_27,383,399,
5113,91,2000001,0,user_4,383,397,4770
5114,98,2000001,0,user_6,383,397,4770
5118,92,2000001,0,user_7,383,397,4770
5132,93,2000001,0,user_17,383,397,4770
4779,97,2000001,0,user_12,381,397,4770
5336,89,2000001,0,user_16,384,397,4770
5156,99,2000000,0,user_44,383,396,
4770,99,2000000,350000,user_0,381,395,
4803,96,2000000,0,user_36,381,394,
4736,92,2000000,0,user_28,380,394,
4723,93,2000000,0,user_16,380,394,
4740,94,2000000,0,user_34,380,394,
4800,98,2000000,0,user_32,381,395,
5116,98,1999999,0,user_6,383,393,4770
5135,93,1999999,0,user_23,383,393,4770
4734,97,1900000,0,user_24,380,390,
5366,96,1800000,0,user_47,384,389,
4731,97,1700000,0,user_23,380,389,
4808,99,1600000,0,user_43,381,389,
5124,94,1500001,0,user_12,383,388,4735
5119,95,1500001,0,user_7,383,388,4735
5136,96,1500001,0,user_24,383,388,4735
4922,97,1500001,0,user_24,382,388,4735
4780,98,1500001,0,user_14,381,388,4735
4793,99,1500001,0,user_22,381,388,4735
5142,96,1500000,0,user_30,383,387,
5145,95,1500000,0,user_34,383,387,
4735,94,1500000,128000,user_27,380,387,
5350,97,1500000,0,user_30,384,387,
5134,84,1499999,0,user_21,383,385,4735
4895,99,1499999,0,user_2,382,386,4735
5137,85,1499999,0,user_25,383,385,4735
4771,99,1499999,0,user_1,381,387,4735
4912,98,1499999,0,user_21,382,387,4735
4792,94,1499999,0,user_21,381,386,4735
4786,96,1499999,0,user_17,381,386,4735
4787,97,1499999,0,user_17,381,386,4735
4788,98,1499999,0,user_17,381,386,4735
4794,95,1499999,0,user_22,381,386,4735
4749,96,1400000,0,user_42,380,385,
4769,97,1400000,0,user_0,381,385,
4932,92,1400000,0,user_33,382,385,
4730,94,1400000,0,user_23,380,385,
4732,95,1400000,0,user_23,380,385,
5141,98,1300000,18600,user_28,383,385,
4713,99,1300000,0,user_4,380,385,
4929,80,1200000,0,user_31,382,384,
4741,81,1100000,0,user_35,380,384,
4756,82,1100000,0,user_49,380,384,
4751,83,1000000,0,user_42,380,384,
4753,84,1000000,0,user_44,380,384,
5353,85,1000000,0,user_36,384,384,
5312,86,910001,0,user_1,384,384,5144
5314,87,910001,0,user_2,384,384,5144
5323,88,910001,0,user_10,384,384,5144
5324,89,910001,0,user_11,384,384,5144
5325,90,910001,0,user_11,384,384,5144
5341,91,910001,0,user_19,384,384,5144
5315,92,910001,0,user_3,384,384,5144
5319,93,910001,0,user_8,384,384,5144
5320,94,910001,0,user_9,384,384,5144
5322,95,910001,0,user_9,384,384,5144
5144,96,910000,7190000,user_32,383,384,
5328,97,909999,0,user_13,384,384,5144
5311,98,909999,0,user_0,384,384,5144
5316,99,909999,0,user_6,384,384,5144
4931,8,27000000,0,user_33,382,399,
4726,13,19000000,0,user_19,380,399,
5349,21,6300000,0,user_29,384,399,
5360,22,6300000,0,user_43,384,399,
5347,20,6300000,5630,user_27,384,399,
4737,18,6300000,0,user_29,380,399,
4806,17,6300000,0,user_37,381,399,
5153,19,6300000,0,user_42,383,399,
4743,28,6100000,0,user_36,380,399,
5364,34,5200000,0,user_46,384,399,
5352,33,5200000,0,user_34,384,399,
4924,32,5200000,0,user_27,382,399,
4948,31,5200000,0,user_48,382,399,
5593,30,5200000,21800,user_30,385,399,
5369,40,5000000,0,user_48,384,399,
5143,39,5000000,0,user_31,383,399,
4724,38,5000000,0,user_16,380,399,
5614,45,4500000,0,user_48,385,399,
4949,52,4200000,0,user_49,382,399,
4757,51,4200000,0,user_49,380,399,
4927,57,3600000,75000,user_30,382,399,
5110,59,3500001,0,user_1,383,399,4944
5125,60,3500001,0,user_12,383,399,4944
5138,61,3500001,0,user_26,383,399,4944
4944,65,3500000,161000,user_47,382,399,
5111,66,3499999,0,user_2,383,399,4944
5317,73,3499999,0,user_8,384,399,4944
5128,67,3499999,0,user_13,383,399,4944
5133,71,3499999,0,user_18,383,399,4944
5129,69,3499999,0,user_15,383,399,4944
5130,70,3499999,0,user_15,383,399,4944
5321,72,3499999,0,user_9,384,399,4944
5117,68,3499999,0,user_6,383,399,4944
5362,82,2600000,0,user_44,384,399,
4947,87,2500000,0,user_47,382,399,
5154,91,2300000,0,user_42,383,399,
5140,96,2100000,11200,user_27,383,399,
5336,89,2000001,0,user_16,384,397,4770
5544,95,2000001,0,user_1,385,398,4770
5113,91,2000001,0,user_4,383,397,4770
5118,92,2000001,0,user_7,383,397,4770
5132,93,2000001,0,user_17,383,397,4770
5568,98,2000001,0,user_12,385,399,4770
5579,99,2000001,0,user_19,385,399,4770
5582,99,2000001,0,user_20,385,398,4770
4779,97,2000001,0,user_12,381,397,4770
5114,98,2000001,0,user_6,383,397,4770
5586,97,2000001,0,user_25,385,398,4770
5587,98,2000001,0,user_26,385,398,4770
5156,99,2000000,0,user_44,383,396,
4723,93,2000000,0,user_16,380,394,
4736,92,2000000,0,user_28,380,394,
4740,94,2000000,0,user_34,380,394,
4770,99,2000000,350000,user_0,381,395,
4800,98,2000000,0,user_32,381,395,
4803,96,2000000,0,user_36,381,394,
5135,93,1999999,0,user_23,383,393,4770
5570,94,1999999,0,user_13,385,393,4770
5543,95,1999999,0,user_0,385,393,4770
5580,96,1999999,0,user_19,385,393,4770
5581,97,1999999,0,user_19,385,393,4770
5116,98,1999999,0,user_6,383,393,4770
5555,99,1999999,0,user_6,385,393,4770
5585,94,1999999,0,user_25,385,391,4770
5575,95,1999999,0,user_17,385,392,4770
5584,99,1999999,0,user_24,385,392,4770
5577,96,1999999,0,user_18,385,392,4770
4734,97,1900000,0,user_24,380,390,
5366,96,1800000,0,user_47,384,389,
4731,97,1700000,0,user_23,380,389,
4808,99,1600000,0,user_43,381,389,
4922,97,1500001,0,user_24,382,388,4735
5124,94,1500001,0,user_12,383,388,4735
5119,95,1500001,0,user_7,383,388,4735
5136,96,1500001,0,user_24,383,388,4735
4780,98,1500001,0,user_14,381,388,4735
4793,99,1500001,0,user_22,381,388,4735
5350,97,1500000,0,user_30,384,387,
5142,96,1500000,0,user_30,383,387,
4735,94,1500000,128000,user_27,380,387,
5145,95,1500000,0,user_34,383,387,
5613,92,1500000,0,user_46,385,387,
4895,99,1499999,0,user_2,382,386,4735
4912,98,1499999,0,user_21,382,387,4735
5134,84,1499999,0,user_21,383,385,4735
5137,85,1499999,0,user_25,383,385,4735
4771,99,1499999,0,user_1,381,387,4735
4792,94,1499999,0,user_21,381,386,4735
4794,95,1499999,0,user_22,381,386,4735
4786,96,1499999,0,user_17,381,386,4735
4787,97,1499999,0,user_17,381,386,4735
4788,98,1499999,0,user_17,381,386,4735
4932,92,1400000,0,user_33,382,385,
5609,93,1400000,0,user_44,385,385,
4730,94,1400000,0,user_23,380,385,
4732,95,1400000,0,user_23,380,385,
4749,96,1400000,0,user_42,380,385,
4769,97,1400000,0,user_0,381,385,
5141,98,1300000,18600,user_28,383,385,
4713,99,1300000,0,user_4,380,385,
4931,8,27000000,0,user_33,382,399,
4726,13,19000000,0,user_19,380,399,
5594,15,6300000,0,user_31,385,399,
5349,21,6300000,0,user_29,384,399,
5360,22,6300000,0,user_43,384,399,
4737,18,6300000,0,user_29,380,399,
4806,17,6300000,0,user_37,381,399,
5153,19,6300000,0,user_42,383,399,
5347,20,6300000,5630,user_27,384,399,
5841,16,6300000,0,user_29,386,399,
5863,26,6100000,0,user_45,386,399,
4743,28,6100000,0,user_36,380,399,
5842,27,6100000,0,user_30,386,399,
5593,30,5200000,21800,user_30,385,399,
5364,34,5200000,0,user_46,384,399,
5352,33,5200000,0,user_34,384,399,
4948,31,5200000,0,user_48,382,399,
4924,32,5200000,0,user_27,382,399,
5369,40,5000000,0,user_48,384,399,
4724,38,5000000,0,user_16,380,399,
5143,39,5000000,0,user_31,383,399,
5614,45,4500000,0,user_48,385,399,
5853,50,4200000,46500,user_37,386,399,
4757,51,4200000,0,user_49,380,399,
4949,52,4200000,0,user_49,382,399,
4927,57,3600000,75000,user_30,382,399,
5110,59,3500001,0,user_1,383,399,4944
5125,60,3500001,0,user_12,383,399,4944
5138,61,3500001,0,user_26,383,399,4944
4944,65,3500000,161000,user_47,382,399,
5317,73,3499999,0,user_8,384,399,4944
5321,72,3499999,0,user_9,384,399,4944
5111,66,3499999,0,user_2,383,399,4944
5129,69,3499999,0,user_15,383,399,4944
5130,70,3499999,0,user_15,383,399,4944
5128,67,3499999,0,user_13,383,399,4944
5133,71,3499999,0,user_18,383,399,4944
5117,68,3499999,0,user_6,383,399,4944
5362,82,2600000,0,user_44,384,399,
4947,87,2500000,0,user_47,382,399,
5154,91,2300000,0,user_42,383,399,
5140,96,2100000,11200,user_27,383,399,
5544,95,2000001,0,user_1,385,398,4770
5568,98,2000001,0,user_12,385,399,4770
5586,97,2000001,0,user_25,385,398,4770
5587,98,2000001,0,user_26,385,398,4770
5582,99,2000001,0,user_20,385,398,4770
5336,89,2000001,0,user_16,384,397,4770
5579,99,2000001,0,user_19,385,399,4770
4779,97,2000001,0,user_12,381,397,4770
5113,91,2000001,0,user_4,383,397,4770
5118,92,2000001,0,user_7,383,397,4770
5132,93,2000001,0,user_17,383,397,4770
5114,98,2000001,0,user_6,383,397,4770
5823,95,2000001,0,user_8,386,396,4770
4736,92,2000000,0,user_28,380,394,
4723,93,2000000,0,user_16,380,394,
4740,94,2000000,0,user_34,380,394,
4770,99,2000000,350000,user_0,381,395,
4803,96,2000000,0,user_36,381,394,
4800,98,2000000,0,user_32,381,395,
5156,99,2000000,0,user_44,383,396,
5858,97,2000000,0,user_40,386,395,
5543,95,1999999,0,user_0,385,393,4770
5570,94,1999999,0,user_13,385,393,4770
5575,95,1999999,0,user_17,385,392,4770
5584,99,1999999,0,user_24,385,392,4770
5585,94,1999999,0,user_25,385,391,4770
5577,96,1999999,0,user_18,385,392,4770
5555,99,1999999,0,user_6,385,393,4770
5580,96,1999999,0,user_19,385,393,4770
5581,97,1999999,0,user_19,385,393,4770
5135,93,1999999,0,user_23,383,393,4770
5116,98,1999999,0,user_6,383,393,4770
4734,97,1900000,0,user_24,380,390,
5869,98,1900000,0,user_47,386,390,
5366,96,1800000,0,user_47,384,389,
4731,97,1700000,0,user_23,380,389,
5604,92,1600000,0,user_38,385,388,
5862,93,1600000,0,user_45,386,388,
4808,99,1600000,0,user_43,381,389,
4780,98,1500001,0,user_14,381,388,4735
4793,99,1500001,0,user_22,381,388,4735
4922,97,1500001,0,user_24,382,388,4735
5119,95,1500001,0,user_7,383,388,4735
5124,94,1500001,0,user_12,383,388,4735
5136,96,1500001,0,user_24,383,388,4735
5613,92,1500000,0,user_46,385,387,
5350,97,1500000,0,user_30,384,387,
5861,93,1500000,0,user_45,386,387,
4735,94,1500000,128000,user_27,380,387,
5142,96,1500000,0,user_30,383,387,
5145,95,1500000,0,user_34,383,387,
4771,99,1499999,0,user_1,381,387,4735
4792,94,1499999,0,user_21,381,386,4735
4794,95,1499999,0,user_22,381,386,4735
4786,96,1499999,0,user_17,381,386,4735
4787,97,1499999,0,user_17,381,386,4735
4788,98,1499999,0,user_17,381,386,4735
4895,99,1499999,0,user_2,382,386,4735
6125,2,43000000,0,user_44,387,399,
6107,7,27000000,0,user_28,387,399,
4931,8,27000000,0,user_33,382,399,
4726,13,19000000,0,user_19,380,399,
5594,15,6300000,0,user_31,385,399,
5841,16,6300000,0,user_29,386,399,
4806,17,6300000,0,user_37,381,399,
4737,18,6300000,0,user_29,380,399,
5153,19,6300000,0,user_42,383,399,
5347,20,6300000,5630,user_27,384,399,
5349,21,6300000,0,user_29,384,399,
5360,22,6300000,0,user_43,384,399,
5863,26,6100000,0,user_45,386,399,
5842,27,6100000,0,user_30,386,399,
4743,28,6100000,0,user_36,380,399,
5593,30,5200000,21800,user_30,385,399,
4948,31,5200000,0,user_48,382,399,
4924,32,5200000,0,user_27,382,399,
5352,33,5200000,0,user_34,384,399,
5364,34,5200000,0,user_46,384,399,
4724,38,5000000,0,user_16,380,399,
5143,39,5000000,0,user_31,383,399,
5369,40,5000000,0,user_48,384,399,
5614,45,4500000,0,user_48,385,399,
5853,50,4200000,46500,user_37,386,399,
4757,51,4200000,0,user_49,380,399,
4949,52,4200000,0,user_49,382,399,
4927,57,3600000,75000,user_30,382,399,
5110,59,3500001,0,user_1,383,399,4944
5125,60,3500001,0,user_12,383,399,4944
5138,61,3500001,0,user_26,383,399,4944
4944,65,3500000,161000,user_47,382,399,
5111,66,3499999,0,user_2,383,399,4944
5128,67,3499999,0,user_13,383,399,4944
5117,68,3499999,0,user_6,383,399,4944
5129,69,3499999,0,user_15,383,399,4944
5130,70,3499999,0,user_15,383,399,4944
5133,71,3499999,0,user_18,383,399,4944
5321,72,3499999,0,user_9,384,399,4944
5317,73,3499999,0,user_8,384,399,4944
5362,82,2600000,0,user_44,384,399,
6118,86,2500000,0,user_37,387,399,
4947,87,2500000,0,user_47,382,399,
6127,88,2500000,0,user_46,387,399,
5154,91,2300000,0,user_42,383,399,
5140,96,2100000,11200,user_27,383,399,
5568,98,2000001,0,user_12,385,399,4770
5579,99,2000001,0,user_19,385,399,4770
5582,99,2000001,0,user_20,385,398,4770
5586,97,2000001,0,user_25,385,398,4770
5587,98,2000001,0,user_26,385,398,4770
5823,95,2000001,0,user_8,386,396,4770
4779,97,2000001,0,user_12,381,397,4770
5113,91,2000001,0,user_4,383,397,4770
5114,98,2000001,0,user_6,383,397,4770
5118,92,2000001,0,user_7,383,397,4770
5132,93,2000001,0,user_17,383,397,4770
5336,89,2000001,0,user_16,384,397,4770
5544,95,2000001,0,user_1,385,398,4770
5858,97,2000000,0,user_40,386,395,
4800,98,2000000,0,user_32,381,395,
4770,99,2000000,350000,user_0,381,395,
4803,96,2000000,0,user_36,381,394,
5156,99,2000000,0,user_44,383,396,
4723,93,2000000,0,user_16,380,394,
4740,94,2000000,0,user_34,380,394,
4736,92,2000000,0,user_28,380,394,
5570,94,1999999,0,user_13,385,393,4770
5543,95,1999999,0,user_0,385,393,4770
5580,96,1999999,0,user_19,385,393,4770
5581,97,1999999,0,user_19,385,393,4770
5555,99,1999999,0,user_6,385,393,4770
5585,94,1999999,0,user_25,385,391,4770
5575,95,1999999,0,user_17,385,392,4770
5584,99,1999999,0,user_24,385,392,4770
5577,96,1999999,0,user_18,385,392,4770
5116,98,1999999,0,user_6,383,393,4770
5135,93,1999999,0,user_23,383,393,4770
5869,98,1900000,0,user_47,386,390,
4734,97,1900000,0,user_24,380,390,
5366,96,1800000,0,user_47,384,389,
4731,97,1700000,0,user_23,380,389,
5604,92,1600000,0,user_38,385,388,
5862,93,1600000,0,user_45,386,388,
4808,99,1600000,0,user_43,381,389,
6110,98,1600000,0,user_33,387,389,
4922,97,1500001,0,user_24,382,388,4735
4780,98,1500001,0,user_14,381,388,4735
4793,99,1500001,0,user_22,381,388,4735
5119,95,1500001,0,user_7,383,388,4735
5124,94,1500001,0,user_12,383,388,4735
5136,96,1500001,0,user_24,383,388,4735
5613,92,1500000,0,user_46,385,387,
5861,93,1500000,0,user_45,386,387,
4735,94,1500000,128000,user_27,380,387,
5145,95,1500000,0,user_34,383,387,
5142,96,1500000,0,user_30,383,387,
5350,97,1500000,0,user_30,384,387,
4912,98,1499999,0,user_21,382,387,4735
4771,99,1499999,0,user_1,381,387,4735
6125,2,43000000,0,user_44,387,399,
6107,7,27000000,0,user_28,387,399,
6372,9,27000000,0,user_37,388,399,
4931,8,27000000,0,user_33,382,399,
4726,13,19000000,0,user_19,380,399,
5153,19,6300000,0,user_42,383,399,
4806,17,6300000,0,user_37,381,399,
4737,18,6300000,0,user_29,380,399,
5349,21,6300000,0,user_29,384,399,
5360,22,6300000,0,user_43,384,399,
5347,20,6300000,5630,user_27,384,399,
5594,15,6300000,0,user_31,385,399,
5841,16,6300000,0,user_29,386,399,
4743,28,6100000,0,user_36,380,399,
5842,27,6100000,0,user_30,386,399,
5863,26,6100000,0,user_45,386,399,
4924,32,5200000,0,user_27,382,399,
4948,31,5200000,0,user_48,382,399,
5364,34,5200000,0,user_46,384,399,
5352,33,5200000,0,user_34,384,399,
5593,30,5200000,21800,user_30,385,399,
5143,39,5000000,0,user_31,383,399,
4724,38,5000000,0,user_16,380,399,
5369,40,5000000,0,user_48,384,399,
6119,46,4500000,0,user_38,387,399,
5614,45,4500000,0,user_48,385,399,
6378,47,4500000,0,user_40,388,399,
4949,52,4200000,0,user_49,382,399,
4757,51,4200000,0,user_49,380,399,
5853,50,4200000,46500,user_37,386,399,
4927,57,3600000,75000,user_30,382,399,
5125,60,3500001,0,user_12,383,399,4944
5138,61,3500001,0,user_26,383,399,4944
5110,59,3500001,0,user_1,383,399,4944
4944,65,3500000,161000,user_47,382,399,
5128,67,3499999,0,user_13,383,399,4944
5117,68,3499999,0,user_6,383,399,4944
5129,69,3499999,0,user_15,383,399,4944
5130,70,3499999,0,user_15,383,399,4944
5133,71,3499999,0,user_18,383,399,4944
5111,66,3499999,0,user_2,383,399,4944
5317,73,3499999,0,user_8,384,399,4944
5321,72,3499999,0,user_9,384,399,4944
6376,77,3200000,0,user_39,388,399,
5362,82,2600000,0,user_44,384,399,
6127,88,2500000,0,user_46,387,399,
6118,86,2500000,0,user_37,387,399,
4947,87,2500000,0,user_47,382,399,
5154,91,2300000,0,user_42,383,399,
5140,96,2100000,11200,user_27,383,399,
5113,91,2000001,0,user_4,383,397,4770
5114,98,2000001,0,user_6,383,397,4770
5118,92,2000001,0,user_7,383,397,4770
5132,93,2000001,0,user_17,383,397,4770
4779,97,2000001,0,user_12,381,397,4770
5336,89,2000001,0,user_16,384,397,4770
5544,95,2000001,0,user_1,385,398,4770
5568,98,2000001,0,user_12,385,399,4770
5582,99,2000001,0,user_20,385,398,4770
5579,99,2000001,0,user_19,385,399,4770
5586,97,2000001,0,user_25,385,398,4770
5587,98,2000001,0,user_26,385,398,4770
5823,95,2000001,0,user_8,386,396,4770
5156,99,2000000,0,user_44,383,396,
4770,99,2000000,350000,user_0,381,395,
4803,96,2000000,0,user_36,381,394,
4736,92,2000000,0,user_28,380,394,
4723,93,2000000,0,user_16,380,394,
4740,94,2000000,0,user_34,380,394,
4800,98,2000000,0,user_32,381,395,
5858,97,2000000,0,user_40,386,395,
6368,90,2000000,0,user_34,388,394,
6386,89,2000000,0,user_47,388,394,
5116,98,1999999,0,user_6,383,393,4770
5135,93,1999999,0,user_23,383,393,4770
5543,95,1999999,0,user_0,385,393,4770
5570,94,1999999,0,user_13,385,393,4770
5575,95,1999999,0,user_17,385,392,4770
5577,96,1999999,0,user_18,385,392,4770
5580,96,1999999,0,user_19,385,393,4770
5581,97,1999999,0,user_19,385,393,4770
5584,99,1999999,0,user_24,385,392,4770
5585,94,1999999,0,user_25,385,391,4770
5555,99,1999999,0,user_6,385,393,4770
6124,96,1900000,0,user_43,387,390,
4734,97,1900000,0,user_24,380,390,
5869,98,1900000,0,user_47,386,390,
5366,96,1800000,0,user_47,384,389,
6374,99,1800000,0,user_39,388,390,
4731,97,1700000,0,user_23,380,389,
6110,98,1600000,0,user_33,387,389,
4808,99,1600000,0,user_43,381,389,
5604,92,1600000,0,user_38,385,388,
5862,93,1600000,0,user_45,386,388,
5124,94,1500001,0,user_12,383,388,4735
5119,95,1500001,0,user_7,383,388,4735
5136,96,1500001,0,user_24,383,388,4735
4922,97,1500001,0,user_24,382,388,4735
4780,98,1500001,0,user_14,381,388,4735
4793,99,1500001,0,user_22,381,388,4735
6125,2,43000000,0,user_44,387,399,
6645,1,43000000,0,user_40,389,399,
6372,9,27000000,0,user_37,388,399,
6107,7,27000000,0,user_28,387,399,
4931,8,27000000,0,user_33,382,399,
4726,13,19000000,0,user_19,380,399,
5349,21,6300000,0,user_29,384,399,
5360,22,6300000,0,user_43,384,399,
5347,20,6300000,5630,user_27,384,399,
4737,18,6300000,0,user_29,380,399,
4806,17,6300000,0,user_37,381,399,
5153,19,6300000,0,user_42,383,399,
5594,15,6300000,0,user_31,385,399,
5841,16,6300000,0,user_29,386,399,
6641,24,6100000,0,user_37,389,399,
4743,28,6100000,0,user_36,380,399,
5863,26,6100000,0,user_45,386,399,
5842,27,6100000,0,user_30,386,399,
6647,25,6100000,0,user_41,389,399,
5364,34,5200000,0,user_46,384,399,
5352,33,5200000,0,user_34,384,399,
4924,32,5200000,0,user_27,382,399,
4948,31,5200000,0,user_48,382,399,
5593,30,5200000,21800,user_30,385,399,
5369,40,5000000,0,user_48,384,399,
5143,39,5000000,0,user_31,383,399,
4724,38,5000000,0,user_16,380,399,
6378,47,4500000,0,user_40,388,399,
6119,46,4500000,0,user_38,387,399,
5614,45,4500000,0,user_48,385,399,
6649,43,4500000,256000,user_42,389,399,
4949,52,4200000,0,user_49,382,399,
4757,51,4200000,0,user_49,380,399,
5853,50,4200000,46500,user_37,386,399,
4927,57,3600000,75000,user_30,382,399,
6644,55,3600000,0,user_40,389,399,
5110,59,3500001,0,user_1,383,399,4944
5125,60,3500001,0,user_12,383,399,4944
5138,61,3500001,0,user_26,383,399,4944
4944,65,3500000,161000,user_47,382,399,
5111,66,3499999,0,user_2,383,399,4944
5317,73,3499999,0,user_8,384,399,4944
5128,67,3499999,0,user_13,383,399,4944
5133,71,3499999,0,user_18,383,399,4944
5129,69,3499999,0,user_15,383,399,4944
5130,70,3499999,0,user_15,383,399,4944
5321,72,3499999,0,user_9,384,399,4944
5117,68,3499999,0,user_6,383,399,4944
6376,77,3200000,0,user_39,388,399,
5362,82,2600000,0,user_44,384,399,
6127,88,2500000,0,user_46,387,399,
6118,86,2500000,0,user_37,387,399,
6631,85,2500000,0,user_28,389,399,
4947,87,2500000,0,user_47,382,399,
5154,91,2300000,0,user_42,383,399,
5140,96,2100000,11200,user_27,383,399,
5336,89,2000001,0,user_16,384,397,4770
5544,95,2000001,0,user_1,385,398,4770
5113,91,2000001,0,user_4,383,397,4770
5118,92,2000001,0,user_7,383,397,4770
5132,93,2000001,0,user_17,383,397,4770
5568,98,2000001,0,user_12,385,399,4770
5579,99,2000001,0,user_19,385,399,4770
5582,99,2000001,0,user_20,385,398,4770
4779,97,2000001,0,user_12,381,397,4770
5114,98,2000001,0,user_6,383,397,4770
5586,97,2000001,0,user_25,385,398,4770
5587,98,2000001,0,user_26,385,398,4770
5823,95,2000001,0,user_8,386,396,4770
6386,89,2000000,0,user_47,388,394,
6368,90,2000000,0,user_34,388,394,
5156,99,2000000,0,user_44,383,396,
4723,93,2000000,0,user_16,380,394,
4736,92,2000000,0,user_28,380,394,
4740,94,2000000,0,user_34,380,394,
4770,99,2000000,350000,user_0,381,395,
4800,98,2000000,0,user_32,381,395,
4803,96,2000000,0,user_36,381,394,
5858,97,2000000,0,user_40,386,395,
6657,95,2000000,0,user_48,389,395,
6637,96,2000000,0,user_34,389,395,
5135,93,1999999,0,user_23,383,393,4770
5570,94,1999999,0,user_13,385,393,4770
5543,95,1999999,0,user_0,385,393,4770
5580,96,1999999,0,user_19,385,393,4770
5581,97,1999999,0,user_19,385,393,4770
5116,98,1999999,0,user_6,383,393,4770
5555,99,1999999,0,user_6,385,393,4770
5585,94,1999999,0,user_25,385,391,4770
5575,95,1999999,0,user_17,385,392,4770
5584,99,1999999,0,user_24,385,392,4770
5577,96,1999999,0,user_18,385,392,4770
6124,96,1900000,0,user_43,387,390,
4734,97,1900000,0,user_24,380,390,
5869,98,1900000,0,user_47,386,390,
6374,99,1800000,0,user_39,388,390,
5366,96,1800000,0,user_47,384,389,
4731,97,1700000,0,user_23,380,389,
6110,98,1600000,0,user_33,387,389,
4808,99,1600000,0,user_43,381,389,
6645,1,43000000,0,user_40,389,399,
6125,2,43000000,0,user_44,387,399,
6372,9,27000000,0,user_37,388,399,
4931,8,27000000,0,user_33,382,399,
6107,7,27000000,0,user_28,387,399,
6914,12,19000000,0,user_44,390,399,
4726,13,19000000,0,user_19,380,399,
5594,15,6300000,0,user_31,385,399,
5349,21,6300000,0,user_29,384,399,
5360,22,6300000,0,user_43,384,399,
4737,18,6300000,0,user_29,380,399,
4806,17,6300000,0,user_37,381,399,
5153,19,6300000,0,user_42,383,399,
5347,20,6300000,5630,user_27,384,399,
5841,16,6300000,0,user_29,386,399,
6641,24,6100000,0,user_37,389,399,
6647,25,6100000,0,user_41,389,399,
5863,26,6100000,0,user_45,386,399,
4743,28,6100000,0,user_36,380,399,
5842,27,6100000,0,user_30,386,399,
5593,30,5200000,21800,user_30,385,399,
5364,34,5200000,0,user_46,384,399,
5352,33,5200000,0,user_34,384,399,
4948,31,5200000,0,user_48,382,399,
4924,32,5200000,0,user_27,382,399,
5369,40,5000000,0,user_48,384,399,
4724,38,5000000,0,user_16,380,399,
5143,39,5000000,0,user_31,383,399,
6119,46,4500000,0,user_38,387,399,
6378,47,4500000,0,user_40,388,399,
6649,43,4500000,256000,user_42,389,399,
5614,45,4500000,0,user_48,385,399,
5853,50,4200000,46500,user_37,386,399,
4757,51,4200000,0,user_49,380,399,
4949,52,4200000,0,user_49,382,399,
6644,55,3600000,0,user_40,389,399,
6634,54,3600000,256000,user_31,389,399,
4927,57,3600000,75000,user_30,382,399,
6916,56,3600000,0,user_47,390,399,
5110,59,3500001,0,user_1,383,399,4944
5125,60,3500001,0,user_12,383,399,4944
5138,61,3500001,0,user_26,383,399,4944
4944,65,3500000,161000,user_47,382,399,
6918,64,3500000,410000,user_47,390,399,
5317,73,3499999,0,user_8,384,399,4944
5321,72,3499999,0,user_9,384,399,4944
5111,66,3499999,0,user_2,383,399,4944
5129,69,3499999,0,user_15,383,399,4944
5130,70,3499999,0,user_15,383,399,4944
5128,67,3499999,0,user_13,383,399,4944
5133,71,3499999,0,user_18,383,399,4944
5117,68,3499999,0,user_6,383,399,4944
6376,77,3200000,0,user_39,388,399,
5362,82,2600000,0,user_44,384,399,
6631,85,2500000,0,user_28,389,399,
6118,86,2500000,0,user_37,387,399,
6127,88,2500000,0,user_46,387,399,
4947,87,2500000,0,user_47,382,399,
5154,91,2300000,0,user_42,383,399,
5140,96,2100000,11200,user_27,383,399,
5544,95,2000001,0,user_1,385,398,4770
5568,98,2000001,0,user_12,385,399,4770
5586,97,2000001,0,user_25,385,398,4770
5587,98,2000001,0,user_26,385,398,4770
5582,99,2000001,0,user_20,385,398,4770
5336,89,2000001,0,user_16,384,397,4770
5579,99,2000001,0,user_19,385,399,4770
4779,97,2000001,0,user_12,381,397,4770
5113,91,2000001,0,user_4,383,397,4770
5118,92,2000001,0,user_7,383,397,4770
5132,93,2000001,0,user_17,383,397,4770
5114,98,2000001,0,user_6,383,397,4770
5823,95,2000001,0,user_8,386,396,4770
6657,95,2000000,0,user_48,389,395,
6386,89,2000000,0,user_47,388,394,
6368,90,2000000,0,user_34,388,394,
6637,96,2000000,0,user_34,389,395,
4736,92,2000000,0,user_28,380,394,
4723,93,2000000,0,user_16,380,394,
4740,94,2000000,0,user_34,380,394,
4770,99,2000000,350000,user_0,381,395,
4803,96,2000000,0,user_36,381,394,
4800,98,2000000,0,user_32,381,395,
5156,99,2000000,0,user_44,383,396,
5858,97,2000000,0,user_40,386,395,
5543,95,1999999,0,user_0,385,393,4770
5570,94,1999999,0,user_13,385,393,4770
5575,95,1999999,0,user_17,385,392,4770
5584,99,1999999,0,user_24,385,392,4770
5585,94,1999999,0,user_25,385,391,4770
5577,96,1999999,0,user_18,385,392,4770
5555,99,1999999,0,user_6,385,393,4770
5580,96,1999999,0,user_19,385,393,4770
5581,97,1999999,0,user_19,385,393,4770
5135,93,1999999,0,user_23,383,393,4770
5116,98,1999999,0,user_6,383,393,4770
6124,96,1900000,0,user_43,387,390,
4734,97,1900000,0,user_24,380,390,
5869,98,1900000,0,user_47,386,390,
6374,99,1800000,0,user_39,388,390,
6645,1,43000000,0,user_40,389,399,
6125,2,43000000,0,user_44,387,399,
6107,7,27000000,0,user_28,387,399,
4931,8,27000000,0,user_33,382,399,
6372,9,27000000,0,user_37,388,399,
6914,12,19000000,0,user_44,390,399,
4726,13,19000000,0,user_19,380,399,
5594,15,6300000,0,user_31,385,399,
5841,16,6300000,0,user_29,386,399,
4806,17,6300000,0,user_37,381,399,
4737,18,6300000,0,user_29,380,399,
5153,19,6300000,0,user_42,383,399,
5347,20,6300000,5630,user_27,384,399,
5349,21,6300000,0,user_29,384,399,
5360,22,6300000,0,user_43,384,399,
6641,24,6100000,0,user_37,389,399,
6647,25,6100000,0,user_41,389,399,
5863,26,6100000,0,user_45,386,399,
5842,27,6100000,0,user_30,386,399,
4743,28,6100000,0,user_36,380,399,
5593,30,5200000,21800,user_30,385,399,
4948,31,5200000,0,user_48,382,399,
4924,32,5200000,0,user_27,382,399,
5352,33,5200000,0,user_34,384,399,
5364,34,5200000,0,user_46,384,399,
4724,38,5000000,0,user_16,380,399,
5143,39,5000000,0,user_31,383,399,
5369,40,5000000,0,user_48,384,399,
6649,43,4500000,256000,user_42,389,399,
7209,44,4500000,32900,user_45,391,399,
5614,45,4500000,0,user_48,385,399,
6119,46,4500000,0,user_38,387,399,
6378,47,4500000,0,user_40,388,399,
5853,50,4200000,46500,user_37,386,399,
4757,51,4200000,0,user_49,380,399,
4949,52,4200000,0,user_49,382,399,
6634,54,3600000,256000,user_31,389,399,
6644,55,3600000,0,user_40,389,399,
6916,56,3600000,0,user_47,390,399,
4927,57,3600000,75000,user_30,382,399,
5110,59,3500001,0,user_1,383,399,4944
5125,60,3500001,0,user_12,383,399,4944
5138,61,3500001,0,user_26,383,399,4944
6918,64,3500000,410000,user_47,390,399,
4944,65,3500000,161000,user_47,382,399,
5111,66,3499999,0,user_2,383,399,4944
5128,67,3499999,0,user_13,383,399,4944
5117,68,3499999,0,user_6,383,399,4944
5129,69,3499999,0,user_15,383,399,4944
5130,70,3499999,0,user_15,383,399,4944
5133,71,3499999,0,user_18,383,399,4944
5321,72,3499999,0,user_9,384,399,4944
5317,73,3499999,0,user_8,384,399,4944
6376,77,3200000,0,user_39,388,399,
7208,81,2600000,0,user_44,391,399,
5362,82,2600000,0,user_44,384,399,
6631,85,2500000,0,user_28,389,399,
6118,86,2500000,0,user_37,387,399,
4947,87,2500000,0,user_47,382,399,
6127,88,2500000,0,user_46,387,399,
5154,91,2300000,0,user_42,383,399,
7201,92,2300000,0,user_36,391,399,
5140,96,2100000,11200,user_27,383,399,
5568,98,2000001,0,user_12,385,399,4770
5579,99,2000001,0,user_19,385,399,4770
5582,99,2000001,0,user_20,385,398,4770
5586,97,2000001,0,user_25,385,398,4770
5587,98,2000001,0,user_26,385,398,4770
5823,95,2000001,0,user_8,386,396,4770
4779,97,2000001,0,user_12,381,397,4770
5113,91,2000001,0,user_4,383,397,4770
5114,98,2000001,0,user_6,383,397,4770
5118,92,2000001,0,user_7,383,397,4770
5132,93,2000001,0,user_17,383,397,4770
5336,89,2000001,0,user_16,384,397,4770
5544,95,2000001,0,user_1,385,398,4770
6657,95,2000000,0,user_48,389,395,
6637,96,2000000,0,user_34,389,395,
5858,97,2000000,0,user_40,386,395,
4800,98,2000000,0,user_32,381,395,
4770,99,2000000,350000,user_0,381,395,
4803,96,2000000,0,user_36,381,394,
5156,99,2000000,0,user_44,383,396,
4723,93,2000000,0,user_16,380,394,
4740,94,2000000,0,user_34,380,394,
4736,92,2000000,0,user_28,380,394,
6386,89,2000000,0,user_47,388,394,
6368,90,2000000,0,user_34,388,394,
7202,98,2000000,0,user_36,391,396,
5570,94,1999999,0,user_13,385,393,4770
5543,95,1999999,0,user_0,385,393,4770
5580,96,1999999,0,user_19,385,393,4770
5581,97,1999999,0,user_19,385,393,4770
5555,99,1999999,0,user_6,385,393,4770
5585,94,1999999,0,user_25,385,391,4770
5575,95,1999999,0,user_17,385,392,4770
5584,99,1999999,0,user_24,385,392,4770
5577,96,1999999,0,user_18,385,392,4770
5116,98,1999999,0,user_6,383,393,4770
5135,93,1999999,0,user_23,383,393,4770
6125,2,43000000,0,user_44,387,399,
6645,1,43000000,0,user_40,389,399,
6107,7,27000000,0,user_28,387,399,
6372,9,27000000,0,user_37,388,399,
4931,8,27000000,0,user_33,382,399,
4726,13,19000000,0,user_19,380,399,
6914,12,19000000,0,user_44,390,399,
5153,19,6300000,0,user_42,383,399,
4806,17,6300000,0,user_37,381,399,
4737,18,6300000,0,user_29,380,399,
5349,21,6300000,0,user_29,384,399,
5360,22,6300000,0,user_43,384,399,
5347,20,6300000,5630,user_27,384,399,
5594,15,6300000,0,user_31,385,399,
5841,16,6300000,0,user_29,386,399,
4743,28,6100000,0,user_36,380,399,
5842,27,6100000,0,user_30,386,399,
5863,26,6100000,0,user_45,386,399,
6641,24,6100000,0,user_37,389,399,
6647,25,6100000,0,user_41,389,399,
4924,32,5200000,0,user_27,382,399,
4948,31,5200000,0,user_48,382,399,
5364,34,5200000,0,user_46,384,399,
5352,33,5200000,0,user_34,384,399,
5593,30,5200000,21800,user_30,385,399,
5143,39,5000000,0,user_31,383,399,
4724,38,5000000,0,user_16,380,399,
5369,40,5000000,0,user_48,384,399,
7209,44,4500000,32900,user_45,391,399,
6119,46,4500000,0,user_38,387,399,
5614,45,4500000,0,user_48,385,399,
6378,47,4500000,0,user_40,388,399,
6649,43,4500000,256000,user_42,389,399,
7505,48,4500000,0,user_27,392,399,
4949,52,4200000,0,user_49,382,399,
4757,51,4200000,0,user_49,380,399,
5853,50,4200000,46500,user_37,386,399,
4927,57,3600000,75000,user_30,382,399,
6634,54,3600000,256000,user_31,389,399,
6644,55,3600000,0,user_40,389,399,
6916,56,3600000,0,user_47,390,399,
5125,60,3500001,0,user_12,383,399,4944
5138,61,3500001,0,user_26,383,399,4944
5110,59,3500001,0,user_1,383,399,4944
4944,65,3500000,161000,user_47,382,399,
6918,64,3500000,410000,user_47,390,399,
5128,67,3499999,0,user_13,383,399,4944
5117,68,3499999,0,user_6,383,399,4944
5129,69,3499999,0,user_15,383,399,4944
5130,70,3499999,0,user_15,383,399,4944
5133,71,3499999,0,user_18,383,399,4944
5111,66,3499999,0,user_2,383,399,4944
5317,73,3499999,0,user_8,384,399,4944
5321,72,3499999,0,user_9,384,399,4944
7517,78,3200000,0,user_44,392,399,
6376,77,3200000,0,user_39,388,399,
7208,81,2600000,0,user_44,391,399,
5362,82,2600000,0,user_44,384,399,
6127,88,2500000,0,user_46,387,399,
6118,86,2500000,0,user_37,387,399,
4947,87,2500000,0,user_47,382,399,
6631,85,2500000,0,user_28,389,399,
7201,92,2300000,0,user_36,391,399,
5154,91,2300000,0,user_42,383,399,
5140,96,2100000,11200,user_27,383,399,
5113,91,2000001,0,user_4,383,397,4770
5114,98,2000001,0,user_6,383,397,4770
5118,92,2000001,0,user_7,383,397,4770
5132,93,2000001,0,user_17,383,397,4770
4779,97,2000001,0,user_12,381,397,4770
5336,89,2000001,0,user_16,384,397,4770
5544,95,2000001,0,user_1,385,398,4770
5568,98,2000001,0,user_12,385,399,4770
5582,99,2000001,0,user_20,385,398,4770
5579,99,2000001,0,user_19,385,399,4770
5586,97,2000001,0,user_25,385,398,4770
5587,98,2000001,0,user_26,385,398,4770
5823,95,2000001,0,user_8,386,396,4770
7202,98,2000000,0,user_36,391,396,
5156,99,2000000,0,user_44,383,396,
4770,99,2000000,350000,user_0,381,395,
4803,96,2000000,0,user_36,381,394,
4736,92,2000000,0,user_28,380,394,
4723,93,2000000,0,user_16,380,394,
4740,94,2000000,0,user_34,380,394,
4800,98,2000000,0,user_32,381,395,
5858,97,2000000,0,user_40,386,395,
6368,90,2000000,0,user_34,388,394,
6386,89,2000000,0,user_47,388,394,
6637,96,2000000,0,user_34,389,395,
6657,95,2000000,0,user_48,389,395,
5116,98,1999999,0,user_6,383,393,4770
5135,93,1999999,0,user_23,383,393,4770
5543,95,1999999,0,user_0,385,393,4770
5570,94,1999999,0,user_13,385,393,4770
5575,95,1999999,0,user_17,385,392,4770
5577,96,1999999,0,user_18,385,392,4770
5580,96,1999999,0,user_19,385,393,4770
5581,97,1999999,0,user_19,385,393,4770
5584,99,1999999,0,user_24,385,392,4770
6125,2,43000000,0,user_44,387,399,
6645,1,43000000,0,user_40,389,399,
6372,9,27000000,0,user_37,388,399,
6107,7,27000000,0,user_28,387,399,
4931,8,27000000,0,user_33,382,399,
4726,13,19000000,0,user_19,380,399,
6914,12,19000000,0,user_44,390,399,
5349,21,6300000,0,user_29,384,399,
5360,22,6300000,0,user_43,384,399,
5347,20,6300000,5630,user_27,384,399,
4737,18,6300000,0,user_29,380,399,
4806,17,6300000,0,user_37,381,399,
5153,19,6300000,0,user_42,383,399,
5594,15,6300000,0,user_31,385,399,
5841,16,6300000,0,user_29,386,399,
6641,24,6100000,0,user_37,389,399,
4743,28,6100000,0,user_36,380,399,
5863,26,6100000,0,user_45,386,399,
5842,27,6100000,0,user_30,386,399,
6647,25,6100000,0,user_41,389,399,
5364,34,5200000,0,user_46,384,399,
5352,33,5200000,0,user_34,384,399,
4924,32,5200000,0,user_27,382,399,
4948,31,5200000,0,user_48,382,399,
5593,30,5200000,21800,user_30,385,399,
5369,40,5000000,0,user_48,384,399,
5143,39,5000000,0,user_31,383,399,
4724,38,5000000,0,user_16,380,399,
7505,48,4500000,0,user_27,392,399,
7209,44,4500000,32900,user_45,391,399,
6378,47,4500000,0,user_40,388,399,
6119,46,4500000,0,user_38,387,399,
5614,45,4500000,0,user_48,385,399,
6649,43,4500000,256000,user_42,389,399,
4949,52,4200000,0,user_49,382,399,
4757,51,4200000,0,user_49,380,399,
5853,50,4200000,46500,user_37,386,399,
4927,57,3600000,75000,user_30,382,399,
6644,55,3600000,0,user_40,389,399,
6634,54,3600000,256000,user_31,389,399,
6916,56,3600000,0,user_47,390,399,
5110,59,3500001,0,user_1,383,399,4944
5125,60,3500001,0,user_12,383,399,4944
5138,61,3500001,0,user_26,383,399,4944
4944,65,3500000,161000,user_47,382,399,
6918,64,3500000,410000,user_47,390,399,
5111,66,3499999,0,user_2,383,399,4944
5317,73,3499999,0,user_8,384,399,4944
5128,67,3499999,0,user_13,383,399,4944
5133,71,3499999,0,user_18,383,399,4944
5129,69,3499999,0,user_15,383,399,4944
5130,70,3499999,0,user_15,383,399,4944
5321,72,3499999,0,user_9,384,399,4944
5117,68,3499999,0,user_6,383,399,4944
7517,78,3200000,0,user_44,392,399,
6376,77,3200000,0,user_39,388,399,
7208,81,2600000,0,user_44,391,399,
5362,82,2600000,0,user_44,384,399,
7843,84,2500000,0,user_45,393,399,
6127,88,2500000,0,user_46,387,399,
6118,86,2500000,0,user_37,387,399,
6631,85,2500000,0,user_28,389,399,
4947,87,2500000,0,user_47,382,399,
7201,92,2300000,0,user_36,391,399,
5154,91,2300000,0,user_42,383,399,
5140,96,2100000,11200,user_27,383,399,
7830,93,2100000,0,user_33,393,399,
5336,89,2000001,0,user_16,384,397,4770
5544,95,2000001,0,user_1,385,398,4770
5113,91,2000001,0,user_4,383,397,4770
5118,92,2000001,0,user_7,383,397,4770
5132,93,2000001,0,user_17,383,397,4770
5568,98,2000001,0,user_12,385,399,4770
5579,99,2000001,0,user_19,385,399,4770
5582,99,2000001,0,user_20,385,398,4770
4779,97,2000001,0,user_12,381,397,4770
5114,98,2000001,0,user_6,383,397,4770
5586,97,2000001,0,user_25,385,398,4770
5587,98,2000001,0,user_26,385,398,4770
5823,95,2000001,0,user_8,386,396,4770
7202,98,2000000,0,user_36,391,396,
6386,89,2000000,0,user_47,388,394,
6368,90,2000000,0,user_34,388,394,
5156,99,2000000,0,user_44,383,396,
4723,93,2000000,0,user_16,380,394,
4736,92,2000000,0,user_28,380,394,
4740,94,2000000,0,user_34,380,394,
4770,99,2000000,350000,user_0,381,395,
4800,98,2000000,0,user_32,381,395,
4803,96,2000000,0,user_36,381,394,
5858,97,2000000,0,user_40,386,395,
6657,95,2000000,0,user_48,389,395,
6637,96,2000000,0,user_34,389,395,
5135,93,1999999,0,user_23,383,393,4770
5570,94,1999999,0,user_13,385,393,4770
5543,95,1999999,0,user_0,385,393,4770
5580,96,1999999,0,user_19,385,393,4770
5581,97,1999999,0,user_19,385,393,4770
5116,98,1999999,0,user_6,383,393,4770
5555,99,1999999,0,user_6,385,393,4770
6645,1,43000000,0,user_40,389,399,
6125,2,43000000,0,user_44,387,399,
8173,3,30000000,0,user_44,394,399,
6372,9,27000000,0,user_37,388,399,
4931,8,27000000,0,user_33,382,399,
6107,7,27000000,0,user_28,387,399,
8155,6,27000000,0,user_27,394,399,
6914,12,19000000,0,user_44,390,399,
4726,13,19000000,0,user_19,380,399,
5594,15,6300000,0,user_31,385,399,
5349,21,6300000,0,user_29,384,399,
5360,22,6300000,0,user_43,384,399,
4737,18,6300000,0,user_29,380,399,
4806,17,6300000,0,user_37,381,399,
5153,19,6300000,0,user_42,383,399,
5347,20,6300000,5630,user_27,384,399,
5841,16,6300000,0,user_29,386,399,
6641,24,6100000,0,user_37,389,399,
6647,25,6100000,0,user_41,389,399,
5863,26,6100000,0,user_45,386,399,
4743,28,6100000,0,user_36,380,399,
5842,27,6100000,0,user_30,386,399,
5593,30,5200000,21800,user_30,385,399,
5364,34,5200000,0,user_46,384,399,
5352,33,5200000,0,user_34,384,399,
4948,31,5200000,0,user_48,382,399,
4924,32,5200000,0,user_27,382,399,
7835,37,5000000,0,user_38,393,399,
5369,40,5000000,0,user_48,384,399,
4724,38,5000000,0,user_16,380,399,
5143,39,5000000,0,user_31,383,399,
8156,41,4500000,510000,user_28,394,399,
8167,42,4500000,215000,user_37,394,399,
6119,46,4500000,0,user_38,387,399,
6378,47,4500000,0,user_40,388,399,
6649,43,4500000,256000,user_42,389,399,
5614,45,4500000,0,user_48,385,399,
7209,44,4500000,32900,user_45,391,399,
7505,48,4500000,0,user_27,392,399,
5853,50,4200000,46500,user_37,386,399,
4757,51,4200000,0,user_49,380,399,
4949,52,4200000,0,user_49,382,399,
6644,55,3600000,0,user_40,389,399,
6634,54,3600000,256000,user_31,389,399,
4927,57,3600000,75000,user_30,382,399,
6916,56,3600000,0,user_47,390,399,
5110,59,3500001,0,user_1,383,399,4944
5125,60,3500001,0,user_12,383,399,4944
5138,61,3500001,0,user_26,383,399,4944
7836,63,3500000,0,user_38,393,399,
4944,65,3500000,161000,user_47,382,399,
6918,64,3500000,410000,user_47,390,399,
5317,73,3499999,0,user_8,384,399,4944
5321,72,3499999,0,user_9,384,399,4944
5111,66,3499999,0,user_2,383,399,4944
5129,69,3499999,0,user_15,383,399,4944
5130,70,3499999,0,user_15,383,399,4944
5128,67,3499999,0,user_13,383,399,4944
5133,71,3499999,0,user_18,383,399,4944
5117,68,3499999,0,user_6,383,399,4944
7828,76,3200000,0,user_31,393,399,
7837,74,3200000,0,user_38,393,399,
6376,77,3200000,0,user_39,388,399,
7517,78,3200000,0,user_44,392,399,
5362,82,2600000,0,user_44,384,399,
7208,81,2600000,0,user_44,391,399,
7843,84,2500000,0,user_45,393,399,
6631,85,2500000,0,user_28,389,399,
6118,86,2500000,0,user_37,387,399,
6127,88,2500000,0,user_46,387,399,
4947,87,2500000,0,user_47,382,399,
5154,91,2300000,0,user_42,383,399,
7201,92,2300000,0,user_36,391,399,
7830,93,2100000,0,user_33,393,399,
5140,96,2100000,11200,user_27,383,399,
5544,95,2000001,0,user_1,385,398,4770
5568,98,2000001,0,user_12,385,399,4770
5586,97,2000001,0,user_25,385,398,4770
5587,98,2000001,0,user_26,385,398,4770
5582,99,2000001,0,user_20,385,398,4770
5336,89,2000001,0,user_16,384,397,4770
5579,99,2000001,0,user_19,385,399,4770
4779,97,2000001,0,user_12,381,397,4770
5113,91,2000001,0,user_4,383,397,4770
5118,92,2000001,0,user_7,383,397,4770
5132,93,2000001,0,user_17,383,397,4770
5114,98,2000001,0,user_6,383,397,4770
5823,95,2000001,0,user_8,386,396,4770
6657,95,2000000,0,user_48,389,395,
6386,89,2000000,0,user_47,388,394,
6368,90,2000000,0,user_34,388,394,
6637,96,2000000,0,user_34,389,395,
4736,92,2000000,0,user_28,380,394,
4723,93,2000000,0,user_16,380,394,
4740,94,2000000,0,user_34,380,394,
4770,99,2000000,350000,user_0,381,395,
4803,96,2000000,0,user_36,381,394,
4800,98,2000000,0,user_32,381,395,
5156,99,2000000,0,user_44,383,396,
5858,97,2000000,0,user_40,386,395,
6645,1,43000000,0,user_40,389,399,
6125,2,43000000,0,user_44,387,399,
8173,3,30000000,0,user_44,394,399,
8155,6,27000000,0,user_27,394,399,
6107,7,27000000,0,user_28,387,399,
4931,8,27000000,0,user_33,382,399,
6372,9,27000000,0,user_37,388,399,
6914,12,19000000,0,user_44,390,399,
4726,13,19000000,0,user_19,380,399,
5594,15,6300000,0,user_31,385,399,
5841,16,6300000,0,user_29,386,399,
4806,17,6300000,0,user_37,381,399,
4737,18,6300000,0,user_29,380,399,
5153,19,6300000,0,user_42,383,399,
5347,20,6300000,5630,user_27,384,399,
5349,21,6300000,0,user_29,384,399,
5360,22,6300000,0,user_43,384,399,
6641,24,6100000,0,user_37,389,399,
6647,25,6100000,0,user_41,389,399,
5863,26,6100000,0,user_45,386,399,
5842,27,6100000,0,user_30,386,399,
4743,28,6100000,0,user_36,380,399,
5593,30,5200000,21800,user_30,385,399,
4948,31,5200000,0,user_48,382,399,
4924,32,5200000,0,user_27,382,399,
5352,33,5200000,0,user_34,384,399,
5364,34,5200000,0,user_46,384,399,
7835,37,5000000,0,user_38,393,399,
4724,38,5000000,0,user_16,380,399,
5143,39,5000000,0,user_31,383,399,
5369,40,5000000,0,user_48,384,399,
8156,41,4500000,510000,user_28,394,399,
8167,42,4500000,215000,user_37,394,399,
6649,43,4500000,256000,user_42,389,399,
7209,44,4500000,32900,user_45,391,399,
5614,45,4500000,0,user_48,385,399,
6119,46,4500000,0,user_38,387,399,
6378,47,4500000,0,user_40,388,399,
7505,48,4500000,0,user_27,392,399,
5853,50,4200000,46500,user_37,386,399,
4757,51,4200000,0,user_49,380,399,
4949,52,4200000,0,user_49,382,399,
8540,53,4200000,0,user_48,395,399,
6634,54,3600000,256000,user_31,389,399,
6644,55,3600000,0,user_40,389,399,
6916,56,3600000,0,user_47,390,399,
4927,57,3600000,75000,user_30,382,399,
5110,59,3500001,0,user_1,383,399,4944
5125,60,3500001,0,user_12,383,399,4944
5138,61,3500001,0,user_26,383,399,4944
7836,63,3500000,0,user_38,393,399,
6918,64,3500000,410000,user_47,390,399,
4944,65,3500000,161000,user_47,382,399,
5111,66,3499999,0,user_2,383,399,4944
5128,67,3499999,0,user_13,383,399,4944
5117,68,3499999,0,user_6,383,399,4944
5129,69,3499999,0,user_15,383,399,4944
5130,70,3499999,0,user_15,383,399,4944
5133,71,3499999,0,user_18,383,399,4944
5321,72,3499999,0,user_9,384,399,4944
5317,73,3499999,0,user_8,384,399,4944
7837,74,3200000,0,user_38,393,399,
8159,75,3200000,0,user_31,394,399,
7828,76,3200000,0,user_31,393,399,
6376,77,3200000,0,user_39,388,399,
7517,78,3200000,0,user_44,392,399,
7208,81,2600000,0,user_44,391,399,
5362,82,2600000,0,user_44,384,399,
7843,84,2500000,0,user_45,393,399,
6631,85,2500000,0,user_28,389,399,
6118,86,2500000,0,user_37,387,399,
4947,87,2500000,0,user_47,382,399,
6127,88,2500000,0,user_46,387,399,
8542,90,2400000,0,user_48,395,399,
5154,91,2300000,0,user_42,383,399,
7201,92,2300000,0,user_36,391,399,
7830,93,2100000,0,user_33,393,399,
8163,94,2100000,769000,user_35,394,399,
8534,95,2100000,0,user_45,395,399,
5140,96,2100000,11200,user_27,383,399,
8541,97,2100000,0,user_48,395,399,
5568,98,2000001,0,user_12,385,399,4770
5579,99,2000001,0,user_19,385,399,4770
5582,99,2000001,0,user_20,385,398,4770
5586,97,2000001,0,user_25,385,398,4770
5587,98,2000001,0,user_26,385,398,4770
5823,95,2000001,0,user_8,386,396,4770
4779,97,2000001,0,user_12,381,397,4770
5113,91,2000001,0,user_4,383,397,4770
5114,98,2000001,0,user_6,383,397,4770
5118,92,2000001,0,user_7,383,397,4770
5132,93,2000001,0,user_17,383,397,4770
5336,89,2000001,0,user_16,384,397,4770
5544,95,2000001,0,user_1,385,398,4770
8532,96,2000000,0,user_44,395,396,
6657,95,2000000,0,user_48,389,395,
6637,96,2000000,0,user_34,389,395,
5858,97,2000000,0,user_40,386,395,
4800,98,2000000,0,user_32,381,395,
4770,99,2000000,350000,user_0,381,395,
6125,2,43000000,0,user_44,387,399,
6645,1,43000000,0,user_40,389,399,
8173,3,30000000,0,user_44,394,399,
6107,7,27000000,0,user_28,387,399,
6372,9,27000000,0,user_37,388,399,
4931,8,27000000,0,user_33,382,399,
8155,6,27000000,0,user_27,394,399,
4726,13,19000000,0,user_19,380,399,
6914,12,19000000,0,user_44,390,399,
5153,19,6300000,0,user_42,383,399,
4806,17,6300000,0,user_37,381,399,
4737,18,6300000,0,user_29,380,399,
5349,21,6300000,0,user_29,384,399,
5360,22,6300000,0,user_43,384,399,
5347,20,6300000,5630,user_27,384,399,
5594,15,6300000,0,user_31,385,399,
5841,16,6300000,0,user_29,386,399,
8908,23,6300000,594000,user_34,396,399,
4743,28,6100000,0,user_36,380,399,
5842,27,6100000,0,user_30,386,399,
5863,26,6100000,0,user_45,386,399,
6641,24,6100000,0,user_37,389,399,
6647,25,6100000,0,user_41,389,399,
8917,29,6100000,0,user_42,396,399,
4924,32,5200000,0,user_27,382,399,
4948,31,5200000,0,user_48,382,399,
5364,34,5200000,0,user_46,384,399,
5352,33,5200000,0,user_34,384,399,
5593,30,5200000,21800,user_30,385,399,
5143,39,5000000,0,user_31,383,399,
4724,38,5000000,0,user_16,380,399,
5369,40,5000000,0,user_48,384,399,
7835,37,5000000,0,user_38,393,399,
7209,44,4500000,32900,user_45,391,399,
6119,46,4500000,0,user_38,387,399,
5614,45,4500000,0,user_48,385,399,
6378,47,4500000,0,user_40,388,399,
6649,43,4500000,256000,user_42,389,399,
7505,48,4500000,0,user_27,392,399,
8167,42,4500000,215000,user_37,394,399,
8156,41,4500000,510000,user_28,394,399,
8540,53,4200000,0,user_48,395,399,
4949,52,4200000,0,user_49,382,399,
4757,51,4200000,0,user_49,380,399,
5853,50,4200000,46500,user_37,386,399,
4927,57,3600000,75000,user_30,382,399,
6634,54,3600000,256000,user_31,389,399,
6644,55,3600000,0,user_40,389,399,
6916,56,3600000,0,user_47,390,399,
5125,60,3500001,0,user_12,383,399,4944
5138,61,3500001,0,user_26,383,399,4944
5110,59,3500001,0,user_1,383,399,4944
4944,65,3500000,161000,user_47,382,399,
6918,64,3500000,410000,user_47,390,399,
7836,63,3500000,0,user_38,393,399,
5128,67,3499999,0,user_13,383,399,4944
5117,68,3499999,0,user_6,383,399,4944
5129,69,3499999,0,user_15,383,399,4944
5130,70,3499999,0,user_15,383,399,4944
5133,71,3499999,0,user_18,383,399,4944
5111,66,3499999,0,user_2,383,399,4944
5317,73,3499999,0,user_8,384,399,4944
5321,72,3499999,0,user_9,384,399,4944
7517,78,3200000,0,user_44,392,399,
6376,77,3200000,0,user_39,388,399,
7828,76,3200000,0,user_31,393,399,
7837,74,3200000,0,user_38,393,399,
8159,75,3200000,0,user_31,394,399,
7208,81,2600000,0,user_44,391,399,
5362,82,2600000,0,user_44,384,399,
6127,88,2500000,0,user_46,387,399,
6118,86,2500000,0,user_37,387,399,
4947,87,2500000,0,user_47,382,399,
6631,85,2500000,0,user_28,389,399,
7843,84,2500000,0,user_45,393,399,
8542,90,2400000,0,user_48,395,399,
7201,92,2300000,0,user_36,391,399,
5154,91,2300000,0,user_42,383,399,
8163,94,2100000,769000,user_35,394,399,
8541,97,2100000,0,user_48,395,399,
8534,95,2100000,0,user_45,395,399,
5140,96,2100000,11200,user_27,383,399,
7830,93,2100000,0,user_33,393,399,
5113,91,2000001,0,user_4,383,397,4770
5114,98,2000001,0,user_6,383,397,4770
5118,92,2000001,0,user_7,383,397,4770
5132,93,2000001,0,user_17,383,397,4770
4779,97,2000001,0,user_12,381,397,4770
5336,89,2000001,0,user_16,384,397,4770
5544,95,2000001,0,user_1,385,398,4770
5568,98,2000001,0,user_12,385,399,4770
5582,99,2000001,0,user_20,385,398,4770
5579,99,2000001,0,user_19,385,399,4770
5586,97,2000001,0,user_25,385,398,4770
5587,98,2000001,0,user_26,385,398,4770
5823,95,2000001,0,user_8,386,396,4770
8532,96,2000000,0,user_44,395,396,
8520,97,2000000,0,user_29,395,396,
7202,98,2000000,0,user_36,391,396,
5156,99,2000000,0,user_44,383,396,
9304,0,43000000,410000,user_45,397,399,
6125,2,43000000,0,user_44,387,399,
6645,1,43000000,0,user_40,389,399,
8173,3,30000000,0,user_44,394,399,
9302,4,27000000,0,user_44,397,399,
9305,5,27000000,0,user_45,397,399,
6372,9,27000000,0,user_37,388,399,
6107,7,27000000,0,user_28,387,399,
4931,8,27000000,0,user_33,382,399,
8155,6,27000000,0,user_27,394,399,
4726,13,19000000,0,user_19,380,399,
6914,12,19000000,0,user_44,390,399,
8908,23,6300000,594000,user_34,396,399,
5349,21,6300000,0,user_29,384,399,
5360,22,6300000,0,user_43,384,399,
5347,20,6300000,5630,user_27,384,399,
4737,18,6300000,0,user_29,380,399,
4806,17,6300000,0,user_37,381,399,
5153,19,6300000,0,user_42,383,399,
5594,15,6300000,0,user_31,385,399,
5841,16,6300000,0,user_29,386,399,
8917,29,6100000,0,user_42,396,399,
6641,24,6100000,0,user_37,389,399,
4743,28,6100000,0,user_36,380,399,
5863,26,6100000,0,user_45,386,399,
5842,27,6100000,0,user_30,386,399,
6647,25,6100000,0,user_41,389,399,
5364,34,5200000,0,user_46,384,399,
5352,33,5200000,0,user_34,384,399,
4924,32,5200000,0,user_27,382,399,
4948,31,5200000,0,user_48,382,399,
5593,30,5200000,21800,user_30,385,399,
7835,37,5000000,0,user_38,393,399,
5369,40,5000000,0,user_48,384,399,
5143,39,5000000,0,user_31,383,399,
4724,38,5000000,0,user_16,380,399,
9288,35,5000000,0,user_33,397,399,
8156,41,4500000,510000,user_28,394,399,
8167,42,4500000,215000,user_37,394,399,
7505,48,4500000,0,user_27,392,399,
7209,44,4500000,32900,user_45,391,399,
6378,47,4500000,0,user_40,388,399,
6119,46,4500000,0,user_38,387,399,
5614,45,4500000,0,user_48,385,399,
6649,43,4500000,256000,user_42,389,399,
8540,53,4200000,0,user_48,395,399,
4949,52,4200000,0,user_49,382,399,
4757,51,4200000,0,user_49,380,399,
5853,50,4200000,46500,user_37,386,399,
4927,57,3600000,75000,user_30,382,399,
6644,55,3600000,0,user_40,389,399,
6634,54,3600000,256000,user_31,389,399,
6916,56,3600000,0,user_47,390,399,
5110,59,3500001,0,user_1,383,399,4944
5125,60,3500001,0,user_12,383,399,4944
5138,61,3500001,0,user_26,383,399,4944
7836,63,3500000,0,user_38,393,399,
4944,65,3500000,161000,user_47,382,399,
6918,64,3500000,410000,user_47,390,399,
5111,66,3499999,0,user_2,383,399,4944
5317,73,3499999,0,user_8,384,399,4944
5128,67,3499999,0,user_13,383,399,4944
5133,71,3499999,0,user_18,383,399,4944
5129,69,3499999,0,user_15,383,399,4944
5130,70,3499999,0,user_15,383,399,4944
5321,72,3499999,0,user_9,384,399,4944
5117,68,3499999,0,user_6,383,399,4944
7828,76,3200000,0,user_31,393,399,
7837,74,3200000,0,user_38,393,399,
8159,75,3200000,0,user_31,394,399,
7517,78,3200000,0,user_44,392,399,
6376,77,3200000,0,user_39,388,399,
7208,81,2600000,0,user_44,391,399,
5362,82,2600000,0,user_44,384,399,
9300,80,2600000,71800,user_41,397,399,
7843,84,2500000,0,user_45,393,399,
6127,88,2500000,0,user_46,387,399,
6118,86,2500000,0,user_37,387,399,
6631,85,2500000,0,user_28,389,399,
4947,87,2500000,0,user_47,382,399,
8542,90,2400000,0,user_48,395,399,
8905,89,2400000,0,user_31,396,399,
7201,92,2300000,0,user_36,391,399,
5154,91,2300000,0,user_42,383,399,
7830,93,2100000,0,user_33,393,399,
8163,94,2100000,769000,user_35,394,399,
8541,97,2100000,0,user_48,395,399,
8534,95,2100000,0,user_45,395,399,
5140,96,2100000,11200,user_27,383,399,
5336,89,2000001,0,user_16,384,397,4770
5544,95,2000001,0,user_1,385,398,4770
5113,91,2000001,0,user_4,383,397,4770
5118,92,2000001,0,user_7,383,397,4770
5132,93,2000001,0,user_17,383,397,4770
5568,98,2000001,0,user_12,385,399,4770
5579,99,2000001,0,user_19,385,399,4770
5582,99,2000001,0,user_20,385,398,4770
4779,97,2000001,0,user_12,381,397,4770
5114,98,2000001,0,user_6,383,397,4770
5586,97,2000001,0,user_25,385,398,4770
6645,1,43000000,0,user_40,389,399,
6125,2,43000000,0,user_44,387,399,
9304,0,43000000,410000,user_45,397,399,
8173,3,30000000,0,user_44,394,399,
6372,9,27000000,0,user_37,388,399,
4931,8,27000000,0,user_33,382,399,
6107,7,27000000,0,user_28,387,399,
8155,6,27000000,0,user_27,394,399,
9305,5,27000000,0,user_45,397,399,
9302,4,27000000,0,user_44,397,399,
9691,10,19000000,0,user_44,398,399,
6914,12,19000000,0,user_44,390,399,
4726,13,19000000,0,user_19,380,399,
9697,11,19000000,0,user_47,398,399,
5594,15,6300000,0,user_31,385,399,
5349,21,6300000,0,user_29,384,399,
5360,22,6300000,0,user_43,384,399,
4737,18,6300000,0,user_29,380,399,
4806,17,6300000,0,user_37,381,399,
5153,19,6300000,0,user_42,383,399,
5347,20,6300000,5630,user_27,384,399,
5841,16,6300000,0,user_29,386,399,
8908,23,6300000,594000,user_34,396,399,
6641,24,6100000,0,user_37,389,399,
6647,25,6100000,0,user_41,389,399,
5863,26,6100000,0,user_45,386,399,
4743,28,6100000,0,user_36,380,399,
5842,27,6100000,0,user_30,386,399,
8917,29,6100000,0,user_42,396,399,
5593,30,5200000,21800,user_30,385,399,
5364,34,5200000,0,user_46,384,399,
5352,33,5200000,0,user_34,384,399,
4948,31,5200000,0,user_48,382,399,
4924,32,5200000,0,user_27,382,399,
7835,37,5000000,0,user_38,393,399,
5369,40,5000000,0,user_48,384,399,
4724,38,5000000,0,user_16,380,399,
5143,39,5000000,0,user_31,383,399,
9288,35,5000000,0,user_33,397,399,
9676,36,5000000,0,user_29,398,399,
8156,41,4500000,510000,user_28,394,399,
8167,42,4500000,215000,user_37,394,399,
6119,46,4500000,0,user_38,387,399,
6378,47,4500000,0,user_40,388,399,
6649,43,4500000,256000,user_42,389,399,
5614,45,4500000,0,user_48,385,399,
7209,44,4500000,32900,user_45,391,399,
7505,48,4500000,0,user_27,392,399,
9693,49,4200000,0,user_44,398,399,
5853,50,4200000,46500,user_37,386,399,
4757,51,4200000,0,user_49,380,399,
4949,52,4200000,0,user_49,382,399,
8540,53,4200000,0,user_48,395,399,
6644,55,3600000,0,user_40,389,399,
6634,54,3600000,256000,user_31,389,399,
4927,57,3600000,75000,user_30,382,399,
6916,56,3600000,0,user_47,390,399,
5110,59,3500001,0,user_1,383,399,4944
5125,60,3500001,0,user_12,383,399,4944
5138,61,3500001,0,user_26,383,399,4944
7836,63,3500000,0,user_38,393,399,
4944,65,3500000,161000,user_47,382,399,
6918,64,3500000,410000,user_47,390,399,
9701,62,3500000,0,user_48,398,399,
5317,73,3499999,0,user_8,384,399,4944
5321,72,3499999,0,user_9,384,399,4944
5111,66,3499999,0,user_2,383,399,4944
5129,69,3499999,0,user_15,383,399,4944
5130,70,3499999,0,user_15,383,399,4944
5128,67,3499999,0,user_13,383,399,4944
5133,71,3499999,0,user_18,383,399,4944
5117,68,3499999,0,user_6,383,399,4944
7828,76,3200000,0,user_31,393,399,
7837,74,3200000,0,user_38,393,399,
6376,77,3200000,0,user_39,388,399,
7517,78,3200000,0,user_44,392,399,
8159,75,3200000,0,user_31,394,399,
5362,82,2600000,0,user_44,384,399,
7208,81,2600000,0,user_44,391,399,
9300,80,2600000,71800,user_41,397,399,
7843,84,2500000,0,user_45,393,399,
6631,85,2500000,0,user_28,389,399,
6118,86,2500000,0,user_37,387,399,
6127,88,2500000,0,user_46,387,399,
4947,87,2500000,0,user_47,382,399,
9681,83,2500000,0,user_34,398,399,
8542,90,2400000,0,user_48,395,399,
8905,89,2400000,0,user_31,396,399,
5154,91,2300000,0,user_42,383,399,
7201,92,2300000,0,user_36,391,399,
7830,93,2100000,0,user_33,393,399,
5140,96,2100000,11200,user_27,383,399,
8163,94,2100000,769000,user_35,394,399,
8534,95,2100000,0,user_45,395,399,
8541,97,2100000,0,user_48,395,399,
5544,95,2000001,0,user_1,385,398,4770
5568,98,2000001,0,user_12,385,399,4770
5586,97,2000001,0,user_25,385,398,4770
5587,98,2000001,0,user_26,385,398,4770
5582,99,2000001,0,user_20,385,398,4770
9304,0,43000000,410000,user_45,397,399,
6645,1,43000000,0,user_40,389,399,
6125,2,43000000,0,user_44,387,399,
8173,3,30000000,0,user_44,394,399,
9302,4,27000000,0,user_44,397,399,
9305,5,27000000,0,user_45,397,399,
8155,6,27000000,0,user_27,394,399,
6107,7,27000000,0,user_28,387,399,
4931,8,27000000,0,user_33,382,399,
6372,9,27000000,0,user_37,388,399,
9691,10,19000000,0,user_44,398,399,
9697,11,19000000,0,user_47,398,399,
6914,12,19000000,0,user_44,390,399,
4726,13,19000000,0,user_19,380,399,
10103,14,19000000,0,user_48,399,399,
5594,15,6300000,0,user_31,385,399,
5841,16,6300000,0,user_29,386,399,
4806,17,6300000,0,user_37,381,399,
4737,18,6300000,0,user_29,380,399,
5153,19,6300000,0,user_42,383,399,
5347,20,6300000,5630,user_27,384,399,
5349,21,6300000,0,user_29,384,399,
5360,22,6300000,0,user_43,384,399,
8908,23,6300000,594000,user_34,396,399,
6641,24,6100000,0,user_37,389,399,
6647,25,6100000,0,user_41,389,399,
5863,26,6100000,0,user_45,386,399,
5842,27,6100000,0,user_30,386,399,
4743,28,6100000,0,user_36,380,399,
8917,29,6100000,0,user_42,396,399,
5593,30,5200000,21800,user_30,385,399,
4948,31,5200000,0,user_48,382,399,
4924,32,5200000,0,user_27,382,399,
5352,33,5200000,0,user_34,384,399,
5364,34,5200000,0,user_46,384,399,
9288,35,5000000,0,user_33,397,399,
9676,36,5000000,0,user_29,398,399,
7835,37,5000000,0,user_38,393,399,
4724,38,5000000,0,user_16,380,399,
5143,39,5000000,0,user_31,383,399,
5369,40,5000000,0,user_48,384,399,
8156,41,4500000,510000,user_28,394,399,
8167,42,4500000,215000,user_37,394,399,
6649,43,4500000,256000,user_42,389,399,
7209,44,4500000,32900,user_45,391,399,
5614,45,4500000,0,user_48,385,399,
6119,46,4500000,0,user_38,387,399,
6378,47,4500000,0,user_40,388,399,
7505,48,4500000,0,user_27,392,399,
9693,49,4200000,0,user_44,398,399,
5853,50,4200000,46500,user_37,386,399,
4757,51,4200000,0,user_49,380,399,
4949,52,4200000,0,user_49,382,399,
8540,53,4200000,0,user_48,395,399,
6634,54,3600000,256000,user_31,389,399,
6644,55,3600000,0,user_40,389,399,
6916,56,3600000,0,user_47,390,399,
4927,57,3600000,75000,user_30,382,399,
10092,58,3600000,0,user_34,399,399,
5110,59,3500001,0,user_1,383,399,4944
5125,60,3500001,0,user_12,383,399,4944
5138,61,3500001,0,user_26,383,399,4944
9701,62,3500000,0,user_48,398,399,
7836,63,3500000,0,user_38,393,399,
6918,64,3500000,410000,user_47,390,399,
4944,65,3500000,161000,user_47,382,399,
5111,66,3499999,0,user_2,383,399,4944
5128,67,3499999,0,user_13,383,399,4944
5117,68,3499999,0,user_6,383,399,4944
5129,69,3499999,0,user_15,383,399,4944
5130,70,3499999,0,user_15,383,399,4944
5133,71,3499999,0,user_18,383,399,4944
5321,72,3499999,0,user_9,384,399,4944
5317,73,3499999,0,user_8,384,399,4944
7837,74,3200000,0,user_38,393,399,
8159,75,3200000,0,user_31,394,399,
7828,76,3200000,0,user_31,393,399,
6376,77,3200000,0,user_39,388,399,
7517,78,3200000,0,user_44,392,399,
10096,79,3200000,0,user_39,399,399,
9300,80,2600000,71800,user_41,397,399,
7208,81,2600000,0,user_44,391,399,
5362,82,2600000,0,user_44,384,399,
9681,83,2500000,0,user_34,398,399,
7843,84,2500000,0,user_45,393,399,
6631,85,2500000,0,user_28,389,399,
6118,86,2500000,0,user_37,387,399,
4947,87,2500000,0,user_47,382,399,
6127,88,2500000,0,user_46,387,399,
8905,89,2400000,0,user_31,396,399,
8542,90,2400000,0,user_48,395,399,
5154,91,2300000,0,user_42,383,399,
7201,92,2300000,0,user_36,391,399,
7830,93,2100000,0,user_33,393,399,
8163,94,2100000,769000,user_35,394,399,
8534,95,2100000,0,user_45,395,399,
5140,96,2100000,11200,user_27,383,399,
8541,97,2100000,0,user_48,395,399,
5568,98,2000001,0,user_12,385,399,4770
5579,99,2000001,0,user_19,385,399,4770
4726,13,19000000,0,user_19,400,419,
4737,18,6300000,0,user_29,400,419,
4743,28,6100000,0,user_36,400,419,
4724,38,5000000,0,user_16,400,419,
4736,92,2000000,0,user_28,400,414,
4723,93,2000000,0,user_16,400,414,
4740,94,2000000,0,user_34,400,414,
4734,97,1900000,0,user_24,400,410,
4731,97,1700000,0,user_23,400,409,
4735,94,1500000,128000,user_27,400,407,
4730,94,1400000,0,user_23,400,405,
4732,95,1400000,0,user_23,400,405,
4749,96,1400000,0,user_42,400,405,
4713,99,1300000,0,user_4,400,405,
4753,84,1000000,0,user_44,400,404,
4751,83,1000000,0,user_42,400,404,
4714,74,670000,0,user_6,400,403,
4715,78,530000,0,user_7,400,403,
4717,79,470000,0,user_9,400,403,
4752,85,350000,0,user_42,400,403,
4716,88,320000,0,user_8,400,403,
4722,90,310000,0,user_16,400,403,
4754,69,260000,0,user_45,400,402,
4755,68,260000,0,user_48,400,402,
4729,74,170000,0,user_23,400,402,
4725,77,160000,0,user_16,400,402,
4733,78,160000,0,user_24,400,402,
4745,84,120000,0,user_40,400,402,
4750,85,120000,0,user_42,400,402,
4747,65,110000,33300,user_41,400,401,
4718,72,100000,0,user_11,400,401,
4719,73,100000,0,user_11,400,401,
4721,75,82000,0,user_14,400,401,
4728,74,82000,0,user_23,400,401,
4746,76,82000,0,user_40,400,401,
4727,77,80000,0,user_20,400,401,
4748,80,73000,195000,user_42,400,401,
4720,37,70000,0,user_13,400,400,
4737,18,6300000,0,user_29,400,419,
4806,17,6300000,0,user_37,401,419,
4743,28,6100000,0,user_36,400,419,
4724,38,5000000,0,user_16,400,419,
4757,51,4200000,0,user_49,400,419,
4779,97,2000001,0,user_12,401,417,4770
4723,93,2000000,0,user_16,400,414,
4736,92,2000000,0,user_28,400,414,
4740,94,2000000,0,user_34,400,414,
4770,99,2000000,350000,user_0,401,415,
4800,98,2000000,0,user_32,401,415,
4803,96,2000000,0,user_36,401,414,
4734,97,1900000,0,user_24,400,410,
4731,97,1700000,0,user_23,400,409,
4780,98,1500001,0,user_14,401,408,4735
4793,99,1500001,0,user_22,401,408,4735
4735,94,1500000,128000,user_27,400,407,
4771,99,1499999,0,user_1,401,407,4735
4792,94,1499999,0,user_21,401,406,4735
4794,95,1499999,0,user_22,401,406,4735
4786,96,1499999,0,user_17,401,406,4735
4787,97,1499999,0,user_17,401,406,4735
4788,98,1499999,0,user_17,401,406,4735
4730,94,1400000,0,user_23,400,405,
4732,95,1400000,0,user_23,400,405,
4749,96,1400000,0,user_42,400,405,
4769,97,1400000,0,user_0,401,405,
4713,99,1300000,0,user_4,400,405,
4756,82,1100000,0,user_49,400,404,
4741,81,1100000,0,user_35,400,404,
4753,84,1000000,0,user_44,400,404,
4751,83,1000000,0,user_42,400,404,
4714,74,670000,0,user_6,400,403,
4715,78,530000,0,user_7,400,403,
4717,79,470000,0,user_9,400,403,
4809,81,460000,12300,user_44,401,403,
4739,84,370000,0,user_31,400,403,
4752,85,350000,0,user_42,400,403,
4744,86,340000,0,user_38,400,403,
4716,88,320000,0,user_8,400,403,
4722,90,310000,0,user_16,400,403,
4813,95,300000,71800,user_46,401,403,
4738,67,260000,0,user_31,400,402,
4755,68,260000,0,user_48,400,402,
4754,69,260000,0,user_45,400,402,
4804,70,260000,0,user_37,401,402,
4810,71,240000,0,user_45,401,402,
4799,72,220000,0,user_28,401,402,
4801,73,190000,0,user_33,401,402,
4729,74,170000,0,user_23,400,402,
4807,75,170000,0,user_40,401,402,
4725,77,160000,0,user_16,400,402,
4733,78,160000,0,user_24,400,402,
4811,79,160000,0,user_45,401,402,
4802,80,160000,0,user_33,401,402,
4798,81,160000,0,user_27,401,402,
4805,82,150000,0,user_37,401,402,
4745,84,120000,0,user_40,400,402,
4750,85,120000,0,user_42,400,402,
4812,86,120000,0,user_46,401,402,
4781,91,110001,0,user_14,401,402,4747
4782,93,110001,0,user_15,401,402,4747
4791,92,110001,0,user_21,401,402,4747
4784,94,110001,0,user_17,401,402,4747
4789,95,110001,0,user_18,401,402,4747
4747,65,110000,33300,user_41,400,401,
4742,66,110000,0,user_35,400,401,
4775,67,109999,0,user_6,401,401,4747
4796,68,109999,0,user_25,401,401,4747
4797,69,109999,0,user_26,401,401,4747
4785,70,109999,0,user_17,401,401,4747
4795,71,109999,0,user_24,401,401,4747
4718,72,100000,0,user_11,400,401,
4719,73,100000,0,user_11,400,401,
4728,74,82000,0,user_23,400,401,
4721,75,82000,0,user_14,400,401,
4746,76,82000,0,user_40,400,401,
4727,77,80000,0,user_20,400,401,
4790,78,73001,0,user_20,401,401,4748
4772,79,73001,0,user_3,401,401,4748
4748,80,73000,195000,user_42,400,401,
4774,81,72999,0,user_5,401,401,4748
4777,82,72999,0,user_10,401,401,4748
4773,83,72999,0,user_3,401,401,4748
4776,84,72999,0,user_6,401,401,4748
4778,85,72999,0,user_11,401,401,4748
4783,86,72999,0,user_16,401,401,4748
4931,8,27000000,0,user_33,402,419,
4726,13,19000000,0,user_19,400,419,
4737,18,6300000,0,user_29,400,419,
4806,17,6300000,0,user_37,401,419,
4743,28,6100000,0,user_36,400,419,
4948,31,5200000,0,user_48,402,419,
4924,32,5200000,0,user_27,402,419,
4724,38,5000000,0,user_16,400,419,
4757,51,4200000,0,user_49,400,419,
4927,57,3600000,75000,user_30,402,419,
4944,65,3500000,161000,user_47,402,419,
4947,87,2500000,0,user_47,402,419,
4779,97,2000001,0,user_12,401,417,4770
4736,92,2000000,0,user_28,400,414,
4723,93,2000000,0,user_16,400,414,
4740,94,2000000,0,user_34,400,414,
4770,99,2000000,350000,user_0,401,415,
4803,96,2000000,0,user_36,401,414,
4800,98,2000000,0,user_32,401,415,
4734,97,1900000,0,user_24,400,410,
4731,97,1700000,0,user_23,400,409,
4808,99,1600000,0,user_43,401,409,
4780,98,1500001,0,user_14,401,408,4735
4793,99,1500001,0,user_22,401,408,4735
4922,97,1500001,0,user_24,402,408,4735
4735,94,1500000,128000,user_27,400,407,
4771,99,1499999,0,user_1,401,407,4735
4792,94,1499999,0,user_21,401,406,4735
4794,95,1499999,0,user_22,401,406,4735
4786,96,1499999,0,user_17,401,406,4735
4787,97,1499999,0,user_17,401,406,4735
4788,98,1499999,0,user_17,401,406,4735
4895,99,1499999,0,user_2,402,406,4735
4912,98,1499999,0,user_21,402,407,4735
4730,94,1400000,0,user_23,400,405,
4732,95,1400000,0,user_23,400,405,
4749,96,1400000,0,user_42,400,405,
4769,97,1400000,0,user_0,401,405,
4932,92,1400000,0,user_33,402,405,
4713,99,1300000,0,user_4,400,405,
4756,82,1100000,0,user_49,400,404,
4741,81,1100000,0,user_35,400,404,
4753,84,1000000,0,user_44,400,404,
4751,83,1000000,0,user_42,400,404,
4714,74,670000,0,user_6,400,403,
4939,76,630000,0,user_39,402,403,
4935,77,600000,0,user_37,402,403,
4715,78,530000,0,user_7,400,403,
4717,79,470000,0,user_9,400,403,
4903,80,460001,0,user_11,402,403,4809
4809,81,460000,12300,user_44,401,403,
4902,83,459999,0,user_11,402,403,4809
4739,84,370000,0,user_31,400,403,
4752,85,350000,0,user_42,400,403,
4744,86,340000,0,user_38,400,403,
4716,88,320000,0,user_8,400,403,
4722,90,310000,0,user_16,400,403,
4925,89,310000,0,user_30,402,403,
4907,92,300001,0,user_14,402,403,4813
4921,93,300001,0,user_23,402,403,4813
4901,94,300001,0,user_9,402,403,4813
4813,95,300000,71800,user_46,401,403,
4896,96,299999,0,user_4,402,403,4813
4911,97,299999,0,user_20,402,403,4813
4899,99,299999,0,user_6,402,403,4813
4900,65,299999,0,user_6,402,402,4813
4915,98,299999,0,user_21,402,403,4813
4738,67,260000,0,user_31,400,402,
4755,68,260000,0,user_48,400,402,
4754,69,260000,0,user_45,400,402,
4804,70,260000,0,user_37,401,402,
4810,71,240000,0,user_45,401,402,
4799,72,220000,0,user_28,401,402,
4801,73,190000,0,user_33,401,402,
4729,74,170000,0,user_23,400,402,
4807,75,170000,0,user_40,401,402,
4943,76,170000,4320000,user_47,402,402,
4725,77,160000,0,user_16,400,402,
4733,78,160000,0,user_24,400,402,
4811,79,160000,0,user_45,401,402,
4802,80,160000,0,user_33,401,402,
4798,81,160000,0,user_27,401,402,
4805,82,150000,0,user_37,401,402,
4945,83,150000,0,user_47,402,402,
4745,84,120000,0,user_40,400,402,
4750,85,120000,0,user_42,400,402,
4812,86,120000,0,user_46,401,402,
4814,87,120000,0,user_49,401,402,
4938,88,120000,0,user_39,402,402,
4934,89,120000,0,user_36,402,402,
4946,90,120000,46500,user_47,402,402,
4781,91,110001,0,user_14,401,402,4747
4791,92,110001,0,user_21,401,402,4747
4782,93,110001,0,user_15,401,402,4747
4784,94,110001,0,user_17,401,402,4747
4789,95,110001,0,user_18,401,402,4747
4897,96,110001,0,user_5,402,402,4747
4898,97,110001,0,user_5,402,402,4747
4905,98,110001,0,user_12,402,402,4747
4908,99,110001,0,user_15,402,402,4747
4931,8,27000000,0,user_33,402,419,
4726,13,19000000,0,user_19,400,419,
4806,17,6300000,0,user_37,401,419,
4737,18,6300000,0,user_29,400,419,
5153,19,6300000,0,user_42,403,419,
4743,28,6100000,0,user_36,400,419,
4948,31,5200000,0,user_48,402,419,
4924,32,5200000,0,user_27,402,419,
4724,38,5000000,0,user_16,400,419,
4757,51,4200000,0,user_49,400,419,
4949,52,4200000,0,user_49,402,419,
4927,57,3600000,75000,user_30,402,419,
5110,59,3500001,0,user_1,403,419,4944
5125,60,3500001,0,user_12,403,419,4944
5138,61,3500001,0,user_26,403,419,4944
4944,65,3500000,161000,user_47,402,419,
5111,66,3499999,0,user_2,403,419,4944
5128,67,3499999,0,user_13,403,419,4944
5117,68,3499999,0,user_6,403,419,4944
5129,69,3499999,0,user_15,403,419,4944
5130,70,3499999,0,user_15,403,419,4944
5133,71,3499999,0,user_18,403,419,4944
4947,87,2500000,0,user_47,402,419,
5154,91,2300000,0,user_42,403,419,
5140,96,2100000,11200,user_27,403,419,
4779,97,2000001,0,user_12,401,417,4770
5113,91,2000001,0,user_4,403,417,4770
5114,98,2000001,0,user_6,403,417,4770
5118,92,2000001,0,user_7,403,417,4770
5132,93,2000001,0,user_17,403,417,4770
4800,98,2000000,0,user_32,401,415,
4770,99,2000000,350000,user_0,401,415,
4803,96,2000000,0,user_36,401,414,
5156,99,2000000,0,user_44,403,416,
4723,93,2000000,0,user_16,400,414,
4740,94,2000000,0,user_34,400,414,
4736,92,2000000,0,user_28,400,414,
5116,98,1999999,0,user_6,403,413,4770
5135,93,1999999,0,user_23,403,413,4770
4734,97,1900000,0,user_24,400,410,
4731,97,1700000,0,user_23,400,409,
4808,99,1600000,0,user_43,401,409,
4922,97,1500001,0,user_24,402,408,4735
4780,98,1500001,0,user_14,401,408,4735
4793,99,1500001,0,user_22,401,408,4735
5119,95,1500001,0,user_7,403,408,4735
5124,94,1500001,0,user_12,403,408,4735
5136,96,1500001,0,user_24,403,408,4735
4735,94,1500000,128000,user_27,400,407,
5145,95,1500000,0,user_34,403,407,
5142,96,1500000,0,user_30,403,407,
4912,98,1499999,0,user_21,402,407,4735
4771,99,1499999,0,user_1,401,407,4735
4786,96,1499999,0,user_17,401,406,4735
4787,97,1499999,0,user_17,401,406,4735
4788,98,1499999,0,user_17,401,406,4735
4794,95,1499999,0,user_22,401,406,4735
4792,94,1499999,0,user_21,401,406,4735
4895,99,1499999,0,user_2,402,406,4735
5134,84,1499999,0,user_21,403,405,4735
5137,85,1499999,0,user_25,403,405,4735
4932,92,1400000,0,user_33,402,405,
4769,97,1400000,0,user_0,401,405,
4730,94,1400000,0,user_23,400,405,
4732,95,1400000,0,user_23,400,405,
4749,96,1400000,0,user_42,400,405,
5141,98,1300000,18600,user_28,403,405,
4713,99,1300000,0,user_4,400,405,
4929,80,1200000,0,user_31,402,404,
4741,81,1100000,0,user_35,400,404,
4756,82,1100000,0,user_49,400,404,
4753,84,1000000,0,user_44,400,404,
4751,83,1000000,0,user_42,400,404,
5144,96,910000,7190000,user_32,403,404,
4714,74,670000,0,user_6,400,403,
5139,75,660000,7190000,user_27,403,403,
4939,76,630000,0,user_39,402,403,
4935,77,600000,0,user_37,402,403,
4715,78,530000,0,user_7,400,403,
4717,79,470000,0,user_9,400,403,
4903,80,460001,0,user_11,402,403,4809
4809,81,460000,12300,user_44,401,403,
5152,82,460000,0,user_41,403,403,
4902,83,459999,0,user_11,402,403,4809
4739,84,370000,0,user_31,400,403,
4752,85,350000,0,user_42,400,403,
4744,86,340000,0,user_38,400,403,
5150,87,340000,0,user_37,403,403,
4716,88,320000,0,user_8,400,403,
4925,89,310000,0,user_30,402,403,
4722,90,310000,0,user_16,400,403,
5148,91,310000,0,user_36,403,403,
4907,92,300001,0,user_14,402,403,4813
4921,93,300001,0,user_23,402,403,4813
4901,94,300001,0,user_9,402,403,4813
4813,95,300000,71800,user_46,401,403,
4896,96,299999,0,user_4,402,403,4813
4911,97,299999,0,user_20,402,403,4813
4915,98,299999,0,user_21,402,403,4813
4899,99,299999,0,user_6,402,403,4813
4931,8,27000000,0,user_33,402,419,
4726,13,19000000,0,user_19,400,419,
5153,19,6300000,0,user_42,403,419,
4806,17,6300000,0,user_37,401,419,
4737,18,6300000,0,user_29,400,419,
5349,21,6300000,0,user_29,404,419,
5347,20,6300000,5630,user_27,404,419,
4743,28,6100000,0,user_36,400,419,
4924,32,5200000,0,user_27,402,419,
4948,31,5200000,0,user_48,402,419,
5364,34,5200000,0,user_46,404,419,
5352,33,5200000,0,user_34,404,419,
5143,39,5000000,0,user_31,403,419,
4724,38,5000000,0,user_16,400,419,
5369,40,5000000,0,user_48,404,419,
4949,52,4200000,0,user_49,402,419,
4757,51,4200000,0,user_49,400,419,
4927,57,3600000,75000,user_30,402,419,
5125,60,3500001,0,user_12,403,419,4944
5138,61,3500001,0,user_26,403,419,4944
5110,59,3500001,0,user_1,403,419,4944
4944,65,3500000,161000,user_47,402,419,
5128,67,3499999,0,user_13,403,419,4944
5117,68,3499999,0,user_6,403,419,4944
5129,69,3499999,0,user_15,403,419,4944
5130,70,3499999,0,user_15,403,419,4944
5133,71,3499999,0,user_18,403,419,4944
5111,66,3499999,0,user_2,403,419,4944
5317,73,3499999,0,user_8,404,419,4944
5321,72,3499999,0,user_9,404,419,4944
5362,82,2600000,0,user_44,404,419,
4947,87,2500000,0,user_47,402,419,
5154,91,2300000,0,user_42,403,419,
5140,96,2100000,11200,user_27,403,419,
5113,91,2000001,0,user_4,403,417,4770
5114,98,2000001,0,user_6,403,417,4770
5118,92,2000001,0,user_7,403,417,4770
5132,93,2000001,0,user_17,403,417,4770
4779,97,2000001,0,user_12,401,417,4770
5336,89,2000001,0,user_16,404,417,4770
5156,99,2000000,0,user_44,403,416,
4770,99,2000000,350000,user_0,401,415,
4803,96,2000000,0,user_36,401,414,
4736,92,2000000,0,user_28,400,414,
4723,93,2000000,0,user_16,400,414,
4740,94,2000000,0,user_34,400,414,
4800,98,2000000,0,user_32,401,415,
5116,98,1999999,0,user_6,403,413,4770
5135,93,1999999,0,user_23,403,413,4770
4734,97,1900000,0,user_24,400,410,
5366,96,1800000,0,user_47,404,409,
4731,97,1700000,0,user_23,400,409,
4808,99,1600000,0,user_43,401,409,
5124,94,1500001,0,user_12,403,408,4735
5119,95,1500001,0,user_7,403,408,4735
5136,96,1500001,0,user_24,403,408,4735
4922,97,1500001,0,user_24,402,408,4735
4780,98,1500001,0,user_14,401,408,4735
4793,99,1500001,0,user_22,401,408,4735
5142,96,1500000,0,user_30,403,407,
5145,95,1500000,0,user_34,403,407,
4735,94,1500000,128000,user_27,400,407,
5350,97,1500000,0,user_30,404,407,
5134,84,1499999,0,user_21,403,405,4735
4895,99,1499999,0,user_2,402,406,4735
5137,85,1499999,0,user_25,403,405,4735
4771,99,1499999,0,user_1,401,407,4735
4912,98,1499999,0,user_21,402,407,4735
4792,94,1499999,0,user_21,401,406,4735
4786,96,1499999,0,user_17,401,406,4735
4787,97,1499999,0,user_17,401,406,4735
4788,98,1499999,0,user_17,401,406,4735
4794,95,1499999,0,user_22,401,406,4735
4749,96,1400000,0,user_42,400,405,
4769,97,1400000,0,user_0,401,405,
4932,92,1400000,0,user_33,402,405,
4730,94,1400000,0,user_23,400,405,
4732,95,1400000,0,user_23,400,405,
5141,98,1300000,18600,user_28,403,405,
4713,99,1300000,0,user_4,400,405,
4929,80,1200000,0,user_31,402,404,
4741,81,1100000,0,user_35,400,404,
4756,82,1100000,0,user_49,400,404,
4751,83,1000000,0,user_42,400,404,
4753,84,1000000,0,user_44,400,404,
5353,85,1000000,0,user_36,404,404,
5312,86,910001,0,user_1,404,404,5144
5314,87,910001,0,user_2,404,404,5144
5323,88,910001,0,user_10,404,404,5144
5324,89,910001,0,user_11,404,404,5144
5325,90,910001,0,user_11,404,404,5144
5341,91,910001,0,user_19,404,404,5144
5315,92,910001,0,user_3,404,404,5144
5319,93,910001,0,user_8,404,404,5144
5320,94,910001,0,user_9,404,404,5144
5322,95,910001,0,user_9,404,404,5144
5144,96,910000,7190000,user_32,403,404,
5328,97,909999,0,user_13,404,404,5144
5311,98,909999,0,user_0,404,404,5144
5316,99,909999,0,user_6,404,404,5144
4931,8,27000000,0,user_33,402,419,
4726,13,19000000,0,user_19,400,419,
5349,21,6300000,0,user_29,404,419,
5360,22,6300000,0,user_43,404,419,
5347,20,6300000,5630,user_27,404,419,
4737,18,6300000,0,user_29,400,419,
4806,17,6300000,0,user_37,401,419,
5153,19,6300000,0,user_42,403,419,
4743,28,6100000,0,user_36,400,419,
5364,34,5200000,0,user_46,404,419,
5352,33,5200000,0,user_34,404,419,
4924,32,5200000,0,user_27,402,419,
4948,31,5200000,0,user_48,402,419,
5593,30,5200000,21800,user_30,405,419,
5369,40,5000000,0,user_48,404,419,
5143,39,5000000,0,user_31,403,419,
4724,38,5000000,0,user_16,400,419,
5614,45,4500000,0,user_48,405,419,
4949,52,4200000,0,user_49,402,419,
4757,51,4200000,0,user_49,400,419,
4927,57,3600000,75000,user_30,402,419,
5110,59,3500001,0,user_1,403,419,4944
5125,60,3500001,0,user_12,403,419,4944
5138,61,3500001,0,user_26,403,419,4944
4944,65,3500000,161000,user_47,402,419,
5111,66,3499999,0,user_2,403,419,4944
5317,73,3499999,0,user_8,404,419,4944
5128,67,3499999,0,user_13,403,419,4944
5133,71,3499999,0,user_18,403,419,4944
5129,69,3499999,0,user_15,403,419,4944
5130,70,3499999,0,user_15,403,419,4944
5321,72,3499999,0,user_9,404,419,4944
5117,68,3499999,0,user_6,403,419,4944
5362,82,2600000,0,user_44,404,419,
4947,87,2500000,0,user_47,402,419,
5154,91,2300000,0,user_42,403,419,
5140,96,2100000,11200,user_27,403,419,
5336,89,2000001,0,user_16,404,417,4770
5544,95,2000001,0,user_1,405,418,4770
5113,91,2000001,0,user_4,403,417,4770
5118,92,2000001,0,user_7,403,417,4770
5132,93,2000001,0,user_17,403,417,4770
5568,98,2000001,0,user_12,405,419,4770
5579,99,2000001,0,user_19,405,419,4770
5582,99,2000001,0,user_20,405,418,4770
4779,97,2000001,0,user_12,401,417,4770
5114,98,2000001,0,user_6,403,417,4770
5586,97,2000001,0,user_25,405,418,4770
5587,98,2000001,0,user_26,405,418,4770
5156,99,2000000,0,user_44,403,416,
4723,93,2000000,0,user_16,400,414,
4736,92,2000000,0,user_28,400,414,
4740,94,2000000,0,user_34,400,414,
4770,99,2000000,350000,user_0,401,415,
4800,98,2000000,0,user_32,401,415,
4803,96,2000000,0,user_36,401,414,
5135,93,1999999,0,user_23,403,413,4770
5570,94,1999999,0,user_13,405,413,4770
5543,95,1999999,0,user_0,405,413,4770
5580,96,1999999,0,user_19,405,413,4770
5581,97,1999999,0,user_19,405,413,4770
5116,98,1999999,0,user_6,403,413,4770
5555,99,1999999,0,user_6,405,413,4770
5585,94,1999999,0,user_25,405,411,4770
5575,95,1999999,0,user_17,405,412,4770
5584,99,1999999,0,user_24,405,412,4770
5577,96,1999999,0,user_18,405,412,4770
4734,97,1900000,0,user_24,400,410,
5366,96,1800000,0,user_47,404,409,
4731,97,1700000,0,user_23,400,409,
4808,99,1600000,0,user_43,401,409,
4922,97,1500001,0,user_24,402,408,4735
5124,94,1500001,0,user_12,403,408,4735
5119,95,1500001,0,user_7,403,408,4735
5136,96,1500001,0,user_24,403,408,4735
4780,98,1500001,0,user_14,401,408,4735
4793,99,1500001,0,user_22,401,408,4735
5350,97,1500000,0,user_30,404,407,
5142,96,1500000,0,user_30,403,407,
4735,94,1500000,128000,user_27,400,407,
5145,95,1500000,0,user_34,403,407,
5613,92,1500000,0,user_46,405,407,
4895,99,1499999,0,user_2,402,406,4735
4912,98,1499999,0,user_21,402,407,4735
5134,84,1499999,0,user_21,403,405,4735
5137,85,1499999,0,user_25,403,405,4735
4771,99,1499999,0,user_1,401,407,4735
4792,94,1499999,0,user_21,401,406,4735
4794,95,1499999,0,user_22,401,406,4735
4786,96,1499999,0,user_17,401,406,4735
4787,97,1499999,0,user_17,401,406,4735
4788,98,1499999,0,user_17,401,406,4735
4932,92,1400000,0,user_33,402,405,
5609,93,1400000,0,user_44,405,405,
4730,94,1400000,0,user_23,400,405,
4732,95,1400000,0,user_23,400,405,
4749,96,1400000,0,user_42,400,405,
4769,97,1400000,0,user_0,401,405,
5141,98,1300000,18600,user_28,403,405,
4713,99,1300000,0,user_4,400,405,
4931,8,27000000,0,user_33,402,419,
4726,13,19000000,0,user_19,400,419,
5594,15,6300000,0,user_31,405,419,
5349,21,6300000,0,user_29,404,419,
5360,22,6300000,0,user_43,404,419,
4737,18,6300000,0,user_29,400,419,
4806,17,6300000,0,user_37,401,419,
5153,19,6300000,0,user_42,403,419,
5347,20,6300000,5630,user_27,404,419,
5841,16,6300000,0,user_29,406,419,
5863,26,6100000,0,user_45,406,419,
4743,28,6100000,0,user_36,400,419,
5842,27,6100000,0,user_30,406,419,
5593,30,5200000,21800,user_30,405,419,
5364,34,5200000,0,user_46,404,419,
5352,33,5200000,0,user_34,404,419,
4948,31,5200000,0,user_48,402,419,
4924,32,5200000,0,user_27,402,419,
5369,40,5000000,0,user_48,404,419,
4724,38,5000000,0,user_16,400,419,
5143,39,5000000,0,user_31,403,419,
5614,45,4500000,0,user_48,405,419,
5853,50,4200000,46500,user_37,406,419,
4757,51,4200000,0,user_49,400,419,
4949,52,4200000,0,user_49,402,419,
4927,57,3600000,75000,user_30,402,419,
5110,59,3500001,0,user_1,403,419,4944
5125,60,3500001,0,user_12,403,419,4944
5138,61,3500001,0,user_26,403,419,4944
4944,65,3500000,161000,user_47,402,419,
5317,73,3499999,0,user_8,404,419,4944
5321,72,3499999,0,user_9,404,419,4944
5111,66,3499999,0,user_2,403,419,4944
5129,69,3499999,0,user_15,403,419,4944
5130,70,3499999,0,user_15,403,419,4944
5128,67,3499999,0,user_13,403,419,4944
5133,71,3499999,0,user_18,403,419,4944
5117,68,3499999,0,user_6,403,419,4944
5362,82,2600000,0,user_44,404,419,
4947,87,2500000,0,user_47,402,419,
5154,91,2300000,0,user_42,403,419,
5140,96,2100000,11200,user_27,403,419,
5544,95,2000001,0,user_1,405,418,4770
5568,98,2000001,0,user_12,405,419,4770
5586,97,2000001,0,user_25,405,418,4770
5587,98,2000001,0,user_26,405,418,4770
5582,99,2000001,0,user_20,405,418,4770
5336,89,2000001,0,user_16,404,417,4770
5579,99,2000001,0,user_19,405,419,4770
4779,97,2000001,0,user_12,401,417,4770
5113,91,2000001,0,user_4,403,417,4770
5118,92,2000001,0,user_7,403,417,4770
5132,93,2000001,0,user_17,403,417,4770
5114,98,2000001,0,user_6,403,417,4770
5823,95,2000001,0,user_8,406,416,4770
4736,92,2000000,0,user_28,400,414,
4723,93,2000000,0,user_16,400,414,
4740,94,2000000,0,user_34,400,414,
4770,99,2000000,350000,user_0,401,415,
4803,96,2000000,0,user_36,401,414,
4800,98,2000000,0,user_32,401,415,
5156,99,2000000,0,user_44,403,416,
5858,97,2000000,0,user_40,406,415,
5543,95,1999999,0,user_0,405,413,4770
5570,94,1999999,0,user_13,405,413,4770
5575,95,1999999,0,user_17,405,412,4770
5584,99,1999999,0,user_24,405,412,4770
5585,94,1999999,0,user_25,405,411,4770
5577,96,1999999,0,user_18,405,412,4770
5555,99,1999999,0,user_6,405,413,4770
5580,96,1999999,0,user_19,405,413,4770
5581,97,1999999,0,user_19,405,413,4770
5135,93,1999999,0,user_23,403,413,4770
5116,98,1999999,0,user_6,403,413,4770
4734,97,1900000,0,user_24,400,410,
5869,98,1900000,0,user_47,406,410,
5366,96,1800000,0,user_47,404,409,
4731,97,1700000,0,user_23,400,409,
5604,92,1600000,0,user_38,405,408,
5862,93,1600000,0,user_45,406,408,
4808,99,1600000,0,user_43,401,409,
4780,98,1500001,0,user_14,401,408,4735
4793,99,1500001,0,user_22,401,408,4735
4922,97,1500001,0,user_24,402,408,4735
5119,95,1500001,0,user_7,403,408,4735
5124,94,1500001,0,user_12,403,408,4735
5136,96,1500001,0,user_24,403,408,4735
5613,92,1500000,0,user_46,405,407,
5350,97,1500000,0,user_30,404,407,
5861,93,1500000,0,user_45,406,407,
4735,94,1500000,128000,user_27,400,407,
5142,96,1500000,0,user_30,403,407,
5145,95,1500000,0,user_34,403,407,
4771,99,1499999,0,user_1,401,407,4735
4792,94,1499999,0,user_21,401,406,4735
4794,95,1499999,0,user_22,401,406,4735
4786,96,1499999,0,user_17,401,406,4735
4787,97,1499999,0,user_17,401,406,4735
4788,98,1499999,0,user_17,401,406,4735
4895,99,1499999,0,user_2,402,406,4735
6125,2,43000000,0,user_44,407,419,
6107,7,27000000,0,user_28,407,419,
4931,8,27000000,0,user_33,402,419,
4726,13,19000000,0,user_19,400,419,
5594,15,6300000,0,user_31,405,419,
5841,16,6300000,0,user_29,406,419,
4806,17,6300000,0,user_37,401,419,
4737,18,6300000,0,user_29,400,419,
5153,19,6300000,0,user_42,403,419,
5347,20,6300000,5630,user_27,404,419,
5349,21,6300000,0,user_29,404,419,
5360,22,6300000,0,user_43,404,419,
5863,26,6100000,0,user_45,406,419,
5842,27,6100000,0,user_30,406,419,
4743,28,6100000,0,user_36,400,419,
5593,30,5200000,21800,user_30,405,419,
4948,31,5200000,0,user_48,402,419,
4924,32,5200000,0,user_27,402,419,
5352,33,5200000,0,user_34,404,419,
5364,34,5200000,0,user_46,404,419,
4724,38,5000000,0,user_16,400,419,
5143,39,5000000,0,user_31,403,419,
5369,40,5000000,0,user_48,404,419,
5614,45,4500000,0,user_48,405,419,
5853,50,4200000,46500,user_37,406,419,
4757,51,4200000,0,user_49,400,419,
4949,52,4200000,0,user_49,402,419,
4927,57,3600000,75000,user_30,402,419,
5110,59,3500001,0,user_1,403,419,4944
5125,60,3500001,0,user_12,403,419,4944
5138,61,3500001,0,user_26,403,419,4944
4944,65,3500000,161000,user_47,402,419,
5111,66,3499999,0,user_2,403,419,4944
5128,67,3499999,0,user_13,403,419,4944
5117,68,3499999,0,user_6,403,419,4944
5129,69,3499999,0,user_15,403,419,4944
5130,70,3499999,0,user_15,403,419,4944
5133,71,3499999,0,user_18,403,419,4944
5321,72,3499999,0,user_9,404,419,4944
5317,73,3499999,0,user_8,404,419,4944
5362,82,2600000,0,user_44,404,419,
6118,86,2500000,0,user_37,407,419,
4947,87,2500000,0,user_47,402,419,
6127,88,2500000,0,user_46,407,419,
5154,91,2300000,0,user_42,403,419,
5140,96,2100000,11200,user_27,403,419,
5568,98,2000001,0,user_12,405,419,4770
5579,99,2000001,0,user_19,405,419,4770
5582,99,2000001,0,user_20,405,418,4770
5586,97,2000001,0,user_25,405,418,4770
5587,98,2000001,0,user_26,405,418,4770
5823,95,2000001,0,user_8,406,416,4770
4779,97,2000001,0,user_12,401,417,4770
5113,91,2000001,0,user_4,403,417,4770
5114,98,2000001,0,user_6,403,417,4770
5118,92,2000001,0,user_7,403,417,4770
5132,93,2000001,0,user_17,403,417,4770
5336,89,2000001,0,user_16,404,417,4770
5544,95,2000001,0,user_1,405,418,4770
5858,97,2000000,0,user_40,406,415,
4800,98,2000000,0,user_32,401,415,
4770,99,2000000,350000,user_0,401,415,
4803,96,2000000,0,user_36,401,414,
5156,99,2000000,0,user_44,403,416,
4723,93,2000000,0,user_16,400,414,
4740,94,2000000,0,user_34,400,414,
4736,92,2000000,0,user_28,400,414,
5570,94,1999999,0,user_13,405,413,4770
5543,95,1999999,0,user_0,405,413,4770
5580,96,1999999,0,user_19,405,413,4770
5581,97,1999999,0,user_19,405,413,4770
5555,99,1999999,0,user_6,405,413,4770
5585,94,1999999,0,user_25,405,411,4770
5575,95,1999999,0,user_17,405,412,4770
5584,99,1999999,0,user_24,405,412,4770
5577,96,1999999,0,user_18,405,412,4770
5116,98,1999999,0,user_6,403,413,4770
5135,93,1999999,0,user_23,403,413,4770
5869,98,1900000,0,user_47,406,410,
4734,97,1900000,0,user_24,400,410,
5366,96,1800000,0,user_47,404,409,
4731,97,1700000,0,user_23,400,409,
5604,92,1600000,0,user_38,405,408,
5862,93,1600000,0,user_45,406,408,
4808,99,1600000,0,user_43,401,409,
6110,98,1600000,0,user_33,407,409,
4922,97,1500001,0,user_24,402,408,4735
4780,98,1500001,0,user_14,401,408,4735
4793,99,1500001,0,user_22,401,408,4735
5119,95,1500001,0,user_7,403,408,4735
5124,94,1500001,0,user_12,403,408,4735
5136,96,1500001,0,user_24,403,408,4735
5613,92,1500000,0,user_46,405,407,
5861,93,1500000,0,user_45,406,407,
4735,94,1500000,128000,user_27,400,407,
5145,95,1500000,0,user_34,403,407,
5142,96,1500000,0,user_30,403,407,
5350,97,1500000,0,user_30,404,407,
4912,98,1499999,0,user_21,402,407,4735
4771,99,1499999,0,user_1,401,407,4735
6125,2,43000000,0,user_44,407,419,
6107,7,27000000,0,user_28,407,419,
6372,9,27000000,0,user_37,408,419,
4931,8,27000000,0,user_33,402,419,
4726,13,19000000,0,user_19,400,419,
5153,19,6300000,0,user_42,403,419,
4806,17,6300000,0,user_37,401,419,
4737,18,6300000,0,user_29,400,419,
5349,21,6300000,0,user_29,404,419,
5360,22,6300000,0,user_43,404,419,
5347,20,6300000,5630,user_27,404,419,
5594,15,6300000,0,user_31,405,419,
5841,16,6300000,0,user_29,406,419,
4743,28,6100000,0,user_36,400,419,
5842,27,6100000,0,user_30,406,419,
5863,26,6100000,0,user_45,406,419,
4924,32,5200000,0,user_27,402,419,
4948,31,5200000,0,user_48,402,419,
5364,34,5200000,0,user_46,404,419,
5352,33,5200000,0,user_34,404,419,
5593,30,5200000,21800,user_30,405,419,
5143,39,5000000,0,user_31,403,419,
4724,38,5000000,0,user_16,400,419,
5369,40,5000000,0,user_48,404,419,
6119,46,4500000,0,user_38,407,419,
5614,45,4500000,0,user_48,405,419,
6378,47,4500000,0,user_40,408,419,
4949,52,4200000,0,user_49,402,419,
4757,51,4200000,0,user_49,400,419,
5853,50,4200000,46500,user_37,406,419,
4927,57,3600000,75000,user_30,402,419,
5125,60,3500001,0,user_12,403,419,4944
5138,61,3500001,0,user_26,403,419,4944
5110,59,3500001,0,user_1,403,419,4944
4944,65,3500000,161000,user_47,402,419,
5128,67,3499999,0,user_13,403,419,4944
5117,68,3499999,0,user_6,403,419,4944
5129,69,3499999,0,user_15,403,419,4944
5130,70,3499999,0,user_15,403,419,4944
5133,71,3499999,0,user_18,403,419,4944
5111,66,3499999,0,user_2,403,419,4944
5317,73,3499999,0,user_8,404,419,4944
5321,72,3499999,0,user_9,404,419,4944
6376,77,3200000,0,user_39,408,419,
5362,82,2600000,0,user_44,404,419,
6127,88,2500000,0,user_46,407,419,
6118,86,2500000,0,user_37,407,419,
4947,87,2500000,0,user_47,402,419,
5154,91,2300000,0,user_42,403,419,
5140,96,2100000,11200,user_27,403,419,
5113,91,2000001,0,user_4,403,417,4770
5114,98,2000001,0,user_6,403,417,4770
5118,92,2000001,0,user_7,403,417,4770
5132,93,2000001,0,user_17,403,417,4770
4779,97,2000001,0,user_12,401,417,4770
5336,89,2000001,0,user_16,404,417,4770
5544,95,2000001,0,user_1,405,418,4770
5568,98,2000001,0,user_12,405,419,4770
5582,99,2000001,0,user_20,405,418,4770
5579,99,2000001,0,user_19,405,419,4770
5586,97,2000001,0,user_25,405,418,4770
5587,98,2000001,0,user_26,405,418,4770
5823,95,2000001,0,user_8,406,416,4770
5156,99,2000000,0,user_44,403,416,
4770,99,2000000,350000,user_0,401,415,
4803,96,2000000,0,user_36,401,414,
4736,92,2000000,0,user_28,400,414,
4723,93,2000000,0,user_16,400,414,
4740,94,2000000,0,user_34,400,414,
4800,98,2000000,0,user_32,401,415,
5858,97,2000000,0,user_40,406,415,
6368,90,2000000,0,user_34,408,414,
6386,89,2000000,0,user_47,408,414,
5116,98,1999999,0,user_6,403,413,4770
5135,93,1999999,0,user_23,403,413,4770
5543,95,1999999,0,user_0,405,413,4770
5570,94,1999999,0,user_13,405,413,4770
5575,95,1999999,0,user_17,405,412,4770
5577,96,1999999,0,user_18,405,412,4770
5580,96,1999999,0,user_19,405,413,4770
5581,97,1999999,0,user_19,405,413,4770
5584,99,1999999,0,user_24,405,412,4770
5585,94,1999999,0,user_25,405,411,4770
5555,99,1999999,0,user_6,405,413,4770
6124,96,1900000,0,user_43,407,410,
4734,97,1900000,0,user_24,400,410,
5869,98,1900000,0,user_47,406,410,
5366,96,1800000,0,user_47,404,409,
6374,99,1800000,0,user_39,408,410,
4731,97,1700000,0,user_23,400,409,
6110,98,1600000,0,user_33,407,409,
4808,99,1600000,0,user_43,401,409,
5604,92,1600000,0,user_38,405,408,
5862,93,1600000,0,user_45,406,408,
5124,94,1500001,0,user_12,403,408,4735
5119,95,1500001,0,user_7,403,408,4735
5136,96,1500001,0,user_24,403,408,4735
4922,97,1500001,0,user_24,402,408,4735
4780,98,1500001,0,user_14,401,408,4735
4793,99,1500001,0,user_22,401,408,4735
6125,2,43000000,0,user_44,407,419,
6645,1,43000000,0,user_40,409,419,
6372,9,27000000,0,user_37,408,419,
6107,7,27000000,0,user_28,407,419,
4931,8,27000000,0,user_33,402,419,
4726,13,19000000,0,user_19,400,419,
5349,21,6300000,0,user_29,404,419,
5360,22,6300000,0,user_43,404,419,
5347,20,6300000,5630,user_27,404,419,
4737,18,6300000,0,user_29,400,419,
4806,17,6300000,0,user_37,401,419,
5153,19,6300000,0,user_42,403,419,
5594,15,6300000,0,user_31,405,419,
5841,16,6300000,0,user_29,406,419,
6641,24,6100000,0,user_37,409,419,
4743,28,6100000,0,user_36,400,419,
5863,26,6100000,0,user_45,406,419,
5842,27,6100000,0,user_30,406,419,
6647,25,6100000,0,user_41,409,419,
5364,34,5200000,0,user_46,404,419,
5352,33,5200000,0,user_34,404,419,
4924,32,5200000,0,user_27,402,419,
4948,31,5200000,0,user_48,402,419,
5593,30,5200000,21800,user_30,405,419,
5369,40,5000000,0,user_48,404,419,
5143,39,5000000,0,user_31,403,419,
4724,38,5000000,0,user_16,400,419,
6378,47,4500000,0,user_40,408,419,
6119,46,4500000,0,user_38,407,419,
5614,45,4500000,0,user_48,405,419,
6649,43,4500000,256000,user_42,409,419,
4949,52,4200000,0,user_49,402,419,
4757,51,4200000,0,user_49,400,419,
5853,50,4200000,46500,user_37,406,419,
4927,57,3600000,75000,user_30,402,419,
6644,55,3600000,0,user_40,409,419,
5110,59,3500001,0,user_1,403,419,4944
5125,60,3500001,0,user_12,403,419,4944
5138,61,3500001,0,user_26,403,419,4944
4944,65,3500000,161000,user_47,402,419,
5111,66,3499999,0,user_2,403,419,4944
5317,73,3499999,0,user_8,404,419,4944
5128,67,3499999,0,user_13,403,419,4944
5133,71,3499999,0,user_18,403,419,4944
5129,69,3499999,0,user_15,403,419,4944
5130,70,3499999,0,user_15,403,419,4944
5321,72,3499999,0,user_9,404,419,4944
5117,68,3499999,0,user_6,403,419,4944
6376,77,3200000,0,user_39,408,419,
5362,82,2600000,0,user_44,404,419,
6127,88,2500000,0,user_46,407,419,
6118,86,2500000,0,user_37,407,419,
6631,85,2500000,0,user_28,409,419,
4947,87,2500000,0,user_47,402,419,
5154,91,2300000,0,user_42,403,419,
5140,96,2100000,11200,user_27,403,419,
5336,89,2000001,0,user_16,404,417,4770
5544,95,2000001,0,user_1,405,418,4770
5113,91,2000001,0,user_4,403,417,4770
5118,92,2000001,0,user_7,403,417,4770
5132,93,2000001,0,user_17,403,417,4770
5568,98,2000001,0,user_12,405,419,4770
5579,99,2000001,0,user_19,405,419,4770
5582,99,2000001,0,user_20,405,418,4770
4779,97,2000001,0,user_12,401,417,4770
5114,98,2000001,0,user_6,403,417,4770
5586,97,2000001,0,user_25,405,418,4770
5587,98,2000001,0,user_26,405,418,4770
5823,95,2000001,0,user_8,406,416,4770
6386,89,2000000,0,user_47,408,414,
6368,90,2000000,0,user_34,408,414,
5156,99,2000000,0,user_44,403,416,
4723,93,2000000,0,user_16,400,414,
4736,92,2000000,0,user_28,400,414,
4740,94,2000000,0,user_34,400,414,
4770,99,2000000,350000,user_0,401,415,
4800,98,2000000,0,user_32,401,415,
4803,96,2000000,0,user_36,401,414,
5858,97,2000000,0,user_40,406,415,
6657,95,2000000,0,user_48,409,415,
6637,96,2000000,0,user_34,409,415,
5135,93,1999999,0,user_23,403,413,4770
5570,94,1999999,0,user_13,405,413,4770
5543,95,1999999,0,user_0,405,413,4770
5580,96,1999999,0,user_19,405,413,4770
5581,97,1999999,0,user_19,405,413,4770
5116,98,1999999,0,user_6,403,413,4770
5555,99,1999999,0,user_6,405,413,4770
5585,94,1999999,0,user_25,405,411,4770
5575,95,1999999,0,user_17,405,412,4770
5584,99,1999999,0,user_24,405,412,4770
5577,96,1999999,0,user_18,405,412,4770
6124,96,1900000,0,user_43,407,410,
4734,97,1900000,0,user_24,400,410,
5869,98,1900000,0,user_47,406,410,
6374,99,1800000,0,user_39,408,410,
5366,96,1800000,0,user_47,404,409,
4731,97,1700000,0,user_23,400,409,
6110,98,1600000,0,user_33,407,409,
4808,99,1600000,0,user_43,401,409,
6645,1,43000000,0,user_40,409,419,
6125,2,43000000,0,user_44,407,419,
6372,9,27000000,0,user_37,408,419,
4931,8,27000000,0,user_33,402,419,
6107,7,27000000,0,user_28,407,419,
6914,12,19000000,0,user_44,410,419,
4726,13,19000000,0,user_19,400,419,
5594,15,6300000,0,user_31,405,419,
5349,21,6300000,0,user_29,404,419,
5360,22,6300000,0,user_43,404,419,
4737,18,6300000,0,user_29,400,419,
4806,17,6300000,0,user_37,401,419,
5153,19,6300000,0,user_42,403,419,
5347,20,6300000,5630,user_27,404,419,
5841,16,6300000,0,user_29,406,419,
6641,24,6100000,0,user_37,409,419,
6647,25,6100000,0,user_41,409,419,
5863,26,6100000,0,user_45,406,419,
4743,28,6100000,0,user_36,400,419,
5842,27,6100000,0,user_30,406,419,
5593,30,5200000,21800,user_30,405,419,
5364,34,5200000,0,user_46,404,419,
5352,33,5200000,0,user_34,404,419,
4948,31,5200000,0,user_48,402,419,
4924,32,5200000,0,user_27,402,419,
5369,40,5000000,0,user_48,404,419,
4724,38,5000000,0,user_16,400,419,
5143,39,5000000,0,user_31,403,419,
6119,46,4500000,0,user_38,407,419,
6378,47,4500000,0,user_40,408,419,
6649,43,4500000,256000,user_42,409,419,
5614,45,4500000,0,user_48,405,419,
5853,50,4200000,46500,user_37,406,419,
4757,51,4200000,0,user_49,400,419,
4949,52,4200000,0,user_49,402,419,
6644,55,3600000,0,user_40,409,419,
6634,54,3600000,256000,user_31,409,419,
4927,57,3600000,75000,user_30,402,419,
6916,56,3600000,0,user_47,410,419,
5110,59,3500001,0,user_1,403,419,4944
5125,60,3500001,0,user_12,403,419,4944
5138,61,3500001,0,user_26,403,419,4944
4944,65,3500000,161000,user_47,402,419,
6918,64,3500000,410000,user_47,410,419,
5317,73,3499999,0,user_8,404,419,4944
5321,72,3499999,0,user_9,404,419,4944
5111,66,3499999,0,user_2,403,419,4944
5129,69,3499999,0,user_15,403,419,4944
5130,70,3499999,0,user_15,403,419,4944
5128,67,3499999,0,user_13,403,419,4944
5133,71,3499999,0,user_18,403,419,4944
5117,68,3499999,0,user_6,403,419,4944
6376,77,3200000,0,user_39,408,419,
5362,82,2600000,0,user_44,404,419,
6631,85,2500000,0,user_28,409,419,
6118,86,2500000,0,user_37,407,419,
6127,88,2500000,0,user_46,407,419,
4947,87,2500000,0,user_47,402,419,
5154,91,2300000,0,user_42,403,419,
5140,96,2100000,11200,user_27,403,419,
5544,95,2000001,0,user_1,405,418,4770
5568,98,2000001,0,user_12,405,419,4770
5586,97,2000001,0,user_25,405,418,4770
5587,98,2000001,0,user_26,405,418,4770
5582,99,2000001,0,user_20,405,418,4770
5336,89,2000001,0,user_16,404,417,4770
5579,99,2000001,0,user_19,405,419,4770
4779,97,2000001,0,user_12,401,417,4770
5113,91,2000001,0,user_4,403,417,4770
5118,92,2000001,0,user_7,403,417,4770
5132,93,2000001,0,user_17,403,417,4770
5114,98,2000001,0,user_6,403,417,4770
5823,95,2000001,0,user_8,406,416,4770
6657,95,2000000,0,user_48,409,415,
6386,89,2000000,0,user_47,408,414,
6368,90,2000000,0,user_34,408,414,
6637,96,2000000,0,user_34,409,415,
4736,92,2000000,0,user_28,400,414,
4723,93,2000000,0,user_16,400,414,
4740,94,2000000,0,user_34,400,414,
4770,99,2000000,350000,user_0,401,415,
4803,96,2000000,0,user_36,401,414,
4800,98,2000000,0,user_32,401,415,
5156,99,2000000,0,user_44,403,416,
5858,97,2000000,0,user_40,406,415,
5543,95,1999999,0,user_0,405,413,4770
5570,94,1999999,0,user_13,405,413,4770
5575,95,1999999,0,user_17,405,412,4770
5584,99,1999999,0,user_24,405,412,4770
5585,94,1999999,0,user_25,405,411,4770
5577,96,1999999,0,user_18,405,412,4770
5555,99,1999999,0,user_6,405,413,4770
5580,96,1999999,0,user_19,405,413,4770
5581,97,1999999,0,user_19,405,413,4770
5135,93,1999999,0,user_23,403,413,4770
5116,98,1999999,0,user_6,403,413,4770
6124,96,1900000,0,user_43,407,410,
4734,97,1900000,0,user_24,400,410,
5869,98,1900000,0,user_47,406,410,
6374,99,1800000,0,user_39,408,410,
6645,1,43000000,0,user_40,409,419,
6125,2,43000000,0,user_44,407,419,
6107,7,27000000,0,user_28,407,419,
4931,8,27000000,0,user_33,402,419,
6372,9,27000000,0,user_37,408,419,
6914,12,19000000,0,user_44,410,419,
4726,13,19000000,0,user_19,400,419,
5594,15,6300000,0,user_31,405,419,
5841,16,6300000,0,user_29,406,419,
4806,17,6300000,0,user_37,401,419,
4737,18,6300000,0,user_29,400,419,
5153,19,6300000,0,user_42,403,419,
5347,20,6300000,5630,user_27,404,419,
5349,21,6300000,0,user_29,404,419,
5360,22,6300000,0,user_43,404,419,
6641,24,6100000,0,user_37,409,419,
6647,25,6100000,0,user_41,409,419,
5863,26,6100000,0,user_45,406,419,
5842,27,6100000,0,user_30,406,419,
4743,28,6100000,0,user_36,400,419,
5593,30,5200000,21800,user_30,405,419,
4948,31,5200000,0,user_48,402,419,
4924,32,5200000,0,user_27,402,419,
5352,33,5200000,0,user_34,404,419,
5364,34,5200000,0,user_46,404,419,
4724,38,5000000,0,user_16,400,419,
5143,39,5000000,0,user_31,403,419,
5369,40,5000000,0,user_48,404,419,
6649,43,4500000,256000,user_42,409,419,
7209,44,4500000,32900,user_45,411,419,
5614,45,4500000,0,user_48,405,419,
6119,46,4500000,0,user_38,407,419,
6378,47,4500000,0,user_40,408,419,
5853,50,4200000,46500,user_37,406,419,
4757,51,4200000,0,user_49,400,419,
4949,52,4200000,0,user_49,402,419,
6634,54,3600000,256000,user_31,409,419,
6644,55,3600000,0,user_40,409,419,
6916,56,3600000,0,user_47,410,419,
4927,57,3600000,75000,user_30,402,419,
5110,59,3500001,0,user_1,403,419,4944
5125,60,3500001,0,user_12,403,419,4944
5138,61,3500001,0,user_26,403,419,4944
6918,64,3500000,410000,user_47,410,419,
4944,65,3500000,161000,user_47,402,419,
5111,66,3499999,0,user_2,403,419,4944
5128,67,3499999,0,user_13,403,419,4944
5117,68,3499999,0,user_6,403,419,4944
5129,69,3499999,0,user_15,403,419,4944
5130,70,3499999,0,user_15,403,419,4944
5133,71,3499999,0,user_18,403,419,4944
5321,72,3499999,0,user_9,404,419,4944
5317,73,3499999,0,user_8,404,419,4944
6376,77,3200000,0,user_39,408,419,
7208,81,2600000,0,user_44,411,419,
5362,82,2600000,0,user_44,404,419,
6631,85,2500000,0,user_28,409,419,
6118,86,2500000,0,user_37,407,419,
4947,87,2500000,0,user_47,402,419,
6127,88,2500000,0,user_46,407,419,
5154,91,2300000,0,user_42,403,419,
7201,92,2300000,0,user_36,411,419,
5140,96,2100000,11200,user_27,403,419,
5568,98,2000001,0,user_12,405,419,4770
5579,99,2000001,0,user_19,405,419,4770
5582,99,2000001,0,user_20,405,418,4770
5586,97,2000001,0,user_25,405,418,4770
5587,98,2000001,0,user_26,405,418,4770
5823,95,2000001,0,user_8,406,416,4770
4779,97,2000001,0,user_12,401,417,4770
5113,91,2000001,0,user_4,403,417,4770
5114,98,2000001,0,user_6,403,417,4770
5118,92,2000001,0,user_7,403,417,4770
5132,93,2000001,0,user_17,403,417,4770
5336,89,2000001,0,user_16,404,417,4770
5544,95,2000001,0,user_1,405,418,4770
6657,95,2000000,0,user_48,409,415,
6637,96,2000000,0,user_34,409,415,
5858,97,2000000,0,user_40,406,415,
4800,98,2000000,0,user_32,401,415,
4770,99,2000000,350000,user_0,401,415,
4803,96,2000000,0,user_36,401,414,
5156,99,2000000,0,user_44,403,416,
4723,93,2000000,0,user_16,400,414,
4740,94,2000000,0,user_34,400,414,
4736,92,2000000,0,user_28,400,414,
6386,89,2000000,0,user_47,408,414,
6368,90,2000000,0,user_34,408,414,
7202,98,2000000,0,user_36,411,416,
5570,94,1999999,0,user_13,405,413,4770
5543,95,1999999,0,user_0,405,413,4770
5580,96,1999999,0,user_19,405,413,4770
5581,97,1999999,0,user_19,405,413,4770
5555,99,1999999,0,user_6,405,413,4770
5585,94,1999999,0,user_25,405,411,4770
5575,95,1999999,0,user_17,405,412,4770
5584,99,1999999,0,user_24,405,412,4770
5577,96,1999999,0,user_18,405,412,4770
5116,98,1999999,0,user_6,403,413,4770
5135,93,1999999,0,user_23,403,413,4770
6125,2,43000000,0,user_44,407,419,
6645,1,43000000,0,user_40,409,419,
6107,7,27000000,0,user_28,407,419,
6372,9,27000000,0,user_37,408,419,
4931,8,27000000,0,user_33,402,419,
4726,13,19000000,0,user_19,400,419,
6914,12,19000000,0,user_44,410,419,
5153,19,6300000,0,user_42,403,419,
4806,17,6300000,0,user_37,401,419,
4737,18,6300000,0,user_29,400,419,
5349,21,6300000,0,user_29,404,419,
5360,22,6300000,0,user_43,404,419,
5347,20,6300000,5630,user_27,404,419,
5594,15,6300000,0,user_31,405,419,
5841,16,6300000,0,user_29,406,419,
4743,28,6100000,0,user_36,400,419,
5842,27,6100000,0,user_30,406,419,
5863,26,6100000,0,user_45,406,419,
6641,24,6100000,0,user_37,409,419,
6647,25,6100000,0,user_41,409,419,
4924,32,5200000,0,user_27,402,419,
4948,31,5200000,0,user_48,402,419,
5364,34,5200000,0,user_46,404,419,
5352,33,5200000,0,user_34,404,419,
5593,30,5200000,21800,user_30,405,419,
5143,39,5000000,0,user_31,403,419,
4724,38,5000000,0,user_16,400,419,
5369,40,5000000,0,user_48,404,419,
7209,44,4500000,32900,user_45,411,419,
6119,46,4500000,0,user_38,407,419,
5614,45,4500000,0,user_48,405,419,
6378,47,4500000,0,user_40,408,419,
6649,43,4500000,256000,user_42,409,419,
7505,48,4500000,0,user_27,412,419,
4949,52,4200000,0,user_49,402,419,
4757,51,4200000,0,user_49,400,419,
5853,50,4200000,46500,user_37,406,419,
4927,57,3600000,75000,user_30,402,419,
6634,54,3600000,256000,user_31,409,419,
6644,55,3600000,0,user_40,409,419,
6916,56,3600000,0,user_47,410,419,
5125,60,3500001,0,user_12,403,419,4944
5138,61,3500001,0,user_26,403,419,4944
5110,59,3500001,0,user_1,403,419,4944
4944,65,3500000,161000,user_47,402,419,
6918,64,3500000,410000,user_47,410,419,
5128,67,3499999,0,user_13,403,419,4944
5117,68,3499999,0,user_6,403,419,4944
5129,69,3499999,0,user_15,403,419,4944
5130,70,3499999,0,user_15,403,419,4944
5133,71,3499999,0,user_18,403,419,4944
5111,66,3499999,0,user_2,403,419,4944
5317,73,3499999,0,user_8,404,419,4944
5321,72,3499999,0,user_9,404,419,4944
7517,78,3200000,0,user_44,412,419,
6376,77,3200000,0,user_39,408,419,
7208,81,2600000,0,user_44,411,419,
5362,82,2600000,0,user_44,404,419,
6127,88,2500000,0,user_46,407,419,
6118,86,2500000,0,user_37,407,419,
4947,87,2500000,0,user_47,402,419,
6631,85,2500000,0,user_28,409,419,
7201,92,2300000,0,user_36,411,419,
5154,91,2300000,0,user_42,403,419,
5140,96,2100000,11200,user_27,403,419,
5113,91,2000001,0,user_4,403,417,4770
5114,98,2000001,0,user_6,403,417,4770
5118,92,2000001,0,user_7,403,417,4770
5132,93,2000001,0,user_17,403,417,4770
4779,97,2000001,0,user_12,401,417,4770
5336,89,2000001,0,user_16,404,417,4770
5544,95,2000001,0,user_1,405,418,4770
5568,98,2000001,0,user_12,405,419,4770
5582,99,2000001,0,user_20,405,418,4770
5579,99,2000001,0,user_19,405,419,4770
5586,97,2000001,0,user_25,405,418,4770
5587,98,2000001,0,user_26,405,418,4770
5823,95,2000001,0,user_8,406,416,4770
7202,98,2000000,0,user_36,411,416,
5156,99,2000000,0,user_44,403,416,
4770,99,2000000,350000,user_0,401,415,
4803,96,2000000,0,user_36,401,414,
4736,92,2000000,0,user_28,400,414,
4723,93,2000000,0,user_16,400,414,
4740,94,2000000,0,user_34,400,414,
4800,98,2000000,0,user_32,401,415,
5858,97,2000000,0,user_40,406,415,
6368,90,2000000,0,user_34,408,414,
6386,89,2000000,0,user_47,408,414,
6637,96,2000000,0,user_34,409,415,
6657,95,2000000,0,user_48,409,415,
5116,98,1999999,0,user_6,403,413,4770
5135,93,1999999,0,user_23,403,413,4770
5543,95,1999999,0,user_0,405,413,4770
5570,94,1999999,0,user_13,405,413,4770
5575,95,1999999,0,user_17,405,412,4770
5577,96,1999999,0,user_18,405,412,4770
5580,96,1999999,0,user_19,405,413,4770
5581,97,1999999,0,user_19,405,413,4770
5584,99,1999999,0,user_24,405,412,4770
6125,2,43000000,0,user_44,407,419,
6645,1,43000000,0,user_40,409,419,
6372,9,27000000,0,user_37,408,419,
6107,7,27000000,0,user_28,407,419,
4931,8,27000000,0,user_33,402,419,
4726,13,19000000,0,user_19,400,419,
6914,12,19000000,0,user_44,410,419,
5349,21,6300000,0,user_29,404,419,
5360,22,6300000,0,user_43,404,419,
5347,20,6300000,5630,user_27,404,419,
4737,18,6300000,0,user_29,400,419,
4806,17,6300000,0,user_37,401,419,
5153,19,6300000,0,user_42,403,419,
5594,15,6300000,0,user_31,405,419,
5841,16,6300000,0,user_29,406,419,
6641,24,6100000,0,user_37,409,419,
4743,28,6100000,0,user_36,400,419,
5863,26,6100000,0,user_45,406,419,
5842,27,6100000,0,user_30,406,419,
6647,25,6100000,0,user_41,409,419,
5364,34,5200000,0,user_46,404,419,
5352,33,5200000,0,user_34,404,419,
4924,32,5200000,0,user_27,402,419,
4948,31,5200000,0,user_48,402,419,
5593,30,5200000,21800,user_30,405,419,
5369,40,5000000,0,user_48,404,419,
5143,39,5000000,0,user_31,403,419,
4724,38,5000000,0,user_16,400,419,
7505,48,4500000,0,user_27,412,419,
7209,44,4500000,32900,user_45,411,419,
6378,47,4500000,0,user_40,408,419,
6119,46,4500000,0,user_38,407,419,
5614,45,4500000,0,user_48,405,419,
6649,43,4500000,256000,user_42,409,419,
4949,52,4200000,0,user_49,402,419,
4757,51,4200000,0,user_49,400,419,
5853,50,4200000,46500,user_37,406,419,
4927,57,3600000,75000,user_30,402,419,
6644,55,3600000,0,user_40,409,419,
6634,54,3600000,256000,user_31,409,419,
6916,56,3600000,0,user_47,410,419,
5110,59,3500001,0,user_1,403,419,4944
5125,60,3500001,0,user_12,403,419,4944
5138,61,3500001,0,user_26,403,419,4944
4944,65,3500000,161000,user_47,402,419,
6918,64,3500000,410000,user_47,410,419,
5111,66,3499999,0,user_2,403,419,4944
5317,73,3499999,0,user_8,404,419,4944
5128,67,3499999,0,user_13,403,419,4944
5133,71,3499999,0,user_18,403,419,4944
5129,69,3499999,0,user_15,403,419,4944
5130,70,3499999,0,user_15,403,419,4944
5321,72,3499999,0,user_9,404,419,4944
5117,68,3499999,0,user_6,403,419,4944
7517,78,3200000,0,user_44,412,419,
6376,77,3200000,0,user_39,408,419,
7208,81,2600000,0,user_44,411,419,
5362,82,2600000,0,user_44,404,419,
7843,84,2500000,0,user_45,413,419,
6127,88,2500000,0,user_46,407,419,
6118,86,2500000,0,user_37,407,419,
6631,85,2500000,0,user_28,409,419,
4947,87,2500000,0,user_47,402,419,
7201,92,2300000,0,user_36,411,419,
5154,91,2300000,0,user_42,403,419,
5140,96,2100000,11200,user_27,403,419,
7830,93,2100000,0,user_33,413,419,
5336,89,2000001,0,user_16,404,417,4770
5544,95,2000001,0,user_1,405,418,4770
5113,91,2000001,0,user_4,403,417,4770
5118,92,2000001,0,user_7,403,417,4770
5132,93,2000001,0,user_17,403,417,4770
5568,98,2000001,0,user_12,405,419,4770
5579,99,2000001,0,user_19,405,419,4770
5582,99,2000001,0,user_20,405,418,4770
4779,97,2000001,0,user_12,401,417,4770
5114,98,2000001,0,user_6,403,417,4770
5586,97,2000001,0,user_25,405,418,4770
5587,98,2000001,0,user_26,405,418,4770
5823,95,2000001,0,user_8,406,416,4770
7202,98,2000000,0,user_36,411,416,
6386,89,2000000,0,user_47,408,414,
6368,90,2000000,0,user_34,408,414,
5156,99,2000000,0,user_44,403,416,
4723,93,2000000,0,user_16,400,414,
4736,92,2000000,0,user_28,400,414,
4740,94,2000000,0,user_34,400,414,
4770,99,2000000,350000,user_0,401,415,
4800,98,2000000,0,user_32,401,415,
4803,96,2000000,0,user_36,401,414,
5858,97,2000000,0,user_40,406,415,
6657,95,2000000,0,user_48,409,415,
6637,96,2000000,0,user_34,409,415,
5135,93,1999999,0,user_23,403,413,4770
5570,94,1999999,0,user_13,405,413,4770
5543,95,1999999,0,user_0,405,413,4770
5580,96,1999999,0,user_19,405,413,4770
5581,97,1999999,0,user_19,405,413,4770
5116,98,1999999,0,user_6,403,413,4770
5555,99,1999999,0,user_6,405,413,4770
6645,1,43000000,0,user_40,409,419,
6125,2,43000000,0,user_44,407,419,
8173,3,30000000,0,user_44,414,419,
6372,9,27000000,0,user_37,408,419,
4931,8,27000000,0,user_33,402,419,
6107,7,27000000,0,user_28,407,419,
8155,6,27000000,0,user_27,414,419,
6914,12,19000000,0,user_44,410,419,
4726,13,19000000,0,user_19,400,419,
5594,15,6300000,0,user_31,405,419,
5349,21,6300000,0,user_29,404,419,
5360,22,6300000,0,user_43,404,419,
4737,18,6300000,0,user_29,400,419,
4806,17,6300000,0,user_37,401,419,
5153,19,6300000,0,user_42,403,419,
5347,20,6300000,5630,user_27,404,419,
5841,16,6300000,0,user_29,406,419,
6641,24,6100000,0,user_37,409,419,
6647,25,6100000,0,user_41,409,419,
5863,26,6100000,0,user_45,406,419,
4743,28,6100000,0,user_36,400,419,
5842,27,6100000,0,user_30,406,419,
5593,30,5200000,21800,user_30,405,419,
5364,34,5200000,0,user_46,404,419,
5352,33,5200000,0,user_34,404,419,
4948,31,5200000,0,user_48,402,419,
4924,32,5200000,0,user_27,402,419,
7835,37,5000000,0,user_38,413,419,
5369,40,5000000,0,user_48,404,419,
4724,38,5000000,0,user_16,400,419,
5143,39,5000000,0,user_31,403,419,
8156,41,4500000,510000,user_28,414,419,
8167,42,4500000,215000,user_37,414,419,
6119,46,4500000,0,user_38,407,419,
6378,47,4500000,0,user_40,408,419,
6649,43,4500000,256000,user_42,409,419,
5614,45,4500000,0,user_48,405,419,
7209,44,4500000,32900,user_45,411,419,
7505,48,4500000,0,user_27,412,419,
5853,50,4200000,46500,user_37,406,419,
4757,51,4200000,0,user_49,400,419,
4949,52,4200000,0,user_49,402,419,
6644,55,3600000,0,user_40,409,419,
6634,54,3600000,256000,user_31,409,419,
4927,57,3600000,75000,user_30,402,419,
6916,56,3600000,0,user_47,410,419,
5110,59,3500001,0,user_1,403,419,4944
5125,60,3500001,0,user_12,403,419,4944
5138,61,3500001,0,user_26,403,419,4944
7836,63,3500000,0,user_38,413,419,
4944,65,3500000,161000,user_47,402,419,
6918,64,3500000,410000,user_47,410,419,
5317,73,3499999,0,user_8,404,419,4944
5321,72,3499999,0,user_9,404,419,4944
5111,66,3499999,0,user_2,403,419,4944
5129,69,3499999,0,user_15,403,419,4944
5130,70,3499999,0,user_15,403,419,4944
5128,67,3499999,0,user_13,403,419,4944
5133,71,3499999,0,user_18,403,419,4944
5117,68,3499999,0,user_6,403,419,4944
7828,76,3200000,0,user_31,413,419,
7837,74,3200000,0,user_38,413,419,
6376,77,3200000,0,user_39,408,419,
7517,78,3200000,0,user_44,412,419,
5362,82,2600000,0,user_44,404,419,
7208,81,2600000,0,user_44,411,419,
7843,84,2500000,0,user_45,413,419,
6631,85,2500000,0,user_28,409,419,
6118,86,2500000,0,user_37,407,419,
6127,88,2500000,0,user_46,407,419,
4947,87,2500000,0,user_47,402,419,
5154,91,2300000,0,user_42,403,419,
7201,92,2300000,0,user_36,411,419,
7830,93,2100000,0,user_33,413,419,
5140,96,2100000,11200,user_27,403,419,
5544,95,2000001,0,user_1,405,418,4770
5568,98,2000001,0,user_12,405,419,4770
5586,97,2000001,0,user_25,405,418,4770
5587,98,2000001,0,user_26,405,418,4770
5582,99,2000001,0,user_20,405,418,4770
5336,89,2000001,0,user_16,404,417,4770
5579,99,2000001,0,user_19,405,419,4770
4779,97,2000001,0,user_12,401,417,4770
5113,91,2000001,0,user_4,403,417,4770
5118,92,2000001,0,user_7,403,417,4770
5132,93,2000001,0,user_17,403,417,4770
5114,98,2000001,0,user_6,403,417,4770
5823,95,2000001,0,user_8,406,416,4770
6657,95,2000000,0,user_48,409,415,
6386,89,2000000,0,user_47,408,414,
6368,90,2000000,0,user_34,408,414,
6637,96,2000000,0,user_34,409,415,
4736,92,2000000,0,user_28,400,414,
4723,93,2000000,0,user_16,400,414,
4740,94,2000000,0,user_34,400,414,
4770,99,2000000,350000,user_0,401,415,
4803,96,2000000,0,user_36,401,414,
4800,98,2000000,0,user_32,401,415,
5156,99,2000000,0,user_44,403,416,
5858,97,2000000,0,user_40,406,415,
6645,1,43000000,0,user_40,409,419,
6125,2,43000000,0,user_44,407,419,
8173,3,30000000,0,user_44,414,419,
8155,6,27000000,0,user_27,414,419,
6107,7,27000000,0,user_28,407,419,
4931,8,27000000,0,user_33,402,419,
6372,9,27000000,0,user_37,408,419,
6914,12,19000000,0,user_44,410,419,
4726,13,19000000,0,user_19,400,419,
5594,15,6300000,0,user_31,405,419,
5841,16,6300000,0,user_29,406,419,
4806,17,6300000,0,user_37,401,419,
4737,18,6300000,0,user_29,400,419,
5153,19,6300000,0,user_42,403,419,
5347,20,6300000,5630,user_27,404,419,
5349,21,6300000,0,user_29,404,419,
5360,22,6300000,0,user_43,404,419,
6641,24,6100000,0,user_37,409,419,
6647,25,6100000,0,user_41,409,419,
5863,26,6100000,0,user_45,406,419,
5842,27,6100000,0,user_30,406,419,
4743,28,6100000,0,user_36,400,419,
5593,30,5200000,21800,user_30,405,419,
4948,31,5200000,0,user_48,402,419,
4924,32,5200000,0,user_27,402,419,
5352,33,5200000,0,user_34,404,419,
5364,34,5200000,0,user_46,404,419,
7835,37,5000000,0,user_38,413,419,
4724,38,5000000,0,user_16,400,419,
5143,39,5000000,0,user_31,403,419,
5369,40,5000000,0,user_48,404,419,
8156,41,4500000,510000,user_28,414,419,
8167,42,4500000,215000,user_37,414,419,
6649,43,4500000,256000,user_42,409,419,
7209,44,4500000,32900,user_45,411,419,
5614,45,4500000,0,user_48,405,419,
6119,46,4500000,0,user_38,407,419,
6378,47,4500000,0,user_40,408,419,
7505,48,4500000,0,user_27,412,419,
5853,50,4200000,46500,user_37,406,419,
4757,51,4200000,0,user_49,400,419,
4949,52,4200000,0,user_49,402,419,
8540,53,4200000,0,user_48,415,419,
6634,54,3600000,256000,user_31,409,419,
6644,55,3600000,0,user_40,409,419,
6916,56,3600000,0,user_47,410,419,
4927,57,3600000,75000,user_30,402,419,
5110,59,3500001,0,user_1,403,419,4944
5125,60,3500001,0,user_12,403,419,4944
5138,61,3500001,0,user_26,403,419,4944
7836,63,3500000,0,user_38,413,419,
6918,64,3500000,410000,user_47,410,419,
4944,65,3500000,161000,user_47,402,419,
5111,66,3499999,0,user_2,403,419,4944
5128,67,3499999,0,user_13,403,419,4944
5117,68,3499999,0,user_6,403,419,4944
5129,69,3499999,0,user_15,403,419,4944
5130,70,3499999,0,user_15,403,419,4944
5133,71,3499999,0,user_18,403,419,4944
5321,72,3499999,0,user_9,404,419,4944
5317,73,3499999,0,user_8,404,419,4944
7837,74,3200000,0,user_38,413,419,
8159,75,3200000,0,user_31,414,419,
7828,76,3200000,0,user_31,413,419,
6376,77,3200000,0,user_39,408,419,
7517,78,3200000,0,user_44,412,419,
7208,81,2600000,0,user_44,411,419,
5362,82,2600000,0,user_44,404,419,
7843,84,2500000,0,user_45,413,419,
6631,85,2500000,0,user_28,409,419,
6118,86,2500000,0,user_37,407,419,
4947,87,2500000,0,user_47,402,419,
6127,88,2500000,0,user_46,407,419,
8542,90,2400000,0,user_48,415,419,
5154,91,2300000,0,user_42,403,419,
7201,92,2300000,0,user_36,411,419,
7830,93,2100000,0,user_33,413,419,
8163,94,2100000,769000,user_35,414,419,
8534,95,2100000,0,user_45,415,419,
5140,96,2100000,11200,user_27,403,419,
8541,97,2100000,0,user_48,415,419,
5568,98,2000001,0,user_12,405,419,4770
5579,99,2000001,0,user_19,405,419,4770
5582,99,2000001,0,user_20,405,418,4770
5586,97,2000001,0,user_25,405,418,4770
5587,98,2000001,0,user_26,405,418,4770
5823,95,2000001,0,user_8,406,416,4770
4779,97,2000001,0,user_12,401,417,4770
5113,91,2000001,0,user_4,403,417,4770
5114,98,2000001,0,user_6,403,417,4770
5118,92,2000001,0,user_7,403,417,4770
5132,93,2000001,0,user_17,403,417,4770
5336,89,2000001,0,user_16,404,417,4770
5544,95,2000001,0,user_1,405,418,4770
8532,96,2000000,0,user_44,415,416,
6657,95,2000000,0,user_48,409,415,
6637,96,2000000,0,user_34,409,415,
5858,97,2000000,0,user_40,406,415,
4800,98,2000000,0,user_32,401,415,
4770,99,2000000,350000,user_0,401,415,
6125,2,43000000,0,user_44,407,419,
6645,1,43000000,0,user_40,409,419,
8173,3,30000000,0,user_44,414,419,
6107,7,27000000,0,user_28,407,419,
6372,9,27000000,0,user_37,408,419,
4931,8,27000000,0,user_33,402,419,
8155,6,27000000,0,user_27,414,419,
4726,13,19000000,0,user_19,400,419,
6914,12,19000000,0,user_44,410,419,
5153,19,6300000,0,user_42,403,419,
4806,17,6300000,0,user_37,401,419,
4737,18,6300000,0,user_29,400,419,
5349,21,6300000,0,user_29,404,419,
5360,22,6300000,0,user_43,404,419,
5347,20,6300000,5630,user_27,404,419,
5594,15,6300000,0,user_31,405,419,
5841,16,6300000,0,user_29,406,419,
8908,23,6300000,594000,user_34,416,419,
4743,28,6100000,0,user_36,400,419,
5842,27,6100000,0,user_30,406,419,
5863,26,6100000,0,user_45,406,419,
6641,24,6100000,0,user_37,409,419,
6647,25,6100000,0,user_41,409,419,
8917,29,6100000,0,user_42,416,419,
4924,32,5200000,0,user_27,402,419,
4948,31,5200000,0,user_48,402,419,
5364,34,5200000,0,user_46,404,419,
5352,33,5200000,0,user_34,404,419,
5593,30,5200000,21800,user_30,405,419,
5143,39,5000000,0,user_31,403,419,
4724,38,5000000,0,user_16,400,419,
5369,40,5000000,0,user_48,404,419,
7835,37,5000000,0,user_38,413,419,
7209,44,4500000,32900,user_45,411,419,
6119,46,4500000,0,user_38,407,419,
5614,45,4500000,0,user_48,405,419,
6378,47,4500000,0,user_40,408,419,
6649,43,4500000,256000,user_42,409,419,
7505,48,4500000,0,user_27,412,419,
8167,42,4500000,215000,user_37,414,419,
8156,41,4500000,510000,user_28,414,419,
8540,53,4200000,0,user_48,415,419,
4949,52,4200000,0,user_49,402,419,
4757,51,4200000,0,user_49,400,419,
5853,50,4200000,46500,user_37,406,419,
4927,57,3600000,75000,user_30,402,419,
6634,54,3600000,256000,user_31,409,419,
6644,55,3600000,0,user_40,409,419,
6916,56,3600000,0,user_47,410,419,
5125,60,3500001,0,user_12,403,419,4944
5138,61,3500001,0,user_26,403,419,4944
5110,59,3500001,0,user_1,403,419,4944
4944,65,3500000,161000,user_47,402,419,
6918,64,3500000,410000,user_47,410,419,
7836,63,3500000,0,user_38,413,419,
5128,67,3499999,0,user_13,403,419,4944
5117,68,3499999,0,user_6,403,419,4944
5129,69,3499999,0,user_15,403,419,4944
5130,70,3499999,0,user_15,403,419,4944
5133,71,3499999,0,user_18,403,419,4944
5111,66,3499999,0,user_2,403,419,4944
5317,73,3499999,0,user_8,404,419,4944
5321,72,3499999,0,user_9,404,419,4944
7517,78,3200000,0,user_44,412,419,
6376,77,3200000,0,user_39,408,419,
7828,76,3200000,0,user_31,413,419,
7837,74,3200000,0,user_38,413,419,
8159,75,3200000,0,user_31,414,419,
7208,81,2600000,0,user_44,411,419,
5362,82,2600000,0,user_44,404,419,
6127,88,2500000,0,user_46,407,419,
6118,86,2500000,0,user_37,407,419,
4947,87,2500000,0,user_47,402,419,
6631,85,2500000,0,user_28,409,419,
7843,84,2500000,0,user_45,413,419,
8542,90,2400000,0,user_48,415,419,
7201,92,2300000,0,user_36,411,419,
5154,91,2300000,0,user_42,403,419,
8163,94,2100000,769000,user_35,414,419,
8541,97,2100000,0,user_48,415,419,
8534,95,2100000,0,user_45,415,419,
5140,96,2100000,11200,user_27,403,419,
7830,93,2100000,0,user_33,413,419,
5113,91,2000001,0,user_4,403,417,4770
5114,98,2000001,0,user_6,403,417,4770
5118,92,2000001,0,user_7,403,417,4770
5132,93,2000001,0,user_17,403,417,4770
4779,97,2000001,0,user_12,401,417,4770
5336,89,2000001,0,user_16,404,417,4770
5544,95,2000001,0,user_1,405,418,4770
5568,98,2000001,0,user_12,405,419,4770
5582,99,2000001,0,user_20,405,418,4770
5579,99,2000001,0,user_19,405,419,4770
5586,97,2000001,0,user_25,405,418,4770
5587,98,2000001,0,user_26,405,418,4770
5823,95,2000001,0,user_8,406,416,4770
8532,96,2000000,0,user_44,415,416,
8520,97,2000000,0,user_29,415,416,
7202,98,2000000,0,user_36,411,416,
5156,99,2000000,0,user_44,403,416,
9304,0,43000000,410000,user_45,417,419,
6125,2,43000000,0,user_44,407,419,
6645,1,43000000,0,user_40,409,419,
8173,3,30000000,0,user_44,414,419,
9302,4,27000000,0,user_44,417,419,
9305,5,27000000,0,user_45,417,419,
6372,9,27000000,0,user_37,408,419,
6107,7,27000000,0,user_28,407,419,
4931,8,27000000,0,user_33,402,419,
8155,6,27000000,0,user_27,414,419,
4726,13,19000000,0,user_19,400,419,
6914,12,19000000,0,user_44,410,419,
8908,23,6300000,594000,user_34,416,419,
5349,21,6300000,0,user_29,404,419,
5360,22,6300000,0,user_43,404,419,
5347,20,6300000,5630,user_27,404,419,
4737,18,6300000,0,user_29,400,419,
4806,17,6300000,0,user_37,401,419,
5153,19,6300000,0,user_42,403,419,
5594,15,6300000,0,user_31,405,419,
5841,16,6300000,0,user_29,406,419,
8917,29,6100000,0,user_42,416,419,
6641,24,6100000,0,user_37,409,419,
4743,28,6100000,0,user_36,400,419,
5863,26,6100000,0,user_45,406,419,
5842,27,6100000,0,user_30,406,419,
6647,25,6100000,0,user_41,409,419,
5364,34,5200000,0,user_46,404,419,
5352,33,5200000,0,user_34,404,419,
4924,32,5200000,0,user_27,402,419,
4948,31,5200000,0,user_48,402,419,
5593,30,5200000,21800,user_30,405,419,
7835,37,5000000,0,user_38,413,419,
5369,40,5000000,0,user_48,404,419,
5143,39,5000000,0,user_31,403,419,
4724,38,5000000,0,user_16,400,419,
9288,35,5000000,0,user_33,417,419,
8156,41,4500000,510000,user_28,414,419,
8167,42,4500000,215000,user_37,414,419,
7505,48,4500000,0,user_27,412,419,
7209,44,4500000,32900,user_45,411,419,
6378,47,4500000,0,user_40,408,419,
6119,46,4500000,0,user_38,407,419,
5614,45,4500000,0,user_48,405,419,
6649,43,4500000,256000,user_42,409,419,
8540,53,4200000,0,user_48,415,419,
4949,52,4200000,0,user_49,402,419,
4757,51,4200000,0,user_49,400,419,
5853,50,4200000,46500,user_37,406,419,
4927,57,3600000,75000,user_30,402,419,
6644,55,3600000,0,user_40,409,419,
6634,54,3600000,256000,user_31,409,419,
6916,56,3600000,0,user_47,410,419,
5110,59,3500001,0,user_1,403,419,4944
5125,60,3500001,0,user_12,403,419,4944
5138,61,3500001,0,user_26,403,419,4944
7836,63,3500000,0,user_38,413,419,
4944,65,3500000,161000,user_47,402,419,
6918,64,3500000,410000,user_47,410,419,
5111,66,3499999,0,user_2,403,419,4944
5317,73,3499999,0,user_8,404,419,4944
5128,67,3499999,0,user_13,403,419,4944
5133,71,3499999,0,user_18,403,419,4944
5129,69,3499999,0,user_15,403,419,4944
5130,70,3499999,0,user_15,403,419,4944
5321,72,3499999,0,user_9,404,419,4944
5117,68,3499999,0,user_6,403,419,4944
7828,76,3200000,0,user_31,413,419,
7837,74,3200000,0,user_38,413,419,
8159,75,3200000,0,user_31,414,419,
7517,78,3200000,0,user_44,412,419,
6376,77,3200000,0,user_39,408,419,
7208,81,2600000,0,user_44,411,419,
5362,82,2600000,0,user_44,404,419,
9300,80,2600000,71800,user_41,417,419,
7843,84,2500000,0,user_45,413,419,
6127,88,2500000,0,user_46,407,419,
6118,86,2500000,0,user_37,407,419,
6631,85,2500000,0,user_28,409,419,
4947,87,2500000,0,user_47,402,419,
8542,90,2400000,0,user_48,415,419,
8905,89,2400000,0,user_31,416,419,
7201,92,2300000,0,user_36,411,419,
5154,91,2300000,0,user_42,403,419,
7830,93,2100000,0,user_33,413,419,
8163,94,2100000,769000,user_35,414,419,
8541,97,2100000,0,user_48,415,419,
8534,95,2100000,0,user_45,415,419,
5140,96,2100000,11200,user_27,403,419,
5336,89,2000001,0,user_16,404,417,4770
5544,95,2000001,0,user_1,405,418,4770
5113,91,2000001,0,user_4,403,417,4770
5118,92,2000001,0,user_7,403,417,4770
5132,93,2000001,0,user_17,403,417,4770
5568,98,2000001,0,user_12,405,419,4770
5579,99,2000001,0,user_19,405,419,4770
5582,99,2000001,0,user_20,405,418,4770
4779,97,2000001,0,user_12,401,417,4770
5114,98,2000001,0,user_6,403,417,4770
5586,97,2000001,0,user_25,405,418,4770
6645,1,43000000,0,user_40,409,419,
6125,2,43000000,0,user_44,407,419,
9304,0,43000000,410000,user_45,417,419,
8173,3,30000000,0,user_44,414,419,
6372,9,27000000,0,user_37,408,419,
4931,8,27000000,0,user_33,402,419,
6107,7,27000000,0,user_28,407,419,
8155,6,27000000,0,user_27,414,419,
9305,5,27000000,0,user_45,417,419,
9302,4,27000000,0,user_44,417,419,
9691,10,19000000,0,user_44,418,419,
6914,12,19000000,0,user_44,410,419,
4726,13,19000000,0,user_19,400,419,
9697,11,19000000,0,user_47,418,419,
5594,15,6300000,0,user_31,405,419,
5349,21,6300000,0,user_29,404,419,
5360,22,6300000,0,user_43,404,419,
4737,18,6300000,0,user_29,400,419,
4806,17,6300000,0,user_37,401,419,
5153,19,6300000,0,user_42,403,419,
5347,20,6300000,5630,user_27,404,419,
5841,16,6300000,0,user_29,406,419,
8908,23,6300000,594000,user_34,416,419,
6641,24,6100000,0,user_37,409,419,
6647,25,6100000,0,user_41,409,419,
5863,26,6100000,0,user_45,406,419,
4743,28,6100000,0,user_36,400,419,
5842,27,6100000,0,user_30,406,419,
8917,29,6100000,0,user_42,416,419,
5593,30,5200000,21800,user_30,405,419,
5364,34,5200000,0,user_46,404,419,
5352,33,5200000,0,user_34,404,419,
4948,31,5200000,0,user_48,402,419,
4924,32,5200000,0,user_27,402,419,
7835,37,5000000,0,user_38,413,419,
5369,40,5000000,0,user_48,404,419,
4724,38,5000000,0,user_16,400,419,
5143,39,5000000,0,user_31,403,419,
9288,35,5000000,0,user_33,417,419,
9676,36,5000000,0,user_29,418,419,
8156,41,4500000,510000,user_28,414,419,
8167,42,4500000,215000,user_37,414,419,
6119,46,4500000,0,user_38,407,419,
6378,47,4500000,0,user_40,408,419,
6649,43,4500000,256000,user_42,409,419,
5614,45,4500000,0,user_48,405,419,
7209,44,4500000,32900,user_45,411,419,
7505,48,4500000,0,user_27,412,419,
9693,49,4200000,0,user_44,418,419,
5853,50,4200000,46500,user_37,406,419,
4757,51,4200000,0,user_49,400,419,
4949,52,4200000,0,user_49,402,419,
8540,53,4200000,0,user_48,415,419,
6644,55,3600000,0,user_40,409,419,
6634,54,3600000,256000,user_31,409,419,
4927,57,3600000,75000,user_30,402,419,
6916,56,3600000,0,user_47,410,419,
5110,59,3500001,0,user_1,403,419,4944
5125,60,3500001,0,user_12,403,419,4944
5138,61,3500001,0,user_26,403,419,4944
7836,63,3500000,0,user_38,413,419,
4944,65,3500000,161000,user_47,402,419,
6918,64,3500000,410000,user_47,410,419,
9701,62,3500000,0,user_48,418,419,
5317,73,3499999,0,user_8,404,419,4944
5321,72,3499999,0,user_9,404,419,4944
5111,66,3499999,0,user_2,403,419,4944
5129,69,3499999,0,user_15,403,419,4944
5130,70,3499999,0,user_15,403,419,4944
5128,67,3499999,0,user_13,403,419,4944
5133,71,3499999,0,user_18,403,419,4944
5117,68,3499999,0,user_6,403,419,4944
7828,76,3200000,0,user_31,413,419,
7837,74,3200000,0,user_38,413,419,
6376,77,3200000,0,user_39,408,419,
7517,78,3200000,0,user_44,412,419,
8159,75,3200000,0,user_31,414,419,
5362,82,2600000,0,user_44,404,419,
7208,81,2600000,0,user_44,411,419,
9300,80,2600000,71800,user_41,417,419,
7843,84,2500000,0,user_45,413,419,
6631,85,2500000,0,user_28,409,419,
6118,86,2500000,0,user_37,407,419,
6127,88,2500000,0,user_46,407,419,
4947,87,2500000,0,user_47,402,419,
9681,83,2500000,0,user_34,418,419,
8542,90,2400000,0,user_48,415,419,
8905,89,2400000,0,user_31,416,419,
5154,91,2300000,0,user_42,403,419,
7201,92,2300000,0,user_36,411,419,
7830,93,2100000,0,user_33,413,419,
5140,96,2100000,11200,user_27,403,419,
8163,94,2100000,769000,user_35,414,419,
8534,95,2100000,0,user_45,415,419,
8541,97,2100000,0,user_48,415,419,
5544,95,2000001,0,user_1,405,418,4770
5568,98,2000001,0,user_12,405,419,4770
5586,97,2000001,0,user_25,405,418,4770
5587,98,2000001,0,user_26,405,418,4770
5582,99,2000001,0,user_20,405,418,4770
9304,0,43000000,410000,user_45,417,419,
6645,1,43000000,0,user_40,409,419,
6125,2,43000000,0,user_44,407,419,
8173,3,30000000,0,user_44,414,419,
9302,4,27000000,0,user_44,417,419,
9305,5,27000000,0,user_45,417,419,
8155,6,27000000,0,user_27,414,419,
6107,7,27000000,0,user_28,407,419,
4931,8,27000000,0,user_33,402,419,
6372,9,27000000,0,user_37,408,419,
9691,10,19000000,0,user_44,418,419,
9697,11,19000000,0,user_47,418,419,
6914,12,19000000,0,user_44,410,419,
4726,13,19000000,0,user_19,400,419,
10103,14,19000000,0,user_48,419,419,
5594,15,6300000,0,user_31,405,419,
5841,16,6300000,0,user_29,406,419,
4806,17,6300000,0,user_37,401,419,
4737,18,6300000,0,user_29,400,419,
5153,19,6300000,0,user_42,403,419,
5347,20,6300000,5630,user_27,404,419,
5349,21,6300000,0,user_29,404,419,
5360,22,6300000,0,user_43,404,419,
8908,23,6300000,594000,user_34,416,419,
6641,24,6100000,0,user_37,409,419,
6647,25,6100000,0,user_41,409,419,
5863,26,6100000,0,user_45,406,419,
5842,27,6100000,0,user_30,406,419,
4743,28,6100000,0,user_36,400,419,
8917,29,6100000,0,user_42,416,419,
5593,30,5200000,21800,user_30,405,419,
4948,31,5200000,0,user_48,402,419,
4924,32,5200000,0,user_27,402,419,
5352,33,5200000,0,user_34,404,419,
5364,34,5200000,0,user_46,404,419,
9288,35,5000000,0,user_33,417,419,
9676,36,5000000,0,user_29,418,419,
7835,37,5000000,0,user_38,413,419,
4724,38,5000000,0,user_16,400,419,
5143,39,5000000,0,user_31,403,419,
5369,40,5000000,0,user_48,404,419,
8156,41,4500000,510000,user_28,414,419,
8167,42,4500000,215000,user_37,414,419,
6649,43,4500000,256000,user_42,409,419,
7209,44,4500000,32900,user_45,411,419,
5614,45,4500000,0,user_48,405,419,
6119,46,4500000,0,user_38,407,419,
6378,47,4500000,0,user_40,408,419,
7505,48,4500000,0,user_27,412,419,
9693,49,4200000,0,user_44,418,419,
5853,50,4200000,46500,user_37,406,419,
4757,51,4200000,0,user_49,400,419,
4949,52,4200000,0,user_49,402,419,
8540,53,4200000,0,user_48,415,419,
6634,54,3600000,256000,user_31,409,419,
6644,55,3600000,0,user_40,409,419,
6916,56,3600000,0,user_47,410,419,
4927,57,3600000,75000,user_30,402,419,
10092,58,3600000,0,user_34,419,419,
5110,59,3500001,0,user_1,403,419,4944
5125,60,3500001,0,user_12,403,419,4944
5138,61,3500001,0,user_26,403,419,4944
9701,62,3500000,0,user_48,418,419,
7836,63,3500000,0,user_38,413,419,
6918,64,3500000,410000,user_47,410,419,
4944,65,3500000,161000,user_47,402,419,
5111,66,3499999,0,user_2,403,419,4944
5128,67,3499999,0,user_13,403,419,4944
5117,68,3499999,0,user_6,403,419,4944
5129,69,3499999,0,user_15,403,419,4944
5130,70,3499999,0,user_15,403,419,4944
5133,71,3499999,0,user_18,403,419,4944
5321,72,3499999,0,user_9,404,419,4944
5317,73,3499999,0,user_8,404,419,4944
7837,74,3200000,0,user_38,413,419,
8159,75,3200000,0,user_31,414,419,
7828,76,3200000,0,user_31,413,419,
6376,77,3200000,0,user_39,408,419,
7517,78,3200000,0,user_44,412,419,
10096,79,3200000,0,user_39,419,419,
9300,80,2600000,71800,user_41,417,419,
7208,81,2600000,0,user_44,411,419,
5362,82,2600000,0,user_44,404,419,
9681,83,2500000,0,user_34,418,419,
7843,84,2500000,0,user_45,413,419,
6631,85,2500000,0,user_28,409,419,
6118,86,2500000,0,user_37,407,419,
4947,87,2500000,0,user_47,402,419,
6127,88,2500000,0,user_46,407,419,
8905,89,2400000,0,user_31,416,419,
8542,90,2400000,0,user_48,415,419,
5154,91,2300000,0,user_42,403,419,
7201,92,2300000,0,user_36,411,419,
7830,93,2100000,0,user_33,413,419,
8163,94,2100000,769000,user_35,414,419,
8534,95,2100000,0,user_45,415,419,
5140,96,2100000,11200,user_27,403,419,
8541,97,2100000,0,user_48,415,419,
5568,98,2000001,0,user_12,405,419,4770
5579,99,2000001,0,user_19,405,419,4770
4726,13,19000000,0,user_19,420,439,
4737,18,6300000,0,user_29,420,439,
4743,28,6100000,0,user_36,420,439,
4724,38,5000000,0,user_16,420,439,
4736,92,2000000,0,user_28,420,434,
4723,93,2000000,0,user_16,420,434,
4740,94,2000000,0,user_34,420,434,
4734,97,1900000,0,user_24,420,430,
4731,97,1700000,0,user_23,420,429,
4735,94,1500000,128000,user_27,420,427,
4730,94,1400000,0,user_23,420,425,
4732,95,1400000,0,user_23,420,425,
4749,96,1400000,0,user_42,420,425,
4713,99,1300000,0,user_4,420,425,
4753,84,1000000,0,user_44,420,424,
4751,83,1000000,0,user_42,420,424,
4714,74,670000,0,user_6,420,423,
4715,78,530000,0,user_7,420,423,
4717,79,470000,0,user_9,420,423,
4752,85,350000,0,user_42,420,423,
4716,88,320000,0,user_8,420,423,
4722,90,310000,0,user_16,420,423,
4754,69,260000,0,user_45,420,422,
4755,68,260000,0,user_48,420,422,
4729,74,170000,0,user_23,420,422,
4725,77,160000,0,user_16,420,422,
4733,78,160000,0,user_24,420,422,
4745,84,120000,0,user_40,420,422,
4750,85,120000,0,user_42,420,422,
4747,65,110000,33300,user_41,420,421,
4718,72,100000,0,user_11,420,421,
4719,73,100000,0,user_11,420,421,
4721,75,82000,0,user_14,420,421,
4728,74,82000,0,user_23,420,421,
4746,76,82000,0,user_40,420,421,
4727,77,80000,0,user_20,420,421,
4748,80,73000,195000,user_42,420,421,
4720,37,70000,0,user_13,420,420,
4737,18,6300000,0,user_29,420,439,
4806,17,6300000,0,user_37,421,439,
4743,28,6100000,0,user_36,420,439,
4724,38,5000000,0,user_16,420,439,
4757,51,4200000,0,user_49,420,439,
4779,97,2000001,0,user_12,421,437,4770
4723,93,2000000,0,user_16,420,434,
4736,92,2000000,0,user_28,420,434,
4740,94,2000000,0,user_34,420,434,
4770,99,2000000,350000,user_0,421,435,
4800,98,2000000,0,user_32,421,435,
4803,96,2000000,0,user_36,421,434,
4734,97,1900000,0,user_24,420,430,
4731,97,1700000,0,user_23,420,429,
4780,98,1500001,0,user_14,421,428,4735
4793,99,1500001,0,user_22,421,428,4735
4735,94,1500000,128000,user_27,420,427,
4771,99,1499999,0,user_1,421,427,4735
4792,94,1499999,0,user_21,421,426,4735
4794,95,1499999,0,user_22,421,426,4735
4786,96,1499999,0,user_17,421,426,4735
4787,97,1499999,0,user_17,421,426,4735
4788,98,1499999,0,user_17,421,426,4735
4730,94,1400000,0,user_23,420,425,
4732,95,1400000,0,user_23,420,425,
4749,96,1400000,0,user_42,420,425,
4769,97,1400000,0,user_0,421,425,
4713,99,1300000,0,user_4,420,425,
4756,82,1100000,0,user_49,420,424,
4741,81,1100000,0,user_35,420,424,
4753,84,1000000,0,user_44,420,424,
4751,83,1000000,0,user_42,420,424,
4714,74,670000,0,user_6,420,423,
4715,78,530000,0,user_7,420,423,
4717,79,470000,0,user_9,420,423,
4809,81,460000,12300,user_44,421,423,
4739,84,370000,0,user_31,420,423,
4752,85,350000,0,user_42,420,423,
4744,86,340000,0,user_38,420,423,
4716,88,320000,0,user_8,420,423,
4722,90,310000,0,user_16,420,423,
4813,95,300000,71800,user_46,421,423,
4738,67,260000,0,user_31,420,422,
4755,68,260000,0,user_48,420,422,
4754,69,260000,0,user_45,420,422,
4804,70,260000,0,user_37,421,422,
4810,71,240000,0,user_45,421,422,
4799,72,220000,0,user_28,421,422,
4801,73,190000,0,user_33,421,422,
4729,74,170000,0,user_23,420,422,
4807,75,170000,0,user_40,421,422,
4725,77,160000,0,user_16,420,422,
4733,78,160000,0,user_24,420,422,
4811,79,160000,0,user_45,421,422,
4802,80,160000,0,user_33,421,422,
4798,81,160000,0,user_27,421,422,
4805,82,150000,0,user_37,421,422,
4745,84,120000,0,user_40,420,422,
4750,85,120000,0,user_42,420,422,
4812,86,120000,0,user_46,421,422,
4781,91,110001,0,user_14,421,422,4747
4782,93,110001,0,user_15,421,422,4747
4791,92,110001,0,user_21,421,422,4747
4784,94,110001,0,user_17,421,422,4747
4789,95,110001,0,user_18,421,422,4747
4747,65,110000,33300,user_41,420,421,
4742,66,110000,0,user_35,420,421,
4775,67,109999,0,user_6,421,421,4747
4796,68,109999,0,user_25,421,421,4747
4797,69,109999,0,user_26,421,421,4747
4785,70,109999,0,user_17,421,421,4747
4795,71,109999,0,user_24,421,421,4747
4718,72,100000,0,user_11,420,421,
4719,73,100000,0,user_11,420,421,
4728,74,82000,0,user_23,420,421,
4721,75,82000,0,user_14,420,421,
4746,76,82000,0,user_40,420,421,
4727,77,80000,0,user_20,420,421,
4790,78,73001,0,user_20,421,421,4748
4772,79,73001,0,user_3,421,421,4748
4748,80,73000,195000,user_42,420,421,
4774,81,72999,0,user_5,421,421,4748
4777,82,72999,0,user_10,421,421,4748
4773,83,72999,0,user_3,421,421,4748
4776,84,72999,0,user_6,421,421,4748
4778,85,72999,0,user_11,421,421,4748
4783,86,72999,0,user_16,421,421,4748
4931,8,27000000,0,user_33,422,439,
4726,13,19000000,0,user_19,420,439,
4737,18,6300000,0,user_29,420,439,
4806,17,6300000,0,user_37,421,439,
4743,28,6100000,0,user_36,420,439,
4948,31,5200000,0,user_48,422,439,
4924,32,5200000,0,user_27,422,439,
4724,38,5000000,0,user_16,420,439,
4757,51,4200000,0,user_49,420,439,
4927,57,3600000,75000,user_30,422,439,
4944,65,3500000,161000,user_47,422,439,
4947,87,2500000,0,user_47,422,439,
4779,97,2000001,0,user_12,421,437,4770
4736,92,2000000,0,user_28,420,434,
4723,93,2000000,0,user_16,420,434,
4740,94,2000000,0,user_34,420,434,
4770,99,2000000,350000,user_0,421,435,
4803,96,2000000,0,user_36,421,434,
4800,98,2000000,0,user_32,421,435,
4734,97,1900000,0,user_24,420,430,
4731,97,1700000,0,user_23,420,429,
4808,99,1600000,0,user_43,421,429,
4780,98,1500001,0,user_14,421,428,4735
4793,99,1500001,0,user_22,421,428,4735
4922,97,1500001,0,user_24,422,428,4735
4735,94,1500000,128000,user_27,420,427,
4771,99,1499999,0,user_1,421,427,4735
4792,94,1499999,0,user_21,421,426,4735
4794,95,1499999,0,user_22,421,426,4735
4786,96,1499999,0,user_17,421,426,4735
4787,97,1499999,0,user_17,421,426,4735
4788,98,1499999,0,user_17,421,426,4735
4895,99,1499999,0,user_2,422,426,4735
4912,98,1499999,0,user_21,422,427,4735
4730,94,1400000,0,user_23,420,425,
4732,95,1400000,0,user_23,420,425,
4749,96,1400000,0,user_42,420,425,
4769,97,1400000,0,user_0,421,425,
4932,92,1400000,0,user_33,422,425,
4713,99,1300000,0,user_4,420,425,
4756,82,1100000,0,user_49,420,424,
4741,81,1100000,0,user_35,420,424,
4753,84,1000000,0,user_44,420,424,
4751,83,1000000,0,user_42,420,424,
4714,74,670000,0,user_6,420,423,
4939,76,630000,0,user_39,422,423,
4935,77,600000,0,user_37,422,423,
4715,78,530000,0,user_7,420,423,
4717,79,470000,0,user_9,420,423,
4903,80,460001,0,user_11,422,423,4809
4809,81,460000,12300,user_44,421,423,
4902,83,459999,0,user_11,422,423,4809
4739,84,370000,0,user_31,420,423,
4752,85,350000,0,user_42,420,423,
4744,86,340000,0,user_38,420,423,
4716,88,320000,0,user_8,420,423,
4722,90,310000,0,user_16,420,423,
4925,89,310000,0,user_30,422,423,
4907,92,300001,0,user_14,422,423,4813
4921,93,300001,0,user_23,422,423,4813
4901,94,300001,0,user_9,422,423,4813
4813,95,300000,71800,user_46,421,423,
4896,96,299999,0,user_4,422,423,4813
4911,97,299999,0,user_20,422,423,4813
4899,99,299999,0,user_6,422,423,4813
4900,65,299999,0,user_6,422,422,4813
4915,98,299999,0,user_21,422,423,4813
4738,67,260000,0,user_31,420,422,
4755,68,260000,0,user_48,420,422,
4754,69,260000,0,user_45,420,422,
4804,70,260000,0,user_37,421,422,
4810,71,240000,0,user_45,421,422,
4799,72,220000,0,user_28,421,422,
4801,73,190000,0,user_33,421,422,
4729,74,170000,0,user_23,420,422,
4807,75,170000,0,user_40,421,422,
4943,76,170000,4320000,user_47,422,422,
4725,77,160000,0,user_16,420,422,
4733,78,160000,0,user_24,420,422,
4811,79,160000,0,user_45,421,422,
4802,80,160000,0,user_33,421,422,
4798,81,160000,0,user_27,421,422,
4805,82,150000,0,user_37,421,422,
4945,83,150000,0,user_47,422,422,
4745,84,120000,0,user_40,420,422,
4750,85,120000,0,user_42,420,422,
4812,86,120000,0,user_46,421,422,
4814,87,120000,0,user_49,421,422,
4938,88,120000,0,user_39,422,422,
4934,89,120000,0,user_36,422,422,
4946,90,120000,46500,user_47,422,422,
4781,91,110001,0,user_14,421,422,4747
4791,92,110001,0,user_21,421,422,4747
4782,93,110001,0,user_15,421,422,4747
4784,94,110001,0,user_17,421,422,4747
4789,95,110001,0,user_18,421,422,4747
4897,96,110001,0,user_5,422,422,4747
4898,97,110001,0,user_5,422,422,4747
4905,98,110001,0,user_12,422,422,4747
4908,99,110001,0,user_15,422,422,4747
4931,8,27000000,0,user_33,422,439,
4726,13,19000000,0,user_19,420,439,
4806,17,6300000,0,user_37,421,439,
4737,18,6300000,0,user_29,420,439,
5153,19,6300000,0,user_42,423,439,
4743,28,6100000,0,user_36,420,439,
4948,31,5200000,0,user_48,422,439,
4924,32,5200000,0,user_27,422,439,
4724,38,5000000,0,user_16,420,439,
4757,51,4200000,0,user_49,420,439,
4949,52,4200000,0,user_49,422,439,
4927,57,3600000,75000,user_30,422,439,
5110,59,3500001,0,user_1,423,439,4944
5125,60,3500001,0,user_12,423,439,4944
5138,61,3500001,0,user_26,423,439,4944
4944,65,3500000,161000,user_47,422,439,
5111,66,3499999,0,user_2,423,439,4944
5128,67,3499999,0,user_13,423,439,4944
5117,68,3499999,0,user_6,423,439,4944
5129,69,3499999,0,user_15,423,439,4944
5130,70,3499999,0,user_15,423,439,4944
5133,71,3499999,0,user_18,423,439,4944
4947,87,2500000,0,user_47,422,439,
5154,91,2300000,0,user_42,423,439,
5140,96,2100000,11200,user_27,423,439,
4779,97,2000001,0,user_12,421,437,4770
5113,91,2000001,0,user_4,423,437,4770
5114,98,2000001,0,user_6,423,437,4770
5118,92,2000001,0,user_7,423,437,4770
5132,93,2000001,0,user_17,423,437,4770
4800,98,2000000,0,user_32,421,435,
4770,99,2000000,350000,user_0,421,435,
4803,96,2000000,0,user_36,421,434,
5156,99,2000000,0,user_44,423,436,
4723,93,2000000,0,user_16,420,434,
4740,94,2000000,0,user_34,420,434,
4736,92,2000000,0,user_28,420,434,
5116,98,1999999,0,user_6,423,433,4770
5135,93,1999999,0,user_23,423,433,4770
4734,97,1900000,0,user_24,420,430,
4731,97,1700000,0,user_23,420,429,
4808,99,1600000,0,user_43,421,429,
4922,97,1500001,0,user_24,422,428,4735
4780,98,1500001,0,user_14,421,428,4735
4793,99,1500001,0,user_22,421,428,4735
5119,95,1500001,0,user_7,423,428,4735
5124,94,1500001,0,user_12,423,428,4735
5136,96,1500001,0,user_24,423,428,4735
4735,94,1500000,128000,user_27,420,427,
5145,95,1500000,0,user_34,423,427,
5142,96,1500000,0,user_30,423,427,
4912,98,1499999,0,user_21,422,427,4735
4771,99,1499999,0,user_1,421,427,4735
4786,96,1499999,0,user_17,421,426,4735
4787,97,1499999,0,user_17,421,426,4735
4788,98,1499999,0,user_17,421,426,4735
4794,95,1499999,0,user_22,421,426,4735
4792,94,1499999,0,user_21,421,426,4735
4895,99,1499999,0,user_2,422,426,4735
5134,84,1499999,0,user_21,423,425,4735
5137,85,1499999,0,user_25,423,425,4735
4932,92,1400000,0,user_33,422,425,
4769,97,1400000,0,user_0,421,425,
4730,94,1400000,0,user_23,420,425,
4732,95,1400000,0,user_23,420,425,
4749,96,1400000,0,user_42,420,425,
5141,98,1300000,18600,user_28,423,425,
4713,99,1300000,0,user_4,420,425,
4929,80,1200000,0,user_31,422,424,
4741,81,1100000,0,user_35,420,424,
4756,82,1100000,0,user_49,420,424,
4753,84,1000000,0,user_44,420,424,
4751,83,1000000,0,user_42,420,424,
5144,96,910000,7190000,user_32,423,424,
4714,74,670000,0,user_6,420,423,
5139,75,660000,7190000,user_27,423,423,
4939,76,630000,0,user_39,422,423,
4935,77,600000,0,user_37,422,423,
4715,78,530000,0,user_7,420,423,
4717,79,470000,0,user_9,420,423,
4903,80,460001,0,user_11,422,423,4809
4809,81,460000,12300,user_44,421,423,
5152,82,460000,0,user_41,423,423,
4902,83,459999,0,user_11,422,423,4809
4739,84,370000,0,user_31,420,423,
4752,85,350000,0,user_42,420,423,
4744,86,340000,0,user_38,420,423,
5150,87,340000,0,user_37,423,423,
4716,88,320000,0,user_8,420,423,
4925,89,310000,0,user_30,422,423,
4722,90,310000,0,user_16,420,423,
5148,91,310000,0,user_36,423,423,
4907,92,300001,0,user_14,422,423,4813
4921,93,300001,0,user_23,422,423,4813
4901,94,300001,0,user_9,422,423,4813
4813,95,300000,71800,user_46,421,423,
4896,96,299999,0,user_4,422,423,4813
4911,97,299999,0,user_20,422,423,4813
4915,98,299999,0,user_21,422,423,4813
4899,99,299999,0,user_6,422,423,4813
4931,8,27000000,0,user_33,422,439,
4726,13,19000000,0,user_19,420,439,
5153,19,6300000,0,user_42,423,439,
4806,17,6300000,0,user_37,421,439,
4737,18,6300000,0,user_29,420,439,
5349,21,6300000,0,user_29,424,439,
5347,20,6300000,5630,user_27,424,439,
4743,28,6100000,0,user_36,420,439,
4924,32,5200000,0,user_27,422,439,
4948,31,5200000,0,user_48,422,439,
5364,34,5200000,0,user_46,424,439,
5352,33,5200000,0,user_34,424,439,
5143,39,5000000,0,user_31,423,439,
4724,38,5000000,0,user_16,420,439,
5369,40,5000000,0,user_48,424,439,
4949,52,4200000,0,user_49,422,439,
4757,51,4200000,0,user_49,420,439,
4927,57,3600000,75000,user_30,422,439,
5125,60,3500001,0,user_12,423,439,4944
5138,61,3500001,0,user_26,423,439,4944
5110,59,3500001,0,user_1,423,439,4944
4944,65,3500000,161000,user_47,422,439,
5128,67,3499999,0,user_13,423,439,4944
5117,68,3499999,0,user_6,423,439,4944
5129,69,3499999,0,user_15,423,439,4944
5130,70,3499999,0,user_15,423,439,4944
5133,71,3499999,0,user_18,423,439,4944
5111,66,3499999,0,user_2,423,439,4944
5317,73,3499999,0,user_8,424,439,4944
5321,72,3499999,0,user_9,424,439,4944
5362,82,2600000,0,user_44,424,439,
4947,87,2500000,0,user_47,422,439,
5154,91,2300000,0,user_42,423,439,
5140,96,2100000,11200,user_27,423,439,
5113,91,2000001,0,user_4,423,437,4770
5114,98,2000001,0,user_6,423,437,4770
5118,92,2000001,0,user_7,423,437,4770
5132,93,2000001,0,user_17,423,437,4770
4779,97,2000001,0,user_12,421,437,4770
5336,89,2000001,0,user_16,424,437,4770
5156,99,2000000,0,user_44,423,436,
4770,99,2000000,350000,user_0,421,435,
4803,96,2000000,0,user_36,421,434,
4736,92,2000000,0,user_28,420,434,
4723,93,2000000,0,user_16,420,434,
4740,94,2000000,0,user_34,420,434,
4800,98,2000000,0,user_32,421,435,
5116,98,1999999,0,user_6,423,433,4770
5135,93,1999999,0,user_23,423,433,4770
4734,97,1900000,0,user_24,420,430,
5366,96,1800000,0,user_47,424,429,
4731,97,1700000,0,user_23,420,429,
4808,99,1600000,0,user_43,421,429,
5124,94,1500001,0,user_12,423,428,4735
5119,95,1500001,0,user_7,423,428,4735
5136,96,1500001,0,user_24,423,428,4735
4922,97,1500001,0,user_24,422,428,4735
4780,98,1500001,0,user_14,421,428,4735
4793,99,1500001,0,user_22,421,428,4735
5142,96,1500000,0,user_30,423,427,
5145,95,1500000,0,user_34,423,427,
4735,94,1500000,128000,user_27,420,427,
5350,97,1500000,0,user_30,424,427,
5134,84,1499999,0,user_21,423,425,4735
4895,99,1499999,0,user_2,422,426,4735
5137,85,1499999,0,user_25,423,425,4735
4771,99,1499999,0,user_1,421,427,4735
4912,98,1499999,0,user_21,422,427,4735
4792,94,1499999,0,user_21,421,426,4735
4786,96,1499999,0,user_17,421,426,4735
4787,97,1499999,0,user_17,421,426,4735
4788,98,1499999,0,user_17,421,426,4735
4794,95,1499999,0,user_22,421,426,4735
4749,96,1400000,0,user_42,420,425,
4769,97,1400000,0,user_0,421,425,
4932,92,1400000,0,user_33,422,425,
4730,94,1400000,0,user_23,420,425,
4732,95,1400000,0,user_23,420,425,
5141,98,1300000,18600,user_28,423,425,
4713,99,1300000,0,user_4,420,425,
4929,80,1200000,0,user_31,422,424,
4741,81,1100000,0,user_35,420,424,
4756,82,1100000,0,user_49,420,424,
4751,83,1000000,0,user_42,420,424,
4753,84,1000000,0,user_44,420,424,
5353,85,1000000,0,user_36,424,424,
5312,86,910001,0,user_1,424,424,5144
5314,87,910001,0,user_2,424,424,5144
5323,88,910001,0,user_10,424,424,5144
5324,89,910001,0,user_11,424,424,5144
5325,90,910001,0,user_11,424,424,5144
5341,91,910001,0,user_19,424,424,5144
5315,92,910001,0,user_3,424,424,5144
5319,93,910001,0,user_8,424,424,5144
5320,94,910001,0,user_9,424,424,5144
5322,95,910001,0,user_9,424,424,5144
5144,96,910000,7190000,user_32,423,424,
5328,97,909999,0,user_13,424,424,5144
5311,98,909999,0,user_0,424,424,5144
5316,99,909999,0,user_6,424,424,5144
4931,8,27000000,0,user_33,422,439,
4726,13,19000000,0,user_19,420,439,
5349,21,6300000,0,user_29,424,439,
5360,22,6300000,0,user_43,424,439,
5347,20,6300000,5630,user_27,424,439,
4737,18,6300000,0,user_29,420,439,
4806,17,6300000,0,user_37,421,439,
5153,19,6300000,0,user_42,423,439,
4743,28,6100000,0,user_36,420,439,
5364,34,5200000,0,user_46,424,439,
5352,33,5200000,0,user_34,424,439,
4924,32,5200000,0,user_27,422,439,
4948,31,5200000,0,user_48,422,439,
5593,30,5200000,21800,user_30,425,439,
5369,40,5000000,0,user_48,424,439,
5143,39,5000000,0,user_31,423,439,
4724,38,5000000,0,user_16,420,439,
5614,45,4500000,0,user_48,425,439,
4949,52,4200000,0,user_49,422,439,
4757,51,4200000,0,user_49,420,439,
4927,57,3600000,75000,user_30,422,439,
5110,59,3500001,0,user_1,423,439,4944
5125,60,3500001,0,user_12,423,439,4944
5138,61,3500001,0,user_26,423,439,4944
4944,65,3500000,161000,user_47,422,439,
5111,66,3499999,0,user_2,423,439,4944
5317,73,3499999,0,user_8,424,439,4944
5128,67,3499999,0,user_13,423,439,4944
5133,71,3499999,0,user_18,423,439,4944
5129,69,3499999,0,user_15,423,439,4944
5130,70,3499999,0,user_15,423,439,4944
5321,72,3499999,0,user_9,424,439,4944
5117,68,3499999,0,user_6,423,439,4944
5362,82,2600000,0,user_44,424,439,
4947,87,2500000,0,user_47,422,439,
5154,91,2300000,0,user_42,423,439,
5140,96,2100000,11200,user_27,423,439,
5336,89,2000001,0,user_16,424,437,4770
5544,95,2000001,0,user_1,425,438,4770
5113,91,2000001,0,user_4,423,437,4770
5118,92,2000001,0,user_7,423,437,4770
5132,93,2000001,0,user_17,423,437,4770
5568,98,2000001,0,user_12,425,439,4770
5579,99,2000001,0,user_19,425,439,4770
5582,99,2000001,0,user_20,425,438,4770
4779,97,2000001,0,user_12,421,437,4770
5114,98,2000001,0,user_6,423,437,4770
5586,97,2000001,0,user_25,425,438,4770
5587,98,2000001,0,user_26,425,438,4770
5156,99,2000000,0,user_44,423,436,
4723,93,2000000,0,user_16,420,434,
4736,92,2000000,0,user_28,420,434,
4740,94,2000000,0,user_34,420,434,
4770,99,2000000,350000,user_0,421,435,
4800,98,2000000,0,user_32,421,435,
4803,96,2000000,0,user_36,421,434,
5135,93,1999999,0,user_23,423,433,4770
5570,94,1999999,0,user_13,425,433,4770
5543,95,1999999,0,user_0,425,433,4770
5580,96,1999999,0,user_19,425,433,4770
5581,97,1999999,0,user_19,425,433,4770
5116,98,1999999,0,user_6,423,433,4770
5555,99,1999999,0,user_6,425,433,4770
5585,94,1999999,0,user_25,425,431,4770
5575,95,1999999,0,user_17,425,432,4770
5584,99,1999999,0,user_24,425,432,4770
5577,96,1999999,0,user_18,425,432,4770
4734,97,1900000,0,user_24,420,430,
5366,96,1800000,0,user_47,424,429,
4731,97,1700000,0,user_23,420,429,
4808,99,1600000,0,user_43,421,429,
4922,97,1500001,0,user_24,422,428,4735
5124,94,1500001,0,user_12,423,428,4735
5119,95,1500001,0,user_7,423,428,4735
5136,96,1500001,0,user_24,423,428,4735
4780,98,1500001,0,user_14,421,428,4735
4793,99,1500001,0,user_22,421,428,4735
5350,97,1500000,0,user_30,424,427,
5142,96,1500000,0,user_30,423,427,
4735,94,1500000,128000,user_27,420,427,
5145,95,1500000,0,user_34,423,427,
5613,92,1500000,0,user_46,425,427,
4895,99,1499999,0,user_2,422,426,4735
4912,98,1499999,0,user_21,422,427,4735
5134,84,1499999,0,user_21,423,425,4735
5137,85,1499999,0,user_25,423,425,4735
4771,99,1499999,0,user_1,421,427,4735
4792,94,1499999,0,user_21,421,426,4735
4794,95,1499999,0,user_22,421,426,4735
4786,96,1499999,0,user_17,421,426,4735
4787,97,1499999,0,user_17,421,426,4735
4788,98,1499999,0,user_17,421,426,4735
4932,92,1400000,0,user_33,422,425,
5609,93,1400000,0,user_44,425,425,
4730,94,1400000,0,user_23,420,425,
4732,95,1400000,0,user_23,420,425,
4749,96,1400000,0,user_42,420,425,
4769,97,1400000,0,user_0,421,425,
5141,98,1300000,18600,user_28,423,425,
4713,99,1300000,0,user_4,420,425,
4931,8,27000000,0,user_33,422,439,
4726,13,19000000,0,user_19,420,439,
5594,15,6300000,0,user_31,425,439,
5349,21,6300000,0,user_29,424,439,
5360,22,6300000,0,user_43,424,439,
4737,18,6300000,0,user_29,420,439,
4806,17,6300000,0,user_37,421,439,
5153,19,6300000,0,user_42,423,439,
5347,20,6300000,5630,user_27,424,439,
5841,16,6300000,0,user_29,426,439,
5863,26,6100000,0,user_45,426,439,
4743,28,6100000,0,user_36,420,439,
5842,27,6100000,0,user_30,426,439,
5593,30,5200000,21800,user_30,425,439,
5364,34,5200000,0,user_46,424,439,
5352,33,5200000,0,user_34,424,439,
4948,31,5200000,0,user_48,422,439,
4924,32,5200000,0,user_27,422,439,
5369,40,5000000,0,user_48,424,439,
4724,38,5000000,0,user_16,420,439,
5143,39,5000000,0,user_31,423,439,
5614,45,4500000,0,user_48,425,439,
5853,50,4200000,46500,user_37,426,439,
4757,51,4200000,0,user_49,420,439,
4949,52,4200000,0,user_49,422,439,
4927,57,3600000,75000,user_30,422,439,
5110,59,3500001,0,user_1,423,439,4944
5125,60,3500001,0,user_12,423,439,4944
5138,61,3500001,0,user_26,423,439,4944
4944,65,3500000,161000,user_47,422,439,
5317,73,3499999,0,user_8,424,439,4944
5321,72,3499999,0,user_9,424,439,4944
5111,66,3499999,0,user_2,423,439,4944
5129,69,3499999,0,user_15,423,439,4944
5130,70,3499999,0,user_15,423,439,4944
5128,67,3499999,0,user_13,423,439,4944
5133,71,3499999,0,user_18,423,439,4944
5117,68,3499999,0,user_6,423,439,4944
5362,82,2600000,0,user_44,424,439,
4947,87,2500000,0,user_47,422,439,
5154,91,2300000,0,user_42,423,439,
5140,96,2100000,11200,user_27,423,439,
5544,95,2000001,0,user_1,425,438,4770
5568,98,2000001,0,user_12,425,439,4770
5586,97,2000001,0,user_25,425,438,4770
5587,98,2000001,0,user_26,425,438,4770
5582,99,2000001,0,user_20,425,438,4770
5336,89,2000001,0,user_16,424,437,4770
5579,99,2000001,0,user_19,425,439,4770
4779,97,2000001,0,user_12,421,437,4770
5113,91,2000001,0,user_4,423,437,4770
5118,92,2000001,0,user_7,423,437,4770
5132,93,2000001,0,user_17,423,437,4770
5114,98,2000001,0,user_6,423,437,4770
5823,95,2000001,0,user_8,426,436,4770
4736,92,2000000,0,user_28,420,434,
4723,93,2000000,0,user_16,420,434,
4740,94,2000000,0,user_34,420,434,
4770,99,2000000,350000,user_0,421,435,
4803,96,2000000,0,user_36,421,434,
4800,98,2000000,0,user_32,421,435,
5156,99,2000000,0,user_44,423,436,
5858,97,2000000,0,user_40,426,435,
5543,95,1999999,0,user_0,425,433,4770
5570,94,1999999,0,user_13,425,433,4770
5575,95,1999999,0,user_17,425,432,4770
5584,99,1999999,0,user_24,425,432,4770
5585,94,1999999,0,user_25,425,431,4770
5577,96,1999999,0,user_18,425,432,4770
5555,99,1999999,0,user_6,425,433,4770
5580,96,1999999,0,user_19,425,433,4770
5581,97,1999999,0,user_19,425,433,4770
5135,93,1999999,0,user_23,423,433,4770
5116,98,1999999,0,user_6,423,433,4770
4734,97,1900000,0,user_24,420,430,
5869,98,1900000,0,user_47,426,430,
5366,96,1800000,0,user_47,424,429,
4731,97,1700000,0,user_23,420,429,
5604,92,1600000,0,user_38,425,428,
5862,93,1600000,0,user_45,426,428,
4808,99,1600000,0,user_43,421,429,
4780,98,1500001,0,user_14,421,428,4735
4793,99,1500001,0,user_22,421,428,4735
4922,97,1500001,0,user_24,422,428,4735
5119,95,1500001,0,user_7,423,428,4735
5124,94,1500001,0,user_12,423,428,4735
5136,96,1500001,0,user_24,423,428,4735
5613,92,1500000,0,user_46,425,427,
5350,97,1500000,0,user_30,424,427,
5861,93,1500000,0,user_45,426,427,
4735,94,1500000,128000,user_27,420,427,
5142,96,1500000,0,user_30,423,427,
5145,95,1500000,0,user_34,423,427,
4771,99,1499999,0,user_1,421,427,4735
4792,94,1499999,0,user_21,421,426,4735
4794,95,1499999,0,user_22,421,426,4735
4786,96,1499999,0,user_17,421,426,4735
4787,97,1499999,0,user_17,421,426,4735
4788,98,1499999,0,user_17,421,426,4735
4895,99,1499999,0,user_2,422,426,4735
6125,2,43000000,0,user_44,427,439,
6107,7,27000000,0,user_28,427,439,
4931,8,27000000,0,user_33,422,439,
4726,13,19000000,0,user_19,420,439,
5594,15,6300000,0,user_31,425,439,
5841,16,6300000,0,user_29,426,439,
4806,17,6300000,0,user_37,421,439,
4737,18,6300000,0,user_29,420,439,
5153,19,6300000,0,user_42,423,439,
5347,20,6300000,5630,user_27,424,439,
5349,21,6300000,0,user_29,424,439,
5360,22,6300000,0,user_43,424,439,
5863,26,6100000,0,user_45,426,439,
5842,27,6100000,0,user_30,426,439,
4743,28,6100000,0,user_36,420,439,
5593,30,5200000,21800,user_30,425,439,
4948,31,5200000,0,user_48,422,439,
4924,32,5200000,0,user_27,422,439,
5352,33,5200000,0,user_34,424,439,
5364,34,5200000,0,user_46,424,439,
4724,38,5000000,0,user_16,420,439,
5143,39,5000000,0,user_31,423,439,
5369,40,5000000,0,user_48,424,439,
5614,45,4500000,0,user_48,425,439,
5853,50,4200000,46500,user_37,426,439,
4757,51,4200000,0,user_49,420,439,
4949,52,4200000,0,user_49,422,439,
4927,57,3600000,75000,user_30,422,439,
5110,59,3500001,0,user_1,423,439,4944
5125,60,3500001,0,user_12,423,439,4944
5138,61,3500001,0,user_26,423,439,4944
4944,65,3500000,161000,user_47,422,439,
5111,66,3499999,0,user_2,423,439,4944
5128,67,3499999,0,user_13,423,439,4944
5117,68,3499999,0,user_6,423,439,4944
5129,69,3499999,0,user_15,423,439,4944
5130,70,3499999,0,user_15,423,439,4944
5133,71,3499999,0,user_18,423,439,4944
5321,72,3499999,0,user_9,424,439,4944
5317,73,3499999,0,user_8,424,439,4944
5362,82,2600000,0,user_44,424,439,
6118,86,2500000,0,user_37,427,439,
4947,87,2500000,0,user_47,422,439,
6127,88,2500000,0,user_46,427,439,
5154,91,2300000,0,user_42,423,439,
5140,96,2100000,11200,user_27,423,439,
5568,98,2000001,0,user_12,425,439,4770
5579,99,2000001,0,user_19,425,439,4770
5582,99,2000001,0,user_20,425,438,4770
5586,97,2000001,0,user_25,425,438,4770
5587,98,2000001,0,user_26,425,438,4770
5823,95,2000001,0,user_8,426,436,4770
4779,97,2000001,0,user_12,421,437,4770
5113,91,2000001,0,user_4,423,437,4770
5114,98,2000001,0,user_6,423,437,4770
5118,92,2000001,0,user_7,423,437,4770
5132,93,2000001,0,user_17,423,437,4770
5336,89,2000001,0,user_16,424,437,4770
5544,95,2000001,0,user_1,425,438,4770
5858,97,2000000,0,user_40,426,435,
4800,98,2000000,0,user_32,421,435,
4770,99,2000000,350000,user_0,421,435,
4803,96,2000000,0,user_36,421,434,
5156,99,2000000,0,user_44,423,436,
4723,93,2000000,0,user_16,420,434,
4740,94,2000000,0,user_34,420,434,
4736,92,2000000,0,user_28,420,434,
5570,94,1999999,0,user_13,425,433,4770
5543,95,1999999,0,user_0,425,433,4770
5580,96,1999999,0,user_19,425,433,4770
5581,97,1999999,0,user_19,425,433,4770
5555,99,1999999,0,user_6,425,433,4770
5585,94,1999999,0,user_25,425,431,4770
5575,95,1999999,0,user_17,425,432,4770
5584,99,1999999,0,user_24,425,432,4770
5577,96,1999999,0,user_18,425,432,4770
5116,98,1999999,0,user_6,423,433,4770
5135,93,1999999,0,user_23,423,433,4770
5869,98,1900000,0,user_47,426,430,
4734,97,1900000,0,user_24,420,430,
5366,96,1800000,0,user_47,424,429,
4731,97,1700000,0,user_23,420,429,
5604,92,1600000,0,user_38,425,428,
5862,93,1600000,0,user_45,426,428,
4808,99,1600000,0,user_43,421,429,
6110,98,1600000,0,user_33,427,429,
4922,97,1500001,0,user_24,422,428,4735
4780,98,1500001,0,user_14,421,428,4735
4793,99,1500001,0,user_22,421,428,4735
5119,95,1500001,0,user_7,423,428,4735
5124,94,1500001,0,user_12,423,428,4735
5136,96,1500001,0,user_24,423,428,4735
5613,92,1500000,0,user_46,425,427,
5861,93,1500000,0,user_45,426,427,
4735,94,1500000,128000,user_27,420,427,
5145,95,1500000,0,user_34,423,427,
5142,96,1500000,0,user_30,423,427,
5350,97,1500000,0,user_30,424,427,
4912,98,1499999,0,user_21,422,427,4735
4771,99,1499999,0,user_1,421,427,4735
6125,2,43000000,0,user_44,427,439,
6107,7,27000000,0,user_28,427,439,
6372,9,27000000,0,user_37,428,439,
4931,8,27000000,0,user_33,422,439,
4726,13,19000000,0,user_19,420,439,
5153,19,6300000,0,user_42,423,439,
4806,17,6300000,0,user_37,421,439,
4737,18,6300000,0,user_29,420,439,
5349,21,6300000,0,user_29,424,439,
5360,22,6300000,0,user_43,424,439,
5347,20,6300000,5630,user_27,424,439,
5594,15,6300000,0,user_31,425,439,
5841,16,6300000,0,user_29,426,439,
4743,28,6100000,0,user_36,420,439,
5842,27,6100000,0,user_30,426,439,
5863,26,6100000,0,user_45,426,439,
4924,32,5200000,0,user_27,422,439,
4948,31,5200000,0,user_48,422,439,
5364,34,5200000,0,user_46,424,439,
5352,33,5200000,0,user_34,424,439,
5593,30,5200000,21800,user_30,425,439,
5143,39,5000000,0,user_31,423,439,
4724,38,5000000,0,user_16,420,439,
5369,40,5000000,0,user_48,424,439,
6119,46,4500000,0,user_38,427,439,
5614,45,4500000,0,user_48,425,439,
6378,47,4500000,0,user_40,428,439,
4949,52,4200000,0,user_49,422,439,
4757,51,4200000,0,user_49,420,439,
5853,50,4200000,46500,user_37,426,439,
4927,57,3600000,75000,user_30,422,439,
5125,60,3500001,0,user_12,423,439,4944
5138,61,3500001,0,user_26,423,439,4944
5110,59,3500001,0,user_1,423,439,4944
4944,65,3500000,161000,user_47,422,439,
5128,67,3499999,0,user_13,423,439,4944
5117,68,3499999,0,user_6,423,439,4944
5129,69,3499999,0,user_15,423,439,4944
5130,70,3499999,0,user_15,423,439,4944
5133,71,3499999,0,user_18,423,439,4944
5111,66,3499999,0,user_2,423,439,4944
5317,73,3499999,0,user_8,424,439,4944
5321,72,3499999,0,user_9,424,439,4944
6376,77,3200000,0,user_39,428,439,
5362,82,2600000,0,user_44,424,439,
6127,88,2500000,0,user_46,427,439,
6118,86,2500000,0,user_37,427,439,
4947,87,2500000,0,user_47,422,439,
5154,91,2300000,0,user_42,423,439,
5140,96,2100000,11200,user_27,423,439,
5113,91,2000001,0,user_4,423,437,4770
5114,98,2000001,0,user_6,423,437,4770
5118,92,2000001,0,user_7,423,437,4770
5132,93,2000001,0,user_17,423,437,4770
4779,97,2000001,0,user_12,421,437,4770
5336,89,2000001,0,user_16,424,437,4770
5544,95,2000001,0,user_1,425,438,4770
5568,98,2000001,0,user_12,425,439,4770
5582,99,2000001,0,user_20,425,438,4770
5579,99,2000001,0,user_19,425,439,4770
5586,97,2000001,0,user_25,425,438,4770
5587,98,2000001,0,user_26,425,438,4770
5823,95,2000001,0,user_8,426,436,4770
5156,99,2000000,0,user_44,423,436,
4770,99,2000000,350000,user_0,421,435,
4803,96,2000000,0,user_36,421,434,
4736,92,2000000,0,user_28,420,434,
4723,93,2000000,0,user_16,420,434,
4740,94,2000000,0,user_34,420,434,
4800,98,2000000,0,user_32,421,435,
5858,97,2000000,0,user_40,426,435,
6368,90,2000000,0,user_34,428,434,
6386,89,2000000,0,user_47,428,434,
5116,98,1999999,0,user_6,423,433,4770
5135,93,1999999,0,user_23,423,433,4770
5543,95,1999999,0,user_0,425,433,4770
5570,94,1999999,0,user_13,425,433,4770
5575,95,1999999,0,user_17,425,432,4770
5577,96,1999999,0,user_18,425,432,4770
5580,96,1999999,0,user_19,425,433,4770
5581,97,1999999,0,user_19,425,433,4770
5584,99,1999999,0,user_24,425,432,4770
5585,94,1999999,0,user_25,425,431,4770
5555,99,1999999,0,user_6,425,433,4770
6124,96,1900000,0,user_43,427,430,
4734,97,1900000,0,user_24,420,430,
5869,98,1900000,0,user_47,426,430,
5366,96,1800000,0,user_47,424,429,
6374,99,1800000,0,user_39,428,430,
4731,97,1700000,0,user_23,420,429,
6110,98,1600000,0,user_33,427,429,
4808,99,1600000,0,user_43,421,429,
5604,92,1600000,0,user_38,425,428,
5862,93,1600000,0,user_45,426,428,
5124,94,1500001,0,user_12,423,428,4735
5119,95,1500001,0,user_7,423,428,4735
5136,96,1500001,0,user_24,423,428,4735
4922,97,1500001,0,user_24,422,428,4735
4780,98,1500001,0,user_14,421,428,4735
4793,99,1500001,0,user_22,421,428,4735
6125,2,43000000,0,user_44,427,439,
6645,1,43000000,0,user_40,429,439,
6372,9,27000000,0,user_37,428,439,
6107,7,27000000,0,user_28,427,439,
4931,8,27000000,0,user_33,422,439,
4726,13,19000000,0,user_19,420,439,
5349,21,6300000,0,user_29,424,439,
5360,22,6300000,0,user_43,424,439,
5347,20,6300000,5630,user_27,424,439,
4737,18,6300000,0,user_29,420,439,
4806,17,6300000,0,user_37,421,439,
5153,19,6300000,0,user_42,423,439,
5594,15,6300000,0,user_31,425,439,
5841,16,6300000,0,user_29,426,439,
6641,24,6100000,0,user_37,429,439,
4743,28,6100000,0,user_36,420,439,
5863,26,6100000,0,user_45,426,439,
5842,27,6100000,0,user_30,426,439,
6647,25,6100000,0,user_41,429,439,
5364,34,5200000,0,user_46,424,439,
5352,33,5200000,0,user_34,424,439,
4924,32,5200000,0,user_27,422,439,
4948,31,5200000,0,user_48,422,439,
5593,30,5200000,21800,user_30,425,439,
5369,40,5000000,0,user_48,424,439,
5143,39,5000000,0,user_31,423,439,
4724,38,5000000,0,user_16,420,439,
6378,47,4500000,0,user_40,428,439,
6119,46,4500000,0,user_38,427,439,
5614,45,4500000,0,user_48,425,439,
6649,43,4500000,256000,user_42,429,439,
4949,52,4200000,0,user_49,422,439,
4757,51,4200000,0,user_49,420,439,
5853,50,4200000,46500,user_37,426,439,
4927,57,3600000,75000,user_30,422,439,
6644,55,3600000,0,user_40,429,439,
5110,59,3500001,0,user_1,423,439,4944
5125,60,3500001,0,user_12,423,439,4944
5138,61,3500001,0,user_26,423,439,4944
4944,65,3500000,161000,user_47,422,439,
5111,66,3499999,0,user_2,423,439,4944
5317,73,3499999,0,user_8,424,439,4944
5128,67,3499999,0,user_13,423,439,4944
5133,71,3499999,0,user_18,423,439,4944
5129,69,3499999,0,user_15,423,439,4944
5130,70,3499999,0,user_15,423,439,4944
5321,72,3499999,0,user_9,424,439,4944
5117,68,3499999,0,user_6,423,439,4944
6376,77,3200000,0,user_39,428,439,
5362,82,2600000,0,user_44,424,439,
6127,88,2500000,0,user_46,427,439,
6118,86,2500000,0,user_37,427,439,
6631,85,2500000,0,user_28,429,439,
4947,87,2500000,0,user_47,422,439,
5154,91,2300000,0,user_42,423,439,
5140,96,2100000,11200,user_27,423,439,
5336,89,2000001,0,user_16,424,437,4770
5544,95,2000001,0,user_1,425,438,4770
5113,91,2000001,0,user_4,423,437,4770
5118,92,2000001,0,user_7,423,437,4770
5132,93,2000001,0,user_17,423,437,4770
5568,98,2000001,0,user_12,425,439,4770
5579,99,2000001,0,user_19,425,439,4770
5582,99,2000001,0,user_20,425,438,4770
4779,97,2000001,0,user_12,421,437,4770
5114,98,2000001,0,user_6,423,437,4770
5586,97,2000001,0,user_25,425,438,4770
5587,98,2000001,0,user_26,425,438,4770
5823,95,2000001,0,user_8,426,436,4770
6386,89,2000000,0,user_47,428,434,
6368,90,2000000,0,user_34,428,434,
5156,99,2000000,0,user_44,423,436,
4723,93,2000000,0,user_16,420,434,
4736,92,2000000,0,user_28,420,434,
4740,94,2000000,0,user_34,420,434,
4770,99,2000000,350000,user_0,421,435,
4800,98,2000000,0,user_32,421,435,
4803,96,2000000,0,user_36,421,434,
5858,97,2000000,0,user_40,426,435,
6657,95,2000000,0,user_48,429,435,
6637,96,2000000,0,user_34,429,435,
5135,93,1999999,0,user_23,423,433,4770
5570,94,1999999,0,user_13,425,433,4770
5543,95,1999999,0,user_0,425,433,4770
5580,96,1999999,0,user_19,425,433,4770
5581,97,1999999,0,user_19,425,433,4770
5116,98,1999999,0,user_6,423,433,4770
5555,99,1999999,0,user_6,425,433,4770
5585,94,1999999,0,user_25,425,431,4770
5575,95,1999999,0,user_17,425,432,4770
5584,99,1999999,0,user_24,425,432,4770
5577,96,1999999,0,user_18,425,432,4770
6124,96,1900000,0,user_43,427,430,
4734,97,1900000,0,user_24,420,430,
5869,98,1900000,0,user_47,426,430,
6374,99,1800000,0,user_39,428,430,
5366,96,1800000,0,user_47,424,429,
4731,97,1700000,0,user_23,420,429,
6110,98,1600000,0,user_33,427,429,
4808,99,1600000,0,user_43,421,429,
6645,1,43000000,0,user_40,429,439,
6125,2,43000000,0,user_44,427,439,
6372,9,27000000,0,user_37,428,439,
4931,8,27000000,0,user_33,422,439,
6107,7,27000000,0,user_28,427,439,
6914,12,19000000,0,user_44,430,439,
4726,13,19000000,0,user_19,420,439,
5594,15,6300000,0,user_31,425,439,
5349,21,6300000,0,user_29,424,439,
5360,22,6300000,0,user_43,424,439,
4737,18,6300000,0,user_29,420,439,
4806,17,6300000,0,user_37,421,439,
5153,19,6300000,0,user_42,423,439,
5347,20,6300000,5630,user_27,424,439,
5841,16,6300000,0,user_29,426,439,
6641,24,6100000,0,user_37,429,439,
6647,25,6100000,0,user_41,429,439,
5863,26,6100000,0,user_45,426,439,
4743,28,6100000,0,user_36,420,439,
5842,27,6100000,0,user_30,426,439,
5593,30,5200000,21800,user_30,425,439,
5364,34,5200000,0,user_46,424,439,
5352,33,5200000,0,user_34,424,439,
4948,31,5200000,0,user_48,422,439,
4924,32,5200000,0,user_27,422,439,
5369,40,5000000,0,user_48,424,439,
4724,38,5000000,0,user_16,420,439,
5143,39,5000000,0,user_31,423,439,
6119,46,4500000,0,user_38,427,439,
6378,47,4500000,0,user_40,428,439,
6649,43,4500000,256000,user_42,429,439,
5614,45,4500000,0,user_48,425,439,
5853,50,4200000,46500,user_37,426,439,
4757,51,4200000,0,user_49,420,439,
4949,52,4200000,0,user_49,422,439,
6644,55,3600000,0,user_40,429,439,
6634,54,3600000,256000,user_31,429,439,
4927,57,3600000,75000,user_30,422,439,
6916,56,3600000,0,user_47,430,439,
5110,59,3500001,0,user_1,423,439,4944
5125,60,3500001,0,user_12,423,439,4944
5138,61,3500001,0,user_26,423,439,4944
4944,65,3500000,161000,user_47,422,439,
6918,64,3500000,410000,user_47,430,439,
5317,73,3499999,0,user_8,424,439,4944
5321,72,3499999,0,user_9,424,439,4944
5111,66,3499999,0,user_2,423,439,4944
5129,69,3499999,0,user_15,423,439,4944
5130,70,3499999,0,user_15,423,439,4944
5128,67,3499999,0,user_13,423,439,4944
5133,71,3499999,0,user_18,423,439,4944
5117,68,3499999,0,user_6,423,439,4944
6376,77,3200000,0,user_39,428,439,
5362,82,2600000,0,user_44,424,439,
6631,85,2500000,0,user_28,429,439,
6118,86,2500000,0,user_37,427,439,
6127,88,2500000,0,user_46,427,439,
4947,87,2500000,0,user_47,422,439,
5154,91,2300000,0,user_42,423,439,
5140,96,2100000,11200,user_27,423,439,
5544,95,2000001,0,user_1,425,438,4770
5568,98,2000001,0,user_12,425,439,4770
5586,97,2000001,0,user_25,425,438,4770
5587,98,2000001,0,user_26,425,438,4770
5582,99,2000001,0,user_20,425,438,4770
5336,89,2000001,0,user_16,424,437,4770
5579,99,2000001,0,user_19,425,439,4770
4779,97,2000001,0,user_12,421,437,4770
5113,91,2000001,0,user_4,423,437,4770
5118,92,2000001,0,user_7,423,437,4770
5132,93,2000001,0,user_17,423,437,4770
5114,98,2000001,0,user_6,423,437,4770
5823,95,2000001,0,user_8,426,436,4770
6657,95,2000000,0,user_48,429,435,
6386,89,2000000,0,user_47,428,434,
6368,90,2000000,0,user_34,428,434,
6637,96,2000000,0,user_34,429,435,
4736,92,2000000,0,user_28,420,434,
4723,93,2000000,0,user_16,420,434,
4740,94,2000000,0,user_34,420,434,
4770,99,2000000,350000,user_0,421,435,
4803,96,2000000,0,user_36,421,434,
4800,98,2000000,0,user_32,421,435,
5156,99,2000000,0,user_44,423,436,
5858,97,2000000,0,user_40,426,435,
5543,95,1999999,0,user_0,425,433,4770
5570,94,1999999,0,user_13,425,433,4770
5575,95,1999999,0,user_17,425,432,4770
5584,99,1999999,0,user_24,425,432,4770
5585,94,1999999,0,user_25,425,431,4770
5577,96,1999999,0,user_18,425,432,4770
5555,99,1999999,0,user_6,425,433,4770
5580,96,1999999,0,user_19,425,433,4770
5581,97,1999999,0,user_19,425,433,4770
5135,93,1999999,0,user_23,423,433,4770
5116,98,1999999,0,user_6,423,433,4770
6124,96,1900000,0,user_43,427,430,
4734,97,1900000,0,user_24,420,430,
5869,98,1900000,0,user_47,426,430,
6374,99,1800000,0,user_39,428,430,
6645,1,43000000,0,user_40,429,439,
6125,2,43000000,0,user_44,427,439,
6107,7,27000000,0,user_28,427,439,
4931,8,27000000,0,user_33,422,439,
6372,9,27000000,0,user_37,428,439,
6914,12,19000000,0,user_44,430,439,
4726,13,19000000,0,user_19,420,439,
5594,15,6300000,0,user_31,425,439,
5841,16,6300000,0,user_29,426,439,
4806,17,6300000,0,user_37,421,439,
4737,18,6300000,0,user_29,420,439,
5153,19,6300000,0,user_42,423,439,
5347,20,6300000,5630,user_27,424,439,
5349,21,6300000,0,user_29,424,439,
5360,22,6300000,0,user_43,424,439,
6641,24,6100000,0,user_37,429,439,
6647,25,6100000,0,user_41,429,439,
5863,26,6100000,0,user_45,426,439,
5842,27,6100000,0,user_30,426,439,
4743,28,6100000,0,user_36,420,439,
5593,30,5200000,21800,user_30,425,439,
4948,31,5200000,0,user_48,422,439,
4924,32,5200000,0,user_27,422,439,
5352,33,5200000,0,user_34,424,439,
5364,34,5200000,0,user_46,424,439,
4724,38,5000000,0,user_16,420,439,
5143,39,5000000,0,user_31,423,439,
5369,40,5000000,0,user_48,424,439,
6649,43,4500000,256000,user_42,429,439,
7209,44,4500000,32900,user_45,431,439,
5614,45,4500000,0,user_48,425,439,
6119,46,4500000,0,user_38,427,439,
6378,47,4500000,0,user_40,428,439,
5853,50,4200000,46500,user_37,426,439,
4757,51,4200000,0,user_49,420,439,
4949,52,4200000,0,user_49,422,439,
6634,54,3600000,256000,user_31,429,439,
6644,55,3600000,0,user_40,429,439,
6916,56,3600000,0,user_47,430,439,
4927,57,3600000,75000,user_30,422,439,
5110,59,3500001,0,user_1,423,439,4944
5125,60,3500001,0,user_12,423,439,4944
5138,61,3500001,0,user_26,423,439,4944
6918,64,3500000,410000,user_47,430,439,
4944,65,3500000,161000,user_47,422,439,
5111,66,3499999,0,user_2,423,439,4944
5128,67,3499999,0,user_13,423,439,4944
5117,68,3499999,0,user_6,423,439,4944
5129,69,3499999,0,user_15,423,439,4944
5130,70,3499999,0,user_15,423,439,4944
5133,71,3499999,0,user_18,423,439,4944
5321,72,3499999,0,user_9,424,439,4944
5317,73,3499999,0,user_8,424,439,4944
6376,77,3200000,0,user_39,428,439,
7208,81,2600000,0,user_44,431,439,
5362,82,2600000,0,user_44,424,439,
6631,85,2500000,0,user_28,429,439,
6118,86,2500000,0,user_37,427,439,
4947,87,2500000,0,user_47,422,439,
6127,88,2500000,0,user_46,427,439,
5154,91,2300000,0,user_42,423,439,
7201,92,2300000,0,user_36,431,439,
5140,96,2100000,11200,user_27,423,439,
5568,98,2000001,0,user_12,425,439,4770
5579,99,2000001,0,user_19,425,439,4770
5582,99,2000001,0,user_20,425,438,4770
5586,97,2000001,0,user_25,425,438,4770
5587,98,2000001,0,user_26,425,438,4770
5823,95,2000001,0,user_8,426,436,4770
4779,97,2000001,0,user_12,421,437,4770
5113,91,2000001,0,user_4,423,437,4770
5114,98,2000001,0,user_6,423,437,4770
5118,92,2000001,0,user_7,423,437,4770
5132,93,2000001,0,user_17,423,437,4770
5336,89,2000001,0,user_16,424,437,4770
5544,95,2000001,0,user_1,425,438,4770
6657,95,2000000,0,user_48,429,435,
6637,96,2000000,0,user_34,429,435,
5858,97,2000000,0,user_40,426,435,
4800,98,2000000,0,user_32,421,435,
4770,99,2000000,350000,user_0,421,435,
4803,96,2000000,0,user_36,421,434,
5156,99,2000000,0,user_44,423,436,
4723,93,2000000,0,user_16,420,434,
4740,94,2000000,0,user_34,420,434,
4736,92,2000000,0,user_28,420,434,
6386,89,2000000,0,user_47,428,434,
6368,90,2000000,0,user_34,428,434,
7202,98,2000000,0,user_36,431,436,
5570,94,1999999,0,user_13,425,433,4770
5543,95,1999999,0,user_0,425,433,4770
5580,96,1999999,0,user_19,425,433,4770
5581,97,1999999,0,user_19,425,433,4770
5555,99,1999999,0,user_6,425,433,4770
5585,94,1999999,0,user_25,425,431,4770
5575,95,1999999,0,user_17,425,432,4770
5584,99,1999999,0,user_24,425,432,4770
5577,96,1999999,0,user_18,425,432,4770
5116,98,1999999,0,user_6,423,433,4770
5135,93,1999999,0,user_23,423,433,4770
6125,2,43000000,0,user_44,427,439,
6645,1,43000000,0,user_40,429,439,
6107,7,27000000,0,user_28,427,439,
6372,9,27000000,0,user_37,428,439,
4931,8,27000000,0,user_33,422,439,
4726,13,19000000,0,user_19,420,439,
6914,12,19000000,0,user_44,430,439,
5153,19,6300000,0,user_42,423,439,
4806,17,6300000,0,user_37,421,439,
4737,18,6300000,0,user_29,420,439,
5349,21,6300000,0,user_29,424,439,
5360,22,6300000,0,user_43,424,439,
5347,20,6300000,5630,user_27,424,439,
5594,15,6300000,0,user_31,425,439,
5841,16,6300000,0,user_29,426,439,
4743,28,6100000,0,user_36,420,439,
5842,27,6100000,0,user_30,426,439,
5863,26,6100000,0,user_45,426,439,
6641,24,6100000,0,user_37,429,439,
6647,25,6100000,0,user_41,429,439,
4924,32,5200000,0,user_27,422,439,
4948,31,5200000,0,user_48,422,439,
5364,34,5200000,0,user_46,424,439,
5352,33,5200000,0,user_34,424,439,
5593,30,5200000,21800,user_30,425,439,
5143,39,5000000,0,user_31,423,439,
4724,38,5000000,0,user_16,420,439,
5369,40,5000000,0,user_48,424,439,
7209,44,4500000,32900,user_45,431,439,
6119,46,4500000,0,user_38,427,439,
5614,45,4500000,0,user_48,425,439,
6378,47,4500000,0,user_40,428,439,
6649,43,4500000,256000,user_42,429,439,
7505,48,4500000,0,user_27,432,439,
4949,52,4200000,0,user_49,422,439,
4757,51,4200000,0,user_49,420,439,
5853,50,4200000,46500,user_37,426,439,
4927,57,3600000,75000,user_30,422,439,
6634,54,3600000,256000,user_31,429,439,
6644,55,3600000,0,user_40,429,439,
6916,56,3600000,0,user_47,430,439,
5125,60,3500001,0,user_12,423,439,4944
5138,61,3500001,0,user_26,423,439,4944
5110,59,3500001,0,user_1,423,439,4944
4944,65,3500000,161000,user_47,422,439,
6918,64,3500000,410000,user_47,430,439,
5128,67,3499999,0,user_13,423,439,4944
5117,68,3499999,0,user_6,423,439,4944
5129,69,3499999,0,user_15,423,439,4944
5130,70,3499999,0,user_15,423,439,4944
5133,71,3499999,0,user_18,423,439,4944
5111,66,3499999,0,user_2,423,439,4944
5317,73,3499999,0,user_8,424,439,4944
5321,72,3499999,0,user_9,424,439,4944
7517,78,3200000,0,user_44,432,439,
6376,77,3200000,0,user_39,428,439,
7208,81,2600000,0,user_44,431,439,
5362,82,2600000,0,user_44,424,439,
6127,88,2500000,0,user_46,427,439,
6118,86,2500000,0,user_37,427,439,
4947,87,2500000,0,user_47,422,439,
6631,85,2500000,0,user_28,429,439,
7201,92,2300000,0,user_36,431,439,
5154,91,2300000,0,user_42,423,439,
5140,96,2100000,11200,user_27,423,439,
5113,91,2000001,0,user_4,423,437,4770
5114,98,2000001,0,user_6,423,437,4770
5118,92,2000001,0,user_7,423,437,4770
5132,93,2000001,0,user_17,423,437,4770
4779,97,2000001,0,user_12,421,437,4770
5336,89,2000001,0,user_16,424,437,4770
5544,95,2000001,0,user_1,425,438,4770
5568,98,2000001,0,user_12,425,439,4770
5582,99,2000001,0,user_20,425,438,4770
5579,99,2000001,0,user_19,425,439,4770
5586,97,2000001,0,user_25,425,438,4770
5587,98,2000001,0,user_26,425,438,4770
5823,95,2000001,0,user_8,426,436,4770
7202,98,2000000,0,user_36,431,436,
5156,99,2000000,0,user_44,423,436,
4770,99,2000000,350000,user_0,421,435,
4803,96,2000000,0,user_36,421,434,
4736,92,2000000,0,user_28,420,434,
4723,93,2000000,0,user_16,420,434,
4740,94,2000000,0,user_34,420,434,
4800,98,2000000,0,user_32,421,435,
5858,97,2000000,0,user_40,426,435,
6368,90,2000000,0,user_34,428,434,
6386,89,2000000,0,user_47,428,434,
6637,96,2000000,0,user_34,429,435,
6657,95,2000000,0,user_48,429,435,
5116,98,1999999,0,user_6,423,433,4770
5135,93,1999999,0,user_23,423,433,4770
5543,95,1999999,0,user_0,425,433,4770
5570,94,1999999,0,user_13,425,433,4770
5575,95,1999999,0,user_17,425,432,4770
5577,96,1999999,0,user_18,425,432,4770
5580,96,1999999,0,user_19,425,433,4770
5581,97,1999999,0,user_19,425,433,4770
5584,99,1999999,0,user_24,425,432,4770
6125,2,43000000,0,user_44,427,439,
6645,1,43000000,0,user_40,429,439,
6372,9,27000000,0,user_37,428,439,
6107,7,27000000,0,user_28,427,439,
4931,8,27000000,0,user_33,422,439,
4726,13,19000000,0,user_19,420,439,
6914,12,19000000,0,user_44,430,439,
5349,21,6300000,0,user_29,424,439,
5360,22,6300000,0,user_43,424,439,
5347,20,6300000,5630,user_27,424,439,
4737,18,6300000,0,user_29,420,439,
4806,17,6300000,0,user_37,421,439,
5153,19,6300000,0,user_42,423,439,
5594,15,6300000,0,user_31,425,439,
5841,16,6300000,0,user_29,426,439,
6641,24,6100000,0,user_37,429,439,
4743,28,6100000,0,user_36,420,439,
5863,26,6100000,0,user_45,426,439,
5842,27,6100000,0,user_30,426,439,
6647,25,6100000,0,user_41,429,439,
5364,34,5200000,0,user_46,424,439,
5352,33,5200000,0,user_34,424,439,
4924,32,5200000,0,user_27,422,439,
4948,31,5200000,0,user_48,422,439,
5593,30,5200000,21800,user_30,425,439,
5369,40,5000000,0,user_48,424,439,
5143,39,5000000,0,user_31,423,439,
4724,38,5000000,0,user_16,420,439,
7505,48,4500000,0,user_27,432,439,
7209,44,4500000,32900,user_45,431,439,
6378,47,4500000,0,user_40,428,439,
6119,46,4500000,0,user_38,427,439,
5614,45,4500000,0,user_48,425,439,
6649,43,4500000,256000,user_42,429,439,
4949,52,4200000,0,user_49,422,439,
4757,51,4200000,0,user_49,420,439,
5853,50,4200000,46500,user_37,426,439,
4927,57,3600000,75000,user_30,422,439,
6644,55,3600000,0,user_40,429,439,
6634,54,3600000,256000,user_31,429,439,
6916,56,3600000,0,user_47,430,439,
5110,59,3500001,0,user_1,423,439,4944
5125,60,3500001,0,user_12,423,439,4944
5138,61,3500001,0,user_26,423,439,4944
4944,65,3500000,161000,user_47,422,439,
6918,64,3500000,410000,user_47,430,439,
5111,66,3499999,0,user_2,423,439,4944
5317,73,3499999,0,user_8,424,439,4944
5128,67,3499999,0,user_13,423,439,4944
5133,71,3499999,0,user_18,423,439,4944
5129,69,3499999,0,user_15,423,439,4944
5130,70,3499999,0,user_15,423,439,4944
5321,72,3499999,0,user_9,424,439,4944
5117,68,3499999,0,user_6,423,439,4944
7517,78,3200000,0,user_44,432,439,
6376,77,3200000,0,user_39,428,439,
7208,81,2600000,0,user_44,431,439,
5362,82,2600000,0,user_44,424,439,
7843,84,2500000,0,user_45,433,439,
6127,88,2500000,0,user_46,427,439,
6118,86,2500000,0,user_37,427,439,
6631,85,2500000,0,user_28,429,439,
4947,87,2500000,0,user_47,422,439,
7201,92,2300000,0,user_36,431,439,
5154,91,2300000,0,user_42,423,439,
5140,96,2100000,11200,user_27,423,439,
7830,93,2100000,0,user_33,433,439,
5336,89,2000001,0,user_16,424,437,4770
5544,95,2000001,0,user_1,425,438,4770
5113,91,2000001,0,user_4,423,437,4770
5118,92,2000001,0,user_7,423,437,4770
5132,93,2000001,0,user_17,423,437,4770
5568,98,2000001,0,user_12,425,439,4770
5579,99,2000001,0,user_19,425,439,4770
5582,99,2000001,0,user_20,425,438,4770
4779,97,2000001,0,user_12,421,437,4770
5114,98,2000001,0,user_6,423,437,4770
5586,97,2000001,0,user_25,425,438,4770
5587,98,2000001,0,user_26,425,438,4770
5823,95,2000001,0,user_8,426,436,4770
7202,98,2000000,0,user_36,431,436,
6386,89,2000000,0,user_47,428,434,
6368,90,2000000,0,user_34,428,434,
5156,99,2000000,0,user_44,423,436,
4723,93,2000000,0,user_16,420,434,
4736,92,2000000,0,user_28,420,434,
4740,94,2000000,0,user_34,420,434,
4770,99,2000000,350000,user_0,421,435,
4800,98,2000000,0,user_32,421,435,
4803,96,2000000,0,user_36,421,434,
5858,97,2000000,0,user_40,426,435,
6657,95,2000000,0,user_48,429,435,
6637,96,2000000,0,user_34,429,435,
5135,93,1999999,0,user_23,423,433,4770
5570,94,1999999,0,user_13,425,433,4770
5543,95,1999999,0,user_0,425,433,4770
5580,96,1999999,0,user_19,425,433,4770
5581,97,1999999,0,user_19,425,433,4770
5116,98,1999999,0,user_6,423,433,4770
5555,99,1999999,0,user_6,425,433,4770
6645,1,43000000,0,user_40,429,439,
6125,2,43000000,0,user_44,427,439,
8173,3,30000000,0,user_44,434,439,
6372,9,27000000,0,user_37,428,439,
4931,8,27000000,0,user_33,422,439,
6107,7,27000000,0,user_28,427,439,
8155,6,27000000,0,user_27,434,439,
6914,12,19000000,0,user_44,430,439,
4726,13,19000000,0,user_19,420,439,
5594,15,6300000,0,user_31,425,439,
5349,21,6300000,0,user_29,424,439,
5360,22,6300000,0,user_43,424,439,
4737,18,6300000,0,user_29,420,439,
4806,17,6300000,0,user_37,421,439,
5153,19,6300000,0,user_42,423,439,
5347,20,6300000,5630,user_27,424,439,
5841,16,6300000,0,user_29,426,439,
6641,24,6100000,0,user_37,429,439,
6647,25,6100000,0,user_41,429,439,
5863,26,6100000,0,user_45,426,439,
4743,28,6100000,0,user_36,420,439,
5842,27,6100000,0,user_30,426,439,
5593,30,5200000,21800,user_30,425,439,
5364,34,5200000,0,user_46,424,439,
5352,33,5200000,0,user_34,424,439,
4948,31,5200000,0,user_48,422,439,
4924,32,5200000,0,user_27,422,439,
7835,37,5000000,0,user_38,433,439,
5369,40,5000000,0,user_48,424,439,
4724,38,5000000,0,user_16,420,439,
5143,39,5000000,0,user_31,423,439,
8156,41,4500000,510000,user_28,434,439,
8167,42,4500000,215000,user_37,434,439,
6119,46,4500000,0,user_38,427,439,
6378,47,4500000,0,user_40,428,439,
6649,43,4500000,256000,user_42,429,439,
5614,45,4500000,0,user_48,425,439,
7209,44,4500000,32900,user_45,431,439,
7505,48,4500000,0,user_27,432,439,
5853,50,4200000,46500,user_37,426,439,
4757,51,4200000,0,user_49,420,439,
4949,52,4200000,0,user_49,422,439,
6644,55,3600000,0,user_40,429,439,
6634,54,3600000,256000,user_31,429,439,
4927,57,3600000,75000,user_30,422,439,
6916,56,3600000,0,user_47,430,439,
5110,59,3500001,0,user_1,423,439,4944
5125,60,3500001,0,user_12,423,439,4944
5138,61,3500001,0,user_26,423,439,4944
7836,63,3500000,0,user_38,433,439,
4944,65,3500000,161000,user_47,422,439,
6918,64,3500000,410000,user_47,430,439,
5317,73,3499999,0,user_8,424,439,4944
5321,72,3499999,0,user_9,424,439,4944
5111,66,3499999,0,user_2,423,439,4944
5129,69,3499999,0,user_15,423,439,4944
5130,70,3499999,0,user_15,423,439,4944
5128,67,3499999,0,user_13,423,439,4944
5133,71,3499999,0,user_18,423,439,4944
5117,68,3499999,0,user_6,423,439,4944
7828,76,3200000,0,user_31,433,439,
7837,74,3200000,0,user_38,433,439,
6376,77,3200000,0,user_39,428,439,
7517,78,3200000,0,user_44,432,439,
5362,82,2600000,0,user_44,424,439,
7208,81,2600000,0,user_44,431,439,
7843,84,2500000,0,user_45,433,439,
6631,85,2500000,0,user_28,429,439,
6118,86,2500000,0,user_37,427,439,
6127,88,2500000,0,user_46,427,439,
4947,87,2500000,0,user_47,422,439,
5154,91,2300000,0,user_42,423,439,
7201,92,2300000,0,user_36,431,439,
7830,93,2100000,0,user_33,433,439,
5140,96,2100000,11200,user_27,423,439,
5544,95,2000001,0,user_1,425,438,4770
5568,98,2000001,0,user_12,425,439,4770
5586,97,2000001,0,user_25,425,438,4770
5587,98,2000001,0,user_26,425,438,4770
5582,99,2000001,0,user_20,425,438,4770
5336,89,2000001,0,user_16,424,437,4770
5579,99,2000001,0,user_19,425,439,4770
4779,97,2000001,0,user_12,421,437,4770
5113,91,2000001,0,user_4,423,437,4770
5118,92,2000001,0,user_7,423,437,4770
5132,93,2000001,0,user_17,423,437,4770
5114,98,2000001,0,user_6,423,437,4770
5823,95,2000001,0,user_8,426,436,4770
6657,95,2000000,0,user_48,429,435,
6386,89,2000000,0,user_47,428,434,
6368,90,2000000,0,user_34,428,434,
6637,96,2000000,0,user_34,429,435,
4736,92,2000000,0,user_28,420,434,
4723,93,2000000,0,user_16,420,434,
4740,94,2000000,0,user_34,420,434,
4770,99,2000000,350000,user_0,421,435,
4803,96,2000000,0,user_36,421,434,
4800,98,2000000,0,user_32,421,435,
5156,99,2000000,0,user_44,423,436,
5858,97,2000000,0,user_40,426,435,
6645,1,43000000,0,user_40,429,439,
6125,2,43000000,0,user_44,427,439,
8173,3,30000000,0,user_44,434,439,
8155,6,27000000,0,user_27,434,439,
6107,7,27000000,0,user_28,427,439,
4931,8,27000000,0,user_33,422,439,
6372,9,27000000,0,user_37,428,439,
6914,12,19000000,0,user_44,430,439,
4726,13,19000000,0,user_19,420,439,
5594,15,6300000,0,user_31,425,439,
5841,16,6300000,0,user_29,426,439,
4806,17,6300000,0,user_37,421,439,
4737,18,6300000,0,user_29,420,439,
5153,19,6300000,0,user_42,423,439,
5347,20,6300000,5630,user_27,424,439,
5349,21,6300000,0,user_29,424,439,
5360,22,6300000,0,user_43,424,439,
6641,24,6100000,0,user_37,429,439,
6647,25,6100000,0,user_41,429,439,
5863,26,6100000,0,user_45,426,439,
5842,27,6100000,0,user_30,426,439,
4743,28,6100000,0,user_36,420,439,
5593,30,5200000,21800,user_30,425,439,
4948,31,5200000,0,user_48,422,439,
4924,32,5200000,0,user_27,422,439,
5352,33,5200000,0,user_34,424,439,
5364,34,5200000,0,user_46,424,439,
7835,37,5000000,0,user_38,433,439,
4724,38,5000000,0,user_16,420,439,
5143,39,5000000,0,user_31,423,439,
5369,40,5000000,0,user_48,424,439,
8156,41,4500000,510000,user_28,434,439,
8167,42,4500000,215000,user_37,434,439,
6649,43,4500000,256000,user_42,429,439,
7209,44,4500000,32900,user_45,431,439,
5614,45,4500000,0,user_48,425,439,
6119,46,4500000,0,user_38,427,439,
6378,47,4500000,0,user_40,428,439,
7505,48,4500000,0,user_27,432,439,
5853,50,4200000,46500,user_37,426,439,
4757,51,4200000,0,user_49,420,439,
4949,52,4200000,0,user_49,422,439,
8540,53,4200000,0,user_48,435,439,
6634,54,3600000,256000,user_31,429,439,
6644,55,3600000,0,user_40,429,439,
6916,56,3600000,0,user_47,430,439,
4927,57,3600000,75000,user_30,422,439,
5110,59,3500001,0,user_1,423,439,4944
5125,60,3500001,0,user_12,423,439,4944
5138,61,3500001,0,user_26,423,439,4944
7836,63,3500000,0,user_38,433,439,
6918,64,3500000,410000,user_47,430,439,
4944,65,3500000,161000,user_47,422,439,
5111,66,3499999,0,user_2,423,439,4944
5128,67,3499999,0,user_13,423,439,4944
5117,68,3499999,0,user_6,423,439,4944
5129,69,3499999,0,user_15,423,439,4944
5130,70,3499999,0,user_15,423,439,4944
5133,71,3499999,0,user_18,423,439,4944
5321,72,3499999,0,user_9,424,439,4944
5317,73,3499999,0,user_8,424,439,4944
7837,74,3200000,0,user_38,433,439,
8159,75,3200000,0,user_31,434,439,
7828,76,3200000,0,user_31,433,439,
6376,77,3200000,0,user_39,428,439,
7517,78,3200000,0,user_44,432,439,
7208,81,2600000,0,user_44,431,439,
5362,82,2600000,0,user_44,424,439,
7843,84,2500000,0,user_45,433,439,
6631,85,2500000,0,user_28,429,439,
6118,86,2500000,0,user_37,427,439,
4947,87,2500000,0,user_47,422,439,
6127,88,2500000,0,user_46,427,439,
8542,90,2400000,0,user_48,435,439,
5154,91,2300000,0,user_42,423,439,
7201,92,2300000,0,user_36,431,439,
7830,93,2100000,0,user_33,433,439,
8163,94,2100000,769000,user_35,434,439,
8534,95,2100000,0,user_45,435,439,
5140,96,2100000,11200,user_27,423,439,
8541,97,2100000,0,user_48,435,439,
5568,98,2000001,0,user_12,425,439,4770
5579,99,2000001,0,user_19,425,439,4770
5582,99,2000001,0,user_20,425,438,4770
5586,97,2000001,0,user_25,425,438,4770
5587,98,2000001,0,user_26,425,438,4770
5823,95,2000001,0,user_8,426,436,4770
4779,97,2000001,0,user_12,421,437,4770
5113,91,2000001,0,user_4,423,437,4770
5114,98,2000001,0,user_6,423,437,4770
5118,92,2000001,0,user_7,423,437,4770
5132,93,2000001,0,user_17,423,437,4770
5336,89,2000001,0,user_16,424,437,4770
5544,95,2000001,0,user_1,425,438,4770
8532,96,2000000,0,user_44,435,436,
6657,95,2000000,0,user_48,429,435,
6637,96,2000000,0,user_34,429,435,
5858,97,2000000,0,user_40,426,435,
4800,98,2000000,0,user_32,421,435,
4770,99,2000000,350000,user_0,421,435,
6125,2,43000000,0,user_44,427,439,
6645,1,43000000,0,user_40,429,439,
8173,3,30000000,0,user_44,434,439,
6107,7,27000000,0,user_28,427,439,
6372,9,27000000,0,user_37,428,439,
4931,8,27000000,0,user_33,422,439,
8155,6,27000000,0,user_27,434,439,
4726,13,19000000,0,user_19,420,439,
6914,12,19000000,0,user_44,430,439,
5153,19,6300000,0,user_42,423,439,
4806,17,6300000,0,user_37,421,439,
4737,18,6300000,0,user_29,420,439,
5349,21,6300000,0,user_29,424,439,
5360,22,6300000,0,user_43,424,439,
5347,20,6300000,5630,user_27,424,439,
5594,15,6300000,0,user_31,425,439,
5841,16,6300000,0,user_29,426,439,
8908,23,6300000,594000,user_34,436,439,
4743,28,6100000,0,user_36,420,439,
5842,27,6100000,0,user_30,426,439,
5863,26,6100000,0,user_45,426,439,
6641,24,6100000,0,user_37,429,439,
6647,25,6100000,0,user_41,429,439,
8917,29,6100000,0,user_42,436,439,
4924,32,5200000,0,user_27,422,439,
4948,31,5200000,0,user_48,422,439,
5364,34,5200000,0,user_46,424,439,
5352,33,5200000,0,user_34,424,439,
5593,30,5200000,21800,user_30,425,439,
5143,39,5000000,0,user_31,423,439,
4724,38,5000000,0,user_16,420,439,
5369,40,5000000,0,user_48,424,439,
7835,37,5000000,0,user_38,433,439,
7209,44,4500000,32900,user_45,431,439,
6119,46,4500000,0,user_38,427,439,
5614,45,4500000,0,user_48,425,439,
6378,47,4500000,0,user_40,428,439,
6649,43,4500000,256000,user_42,429,439,
7505,48,4500000,0,user_27,432,439,
8167,42,4500000,215000,user_37,434,439,
8156,41,4500000,510000,user_28,434,439,
8540,53,4200000,0,user_48,435,439,
4949,52,4200000,0,user_49,422,439,
4757,51,4200000,0,user_49,420,439,
5853,50,4200000,46500,user_37,426,439,
4927,57,3600000,75000,user_30,422,439,
6634,54,3600000,256000,user_31,429,439,
6644,55,3600000,0,user_40,429,439,
6916,56,3600000,0,user_47,430,439,
5125,60,3500001,0,user_12,423,439,4944
5138,61,3500001,0,user_26,423,439,4944
5110,59,3500001,0,user_1,423,439,4944
4944,65,3500000,161000,user_47,422,439,
6918,64,3500000,410000,user_47,430,439,
7836,63,3500000,0,user_38,433,439,
5128,67,3499999,0,user_13,423,439,4944
5117,68,3499999,0,user_6,423,439,4944
5129,69,3499999,0,user_15,423,439,4944
5130,70,3499999,0,user_15,423,439,4944
5133,71,3499999,0,user_18,423,439,4944
5111,66,3499999,0,user_2,423,439,4944
5317,73,3499999,0,user_8,424,439,4944
5321,72,3499999,0,user_9,424,439,4944
7517,78,3200000,0,user_44,432,439,
6376,77,3200000,0,user_39,428,439,
7828,76,3200000,0,user_31,433,439,
7837,74,3200000,0,user_38,433,439,
8159,75,3200000,0,user_31,434,439,
7208,81,2600000,0,user_44,431,439,
5362,82,2600000,0,user_44,424,439,
6127,88,2500000,0,user_46,427,439,
6118,86,2500000,0,user_37,427,439,
4947,87,2500000,0,user_47,422,439,
6631,85,2500000,0,user_28,429,439,
7843,84,2500000,0,user_45,433,439,
8542,90,2400000,0,user_48,435,439,
7201,92,2300000,0,user_36,431,439,
5154,91,2300000,0,user_42,423,439,
8163,94,2100000,769000,user_35,434,439,
8541,97,2100000,0,user_48,435,439,
8534,95,2100000,0,user_45,435,439,
5140,96,2100000,11200,user_27,423,439,
7830,93,2100000,0,user_33,433,439,
5113,91,2000001,0,user_4,423,437,4770
5114,98,2000001,0,user_6,423,437,4770
5118,92,2000001,0,user_7,423,437,4770
5132,93,2000001,0,user_17,423,437,4770
4779,97,2000001,0,user_12,421,437,4770
5336,89,2000001,0,user_16,424,437,4770
5544,95,2000001,0,user_1,425,438,4770
5568,98,2000001,0,user_12,425,439,4770
5582,99,2000001,0,user_20,425,438,4770
5579,99,2000001,0,user_19,425,439,4770
5586,97,2000001,0,user_25,425,438,4770
5587,98,2000001,0,user_26,425,438,4770
5823,95,2000001,0,user_8,426,436,4770
8532,96,2000000,0,user_44,435,436,
8520,97,2000000,0,user_29,435,436,
7202,98,2000000,0,user_36,431,436,
5156,99,2000000,0,user_44,423,436,
9304,0,43000000,410000,user_45,437,439,
6125,2,43000000,0,user_44,427,439,
6645,1,43000000,0,user_40,429,439,
8173,3,30000000,0,user_44,434,439,
9302,4,27000000,0,user_44,437,439,
9305,5,27000000,0,user_45,437,439,
6372,9,27000000,0,user_37,428,439,
6107,7,27000000,0,user_28,427,439,
4931,8,27000000,0,user_33,422,439,
8155,6,27000000,0,user_27,434,439,
4726,13,19000000,0,user_19,420,439,
6914,12,19000000,0,user_44,430,439,
8908,23,6300000,594000,user_34,436,439,
5349,21,6300000,0,user_29,424,439,
5360,22,6300000,0,user_43,424,439,
5347,20,6300000,5630,user_27,424,439,
4737,18,6300000,0,user_29,420,439,
4806,17,6300000,0,user_37,421,439,
5153,19,6300000,0,user_42,423,439,
5594,15,6300000,0,user_31,425,439,
5841,16,6300000,0,user_29,426,439,
8917,29,6100000,0,user_42,436,439,
6641,24,6100000,0,user_37,429,439,
4743,28,6100000,0,user_36,420,439,
5863,26,6100000,0,user_45,426,439,
5842,27,6100000,0,user_30,426,439,
6647,25,6100000,0,user_41,429,439,
5364,34,5200000,0,user_46,424,439,
5352,33,5200000,0,user_34,424,439,
4924,32,5200000,0,user_27,422,439,
4948,31,5200000,0,user_48,422,439,
5593,30,5200000,21800,user_30,425,439,
7835,37,5000000,0,user_38,433,439,
5369,40,5000000,0,user_48,424,439,
5143,39,5000000,0,user_31,423,439,
4724,38,5000000,0,user_16,420,439,
9288,35,5000000,0,user_33,437,439,
8156,41,4500000,510000,user_28,434,439,
8167,42,4500000,215000,user_37,434,439,
7505,48,4500000,0,user_27,432,439,
7209,44,4500000,32900,user_45,431,439,
6378,47,4500000,0,user_40,428,439,
6119,46,4500000,0,user_38,427,439,
5614,45,4500000,0,user_48,425,439,
6649,43,4500000,256000,user_42,429,439,
8540,53,4200000,0,user_48,435,439,
4949,52,4200000,0,user_49,422,439,
4757,51,4200000,0,user_49,420,439,
5853,50,4200000,46500,user_37,426,439,
4927,57,3600000,75000,user_30,422,439,
6644,55,3600000,0,user_40,429,439,
6634,54,3600000,256000,user_31,429,439,
6916,56,3600000,0,user_47,430,439,
5110,59,3500001,0,user_1,423,439,4944
5125,60,3500001,0,user_12,423,439,4944
5138,61,3500001,0,user_26,423,439,4944
7836,63,3500000,0,user_38,433,439,
4944,65,3500000,161000,user_47,422,439,
6918,64,3500000,410000,user_47,430,439,
5111,66,3499999,0,user_2,423,439,4944
5317,73,3499999,0,user_8,424,439,4944
5128,67,3499999,0,user_13,423,439,4944
5133,71,3499999,0,user_18,423,439,4944
5129,69,3499999,0,user_15,423,439,4944
5130,70,3499999,0,user_15,423,439,4944
5321,72,3499999,0,user_9,424,439,4944
5117,68,3499999,0,user_6,423,439,4944
7828,76,3200000,0,user_31,433,439,
7837,74,3200000,0,user_38,433,439,
8159,75,3200000,0,user_31,434,439,
7517,78,3200000,0,user_44,432,439,
6376,77,3200000,0,user_39,428,439,
7208,81,2600000,0,user_44,431,439,
5362,82,2600000,0,user_44,424,439,
9300,80,2600000,71800,user_41,437,439,
7843,84,2500000,0,user_45,433,439,
6127,88,2500000,0,user_46,427,439,
6118,86,2500000,0,user_37,427,439,
6631,85,2500000,0,user_28,429,439,
4947,87,2500000,0,user_47,422,439,
8542,90,2400000,0,user_48,435,439,
8905,89,2400000,0,user_31,436,439,
7201,92,2300000,0,user_36,431,439,
5154,91,2300000,0,user_42,423,439,
7830,93,2100000,0,user_33,433,439,
8163,94,2100000,769000,user_35,434,439,
8541,97,2100000,0,user_48,435,439,
8534,95,2100000,0,user_45,435,439,
5140,96,2100000,11200,user_27,423,439,
5336,89,2000001,0,user_16,424,437,4770
5544,95,2000001,0,user_1,425,438,4770
5113,91,2000001,0,user_4,423,437,4770
5118,92,2000001,0,user_7,423,437,4770
5132,93,2000001,0,user_17,423,437,4770
5568,98,2000001,0,user_12,425,439,4770
5579,99,2000001,0,user_19,425,439,4770
5582,99,2000001,0,user_20,425,438,4770
4779,97,2000001,0,user_12,421,437,4770
5114,98,2000001,0,user_6,423,437,4770
5586,97,2000001,0,user_25,425,438,4770
6645,1,43000000,0,user_40,429,439,
6125,2,43000000,0,user_44,427,439,
9304,0,43000000,410000,user_45,437,439,
8173,3,30000000,0,user_44,434,439,
6372,9,27000000,0,user_37,428,439,
4931,8,27000000,0,user_33,422,439,
6107,7,27000000,0,user_28,427,439,
8155,6,27000000,0,user_27,434,439,
9305,5,27000000,0,user_45,437,439,
9302,4,27000000,0,user_44,437,439,
9691,10,19000000,0,user_44,438,439,
6914,12,19000000,0,user_44,430,439,
4726,13,19000000,0,user_19,420,439,
9697,11,19000000,0,user_47,438,439,
5594,15,6300000,0,user_31,425,439,
5349,21,6300000,0,user_29,424,439,
5360,22,6300000,0,user_43,424,439,
4737,18,6300000,0,user_29,420,439,
4806,17,6300000,0,user_37,421,439,
5153,19,6300000,0,user_42,423,439,
5347,20,6300000,5630,user_27,424,439,
5841,16,6300000,0,user_29,426,439,
8908,23,6300000,594000,user_34,436,439,
6641,24,6100000,0,user_37,429,439,
6647,25,6100000,0,user_41,429,439,
5863,26,6100000,0,user_45,426,439,
4743,28,6100000,0,user_36,420,439,
5842,27,6100000,0,user_30,426,439,
8917,29,6100000,0,user_42,436,439,
5593,30,5200000,21800,user_30,425,439,
5364,34,5200000,0,user_46,424,439,
5352,33,5200000,0,user_34,424,439,
4948,31,5200000,0,user_48,422,439,
4924,32,5200000,0,user_27,422,439,
7835,37,5000000,0,user_38,433,439,
5369,40,5000000,0,user_48,424,439,
4724,38,5000000,0,user_16,420,439,
5143,39,5000000,0,user_31,423,439,
9288,35,5000000,0,user_33,437,439,
9676,36,5000000,0,user_29,438,439,
8156,41,4500000,510000,user_28,434,439,
8167,42,4500000,215000,user_37,434,439,
6119,46,4500000,0,user_38,427,439,
6378,47,4500000,0,user_40,428,439,
6649,43,4500000,256000,user_42,429,439,
5614,45,4500000,0,user_48,425,439,
7209,44,4500000,32900,user_45,431,439,
7505,48,4500000,0,user_27,432,439,
9693,49,4200000,0,user_44,438,439,
5853,50,4200000,46500,user_37,426,439,
4757,51,4200000,0,user_49,420,439,
4949,52,4200000,0,user_49,422,439,
8540,53,4200000,0,user_48,435,439,
6644,55,3600000,0,user_40,429,439,
6634,54,3600000,256000,user_31,429,439,
4927,57,3600000,75000,user_30,422,439,
6916,56,3600000,0,user_47,430,439,
5110,59,3500001,0,user_1,423,439,4944
5125,60,3500001,0,user_12,423,439,4944
5138,61,3500001,0,user_26,423,439,4944
7836,63,3500000,0,user_38,433,439,
4944,65,3500000,161000,user_47,422,439,
6918,64,3500000,410000,user_47,430,439,
9701,62,3500000,0,user_48,438,439,
5317,73,3499999,0,user_8,424,439,4944
5321,72,3499999,0,user_9,424,439,4944
5111,66,3499999,0,user_2,423,439,4944
5129,69,3499999,0,user_15,423,439,4944
5130,70,3499999,0,user_15,423,439,4944
5128,67,3499999,0,user_13,423,439,4944
5133,71,3499999,0,user_18,423,439,4944
5117,68,3499999,0,user_6,423,439,4944
7828,76,3200000,0,user_31,433,439,
7837,74,3200000,0,user_38,433,439,
6376,77,3200000,0,user_39,428,439,
7517,78,3200000,0,user_44,432,439,
8159,75,3200000,0,user_31,434,439,
5362,82,2600000,0,user_44,424,439,
7208,81,2600000,0,user_44,431,439,
9300,80,2600000,71800,user_41,437,439,
7843,84,2500000,0,user_45,433,439,
6631,85,2500000,0,user_28,429,439,
6118,86,2500000,0,user_37,427,439,
6127,88,2500000,0,user_46,427,439,
4947,87,2500000,0,user_47,422,439,
9681,83,2500000,0,user_34,438,439,
8542,90,2400000,0,user_48,435,439,
8905,89,2400000,0,user_31,436,439,
5154,91,2300000,0,user_42,423,439,
7201,92,2300000,0,user_36,431,439,
7830,93,2100000,0,user_33,433,439,
5140,96,2100000,11200,user_27,423,439,
8163,94,2100000,769000,user_35,434,439,
8534,95,2100000,0,user_45,435,439,
8541,97,2100000,0,user_48,435,439,
5544,95,2000001,0,user_1,425,438,4770
5568,98,2000001,0,user_12,425,439,4770
5586,97,2000001,0,user_25,425,438,4770
5587,98,2000001,0,user_26,425,438,4770
5582,99,2000001,0,user_20,425,438,4770
9304,0,43000000,410000,user_45,437,439,
6645,1,43000000,0,user_40,429,439,
6125,2,43000000,0,user_44,427,439,
8173,3,30000000,0,user_44,434,439,
9302,4,27000000,0,user_44,437,439,
9305,5,27000000,0,user_45,437,439,
8155,6,27000000,0,user_27,434,439,
6107,7,27000000,0,user_28,427,439,
4931,8,27000000,0,user_33,422,439,
6372,9,27000000,0,user_37,428,439,
9691,10,19000000,0,user_44,438,439,
9697,11,19000000,0,user_47,438,439,
6914,12,19000000,0,user_44,430,439,
4726,13,19000000,0,user_19,420,439,
10103,14,19000000,0,user_48,439,439,
5594,15,6300000,0,user_31,425,439,
5841,16,6300000,0,user_29,426,439,
4806,17,6300000,0,user_37,421,439,
4737,18,6300000,0,user_29,420,439,
5153,19,6300000,0,user_42,423,439,
5347,20,6300000,5630,user_27,424,439,
5349,21,6300000,0,user_29,424,439,
5360,22,6300000,0,user_43,424,439,
8908,23,6300000,594000,user_34,436,439,
6641,24,6100000,0,user_37,429,439,
6647,25,6100000,0,user_41,429,439,
5863,26,6100000,0,user_45,426,439,
5842,27,6100000,0,user_30,426,439,
4743,28,6100000,0,user_36,420,439,
8917,29,6100000,0,user_42,436,439,
5593,30,5200000,21800,user_30,425,439,
4948,31,5200000,0,user_48,422,439,
4924,32,5200000,0,user_27,422,439,
5352,33,5200000,0,user_34,424,439,
5364,34,5200000,0,user_46,424,439,
9288,35,5000000,0,user_33,437,439,
9676,36,5000000,0,user_29,438,439,
7835,37,5000000,0,user_38,433,439,
4724,38,5000000,0,user_16,420,439,
5143,39,5000000,0,user_31,423,439,
5369,40,5000000,0,user_48,424,439,
8156,41,4500000,510000,user_28,434,439,
8167,42,4500000,215000,user_37,434,439,
6649,43,4500000,256000,user_42,429,439,
7209,44,4500000,32900,user_45,431,439,
5614,45,4500000,0,user_48,425,439,
6119,46,4500000,0,user_38,427,439,
6378,47,4500000,0,user_40,428,439,
7505,48,4500000,0,user_27,432,439,
9693,49,4200000,0,user_44,438,439,
5853,50,4200000,46500,user_37,426,439,
4757,51,4200000,0,user_49,420,439,
4949,52,4200000,0,user_49,422,439,
8540,53,4200000,0,user_48,435,439,
6634,54,3600000,256000,user_31,429,439,
6644,55,3600000,0,user_40,429,439,
6916,56,3600000,0,user_47,430,439,
4927,57,3600000,75000,user_30,422,439,
10092,58,3600000,0,user_34,439,439,
5110,59,3500001,0,user_1,423,439,4944
5125,60,3500001,0,user_12,423,439,4944
5138,61,3500001,0,user_26,423,439,4944
9701,62,3500000,0,user_48,438,439,
7836,63,3500000,0,user_38,433,439,
6918,64,3500000,410000,user_47,430,439,
4944,65,3500000,161000,user_47,422,439,
5111,66,3499999,0,user_2,423,439,4944
5128,67,3499999,0,user_13,423,439,4944
5117,68,3499999,0,user_6,423,439,4944
5129,69,3499999,0,user_15,423,439,4944
5130,70,3499999,0,user_15,423,439,4944
5133,71,3499999,0,user_18,423,439,4944
5321,72,3499999,0,user_9,424,439,4944
5317,73,3499999,0,user_8,424,439,4944
7837,74,3200000,0,user_38,433,439,
8159,75,3200000,0,user_31,434,439,
7828,76,3200000,0,user_31,433,439,
6376,77,3200000,0,user_39,428,439,
7517,78,3200000,0,user_44,432,439,
10096,79,3200000,0,user_39,439,439,
9300,80,2600000,71800,user_41,437,439,
7208,81,2600000,0,user_44,431,439,
5362,82,2600000,0,user_44,424,439,
9681,83,2500000,0,user_34,438,439,
7843,84,2500000,0,user_45,433,439,
6631,85,2500000,0,user_28,429,439,
6118,86,2500000,0,user_37,427,439,
4947,87,2500000,0,user_47,422,439,
6127,88,2500000,0,user_46,427,439,
8905,89,2400000,0,user_31,436,439,
8542,90,2400000,0,user_48,435,439,
5154,91,2300000,0,user_42,423,439,
7201,92,2300000,0,user_36,431,439,
7830,93,2100000,0,user_33,433,439,
8163,94,2100000,769000,user_35,434,439,
8534,95,2100000,0,user_45,435,439,
5140,96,2100000,11200,user_27,423,439,
8541,97,2100000,0,user_48,435,439,
5568,98,2000001,0,user_12,425,439,4770
5579,99,2000001,0,user_19,425,439,4770
4726,13,19000000,0,user_19,440,459,
4737,18,6300000,0,user_29,440,459,
4743,28,6100000,0,user_36,440,459,
4724,38,5000000,0,user_16,440,459,
4736,92,2000000,0,user_28,440,454,
4723,93,2000000,0,user_16,440,454,
4740,94,2000000,0,user_34,440,454,
4734,97,1900000,0,user_24,440,450,
4731,97,1700000,0,user_23,440,449,
4735,94,1500000,128000,user_27,440,447,
4730,94,1400000,0,user_23,440,445,
4732,95,1400000,0,user_23,440,445,
4749,96,1400000,0,user_42,440,445,
4713,99,1300000,0,user_4,440,445,
4753,84,1000000,0,user_44,440,444,
4751,83,1000000,0,user_42,440,444,
4714,74,670000,0,user_6,440,443,
4715,78,530000,0,user_7,440,443,
4717,79,470000,0,user_9,440,443,
4752,85,350000,0,user_42,440,443,
4716,88,320000,0,user_8,440,443,
4722,90,310000,0,user_16,440,443,
4754,69,260000,0,user_45,440,442,
4755,68,260000,0,user_48,440,442,
4729,74,170000,0,user_23,440,442,
4725,77,160000,0,user_16,440,442,
4733,78,160000,0,user_24,440,442,
4745,84,120000,0,user_40,440,442,
4750,85,120000,0,user_42,440,442,
4747,65,110000,33300,user_41,440,441,
4718,72,100000,0,user_11,440,441,
4719,73,100000,0,user_11,440,441,
4721,75,82000,0,user_14,440,441,
4728,74,82000,0,user_23,440,441,
4746,76,82000,0,user_40,440,441,
4727,77,80000,0,user_20,440,441,
4748,80,73000,195000,user_42,440,441,
4720,37,70000,0,user_13,440,440,
4737,18,6300000,0,user_29,440,459,
4806,17,6300000,0,user_37,441,459,
4743,28,6100000,0,user_36,440,459,
4724,38,5000000,0,user_16,440,459,
4757,51,4200000,0,user_49,440,459,
4779,97,2000001,0,user_12,441,457,4770
4723,93,2000000,0,user_16,440,454,
4736,92,2000000,0,user_28,440,454,
4740,94,2000000,0,user_34,440,454,
4770,99,2000000,350000,user_0,441,455,
4800,98,2000000,0,user_32,441,455,
4803,96,2000000,0,user_36,441,454,
4734,97,1900000,0,user_24,440,450,
4731,97,1700000,0,user_23,440,449,
4780,98,1500001,0,user_14,441,448,4735
4793,99,1500001,0,user_22,441,448,4735
4735,94,1500000,128000,user_27,440,447,
4771,99,1499999,0,user_1,441,447,4735
4792,94,1499999,0,user_21,441,446,4735
4794,95,1499999,0,user_22,441,446,4735
4786,96,1499999,0,user_17,441,446,4735
4787,97,1499999,0,user_17,441,446,4735
4788,98,1499999,0,user_17,441,446,4735
4730,94,1400000,0,user_23,440,445,
4732,95,1400000,0,user_23,440,445,
4749,96,1400000,0,user_42,440,445,
4769,97,1400000,0,user_0,441,445,
4713,99,1300000,0,user_4,440,445,
4756,82,1100000,0,user_49,440,444,
4741,81,1100000,0,user_35,440,444,
4753,84,1000000,0,user_44,440,444,
4751,83,1000000,0,user_42,440,444,
4714,74,670000,0,user_6,440,443,
4715,78,530000,0,user_7,440,443,
4717,79,470000,0,user_9,440,443,
4809,81,460000,12300,user_44,441,443,
4739,84,370000,0,user_31,440,443,
4752,85,350000,0,user_42,440,443,
4744,86,340000,0,user_38,440,443,
4716,88,320000,0,user_8,440,443,
4722,90,310000,0,user_16,440,443,
4813,95,300000,71800,user_46,441,443,
4738,67,260000,0,user_31,440,442,
4755,68,260000,0,user_48,440,442,
4754,69,260000,0,user_45,440,442,
4804,70,260000,0,user_37,441,442,
4810,71,240000,0,user_45,441,442,
4799,72,220000,0,user_28,441,442,
4801,73,190000,0,user_33,441,442,
4729,74,170000,0,user_23,440,442,
4807,75,170000,0,user_40,441,442,
4725,77,160000,0,user_16,440,442,
4733,78,160000,0,user_24,440,442,
4811,79,160000,0,user_45,441,442,
4802,80,160000,0,user_33,441,442,
4798,81,160000,0,user_27,441,442,
4805,82,150000,0,user_37,441,442,
4745,84,120000,0,user_40,440,442,
4750,85,120000,0,user_42,440,442,
4812,86,120000,0,user_46,441,442,
4781,91,110001,0,user_14,441,442,4747
4782,93,110001,0,user_15,441,442,4747
4791,92,110001,0,user_21,441,442,4747
4784,94,110001,0,user_17,441,442,4747
4789,95,110001,0,user_18,441,442,4747
4747,65,110000,33300,user_41,440,441,
4742,66,110000,0,user_35,440,441,
4775,67,109999,0,user_6,441,441,4747
4796,68,109999,0,user_25,441,441,4747
4797,69,109999,0,user_26,441,441,4747
4785,70,109999,0,user_17,441,441,4747
4795,71,109999,0,user_24,441,441,4747
4718,72,100000,0,user_11,440,441,
4719,73,100000,0,user_11,440,441,
4728,74,82000,0,user_23,440,441,
4721,75,82000,0,user_14,440,441,
4746,76,82000,0,user_40,440,441,
4727,77,80000,0,user_20,440,441,
4790,78,73001,0,user_20,441,441,4748
4772,79,73001,0,user_3,441,441,4748
4748,80,73000,195000,user_42,440,441,
4774,81,72999,0,user_5,441,441,4748
4777,82,72999,0,user_10,441,441,4748
4773,83,72999,0,user_3,441,441,4748
4776,84,72999,0,user_6,441,441,4748
4778,85,72999,0,user_11,441,441,4748
4783,86,72999,0,user_16,441,441,4748
4931,8,27000000,0,user_33,442,459,
4726,13,19000000,0,user_19,440,459,
4737,18,6300000,0,user_29,440,459,
4806,17,6300000,0,user_37,441,459,
4743,28,6100000,0,user_36,440,459,
4948,31,5200000,0,user_48,442,459,
4924,32,5200000,0,user_27,442,459,
4724,38,5000000,0,user_16,440,459,
4757,51,4200000,0,user_49,440,459,
4927,57,3600000,75000,user_30,442,459,
4944,65,3500000,161000,user_47,442,459,
4947,87,2500000,0,user_47,442,459,
4779,97,2000001,0,user_12,441,457,4770
4736,92,2000000,0,user_28,440,454,
4723,93,2000000,0,user_16,440,454,
4740,94,2000000,0,user_34,440,454,
4770,99,2000000,350000,user_0,441,455,
4803,96,2000000,0,user_36,441,454,
4800,98,2000000,0,user_32,441,455,
4734,97,1900000,0,user_24,440,450,
4731,97,1700000,0,user_23,440,449,
4808,99,1600000,0,user_43,441,449,
4780,98,1500001,0,user_14,441,448,4735
4793,99,1500001,0,user_22,441,448,4735
4922,97,1500001,0,user_24,442,448,4735
4735,94,1500000,128000,user_27,440,447,
4771,99,1499999,0,user_1,441,447,4735
4792,94,1499999,0,user_21,441,446,4735
4794,95,1499999,0,user_22,441,446,4735
4786,96,1499999,0,user_17,441,446,4735
4787,97,1499999,0,user_17,441,446,4735
4788,98,1499999,0,user_17,441,446,4735
4895,99,1499999,0,user_2,442,446,4735
4912,98,1499999,0,user_21,442,447,4735
4730,94,1400000,0,user_23,440,445,
4732,95,1400000,0,user_23,440,445,
4749,96,1400000,0,user_42,440,445,
4769,97,1400000,0,user_0,441,445,
4932,92,1400000,0,user_33,442,445,
4713,99,1300000,0,user_4,440,445,
4756,82,1100000,0,user_49,440,444,
4741,81,1100000,0,user_35,440,444,
4753,84,1000000,0,user_44,440,444,
4751,83,1000000,0,user_42,440,444,
4714,74,670000,0,user_6,440,443,
4939,76,630000,0,user_39,442,443,
4935,77,600000,0,user_37,442,443,
4715,78,530000,0,user_7,440,443,
4717,79,470000,0,user_9,440,443,
4903,80,460001,0,user_11,442,443,4809
4809,81,460000,12300,user_44,441,443,
4902,83,459999,0,user_11,442,443,4809
4739,84,370000,0,user_31,440,443,
4752,85,350000,0,user_42,440,443,
4744,86,340000,0,user_38,440,443,
4716,88,320000,0,user_8,440,443,
4722,90,310000,0,user_16,440,443,
4925,89,310000,0,user_30,442,443,
4907,92,300001,0,user_14,442,443,4813
4921,93,300001,0,user_23,442,443,4813
4901,94,300001,0,user_9,442,443,4813
4813,95,300000,71800,user_46,441,443,
4896,96,299999,0,user_4,442,443,4813
4911,97,299999,0,user_20,442,443,4813
4899,99,299999,0,user_6,442,443,4813
4900,65,299999,0,user_6,442,442,4813
4915,98,299999,0,user_21,442,443,4813
4738,67,260000,0,user_31,440,442,
4755,68,260000,0,user_48,440,442,
4754,69,260000,0,user_45,440,442,
4804,70,260000,0,user_37,441,442,
4810,71,240000,0,user_45,441,442,
4799,72,220000,0,user_28,441,442,
4801,73,190000,0,user_33,441,442,
4729,74,170000,0,user_23,440,442,
4807,75,170000,0,user_40,441,442,
4943,76,170000,4320000,user_47,442,442,
4725,77,160000,0,user_16,440,442,
4733,78,160000,0,user_24,440,442,
4811,79,160000,0,user_45,441,442,
4802,80,160000,0,user_33,441,442,
4798,81,160000,0,user_27,441,442,
4805,82,150000,0,user_37,441,442,
4945,83,150000,0,user_47,442,442,
4745,84,120000,0,user_40,440,442,
4750,85,120000,0,user_42,440,442,
4812,86,120000,0,user_46,441,442,
4814,87,120000,0,user_49,441,442,
4938,88,120000,0,user_39,442,442,
4934,89,120000,0,user_36,442,442,
4946,90,120000,46500,user_47,442,442,
4781,91,110001,0,user_14,441,442,4747
4791,92,110001,0,user_21,441,442,4747
4782,93,110001,0,user_15,441,442,4747
4784,94,110001,0,user_17,441,442,4747
4789,95,110001,0,user_18,441,442,4747
4897,96,110001,0,user_5,442,442,4747
4898,97,110001,0,user_5,442,442,4747
4905,98,110001,0,user_12,442,442,4747
4908,99,110001,0,user_15,442,442,4747
4931,8,27000000,0,user_33,442,459,
4726,13,19000000,0,user_19,440,459,
4806,17,6300000,0,user_37,441,459,
4737,18,6300000,0,user_29,440,459,
5153,19,6300000,0,user_42,443,459,
4743,28,6100000,0,user_36,440,459,
4948,31,5200000,0,user_48,442,459,
4924,32,5200000,0,user_27,442,459,
4724,38,5000000,0,user_16,440,459,
4757,51,4200000,0,user_49,440,459,
4949,52,4200000,0,user_49,442,459,
4927,57,3600000,75000,user_30,442,459,
5110,59,3500001,0,user_1,443,459,4944
5125,60,3500001,0,user_12,443,459,4944
5138,61,3500001,0,user_26,443,459,4944
4944,65,3500000,161000,user_47,442,459,
5111,66,3499999,0,user_2,443,459,4944
5128,67,3499999,0,user_13,443,459,4944
5117,68,3499999,0,user_6,443,459,4944
5129,69,3499999,0,user_15,443,459,4944
5130,70,3499999,0,user_15,443,459,4944
5133,71,3499999,0,user_18,443,459,4944
4947,87,2500000,0,user_47,442,459,
5154,91,2300000,0,user_42,443,459,
5140,96,2100000,11200,user_27,443,459,
4779,97,2000001,0,user_12,441,457,4770
5113,91,2000001,0,user_4,443,457,4770
5114,98,2000001,0,user_6,443,457,4770
5118,92,2000001,0,user_7,443,457,4770
5132,93,2000001,0,user_17,443,457,4770
4800,98,2000000,0,user_32,441,455,
4770,99,2000000,350000,user_0,441,455,
4803,96,2000000,0,user_36,441,454,
5156,99,2000000,0,user_44,443,456,
4723,93,2000000,0,user_16,440,454,
4740,94,2000000,0,user_34,440,454,
4736,92,2000000,0,user_28,440,454,
5116,98,1999999,0,user_6,443,453,4770
5135,93,1999999,0,user_23,443,453,4770
4734,97,1900000,0,user_24,440,450,
4731,97,1700000,0,user_23,440,449,
4808,99,1600000,0,user_43,441,449,
4922,97,1500001,0,user_24,442,448,4735
4780,98,1500001,0,user_14,441,448,4735
4793,99,1500001,0,user_22,441,448,4735
5119,95,1500001,0,user_7,443,448,4735
5124,94,1500001,0,user_12,443,448,4735
5136,96,1500001,0,user_24,443,448,4735
4735,94,1500000,128000,user_27,440,447,
5145,95,1500000,0,user_34,443,447,
5142,96,1500000,0,user_30,443,447,
4912,98,1499999,0,user_21,442,447,4735
4771,99,1499999,0,user_1,441,447,4735
4786,96,1499999,0,user_17,441,446,4735
4787,97,1499999,0,user_17,441,446,4735
4788,98,1499999,0,user_17,441,446,4735
4794,95,1499999,0,user_22,441,446,4735
4792,94,1499999,0,user_21,441,446,4735
4895,99,1499999,0,user_2,442,446,4735
5134,84,1499999,0,user_21,443,445,4735
5137,85,1499999,0,user_25,443,445,4735
4932,92,1400000,0,user_33,442,445,
4769,97,1400000,0,user_0,441,445,
4730,94,1400000,0,user_23,440,445,
4732,95,1400000,0,user_23,440,445,
4749,96,1400000,0,user_42,440,445,
5141,98,1300000,18600,user_28,443,445,
4713,99,1300000,0,user_4,440,445,
4929,80,1200000,0,user_31,442,444,
4741,81,1100000,0,user_35,440,444,
4756,82,1100000,0,user_49,440,444,
4753,84,1000000,0,user_44,440,444,
4751,83,1000000,0,user_42,440,444,
5144,96,910000,7190000,user_32,443,444,
4714,74,670000,0,user_6,440,443,
5139,75,660000,7190000,user_27,443,443,
4939,76,630000,0,user_39,442,443,
4935,77,600000,0,user_37,442,443,
4715,78,530000,0,user_7,440,443,
4717,79,470000,0,user_9,440,443,
4903,80,460001,0,user_11,442,443,4809
4809,81,460000,12300,user_44,441,443,
5152,82,460000,0,user_41,443,443,
4902,83,459999,0,user_11,442,443,4809
4739,84,370000,0,user_31,440,443,
4752,85,350000,0,user_42,440,443,
4744,86,340000,0,user_38,440,443,
5150,87,340000,0,user_37,443,443,
4716,88,320000,0,user_8,440,443,
4925,89,310000,0,user_30,442,443,
4722,90,310000,0,user_16,440,443,
5148,91,310000,0,user_36,443,443,
4907,92,300001,0,user_14,442,443,4813
4921,93,300001,0,user_23,442,443,4813
4901,94,300001,0,user_9,442,443,4813
4813,95,300000,71800,user_46,441,443,
4896,96,299999,0,user_4,442,443,4813
4911,97,299999,0,user_20,442,443,4813
4915,98,299999,0,user_21,442,443,4813
4899,99,299999,0,user_6,442,443,4813
4931,8,27000000,0,user_33,442,459,
4726,13,19000000,0,user_19,440,459,
5153,19,6300000,0,user_42,443,459,
4806,17,6300000,0,user_37,441,459,
4737,18,6300000,0,user_29,440,459,
5349,21,6300000,0,user_29,444,459,
5347,20,6300000,5630,user_27,444,459,
4743,28,6100000,0,user_36,440,459,
4924,32,5200000,0,user_27,442,459,
4948,31,5200000,0,user_48,442,459,
5364,34,5200000,0,user_46,444,459,
5352,33,5200000,0,user_34,444,459,
5143,39,5000000,0,user_31,443,459,
4724,38,5000000,0,user_16,440,459,
5369,40,5000000,0,user_48,444,459,
4949,52,4200000,0,user_49,442,459,
4757,51,4200000,0,user_49,440,459,
4927,57,3600000,75000,user_30,442,459,
5125,60,3500001,0,user_12,443,459,4944
5138,61,3500001,0,user_26,443,459,4944
5110,59,3500001,0,user_1,443,459,4944
4944,65,3500000,161000,user_47,442,459,
5128,67,3499999,0,user_13,443,459,4944
5117,68,3499999,0,user_6,443,459,4944
5129,69,3499999,0,user_15,443,459,4944
5130,70,3499999,0,user_15,443,459,4944
5133,71,3499999,0,user_18,443,459,4944
5111,66,3499999,0,user_2,443,459,4944
5317,73,3499999,0,user_8,444,459,4944
5321,72,3499999,0,user_9,444,459,4944
5362,82,2600000,0,user_44,444,459,
4947,87,2500000,0,user_47,442,459,
5154,91,2300000,0,user_42,443,459,
5140,96,2100000,11200,user_27,443,459,
5113,91,2000001,0,user_4,443,457,4770
5114,98,2000001,0,user_6,443,457,4770
5118,92,2000001,0,user_7,443,457,4770
5132,93,2000001,0,user_17,443,457,4770
4779,97,2000001,0,user_12,441,457,4770
5336,89,2000001,0,user_16,444,457,4770
5156,99,2000000,0,user_44,443,456,
4770,99,2000000,350000,user_0,441,455,
4803,96,2000000,0,user_36,441,454,
4736,92,2000000,0,user_28,440,454,
4723,93,2000000,0,user_16,440,454,
4740,94,2000000,0,user_34,440,454,
4800,98,2000000,0,user_32,441,455,
5116,98,1999999,0,user_6,443,453,4770
5135,93,1999999,0,user_23,443,453,4770
4734,97,1900000,0,user_24,440,450,
5366,96,1800000,0,user_47,444,449,
4731,97,1700000,0,user_23,440,449,
4808,99,1600000,0,user_43,441,449,
5124,94,1500001,0,user_12,443,448,4735
5119,95,1500001,0,user_7,443,448,4735
5136,96,1500001,0,user_24,443,448,4735
4922,97,1500001,0,user_24,442,448,4735
4780,98,1500001,0,user_14,441,448,4735
4793,99,1500001,0,user_22,441,448,4735
5142,96,1500000,0,user_30,443,447,
5145,95,1500000,0,user_34,443,447,
4735,94,1500000,128000,user_27,440,447,
5350,97,1500000,0,user_30,444,447,
5134,84,1499999,0,user_21,443,445,4735
4895,99,1499999,0,user_2,442,446,4735
5137,85,1499999,0,user_25,443,445,4735
4771,99,1499999,0,user_1,441,447,4735
4912,98,1499999,0,user_21,442,447,4735
4792,94,1499999,0,user_21,441,446,4735
4786,96,1499999,0,user_17,441,446,4735
4787,97,1499999,0,user_17,441,446,4735
4788,98,1499999,0,user_17,441,446,4735
4794,95,1499999,0,user_22,441,446,4735
4749,96,1400000,0,user_42,440,445,
4769,97,1400000,0,user_0,441,445,
4932,92,1400000,0,user_33,442,445,
4730,94,1400000,0,user_23,440,445,
4732,95,1400000,0,user_23,440,445,
5141,98,1300000,18600,user_28,443,445,
4713,99,1300000,0,user_4,440,445,
4929,80,1200000,0,user_31,442,444,
4741,81,1100000,0,user_35,440,444,
4756,82,1100000,0,user_49,440,444,
4751,83,1000000,0,user_42,440,444,
4753,84,1000000,0,user_44,440,444,
5353,85,1000000,0,user_36,444,444,
5312,86,910001,0,user_1,444,444,5144
5314,87,910001,0,user_2,444,444,5144
5323,88,910001,0,user_10,444,444,5144
5324,89,910001,0,user_11,444,444,5144
5325,90,910001,0,user_11,444,444,5144
5341,91,910001,0,user_19,444,444,5144
5315,92,910001,0,user_3,444,444,5144
5319,93,910001,0,user_8,444,444,5144
5320,94,910001,0,user_9,444,444,5144
5322,95,910001,0,user_9,444,444,5144
5144,96,910000,7190000,user_32,443,444,
5328,97,909999,0,user_13,444,444,5144
5311,98,909999,0,user_0,444,444,5144
5316,99,909999,0,user_6,444,444,5144
4931,8,27000000,0,user_33,442,459,
4726,13,19000000,0,user_19,440,459,
5349,21,6300000,0,user_29,444,459,
5360,22,6300000,0,user_43,444,459,
5347,20,6300000,5630,user_27,444,459,
4737,18,6300000,0,user_29,440,459,
4806,17,6300000,0,user_37,441,459,
5153,19,6300000,0,user_42,443,459,
4743,28,6100000,0,user_36,440,459,
5364,34,5200000,0,user_46,444,459,
5352,33,5200000,0,user_34,444,459,
4924,32,5200000,0,user_27,442,459,
4948,31,5200000,0,user_48,442,459,
5593,30,5200000,21800,user_30,445,459,
5369,40,5000000,0,user_48,444,459,
5143,39,5000000,0,user_31,443,459,
4724,38,5000000,0,user_16,440,459,
5614,45,4500000,0,user_48,445,459,
4949,52,4200000,0,user_49,442,459,
4757,51,4200000,0,user_49,440,459,
4927,57,3600000,75000,user_30,442,459,
5110,59,3500001,0,user_1,443,459,4944
5125,60,3500001,0,user_12,443,459,4944
5138,61,3500001,0,user_26,443,459,4944
4944,65,3500000,161000,user_47,442,459,
5111,66,3499999,0,user_2,443,459,4944
5317,73,3499999,0,user_8,444,459,4944
5128,67,3499999,0,user_13,443,459,4944
5133,71,3499999,0,user_18,443,459,4944
5129,69,3499999,0,user_15,443,459,4944
5130,70,3499999,0,user_15,443,459,4944
5321,72,3499999,0,user_9,444,459,4944
5117,68,3499999,0,user_6,443,459,4944
5362,82,2600000,0,user_44,444,459,
4947,87,2500000,0,user_47,442,459,
5154,91,2300000,0,user_42,443,459,
5140,96,2100000,11200,user_27,443,459,
5336,89,2000001,0,user_16,444,457,4770
5544,95,2000001,0,user_1,445,458,4770
5113,91,2000001,0,user_4,443,457,4770
5118,92,2000001,0,user_7,443,457,4770
5132,93,2000001,0,user_17,443,457,4770
5568,98,2000001,0,user_12,445,459,4770
5579,99,2000001,0,user_19,445,459,4770
5582,99,2000001,0,user_20,445,458,4770
4779,97,2000001,0,user_12,441,457,4770
5114,98,2000001,0,user_6,443,457,4770
5586,97,2000001,0,user_25,445,458,4770
5587,98,2000001,0,user_26,445,458,4770
5156,99,2000000,0,user_44,443,456,
4723,93,2000000,0,user_16,440,454,
4736,92,2000000,0,user_28,440,454,
4740,94,2000000,0,user_34,440,454,
4770,99,2000000,350000,user_0,441,455,
4800,98,2000000,0,user_32,441,455,
4803,96,2000000,0,user_36,441,454,
5135,93,1999999,0,user_23,443,453,4770
5570,94,1999999,0,user_13,445,453,4770
5543,95,1999999,0,user_0,445,453,4770
5580,96,1999999,0,user_19,445,453,4770
5581,97,1999999,0,user_19,445,453,4770
5116,98,1999999,0,user_6,443,453,4770
5555,99,1999999,0,user_6,445,453,4770
5585,94,1999999,0,user_25,445,451,4770
5575,95,1999999,0,user_17,445,452,4770
5584,99,1999999,0,user_24,445,452,4770
5577,96,1999999,0,user_18,445,452,4770
4734,97,1900000,0,user_24,440,450,
5366,96,1800000,0,user_47,444,449,
4731,97,1700000,0,user_23,440,449,
4808,99,1600000,0,user_43,441,449,
4922,97,1500001,0,user_24,442,448,4735
5124,94,1500001,0,user_12,443,448,4735
5119,95,1500001,0,user_7,443,448,4735
5136,96,1500001,0,user_24,443,448,4735
4780,98,1500001,0,user_14,441,448,4735
4793,99,1500001,0,user_22,441,448,4735
5350,97,1500000,0,user_30,444,447,
5142,96,1500000,0,user_30,443,447,
4735,94,1500000,128000,user_27,440,447,
5145,95,1500000,0,user_34,443,447,
5613,92,1500000,0,user_46,445,447,
4895,99,1499999,0,user_2,442,446,4735
4912,98,1499999,0,user_21,442,447,4735
5134,84,1499999,0,user_21,443,445,4735
5137,85,1499999,0,user_25,443,445,4735
4771,99,1499999,0,user_1,441,447,4735
4792,94,1499999,0,user_21,441,446,4735
4794,95,1499999,0,user_22,441,446,4735
4786,96,1499999,0,user_17,441,446,4735
4787,97,1499999,0,user_17,441,446,4735
4788,98,1499999,0,user_17,441,446,4735
4932,92,1400000,0,user_33,442,445,
5609,93,1400000,0,user_44,445,445,
4730,94,1400000,0,user_23,440,445,
4732,95,1400000,0,user_23,440,445,
4749,96,1400000,0,user_42,440,445,
4769,97,1400000,0,user_0,441,445,
5141,98,1300000,18600,user_28,443,445,
4713,99,1300000,0,user_4,440,445,
4931,8,27000000,0,user_33,442,459,
4726,13,19000000,0,user_19,440,459,
5594,15,6300000,0,user_31,445,459,
5349,21,6300000,0,user_29,444,459,
5360,22,6300000,0,user_43,444,459,
4737,18,6300000,0,user_29,440,459,
4806,17,6300000,0,user_37,441,459,
5153,19,6300000,0,user_42,443,459,
5347,20,6300000,5630,user_27,444,459,
5841,16,6300000,0,user_29,446,459,
5863,26,6100000,0,user_45,446,459,
4743,28,6100000,0,user_36,440,459,
5842,27,6100000,0,user_30,446,459,
5593,30,5200000,21800,user_30,445,459,
5364,34,5200000,0,user_46,444,459,
5352,33,5200000,0,user_34,444,459,
4948,31,5200000,0,user_48,442,459,
4924,32,5200000,0,user_27,442,459,
5369,40,5000000,0,user_48,444,459,
4724,38,5000000,0,user_16,440,459,
5143,39,5000000,0,user_31,443,459,
5614,45,4500000,0,user_48,445,459,
5853,50,4200000,46500,user_37,446,459,
4757,51,4200000,0,user_49,440,459,
4949,52,4200000,0,user_49,442,459,
4927,57,3600000,75000,user_30,442,459,
5110,59,3500001,0,user_1,443,459,4944
5125,60,3500001,0,user_12,443,459,4944
5138,61,3500001,0,user_26,443,459,4944
4944,65,3500000,161000,user_47,442,459,
5317,73,3499999,0,user_8,444,459,4944
5321,72,3499999,0,user_9,444,459,4944
5111,66,3499999,0,user_2,443,459,4944
5129,69,3499999,0,user_15,443,459,4944
5130,70,3499999,0,user_15,443,459,4944
5128,67,3499999,0,user_13,443,459,4944
5133,71,3499999,0,user_18,443,459,4944
5117,68,3499999,0,user_6,443,459,4944
5362,82,2600000,0,user_44,444,459,
4947,87,2500000,0,user_47,442,459,
5154,91,2300000,0,user_42,443,459,
5140,96,2100000,11200,user_27,443,459,
5544,95,2000001,0,user_1,445,458,4770
5568,98,2000001,0,user_12,445,459,4770
5586,97,2000001,0,user_25,445,458,4770
5587,98,2000001,0,user_26,445,458,4770
5582,99,2000001,0,user_20,445,458,4770
5336,89,2000001,0,user_16,444,457,4770
5579,99,2000001,0,user_19,445,459,4770
4779,97,2000001,0,user_12,441,457,4770
5113,91,2000001,0,user_4,443,457,4770
5118,92,2000001,0,user_7,443,457,4770
5132,93,2000001,0,user_17,443,457,4770
5114,98,2000001,0,user_6,443,457,4770
5823,95,2000001,0,user_8,446,456,4770
4736,92,2000000,0,user_28,440,454,
4723,93,2000000,0,user_16,440,454,
4740,94,2000000,0,user_34,440,454,
4770,99,2000000,350000,user_0,441,455,
4803,96,2000000,0,user_36,441,454,
4800,98,2000000,0,user_32,441,455,
5156,99,2000000,0,user_44,443,456,
5858,97,2000000,0,user_40,446,455,
5543,95,1999999,0,user_0,445,453,4770
5570,94,1999999,0,user_13,445,453,4770
5575,95,1999999,0,user_17,445,452,4770
5584,99,1999999,0,user_24,445,452,4770
5585,94,1999999,0,user_25,445,451,4770
5577,96,1999999,0,user_18,445,452,4770
5555,99,1999999,0,user_6,445,453,4770
5580,96,1999999,0,user_19,445,453,4770
5581,97,1999999,0,user_19,445,453,4770
5135,93,1999999,0,user_23,443,453,4770
5116,98,1999999,0,user_6,443,453,4770
4734,97,1900000,0,user_24,440,450,
5869,98,1900000,0,user_47,446,450,
5366,96,1800000,0,user_47,444,449,
4731,97,1700000,0,user_23,440,449,
5604,92,1600000,0,user_38,445,448,
5862,93,1600000,0,user_45,446,448,
4808,99,1600000,0,user_43,441,449,
4780,98,1500001,0,user_14,441,448,4735
4793,99,1500001,0,user_22,441,448,4735
4922,97,1500001,0,user_24,442,448,4735
5119,95,1500001,0,user_7,443,448,4735
5124,94,1500001,0,user_12,443,448,4735
5136,96,1500001,0,user_24,443,448,4735
5613,92,1500000,0,user_46,445,447,
5350,97,1500000,0,user_30,444,447,
5861,93,1500000,0,user_45,446,447,
4735,94,1500000,128000,user_27,440,447,
5142,96,1500000,0,user_30,443,447,
5145,95,1500000,0,user_34,443,447,
4771,99,1499999,0,user_1,441,447,4735
4792,94,1499999,0,user_21,441,446,4735
4794,95,1499999,0,user_22,441,446,4735
4786,96,1499999,0,user_17,441,446,4735
4787,97,1499999,0,user_17,441,446,4735
4788,98,1499999,0,user_17,441,446,4735
4895,99,1499999,0,user_2,442,446,4735
6125,2,43000000,0,user_44,447,459,
6107,7,27000000,0,user_28,447,459,
4931,8,27000000,0,user_33,442,459,
4726,13,19000000,0,user_19,440,459,
5594,15,6300000,0,user_31,445,459,
5841,16,6300000,0,user_29,446,459,
4806,17,6300000,0,user_37,441,459,
4737,18,6300000,0,user_29,440,459,
5153,19,6300000,0,user_42,443,459,
5347,20,6300000,5630,user_27,444,459,
5349,21,6300000,0,user_29,444,459,
5360,22,6300000,0,user_43,444,459,
5863,26,6100000,0,user_45,446,459,
5842,27,6100000,0,user_30,446,459,
4743,28,6100000,0,user_36,440,459,
5593,30,5200000,21800,user_30,445,459,
4948,31,5200000,0,user_48,442,459,
4924,32,5200000,0,user_27,442,459,
5352,33,5200000,0,user_34,444,459,
5364,34,5200000,0,user_46,444,459,
4724,38,5000000,0,user_16,440,459,
5143,39,5000000,0,user_31,443,459,
5369,40,5000000,0,user_48,444,459,
5614,45,4500000,0,user_48,445,459,
5853,50,4200000,46500,user_37,446,459,
4757,51,4200000,0,user_49,440,459,
4949,52,4200000,0,user_49,442,459,
4927,57,3600000,75000,user_30,442,459,
5110,59,3500001,0,user_1,443,459,4944
5125,60,3500001,0,user_12,443,459,4944
5138,61,3500001,0,user_26,443,459,4944
4944,65,3500000,161000,user_47,442,459,
5111,66,3499999,0,user_2,443,459,4944
5128,67,3499999,0,user_13,443,459,4944
5117,68,3499999,0,user_6,443,459,4944
5129,69,3499999,0,user_15,443,459,4944
5130,70,3499999,0,user_15,443,459,4944
5133,71,3499999,0,user_18,443,459,4944
5321,72,3499999,0,user_9,444,459,4944
5317,73,3499999,0,user_8,444,459,4944
5362,82,2600000,0,user_44,444,459,
6118,86,2500000,0,user_37,447,459,
4947,87,2500000,0,user_47,442,459,
6127,88,2500000,0,user_46,447,459,
5154,91,2300000,0,user_42,443,459,
5140,96,2100000,11200,user_27,443,459,
5568,98,2000001,0,user_12,445,459,4770
5579,99,2000001,0,user_19,445,459,4770
5582,99,2000001,0,user_20,445,458,4770
5586,97,2000001,0,user_25,445,458,4770
5587,98,2000001,0,user_26,445,458,4770
5823,95,2000001,0,user_8,446,456,4770
4779,97,2000001,0,user_12,441,457,4770
5113,91,2000001,0,user_4,443,457,4770
5114,98,2000001,0,user_6,443,457,4770
5118,92,2000001,0,user_7,443,457,4770
5132,93,2000001,0,user_17,443,457,4770
5336,89,2000001,0,user_16,444,457,4770
5544,95,2000001,0,user_1,445,458,4770
5858,97,2000000,0,user_40,446,455,
4800,98,2000000,0,user_32,441,455,
4770,99,2000000,350000,user_0,441,455,
4803,96,2000000,0,user_36,441,454,
5156,99,2000000,0,user_44,443,456,
4723,93,2000000,0,user_16,440,454,
4740,94,2000000,0,user_34,440,454,
4736,92,2000000,0,user_28,440,454,
5570,94,1999999,0,user_13,445,453,4770
5543,95,1999999,0,user_0,445,453,4770
5580,96,1999999,0,user_19,445,453,4770
5581,97,1999999,0,user_19,445,453,4770
5555,99,1999999,0,user_6,445,453,4770
5585,94,1999999,0,user_25,445,451,4770
5575,95,1999999,0,user_17,445,452,4770
5584,99,1999999,0,user_24,445,452,4770
5577,96,1999999,0,user_18,445,452,4770
5116,98,1999999,0,user_6,443,453,4770
5135,93,1999999,0,user_23,443,453,4770
5869,98,1900000,0,user_47,446,450,
4734,97,1900000,0,user_24,440,450,
5366,96,1800000,0,user_47,444,449,
4731,97,1700000,0,user_23,440,449,
5604,92,1600000,0,user_38,445,448,
5862,93,1600000,0,user_45,446,448,
4808,99,1600000,0,user_43,441,449,
6110,98,1600000,0,user_33,447,449,
4922,97,1500001,0,user_24,442,448,4735
4780,98,1500001,0,user_14,441,448,4735
4793,99,1500001,0,user_22,441,448,4735
5119,95,1500001,0,user_7,443,448,4735
5124,94,1500001,0,user_12,443,448,4735
5136,96,1500001,0,user_24,443,448,4735
5613,92,1500000,0,user_46,445,447,
5861,93,1500000,0,user_45,446,447,
4735,94,1500000,128000,user_27,440,447,
5145,95,1500000,0,user_34,443,447,
5142,96,1500000,0,user_30,443,447,
5350,97,1500000,0,user_30,444,447,
4912,98,1499999,0,user_21,442,447,4735
4771,99,1499999,0,user_1,441,447,4735
6125,2,43000000,0,user_44,447,459,
6107,7,27000000,0,user_28,447,459,
6372,9,27000000,0,user_37,448,459,
4931,8,27000000,0,user_33,442,459,
4726,13,19000000,0,user_19,440,459,
5153,19,6300000,0,user_42,443,459,
4806,17,6300000,0,user_37,441,459,
4737,18,6300000,0,user_29,440,459,
5349,21,6300000,0,user_29,444,459,
5360,22,6300000,0,user_43,444,459,
5347,20,6300000,5630,user_27,444,459,
5594,15,6300000,0,user_31,445,459,
5841,16,6300000,0,user_29,446,459,
4743,28,6100000,0,user_36,440,459,
5842,27,6100000,0,user_30,446,459,
5863,26,6100000,0,user_45,446,459,
4924,32,5200000,0,user_27,442,459,
4948,31,5200000,0,user_48,442,459,
5364,34,5200000,0,user_46,444,459,
5352,33,5200000,0,user_34,444,459,
5593,30,5200000,21800,user_30,445,459,
5143,39,5000000,0,user_31,443,459,
4724,38,5000000,0,user_16,440,459,
5369,40,5000000,0,user_48,444,459,
6119,46,4500000,0,user_38,447,459,
5614,45,4500000,0,user_48,445,459,
6378,47,4500000,0,user_40,448,459,
4949,52,4200000,0,user_49,442,459,
4757,51,4200000,0,user_49,440,459,
5853,50,4200000,46500,user_37,446,459,
4927,57,3600000,75000,user_30,442,459,
5125,60,3500001,0,user_12,443,459,4944
5138,61,3500001,0,user_26,443,459,4944
5110,59,3500001,0,user_1,443,459,4944
4944,65,3500000,161000,user_47,442,459,
5128,67,3499999,0,user_13,443,459,4944
5117,68,3499999,0,user_6,443,459,4944
5129,69,3499999,0,user_15,443,459,4944
5130,70,3499999,0,user_15,443,459,4944
5133,71,3499999,0,user_18,443,459,4944
5111,66,3499999,0,user_2,443,459,4944
5317,73,3499999,0,user_8,444,459,4944
5321,72,3499999,0,user_9,444,459,4944
6376,77,3200000,0,user_39,448,459,
5362,82,2600000,0,user_44,444,459,
6127,88,2500000,0,user_46,447,459,
6118,86,2500000,0,user_37,447,459,
4947,87,2500000,0,user_47,442,459,
5154,91,2300000,0,user_42,443,459,
5140,96,2100000,11200,user_27,443,459,
5113,91,2000001,0,user_4,443,457,4770
5114,98,2000001,0,user_6,443,457,4770
5118,92,2000001,0,user_7,443,457,4770
5132,93,2000001,0,user_17,443,457,4770
4779,97,2000001,0,user_12,441,457,4770
5336,89,2000001,0,user_16,444,457,4770
5544,95,2000001,0,user_1,445,458,4770
5568,98,2000001,0,user_12,445,459,4770
5582,99,2000001,0,user_20,445,458,4770
5579,99,2000001,0,user_19,445,459,4770
5586,97,2000001,0,user_25,445,458,4770
5587,98,2000001,0,user_26,445,458,4770
5823,95,2000001,0,user_8,446,456,4770
5156,99,2000000,0,user_44,443,456,
4770,99,2000000,350000,user_0,441,455,
4803,96,2000000,0,user_36,441,454,
4736,92,2000000,0,user_28,440,454,
4723,93,2000000,0,user_16,440,454,
4740,94,2000000,0,user_34,440,454,
4800,98,2000000,0,user_32,441,455,
5858,97,2000000,0,user_40,446,455,
6368,90,2000000,0,user_34,448,454,
6386,89,2000000,0,user_47,448,454,
5116,98,1999999,0,user_6,443,453,4770
5135,93,1999999,0,user_23,443,453,4770
5543,95,1999999,0,user_0,445,453,4770
5570,94,1999999,0,user_13,445,453,4770
5575,95,1999999,0,user_17,445,452,4770
5577,96,1999999,0,user_18,445,452,4770
5580,96,1999999,0,user_19,445,453,4770
5581,97,1999999,0,user_19,445,453,4770
5584,99,1999999,0,user_24,445,452,4770
5585,94,1999999,0,user_25,445,451,4770
5555,99,1999999,0,user_6,445,453,4770
6124,96,1900000,0,user_43,447,450,
4734,97,1900000,0,user_24,440,450,
5869,98,1900000,0,user_47,446,450,
5366,96,1800000,0,user_47,444,449,
6374,99,1800000,0,user_39,448,450,
4731,97,1700000,0,user_23,440,449,
6110,98,1600000,0,user_33,447,449,
4808,99,1600000,0,user_43,441,449,
5604,92,1600000,0,user_38,445,448,
5862,93,1600000,0,user_45,446,448,
5124,94,1500001,0,user_12,443,448,4735
5119,95,1500001,0,user_7,443,448,4735
5136,96,1500001,0,user_24,443,448,4735
4922,97,1500001,0,user_24,442,448,4735
4780,98,1500001,0,user_14,441,448,4735
4793,99,1500001,0,user_22,441,448,4735
6125,2,43000000,0,user_44,447,459,
6645,1,43000000,0,user_40,449,459,
6372,9,27000000,0,user_37,448,459,
6107,7,27000000,0,user_28,447,459,
4931,8,27000000,0,user_33,442,459,
4726,13,19000000,0,user_19,440,459,
5349,21,6300000,0,user_29,444,459,
5360,22,6300000,0,user_43,444,459,
5347,20,6300000,5630,user_27,444,459,
4737,18,6300000,0,user_29,440,459,
4806,17,6300000,0,user_37,441,459,
5153,19,6300000,0,user_42,443,459,
5594,15,6300000,0,user_31,445,459,
5841,16,6300000,0,user_29,446,459,
6641,24,6100000,0,user_37,449,459,
4743,28,6100000,0,user_36,440,459,
5863,26,6100000,0,user_45,446,459,
5842,27,6100000,0,user_30,446,459,
6647,25,6100000,0,user_41,449,459,
5364,34,5200000,0,user_46,444,459,
5352,33,5200000,0,user_34,444,459,
4924,32,5200000,0,user_27,442,459,
4948,31,5200000,0,user_48,442,459,
5593,30,5200000,21800,user_30,445,459,
5369,40,5000000,0,user_48,444,459,
5143,39,5000000,0,user_31,443,459,
4724,38,5000000,0,user_16,440,459,
6378,47,4500000,0,user_40,448,459,
6119,46,4500000,0,user_38,447,459,
5614,45,4500000,0,user_48,445,459,
6649,43,4500000,256000,user_42,449,459,
4949,52,4200000,0,user_49,442,459,
4757,51,4200000,0,user_49,440,459,
5853,50,4200000,46500,user_37,446,459,
4927,57,3600000,75000,user_30,442,459,
6644,55,3600000,0,user_40,449,459,
5110,59,3500001,0,user_1,443,459,4944
5125,60,3500001,0,user_12,443,459,4944
5138,61,3500001,0,user_26,443,459,4944
4944,65,3500000,161000,user_47,442,459,
5111,66,3499999,0,user_2,443,459,4944
5317,73,3499999,0,user_8,444,459,4944
5128,67,3499999,0,user_13,443,459,4944
5133,71,3499999,0,user_18,443,459,4944
5129,69,3499999,0,user_15,443,459,4944
5130,70,3499999,0,user_15,443,459,4944
5321,72,3499999,0,user_9,444,459,4944
5117,68,3499999,0,user_6,443,459,4944
6376,77,3200000,0,user_39,448,459,
5362,82,2600000,0,user_44,444,459,
6127,88,2500000,0,user_46,447,459,
6118,86,2500000,0,user_37,447,459,
6631,85,2500000,0,user_28,449,459,
4947,87,2500000,0,user_47,442,459,
5154,91,2300000,0,user_42,443,459,
5140,96,2100000,11200,user_27,443,459,
5336,89,2000001,0,user_16,444,457,4770
5544,95,2000001,0,user_1,445,458,4770
5113,91,2000001,0,user_4,443,457,4770
5118,92,2000001,0,user_7,443,457,4770
5132,93,2000001,0,user_17,443,457,4770
5568,98,2000001,0,user_12,445,459,4770
5579,99,2000001,0,user_19,445,459,4770
5582,99,2000001,0,user_20,445,458,4770
4779,97,2000001,0,user_12,441,457,4770
5114,98,2000001,0,user_6,443,457,4770
5586,97,2000001,0,user_25,445,458,4770
5587,98,2000001,0,user_26,445,458,4770
5823,95,2000001,0,user_8,446,456,4770
6386,89,2000000,0,user_47,448,454,
6368,90,2000000,0,user_34,448,454,
5156,99,2000000,0,user_44,443,456,
4723,93,2000000,0,user_16,440,454,
4736,92,2000000,0,user_28,440,454,
4740,94,2000000,0,user_34,440,454,
4770,99,2000000,350000,user_0,441,455,
4800,98,2000000,0,user_32,441,455,
4803,96,2000000,0,user_36,441,454,
5858,97,2000000,0,user_40,446,455,
6657,95,2000000,0,user_48,449,455,
6637,96,2000000,0,user_34,449,455,
5135,93,1999999,0,user_23,443,453,4770
5570,94,1999999,0,user_13,445,453,4770
5543,95,1999999,0,user_0,445,453,4770
5580,96,1999999,0,user_19,445,453,4770
5581,97,1999999,0,user_19,445,453,4770
5116,98,1999999,0,user_6,443,453,4770
5555,99,1999999,0,user_6,445,453,4770
5585,94,1999999,0,user_25,445,451,4770
5575,95,1999999,0,user_17,445,452,4770
5584,99,1999999,0,user_24,445,452,4770
5577,96,1999999,0,user_18,445,452,4770
6124,96,1900000,0,user_43,447,450,
4734,97,1900000,0,user_24,440,450,
5869,98,1900000,0,user_47,446,450,
6374,99,1800000,0,user_39,448,450,
5366,96,1800000,0,user_47,444,449,
4731,97,1700000,0,user_23,440,449,
6110,98,1600000,0,user_33,447,449,
4808,99,1600000,0,user_43,441,449,
6645,1,43000000,0,user_40,449,459,
6125,2,43000000,0,user_44,447,459,
6372,9,27000000,0,user_37,448,459,
4931,8,27000000,0,user_33,442,459,
6107,7,27000000,0,user_28,447,459,
6914,12,19000000,0,user_44,450,459,
4726,13,19000000,0,user_19,440,459,
5594,15,6300000,0,user_31,445,459,
5349,21,6300000,0,user_29,444,459,
5360,22,6300000,0,user_43,444,459,
4737,18,6300000,0,user_29,440,459,
4806,17,6300000,0,user_37,441,459,
5153,19,6300000,0,user_42,443,459,
5347,20,6300000,5630,user_27,444,459,
5841,16,6300000,0,user_29,446,459,
6641,24,6100000,0,user_37,449,459,
6647,25,6100000,0,user_41,449,459,
5863,26,6100000,0,user_45,446,459,
4743,28,6100000,0,user_36,440,459,
5842,27,6100000,0,user_30,446,459,
5593,30,5200000,21800,user_30,445,459,
5364,34,5200000,0,user_46,444,459,
5352,33,5200000,0,user_34,444,459,
4948,31,5200000,0,user_48,442,459,
4924,32,5200000,0,user_27,442,459,
5369,40,5000000,0,user_48,444,459,
4724,38,5000000,0,user_16,440,459,
5143,39,5000000,0,user_31,443,459,
6119,46,4500000,0,user_38,447,459,
6378,47,4500000,0,user_40,448,459,
6649,43,4500000,256000,user_42,449,459,
5614,45,4500000,0,user_48,445,459,
5853,50,4200000,46500,user_37,446,459,
4757,51,4200000,0,user_49,440,459,
4949,52,4200000,0,user_49,442,459,
6644,55,3600000,0,user_40,449,459,
6634,54,3600000,256000,user_31,449,459,
4927,57,3600000,75000,user_30,442,459,
6916,56,3600000,0,user_47,450,459,
5110,59,3500001,0,user_1,443,459,4944
5125,60,3500001,0,user_12,443,459,4944
5138,61,3500001,0,user_26,443,459,4944
4944,65,3500000,161000,user_47,442,459,
6918,64,3500000,410000,user_47,450,459,
5317,73,3499999,0,user_8,444,459,4944
5321,72,3499999,0,user_9,444,459,4944
5111,66,3499999,0,user_2,443,459,4944
5129,69,3499999,0,user_15,443,459,4944
5130,70,3499999,0,user_15,443,459,4944
5128,67,3499999,0,user_13,443,459,4944
5133,71,3499999,0,user_18,443,459,4944
5117,68,3499999,0,user_6,443,459,4944
6376,77,3200000,0,user_39,448,459,
5362,82,2600000,0,user_44,444,459,
6631,85,2500000,0,user_28,449,459,
6118,86,2500000,0,user_37,447,459,
6127,88,2500000,0,user_46,447,459,
4947,87,2500000,0,user_47,442,459,
5154,91,2300000,0,user_42,443,459,
5140,96,2100000,11200,user_27,443,459,
5544,95,2000001,0,user_1,445,458,4770
5568,98,2000001,0,user_12,445,459,4770
5586,97,2000001,0,user_25,445,458,4770
5587,98,2000001,0,user_26,445,458,4770
5582,99,2000001,0,user_20,445,458,4770
5336,89,2000001,0,user_16,444,457,4770
5579,99,2000001,0,user_19,445,459,4770
4779,97,2000001,0,user_12,441,457,4770
5113,91,2000001,0,user_4,443,457,4770
5118,92,2000001,0,user_7,443,457,4770
5132,93,2000001,0,user_17,443,457,4770
5114,98,2000001,0,user_6,443,457,4770
5823,95,2000001,0,user_8,446,456,4770
6657,95,2000000,0,user_48,449,455,
6386,89,2000000,0,user_47,448,454,
6368,90,2000000,0,user_34,448,454,
6637,96,2000000,0,user_34,449,455,
4736,92,2000000,0,user_28,440,454,
4723,93,2000000,0,user_16,440,454,
4740,94,2000000,0,user_34,440,454,
4770,99,2000000,350000,user_0,441,455,
4803,96,2000000,0,user_36,441,454,
4800,98,2000000,0,user_32,441,455,
5156,99,2000000,0,user_44,443,456,
5858,97,2000000,0,user_40,446,455,
5543,95,1999999,0,user_0,445,453,4770
5570,94,1999999,0,user_13,445,453,4770
5575,95,1999999,0,user_17,445,452,4770
5584,99,1999999,0,user_24,445,452,4770
5585,94,1999999,0,user_25,445,451,4770
5577,96,1999999,0,user_18,445,452,4770
5555,99,1999999,0,user_6,445,453,4770
5580,96,1999999,0,user_19,445,453,4770
5581,97,1999999,0,user_19,445,453,4770
5135,93,1999999,0,user_23,443,453,4770
5116,98,1999999,0,user_6,443,453,4770
6124,96,1900000,0,user_43,447,450,
4734,97,1900000,0,user_24,440,450,
5869,98,1900000,0,user_47,446,450,
6374,99,1800000,0,user_39,448,450,
6645,1,43000000,0,user_40,449,459,
6125,2,43000000,0,user_44,447,459,
6107,7,27000000,0,user_28,447,459,
4931,8,27000000,0,user_33,442,459,
6372,9,27000000,0,user_37,448,459,
6914,12,19000000,0,user_44,450,459,
4726,13,19000000,0,user_19,440,459,
5594,15,6300000,0,user_31,445,459,
5841,16,6300000,0,user_29,446,459,
4806,17,6300000,0,user_37,441,459,
4737,18,6300000,0,user_29,440,459,
5153,19,6300000,0,user_42,443,459,
5347,20,6300000,5630,user_27,444,459,
5349,21,6300000,0,user_29,444,459,
5360,22,6300000,0,user_43,444,459,
6641,24,6100000,0,user_37,449,459,
6647,25,6100000,0,user_41,449,459,
5863,26,6100000,0,user_45,446,459,
5842,27,6100000,0,user_30,446,459,
4743,28,6100000,0,user_36,440,459,
5593,30,5200000,21800,user_30,445,459,
4948,31,5200000,0,user_48,442,459,
4924,32,5200000,0,user_27,442,459,
5352,33,5200000,0,user_34,444,459,
5364,34,5200000,0,user_46,444,459,
4724,38,5000000,0,user_16,440,459,
5143,39,5000000,0,user_31,443,459,
5369,40,5000000,0,user_48,444,459,
6649,43,4500000,256000,user_42,449,459,
7209,44,4500000,32900,user_45,451,459,
5614,45,4500000,0,user_48,445,459,
6119,46,4500000,0,user_38,447,459,
6378,47,4500000,0,user_40,448,459,
5853,50,4200000,46500,user_37,446,459,
4757,51,4200000,0,user_49,440,459,
4949,52,4200000,0,user_49,442,459,
6634,54,3600000,256000,user_31,449,459,
6644,55,3600000,0,user_40,449,459,
6916,56,3600000,0,user_47,450,459,
4927,57,3600000,75000,user_30,442,459,
5110,59,3500001,0,user_1,443,459,4944
5125,60,3500001,0,user_12,443,459,4944
5138,61,3500001,0,user_26,443,459,4944
6918,64,3500000,410000,user_47,450,459,
4944,65,3500000,161000,user_47,442,459,
5111,66,3499999,0,user_2,443,459,4944
5128,67,3499999,0,user_13,443,459,4944
5117,68,3499999,0,user_6,443,459,4944
5129,69,3499999,0,user_15,443,459,4944
5130,70,3499999,0,user_15,443,459,4944
5133,71,3499999,0,user_18,443,459,4944
5321,72,3499999,0,user_9,444,459,4944
5317,73,3499999,0,user_8,444,459,4944
6376,77,3200000,0,user_39,448,459,
7208,81,2600000,0,user_44,451,459,
5362,82,2600000,0,user_44,444,459,
6631,85,2500000,0,user_28,449,459,
6118,86,2500000,0,user_37,447,459,
4947,87,2500000,0,user_47,442,459,
6127,88,2500000,0,user_46,447,459,
5154,91,2300000,0,user_42,443,459,
7201,92,2300000,0,user_36,451,459,
5140,96,2100000,11200,user_27,443,459,
5568,98,2000001,0,user_12,445,459,4770
5579,99,2000001,0,user_19,445,459,4770
5582,99,2000001,0,user_20,445,458,4770
5586,97,2000001,0,user_25,445,458,4770
5587,98,2000001,0,user_26,445,458,4770
5823,95,2000001,0,user_8,446,456,4770
4779,97,2000001,0,user_12,441,457,4770
5113,91,2000001,0,user_4,443,457,4770
5114,98,2000001,0,user_6,443,457,4770
5118,92,2000001,0,user_7,443,457,4770
5132,93,2000001,0,user_17,443,457,4770
5336,89,2000001,0,user_16,444,457,4770
5544,95,2000001,0,user_1,445,458,4770
6657,95,2000000,0,user_48,449,455,
6637,96,2000000,0,user_34,449,455,
5858,97,2000000,0,user_40,446,455,
4800,98,2000000,0,user_32,441,455,
4770,99,2000000,350000,user_0,441,455,
4803,96,2000000,0,user_36,441,454,
5156,99,2000000,0,user_44,443,456,
4723,93,2000000,0,user_16,440,454,
4740,94,2000000,0,user_34,440,454,
4736,92,2000000,0,user_28,440,454,
6386,89,2000000,0,user_47,448,454,
6368,90,2000000,0,user_34,448,454,
7202,98,2000000,0,user_36,451,456,
5570,94,1999999,0,user_13,445,453,4770
5543,95,1999999,0,user_0,445,453,4770
5580,96,1999999,0,user_19,445,453,4770
5581,97,1999999,0,user_19,445,453,4770
5555,99,1999999,0,user_6,445,453,4770
5585,94,1999999,0,user_25,445,451,4770
5575,95,1999999,0,user_17,445,452,4770
5584,99,1999999,0,user_24,445,452,4770
5577,96,1999999,0,user_18,445,452,4770
5116,98,1999999,0,user_6,443,453,4770
5135,93,1999999,0,user_23,443,453,4770
6125,2,43000000,0,user_44,447,459,
6645,1,43000000,0,user_40,449,459,
6107,7,27000000,0,user_28,447,459,
6372,9,27000000,0,user_37,448,459,
4931,8,27000000,0,user_33,442,459,
4726,13,19000000,0,user_19,440,459,
6914,12,19000000,0,user_44,450,459,
5153,19,6300000,0,user_42,443,459,
4806,17,6300000,0,user_37,441,459,
4737,18,6300000,0,user_29,440,459,
5349,21,6300000,0,user_29,444,459,
5360,22,6300000,0,user_43,444,459,
5347,20,6300000,5630,user_27,444,459,
5594,15,6300000,0,user_31,445,459,
5841,16,6300000,0,user_29,446,459,
4743,28,6100000,0,user_36,440,459,
5842,27,6100000,0,user_30,446,459,
5863,26,6100000,0,user_45,446,459,
6641,24,6100000,0,user_37,449,459,
6647,25,6100000,0,user_41,449,459,
4924,32,5200000,0,user_27,442,459,
4948,31,5200000,0,user_48,442,459,
5364,34,5200000,0,user_46,444,459,
5352,33,5200000,0,user_34,444,459,
5593,30,5200000,21800,user_30,445,459,
5143,39,5000000,0,user_31,443,459,
4724,38,5000000,0,user_16,440,459,
5369,40,5000000,0,user_48,444,459,
7209,44,4500000,32900,user_45,451,459,
6119,46,4500000,0,user_38,447,459,
5614,45,4500000,0,user_48,445,459,
6378,47,4500000,0,user_40,448,459,
6649,43,4500000,256000,user_42,449,459,
7505,48,4500000,0,user_27,452,459,
4949,52,4200000,0,user_49,442,459,
4757,51,4200000,0,user_49,440,459,
5853,50,4200000,46500,user_37,446,459,
4927,57,3600000,75000,user_30,442,459,
6634,54,3600000,256000,user_31,449,459,
6644,55,3600000,0,user_40,449,459,
6916,56,3600000,0,user_47,450,459,
5125,60,3500001,0,user_12,443,459,4944
5138,61,3500001,0,user_26,443,459,4944
5110,59,3500001,0,user_1,443,459,4944
4944,65,3500000,161000,user_47,442,459,
6918,64,3500000,410000,user_47,450,459,
5128,67,3499999,0,user_13,443,459,4944
5117,68,3499999,0,user_6,443,459,4944
5129,69,3499999,0,user_15,443,459,4944
5130,70,3499999,0,user_15,443,459,4944
5133,71,3499999,0,user_18,443,459,4944
5111,66,3499999,0,user_2,443,459,4944
5317,73,3499999,0,user_8,444,459,4944
5321,72,3499999,0,user_9,444,459,4944
7517,78,3200000,0,user_44,452,459,
6376,77,3200000,0,user_39,448,459,
7208,81,2600000,0,user_44,451,459,
5362,82,2600000,0,user_44,444,459,
6127,88,2500000,0,user_46,447,459,
6118,86,2500000,0,user_37,447,459,
4947,87,2500000,0,user_47,442,459,
6631,85,2500000,0,user_28,449,459,
7201,92,2300000,0,user_36,451,459,
5154,91,2300000,0,user_42,443,459,
5140,96,2100000,11200,user_27,443,459,
5113,91,2000001,0,user_4,443,457,4770
5114,98,2000001,0,user_6,443,457,4770
5118,92,2000001,0,user_7,443,457,4770
5132,93,2000001,0,user_17,443,457,4770
4779,97,2000001,0,user_12,441,457,4770
5336,89,2000001,0,user_16,444,457,4770
5544,95,2000001,0,user_1,445,458,4770
5568,98,2000001,0,user_12,445,459,4770
5582,99,2000001,0,user_20,445,458,4770
5579,99,2000001,0,user_19,445,459,4770
5586,97,2000001,0,user_25,445,458,4770
5587,98,2000001,0,user_26,445,458,4770
5823,95,2000001,0,user_8,446,456,4770
7202,98,2000000,0,user_36,451,456,
5156,99,2000000,0,user_44,443,456,
4770,99,2000000,350000,user_0,441,455,
4803,96,2000000,0,user_36,441,454,
4736,92,2000000,0,user_28,440,454,
4723,93,2000000,0,user_16,440,454,
4740,94,2000000,0,user_34,440,454,
4800,98,2000000,0,user_32,441,455,
5858,97,2000000,0,user_40,446,455,
6368,90,2000000,0,user_34,448,454,
6386,89,2000000,0,user_47,448,454,
6637,96,2000000,0,user_34,449,455,
6657,95,2000000,0,user_48,449,455,
5116,98,1999999,0,user_6,443,453,4770
5135,93,1999999,0,user_23,443,453,4770
5543,95,1999999,0,user_0,445,453,4770
5570,94,1999999,0,user_13,445,453,4770
5575,95,1999999,0,user_17,445,452,4770
5577,96,1999999,0,user_18,445,452,4770
5580,96,1999999,0,user_19,445,453,4770
5581,97,1999999,0,user_19,445,453,4770
5584,99,1999999,0,user_24,445,452,4770
6125,2,43000000,0,user_44,447,459,
6645,1,43000000,0,user_40,449,459,
6372,9,27000000,0,user_37,448,459,
6107,7,27000000,0,user_28,447,459,
4931,8,27000000,0,user_33,442,459,
4726,13,19000000,0,user_19,440,459,
6914,12,19000000,0,user_44,450,459,
5349,21,6300000,0,user_29,444,459,
5360,22,6300000,0,user_43,444,459,
5347,20,6300000,5630,user_27,444,459,
4737,18,6300000,0,user_29,440,459,
4806,17,6300000,0,user_37,441,459,
5153,19,6300000,0,user_42,443,459,
5594,15,6300000,0,user_31,445,459,
5841,16,6300000,0,user_29,446,459,
6641,24,6100000,0,user_37,449,459,
4743,28,6100000,0,user_36,440,459,
5863,26,6100000,0,user_45,446,459,
5842,27,6100000,0,user_30,446,459,
6647,25,6100000,0,user_41,449,459,
5364,34,5200000,0,user_46,444,459,
5352,33,5200000,0,user_34,444,459,
4924,32,5200000,0,user_27,442,459,
4948,31,5200000,0,user_48,442,459,
5593,30,5200000,21800,user_30,445,459,
5369,40,5000000,0,user_48,444,459,
5143,39,5000000,0,user_31,443,459,
4724,38,5000000,0,user_16,440,459,
7505,48,4500000,0,user_27,452,459,
7209,44,4500000,32900,user_45,451,459,
6378,47,4500000,0,user_40,448,459,
6119,46,4500000,0,user_38,447,459,
5614,45,4500000,0,user_48,445,459,
6649,43,4500000,256000,user_42,449,459,
4949,52,4200000,0,user_49,442,459,
4757,51,4200000,0,user_49,440,459,
5853,50,4200000,46500,user_37,446,459,
4927,57,3600000,75000,user_30,442,459,
6644,55,3600000,0,user_40,449,459,
6634,54,3600000,256000,user_31,449,459,
6916,56,3600000,0,user_47,450,459,
5110,59,3500001,0,user_1,443,459,4944
5125,60,3500001,0,user_12,443,459,4944
5138,61,3500001,0,user_26,443,459,4944
4944,65,3500000,161000,user_47,442,459,
6918,64,3500000,410000,user_47,450,459,
5111,66,3499999,0,user_2,443,459,4944
5317,73,3499999,0,user_8,444,459,4944
5128,67,3499999,0,user_13,443,459,4944
5133,71,3499999,0,user_18,443,459,4944
5129,69,3499999,0,user_15,443,459,4944
5130,70,3499999,0,user_15,443,459,4944
5321,72,3499999,0,user_9,444,459,4944
5117,68,3499999,0,user_6,443,459,4944
7517,78,3200000,0,user_44,452,459,
6376,77,3200000,0,user_39,448,459,
7208,81,2600000,0,user_44,451,459,
5362,82,2600000,0,user_44,444,459,
7843,84,2500000,0,user_45,453,459,
6127,88,2500000,0,user_46,447,459,
6118,86,2500000,0,user_37,447,459,
6631,85,2500000,0,user_28,449,459,
4947,87,2500000,0,user_47,442,459,
7201,92,2300000,0,user_36,451,459,
5154,91,2300000,0,user_42,443,459,
5140,96,2100000,11200,user_27,443,459,
7830,93,2100000,0,user_33,453,459,
5336,89,2000001,0,user_16,444,457,4770
5544,95,2000001,0,user_1,445,458,4770
5113,91,2000001,0,user_4,443,457,4770
5118,92,2000001,0,user_7,443,457,4770
5132,93,2000001,0,user_17,443,457,4770
5568,98,2000001,0,user_12,445,459,4770
5579,99,2000001,0,user_19,445,459,4770
5582,99,2000001,0,user_20,445,458,4770
4779,97,2000001,0,user_12,441,457,4770
5114,98,2000001,0,user_6,443,457,4770
5586,97,2000001,0,user_25,445,458,4770
5587,98,2000001,0,user_26,445,458,4770
5823,95,2000001,0,user_8,446,456,4770
7202,98,2000000,0,user_36,451,456,
6386,89,2000000,0,user_47,448,454,
6368,90,2000000,0,user_34,448,454,
5156,99,2000000,0,user_44,443,456,
4723,93,2000000,0,user_16,440,454,
4736,92,2000000,0,user_28,440,454,
4740,94,2000000,0,user_34,440,454,
4770,99,2000000,350000,user_0,441,455,
4800,98,2000000,0,user_32,441,455,
4803,96,2000000,0,user_36,441,454,
5858,97,2000000,0,user_40,446,455,
6657,95,2000000,0,user_48,449,455,
6637,96,2000000,0,user_34,449,455,
5135,93,1999999,0,user_23,443,453,4770
5570,94,1999999,0,user_13,445,453,4770
5543,95,1999999,0,user_0,445,453,4770
5580,96,1999999,0,user_19,445,453,4770
5581,97,1999999,0,user_19,445,453,4770
5116,98,1999999,0,user_6,443,453,4770
5555,99,1999999,0,user_6,445,453,4770
6645,1,43000000,0,user_40,449,459,
6125,2,43000000,0,user_44,447,459,
8173,3,30000000,0,user_44,454,459,
6372,9,27000000,0,user_37,448,459,
4931,8,27000000,0,user_33,442,459,
6107,7,27000000,0,user_28,447,459,
8155,6,27000000,0,user_27,454,459,
6914,12,19000000,0,user_44,450,459,
4726,13,19000000,0,user_19,440,459,
5594,15,6300000,0,user_31,445,459,
5349,21,6300000,0,user_29,444,459,
5360,22,6300000,0,user_43,444,459,
4737,18,6300000,0,user_29,440,459,
4806,17,6300000,0,user_37,441,459,
5153,19,6300000,0,user_42,443,459,
5347,20,6300000,5630,user_27,444,459,
5841,16,6300000,0,user_29,446,459,
6641,24,6100000,0,user_37,449,459,
6647,25,6100000,0,user_41,449,459,
5863,26,6100000,0,user_45,446,459,
4743,28,6100000,0,user_36,440,459,
5842,27,6100000,0,user_30,446,459,
5593,30,5200000,21800,user_30,445,459,
5364,34,5200000,0,user_46,444,459,
5352,33,5200000,0,user_34,444,459,
4948,31,5200000,0,user_48,442,459,
4924,32,5200000,0,user_27,442,459,
7835,37,5000000,0,user_38,453,459,
5369,40,5000000,0,user_48,444,459,
4724,38,5000000,0,user_16,440,459,
5143,39,5000000,0,user_31,443,459,
8156,41,4500000,510000,user_28,454,459,
8167,42,4500000,215000,user_37,454,459,
6119,46,4500000,0,user_38,447,459,
6378,47,4500000,0,user_40,448,459,
6649,43,4500000,256000,user_42,449,459,
5614,45,4500000,0,user_48,445,459,
7209,44,4500000,32900,user_45,451,459,
7505,48,4500000,0,user_27,452,459,
5853,50,4200000,46500,user_37,446,459,
4757,51,4200000,0,user_49,440,459,
4949,52,4200000,0,user_49,442,459,
6644,55,3600000,0,user_40,449,459,
6634,54,3600000,256000,user_31,449,459,
4927,57,3600000,75000,user_30,442,459,
6916,56,3600000,0,user_47,450,459,
5110,59,3500001,0,user_1,443,459,4944
5125,60,3500001,0,user_12,443,459,4944
5138,61,3500001,0,user_26,443,459,4944
7836,63,3500000,0,user_38,453,459,
4944,65,3500000,161000,user_47,442,459,
6918,64,3500000,410000,user_47,450,459,
5317,73,3499999,0,user_8,444,459,4944
5321,72,3499999,0,user_9,444,459,4944
5111,66,3499999,0,user_2,443,459,4944
5129,69,3499999,0,user_15,443,459,4944
5130,70,3499999,0,user_15,443,459,4944
5128,67,3499999,0,user_13,443,459,4944
5133,71,3499999,0,user_18,443,459,4944
5117,68,3499999,0,user_6,443,459,4944
7828,76,3200000,0,user_31,453,459,
7837,74,3200000,0,user_38,453,459,
6376,77,3200000,0,user_39,448,459,
7517,78,3200000,0,user_44,452,459,
5362,82,2600000,0,user_44,444,459,
7208,81,2600000,0,user_44,451,459,
7843,84,2500000,0,user_45,453,459,
6631,85,2500000,0,user_28,449,459,
6118,86,2500000,0,user_37,447,459,
6127,88,2500000,0,user_46,447,459,
4947,87,2500000,0,user_47,442,459,
5154,91,2300000,0,user_42,443,459,
7201,92,2300000,0,user_36,451,459,
7830,93,2100000,0,user_33,453,459,
5140,96,2100000,11200,user_27,443,459,
5544,95,2000001,0,user_1,445,458,4770
5568,98,2000001,0,user_12,445,459,4770
5586,97,2000001,0,user_25,445,458,4770
5587,98,2000001,0,user_26,445,458,4770
5582,99,2000001,0,user_20,445,458,4770
5336,89,2000001,0,user_16,444,457,4770
5579,99,2000001,0,user_19,445,459,4770
4779,97,2000001,0,user_12,441,457,4770
5113,91,2000001,0,user_4,443,457,4770
5118,92,2000001,0,user_7,443,457,4770
5132,93,2000001,0,user_17,443,457,4770
5114,98,2000001,0,user_6,443,457,4770
5823,95,2000001,0,user_8,446,456,4770
6657,95,2000000,0,user_48,449,455,
6386,89,2000000,0,user_47,448,454,
6368,90,2000000,0,user_34,448,454,
6637,96,2000000,0,user_34,449,455,
4736,92,2000000,0,user_28,440,454,
4723,93,2000000,0,user_16,440,454,
4740,94,2000000,0,user_34,440,454,
4770,99,2000000,350000,user_0,441,455,
4803,96,2000000,0,user_36,441,454,
4800,98,2000000,0,user_32,441,455,
5156,99,2000000,0,user_44,443,456,
5858,97,2000000,0,user_40,446,455,
6645,1,43000000,0,user_40,449,459,
6125,2,43000000,0,user_44,447,459,
8173,3,30000000,0,user_44,454,459,
8155,6,27000000,0,user_27,454,459,
6107,7,27000000,0,user_28,447,459,
4931,8,27000000,0,user_33,442,459,
6372,9,27000000,0,user_37,448,459,
6914,12,19000000,0,user_44,450,459,
4726,13,19000000,0,user_19,440,459,
5594,15,6300000,0,user_31,445,459,
5841,16,6300000,0,user_29,446,459,
4806,17,6300000,0,user_37,441,459,
4737,18,6300000,0,user_29,440,459,
5153,19,6300000,0,user_42,443,459,
5347,20,6300000,5630,user_27,444,459,
5349,21,6300000,0,user_29,444,459,
5360,22,6300000,0,user_43,444,459,
6641,24,6100000,0,user_37,449,459,
6647,25,6100000,0,user_41,449,459,
5863,26,6100000,0,user_45,446,459,
5842,27,6100000,0,user_30,446,459,
4743,28,6100000,0,user_36,440,459,
5593,30,5200000,21800,user_30,445,459,
4948,31,5200000,0,user_48,442,459,
4924,32,5200000,0,user_27,442,459,
5352,33,5200000,0,user_34,444,459,
5364,34,5200000,0,user_46,444,459,
7835,37,5000000,0,user_38,453,459,
4724,38,5000000,0,user_16,440,459,
5143,39,5000000,0,user_31,443,459,
5369,40,5000000,0,user_48,444,459,
8156,41,4500000,510000,user_28,454,459,
8167,42,4500000,215000,user_37,454,459,
6649,43,4500000,256000,user_42,449,459,
7209,44,4500000,32900,user_45,451,459,
5614,45,4500000,0,user_48,445,459,
6119,46,4500000,0,user_38,447,459,
6378,47,4500000,0,user_40,448,459,
7505,48,4500000,0,user_27,452,459,
5853,50,4200000,46500,user_37,446,459,
4757,51,4200000,0,user_49,440,459,
4949,52,4200000,0,user_49,442,459,
8540,53,4200000,0,user_48,455,459,
6634,54,3600000,256000,user_31,449,459,
6644,55,3600000,0,user_40,449,459,
6916,56,3600000,0,user_47,450,459,
4927,57,3600000,75000,user_30,442,459,
5110,59,3500001,0,user_1,443,459,4944
5125,60,3500001,0,user_12,443,459,4944
5138,61,3500001,0,user_26,443,459,4944
7836,63,3500000,0,user_38,453,459,
6918,64,3500000,410000,user_47,450,459,
4944,65,3500000,161000,user_47,442,459,
5111,66,3499999,0,user_2,443,459,4944
5128,67,3499999,0,user_13,443,459,4944
5117,68,3499999,0,user_6,443,459,4944
5129,69,3499999,0,user_15,443,459,4944
5130,70,3499999,0,user_15,443,459,4944
5133,71,3499999,0,user_18,443,459,4944
5321,72,3499999,0,user_9,444,459,4944
5317,73,3499999,0,user_8,444,459,4944
7837,74,3200000,0,user_38,453,459,
8159,75,3200000,0,user_31,454,459,
7828,76,3200000,0,user_31,453,459,
6376,77,3200000,0,user_39,448,459,
7517,78,3200000,0,user_44,452,459,
7208,81,2600000,0,user_44,451,459,
5362,82,2600000,0,user_44,444,459,
7843,84,2500000,0,user_45,453,459,
6631,85,2500000,0,user_28,449,459,
6118,86,2500000,0,user_37,447,459,
4947,87,2500000,0,user_47,442,459,
6127,88,2500000,0,user_46,447,459,
8542,90,2400000,0,user_48,455,459,
5154,91,2300000,0,user_42,443,459,
7201,92,2300000,0,user_36,451,459,
7830,93,2100000,0,user_33,453,459,
8163,94,2100000,769000,user_35,454,459,
8534,95,2100000,0,user_45,455,459,
5140,96,2100000,11200,user_27,443,459,
8541,97,2100000,0,user_48,455,459,
5568,98,2000001,0,user_12,445,459,4770
5579,99,2000001,0,user_19,445,459,4770
5582,99,2000001,0,user_20,445,458,4770
5586,97,2000001,0,user_25,445,458,4770
5587,98,2000001,0,user_26,445,458,4770
5823,95,2000001,0,user_8,446,456,4770
4779,97,2000001,0,user_12,441,457,4770
5113,91,2000001,0,user_4,443,457,4770
5114,98,2000001,0,user_6,443,457,4770
5118,92,2000001,0,user_7,443,457,4770
5132,93,2000001,0,user_17,443,457,4770
5336,89,2000001,0,user_16,444,457,4770
5544,95,2000001,0,user_1,445,458,4770
8532,96,2000000,0,user_44,455,456,
6657,95,2000000,0,user_48,449,455,
6637,96,2000000,0,user_34,449,455,
5858,97,2000000,0,user_40,446,455,
4800,98,2000000,0,user_32,441,455,
4770,99,2000000,350000,user_0,441,455,
6125,2,43000000,0,user_44,447,459,
6645,1,43000000,0,user_40,449,459,
8173,3,30000000,0,user_44,454,459,
6107,7,27000000,0,user_28,447,459,
6372,9,27000000,0,user_37,448,459,
4931,8,27000000,0,user_33,442,459,
8155,6,27000000,0,user_27,454,459,
4726,13,19000000,0,user_19,440,459,
6914,12,19000000,0,user_44,450,459,
5153,19,6300000,0,user_42,443,459,
4806,17,6300000,0,user_37,441,459,
4737,18,6300000,0,user_29,440,459,
5349,21,6300000,0,user_29,444,459,
5360,22,6300000,0,user_43,444,459,
5347,20,6300000,5630,user_27,444,459,
5594,15,6300000,0,user_31,445,459,
5841,16,6300000,0,user_29,446,459,
8908,23,6300000,594000,user_34,456,459,
4743,28,6100000,0,user_36,440,459,
5842,27,6100000,0,user_30,446,459,
5863,26,6100000,0,user_45,446,459,
6641,24,6100000,0,user_37,449,459,
6647,25,6100000,0,user_41,449,459,
8917,29,6100000,0,user_42,456,459,
4924,32,5200000,0,user_27,442,459,
4948,31,5200000,0,user_48,442,459,
5364,34,5200000,0,user_46,444,459,
5352,33,5200000,0,user_34,444,459,
5593,30,5200000,21800,user_30,445,459,
5143,39,5000000,0,user_31,443,459,
4724,38,5000000,0,user_16,440,459,
5369,40,5000000,0,user_48,444,459,
7835,37,5000000,0,user_38,453,459,
7209,44,4500000,32900,user_45,451,459,
6119,46,4500000,0,user_38,447,459,
5614,45,4500000,0,user_48,445,459,
6378,47,4500000,0,user_40,448,459,
6649,43,4500000,256000,user_42,449,459,
7505,48,4500000,0,user_27,452,459,
8167,42,4500000,215000,user_37,454,459,
8156,41,4500000,510000,user_28,454,459,
8540,53,4200000,0,user_48,455,459,
4949,52,4200000,0,user_49,442,459,
4757,51,4200000,0,user_49,440,459,
5853,50,4200000,46500,user_37,446,459,
4927,57,3600000,75000,user_30,442,459,
6634,54,3600000,256000,user_31,449,459,
6644,55,3600000,0,user_40,449,459,
6916,56,3600000,0,user_47,450,459,
5125,60,3500001,0,user_12,443,459,4944
5138,61,3500001,0,user_26,443,459,4944
5110,59,3500001,0,user_1,443,459,4944
4944,65,3500000,161000,user_47,442,459,
6918,64,3500000,410000,user_47,450,459,
7836,63,3500000,0,user_38,453,459,
5128,67,3499999,0,user_13,443,459,4944
5117,68,3499999,0,user_6,443,459,4944
5129,69,3499999,0,user_15,443,459,4944
5130,70,3499999,0,user_15,443,459,4944
5133,71,3499999,0,user_18,443,459,4944
5111,66,3499999,0,user_2,443,459,4944
5317,73,3499999,0,user_8,444,459,4944
5321,72,3499999,0,user_9,444,459,4944
7517,78,3200000,0,user_44,452,459,
6376,77,3200000,0,user_39,448,459,
7828,76,3200000,0,user_31,453,459,
7837,74,3200000,0,user_38,453,459,
8159,75,3200000,0,user_31,454,459,
7208,81,2600000,0,user_44,451,459,
5362,82,2600000,0,user_44,444,459,
6127,88,2500000,0,user_46,447,459,
6118,86,2500000,0,user_37,447,459,
4947,87,2500000,0,user_47,442,459,
6631,85,2500000,0,user_28,449,459,
7843,84,2500000,0,user_45,453,459,
8542,90,2400000,0,user_48,455,459,
7201,92,2300000,0,user_36,451,459,
5154,91,2300000,0,user_42,443,459,
8163,94,2100000,769000,user_35,454,459,
8541,97,2100000,0,user_48,455,459,
8534,95,2100000,0,user_45,455,459,
5140,96,2100000,11200,user_27,443,459,
7830,93,2100000,0,user_33,453,459,
5113,91,2000001,0,user_4,443,457,4770
5114,98,2000001,0,user_6,443,457,4770
5118,92,2000001,0,user_7,443,457,4770
5132,93,2000001,0,user_17,443,457,4770
4779,97,2000001,0,user_12,441,457,4770
5336,89,2000001,0,user_16,444,457,4770
5544,95,2000001,0,user_1,445,458,4770
5568,98,2000001,0,user_12,445,459,4770
5582,99,2000001,0,user_20,445,458,4770
5579,99,2000001,0,user_19,445,459,4770
5586,97,2000001,0,user_25,445,458,4770
5587,98,2000001,0,user_26,445,458,4770
5823,95,2000001,0,user_8,446,456,4770
8532,96,2000000,0,user_44,455,456,
8520,97,2000000,0,user_29,455,456,
7202,98,2000000,0,user_36,451,456,
5156,99,2000000,0,user_44,443,456,
9304,0,43000000,410000,user_45,457,459,
6125,2,43000000,0,user_44,447,459,
6645,1,43000000,0,user_40,449,459,
8173,3,30000000,0,user_44,454,459,
9302,4,27000000,0,user_44,457,459,
9305,5,27000000,0,user_45,457,459,
6372,9,27000000,0,user_37,448,459,
6107,7,27000000,0,user_28,447,459,
4931,8,27000000,0,user_33,442,459,
8155,6,27000000,0,user_27,454,459,
4726,13,19000000,0,user_19,440,459,
6914,12,19000000,0,user_44,450,459,
8908,23,6300000,594000,user_34,456,459,
5349,21,6300000,0,user_29,444,459,
5360,22,6300000,0,user_43,444,459,
5347,20,6300000,5630,user_27,444,459,
4737,18,6300000,0,user_29,440,459,
4806,17,6300000,0,user_37,441,459,
5153,19,6300000,0,user_42,443,459,
5594,15,6300000,0,user_31,445,459,
5841,16,6300000,0,user_29,446,459,
8917,29,6100000,0,user_42,456,459,
6641,24,6100000,0,user_37,449,459,
4743,28,6100000,0,user_36,440,459,
5863,26,6100000,0,user_45,446,459,
5842,27,6100000,0,user_30,446,459,
6647,25,6100000,0,user_41,449,459,
5364,34,5200000,0,user_46,444,459,
5352,33,5200000,0,user_34,444,459,
4924,32,5200000,0,user_27,442,459,
4948,31,5200000,0,user_48,442,459,
5593,30,5200000,21800,user_30,445,459,
7835,37,5000000,0,user_38,453,459,
5369,40,5000000,0,user_48,444,459,
5143,39,5000000,0,user_31,443,459,
4724,38,5000000,0,user_16,440,459,
9288,35,5000000,0,user_33,457,459,
8156,41,4500000,510000,user_28,454,459,
8167,42,4500000,215000,user_37,454,459,
7505,48,4500000,0,user_27,452,459,
7209,44,4500000,32900,user_45,451,459,
6378,47,4500000,0,user_40,448,459,
6119,46,4500000,0,user_38,447,459,
5614,45,4500000,0,user_48,445,459,
6649,43,4500000,256000,user_42,449,459,
8540,53,4200000,0,user_48,455,459,
4949,52,4200000,0,user_49,442,459,
4757,51,4200000,0,user_49,440,459,
5853,50,4200000,46500,user_37,446,459,
4927,57,3600000,75000,user_30,442,459,
6644,55,3600000,0,user_40,449,459,
6634,54,3600000,256000,user_31,449,459,
6916,56,3600000,0,user_47,450,459,
5110,59,3500001,0,user_1,443,459,4944
5125,60,3500001,0,user_12,443,459,4944
5138,61,3500001,0,user_26,443,459,4944
7836,63,3500000,0,user_38,453,459,
4944,65,3500000,161000,user_47,442,459,
6918,64,3500000,410000,user_47,450,459,
5111,66,3499999,0,user_2,443,459,4944
5317,73,3499999,0,user_8,444,459,4944
5128,67,3499999,0,user_13,443,459,4944
5133,71,3499999,0,user_18,443,459,4944
5129,69,3499999,0,user_15,443,459,4944
5130,70,3499999,0,user_15,443,459,4944
5321,72,3499999,0,user_9,444,459,4944
5117,68,3499999,0,user_6,443,459,4944
7828,76,3200000,0,user_31,453,459,
7837,74,3200000,0,user_38,453,459,
8159,75,3200000,0,user_31,454,459,
7517,78,3200000,0,user_44,452,459,
6376,77,3200000,0,user_39,448,459,
7208,81,2600000,0,user_44,451,459,
5362,82,2600000,0,user_44,444,459,
9300,80,2600000,71800,user_41,457,459,
7843,84,2500000,0,user_45,453,459,
6127,88,2500000,0,user_46,447,459,
6118,86,2500000,0,user_37,447,459,
6631,85,2500000,0,user_28,449,459,
4947,87,2500000,0,user_47,442,459,
8542,90,2400000,0,user_48,455,459,
8905,89,2400000,0,user_31,456,459,
7201,92,2300000,0,user_36,451,459,
5154,91,2300000,0,user_42,443,459,
7830,93,2100000,0,user_33,453,459,
8163,94,2100000,769000,user_35,454,459,
8541,97,2100000,0,user_48,455,459,
8534,95,2100000,0,user_45,455,459,
5140,96,2100000,11200,user_27,443,459,
5336,89,2000001,0,user_16,444,457,4770
5544,95,2000001,0,user_1,445,458,4770
5113,91,2000001,0,user_4,443,457,4770
5118,92,2000001,0,user_7,443,457,4770
5132,93,2000001,0,user_17,443,457,4770
5568,98,2000001,0,user_12,445,459,4770
5579,99,2000001,0,user_19,445,459,4770
5582,99,2000001,0,user_20,445,458,4770
4779,97,2000001,0,user_12,441,457,4770
5114,98,2000001,0,user_6,443,457,4770
5586,97,2000001,0,user_25,445,458,4770
6645,1,43000000,0,user_40,449,459,
6125,2,43000000,0,user_44,447,459,
9304,0,43000000,410000,user_45,457,459,
8173,3,30000000,0,user_44,454,459,
6372,9,27000000,0,user_37,448,459,
4931,8,27000000,0,user_33,442,459,
6107,7,27000000,0,user_28,447,459,
8155,6,27000000,0,user_27,454,459,
9305,5,27000000,0,user_45,457,459,
9302,4,27000000,0,user_44,457,459,
9691,10,19000000,0,user_44,458,459,
6914,12,19000000,0,user_44,450,459,
4726,13,19000000,0,user_19,440,459,
9697,11,19000000,0,user_47,458,459,
5594,15,6300000,0,user_31,445,459,
5349,21,6300000,0,user_29,444,459,
5360,22,6300000,0,user_43,444,459,
4737,18,6300000,0,user_29,440,459,
4806,17,6300000,0,user_37,441,459,
5153,19,6300000,0,user_42,443,459,
5347,20,6300000,5630,user_27,444,459,
5841,16,6300000,0,user_29,446,459,
8908,23,6300000,594000,user_34,456,459,
6641,24,6100000,0,user_37,449,459,
6647,25,6100000,0,user_41,449,459,
5863,26,6100000,0,user_45,446,459,
4743,28,6100000,0,user_36,440,459,
5842,27,6100000,0,user_30,446,459,
8917,29,6100000,0,user_42,456,459,
5593,30,5200000,21800,user_30,445,459,
5364,34,5200000,0,user_46,444,459,
5352,33,5200000,0,user_34,444,459,
4948,31,5200000,0,user_48,442,459,
4924,32,5200000,0,user_27,442,459,
7835,37,5000000,0,user_38,453,459,
5369,40,5000000,0,user_48,444,459,
4724,38,5000000,0,user_16,440,459,
5143,39,5000000,0,user_31,443,459,
9288,35,5000000,0,user_33,457,459,
9676,36,5000000,0,user_29,458,459,
8156,41,4500000,510000,user_28,454,459,
8167,42,4500000,215000,user_37,454,459,
6119,46,4500000,0,user_38,447,459,
6378,47,4500000,0,user_40,448,459,
6649,43,4500000,256000,user_42,449,459,
5614,45,4500000,0,user_48,445,459,
7209,44,4500000,32900,user_45,451,459,
7505,48,4500000,0,user_27,452,459,
9693,49,4200000,0,user_44,458,459,
5853,50,4200000,46500,user_37,446,459,
4757,51,4200000,0,user_49,440,459,
4949,52,4200000,0,user_49,442,459,
8540,53,4200000,0,user_48,455,459,
6644,55,3600000,0,user_40,449,459,
6634,54,3600000,256000,user_31,449,459,
4927,57,3600000,75000,user_30,442,459,
6916,56,3600000,0,user_47,450,459,
5110,59,3500001,0,user_1,443,459,4944
5125,60,3500001,0,user_12,443,459,4944
5138,61,3500001,0,user_26,443,459,4944
7836,63,3500000,0,user_38,453,459,
4944,65,3500000,161000,user_47,442,459,
6918,64,3500000,410000,user_47,450,459,
9701,62,3500000,0,user_48,458,459,
5317,73,3499999,0,user_8,444,459,4944
5321,72,3499999,0,user_9,444,459,4944
5111,66,3499999,0,user_2,443,459,4944
5129,69,3499999,0,user_15,443,459,4944
5130,70,3499999,0,user_15,443,459,4944
5128,67,3499999,0,user_13,443,459,4944
5133,71,3499999,0,user_18,443,459,4944
5117,68,3499999,0,user_6,443,459,4944
7828,76,3200000,0,user_31,453,459,
7837,74,3200000,0,user_38,453,459,
6376,77,3200000,0,user_39,448,459,
7517,78,3200000,0,user_44,452,459,
8159,75,3200000,0,user_31,454,459,
5362,82,2600000,0,user_44,444,459,
7208,81,2600000,0,user_44,451,459,
9300,80,2600000,71800,user_41,457,459,
7843,84,2500000,0,user_45,453,459,
6631,85,2500000,0,user_28,449,459,
6118,86,2500000,0,user_37,447,459,
6127,88,2500000,0,user_46,447,459,
4947,87,2500000,0,user_47,442,459,
9681,83,2500000,0,user_34,458,459,
8542,90,2400000,0,user_48,455,459,
8905,89,2400000,0,user_31,456,459,
5154,91,2300000,0,user_42,443,459,
7201,92,2300000,0,user_36,451,459,
7830,93,2100000,0,user_33,453,459,
5140,96,2100000,11200,user_27,443,459,
8163,94,2100000,769000,user_35,454,459,
8534,95,2100000,0,user_45,455,459,
8541,97,2100000,0,user_48,455,459,
5544,95,2000001,0,user_1,445,458,4770
5568,98,2000001,0,user_12,445,459,4770
5586,97,2000001,0,user_25,445,458,4770
5587,98,2000001,0,user_26,445,458,4770
5582,99,2000001,0,user_20,445,458,4770
9304,0,43000000,410000,user_45,457,459,
6645,1,43000000,0,user_40,449,459,
6125,2,43000000,0,user_44,447,459,
8173,3,30000000,0,user_44,454,459,
9302,4,27000000,0,user_44,457,459,
9305,5,27000000,0,user_45,457,459,
8155,6,27000000,0,user_27,454,459,
6107,7,27000000,0,user_28,447,459,
4931,8,27000000,0,user_33,442,459,
6372,9,27000000,0,user_37,448,459,
9691,10,19000000,0,user_44,458,459,
9697,11,19000000,0,user_47,458,459,
6914,12,19000000,0,user_44,450,459,
4726,13,19000000,0,user_19,440,459,
10103,14,19000000,0,user_48,459,459,
5594,15,6300000,0,user_31,445,459,
5841,16,6300000,0,user_29,446,459,
4806,17,6300000,0,user_37,441,459,
4737,18,6300000,0,user_29,440,459,
5153,19,6300000,0,user_42,443,459,
5347,20,6300000,5630,user_27,444,459,
5349,21,6300000,0,user_29,444,459,
5360,22,6300000,0,user_43,444,459,
8908,23,6300000,594000,user_34,456,459,
6641,24,6100000,0,user_37,449,459,
6647,25,6100000,0,user_41,449,459,
5863,26,6100000,0,user_45,446,459,
5842,27,6100000,0,user_30,446,459,
4743,28,6100000,0,user_36,440,459,
8917,29,6100000,0,user_42,456,459,
5593,30,5200000,21800,user_30,445,459,
4948,31,5200000,0,user_48,442,459,
4924,32,5200000,0,user_27,442,459,
5352,33,5200000,0,user_34,444,459,
5364,34,5200000,0,user_46,444,459,
9288,35,5000000,0,user_33,457,459,
9676,36,5000000,0,user_29,458,459,
7835,37,5000000,0,user_38,453,459,
4724,38,5000000,0,user_16,440,459,
5143,39,5000000,0,user_31,443,459,
5369,40,5000000,0,user_48,444,459,
8156,41,4500000,510000,user_28,454,459,
8167,42,4500000,215000,user_37,454,459,
6649,43,4500000,256000,user_42,449,459,
7209,44,4500000,32900,user_45,451,459,
5614,45,4500000,0,user_48,445,459,
6119,46,4500000,0,user_38,447,459,
6378,47,4500000,0,user_40,448,459,
7505,48,4500000,0,user_27,452,459,
9693,49,4200000,0,user_44,458,459,
5853,50,4200000,46500,user_37,446,459,
4757,51,4200000,0,user_49,440,459,
4949,52,4200000,0,user_49,442,459,
8540,53,4200000,0,user_48,455,459,
6634,54,3600000,256000,user_31,449,459,
6644,55,3600000,0,user_40,449,459,
6916,56,3600000,0,user_47,450,459,
4927,57,3600000,75000,user_30,442,459,
10092,58,3600000,0,user_34,459,459,
5110,59,3500001,0,user_1,443,459,4944
5125,60,3500001,0,user_12,443,459,4944
5138,61,3500001,0,user_26,443,459,4944
9701,62,3500000,0,user_48,458,459,
7836,63,3500000,0,user_38,453,459,
6918,64,3500000,410000,user_47,450,459,
4944,65,3500000,161000,user_47,442,459,
5111,66,3499999,0,user_2,443,459,4944
5128,67,3499999,0,user_13,443,459,4944
5117,68,3499999,0,user_6,443,459,4944
5129,69,3499999,0,user_15,443,459,4944
5130,70,3499999,0,user_15,443,459,4944
5133,71,3499999,0,user_18,443,459,4944
5321,72,3499999,0,user_9,444,459,4944
5317,73,3499999,0,user_8,444,459,4944
7837,74,3200000,0,user_38,453,459,
8159,75,3200000,0,user_31,454,459,
7828,76,3200000,0,user_31,453,459,
6376,77,3200000,0,user_39,448,459,
7517,78,3200000,0,user_44,452,459,
10096,79,3200000,0,user_39,459,459,
9300,80,2600000,71800,user_41,457,459,
7208,81,2600000,0,user_44,451,459,
5362,82,2600000,0,user_44,444,459,
9681,83,2500000,0,user_34,458,459,
7843,84,2500000,0,user_45,453,459,
6631,85,2500000,0,user_28,449,459,
6118,86,2500000,0,user_37,447,459,
4947,87,2500000,0,user_47,442,459,
6127,88,2500000,0,user_46,447,459,
8905,89,2400000,0,user_31,456,459,
8542,90,2400000,0,user_48,455,459,
5154,91,2300000,0,user_42,443,459,
7201,92,2300000,0,user_36,451,459,
7830,93,2100000,0,user_33,453,459,
8163,94,2100000,769000,user_35,454,459,
8534,95,2100000,0,user_45,455,459,
5140,96,2100000,11200,user_27,443,459,
8541,97,2100000,0,user_48,455,459,
5568,98,2000001,0,user_12,445,459,4770
5579,99,2000001,0,user_19,445,459,4770
4726,13,19000000,0,user_19,460,479,
4737,18,6300000,0,user_29,460,479,
4743,28,6100000,0,user_36,460,479,
4724,38,5000000,0,user_16,460,479,
4736,92,2000000,0,user_28,460,474,
4723,93,2000000,0,user_16,460,474,
4740,94,2000000,0,user_34,460,474,
4734,97,1900000,0,user_24,460,470,
4731,97,1700000,0,user_23,460,469,
4735,94,1500000,128000,user_27,460,467,
4730,94,1400000,0,user_23,460,465,
4732,95,1400000,0,user_23,460,465,
4749,96,1400000,0,user_42,460,465,
4713,99,1300000,0,user_4,460,465,
4753,84,1000000,0,user_44,460,464,
4751,83,1000000,0,user_42,460,464,
4714,74,670000,0,user_6,460,463,
4715,78,530000,0,user_7,460,463,
4717,79,470000,0,user_9,460,463,
4752,85,350000,0,user_42,460,463,
4716,88,320000,0,user_8,460,463,
4722,90,310000,0,user_16,460,463,
4754,69,260000,0,user_45,460,462,
4755,68,260000,0,user_48,460,462,
4729,74,170000,0,user_23,460,462,
4725,77,160000,0,user_16,460,462,
4733,78,160000,0,user_24,460,462,
4745,84,120000,0,user_40,460,462,
4750,85,120000,0,user_42,460,462,
4747,65,110000,33300,user_41,460,461,
4718,72,100000,0,user_11,460,461,
4719,73,100000,0,user_11,460,461,
4721,75,82000,0,user_14,460,461,
4728,74,82000,0,user_23,460,461,
4746,76,82000,0,user_40,460,461,
4727,77,80000,0,user_20,460,461,
4748,80,73000,195000,user_42,460,461,
4720,37,70000,0,user_13,460,460,
4737,18,6300000,0,user_29,460,479,
4806,17,6300000,0,user_37,461,479,
4743,28,6100000,0,user_36,460,479,
4724,38,5000000,0,user_16,460,479,
4757,51,4200000,0,user_49,460,479,
4779,97,2000001,0,user_12,461,477,4770
4723,93,2000000,0,user_16,460,474,
4736,92,2000000,0,user_28,460,474,
4740,94,2000000,0,user_34,460,474,
4770,99,2000000,350000,user_0,461,475,
4800,98,2000000,0,user_32,461,475,
4803,96,2000000,0,user_36,461,474,
4734,97,1900000,0,user_24,460,470,
4731,97,1700000,0,user_23,460,469,
4780,98,1500001,0,user_14,461,468,4735
4793,99,1500001,0,user_22,461,468,4735
4735,94,1500000,128000,user_27,460,467,
4771,99,1499999,0,user_1,461,467,4735
4792,94,1499999,0,user_21,461,466,4735
4794,95,1499999,0,user_22,461,466,4735
4786,96,1499999,0,user_17,461,466,4735
4787,97,1499999,0,user_17,461,466,4735
4788,98,1499999,0,user_17,461,466,4735
4730,94,1400000,0,user_23,460,465,
4732,95,1400000,0,user_23,460,465,
4749,96,1400000,0,user_42,460,465,
4769,97,1400000,0,user_0,461,465,
4713,99,1300000,0,user_4,460,465,
4756,82,1100000,0,user_49,460,464,
4741,81,1100000,0,user_35,460,464,
4753,84,1000000,0,user_44,460,464,
4751,83,1000000,0,user_42,460,464,
4714,74,670000,0,user_6,460,463,
4715,78,530000,0,user_7,460,463,
4717,79,470000,0,user_9,460,463,
4809,81,460000,12300,user_44,461,463,
4739,84,370000,0,user_31,460,463,
4752,85,350000,0,user_42,460,463,
4744,86,340000,0,user_38,460,463,
4716,88,320000,0,user_8,460,463,
4722,90,310000,0,user_16,460,463,
4813,95,300000,71800,user_46,461,463,
4738,67,260000,0,user_31,460,462,
4755,68,260000,0,user_48,460,462,
4754,69,260000,0,user_45,460,462,
4804,70,260000,0,user_37,461,462,
4810,71,240000,0,user_45,461,462,
4799,72,220000,0,user_28,461,462,
4801,73,190000,0,user_33,461,462,
4729,74,170000,0,user_23,460,462,
4807,75,170000,0,user_40,461,462,
4725,77,160000,0,user_16,460,462,
4733,78,160000,0,user_24,460,462,
4811,79,160000,0,user_45,461,462,
4802,80,160000,0,user_33,461,462,
4798,81,160000,0,user_27,461,462,
4805,82,150000,0,user_37,461,462,
4745,84,120000,0,user_40,460,462,
4750,85,120000,0,user_42,460,462,
4812,86,120000,0,user_46,461,462,
4781,91,110001,0,user_14,461,462,4747
4782,93,110001,0,user_15,461,462,4747
4791,92,110001,0,user_21,461,462,4747
4784,94,110001,0,user_17,461,462,4747
4789,95,110001,0,user_18,461,462,4747
4747,65,110000,33300,user_41,460,461,
4742,66,110000,0,user_35,460,461,
4775,67,109999,0,user_6,461,461,4747
4796,68,109999,0,user_25,461,461,4747
4797,69,109999,0,user_26,461,461,4747
4785,70,109999,0,user_17,461,461,4747
4795,71,109999,0,user_24,461,461,4747
4718,72,100000,0,user_11,460,461,
4719,73,100000,0,user_11,460,461,
4728,74,82000,0,user_23,460,461,
4721,75,82000,0,user_14,460,461,
4746,76,82000,0,user_40,460,461,
4727,77,80000,0,user_20,460,461,
4790,78,73001,0,user_20,461,461,4748
4772,79,73001,0,user_3,461,461,4748
4748,80,73000,195000,user_42,460,461,
4774,81,72999,0,user_5,461,461,4748
4777,82,72999,0,user_10,461,461,4748
4773,83,72999,0,user_3,461,461,4748
4776,84,72999,0,user_6,461,461,4748
4778,85,72999,0,user_11,461,461,4748
4783,86,72999,0,user_16,461,461,4748
4931,8,27000000,0,user_33,462,479,
4726,13,19000000,0,user_19,460,479,
4737,18,6300000,0,user_29,460,479,
4806,17,6300000,0,user_37,461,479,
4743,28,6100000,0,user_36,460,479,
4948,31,5200000,0,user_48,462,479,
4924,32,5200000,0,user_27,462,479,
4724,38,5000000,0,user_16,460,479,
4757,51,4200000,0,user_49,460,479,
4927,57,3600000,75000,user_30,462,479,
4944,65,3500000,161000,user_47,462,479,
4947,87,2500000,0,user_47,462,479,
4779,97,2000001,0,user_12,461,477,4770
4736,92,2000000,0,user_28,460,474,
4723,93,2000000,0,user_16,460,474,
4740,94,2000000,0,user_34,460,474,
4770,99,2000000,350000,user_0,461,475,
4803,96,2000000,0,user_36,461,474,
4800,98,2000000,0,user_32,461,475,
4734,97,1900000,0,user_24,460,470,
4731,97,1700000,0,user_23,460,469,
4808,99,1600000,0,user_43,461,469,
4780,98,1500001,0,user_14,461,468,4735
4793,99,1500001,0,user_22,461,468,4735
4922,97,1500001,0,user_24,462,468,4735
4735,94,1500000,128000,user_27,460,467,
4771,99,1499999,0,user_1,461,467,4735
4792,94,1499999,0,user_21,461,466,4735
4794,95,1499999,0,user_22,461,466,4735
4786,96,1499999,0,user_17,461,466,4735
4787,97,1499999,0,user_17,461,466,4735
4788,98,1499999,0,user_17,461,466,4735
4895,99,1499999,0,user_2,462,466,4735
4912,98,1499999,0,user_21,462,467,4735
4730,94,1400000,0,user_23,460,465,
4732,95,1400000,0,user_23,460,465,
4749,96,1400000,0,user_42,460,465,
4769,97,1400000,0,user_0,461,465,
4932,92,1400000,0,user_33,462,465,
4713,99,1300000,0,user_4,460,465,
4756,82,1100000,0,user_49,460,464,
4741,81,1100000,0,user_35,460,464,
4753,84,1000000,0,user_44,460,464,
4751,83,1000000,0,user_42,460,464,
4714,74,670000,0,user_6,460,463,
4939,76,630000,0,user_39,462,463,
4935,77,600000,0,user_37,462,463,
4715,78,530000,0,user_7,460,463,
4717,79,470000,0,user_9,460,463,
4903,80,460001,0,user_11,462,463,4809
4809,81,460000,12300,user_44,461,463,
4902,83,459999,0,user_11,462,463,4809
4739,84,370000,0,user_31,460,463,
4752,85,350000,0,user_42,460,463,
4744,86,340000,0,user_38,460,463,
4716,88,320000,0,user_8,460,463,
4722,90,310000,0,user_16,460,463,
4925,89,310000,0,user_30,462,463,
4907,92,300001,0,user_14,462,463,4813
4921,93,300001,0,user_23,462,463,4813
4901,94,300001,0,user_9,462,463,4813
4813,95,300000,71800,user_46,461,463,
4896,96,299999,0,user_4,462,463,4813
4911,97,299999,0,user_20,462,463,4813
4899,99,299999,0,user_6,462,463,4813
4900,65,299999,0,user_6,462,462,4813
4915,98,299999,0,user_21,462,463,4813
4738,67,260000,0,user_31,460,462,
4755,68,260000,0,user_48,460,462,
4754,69,260000,0,user_45,460,462,
4804,70,260000,0,user_37,461,462,
4810,71,240000,0,user_45,461,462,
4799,72,220000,0,user_28,461,462,
4801,73,190000,0,user_33,461,462,
4729,74,170000,0,user_23,460,462,
4807,75,170000,0,user_40,461,462,
4943,76,170000,4320000,user_47,462,462,
4725,77,160000,0,user_16,460,462,
4733,78,160000,0,user_24,460,462,
4811,79,160000,0,user_45,461,462,
4802,80,160000,0,user_33,461,462,
4798,81,160000,0,user_27,461,462,
4805,82,150000,0,user_37,461,462,
4945,83,150000,0,user_47,462,462,
4745,84,120000,0,user_40,460,462,
4750,85,120000,0,user_42,460,462,
4812,86,120000,0,user_46,461,462,
4814,87,120000,0,user_49,461,462,
4938,88,120000,0,user_39,462,462,
4934,89,120000,0,user_36,462,462,
4946,90,120000,46500,user_47,462,462,
4781,91,110001,0,user_14,461,462,4747
4791,92,110001,0,user_21,461,462,4747
4782,93,110001,0,user_15,461,462,4747
4784,94,110001,0,user_17,461,462,4747
4789,95,110001,0,user_18,461,462,4747
4897,96,110001,0,user_5,462,462,4747
4898,97,110001,0,user_5,462,462,4747
4905,98,110001,0,user_12,462,462,4747
4908,99,110001,0,user_15,462,462,4747
4931,8,27000000,0,user_33,462,479,
4726,13,19000000,0,user_19,460,479,
4806,17,6300000,0,user_37,461,479,
4737,18,6300000,0,user_29,460,479,
5153,19,6300000,0,user_42,463,479,
4743,28,6100000,0,user_36,460,479,
4948,31,5200000,0,user_48,462,479,
4924,32,5200000,0,user_27,462,479,
4724,38,5000000,0,user_16,460,479,
4757,51,4200000,0,user_49,460,479,
4949,52,4200000,0,user_49,462,479,
4927,57,3600000,75000,user_30,462,479,
5110,59,3500001,0,user_1,463,479,4944
5125,60,3500001,0,user_12,463,479,4944
5138,61,3500001,0,user_26,463,479,4944
4944,65,3500000,161000,user_47,462,479,
5111,66,3499999,0,user_2,463,479,4944
5128,67,3499999,0,user_13,463,479,4944
5117,68,3499999,0,user_6,463,479,4944
5129,69,3499999,0,user_15,463,479,4944
5130,70,3499999,0,user_15,463,479,4944
5133,71,3499999,0,user_18,463,479,4944
4947,87,2500000,0,user_47,462,479,
5154,91,2300000,0,user_42,463,479,
5140,96,2100000,11200,user_27,463,479,
4779,97,2000001,0,user_12,461,477,4770
5113,91,2000001,0,user_4,463,477,4770
5114,98,2000001,0,user_6,463,477,4770
5118,92,2000001,0,user_7,463,477,4770
5132,93,2000001,0,user_17,463,477,4770
4800,98,2000000,0,user_32,461,475,
4770,99,2000000,350000,user_0,461,475,
4803,96,2000000,0,user_36,461,474,
5156,99,2000000,0,user_44,463,476,
4723,93,2000000,0,user_16,460,474,
4740,94,2000000,0,user_34,460,474,
4736,92,2000000,0,user_28,460,474,
5116,98,1999999,0,user_6,463,473,4770
5135,93,1999999,0,user_23,463,473,4770
4734,97,1900000,0,user_24,460,470,
4731,97,1700000,0,user_23,460,469,
4808,99,1600000,0,user_43,461,469,
4922,97,1500001,0,user_24,462,468,4735
4780,98,1500001,0,user_14,461,468,4735
4793,99,1500001,0,user_22,461,468,4735
5119,95,1500001,0,user_7,463,468,4735
5124,94,1500001,0,user_12,463,468,4735
5136,96,1500001,0,user_24,463,468,4735
4735,94,1500000,128000,user_27,460,467,
5145,95,1500000,0,user_34,463,467,
5142,96,1500000,0,user_30,463,467,
4912,98,1499999,0,user_21,462,467,4735
4771,99,1499999,0,user_1,461,467,4735
4786,96,1499999,0,user_17,461,466,4735
4787,97,1499999,0,user_17,461,466,4735
4788,98,1499999,0,user_17,461,466,4735
4794,95,1499999,0,user_22,461,466,4735
4792,94,1499999,0,user_21,461,466,4735
4895,99,1499999,0,user_2,462,466,4735
5134,84,1499999,0,user_21,463,465,4735
5137,85,1499999,0,user_25,463,465,4735
4932,92,1400000,0,user_33,462,465,
4769,97,1400000,0,user_0,461,465,
4730,94,1400000,0,user_23,460,465,
4732,95,1400000,0,user_23,460,465,
4749,96,1400000,0,user_42,460,465,
5141,98,1300000,18600,user_28,463,465,
4713,99,1300000,0,user_4,460,465,
4929,80,1200000,0,user_31,462,464,
4741,81,1100000,0,user_35,460,464,
4756,82,1100000,0,user_49,460,464,
4753,84,1000000,0,user_44,460,464,
4751,83,1000000,0,user_42,460,464,
5144,96,910000,7190000,user_32,463,464,
4714,74,670000,0,user_6,460,463,
5139,75,660000,7190000,user_27,463,463,
4939,76,630000,0,user_39,462,463,
4935,77,600000,0,user_37,462,463,
4715,78,530000,0,user_7,460,463,
4717,79,470000,0,user_9,460,463,
4903,80,460001,0,user_11,462,463,4809
4809,81,460000,12300,user_44,461,463,
5152,82,460000,0,user_41,463,463,
4902,83,459999,0,user_11,462,463,4809
4739,84,370000,0,user_31,460,463,
4752,85,350000,0,user_42,460,463,
4744,86,340000,0,user_38,460,463,
5150,87,340000,0,user_37,463,463,
4716,88,320000,0,user_8,460,463,
4925,89,310000,0,user_30,462,463,
4722,90,310000,0,user_16,460,463,
5148,91,310000,0,user_36,463,463,
4907,92,300001,0,user_14,462,463,4813
4921,93,300001,0,user_23,462,463,4813
4901,94,300001,0,user_9,462,463,4813
4813,95,300000,71800,user_46,461,463,
4896,96,299999,0,user_4,462,463,4813
4911,97,299999,0,user_20,462,463,4813
4915,98,299999,0,user_21,462,463,4813
4899,99,299999,0,user_6,462,463,4813
4931,8,27000000,0,user_33,462,479,
4726,13,19000000,0,user_19,460,479,
5153,19,6300000,0,user_42,463,479,
4806,17,6300000,0,user_37,461,479,
4737,18,6300000,0,user_29,460,479,
5349,21,6300000,0,user_29,464,479,
5347,20,6300000,5630,user_27,464,479,
4743,28,6100000,0,user_36,460,479,
4924,32,5200000,0,user_27,462,479,
4948,31,5200000,0,user_48,462,479,
5364,34,5200000,0,user_46,464,479,
5352,33,5200000,0,user_34,464,479,
5143,39,5000000,0,user_31,463,479,
4724,38,5000000,0,user_16,460,479,
5369,40,5000000,0,user_48,464,479,
4949,52,4200000,0,user_49,462,479,
4757,51,4200000,0,user_49,460,479,
4927,57,3600000,75000,user_30,462,479,
5125,60,3500001,0,user_12,463,479,4944
5138,61,3500001,0,user_26,463,479,4944
5110,59,3500001,0,user_1,463,479,4944
4944,65,3500000,161000,user_47,462,479,
5128,67,3499999,0,user_13,463,479,4944
5117,68,3499999,0,user_6,463,479,4944
5129,69,3499999,0,user_15,463,479,4944
5130,70,3499999,0,user_15,463,479,4944
5133,71,3499999,0,user_18,463,479,4944
5111,66,3499999,0,user_2,463,479,4944
5317,73,3499999,0,user_8,464,479,4944
5321,72,3499999,0,user_9,464,479,4944
5362,82,2600000,0,user_44,464,479,
4947,87,2500000,0,user_47,462,479,
5154,91,2300000,0,user_42,463,479,
5140,96,2100000,11200,user_27,463,479,
5113,91,2000001,0,user_4,463,477,4770
5114,98,2000001,0,user_6,463,477,4770
5118,92,2000001,0,user_7,463,477,4770
5132,93,2000001,0,user_17,463,477,4770
4779,97,2000001,0,user_12,461,477,4770
5336,89,2000001,0,user_16,464,477,4770
5156,99,2000000,0,user_44,463,476,
4770,99,2000000,350000,user_0,461,475,
4803,96,2000000,0,user_36,461,474,
4736,92,2000000,0,user_28,460,474,
4723,93,2000000,0,user_16,460,474,
4740,94,2000000,0,user_34,460,474,
4800,98,2000000,0,user_32,461,475,
5116,98,1999999,0,user_6,463,473,4770
5135,93,1999999,0,user_23,463,473,4770
4734,97,1900000,0,user_24,460,470,
5366,96,1800000,0,user_47,464,469,
4731,97,1700000,0,user_23,460,469,
4808,99,1600000,0,user_43,461,469,
5124,94,1500001,0,user_12,463,468,4735
5119,95,1500001,0,user_7,463,468,4735
5136,96,1500001,0,user_24,463,468,4735
4922,97,1500001,0,user_24,462,468,4735
4780,98,1500001,0,user_14,461,468,4735
4793,99,1500001,0,user_22,461,468,4735
5142,96,1500000,0,user_30,463,467,
5145,95,1500000,0,user_34,463,467,
4735,94,1500000,128000,user_27,460,467,
5350,97,1500000,0,user_30,464,467,
5134,84,1499999,0,user_21,463,465,4735
4895,99,1499999,0,user_2,462,466,4735
5137,85,1499999,0,user_25,463,465,4735
4771,99,1499999,0,user_1,461,467,4735
4912,98,1499999,0,user_21,462,467,4735
4792,94,1499999,0,user_21,461,466,4735
4786,96,1499999,0,user_17,461,466,4735
4787,97,1499999,0,user_17,461,466,4735
4788,98,1499999,0,user_17,461,466,4735
4794,95,1499999,0,user_22,461,466,4735
4749,96,1400000,0,user_42,460,465,
4769,97,1400000,0,user_0,461,465,
4932,92,1400000,0,user_33,462,465,
4730,94,1400000,0,user_23,460,465,
4732,95,1400000,0,user_23,460,465,
5141,98,1300000,18600,user_28,463,465,
4713,99,1300000,0,user_4,460,465,
4929,80,1200000,0,user_31,462,464,
4741,81,1100000,0,user_35,460,464,
4756,82,1100000,0,user_49,460,464,
4751,83,1000000,0,user_42,460,464,
4753,84,1000000,0,user_44,460,464,
5353,85,1000000,0,user_36,464,464,
5312,86,910001,0,user_1,464,464,5144
5314,87,910001,0,user_2,464,464,5144
5323,88,910001,0,user_10,464,464,5144
5324,89,910001,0,user_11,464,464,5144
5325,90,910001,0,user_11,464,464,5144
5341,91,910001,0,user_19,464,464,5144
5315,92,910001,0,user_3,464,464,5144
5319,93,910001,0,user_8,464,464,5144
5320,94,910001,0,user_9,464,464,5144
5322,95,910001,0,user_9,464,464,5144
5144,96,910000,7190000,user_32,463,464,
5328,97,909999,0,user_13,464,464,5144
5311,98,909999,0,user_0,464,464,5144
5316,99,909999,0,user_6,464,464,5144
4931,8,27000000,0,user_33,462,479,
4726,13,19000000,0,user_19,460,479,
5349,21,6300000,0,user_29,464,479,
5360,22,6300000,0,user_43,464,479,
5347,20,6300000,5630,user_27,464,479,
4737,18,6300000,0,user_29,460,479,
4806,17,6300000,0,user_37,461,479,
5153,19,6300000,0,user_42,463,479,
4743,28,6100000,0,user_36,460,479,
5364,34,5200000,0,user_46,464,479,
5352,33,5200000,0,user_34,464,479,
4924,32,5200000,0,user_27,462,479,
4948,31,5200000,0,user_48,462,479,
5593,30,5200000,21800,user_30,465,479,
5369,40,5000000,0,user_48,464,479,
5143,39,5000000,0,user_31,463,479,
4724,38,5000000,0,user_16,460,479,
5614,45,4500000,0,user_48,465,479,
4949,52,4200000,0,user_49,462,479,
4757,51,4200000,0,user_49,460,479,
4927,57,3600000,75000,user_30,462,479,
5110,59,3500001,0,user_1,463,479,4944
5125,60,3500001,0,user_12,463,479,4944
5138,61,3500001,0,user_26,463,479,4944
4944,65,3500000,161000,user_47,462,479,
5111,66,3499999,0,user_2,463,479,4944
5317,73,3499999,0,user_8,464,479,4944
5128,67,3499999,0,user_13,463,479,4944
5133,71,3499999,0,user_18,463,479,4944
5129,69,3499999,0,user_15,463,479,4944
5130,70,3499999,0,user_15,463,479,4944
5321,72,3499999,0,user_9,464,479,4944
5117,68,3499999,0,user_6,463,479,4944
5362,82,2600000,0,user_44,464,479,
4947,87,2500000,0,user_47,462,479,
5154,91,2300000,0,user_42,463,479,
5140,96,2100000,11200,user_27,463,479,
5336,89,2000001,0,user_16,464,477,4770
5544,95,2000001,0,user_1,465,478,4770
5113,91,2000001,0,user_4,463,477,4770
5118,92,2000001,0,user_7,463,477,4770
5132,93,2000001,0,user_17,463,477,4770
5568,98,2000001,0,user_12,465,479,4770
5579,99,2000001,0,user_19,465,479,4770
5582,99,2000001,0,user_20,465,478,4770
4779,97,2000001,0,user_12,461,477,4770
5114,98,2000001,0,user_6,463,477,4770
5586,97,2000001,0,user_25,465,478,4770
5587,98,2000001,0,user_26,465,478,4770
5156,99,2000000,0,user_44,463,476,
4723,93,2000000,0,user_16,460,474,
4736,92,2000000,0,user_28,460,474,
4740,94,2000000,0,user_34,460,474,
4770,99,2000000,350000,user_0,461,475,
4800,98,2000000,0,user_32,461,475,
4803,96,2000000,0,user_36,461,474,
5135,93,1999999,0,user_23,463,473,4770
5570,94,1999999,0,user_13,465,473,4770
5543,95,1999999,0,user_0,465,473,4770
5580,96,1999999,0,user_19,465,473,4770
5581,97,1999999,0,user_19,465,473,4770
5116,98,1999999,0,user_6,463,473,4770
5555,99,1999999,0,user_6,465,473,4770
5585,94,1999999,0,user_25,465,471,4770
5575,95,1999999,0,user_17,465,472,4770
5584,99,1999999,0,user_24,465,472,4770
5577,96,1999999,0,user_18,465,472,4770
4734,97,1900000,0,user_24,460,470,
5366,96,1800000,0,user_47,464,469,
4731,97,1700000,0,user_23,460,469,
4808,99,1600000,0,user_43,461,469,
4922,97,1500001,0,user_24,462,468,4735
5124,94,1500001,0,user_12,463,468,4735
5119,95,1500001,0,user_7,463,468,4735
5136,96,1500001,0,user_24,463,468,4735
4780,98,1500001,0,user_14,461,468,4735
4793,99,1500001,0,user_22,461,468,4735
5350,97,1500000,0,user_30,464,467,
5142,96,1500000,0,user_30,463,467,
4735,94,1500000,128000,user_27,460,467,
5145,95,1500000,0,user_34,463,467,
5613,92,1500000,0,user_46,465,467,
4895,99,1499999,0,user_2,462,466,4735
4912,98,1499999,0,user_21,462,467,4735
5134,84,1499999,0,user_21,463,465,4735
5137,85,1499999,0,user_25,463,465,4735
4771,99,1499999,0,user_1,461,467,4735
4792,94,1499999,0,user_21,461,466,4735
4794,95,1499999,0,user_22,461,466,4735
4786,96,1499999,0,user_17,461,466,4735
4787,97,1499999,0,user_17,461,466,4735
4788,98,1499999,0,user_17,461,466,4735
4932,92,1400000,0,user_33,462,465,
5609,93,1400000,0,user_44,465,465,
4730,94,1400000,0,user_23,460,465,
4732,95,1400000,0,user_23,460,465,
4749,96,1400000,0,user_42,460,465,
4769,97,1400000,0,user_0,461,465,
5141,98,1300000,18600,user_28,463,465,
4713,99,1300000,0,user_4,460,465,
4931,8,27000000,0,user_33,462,479,
4726,13,19000000,0,user_19,460,479,
5594,15,6300000,0,user_31,465,479,
5349,21,6300000,0,user_29,464,479,
5360,22,6300000,0,user_43,464,479,
4737,18,6300000,0,user_29,460,479,
4806,17,6300000,0,user_37,461,479,
5153,19,6300000,0,user_42,463,479,
5347,20,6300000,5630,user_27,464,479,
5841,16,6300000,0,user_29,466,479,
5863,26,6100000,0,user_45,466,479,
4743,28,6100000,0,user_36,460,479,
5842,27,6100000,0,user_30,466,479,
5593,30,5200000,21800,user_30,465,479,
5364,34,5200000,0,user_46,464,479,
5352,33,5200000,0,user_34,464,479,
4948,31,5200000,0,user_48,462,479,
4924,32,5200000,0,user_27,462,479,
5369,40,5000000,0,user_48,464,479,
4724,38,5000000,0,user_16,460,479,
5143,39,5000000,0,user_31,463,479,
5614,45,4500000,0,user_48,465,479,
5853,50,4200000,46500,user_37,466,479,
4757,51,4200000,0,user_49,460,479,
4949,52,4200000,0,user_49,462,479,
4927,57,3600000,75000,user_30,462,479,
5110,59,3500001,0,user_1,463,479,4944
5125,60,3500001,0,user_12,463,479,4944
5138,61,3500001,0,user_26,463,479,4944
4944,65,3500000,161000,user_47,462,479,
5317,73,3499999,0,user_8,464,479,4944
5321,72,3499999,0,user_9,464,479,4944
5111,66,3499999,0,user_2,463,479,4944
5129,69,3499999,0,user_15,463,479,4944
5130,70,3499999,0,user_15,463,479,4944
5128,67,3499999,0,user_13,463,479,4944
5133,71,3499999,0,user_18,463,479,4944
5117,68,3499999,0,user_6,463,479,4944
5362,82,2600000,0,user_44,464,479,
4947,87,2500000,0,user_47,462,479,
5154,91,2300000,0,user_42,463,479,
5140,96,2100000,11200,user_27,463,479,
5544,95,2000001,0,user_1,465,478,4770
5568,98,2000001,0,user_12,465,479,4770
5586,97,2000001,0,user_25,465,478,4770
5587,98,2000001,0,user_26,465,478,4770
5582,99,2000001,0,user_20,465,478,4770
5336,89,2000001,0,user_16,464,477,4770
5579,99,2000001,0,user_19,465,479,4770
4779,97,2000001,0,user_12,461,477,4770
5113,91,2000001,0,user_4,463,477,4770
5118,92,2000001,0,user_7,463,477,4770
5132,93,2000001,0,user_17,463,477,4770
5114,98,2000001,0,user_6,463,477,4770
5823,95,2000001,0,user_8,466,476,4770
4736,92,2000000,0,user_28,460,474,
4723,93,2000000,0,user_16,460,474,
4740,94,2000000,0,user_34,460,474,
4770,99,2000000,350000,user_0,461,475,
4803,96,2000000,0,user_36,461,474,
4800,98,2000000,0,user_32,461,475,
5156,99,2000000,0,user_44,463,476,
5858,97,2000000,0,user_40,466,475,
5543,95,1999999,0,user_0,465,473,4770
5570,94,1999999,0,user_13,465,473,4770
5575,95,1999999,0,user_17,465,472,4770
5584,99,1999999,0,user_24,465,472,4770
5585,94,1999999,0,user_25,465,471,4770
5577,96,1999999,0,user_18,465,472,4770
5555,99,1999999,0,user_6,465,473,4770
5580,96,1999999,0,user_19,465,473,4770
5581,97,1999999,0,user_19,465,473,4770
5135,93,1999999,0,user_23,463,473,4770
5116,98,1999999,0,user_6,463,473,4770
4734,97,1900000,0,user_24,460,470,
5869,98,1900000,0,user_47,466,470,
5366,96,1800000,0,user_47,464,469,
4731,97,1700000,0,user_23,460,469,
5604,92,1600000,0,user_38,465,468,
5862,93,1600000,0,user_45,466,468,
4808,99,1600000,0,user_43,461,469,
4780,98,1500001,0,user_14,461,468,4735
4793,99,1500001,0,user_22,461,468,4735
4922,97,1500001,0,user_24,462,468,4735
5119,95,1500001,0,user_7,463,468,4735
5124,94,1500001,0,user_12,463,468,4735
5136,96,1500001,0,user_24,463,468,4735
5613,92,1500000,0,user_46,465,467,
5350,97,1500000,0,user_30,464,467,
5861,93,1500000,0,user_45,466,467,
4735,94,1500000,128000,user_27,460,467,
5142,96,1500000,0,user_30,463,467,
5145,95,1500000,0,user_34,463,467,
4771,99,1499999,0,user_1,461,467,4735
4792,94,1499999,0,user_21,461,466,4735
4794,95,1499999,0,user_22,461,466,4735
4786,96,1499999,0,user_17,461,466,4735
4787,97,1499999,0,user_17,461,466,4735
4788,98,1499999,0,user_17,461,466,4735
4895,99,1499999,0,user_2,462,466,4735
6125,2,43000000,0,user_44,467,479,
6107,7,27000000,0,user_28,467,479,
4931,8,27000000,0,user_33,462,479,
4726,13,19000000,0,user_19,460,479,
5594,15,6300000,0,user_31,465,479,
5841,16,6300000,0,user_29,466,479,
4806,17,6300000,0,user_37,461,479,
4737,18,6300000,0,user_29,460,479,
5153,19,6300000,0,user_42,463,479,
5347,20,6300000,5630,user_27,464,479,
5349,21,6300000,0,user_29,464,479,
5360,22,6300000,0,user_43,464,479,
5863,26,6100000,0,user_45,466,479,
5842,27,6100000,0,user_30,466,479,
4743,28,6100000,0,user_36,460,479,
5593,30,5200000,21800,user_30,465,479,
4948,31,5200000,0,user_48,462,479,
4924,32,5200000,0,user_27,462,479,
5352,33,5200000,0,user_34,464,479,
5364,34,5200000,0,user_46,464,479,
4724,38,5000000,0,user_16,460,479,
5143,39,5000000,0,user_31,463,479,
5369,40,5000000,0,user_48,464,479,
5614,45,4500000,0,user_48,465,479,
5853,50,4200000,46500,user_37,466,479,
4757,51,4200000,0,user_49,460,479,
4949,52,4200000,0,user_49,462,479,
4927,57,3600000,75000,user_30,462,479,
5110,59,3500001,0,user_1,463,479,4944
5125,60,3500001,0,user_12,463,479,4944
5138,61,3500001,0,user_26,463,479,4944
4944,65,3500000,161000,user_47,462,479,
5111,66,3499999,0,user_2,463,479,4944
5128,67,3499999,0,user_13,463,479,4944
5117,68,3499999,0,user_6,463,479,4944
5129,69,3499999,0,user_15,463,479,4944
5130,70,3499999,0,user_15,463,479,4944
5133,71,3499999,0,user_18,463,479,4944
5321,72,3499999,0,user_9,464,479,4944
5317,73,3499999,0,user_8,464,479,4944
5362,82,2600000,0,user_44,464,479,
6118,86,2500000,0,user_37,467,479,
4947,87,2500000,0,user_47,462,479,
6127,88,2500000,0,user_46,467,479,
5154,91,2300000,0,user_42,463,479,
5140,96,2100000,11200,user_27,463,479,
5568,98,2000001,0,user_12,465,479,4770
5579,99,2000001,0,user_19,465,479,4770
5582,99,2000001,0,user_20,465,478,4770
5586,97,2000001,0,user_25,465,478,4770
5587,98,2000001,0,user_26,465,478,4770
5823,95,2000001,0,user_8,466,476,4770
4779,97,2000001,0,user_12,461,477,4770
5113,91,2000001,0,user_4,463,477,4770
5114,98,2000001,0,user_6,463,477,4770
5118,92,2000001,0,user_7,463,477,4770
5132,93,2000001,0,user_17,463,477,4770
5336,89,2000001,0,user_16,464,477,4770
5544,95,2000001,0,user_1,465,478,4770
5858,97,2000000,0,user_40,466,475,
4800,98,2000000,0,user_32,461,475,
4770,99,2000000,350000,user_0,461,475,
4803,96,2000000,0,user_36,461,474,
5156,99,2000000,0,user_44,463,476,
4723,93,2000000,0,user_16,460,474,
4740,94,2000000,0,user_34,460,474,
4736,92,2000000,0,user_28,460,474,
5570,94,1999999,0,user_13,465,473,4770
5543,95,1999999,0,user_0,465,473,4770
5580,96,1999999,0,user_19,465,473,4770
5581,97,1999999,0,user_19,465,473,4770
5555,99,1999999,0,user_6,465,473,4770
5585,94,1999999,0,user_25,465,471,4770
5575,95,1999999,0,user_17,465,472,4770
5584,99,1999999,0,user_24,465,472,4770
5577,96,1999999,0,user_18,465,472,4770
5116,98,1999999,0,user_6,463,473,4770
5135,93,1999999,0,user_23,463,473,4770
5869,98,1900000,0,user_47,466,470,
4734,97,1900000,0,user_24,460,470,
5366,96,1800000,0,user_47,464,469,
4731,97,1700000,0,user_23,460,469,
5604,92,1600000,0,user_38,465,468,
5862,93,1600000,0,user_45,466,468,
4808,99,1600000,0,user_43,461,469,
6110,98,1600000,0,user_33,467,469,
4922,97,1500001,0,user_24,462,468,4735
4780,98,1500001,0,user_14,461,468,4735
4793,99,1500001,0,user_22,461,468,4735
5119,95,1500001,0,user_7,463,468,4735
5124,94,1500001,0,user_12,463,468,4735
5136,96,1500001,0,user_24,463,468,4735
5613,92,1500000,0,user_46,465,467,
5861,93,1500000,0,user_45,466,467,
4735,94,1500000,128000,user_27,460,467,
5145,95,1500000,0,user_34,463,467,
5142,96,1500000,0,user_30,463,467,
5350,97,1500000,0,user_30,464,467,
4912,98,1499999,0,user_21,462,467,4735
4771,99,1499999,0,user_1,461,467,4735
6125,2,43000000,0,user_44,467,479,
6107,7,27000000,0,user_28,467,479,
6372,9,27000000,0,user_37,468,479,
4931,8,27000000,0,user_33,462,479,
4726,13,19000000,0,user_19,460,479,
5153,19,6300000,0,user_42,463,479,
4806,17,6300000,0,user_37,461,479,
4737,18,6300000,0,user_29,460,479,
5349,21,6300000,0,user_29,464,479,
5360,22,6300000,0,user_43,464,479,
5347,20,6300000,5630,user_27,464,479,
5594,15,6300000,0,user_31,465,479,
5841,16,6300000,0,user_29,466,479,
4743,28,6100000,0,user_36,460,479,
5842,27,6100000,0,user_30,466,479,
5863,26,6100000,0,user_45,466,479,
4924,32,5200000,0,user_27,462,479,
4948,31,5200000,0,user_48,462,479,
5364,34,5200000,0,user_46,464,479,
5352,33,5200000,0,user_34,464,479,
5593,30,5200000,21800,user_30,465,479,
5143,39,5000000,0,user_31,463,479,
4724,38,5000000,0,user_16,460,479,
5369,40,5000000,0,user_48,464,479,
6119,46,4500000,0,user_38,467,479,
5614,45,4500000,0,user_48,465,479,
6378,47,4500000,0,user_40,468,479,
4949,52,4200000,0,user_49,462,479,
4757,51,4200000,0,user_49,460,479,
5853,50,4200000,46500,user_37,466,479,
4927,57,3600000,75000,user_30,462,479,
5125,60,3500001,0,user_12,463,479,4944
5138,61,3500001,0,user_26,463,479,4944
5110,59,3500001,0,user_1,463,479,4944
4944,65,3500000,161000,user_47,462,479,
5128,67,3499999,0,user_13,463,479,4944
5117,68,3499999,0,user_6,463,479,4944
5129,69,3499999,0,user_15,463,479,4944
5130,70,3499999,0,user_15,463,479,4944
5133,71,3499999,0,user_18,463,479,4944
5111,66,3499999,0,user_2,463,479,4944
5317,73,3499999,0,user_8,464,479,4944
5321,72,3499999,0,user_9,464,479,4944
6376,77,3200000,0,user_39,468,479,
5362,82,2600000,0,user_44,464,479,
6127,88,2500000,0,user_46,467,479,
6118,86,2500000,0,user_37,467,479,
4947,87,2500000,0,user_47,462,479,
5154,91,2300000,0,user_42,463,479,
5140,96,2100000,11200,user_27,463,479,
5113,91,2000001,0,user_4,463,477,4770
5114,98,2000001,0,user_6,463,477,4770
5118,92,2000001,0,user_7,463,477,4770
5132,93,2000001,0,user_17,463,477,4770
4779,97,2000001,0,user_12,461,477,4770
5336,89,2000001,0,user_16,464,477,4770
5544,95,2000001,0,user_1,465,478,4770
5568,98,2000001,0,user_12,465,479,4770
5582,99,2000001,0,user_20,465,478,4770
5579,99,2000001,0,user_19,465,479,4770
5586,97,2000001,0,user_25,465,478,4770
5587,98,2000001,0,user_26,465,478,4770
5823,95,2000001,0,user_8,466,476,4770
5156,99,2000000,0,user_44,463,476,
4770,99,2000000,350000,user_0,461,475,
4803,96,2000000,0,user_36,461,474,
4736,92,2000000,0,user_28,460,474,
4723,93,2000000,0,user_16,460,474,
4740,94,2000000,0,user_34,460,474,
4800,98,2000000,0,user_32,461,475,
5858,97,2000000,0,user_40,466,475,
6368,90,2000000,0,user_34,468,474,
6386,89,2000000,0,user_47,468,474,
5116,98,1999999,0,user_6,463,473,4770
5135,93,1999999,0,user_23,463,473,4770
5543,95,1999999,0,user_0,465,473,4770
5570,94,1999999,0,user_13,465,473,4770
5575,95,1999999,0,user_17,465,472,4770
5577,96,1999999,0,user_18,465,472,4770
5580,96,1999999,0,user_19,465,473,4770
5581,97,1999999,0,user_19,465,473,4770
5584,99,1999999,0,user_24,465,472,4770
5585,94,1999999,0,user_25,465,471,4770
5555,99,1999999,0,user_6,465,473,4770
6124,96,1900000,0,user_43,467,470,
4734,97,1900000,0,user_24,460,470,
5869,98,1900000,0,user_47,466,470,
5366,96,1800000,0,user_47,464,469,
6374,99,1800000,0,user_39,468,470,
4731,97,1700000,0,user_23,460,469,
6110,98,1600000,0,user_33,467,469,
4808,99,1600000,0,user_43,461,469,
5604,92,1600000,0,user_38,465,468,
5862,93,1600000,0,user_45,466,468,
5124,94,1500001,0,user_12,463,468,4735
5119,95,1500001,0,user_7,463,468,4735
5136,96,1500001,0,user_24,463,468,4735
4922,97,1500001,0,user_24,462,468,4735
4780,98,1500001,0,user_14,461,468,4735
4793,99,1500001,0,user_22,461,468,4735
6125,2,43000000,0,user_44,467,479,
6645,1,43000000,0,user_40,469,479,
6372,9,27000000,0,user_37,468,479,
6107,7,27000000,0,user_28,467,479,
4931,8,27000000,0,user_33,462,479,
4726,13,19000000,0,user_19,460,479,
5349,21,6300000,0,user_29,464,479,
5360,22,6300000,0,user_43,464,479,
5347,20,6300000,5630,user_27,464,479,
4737,18,6300000,0,user_29,460,479,
4806,17,6300000,0,user_37,461,479,
5153,19,6300000,0,user_42,463,479,
5594,15,6300000,0,user_31,465,479,
5841,16,6300000,0,user_29,466,479,
6641,24,6100000,0,user_37,469,479,
4743,28,6100000,0,user_36,460,479,
5863,26,6100000,0,user_45,466,479,
5842,27,6100000,0,user_30,466,479,
6647,25,6100000,0,user_41,469,479,
5364,34,5200000,0,user_46,464,479,
5352,33,5200000,0,user_34,464,479,
4924,32,5200000,0,user_27,462,479,
4948,31,5200000,0,user_48,462,479,
5593,30,5200000,21800,user_30,465,479,
5369,40,5000000,0,user_48,464,479,
5143,39,5000000,0,user_31,463,479,
4724,38,5000000,0,user_16,460,479,
6378,47,4500000,0,user_40,468,479,
6119,46,4500000,0,user_38,467,479,
5614,45,4500000,0,user_48,465,479,
6649,43,4500000,256000,user_42,469,479,
4949,52,4200000,0,user_49,462,479,
4757,51,4200000,0,user_49,460,479,
5853,50,4200000,46500,user_37,466,479,
4927,57,3600000,75000,user_30,462,479,
6644,55,3600000,0,user_40,469,479,
5110,59,3500001,0,user_1,463,479,4944
5125,60,3500001,0,user_12,463,479,4944
5138,61,3500001,0,user_26,463,479,4944
4944,65,3500000,161000,user_47,462,479,
5111,66,3499999,0,user_2,463,479,4944
5317,73,3499999,0,user_8,464,479,4944
5128,67,3499999,0,user_13,463,479,4944
5133,71,3499999,0,user_18,463,479,4944
5129,69,3499999,0,user_15,463,479,4944
5130,70,3499999,0,user_15,463,479,4944
5321,72,3499999,0,user_9,464,479,4944
5117,68,3499999,0,user_6,463,479,4944
6376,77,3200000,0,user_39,468,479,
5362,82,2600000,0,user_44,464,479,
6127,88,2500000,0,user_46,467,479,
6118,86,2500000,0,user_37,467,479,
6631,85,2500000,0,user_28,469,479,
4947,87,2500000,0,user_47,462,479,
5154,91,2300000,0,user_42,463,479,
5140,96,2100000,11200,user_27,463,479,
5336,89,2000001,0,user_16,464,477,4770
5544,95,2000001,0,user_1,465,478,4770
5113,91,2000001,0,user_4,463,477,4770
5118,92,2000001,0,user_7,463,477,4770
5132,93,2000001,0,user_17,463,477,4770
5568,98,2000001,0,user_12,465,479,4770
5579,99,2000001,0,user_19,465,479,4770
5582,99,2000001,0,user_20,465,478,4770
4779,97,2000001,0,user_12,461,477,4770
5114,98,2000001,0,user_6,463,477,4770
5586,97,2000001,0,user_25,465,478,4770
5587,98,2000001,0,user_26,465,478,4770
5823,95,2000001,0,user_8,466,476,4770
6386,89,2000000,0,user_47,468,474,
6368,90,2000000,0,user_34,468,474,
5156,99,2000000,0,user_44,463,476,
4723,93,2000000,0,user_16,460,474,
4736,92,2000000,0,user_28,460,474,
4740,94,2000000,0,user_34,460,474,
4770,99,2000000,350000,user_0,461,475,
4800,98,2000000,0,user_32,461,475,
4803,96,2000000,0,user_36,461,474,
5858,97,2000000,0,user_40,466,475,
6657,95,2000000,0,user_48,469,475,
6637,96,2000000,0,user_34,469,475,
5135,93,1999999,0,user_23,463,473,4770
5570,94,1999999,0,user_13,465,473,4770
5543,95,1999999,0,user_0,465,473,4770
5580,96,1999999,0,user_19,465,473,4770
5581,97,1999999,0,user_19,465,473,4770
5116,98,1999999,0,user_6,463,473,4770
5555,99,1999999,0,user_6,465,473,4770
5585,94,1999999,0,user_25,465,471,4770
5575,95,1999999,0,user_17,465,472,4770
5584,99,1999999,0,user_24,465,472,4770
5577,96,1999999,0,user_18,465,472,4770
6124,96,1900000,0,user_43,467,470,
4734,97,1900000,0,user_24,460,470,
5869,98,1900000,0,user_47,466,470,
6374,99,1800000,0,user_39,468,470,
5366,96,1800000,0,user_47,464,469,
4731,97,1700000,0,user_23,460,469,
6110,98,1600000,0,user_33,467,469,
4808,99,1600000,0,user_43,461,469,
6645,1,43000000,0,user_40,469,479,
6125,2,43000000,0,user_44,467,479,
6372,9,27000000,0,user_37,468,479,
4931,8,27000000,0,user_33,462,479,
6107,7,27000000,0,user_28,467,479,
6914,12,19000000,0,user_44,470,479,
4726,13,19000000,0,user_19,460,479,
5594,15,6300000,0,user_31,465,479,
5349,21,6300000,0,user_29,464,479,
5360,22,6300000,0,user_43,464,479,
4737,18,6300000,0,user_29,460,479,
4806,17,6300000,0,user_37,461,479,
5153,19,6300000,0,user_42,463,479,
5347,20,6300000,5630,user_27,464,479,
5841,16,6300000,0,user_29,466,479,
6641,24,6100000,0,user_37,469,479,
6647,25,6100000,0,user_41,469,479,
5863,26,6100000,0,user_45,466,479,
4743,28,6100000,0,user_36,460,479,
5842,27,6100000,0,user_30,466,479,
5593,30,5200000,21800,user_30,465,479,
5364,34,5200000,0,user_46,464,479,
5352,33,5200000,0,user_34,464,479,
4948,31,5200000,0,user_48,462,479,
4924,32,5200000,0,user_27,462,479,
5369,40,5000000,0,user_48,464,479,
4724,38,5000000,0,user_16,460,479,
5143,39,5000000,0,user_31,463,479,
6119,46,4500000,0,user_38,467,479,
6378,47,4500000,0,user_40,468,479,
6649,43,4500000,256000,user_42,469,479,
5614,45,4500000,0,user_48,465,479,
5853,50,4200000,46500,user_37,466,479,
4757,51,4200000,0,user_49,460,479,
4949,52,4200000,0,user_49,462,479,
6644,55,3600000,0,user_40,469,479,
6634,54,3600000,256000,user_31,469,479,
4927,57,3600000,75000,user_30,462,479,
6916,56,3600000,0,user_47,470,479,
5110,59,3500001,0,user_1,463,479,4944
5125,60,3500001,0,user_12,463,479,4944
5138,61,3500001,0,user_26,463,479,4944
4944,65,3500000,161000,user_47,462,479,
6918,64,3500000,410000,user_47,470,479,
5317,73,3499999,0,user_8,464,479,4944
5321,72,3499999,0,user_9,464,479,4944
5111,66,3499999,0,user_2,463,479,4944
5129,69,3499999,0,user_15,463,479,4944
5130,70,3499999,0,user_15,463,479,4944
5128,67,3499999,0,user_13,463,479,4944
5133,71,3499999,0,user_18,463,479,4944
5117,68,3499999,0,user_6,463,479,4944
6376,77,3200000,0,user_39,468,479,
5362,82,2600000,0,user_44,464,479,
6631,85,2500000,0,user_28,469,479,
6118,86,2500000,0,user_37,467,479,
6127,88,2500000,0,user_46,467,479,
4947,87,2500000,0,user_47,462,479,
5154,91,2300000,0,user_42,463,479,
5140,96,2100000,11200,user_27,463,479,
5544,95,2000001,0,user_1,465,478,4770
5568,98,2000001,0,user_12,465,479,4770
5586,97,2000001,0,user_25,465,478,4770
5587,98,2000001,0,user_26,465,478,4770
5582,99,2000001,0,user_20,465,478,4770
5336,89,2000001,0,user_16,464,477,4770
5579,99,2000001,0,user_19,465,479,4770
4779,97,2000001,0,user_12,461,477,4770
5113,91,2000001,0,user_4,463,477,4770
5118,92,2000001,0,user_7,463,477,4770
5132,93,2000001,0,user_17,463,477,4770
5114,98,2000001,0,user_6,463,477,4770
5823,95,2000001,0,user_8,466,476,4770
6657,95,2000000,0,user_48,469,475,
6386,89,2000000,0,user_47,468,474,
6368,90,2000000,0,user_34,468,474,
6637,96,2000000,0,user_34,469,475,
4736,92,2000000,0,user_28,460,474,
4723,93,2000000,0,user_16,460,474,
4740,94,2000000,0,user_34,460,474,
4770,99,2000000,350000,user_0,461,475,
4803,96,2000000,0,user_36,461,474,
4800,98,2000000,0,user_32,461,475,
5156,99,2000000,0,user_44,463,476,
5858,97,2000000,0,user_40,466,475,
5543,95,1999999,0,user_0,465,473,4770
5570,94,1999999,0,user_13,465,473,4770
5575,95,1999999,0,user_17,465,472,4770
5584,99,1999999,0,user_24,465,472,4770
5585,94,1999999,0,user_25,465,471,4770
5577,96,1999999,0,user_18,465,472,4770
5555,99,1999999,0,user_6,465,473,4770
5580,96,1999999,0,user_19,465,473,4770
5581,97,1999999,0,user_19,465,473,4770
5135,93,1999999,0,user_23,463,473,4770
5116,98,1999999,0,user_6,463,473,4770
6124,96,1900000,0,user_43,467,470,
4734,97,1900000,0,user_24,460,470,
5869,98,1900000,0,user_47,466,470,
6374,99,1800000,0,user_39,468,470,
6645,1,43000000,0,user_40,469,479,
6125,2,43000000,0,user_44,467,479,
6107,7,27000000,0,user_28,467,479,
4931,8,27000000,0,user_33,462,479,
6372,9,27000000,0,user_37,468,479,
6914,12,19000000,0,user_44,470,479,
4726,13,19000000,0,user_19,460,479,
5594,15,6300000,0,user_31,465,479,
5841,16,6300000,0,user_29,466,479,
4806,17,6300000,0,user_37,461,479,
4737,18,6300000,0,user_29,460,479,
5153,19,6300000,0,user_42,463,479,
5347,20,6300000,5630,user_27,464,479,
5349,21,6300000,0,user_29,464,479,
5360,22,6300000,0,user_43,464,479,
6641,24,6100000,0,user_37,469,479,
6647,25,6100000,0,user_41,469,479,
5863,26,6100000,0,user_45,466,479,
5842,27,6100000,0,user_30,466,479,
4743,28,6100000,0,user_36,460,479,
5593,30,5200000,21800,user_30,465,479,
4948,31,5200000,0,user_48,462,479,
4924,32,5200000,0,user_27,462,479,
5352,33,5200000,0,user_34,464,479,
5364,34,5200000,0,user_46,464,479,
4724,38,5000000,0,user_16,460,479,
5143,39,5000000,0,user_31,463,479,
5369,40,5000000,0,user_48,464,479,
6649,43,4500000,256000,user_42,469,479,
7209,44,4500000,32900,user_45,471,479,
5614,45,4500000,0,user_48,465,479,
6119,46,4500000,0,user_38,467,479,
6378,47,4500000,0,user_40,468,479,
5853,50,4200000,46500,user_37,466,479,
4757,51,4200000,0,user_49,460,479,
4949,52,4200000,0,user_49,462,479,
6634,54,3600000,256000,user_31,469,479,
6644,55,3600000,0,user_40,469,479,
6916,56,3600000,0,user_47,470,479,
4927,57,3600000,75000,user_30,462,479,
5110,59,3500001,0,user_1,463,479,4944
5125,60,3500001,0,user_12,463,479,4944
5138,61,3500001,0,user_26,463,479,4944
6918,64,3500000,410000,user_47,470,479,
4944,65,3500000,161000,user_47,462,479,
5111,66,3499999,0,user_2,463,479,4944
5128,67,3499999,0,user_13,463,479,4944
5117,68,3499999,0,user_6,463,479,4944
5129,69,3499999,0,user_15,463,479,4944
5130,70,3499999,0,user_15,463,479,4944
5133,71,3499999,0,user_18,463,479,4944
5321,72,3499999,0,user_9,464,479,4944
5317,73,3499999,0,user_8,464,479,4944
6376,77,3200000,0,user_39,468,479,
7208,81,2600000,0,user_44,471,479,
5362,82,2600000,0,user_44,464,479,
6631,85,2500000,0,user_28,469,479,
6118,86,2500000,0,user_37,467,479,
4947,87,2500000,0,user_47,462,479,
6127,88,2500000,0,user_46,467,479,
5154,91,2300000,0,user_42,463,479,
7201,92,2300000,0,user_36,471,479,
5140,96,2100000,11200,user_27,463,479,
5568,98,2000001,0,user_12,465,479,4770
5579,99,2000001,0,user_19,465,479,4770
5582,99,2000001,0,user_20,465,478,4770
5586,97,2000001,0,user_25,465,478,4770
5587,98,2000001,0,user_26,465,478,4770
5823,95,2000001,0,user_8,466,476,4770
4779,97,2000001,0,user_12,461,477,4770
5113,91,2000001,0,user_4,463,477,4770
5114,98,2000001,0,user_6,463,477,4770
5118,92,2000001,0,user_7,463,477,4770
5132,93,2000001,0,user_17,463,477,4770
5336,89,2000001,0,user_16,464,477,4770
5544,95,2000001,0,user_1,465,478,4770
6657,95,2000000,0,user_48,469,475,
6637,96,2000000,0,user_34,469,475,
5858,97,2000000,0,user_40,466,475,
4800,98,2000000,0,user_32,461,475,
4770,99,2000000,350000,user_0,461,475,
4803,96,2000000,0,user_36,461,474,
5156,99,2000000,0,user_44,463,476,
4723,93,2000000,0,user_16,460,474,
4740,94,2000000,0,user_34,460,474,
4736,92,2000000,0,user_28,460,474,
6386,89,2000000,0,user_47,468,474,
6368,90,2000000,0,user_34,468,474,
7202,98,2000000,0,user_36,471,476,
5570,94,1999999,0,user_13,465,473,4770
5543,95,1999999,0,user_0,465,473,4770
5580,96,1999999,0,user_19,465,473,4770
5581,97,1999999,0,user_19,465,473,4770
5555,99,1999999,0,user_6,465,473,4770
5585,94,1999999,0,user_25,465,471,4770
5575,95,1999999,0,user_17,465,472,4770
5584,99,1999999,0,user_24,465,472,4770
5577,96,1999999,0,user_18,465,472,4770
5116,98,1999999,0,user_6,463,473,4770
5135,93,1999999,0,user_23,463,473,4770
6125,2,43000000,0,user_44,467,479,
6645,1,43000000,0,user_40,469,479,
6107,7,27000000,0,user_28,467,479,
6372,9,27000000,0,user_37,468,479,
4931,8,27000000,0,user_33,462,479,
4726,13,19000000,0,user_19,460,479,
6914,12,19000000,0,user_44,470,479,
5153,19,6300000,0,user_42,463,479,
4806,17,6300000,0,user_37,461,479,
4737,18,6300000,0,user_29,460,479,
5349,21,6300000,0,user_29,464,479,
5360,22,6300000,0,user_43,464,479,
5347,20,6300000,5630,user_27,464,479,
5594,15,6300000,0,user_31,465,479,
5841,16,6300000,0,user_29,466,479,
4743,28,6100000,0,user_36,460,479,
5842,27,6100000,0,user_30,466,479,
5863,26,6100000,0,user_45,466,479,
6641,24,6100000,0,user_37,469,479,
6647,25,6100000,0,user_41,469,479,
4924,32,5200000,0,user_27,462,479,
4948,31,5200000,0,user_48,462,479,
5364,34,5200000,0,user_46,464,479,
5352,33,5200000,0,user_34,464,479,
5593,30,5200000,21800,user_30,465,479,
5143,39,5000000,0,user_31,463,479,
4724,38,5000000,0,user_16,460,479,
5369,40,5000000,0,user_48,464,479,
7209,44,4500000,32900,user_45,471,479,
6119,46,4500000,0,user_38,467,479,
5614,45,4500000,0,user_48,465,479,
6378,47,4500000,0,user_40,468,479,
6649,43,4500000,256000,user_42,469,479,
7505,48,4500000,0,user_27,472,479,
4949,52,4200000,0,user_49,462,479,
4757,51,4200000,0,user_49,460,479,
5853,50,4200000,46500,user_37,466,479,
4927,57,3600000,75000,user_30,462,479,
6634,54,3600000,256000,user_31,469,479,
6644,55,3600000,0,user_40,469,479,
6916,56,3600000,0,user_47,470,479,
5125,60,3500001,0,user_12,463,479,4944
5138,61,3500001,0,user_26,463,479,4944
5110,59,3500001,0,user_1,463,479,4944
4944,65,3500000,161000,user_47,462,479,
6918,64,3500000,410000,user_47,470,479,
5128,67,3499999,0,user_13,463,479,4944
5117,68,3499999,0,user_6,463,479,4944
5129,69,3499999,0,user_15,463,479,4944
5130,70,3499999,0,user_15,463,479,4944
5133,71,3499999,0,user_18,463,479,4944
5111,66,3499999,0,user_2,463,479,4944
5317,73,3499999,0,user_8,464,479,4944
5321,72,3499999,0,user_9,464,479,4944
7517,78,3200000,0,user_44,472,479,
6376,77,3200000,0,user_39,468,479,
7208,81,2600000,0,user_44,471,479,
5362,82,2600000,0,user_44,464,479,
6127,88,2500000,0,user_46,467,479,
6118,86,2500000,0,user_37,467,479,
4947,87,2500000,0,user_47,462,479,
6631,85,2500000,0,user_28,469,479,
7201,92,2300000,0,user_36,471,479,
5154,91,2300000,0,user_42,463,479,
5140,96,2100000,11200,user_27,463,479,
5113,91,2000001,0,user_4,463,477,4770
5114,98,2000001,0,user_6,463,477,4770
5118,92,2000001,0,user_7,463,477,4770
5132,93,2000001,0,user_17,463,477,4770
4779,97,2000001,0,user_12,461,477,4770
5336,89,2000001,0,user_16,464,477,4770
5544,95,2000001,0,user_1,465,478,4770
5568,98,2000001,0,user_12,465,479,4770
5582,99,2000001,0,user_20,465,478,4770
5579,99,2000001,0,user_19,465,479,4770
5586,97,2000001,0,user_25,465,478,4770
5587,98,2000001,0,user_26,465,478,4770
5823,95,2000001,0,user_8,466,476,4770
7202,98,2000000,0,user_36,471,476,
5156,99,2000000,0,user_44,463,476,
4770,99,2000000,350000,user_0,461,475,
4803,96,2000000,0,user_36,461,474,
4736,92,2000000,0,user_28,460,474,
4723,93,2000000,0,user_16,460,474,
4740,94,2000000,0,user_34,460,474,
4800,98,2000000,0,user_32,461,475,
5858,97,2000000,0,user_40,466,475,
6368,90,2000000,0,user_34,468,474,
6386,89,2000000,0,user_47,468,474,
6637,96,2000000,0,user_34,469,475,
6657,95,2000000,0,user_48,469,475,
5116,98,1999999,0,user_6,463,473,4770
5135,93,1999999,0,user_23,463,473,4770
5543,95,1999999,0,user_0,465,473,4770
5570,94,1999999,0,user_13,465,473,4770
5575,95,1999999,0,user_17,465,472,4770
5577,96,1999999,0,user_18,465,472,4770
5580,96,1999999,0,user_19,465,473,4770
5581,97,1999999,0,user_19,465,473,4770
5584,99,1999999,0,user_24,465,472,4770
6125,2,43000000,0,user_44,467,479,
6645,1,43000000,0,user_40,469,479,
6372,9,27000000,0,user_37,468,479,
6107,7,27000000,0,user_28,467,479,
4931,8,27000000,0,user_33,462,479,
4726,13,19000000,0,user_19,460,479,
6914,12,19000000,0,user_44,470,479,
5349,21,6300000,0,user_29,464,479,
5360,22,6300000,0,user_43,464,479,
5347,20,6300000,5630,user_27,464,479,
4737,18,6300000,0,user_29,460,479,
4806,17,6300000,0,user_37,461,479,
5153,19,6300000,0,user_42,463,479,
5594,15,6300000,0,user_31,465,479,
5841,16,6300000,0,user_29,466,479,
6641,24,6100000,0,user_37,469,479,
4743,28,6100000,0,user_36,460,479,
5863,26,6100000,0,user_45,466,479,
5842,27,6100000,0,user_30,466,479,
6647,25,6100000,0,user_41,469,479,
5364,34,5200000,0,user_46,464,479,
5352,33,5200000,0,user_34,464,479,
4924,32,5200000,0,user_27,462,479,
4948,31,5200000,0,user_48,462,479,
5593,30,5200000,21800,user_30,465,479,
5369,40,5000000,0,user_48,464,479,
5143,39,5000000,0,user_31,463,479,
4724,38,5000000,0,user_16,460,479,
7505,48,4500000,0,user_27,472,479,
7209,44,4500000,32900,user_45,471,479,
6378,47,4500000,0,user_40,468,479,
6119,46,4500000,0,user_38,467,479,
5614,45,4500000,0,user_48,465,479,
6649,43,4500000,256000,user_42,469,479,
4949,52,4200000,0,user_49,462,479,
4757,51,4200000,0,user_49,460,479,
5853,50,4200000,46500,user_37,466,479,
4927,57,3600000,75000,user_30,462,479,
6644,55,3600000,0,user_40,469,479,
6634,54,3600000,256000,user_31,469,479,
6916,56,3600000,0,user_47,470,479,
5110,59,3500001,0,user_1,463,479,4944
5125,60,3500001,0,user_12,463,479,4944
5138,61,3500001,0,user_26,463,479,4944
4944,65,3500000,161000,user_47,462,479,
6918,64,3500000,410000,user_47,470,479,
5111,66,3499999,0,user_2,463,479,4944
5317,73,3499999,0,user_8,464,479,4944
5128,67,3499999,0,user_13,463,479,4944
5133,71,3499999,0,user_18,463,479,4944
5129,69,3499999,0,user_15,463,479,4944
5130,70,3499999,0,user_15,463,479,4944
5321,72,3499999,0,user_9,464,479,4944
5117,68,3499999,0,user_6,463,479,4944
7517,78,3200000,0,user_44,472,479,
6376,77,3200000,0,user_39,468,479,
7208,81,2600000,0,user_44,471,479,
5362,82,2600000,0,user_44,464,479,
7843,84,2500000,0,user_45,473,479,
6127,88,2500000,0,user_46,467,479,
6118,86,2500000,0,user_37,467,479,
6631,85,2500000,0,user_28,469,479,
4947,87,2500000,0,user_47,462,479,
7201,92,2300000,0,user_36,471,479,
5154,91,2300000,0,user_42,463,479,
5140,96,2100000,11200,user_27,463,479,
7830,93,2100000,0,user_33,473,479,
5336,89,2000001,0,user_16,464,477,4770
5544,95,2000001,0,user_1,465,478,4770
5113,91,2000001,0,user_4,463,477,4770
5118,92,2000001,0,user_7,463,477,4770
5132,93,2000001,0,user_17,463,477,4770
5568,98,2000001,0,user_12,465,479,4770
5579,99,2000001,0,user_19,465,479,4770
5582,99,2000001,0,user_20,465,478,4770
4779,97,2000001,0,user_12,461,477,4770
5114,98,2000001,0,user_6,463,477,4770
5586,97,2000001,0,user_25,465,478,4770
5587,98,2000001,0,user_26,465,478,4770
5823,95,2000001,0,user_8,466,476,4770
7202,98,2000000,0,user_36,471,476,
6386,89,2000000,0,user_47,468,474,
6368,90,2000000,0,user_34,468,474,
5156,99,2000000,0,user_44,463,476,
4723,93,2000000,0,user_16,460,474,
4736,92,2000000,0,user_28,460,474,
4740,94,2000000,0,user_34,460,474,
4770,99,2000000,350000,user_0,461,475,
4800,98,2000000,0,user_32,461,475,
4803,96,2000000,0,user_36,461,474,
5858,97,2000000,0,user_40,466,475,
6657,95,2000000,0,user_48,469,475,
6637,96,2000000,0,user_34,469,475,
5135,93,1999999,0,user_23,463,473,4770
5570,94,1999999,0,user_13,465,473,4770
5543,95,1999999,0,user_0,465,473,4770
5580,96,1999999,0,user_19,465,473,4770
5581,97,1999999,0,user_19,465,473,4770
5116,98,1999999,0,user_6,463,473,4770
5555,99,1999999,0,user_6,465,473,4770
6645,1,43000000,0,user_40,469,479,
6125,2,43000000,0,user_44,467,479,
8173,3,30000000,0,user_44,474,479,
6372,9,27000000,0,user_37,468,479,
4931,8,27000000,0,user_33,462,479,
6107,7,27000000,0,user_28,467,479,
8155,6,27000000,0,user_27,474,479,
6914,12,19000000,0,user_44,470,479,
4726,13,19000000,0,user_19,460,479,
5594,15,6300000,0,user_31,465,479,
5349,21,6300000,0,user_29,464,479,
5360,22,6300000,0,user_43,464,479,
4737,18,6300000,0,user_29,460,479,
4806,17,6300000,0,user_37,461,479,
5153,19,6300000,0,user_42,463,479,
5347,20,6300000,5630,user_27,464,479,
5841,16,6300000,0,user_29,466,479,
6641,24,6100000,0,user_37,469,479,
6647,25,6100000,0,user_41,469,479,
5863,26,6100000,0,user_45,466,479,
4743,28,6100000,0,user_36,460,479,
5842,27,6100000,0,user_30,466,479,
5593,30,5200000,21800,user_30,465,479,
5364,34,5200000,0,user_46,464,479,
5352,33,5200000,0,user_34,464,479,
4948,31,5200000,0,user_48,462,479,
4924,32,5200000,0,user_27,462,479,
7835,37,5000000,0,user_38,473,479,
5369,40,5000000,0,user_48,464,479,
4724,38,5000000,0,user_16,460,479,
5143,39,5000000,0,user_31,463,479,
8156,41,4500000,510000,user_28,474,479,
8167,42,4500000,215000,user_37,474,479,
6119,46,4500000,0,user_38,467,479,
6378,47,4500000,0,user_40,468,479,
6649,43,4500000,256000,user_42,469,479,
5614,45,4500000,0,user_48,465,479,
7209,44,4500000,32900,user_45,471,479,
7505,48,4500000,0,user_27,472,479,
5853,50,4200000,46500,user_37,466,479,
4757,51,4200000,0,user_49,460,479,
4949,52,4200000,0,user_49,462,479,
6644,55,3600000,0,user_40,469,479,
6634,54,3600000,256000,user_31,469,479,
4927,57,3600000,75000,user_30,462,479,
6916,56,3600000,0,user_47,470,479,
5110,59,3500001,0,user_1,463,479,4944
5125,60,3500001,0,user_12,463,479,4944
5138,61,3500001,0,user_26,463,479,4944
7836,63,3500000,0,user_38,473,479,
4944,65,3500000,161000,user_47,462,479,
6918,64,3500000,410000,user_47,470,479,
5317,73,3499999,0,user_8,464,479,4944
5321,72,3499999,0,user_9,464,479,4944
5111,66,3499999,0,user_2,463,479,4944
5129,69,3499999,0,user_15,463,479,4944
5130,70,3499999,0,user_15,463,479,4944
5128,67,3499999,0,user_13,463,479,4944
5133,71,3499999,0,user_18,463,479,4944
5117,68,3499999,0,user_6,463,479,4944
7828,76,3200000,0,user_31,473,479,
7837,74,3200000,0,user_38,473,479,
6376,77,3200000,0,user_39,468,479,
7517,78,3200000,0,user_44,472,479,
5362,82,2600000,0,user_44,464,479,
7208,81,2600000,0,user_44,471,479,
7843,84,2500000,0,user_45,473,479,
6631,85,2500000,0,user_28,469,479,
6118,86,2500000,0,user_37,467,479,
6127,88,2500000,0,user_46,467,479,
4947,87,2500000,0,user_47,462,479,
5154,91,2300000,0,user_42,463,479,
7201,92,2300000,0,user_36,471,479,
7830,93,2100000,0,user_33,473,479,
5140,96,2100000,11200,user_27,463,479,
5544,95,2000001,0,user_1,465,478,4770
5568,98,2000001,0,user_12,465,479,4770
5586,97,2000001,0,user_25,465,478,4770
5587,98,2000001,0,user_26,465,478,4770
5582,99,2000001,0,user_20,465,478,4770
5336,89,2000001,0,user_16,464,477,4770
5579,99,2000001,0,user_19,465,479,4770
4779,97,2000001,0,user_12,461,477,4770
5113,91,2000001,0,user_4,463,477,4770
5118,92,2000001,0,user_7,463,477,4770
5132,93,2000001,0,user_17,463,477,4770
5114,98,2000001,0,user_6,463,477,4770
5823,95,2000001,0,user_8,466,476,4770
6657,95,2000000,0,user_48,469,475,
6386,89,2000000,0,user_47,468,474,
6368,90,2000000,0,user_34,468,474,
6637,96,2000000,0,user_34,469,475,
4736,92,2000000,0,user_28,460,474,
4723,93,2000000,0,user_16,460,474,
4740,94,2000000,0,user_34,460,474,
4770,99,2000000,350000,user_0,461,475,
4803,96,2000000,0,user_36,461,474,
4800,98,2000000,0,user_32,461,475,
5156,99,2000000,0,user_44,463,476,
5858,97,2000000,0,user_40,466,475,
6645,1,43000000,0,user_40,469,479,
6125,2,43000000,0,user_44,467,479,
8173,3,30000000,0,user_44,474,479,
8155,6,27000000,0,user_27,474,479,
6107,7,27000000,0,user_28,467,479,
4931,8,27000000,0,user_33,462,479,
6372,9,27000000,0,user_37,468,479,
6914,12,19000000,0,user_44,470,479,
4726,13,19000000,0,user_19,460,479,
5594,15,6300000,0,user_31,465,479,
5841,16,6300000,0,user_29,466,479,
4806,17,6300000,0,user_37,461,479,
4737,18,6300000,0,user_29,460,479,
5153,19,6300000,0,user_42,463,479,
5347,20,6300000,5630,user_27,464,479,
5349,21,6300000,0,user_29,464,479,
5360,22,6300000,0,user_43,464,479,
6641,24,6100000,0,user_37,469,479,
6647,25,6100000,0,user_41,469,479,
5863,26,6100000,0,user_45,466,479,
5842,27,6100000,0,user_30,466,479,
4743,28,6100000,0,user_36,460,479,
5593,30,5200000,21800,user_30,465,479,
4948,31,5200000,0,user_48,462,479,
4924,32,5200000,0,user_27,462,479,
5352,33,5200000,0,user_34,464,479,
5364,34,5200000,0,user_46,464,479,
7835,37,5000000,0,user_38,473,479,
4724,38,5000000,0,user_16,460,479,
5143,39,5000000,0,user_31,463,479,
5369,40,5000000,0,user_48,464,479,
8156,41,4500000,510000,user_28,474,479,
8167,42,4500000,215000,user_37,474,479,
6649,43,4500000,256000,user_42,469,479,
7209,44,4500000,32900,user_45,471,479,
5614,45,4500000,0,user_48,465,479,
6119,46,4500000,0,user_38,467,479,
6378,47,4500000,0,user_40,468,479,
7505,48,4500000,0,user_27,472,479,
5853,50,4200000,46500,user_37,466,479,
4757,51,4200000,0,user_49,460,479,
4949,52,4200000,0,user_49,462,479,
8540,53,4200000,0,user_48,475,479,
6634,54,3600000,256000,user_31,469,479,
6644,55,3600000,0,user_40,469,479,
6916,56,3600000,0,user_47,470,479,
4927,57,3600000,75000,user_30,462,479,
5110,59,3500001,0,user_1,463,479,4944
5125,60,3500001,0,user_12,463,479,4944
5138,61,3500001,0,user_26,463,479,4944
7836,63,3500000,0,user_38,473,479,
6918,64,3500000,410000,user_47,470,479,
4944,65,3500000,161000,user_47,462,479,
5111,66,3499999,0,user_2,463,479,4944
5128,67,3499999,0,user_13,463,479,4944
5117,68,3499999,0,user_6,463,479,4944
5129,69,3499999,0,user_15,463,479,4944
5130,70,3499999,0,user_15,463,479,4944
5133,71,3499999,0,user_18,463,479,4944
5321,72,3499999,0,user_9,464,479,4944
5317,73,3499999,0,user_8,464,479,4944
7837,74,3200000,0,user_38,473,479,
8159,75,3200000,0,user_31,474,479,
7828,76,3200000,0,user_31,473,479,
6376,77,3200000,0,user_39,468,479,
7517,78,3200000,0,user_44,472,479,
7208,81,2600000,0,user_44,471,479,
5362,82,2600000,0,user_44,464,479,
7843,84,2500000,0,user_45,473,479,
6631,85,2500000,0,user_28,469,479,
6118,86,2500000,0,user_37,467,479,
4947,87,2500000,0,user_47,462,479,
6127,88,2500000,0,user_46,467,479,
8542,90,2400000,0,user_48,475,479,
5154,91,2300000,0,user_42,463,479,
7201,92,2300000,0,user_36,471,479,
7830,93,2100000,0,user_33,473,479,
8163,94,2100000,769000,user_35,474,479,
8534,95,2100000,0,user_45,475,479,
5140,96,2100000,11200,user_27,463,479,
8541,97,2100000,0,user_48,475,479,
5568,98,2000001,0,user_12,465,479,4770
5579,99,2000001,0,user_19,465,479,4770
5582,99,2000001,0,user_20,465,478,4770
5586,97,2000001,0,user_25,465,478,4770
5587,98,2000001,0,user_26,465,478,4770
5823,95,2000001,0,user_8,466,476,4770
4779,97,2000001,0,user_12,461,477,4770
5113,91,2000001,0,user_4,463,477,4770
5114,98,2000001,0,user_6,463,477,4770
5118,92,2000001,0,user_7,463,477,4770
5132,93,2000001,0,user_17,463,477,4770
5336,89,2000001,0,user_16,464,477,4770
5544,95,2000001,0,user_1,465,478,4770
8532,96,2000000,0,user_44,475,476,
6657,95,2000000,0,user_48,469,475,
6637,96,2000000,0,user_34,469,475,
5858,97,2000000,0,user_40,466,475,
4800,98,2000000,0,user_32,461,475,
4770,99,2000000,350000,user_0,461,475,
6125,2,43000000,0,user_44,467,479,
6645,1,43000000,0,user_40,469,479,
8173,3,30000000,0,user_44,474,479,
6107,7,27000000,0,user_28,467,479,
6372,9,27000000,0,user_37,468,479,
4931,8,27000000,0,user_33,462,479,
8155,6,27000000,0,user_27,474,479,
4726,13,19000000,0,user_19,460,479,
6914,12,19000000,0,user_44,470,479,
5153,19,6300000,0,user_42,463,479,
4806,17,6300000,0,user_37,461,479,
4737,18,6300000,0,user_29,460,479,
5349,21,6300000,0,user_29,464,479,
5360,22,6300000,0,user_43,464,479,
5347,20,6300000,5630,user_27,464,479,
5594,15,6300000,0,user_31,465,479,
5841,16,6300000,0,user_29,466,479,
8908,23,6300000,594000,user_34,476,479,
4743,28,6100000,0,user_36,460,479,
5842,27,6100000,0,user_30,466,479,
5863,26,6100000,0,user_45,466,479,
6641,24,6100000,0,user_37,469,479,
6647,25,6100000,0,user_41,469,479,
8917,29,6100000,0,user_42,476,479,
4924,32,5200000,0,user_27,462,479,
4948,31,5200000,0,user_48,462,479,
5364,34,5200000,0,user_46,464,479,
5352,33,5200000,0,user_34,464,479,
5593,30,5200000,21800,user_30,465,479,
5143,39,5000000,0,user_31,463,479,
4724,38,5000000,0,user_16,460,479,
5369,40,5000000,0,user_48,464,479,
7835,37,5000000,0,user_38,473,479,
7209,44,4500000,32900,user_45,471,479,
6119,46,4500000,0,user_38,467,479,
5614,45,4500000,0,user_48,465,479,
6378,47,4500000,0,user_40,468,479,
6649,43,4500000,256000,user_42,469,479,
7505,48,4500000,0,user_27,472,479,
8167,42,4500000,215000,user_37,474,479,
8156,41,4500000,510000,user_28,474,479,
8540,53,4200000,0,user_48,475,479,
4949,52,4200000,0,user_49,462,479,
4757,51,4200000,0,user_49,460,479,
5853,50,4200000,46500,user_37,466,479,
4927,57,3600000,75000,user_30,462,479,
6634,54,3600000,256000,user_31,469,479,
6644,55,3600000,0,user_40,469,479,
6916,56,3600000,0,user_47,470,479,
5125,60,3500001,0,user_12,463,479,4944
5138,61,3500001,0,user_26,463,479,4944
5110,59,3500001,0,user_1,463,479,4944
4944,65,3500000,161000,user_47,462,479,
6918,64,3500000,410000,user_47,470,479,
7836,63,3500000,0,user_38,473,479,
5128,67,3499999,0,user_13,463,479,4944
5117,68,3499999,0,user_6,463,479,4944
5129,69,3499999,0,user_15,463,479,4944
5130,70,3499999,0,user_15,463,479,4944
5133,71,3499999,0,user_18,463,479,4944
5111,66,3499999,0,user_2,463,479,4944
5317,73,3499999,0,user_8,464,479,4944
5321,72,3499999,0,user_9,464,479,4944
7517,78,3200000,0,user_44,472,479,
6376,77,3200000,0,user_39,468,479,
7828,76,3200000,0,user_31,473,479,
7837,74,3200000,0,user_38,473,479,
8159,75,3200000,0,user_31,474,479,
7208,81,2600000,0,user_44,471,479,
5362,82,2600000,0,user_44,464,479,
6127,88,2500000,0,user_46,467,479,
6118,86,2500000,0,user_37,467,479,
4947,87,2500000,0,user_47,462,479,
6631,85,2500000,0,user_28,469,479,
7843,84,2500000,0,user_45,473,479,
8542,90,2400000,0,user_48,475,479,
7201,92,2300000,0,user_36,471,479,
5154,91,2300000,0,user_42,463,479,
8163,94,2100000,769000,user_35,474,479,
8541,97,2100000,0,user_48,475,479,
8534,95,2100000,0,user_45,475,479,
5140,96,2100000,11200,user_27,463,479,
7830,93,2100000,0,user_33,473,479,
5113,91,2000001,0,user_4,463,477,4770
5114,98,2000001,0,user_6,463,477,4770
5118,92,2000001,0,user_7,463,477,4770
5132,93,2000001,0,user_17,463,477,4770
4779,97,2000001,0,user_12,461,477,4770
5336,89,2000001,0,user_16,464,477,4770
5544,95,2000001,0,user_1,465,478,4770
5568,98,2000001,0,user_12,465,479,4770
5582,99,2000001,0,user_20,465,478,4770
5579,99,2000001,0,user_19,465,479,4770
5586,97,2000001,0,user_25,465,478,4770
5587,98,2000001,0,user_26,465,478,4770
5823,95,2000001,0,user_8,466,476,4770
8532,96,2000000,0,user_44,475,476,
8520,97,2000000,0,user_29,475,476,
7202,98,2000000,0,user_36,471,476,
5156,99,2000000,0,user_44,463,476,
9304,0,43000000,410000,user_45,477,479,
6125,2,43000000,0,user_44,467,479,
6645,1,43000000,0,user_40,469,479,
8173,3,30000000,0,user_44,474,479,
9302,4,27000000,0,user_44,477,479,
9305,5,27000000,0,user_45,477,479,
6372,9,27000000,0,user_37,468,479,
6107,7,27000000,0,user_28,467,479,
4931,8,27000000,0,user_33,462,479,
8155,6,27000000,0,user_27,474,479,
4726,13,19000000,0,user_19,460,479,
6914,12,19000000,0,user_44,470,479,
8908,23,6300000,594000,user_34,476,479,
5349,21,6300000,0,user_29,464,479,
5360,22,6300000,0,user_43,464,479,
5347,20,6300000,5630,user_27,464,479,
4737,18,6300000,0,user_29,460,479,
4806,17,6300000,0,user_37,461,479,
5153,19,6300000,0,user_42,463,479,
5594,15,6300000,0,user_31,465,479,
5841,16,6300000,0,user_29,466,479,
8917,29,6100000,0,user_42,476,479,
6641,24,6100000,0,user_37,469,479,
4743,28,6100000,0,user_36,460,479,
5863,26,6100000,0,user_45,466,479,
5842,27,6100000,0,user_30,466,479,
6647,25,6100000,0,user_41,469,479,
5364,34,5200000,0,user_46,464,479,
5352,33,5200000,0,user_34,464,479,
4924,32,5200000,0,user_27,462,479,
4948,31,5200000,0,user_48,462,479,
5593,30,5200000,21800,user_30,465,479,
7835,37,5000000,0,user_38,473,479,
5369,40,5000000,0,user_48,464,479,
5143,39,5000000,0,user_31,463,479,
4724,38,5000000,0,user_16,460,479,
9288,35,5000000,0,user_33,477,479,
8156,41,4500000,510000,user_28,474,479,
8167,42,4500000,215000,user_37,474,479,
7505,48,4500000,0,user_27,472,479,
7209,44,4500000,32900,user_45,471,479,
6378,47,4500000,0,user_40,468,479,
6119,46,4500000,0,user_38,467,479,
5614,45,4500000,0,user_48,465,479,
6649,43,4500000,256000,user_42,469,479,
8540,53,4200000,0,user_48,475,479,
4949,52,4200000,0,user_49,462,479,
4757,51,4200000,0,user_49,460,479,
5853,50,4200000,46500,user_37,466,479,
4927,57,3600000,75000,user_30,462,479,
6644,55,3600000,0,user_40,469,479,
6634,54,3600000,256000,user_31,469,479,
6916,56,3600000,0,user_47,470,479,
5110,59,3500001,0,user_1,463,479,4944
5125,60,3500001,0,user_12,463,479,4944
5138,61,3500001,0,user_26,463,479,4944
7836,63,3500000,0,user_38,473,479,
4944,65,3500000,161000,user_47,462,479,
6918,64,3500000,410000,user_47,470,479,
5111,66,3499999,0,user_2,463,479,4944
5317,73,3499999,0,user_8,464,479,4944
5128,67,3499999,0,user_13,463,479,4944
5133,71,3499999,0,user_18,463,479,4944
5129,69,3499999,0,user_15,463,479,4944
5130,70,3499999,0,user_15,463,479,4944
5321,72,3499999,0,user_9,464,479,4944
5117,68,3499999,0,user_6,463,479,4944
7828,76,3200000,0,user_31,473,479,
7837,74,3200000,0,user_38,473,479,
8159,75,3200000,0,user_31,474,479,
7517,78,3200000,0,user_44,472,479,
6376,77,3200000,0,user_39,468,479,
7208,81,2600000,0,user_44,471,479,
5362,82,2600000,0,user_44,464,479,
9300,80,2600000,71800,user_41,477,479,
7843,84,2500000,0,user_45,473,479,
6127,88,2500000,0,user_46,467,479,
6118,86,2500000,0,user_37,467,479,
6631,85,2500000,0,user_28,469,479,
4947,87,2500000,0,user_47,462,479,
8542,90,2400000,0,user_48,475,479,
8905,89,2400000,0,user_31,476,479,
7201,92,2300000,0,user_36,471,479,
5154,91,2300000,0,user_42,463,479,
7830,93,2100000,0,user_33,473,479,
8163,94,2100000,769000,user_35,474,479,
8541,97,2100000,0,user_48,475,479,
8534,95,2100000,0,user_45,475,479,
5140,96,2100000,11200,user_27,463,479,
5336,89,2000001,0,user_16,464,477,4770
5544,95,2000001,0,user_1,465,478,4770
5113,91,2000001,0,user_4,463,477,4770
5118,92,2000001,0,user_7,463,477,4770
5132,93,2000001,0,user_17,463,477,4770
5568,98,2000001,0,user_12,465,479,4770
5579,99,2000001,0,user_19,465,479,4770
5582,99,2000001,0,user_20,465,478,4770
4779,97,2000001,0,user_12,461,477,4770
5114,98,2000001,0,user_6,463,477,4770
5586,97,2000001,0,user_25,465,478,4770
6645,1,43000000,0,user_40,469,479,
6125,2,43000000,0,user_44,467,479,
9304,0,43000000,410000,user_45,477,479,
8173,3,30000000,0,user_44,474,479,
6372,9,27000000,0,user_37,468,479,
4931,8,27000000,0,user_33,462,479,
6107,7,27000000,0,user_28,467,479,
8155,6,27000000,0,user_27,474,479,
9305,5,27000000,0,user_45,477,479,
9302,4,27000000,0,user_44,477,479,
9691,10,19000000,0,user_44,478,479,
6914,12,19000000,0,user_44,470,479,
4726,13,19000000,0,user_19,460,479,
9697,11,19000000,0,user_47,478,479,
5594,15,6300000,0,user_31,465,479,
5349,21,6300000,0,user_29,464,479,
5360,22,6300000,0,user_43,464,479,
4737,18,6300000,0,user_29,460,479,
4806,17,6300000,0,user_37,461,479,
5153,19,6300000,0,user_42,463,479,
5347,20,6300000,5630,user_27,464,479,
5841,16,6300000,0,user_29,466,479,
8908,23,6300000,594000,user_34,476,479,
6641,24,6100000,0,user_37,469,479,
6647,25,6100000,0,user_41,469,479,
5863,26,6100000,0,user_45,466,479,
4743,28,6100000,0,user_36,460,479,
5842,27,6100000,0,user_30,466,479,
8917,29,6100000,0,user_42,476,479,
5593,30,5200000,21800,user_30,465,479,
5364,34,5200000,0,user_46,464,479,
5352,33,5200000,0,user_34,464,479,
4948,31,5200000,0,user_48,462,479,
4924,32,5200000,0,user_27,462,479,
7835,37,5000000,0,user_38,473,479,
5369,40,5000000,0,user_48,464,479,
4724,38,5000000,0,user_16,460,479,
5143,39,5000000,0,user_31,463,479,
9288,35,5000000,0,user_33,477,479,
9676,36,5000000,0,user_29,478,479,
8156,41,4500000,510000,user_28,474,479,
8167,42,4500000,215000,user_37,474,479,
6119,46,4500000,0,user_38,467,479,
6378,47,4500000,0,user_40,468,479,
6649,43,4500000,256000,user_42,469,479,
5614,45,4500000,0,user_48,465,479,
7209,44,4500000,32900,user_45,471,479,
7505,48,4500000,0,user_27,472,479,
9693,49,4200000,0,user_44,478,479,
5853,50,4200000,46500,user_37,466,479,
4757,51,4200000,0,user_49,460,479,
4949,52,4200000,0,user_49,462,479,
8540,53,4200000,0,user_48,475,479,
6644,55,3600000,0,user_40,469,479,
6634,54,3600000,256000,user_31,469,479,
4927,57,3600000,75000,user_30,462,479,
6916,56,3600000,0,user_47,470,479,
5110,59,3500001,0,user_1,463,479,4944
5125,60,3500001,0,user_12,463,479,4944
5138,61,3500001,0,user_26,463,479,4944
7836,63,3500000,0,user_38,473,479,
4944,65,3500000,161000,user_47,462,479,
6918,64,3500000,410000,user_47,470,479,
9701,62,3500000,0,user_48,478,479,
5317,73,3499999,0,user_8,464,479,4944
5321,72,3499999,0,user_9,464,479,4944
5111,66,3499999,0,user_2,463,479,4944
5129,69,3499999,0,user_15,463,479,4944
5130,70,3499999,0,user_15,463,479,4944
5128,67,3499999,0,user_13,463,479,4944
5133,71,3499999,0,user_18,463,479,4944
5117,68,3499999,0,user_6,463,479,4944
7828,76,3200000,0,user_31,473,479,
7837,74,3200000,0,user_38,473,479,
6376,77,3200000,0,user_39,468,479,
7517,78,3200000,0,user_44,472,479,
8159,75,3200000,0,user_31,474,479,
5362,82,2600000,0,user_44,464,479,
7208,81,2600000,0,user_44,471,479,
9300,80,2600000,71800,user_41,477,479,
7843,84,2500000,0,user_45,473,479,
6631,85,2500000,0,user_28,469,479,
6118,86,2500000,0,user_37,467,479,
6127,88,2500000,0,user_46,467,479,
4947,87,2500000,0,user_47,462,479,
9681,83,2500000,0,user_34,478,479,
8542,90,2400000,0,user_48,475,479,
8905,89,2400000,0,user_31,476,479,
5154,91,2300000,0,user_42,463,479,
7201,92,2300000,0,user_36,471,479,
7830,93,2100000,0,user_33,473,479,
5140,96,2100000,11200,user_27,463,479,
8163,94,2100000,769000,user_35,474,479,
8534,95,2100000,0,user_45,475,479,
8541,97,2100000,0,user_48,475,479,
5544,95,2000001,0,user_1,465,478,4770
5568,98,2000001,0,user_12,465,479,4770
5586,97,2000001,0,user_25,465,478,4770
5587,98,2000001,0,user_26,465,478,4770
5582,99,2000001,0,user_20,465,478,4770
9304,0,43000000,410000,user_45,477,479,
6645,1,43000000,0,user_40,469,479,
6125,2,43000000,0,user_44,467,479,
8173,3,30000000,0,user_44,474,479,
9302,4,27000000,0,user_44,477,479,
9305,5,27000000,0,user_45,477,479,
8155,6,27000000,0,user_27,474,479,
6107,7,27000000,0,user_28,467,479,
4931,8,27000000,0,user_33,462,479,
6372,9,27000000,0,user_37,468,479,
9691,10,19000000,0,user_44,478,479,
9697,11,19000000,0,user_47,478,479,
6914,12,19000000,0,user_44,470,479,
4726,13,19000000,0,user_19,460,479,
10103,14,19000000,0,user_48,479,479,
5594,15,6300000,0,user_31,465,479,
5841,16,6300000,0,user_29,466,479,
4806,17,6300000,0,user_37,461,479,
4737,18,6300000,0,user_29,460,479,
5153,19,6300000,0,user_42,463,479,
5347,20,6300000,5630,user_27,464,479,
5349,21,6300000,0,user_29,464,479,
5360,22,6300000,0,user_43,464,479,
8908,23,6300000,594000,user_34,476,479,
6641,24,6100000,0,user_37,469,479,
6647,25,6100000,0,user_41,469,479,
5863,26,6100000,0,user_45,466,479,
5842,27,6100000,0,user_30,466,479,
4743,28,6100000,0,user_36,460,479,
8917,29,6100000,0,user_42,476,479,
5593,30,5200000,21800,user_30,465,479,
4948,31,5200000,0,user_48,462,479,
4924,32,5200000,0,user_27,462,479,
5352,33,5200000,0,user_34,464,479,
5364,34,5200000,0,user_46,464,479,
9288,35,5000000,0,user_33,477,479,
9676,36,5000000,0,user_29,478,479,
7835,37,5000000,0,user_38,473,479,
4724,38,5000000,0,user_16,460,479,
5143,39,5000000,0,user_31,463,479,
5369,40,5000000,0,user_48,464,479,
8156,41,4500000,510000,user_28,474,479,
8167,42,4500000,215000,user_37,474,479,
6649,43,4500000,256000,user_42,469,479,
7209,44,4500000,32900,user_45,471,479,
5614,45,4500000,0,user_48,465,479,
6119,46,4500000,0,user_38,467,479,
6378,47,4500000,0,user_40,468,479,
7505,48,4500000,0,user_27,472,479,
9693,49,4200000,0,user_44,478,479,
5853,50,4200000,46500,user_37,466,479,
4757,51,4200000,0,user_49,460,479,
4949,52,4200000,0,user_49,462,479,
8540,53,4200000,0,user_48,475,479,
6634,54,3600000,256000,user_31,469,479,
6644,55,3600000,0,user_40,469,479,
6916,56,3600000,0,user_47,470,479,
4927,57,3600000,75000,user_30,462,479,
10092,58,3600000,0,user_34,479,479,
5110,59,3500001,0,user_1,463,479,4944
5125,60,3500001,0,user_12,463,479,4944
5138,61,3500001,0,user_26,463,479,4944
9701,62,3500000,0,user_48,478,479,
7836,63,3500000,0,user_38,473,479,
6918,64,3500000,410000,user_47,470,479,
4944,65,3500000,161000,user_47,462,479,
5111,66,3499999,0,user_2,463,479,4944
5128,67,3499999,0,user_13,463,479,4944
5117,68,3499999,0,user_6,463,479,4944
5129,69,3499999,0,user_15,463,479,4944
5130,70,3499999,0,user_15,463,479,4944
5133,71,3499999,0,user_18,463,479,4944
5321,72,3499999,0,user_9,464,479,4944
5317,73,3499999,0,user_8,464,479,4944
7837,74,3200000,0,user_38,473,479,
8159,75,3200000,0,user_31,474,479,
7828,76,3200000,0,user_31,473,479,
6376,77,3200000,0,user_39,468,479,
7517,78,3200000,0,user_44,472,479,
10096,79,3200000,0,user_39,479,479,
9300,80,2600000,71800,user_41,477,479,
7208,81,2600000,0,user_44,471,479,
5362,82,2600000,0,user_44,464,479,
9681,83,2500000,0,user_34,478,479,
7843,84,2500000,0,user_45,473,479,
6631,85,2500000,0,user_28,469,479,
6118,86,2500000,0,user_37,467,479,
4947,87,2500000,0,user_47,462,479,
6127,88,2500000,0,user_46,467,479,
8905,89,2400000,0,user_31,476,479,
8542,90,2400000,0,user_48,475,479,
5154,91,2300000,0,user_42,463,479,
7201,92,2300000,0,user_36,471,479,
7830,93,2100000,0,user_33,473,479,
8163,94,2100000,769000,user_35,474,479,
8534,95,2100000,0,user_45,475,479,
5140,96,2100000,11200,user_27,463,479,
8541,97,2100000,0,user_48,475,479,
5568,98,2000001,0,user_12,465,479,4770
5579,99,2000001,0,user_19,465,479,4770
4726,13,19000000,0,user_19,480,499,
4737,18,6300000,0,user_29,480,499,
4743,28,6100000,0,user_36,480,499,
4724,38,5000000,0,user_16,480,499,
4736,92,2000000,0,user_28,480,494,
4723,93,2000000,0,user_16,480,494,
4740,94,2000000,0,user_34,480,494,
4734,97,1900000,0,user_24,480,490,
4731,97,1700000,0,user_23,480,489,
4735,94,1500000,128000,user_27,480,487,
4730,94,1400000,0,user_23,480,485,
4732,95,1400000,0,user_23,480,485,
4749,96,1400000,0,user_42,480,485,
4713,99,1300000,0,user_4,480,485,
4753,84,1000000,0,user_44,480,484,
4751,83,1000000,0,user_42,480,484,
4714,74,670000,0,user_6,480,483,
4715,78,530000,0,user_7,480,483,
4717,79,470000,0,user_9,480,483,
4752,85,350000,0,user_42,480,483,
4716,88,320000,0,user_8,480,483,
4722,90,310000,0,user_16,480,483,
4754,69,260000,0,user_45,480,482,
4755,68,260000,0,user_48,480,482,
4729,74,170000,0,user_23,480,482,
4725,77,160000,0,user_16,480,482,
4733,78,160000,0,user_24,480,482,
4745,84,120000,0,user_40,480,482,
4750,85,120000,0,user_42,480,482,
4747,65,110000,33300,user_41,480,481,
4718,72,100000,0,user_11,480,481,
4719,73,100000,0,user_11,480,481,
4721,75,82000,0,user_14,480,481,
4728,74,82000,0,user_23,480,481,
4746,76,82000,0,user_40,480,481,
4727,77,80000,0,user_20,480,481,
4748,80,73000,195000,user_42,480,481,
4720,37,70000,0,user_13,480,480,
4737,18,6300000,0,user_29,480,499,
4806,17,6300000,0,user_37,481,499,
4743,28,6100000,0,user_36,480,499,
4724,38,5000000,0,user_16,480,499,
4757,51,4200000,0,user_49,480,499,
4779,97,2000001,0,user_12,481,497,4770
4723,93,2000000,0,user_16,480,494,
4736,92,2000000,0,user_28,480,494,
4740,94,2000000,0,user_34,480,494,
4770,99,2000000,350000,user_0,481,495,
4800,98,2000000,0,user_32,481,495,
4803,96,2000000,0,user_36,481,494,
4734,97,1900000,0,user_24,480,490,
4731,97,1700000,0,user_23,480,489,
4780,98,1500001,0,user_14,481,488,4735
4793,99,1500001,0,user_22,481,488,4735
4735,94,1500000,128000,user_27,480,487,
4771,99,1499999,0,user_1,481,487,4735
4792,94,1499999,0,user_21,481,486,4735
4794,95,1499999,0,user_22,481,486,4735
4786,96,1499999,0,user_17,481,486,4735
4787,97,1499999,0,user_17,481,486,4735
4788,98,1499999,0,user_17,481,486,4735
4730,94,1400000,0,user_23,480,485,
4732,95,1400000,0,user_23,480,485,
4749,96,1400000,0,user_42,480,485,
4769,97,1400000,0,user_0,481,485,
4713,99,1300000,0,user_4,480,485,
4756,82,1100000,0,user_49,480,484,
4741,81,1100000,0,user_35,480,484,
4753,84,1000000,0,user_44,480,484,
4751,83,1000000,0,user_42,480,484,
4714,74,670000,0,user_6,480,483,
4715,78,530000,0,user_7,480,483,
4717,79,470000,0,user_9,480,483,
4809,81,460000,12300,user_44,481,483,
4739,84,370000,0,user_31,480,483,
4752,85,350000,0,user_42,480,483,
4744,86,340000,0,user_38,480,483,
4716,88,320000,0,user_8,480,483,
4722,90,310000,0,user_16,480,483,
4813,95,300000,71800,user_46,481,483,
4738,67,260000,0,user_31,480,482,
4755,68,260000,0,user_48,480,482,
4754,69,260000,0,user_45,480,482,
4804,70,260000,0,user_37,481,482,
4810,71,240000,0,user_45,481,482,
4799,72,220000,0,user_28,481,482,
4801,73,190000,0,user_33,481,482,
4729,74,170000,0,user_23,480,482,
4807,75,170000,0,user_40,481,482,
4725,77,160000,0,user_16,480,482,
4733,78,160000,0,user_24,480,482,
4811,79,160000,0,user_45,481,482,
4802,80,160000,0,user_33,481,482,
4798,81,160000,0,user_27,481,482,
4805,82,150000,0,user_37,481,482,
4745,84,120000,0,user_40,480,482,
4750,85,120000,0,user_42,480,482,
4812,86,120000,0,user_46,481,482,
4781,91,110001,0,user_14,481,482,4747
4782,93,110001,0,user_15,481,482,4747
4791,92,110001,0,user_21,481,482,4747
4784,94,110001,0,user_17,481,482,4747
4789,95,110001,0,user_18,481,482,4747
4747,65,110000,33300,user_41,480,481,
4742,66,110000,0,user_35,480,481,
4775,67,109999,0,user_6,481,481,4747
4796,68,109999,0,user_25,481,481,4747
4797,69,109999,0,user_26,481,481,4747
4785,70,109999,0,user_17,481,481,4747
4795,71,109999,0,user_24,481,481,4747
4718,72,100000,0,user_11,480,481,
4719,73,100000,0,user_11,480,481,
4728,74,82000,0,user_23,480,481,
4721,75,82000,0,user_14,480,481,
4746,76,82000,0,user_40,480,481,
4727,77,80000,0,user_20,480,481,
4790,78,73001,0,user_20,481,481,4748
4772,79,73001,0,user_3,481,481,4748
4748,80,73000,195000,user_42,480,481,
4774,81,72999,0,user_5,481,481,4748
4777,82,72999,0,user_10,481,481,4748
4773,83,72999,0,user_3,481,481,4748
4776,84,72999,0,user_6,481,481,4748
4778,85,72999,0,user_11,481,481,4748
4783,86,72999,0,user_16,481,481,4748
4931,8,27000000,0,user_33,482,499,
4726,13,19000000,0,user_19,480,499,
4737,18,6300000,0,user_29,480,499,
4806,17,6300000,0,user_37,481,499,
4743,28,6100000,0,user_36,480,499,
4948,31,5200000,0,user_48,482,499,
4924,32,5200000,0,user_27,482,499,
4724,38,5000000,0,user_16,480,499,
4757,51,4200000,0,user_49,480,499,
4927,57,3600000,75000,user_30,482,499,
4944,65,3500000,161000,user_47,482,499,
4947,87,2500000,0,user_47,482,499,
4779,97,2000001,0,user_12,481,497,4770
4736,92,2000000,0,user_28,480,494,
4723,93,2000000,0,user_16,480,494,
4740,94,2000000,0,user_34,480,494,
4770,99,2000000,350000,user_0,481,495,
4803,96,2000000,0,user_36,481,494,
4800,98,2000000,0,user_32,481,495,
4734,97,1900000,0,user_24,480,490,
4731,97,1700000,0,user_23,480,489,
4808,99,1600000,0,user_43,481,489,
4780,98,1500001,0,user_14,481,488,4735
4793,99,1500001,0,user_22,481,488,4735
4922,97,1500001,0,user_24,482,488,4735
4735,94,1500000,128000,user_27,480,487,
4771,99,1499999,0,user_1,481,487,4735
4792,94,1499999,0,user_21,481,486,4735
4794,95,1499999,0,user_22,481,486,4735
4786,96,1499999,0,user_17,481,486,4735
4787,97,1499999,0,user_17,481,486,4735
4788,98,1499999,0,user_17,481,486,4735
4895,99,1499999,0,user_2,482,486,4735
4912,98,1499999,0,user_21,482,487,4735
4730,94,1400000,0,user_23,480,485,
4732,95,1400000,0,user_23,480,485,
4749,96,1400000,0,user_42,480,485,
4769,97,1400000,0,user_0,481,485,
4932,92,1400000,0,user_33,482,485,
4713,99,1300000,0,user_4,480,485,
4756,82,1100000,0,user_49,480,484,
4741,81,1100000,0,user_35,480,484,
4753,84,1000000,0,user_44,480,484,
4751,83,1000000,0,user_42,480,484,
4714,74,670000,0,user_6,480,483,
4939,76,630000,0,user_39,482,483,
4935,77,600000,0,user_37,482,483,
4715,78,530000,0,user_7,480,483,
4717,79,470000,0,user_9,480,483,
4903,80,460001,0,user_11,482,483,4809
4809,81,460000,12300,user_44,481,483,
4902,83,459999,0,user_11,482,483,4809
4739,84,370000,0,user_31,480,483,
4752,85,350000,0,user_42,480,483,
4744,86,340000,0,user_38,480,483,
4716,88,320000,0,user_8,480,483,
4722,90,310000,0,user_16,480,483,
4925,89,310000,0,user_30,482,483,
4907,92,300001,0,user_14,482,483,4813
4921,93,300001,0,user_23,482,483,4813
4901,94,300001,0,user_9,482,483,4813
4813,95,300000,71800,user_46,481,483,
4896,96,299999,0,user_4,482,483,4813
4911,97,299999,0,user_20,482,483,4813
4899,99,299999,0,user_6,482,483,4813
4900,65,299999,0,user_6,482,482,4813
4915,98,299999,0,user_21,482,483,4813
4738,67,260000,0,user_31,480,482,
4755,68,260000,0,user_48,480,482,
4754,69,260000,0,user_45,480,482,
4804,70,260000,0,user_37,481,482,
4810,71,240000,0,user_45,481,482,
4799,72,220000,0,user_28,481,482,
4801,73,190000,0,user_33,481,482,
4729,74,170000,0,user_23,480,482,
4807,75,170000,0,user_40,481,482,
4943,76,170000,4320000,user_47,482,482,
4725,77,160000,0,user_16,480,482,
4733,78,160000,0,user_24,480,482,
4811,79,160000,0,user_45,481,482,
4802,80,160000,0,user_33,481,482,
4798,81,160000,0,user_27,481,482,
4805,82,150000,0,user_37,481,482,
4945,83,150000,0,user_47,482,482,
4745,84,120000,0,user_40,480,482,
4750,85,120000,0,user_42,480,482,
4812,86,120000,0,user_46,481,482,
4814,87,120000,0,user_49,481,482,
4938,88,120000,0,user_39,482,482,
4934,89,120000,0,user_36,482,482,
4946,90,120000,46500,user_47,482,482,
4781,91,110001,0,user_14,481,482,4747
4791,92,110001,0,user_21,481,482,4747
4782,93,110001,0,user_15,481,482,4747
4784,94,110001,0,user_17,481,482,4747
4789,95,110001,0,user_18,481,482,4747
4897,96,110001,0,user_5,482,482,4747
4898,97,110001,0,user_5,482,482,4747
4905,98,110001,0,user_12,482,482,4747
4908,99,110001,0,user_15,482,482,4747
4931,8,27000000,0,user_33,482,499,
4726,13,19000000,0,user_19,480,499,
4806,17,6300000,0,user_37,481,499,
4737,18,6300000,0,user_29,480,499,
5153,19,6300000,0,user_42,483,499,
4743,28,6100000,0,user_36,480,499,
4948,31,5200000,0,user_48,482,499,
4924,32,5200000,0,user_27,482,499,
4724,38,5000000,0,user_16,480,499,
4757,51,4200000,0,user_49,480,499,
4949,52,4200000,0,user_49,482,499,
4927,57,3600000,75000,user_30,482,499,
5110,59,3500001,0,user_1,483,499,4944
5125,60,3500001,0,user_12,483,499,4944
5138,61,3500001,0,user_26,483,499,4944
4944,65,3500000,161000,user_47,482,499,
5111,66,3499999,0,user_2,483,499,4944
5128,67,3499999,0,user_13,483,499,4944
5117,68,3499999,0,user_6,483,499,4944
5129,69,3499999,0,user_15,483,499,4944
5130,70,3499999,0,user_15,483,499,4944
5133,71,3499999,0,user_18,483,499,4944
4947,87,2500000,0,user_47,482,499,
5154,91,2300000,0,user_42,483,499,
5140,96,2100000,11200,user_27,483,499,
4779,97,2000001,0,user_12,481,497,4770
5113,91,2000001,0,user_4,483,497,4770
5114,98,2000001,0,user_6,483,497,4770
5118,92,2000001,0,user_7,483,497,4770
5132,93,2000001,0,user_17,483,497,4770
4800,98,2000000,0,user_32,481,495,
4770,99,2000000,350000,user_0,481,495,
4803,96,2000000,0,user_36,481,494,
5156,99,2000000,0,user_44,483,496,
4723,93,2000000,0,user_16,480,494,
4740,94,2000000,0,user_34,480,494,
4736,92,2000000,0,user_28,480,494,
5116,98,1999999,0,user_6,483,493,4770
5135,93,1999999,0,user_23,483,493,4770
4734,97,1900000,0,user_24,480,490,
4731,97,1700000,0,user_23,480,489,
4808,99,1600000,0,user_43,481,489,
4922,97,1500001,0,user_24,482,488,4735
4780,98,1500001,0,user_14,481,488,4735
4793,99,1500001,0,user_22,481,488,4735
5119,95,1500001,0,user_7,483,488,4735
5124,94,1500001,0,user_12,483,488,4735
5136,96,1500001,0,user_24,483,488,4735
4735,94,1500000,128000,user_27,480,487,
5145,95,1500000,0,user_34,483,487,
5142,96,1500000,0,user_30,483,487,
4912,98,1499999,0,user_21,482,487,4735
4771,99,1499999,0,user_1,481,487,4735
4786,96,1499999,0,user_17,481,486,4735
4787,97,1499999,0,user_17,481,486,4735
4788,98,1499999,0,user_17,481,486,4735
4794,95,1499999,0,user_22,481,486,4735
4792,94,1499999,0,user_21,481,486,4735
4895,99,1499999,0,user_2,482,486,4735
5134,84,1499999,0,user_21,483,485,4735
5137,85,1499999,0,user_25,483,485,4735
4932,92,1400000,0,user_33,482,485,
4769,97,1400000,0,user_0,481,485,
4730,94,1400000,0,user_23,480,485,
4732,95,1400000,0,user_23,480,485,
4749,96,1400000,0,user_42,480,485,
5141,98,1300000,18600,user_28,483,485,
4713,99,1300000,0,user_4,480,485,
4929,80,1200000,0,user_31,482,484,
4741,81,1100000,0,user_35,480,484,
4756,82,1100000,0,user_49,480,484,
4753,84,1000000,0,user_44,480,484,
4751,83,1000000,0,user_42,480,484,
5144,96,910000,7190000,user_32,483,484,
4714,74,670000,0,user_6,480,483,
5139,75,660000,7190000,user_27,483,483,
4939,76,630000,0,user_39,482,483,
4935,77,600000,0,user_37,482,483,
4715,78,530000,0,user_7,480,483,
4717,79,470000,0,user_9,480,483,
4903,80,460001,0,user_11,482,483,4809
4809,81,460000,12300,user_44,481,483,
5152,82,460000,0,user_41,483,483,
4902,83,459999,0,user_11,482,483,4809
4739,84,370000,0,user_31,480,483,
4752,85,350000,0,user_42,480,483,
4744,86,340000,0,user_38,480,483,
5150,87,340000,0,user_37,483,483,
4716,88,320000,0,user_8,480,483,
4925,89,310000,0,user_30,482,483,
4722,90,310000,0,user_16,480,483,
5148,91,310000,0,user_36,483,483,
4907,92,300001,0,user_14,482,483,4813
4921,93,300001,0,user_23,482,483,4813
4901,94,300001,0,user_9,482,483,4813
4813,95,300000,71800,user_46,481,483,
4896,96,299999,0,user_4,482,483,4813
4911,97,299999,0,user_20,482,483,4813
4915,98,299999,0,user_21,482,483,4813
4899,99,299999,0,user_6,482,483,4813
4931,8,27000000,0,user_33,482,499,
4726,13,19000000,0,user_19,480,499,
5153,19,6300000,0,user_42,483,499,
4806,17,6300000,0,user_37,481,499,
4737,18,6300000,0,user_29,480,499,
5349,21,6300000,0,user_29,484,499,
5347,20,6300000,5630,user_27,484,499,
4743,28,6100000,0,user_36,480,499,
4924,32,5200000,0,user_27,482,499,
4948,31,5200000,0,user_48,482,499,
5364,34,5200000,0,user_46,484,499,
5352,33,5200000,0,user_34,484,499,
5143,39,5000000,0,user_31,483,499,
4724,38,5000000,0,user_16,480,499,
5369,40,5000000,0,user_48,484,499,
4949,52,4200000,0,user_49,482,499,
4757,51,4200000,0,user_49,480,499,
4927,57,3600000,75000,user_30,482,499,
5125,60,3500001,0,user_12,483,499,4944
5138,61,3500001,0,user_26,483,499,4944
5110,59,3500001,0,user_1,483,499,4944
4944,65,3500000,161000,user_47,482,499,
5128,67,3499999,0,user_13,483,499,4944
5117,68,3499999,0,user_6,483,499,4944
5129,69,3499999,0,user_15,483,499,4944
5130,70,3499999,0,user_15,483,499,4944
5133,71,3499999,0,user_18,483,499,4944
5111,66,3499999,0,user_2,483,499,4944
5317,73,3499999,0,user_8,484,499,4944
5321,72,3499999,0,user_9,484,499,4944
5362,82,2600000,0,user_44,484,499,
4947,87,2500000,0,user_47,482,499,
5154,91,2300000,0,user_42,483,499,
5140,96,2100000,11200,user_27,483,499,
5113,91,2000001,0,user_4,483,497,4770
5114,98,2000001,0,user_6,483,497,4770
5118,92,2000001,0,user_7,483,497,4770
5132,93,2000001,0,user_17,483,497,4770
4779,97,2000001,0,user_12,481,497,4770
5336,89,2000001,0,user_16,484,497,4770
5156,99,2000000,0,user_44,483,496,
4770,99,2000000,350000,user_0,481,495,
4803,96,2000000,0,user_36,481,494,
4736,92,2000000,0,user_28,480,494,
4723,93,2000000,0,user_16,480,494,
4740,94,2000000,0,user_34,480,494,
4800,98,2000000,0,user_32,481,495,
5116,98,1999999,0,user_6,483,493,4770
5135,93,1999999,0,user_23,483,493,4770
4734,97,1900000,0,user_24,480,490,
5366,96,1800000,0,user_47,484,489,
4731,97,1700000,0,user_23,480,489,
4808,99,1600000,0,user_43,481,489,
5124,94,1500001,0,user_12,483,488,4735
5119,95,1500001,0,user_7,483,488,4735
5136,96,1500001,0,user_24,483,488,4735
4922,97,1500001,0,user_24,482,488,4735
4780,98,1500001,0,user_14,481,488,4735
4793,99,1500001,0,user_22,481,488,4735
5142,96,1500000,0,user_30,483,487,
5145,95,1500000,0,user_34,483,487,
4735,94,1500000,128000,user_27,480,487,
5350,97,1500000,0,user_30,484,487,
5134,84,1499999,0,user_21,483,485,4735
4895,99,1499999,0,user_2,482,486,4735
5137,85,1499999,0,user_25,483,485,4735
4771,99,1499999,0,user_1,481,487,4735
4912,98,1499999,0,user_21,482,487,4735
4792,94,1499999,0,user_21,481,486,4735
4786,96,1499999,0,user_17,481,486,4735
4787,97,1499999,0,user_17,481,486,4735
4788,98,1499999,0,user_17,481,486,4735
4794,95,1499999,0,user_22,481,486,4735
4749,96,1400000,0,user_42,480,485,
4769,97,1400000,0,user_0,481,485,
4932,92,1400000,0,user_33,482,485,
4730,94,1400000,0,user_23,480,485,
4732,95,1400000,0,user_23,480,485,
5141,98,1300000,18600,user_28,483,485,
4713,99,1300000,0,user_4,480,485,
4929,80,1200000,0,user_31,482,484,
4741,81,1100000,0,user_35,480,484,
4756,82,1100000,0,user_49,480,484,
4751,83,1000000,0,user_42,480,484,
4753,84,1000000,0,user_44,480,484,
5353,85,1000000,0,user_36,484,484,
5312,86,910001,0,user_1,484,484,5144
5314,87,910001,0,user_2,484,484,5144
5323,88,910001,0,user_10,484,484,5144
5324,89,910001,0,user_11,484,484,5144
5325,90,910001,0,user_11,484,484,5144
5341,91,910001,0,user_19,484,484,5144
5315,92,910001,0,user_3,484,484,5144
5319,93,910001,0,user_8,484,484,5144
5320,94,910001,0,user_9,484,484,5144
5322,95,910001,0,user_9,484,484,5144
5144,96,910000,7190000,user_32,483,484,
5328,97,909999,0,user_13,484,484,5144
5311,98,909999,0,user_0,484,484,5144
5316,99,909999,0,user_6,484,484,5144
4931,8,27000000,0,user_33,482,499,
4726,13,19000000,0,user_19,480,499,
5349,21,6300000,0,user_29,484,499,
5360,22,6300000,0,user_43,484,499,
5347,20,6300000,5630,user_27,484,499,
4737,18,6300000,0,user_29,480,499,
4806,17,6300000,0,user_37,481,499,
5153,19,6300000,0,user_42,483,499,
4743,28,6100000,0,user_36,480,499,
5364,34,5200000,0,user_46,484,499,
5352,33,5200000,0,user_34,484,499,
4924,32,5200000,0,user_27,482,499,
4948,31,5200000,0,user_48,482,499,
5593,30,5200000,21800,user_30,485,499,
5369,40,5000000,0,user_48,484,499,
5143,39,5000000,0,user_31,483,499,
4724,38,5000000,0,user_16,480,499,
5614,45,4500000,0,user_48,485,499,
4949,52,4200000,0,user_49,482,499,
4757,51,4200000,0,user_49,480,499,
4927,57,3600000,75000,user_30,482,499,
5110,59,3500001,0,user_1,483,499,4944
5125,60,3500001,0,user_12,483,499,4944
5138,61,3500001,0,user_26,483,499,4944
4944,65,3500000,161000,user_47,482,499,
5111,66,3499999,0,user_2,483,499,4944
5317,73,3499999,0,user_8,484,499,4944
5128,67,3499999,0,user_13,483,499,4944
5133,71,3499999,0,user_18,483,499,4944
5129,69,3499999,0,user_15,483,499,4944
5130,70,3499999,0,user_15,483,499,4944
5321,72,3499999,0,user_9,484,499,4944
5117,68,3499999,0,user_6,483,499,4944
5362,82,2600000,0,user_44,484,499,
4947,87,2500000,0,user_47,482,499,
5154,91,2300000,0,user_42,483,499,
5140,96,2100000,11200,user_27,483,499,
5336,89,2000001,0,user_16,484,497,4770
5544,95,2000001,0,user_1,485,498,4770
5113,91,2000001,0,user_4,483,497,4770
5118,92,2000001,0,user_7,483,497,4770
5132,93,2000001,0,user_17,483,497,4770
5568,98,2000001,0,user_12,485,499,4770
5579,99,2000001,0,user_19,485,499,4770
5582,99,2000001,0,user_20,485,498,4770
4779,97,2000001,0,user_12,481,497,4770
5114,98,2000001,0,user_6,483,497,4770
5586,97,2000001,0,user_25,485,498,4770
5587,98,2000001,0,user_26,485,498,4770
5156,99,2000000,0,user_44,483,496,
4723,93,2000000,0,user_16,480,494,
4736,92,2000000,0,user_28,480,494,
4740,94,2000000,0,user_34,480,494,
4770,99,2000000,350000,user_0,481,495,
4800,98,2000000,0,user_32,481,495,
4803,96,2000000,0,user_36,481,494,
5135,93,1999999,0,user_23,483,493,4770
5570,94,1999999,0,user_13,485,493,4770
5543,95,1999999,0,user_0,485,493,4770
5580,96,1999999,0,user_19,485,493,4770
5581,97,1999999,0,user_19,485,493,4770
5116,98,1999999,0,user_6,483,493,4770
5555,99,1999999,0,user_6,485,493,4770
5585,94,1999999,0,user_25,485,491,4770
5575,95,1999999,0,user_17,485,492,4770
5584,99,1999999,0,user_24,485,492,4770
5577,96,1999999,0,user_18,485,492,4770
4734,97,1900000,0,user_24,480,490,
5366,96,1800000,0,user_47,484,489,
4731,97,1700000,0,user_23,480,489,
4808,99,1600000,0,user_43,481,489,
4922,97,1500001,0,user_24,482,488,4735
5124,94,1500001,0,user_12,483,488,4735
5119,95,1500001,0,user_7,483,488,4735
5136,96,1500001,0,user_24,483,488,4735
4780,98,1500001,0,user_14,481,488,4735
4793,99,1500001,0,user_22,481,488,4735
5350,97,1500000,0,user_30,484,487,
5142,96,1500000,0,user_30,483,487,
4735,94,1500000,128000,user_27,480,487,
5145,95,1500000,0,user_34,483,487,
5613,92,1500000,0,user_46,485,487,
4895,99,1499999,0,user_2,482,486,4735
4912,98,1499999,0,user_21,482,487,4735
5134,84,1499999,0,user_21,483,485,4735
5137,85,1499999,0,user_25,483,485,4735
4771,99,1499999,0,user_1,481,487,4735
4792,94,1499999,0,user_21,481,486,4735
4794,95,1499999,0,user_22,481,486,4735
4786,96,1499999,0,user_17,481,486,4735
4787,97,1499999,0,user_17,481,486,4735
4788,98,1499999,0,user_17,481,486,4735
4932,92,1400000,0,user_33,482,485,
5609,93,1400000,0,user_44,485,485,
4730,94,1400000,0,user_23,480,485,
4732,95,1400000,0,user_23,480,485,
4749,96,1400000,0,user_42,480,485,
4769,97,1400000,0,user_0,481,485,
5141,98,1300000,18600,user_28,483,485,
4713,99,1300000,0,user_4,480,485,
4931,8,27000000,0,user_33,482,499,
4726,13,19000000,0,user_19,480,499,
5594,15,6300000,0,user_31,485,499,
5349,21,6300000,0,user_29,484,499,
5360,22,6300000,0,user_43,484,499,
4737,18,6300000,0,user_29,480,499,
4806,17,6300000,0,user_37,481,499,
5153,19,6300000,0,user_42,483,499,
5347,20,6300000,5630,user_27,484,499,
5841,16,6300000,0,user_29,486,499,
5863,26,6100000,0,user_45,486,499,
4743,28,6100000,0,user_36,480,499,
5842,27,6100000,0,user_30,486,499,
5593,30,5200000,21800,user_30,485,499,
5364,34,5200000,0,user_46,484,499,
5352,33,5200000,0,user_34,484,499,
4948,31,5200000,0,user_48,482,499,
4924,32,5200000,0,user_27,482,499,
5369,40,5000000,0,user_48,484,499,
4724,38,5000000,0,user_16,480,499,
5143,39,5000000,0,user_31,483,499,
5614,45,4500000,0,user_48,485,499,
5853,50,4200000,46500,user_37,486,499,
4757,51,4200000,0,user_49,480,499,
4949,52,4200000,0,user_49,482,499,
4927,57,3600000,75000,user_30,482,499,
5110,59,3500001,0,user_1,483,499,4944
5125,60,3500001,0,user_12,483,499,4944
5138,61,3500001,0,user_26,483,499,4944
4944,65,3500000,161000,user_47,482,499,
5317,73,3499999,0,user_8,484,499,4944
5321,72,3499999,0,user_9,484,499,4944
5111,66,3499999,0,user_2,483,499,4944
5129,69,3499999,0,user_15,483,499,4944
5130,70,3499999,0,user_15,483,499,4944
5128,67,3499999,0,user_13,483,499,4944
5133,71,3499999,0,user_18,483,499,4944
5117,68,3499999,0,user_6,483,499,4944
5362,82,2600000,0,user_44,484,499,
4947,87,2500000,0,user_47,482,499,
5154,91,2300000,0,user_42,483,499,
5140,96,2100000,11200,user_27,483,499,
5544,95,2000001,0,user_1,485,498,4770
5568,98,2000001,0,user_12,485,499,4770
5586,97,2000001,0,user_25,485,498,4770
5587,98,2000001,0,user_26,485,498,4770
5582,99,2000001,0,user_20,485,498,4770
5336,89,2000001,0,user_16,484,497,4770
5579,99,2000001,0,user_19,485,499,4770
4779,97,2000001,0,user_12,481,497,4770
5113,91,2000001,0,user_4,483,497,4770
5118,92,2000001,0,user_7,483,497,4770
5132,93,2000001,0,user_17,483,497,4770
5114,98,2000001,0,user_6,483,497,4770
5823,95,2000001,0,user_8,486,496,4770
4736,92,2000000,0,user_28,480,494,
4723,93,2000000,0,user_16,480,494,
4740,94,2000000,0,user_34,480,494,
4770,99,2000000,350000,user_0,481,495,
4803,96,2000000,0,user_36,481,494,
4800,98,2000000,0,user_32,481,495,
5156,99,2000000,0,user_44,483,496,
5858,97,2000000,0,user_40,486,495,
5543,95,1999999,0,user_0,485,493,4770
5570,94,1999999,0,user_13,485,493,4770
5575,95,1999999,0,user_17,485,492,4770
5584,99,1999999,0,user_24,485,492,4770
5585,94,1999999,0,user_25,485,491,4770
5577,96,1999999,0,user_18,485,492,4770
5555,99,1999999,0,user_6,485,493,4770
5580,96,1999999,0,user_19,485,493,4770
5581,97,1999999,0,user_19,485,493,4770
5135,93,1999999,0,user_23,483,493,4770
5116,98,1999999,0,user_6,483,493,4770
4734,97,1900000,0,user_24,480,490,
5869,98,1900000,0,user_47,486,490,
5366,96,1800000,0,user_47,484,489,
4731,97,1700000,0,user_23,480,489,
5604,92,1600000,0,user_38,485,488,
5862,93,1600000,0,user_45,486,488,
4808,99,1600000,0,user_43,481,489,
4780,98,1500001,0,user_14,481,488,4735
4793,99,1500001,0,user_22,481,488,4735
4922,97,1500001,0,user_24,482,488,4735
5119,95,1500001,0,user_7,483,488,4735
5124,94,1500001,0,user_12,483,488,4735
5136,96,1500001,0,user_24,483,488,4735
5613,92,1500000,0,user_46,485,487,
5350,97,1500000,0,user_30,484,487,
5861,93,1500000,0,user_45,486,487,
4735,94,1500000,128000,user_27,480,487,
5142,96,1500000,0,user_30,483,487,
5145,95,1500000,0,user_34,483,487,
4771,99,1499999,0,user_1,481,487,4735
4792,94,1499999,0,user_21,481,486,4735
4794,95,1499999,0,user_22,481,486,4735
4786,96,1499999,0,user_17,481,486,4735
4787,97,1499999,0,user_17,481,486,4735
4788,98,1499999,0,user_17,481,486,4735
4895,99,1499999,0,user_2,482,486,4735
6125,2,43000000,0,user_44,487,499,
6107,7,27000000,0,user_28,487,499,
4931,8,27000000,0,user_33,482,499,
4726,13,19000000,0,user_19,480,499,
5594,15,6300000,0,user_31,485,499,
5841,16,6300000,0,user_29,486,499,
4806,17,6300000,0,user_37,481,499,
4737,18,6300000,0,user_29,480,499,
5153,19,6300000,0,user_42,483,499,
5347,20,6300000,5630,user_27,484,499,
5349,21,6300000,0,user_29,484,499,
5360,22,6300000,0,user_43,484,499,
5863,26,6100000,0,user_45,486,499,
5842,27,6100000,0,user_30,486,499,
4743,28,6100000,0,user_36,480,499,
5593,30,5200000,21800,user_30,485,499,
4948,31,5200000,0,user_48,482,499,
4924,32,5200000,0,user_27,482,499,
5352,33,5200000,0,user_34,484,499,
5364,34,5200000,0,user_46,484,499,
4724,38,5000000,0,user_16,480,499,
5143,39,5000000,0,user_31,483,499,
5369,40,5000000,0,user_48,484,499,
5614,45,4500000,0,user_48,485,499,
5853,50,4200000,46500,user_37,486,499,
4757,51,4200000,0,user_49,480,499,
4949,52,4200000,0,user_49,482,499,
4927,57,3600000,75000,user_30,482,499,
5110,59,3500001,0,user_1,483,499,4944
5125,60,3500001,0,user_12,483,499,4944
5138,61,3500001,0,user_26,483,499,4944
4944,65,3500000,161000,user_47,482,499,
5111,66,3499999,0,user_2,483,499,4944
5128,67,3499999,0,user_13,483,499,4944
5117,68,3499999,0,user_6,483,499,4944
5129,69,3499999,0,user_15,483,499,4944
5130,70,3499999,0,user_15,483,499,4944
5133,71,3499999,0,user_18,483,499,4944
5321,72,3499999,0,user_9,484,499,4944
5317,73,3499999,0,user_8,484,499,4944
5362,82,2600000,0,user_44,484,499,
6118,86,2500000,0,user_37,487,499,
4947,87,2500000,0,user_47,482,499,
6127,88,2500000,0,user_46,487,499,
5154,91,2300000,0,user_42,483,499,
5140,96,2100000,11200,user_27,483,499,
5568,98,2000001,0,user_12,485,499,4770
5579,99,2000001,0,user_19,485,499,4770
5582,99,2000001,0,user_20,485,498,4770
5586,97,2000001,0,user_25,485,498,4770
5587,98,2000001,0,user_26,485,498,4770
5823,95,2000001,0,user_8,486,496,4770
4779,97,2000001,0,user_12,481,497,4770
5113,91,2000001,0,user_4,483,497,4770
5114,98,2000001,0,user_6,483,497,4770
5118,92,2000001,0,user_7,483,497,4770
5132,93,2000001,0,user_17,483,497,4770
5336,89,2000001,0,user_16,484,497,4770
5544,95,2000001,0,user_1,485,498,4770
5858,97,2000000,0,user_40,486,495,
4800,98,2000000,0,user_32,481,495,
4770,99,2000000,350000,user_0,481,495,
4803,96,2000000,0,user_36,481,494,
5156,99,2000000,0,user_44,483,496,
4723,93,2000000,0,user_16,480,494,
4740,94,2000000,0,user_34,480,494,
4736,92,2000000,0,user_28,480,494,
5570,94,1999999,0,user_13,485,493,4770
5543,95,1999999,0,user_0,485,493,4770
5580,96,1999999,0,user_19,485,493,4770
5581,97,1999999,0,user_19,485,493,4770
5555,99,1999999,0,user_6,485,493,4770
5585,94,1999999,0,user_25,485,491,4770
5575,95,1999999,0,user_17,485,492,4770
5584,99,1999999,0,user_24,485,492,4770
5577,96,1999999,0,user_18,485,492,4770
5116,98,1999999,0,user_6,483,493,4770
5135,93,1999999,0,user_23,483,493,4770
5869,98,1900000,0,user_47,486,490,
4734,97,1900000,0,user_24,480,490,
5366,96,1800000,0,user_47,484,489,
4731,97,1700000,0,user_23,480,489,
5604,92,1600000,0,user_38,485,488,
5862,93,1600000,0,user_45,486,488,
4808,99,1600000,0,user_43,481,489,
6110,98,1600000,0,user_33,487,489,
4922,97,1500001,0,user_24,482,488,4735
4780,98,1500001,0,user_14,481,488,4735
4793,99,1500001,0,user_22,481,488,4735
5119,95,1500001,0,user_7,483,488,4735
5124,94,1500001,0,user_12,483,488,4735
5136,96,1500001,0,user_24,483,488,4735
5613,92,1500000,0,user_46,485,487,
5861,93,1500000,0,user_45,486,487,
4735,94,1500000,128000,user_27,480,487,
5145,95,1500000,0,user_34,483,487,
5142,96,1500000,0,user_30,483,487,
5350,97,1500000,0,user_30,484,487,
4912,98,1499999,0,user_21,482,487,4735
4771,99,1499999,0,user_1,481,487,4735
6125,2,43000000,0,user_44,487,499,
6107,7,27000000,0,user_28,487,499,
6372,9,27000000,0,user_37,488,499,
4931,8,27000000,0,user_33,482,499,
4726,13,19000000,0,user_19,480,499,
5153,19,6300000,0,user_42,483,499,
4806,17,6300000,0,user_37,481,499,
4737,18,6300000,0,user_29,480,499,
5349,21,6300000,0,user_29,484,499,
5360,22,6300000,0,user_43,484,499,
5347,20,6300000,5630,user_27,484,499,
5594,15,6300000,0,user_31,485,499,
5841,16,6300000,0,user_29,486,499,
4743,28,6100000,0,user_36,480,499,
5842,27,6100000,0,user_30,486,499,
5863,26,6100000,0,user_45,486,499,
4924,32,5200000,0,user_27,482,499,
4948,31,5200000,0,user_48,482,499,
5364,34,5200000,0,user_46,484,499,
5352,33,5200000,0,user_34,484,499,
5593,30,5200000,21800,user_30,485,499,
5143,39,5000000,0,user_31,483,499,
4724,38,5000000,0,user_16,480,499,
5369,40,5000000,0,user_48,484,499,
6119,46,4500000,0,user_38,487,499,
5614,45,4500000,0,user_48,485,499,
6378,47,4500000,0,user_40,488,499,
4949,52,4200000,0,user_49,482,499,
4757,51,4200000,0,user_49,480,499,
5853,50,4200000,46500,user_37,486,499,
4927,57,3600000,75000,user_30,482,499,
5125,60,3500001,0,user_12,483,499,4944
5138,61,3500001,0,user_26,483,499,4944
5110,59,3500001,0,user_1,483,499,4944
4944,65,3500000,161000,user_47,482,499,
5128,67,3499999,0,user_13,483,499,4944
5117,68,3499999,0,user_6,483,499,4944
5129,69,3499999,0,user_15,483,499,4944
5130,70,3499999,0,user_15,483,499,4944
5133,71,3499999,0,user_18,483,499,4944
5111,66,3499999,0,user_2,483,499,4944
5317,73,3499999,0,user_8,484,499,4944
5321,72,3499999,0,user_9,484,499,4944
6376,77,3200000,0,user_39,488,499,
5362,82,2600000,0,user_44,484,499,
6127,88,2500000,0,user_46,487,499,
6118,86,2500000,0,user_37,487,499,
4947,87,2500000,0,user_47,482,499,
5154,91,2300000,0,user_42,483,499,
5140,96,2100000,11200,user_27,483,499,
5113,91,2000001,0,user_4,483,497,4770
5114,98,2000001,0,user_6,483,497,4770
5118,92,2000001,0,user_7,483,497,4770
5132,93,2000001,0,user_17,483,497,4770
4779,97,2000001,0,user_12,481,497,4770
5336,89,2000001,0,user_16,484,497,4770
5544,95,2000001,0,user_1,485,498,4770
5568,98,2000001,0,user_12,485,499,4770
5582,99,2000001,0,user_20,485,498,4770
5579,99,2000001,0,user_19,485,499,4770
5586,97,2000001,0,user_25,485,498,4770
5587,98,2000001,0,user_26,485,498,4770
5823,95,2000001,0,user_8,486,496,4770
5156,99,2000000,0,user_44,483,496,
4770,99,2000000,350000,user_0,481,495,
4803,96,2000000,0,user_36,481,494,
4736,92,2000000,0,user_28,480,494,
4723,93,2000000,0,user_16,480,494,
4740,94,2000000,0,user_34,480,494,
4800,98,2000000,0,user_32,481,495,
5858,97,2000000,0,user_40,486,495,
6368,90,2000000,0,user_34,488,494,
6386,89,2000000,0,user_47,488,494,
5116,98,1999999,0,user_6,483,493,4770
5135,93,1999999,0,user_23,483,493,4770
5543,95,1999999,0,user_0,485,493,4770
5570,94,1999999,0,user_13,485,493,4770
5575,95,1999999,0,user_17,485,492,4770
5577,96,1999999,0,user_18,485,492,4770
5580,96,1999999,0,user_19,485,493,4770
5581,97,1999999,0,user_19,485,493,4770
5584,99,1999999,0,user_24,485,492,4770
5585,94,1999999,0,user_25,485,491,4770
5555,99,1999999,0,user_6,485,493,4770
6124,96,1900000,0,user_43,487,490,
4734,97,1900000,0,user_24,480,490,
5869,98,1900000,0,user_47,486,490,
5366,96,1800000,0,user_47,484,489,
6374,99,1800000,0,user_39,488,490,
4731,97,1700000,0,user_23,480,489,
6110,98,1600000,0,user_33,487,489,
4808,99,1600000,0,user_43,481,489,
5604,92,1600000,0,user_38,485,488,
5862,93,1600000,0,user_45,486,488,
5124,94,1500001,0,user_12,483,488,4735
5119,95,1500001,0,user_7,483,488,4735
5136,96,1500001,0,user_24,483,488,4735
4922,97,1500001,0,user_24,482,488,4735
4780,98,1500001,0,user_14,481,488,4735
4793,99,1500001,0,user_22,481,488,4735
6125,2,43000000,0,user_44,487,499,
6645,1,43000000,0,user_40,489,499,
6372,9,27000000,0,user_37,488,499,
6107,7,27000000,0,user_28,487,499,
4931,8,27000000,0,user_33,482,499,
4726,13,19000000,0,user_19,480,499,
5349,21,6300000,0,user_29,484,499,
5360,22,6300000,0,user_43,484,499,
5347,20,6300000,5630,user_27,484,499,
4737,18,6300000,0,user_29,480,499,
4806,17,6300000,0,user_37,481,499,
5153,19,6300000,0,user_42,483,499,
5594,15,6300000,0,user_31,485,499,
5841,16,6300000,0,user_29,486,499,
6641,24,6100000,0,user_37,489,499,
4743,28,6100000,0,user_36,480,499,
5863,26,6100000,0,user_45,486,499,
5842,27,6100000,0,user_30,486,499,
6647,25,6100000,0,user_41,489,499,
5364,34,5200000,0,user_46,484,499,
5352,33,5200000,0,user_34,484,499,
4924,32,5200000,0,user_27,482,499,
4948,31,5200000,0,user_48,482,499,
5593,30,5200000,21800,user_30,485,499,
5369,40,5000000,0,user_48,484,499,
5143,39,5000000,0,user_31,483,499,
4724,38,5000000,0,user_16,480,499,
6378,47,4500000,0,user_40,488,499,
6119,46,4500000,0,user_38,487,499,
5614,45,4500000,0,user_48,485,499,
6649,43,4500000,256000,user_42,489,499,
4949,52,4200000,0,user_49,482,499,
4757,51,4200000,0,user_49,480,499,
5853,50,4200000,46500,user_37,486,499,
4927,57,3600000,75000,user_30,482,499,
6644,55,3600000,0,user_40,489,499,
5110,59,3500001,0,user_1,483,499,4944
5125,60,3500001,0,user_12,483,499,4944
5138,61,3500001,0,user_26,483,499,4944
4944,65,3500000,161000,user_47,482,499,
5111,66,3499999,0,user_2,483,499,4944
5317,73,3499999,0,user_8,484,499,4944
5128,67,3499999,0,user_13,483,499,4944
5133,71,3499999,0,user_18,483,499,4944
5129,69,3499999,0,user_15,483,499,4944
5130,70,3499999,0,user_15,483,499,4944
5321,72,3499999,0,user_9,484,499,4944
5117,68,3499999,0,user_6,483,499,4944
6376,77,3200000,0,user_39,488,499,
5362,82,2600000,0,user_44,484,499,
6127,88,2500000,0,user_46,487,499,
6118,86,2500000,0,user_37,487,499,
6631,85,2500000,0,user_28,489,499,
4947,87,2500000,0,user_47,482,499,
5154,91,2300000,0,user_42,483,499,
5140,96,2100000,11200,user_27,483,499,
5336,89,2000001,0,user_16,484,497,4770
5544,95,2000001,0,user_1,485,498,4770
5113,91,2000001,0,user_4,483,497,4770
5118,92,2000001,0,user_7,483,497,4770
5132,93,2000001,0,user_17,483,497,4770
5568,98,2000001,0,user_12,485,499,4770
5579,99,2000001,0,user_19,485,499,4770
5582,99,2000001,0,user_20,485,498,4770
4779,97,2000001,0,user_12,481,497,4770
5114,98,2000001,0,user_6,483,497,4770
5586,97,2000001,0,user_25,485,498,4770
5587,98,2000001,0,user_26,485,498,4770
5823,95,2000001,0,user_8,486,496,4770
6386,89,2000000,0,user_47,488,494,
6368,90,2000000,0,user_34,488,494,
5156,99,2000000,0,user_44,483,496,
4723,93,2000000,0,user_16,480,494,
4736,92,2000000,0,user_28,480,494,
4740,94,2000000,0,user_34,480,494,
4770,99,2000000,350000,user_0,481,495,
4800,98,2000000,0,user_32,481,495,
4803,96,2000000,0,user_36,481,494,
5858,97,2000000,0,user_40,486,495,
6657,95,2000000,0,user_48,489,495,
6637,96,2000000,0,user_34,489,495,
5135,93,1999999,0,user_23,483,493,4770
5570,94,1999999,0,user_13,485,493,4770
5543,95,1999999,0,user_0,485,493,4770
5580,96,1999999,0,user_19,485,493,4770
5581,97,1999999,0,user_19,485,493,4770
5116,98,1999999,0,user_6,483,493,4770
5555,99,1999999,0,user_6,485,493,4770
5585,94,1999999,0,user_25,485,491,4770
5575,95,1999999,0,user_17,485,492,4770
5584,99,1999999,0,user_24,485,492,4770
5577,96,1999999,0,user_18,485,492,4770
6124,96,1900000,0,user_43,487,490,
4734,97,1900000,0,user_24,480,490,
5869,98,1900000,0,user_47,486,490,
6374,99,1800000,0,user_39,488,490,
5366,96,1800000,0,user_47,484,489,
4731,97,1700000,0,user_23,480,489,
6110,98,1600000,0,user_33,487,489,
4808,99,1600000,0,user_43,481,489,
6645,1,43000000,0,user_40,489,499,
6125,2,43000000,0,user_44,487,499,
6372,9,27000000,0,user_37,488,499,
4931,8,27000000,0,user_33,482,499,
6107,7,27000000,0,user_28,487,499,
6914,12,19000000,0,user_44,490,499,
4726,13,19000000,0,user_19,480,499,
5594,15,6300000,0,user_31,485,499,
5349,21,6300000,0,user_29,484,499,
5360,22,6300000,0,user_43,484,499,
4737,18,6300000,0,user_29,480,499,
4806,17,6300000,0,user_37,481,499,
5153,19,6300000,0,user_42,483,499,
5347,20,6300000,5630,user_27,484,499,
5841,16,6300000,0,user_29,486,499,
6641,24,6100000,0,user_37,489,499,
6647,25,6100000,0,user_41,489,499,
5863,26,6100000,0,user_45,486,499,
4743,28,6100000,0,user_36,480,499,
5842,27,6100000,0,user_30,486,499,
5593,30,5200000,21800,user_30,485,499,
5364,34,5200000,0,user_46,484,499,
5352,33,5200000,0,user_34,484,499,
4948,31,5200000,0,user_48,482,499,
4924,32,5200000,0,user_27,482,499,
5369,40,5000000,0,user_48,484,499,
4724,38,5000000,0,user_16,480,499,
5143,39,5000000,0,user_31,483,499,
6119,46,4500000,0,user_38,487,499,
6378,47,4500000,0,user_40,488,499,
6649,43,4500000,256000,user_42,489,499,
5614,45,4500000,0,user_48,485,499,
5853,50,4200000,46500,user_37,486,499,
4757,51,4200000,0,user_49,480,499,
4949,52,4200000,0,user_49,482,499,
6644,55,3600000,0,user_40,489,499,
6634,54,3600000,256000,user_31,489,499,
4927,57,3600000,75000,user_30,482,499,
6916,56,3600000,0,user_47,490,499,
5110,59,3500001,0,user_1,483,499,4944
5125,60,3500001,0,user_12,483,499,4944
5138,61,3500001,0,user_26,483,499,4944
4944,65,3500000,161000,user_47,482,499,
6918,64,3500000,410000,user_47,490,499,
5317,73,3499999,0,user_8,484,499,4944
5321,72,3499999,0,user_9,484,499,4944
5111,66,3499999,0,user_2,483,499,4944
5129,69,3499999,0,user_15,483,499,4944
5130,70,3499999,0,user_15,483,499,4944
5128,67,3499999,0,user_13,483,499,4944
5133,71,3499999,0,user_18,483,499,4944
5117,68,3499999,0,user_6,483,499,4944
6376,77,3200000,0,user_39,488,499,
5362,82,2600000,0,user_44,484,499,
6631,85,2500000,0,user_28,489,499,
6118,86,2500000,0,user_37,487,499,
6127,88,2500000,0,user_46,487,499,
4947,87,2500000,0,user_47,482,499,
5154,91,2300000,0,user_42,483,499,
5140,96,2100000,11200,user_27,483,499,
5544,95,2000001,0,user_1,485,498,4770
5568,98,2000001,0,user_12,485,499,4770
5586,97,2000001,0,user_25,485,498,4770
5587,98,2000001,0,user_26,485,498,4770
5582,99,2000001,0,user_20,485,498,4770
5336,89,2000001,0,user_16,484,497,4770
5579,99,2000001,0,user_19,485,499,4770
4779,97,2000001,0,user_12,481,497,4770
5113,91,2000001,0,user_4,483,497,4770
5118,92,2000001,0,user_7,483,497,4770
5132,93,2000001,0,user_17,483,497,4770
5114,98,2000001,0,user_6,483,497,4770
5823,95,2000001,0,user_8,486,496,4770
6657,95,2000000,0,user_48,489,495,
6386,89,2000000,0,user_47,488,494,
6368,90,2000000,0,user_34,488,494,
6637,96,2000000,0,user_34,489,495,
4736,92,2000000,0,user_28,480,494,
4723,93,2000000,0,user_16,480,494,
4740,94,2000000,0,user_34,480,494,
4770,99,2000000,350000,user_0,481,495,
4803,96,2000000,0,user_36,481,494,
4800,98,2000000,0,user_32,481,495,
5156,99,2000000,0,user_44,483,496,
5858,97,2000000,0,user_40,486,495,
5543,95,1999999,0,user_0,485,493,4770
5570,94,1999999,0,user_13,485,493,4770
5575,95,1999999,0,user_17,485,492,4770
5584,99,1999999,0,user_24,485,492,4770
5585,94,1999999,0,user_25,485,491,4770
5577,96,1999999,0,user_18,485,492,4770
5555,99,1999999,0,user_6,485,493,4770
5580,96,1999999,0,user_19,485,493,4770
5581,97,1999999,0,user_19,485,493,4770
5135,93,1999999,0,user_23,483,493,4770
5116,98,1999999,0,user_6,483,493,4770
6124,96,1900000,0,user_43,487,490,
4734,97,1900000,0,user_24,480,490,
5869,98,1900000,0,user_47,486,490,
6374,99,1800000,0,user_39,488,490,
6645,1,43000000,0,user_40,489,499,
6125,2,43000000,0,user_44,487,499,
6107,7,27000000,0,user_28,487,499,
4931,8,27000000,0,user_33,482,499,
6372,9,27000000,0,user_37,488,499,
6914,12,19000000,0,user_44,490,499,
4726,13,19000000,0,user_19,480,499,
5594,15,6300000,0,user_31,485,499,
5841,16,6300000,0,user_29,486,499,
4806,17,6300000,0,user_37,481,499,
4737,18,6300000,0,user_29,480,499,
5153,19,6300000,0,user_42,483,499,
5347,20,6300000,5630,user_27,484,499,
5349,21,6300000,0,user_29,484,499,
5360,22,6300000,0,user_43,484,499,
6641,24,6100000,0,user_37,489,499,
6647,25,6100000,0,user_41,489,499,
5863,26,6100000,0,user_45,486,499,
5842,27,6100000,0,user_30,486,499,
4743,28,6100000,0,user_36,480,499,
5593,30,5200000,21800,user_30,485,499,
4948,31,5200000,0,user_48,482,499,
4924,32,5200000,0,user_27,482,499,
5352,33,5200000,0,user_34,484,499,
5364,34,5200000,0,user_46,484,499,
4724,38,5000000,0,user_16,480,499,
5143,39,5000000,0,user_31,483,499,
5369,40,5000000,0,user_48,484,499,
6649,43,4500000,256000,user_42,489,499,
7209,44,4500000,32900,user_45,491,499,
5614,45,4500000,0,user_48,485,499,
6119,46,4500000,0,user_38,487,499,
6378,47,4500000,0,user_40,488,499,
5853,50,4200000,46500,user_37,486,499,
4757,51,4200000,0,user_49,480,499,
4949,52,4200000,0,user_49,482,499,
6634,54,3600000,256000,user_31,489,499,
6644,55,3600000,0,user_40,489,499,
6916,56,3600000,0,user_47,490,499,
4927,57,3600000,75000,user_30,482,499,
5110,59,3500001,0,user_1,483,499,4944
5125,60,3500001,0,user_12,483,499,4944
5138,61,3500001,0,user_26,483,499,4944
6918,64,3500000,410000,user_47,490,499,
4944,65,3500000,161000,user_47,482,499,
5111,66,3499999,0,user_2,483,499,4944
5128,67,3499999,0,user_13,483,499,4944
5117,68,3499999,0,user_6,483,499,4944
5129,69,3499999,0,user_15,483,499,4944
5130,70,3499999,0,user_15,483,499,4944
5133,71,3499999,0,user_18,483,499,4944
5321,72,3499999,0,user_9,484,499,4944
5317,73,3499999,0,user_8,484,499,4944
6376,77,3200000,0,user_39,488,499,
7208,81,2600000,0,user_44,491,499,
5362,82,2600000,0,user_44,484,499,
6631,85,2500000,0,user_28,489,499,
6118,86,2500000,0,user_37,487,499,
4947,87,2500000,0,user_47,482,499,
6127,88,2500000,0,user_46,487,499,
5154,91,2300000,0,user_42,483,499,
7201,92,2300000,0,user_36,491,499,
5140,96,2100000,11200,user_27,483,499,
5568,98,2000001,0,user_12,485,499,4770
5579,99,2000001,0,user_19,485,499,4770
5582,99,2000001,0,user_20,485,498,4770
5586,97,2000001,0,user_25,485,498,4770
5587,98,2000001,0,user_26,485,498,4770
5823,95,2000001,0,user_8,486,496,4770
4779,97,2000001,0,user_12,481,497,4770
5113,91,2000001,0,user_4,483,497,4770
5114,98,2000001,0,user_6,483,497,4770
5118,92,2000001,0,user_7,483,497,4770
5132,93,2000001,0,user_17,483,497,4770
5336,89,2000001,0,user_16,484,497,4770
5544,95,2000001,0,user_1,485,498,4770
6657,95,2000000,0,user_48,489,495,
6637,96,2000000,0,user_34,489,495,
5858,97,2000000,0,user_40,486,495,
4800,98,2000000,0,user_32,481,495,
4770,99,2000000,350000,user_0,481,495,
4803,96,2000000,0,user_36,481,494,
5156,99,2000000,0,user_44,483,496,
4723,93,2000000,0,user_16,480,494,
4740,94,2000000,0,user_34,480,494,
4736,92,2000000,0,user_28,480,494,
6386,89,2000000,0,user_47,488,494,
6368,90,2000000,0,user_34,488,494,
7202,98,2000000,0,user_36,491,496,
5570,94,1999999,0,user_13,485,493,4770
5543,95,1999999,0,user_0,485,493,4770
5580,96,1999999,0,user_19,485,493,4770
5581,97,1999999,0,user_19,485,493,4770
5555,99,1999999,0,user_6,485,493,4770
5585,94,1999999,0,user_25,485,491,4770
5575,95,1999999,0,user_17,485,492,4770
5584,99,1999999,0,user_24,485,492,4770
5577,96,1999999,0,user_18,485,492,4770
5116,98,1999999,0,user_6,483,493,4770
5135,93,1999999,0,user_23,483,493,4770
6125,2,43000000,0,user_44,487,499,
6645,1,43000000,0,user_40,489,499,
6107,7,27000000,0,user_28,487,499,
6372,9,27000000,0,user_37,488,499,
4931,8,27000000,0,user_33,482,499,
4726,13,19000000,0,user_19,480,499,
6914,12,19000000,0,user_44,490,499,
5153,19,6300000,0,user_42,483,499,
4806,17,6300000,0,user_37,481,499,
4737,18,6300000,0,user_29,480,499,
5349,21,6300000,0,user_29,484,499,
5360,22,6300000,0,user_43,484,499,
5347,20,6300000,5630,user_27,484,499,
5594,15,6300000,0,user_31,485,499,
5841,16,6300000,0,user_29,486,499,
4743,28,6100000,0,user_36,480,499,
5842,27,6100000,0,user_30,486,499,
5863,26,6100000,0,user_45,486,499,
6641,24,6100000,0,user_37,489,499,
6647,25,6100000,0,user_41,489,499,
4924,32,5200000,0,user_27,482,499,
4948,31,5200000,0,user_48,482,499,
5364,34,5200000,0,user_46,484,499,
5352,33,5200000,0,user_34,484,499,
5593,30,5200000,21800,user_30,485,499,
5143,39,5000000,0,user_31,483,499,
4724,38,5000000,0,user_16,480,499,
5369,40,5000000,0,user_48,484,499,
7209,44,4500000,32900,user_45,491,499,
6119,46,4500000,0,user_38,487,499,
5614,45,4500000,0,user_48,485,499,
6378,47,4500000,0,user_40,488,499,
6649,43,4500000,256000,user_42,489,499,
7505,48,4500000,0,user_27,492,499,
4949,52,4200000,0,user_49,482,499,
4757,51,4200000,0,user_49,480,499,
5853,50,4200000,46500,user_37,486,499,
4927,57,3600000,75000,user_30,482,499,
6634,54,3600000,256000,user_31,489,499,
6644,55,3600000,0,user_40,489,499,
6916,56,3600000,0,user_47,490,499,
5125,60,3500001,0,user_12,483,499,4944
5138,61,3500001,0,user_26,483,499,4944
5110,59,3500001,0,user_1,483,499,4944
4944,65,3500000,161000,user_47,482,499,
6918,64,3500000,410000,user_47,490,499,
5128,67,3499999,0,user_13,483,499,4944
5117,68,3499999,0,user_6,483,499,4944
5129,69,3499999,0,user_15,483,499,4944
5130,70,3499999,0,user_15,483,499,4944
5133,71,3499999,0,user_18,483,499,4944
5111,66,3499999,0,user_2,483,499,4944
5317,73,3499999,0,user_8,484,499,4944
5321,72,3499999,0,user_9,484,499,4944
7517,78,3200000,0,user_44,492,499,
6376,77,3200000,0,user_39,488,499,
7208,81,2600000,0,user_44,491,499,
5362,82,2600000,0,user_44,484,499,
6127,88,2500000,0,user_46,487,499,
6118,86,2500000,0,user_37,487,499,
4947,87,2500000,0,user_47,482,499,
6631,85,2500000,0,user_28,489,499,
7201,92,2300000,0,user_36,491,499,
5154,91,2300000,0,user_42,483,499,
5140,96,2100000,11200,user_27,483,499,
5113,91,2000001,0,user_4,483,497,4770
5114,98,2000001,0,user_6,483,497,4770
5118,92,2000001,0,user_7,483,497,4770
5132,93,2000001,0,user_17,483,497,4770
4779,97,2000001,0,user_12,481,497,4770
5336,89,2000001,0,user_16,484,497,4770
5544,95,2000001,0,user_1,485,498,4770
5568,98,2000001,0,user_12,485,499,4770
5582,99,2000001,0,user_20,485,498,4770
5579,99,2000001,0,user_19,485,499,4770
5586,97,2000001,0,user_25,485,498,4770
5587,98,2000001,0,user_26,485,498,4770
5823,95,2000001,0,user_8,486,496,4770
7202,98,2000000,0,user_36,491,496,
5156,99,2000000,0,user_44,483,496,
4770,99,2000000,350000,user_0,481,495,
4803,96,2000000,0,user_36,481,494,
4736,92,2000000,0,user_28,480,494,
4723,93,2000000,0,user_16,480,494,
4740,94,2000000,0,user_34,480,494,
4800,98,2000000,0,user_32,481,495,
5858,97,2000000,0,user_40,486,495,
6368,90,2000000,0,user_34,488,494,
6386,89,2000000,0,user_47,488,494,
6637,96,2000000,0,user_34,489,495,
6657,95,2000000,0,user_48,489,495,
5116,98,1999999,0,user_6,483,493,4770
5135,93,1999999,0,user_23,483,493,4770
5543,95,1999999,0,user_0,485,493,4770
5570,94,1999999,0,user_13,485,493,4770
5575,95,1999999,0,user_17,485,492,4770
5577,96,1999999,0,user_18,485,492,4770
5580,96,1999999,0,user_19,485,493,4770
5581,97,1999999,0,user_19,485,493,4770
5584,99,1999999,0,user_24,485,492,4770
6125,2,43000000,0,user_44,487,499,
6645,1,43000000,0,user_40,489,499,
6372,9,27000000,0,user_37,488,499,
6107,7,27000000,0,user_28,487,499,
4931,8,27000000,0,user_33,482,499,
4726,13,19000000,0,user_19,480,499,
6914,12,19000000,0,user_44,490,499,
5349,21,6300000,0,user_29,484,499,
5360,22,6300000,0,user_43,484,499,
5347,20,6300000,5630,user_27,484,499,
4737,18,6300000,0,user_29,480,499,
4806,17,6300000,0,user_37,481,499,
5153,19,6300000,0,user_42,483,499,
5594,15,6300000,0,user_31,485,499,
5841,16,6300000,0,user_29,486,499,
6641,24,6100000,0,user_37,489,499,
4743,28,6100000,0,user_36,480,499,
5863,26,6100000,0,user_45,486,499,
5842,27,6100000,0,user_30,486,499,
6647,25,6100000,0,user_41,489,499,
5364,34,5200000,0,user_46,484,499,
5352,33,5200000,0,user_34,484,499,
4924,32,5200000,0,user_27,482,499,
4948,31,5200000,0,user_48,482,499,
5593,30,5200000,21800,user_30,485,499,
5369,40,5000000,0,user_48,484,499,
5143,39,5000000,0,user_31,483,499,
4724,38,5000000,0,user_16,480,499,
7505,48,4500000,0,user_27,492,499,
7209,44,4500000,32900,user_45,491,499,
6378,47,4500000,0,user_40,488,499,
6119,46,4500000,0,user_38,487,499,
5614,45,4500000,0,user_48,485,499,
6649,43,4500000,256000,user_42,489,499,
4949,52,4200000,0,user_49,482,499,
4757,51,4200000,0,user_49,480,499,
5853,50,4200000,46500,user_37,486,499,
4927,57,3600000,75000,user_30,482,499,
6644,55,3600000,0,user_40,489,499,
6634,54,3600000,256000,user_31,489,499,
6916,56,3600000,0,user_47,490,499,
5110,59,3500001,0,user_1,483,499,4944
5125,60,3500001,0,user_12,483,499,4944
5138,61,3500001,0,user_26,483,499,4944
4944,65,3500000,161000,user_47,482,499,
6918,64,3500000,410000,user_47,490,499,
5111,66,3499999,0,user_2,483,499,4944
5317,73,3499999,0,user_8,484,499,4944
5128,67,3499999,0,user_13,483,499,4944
5133,71,3499999,0,user_18,483,499,4944
5129,69,3499999,0,user_15,483,499,4944
5130,70,3499999,0,user_15,483,499,4944
5321,72,3499999,0,user_9,484,499,4944
5117,68,3499999,0,user_6,483,499,4944
7517,78,3200000,0,user_44,492,499,
6376,77,3200000,0,user_39,488,499,
7208,81,2600000,0,user_44,491,499,
5362,82,2600000,0,user_44,484,499,
7843,84,2500000,0,user_45,493,499,
6127,88,2500000,0,user_46,487,499,
6118,86,2500000,0,user_37,487,499,
6631,85,2500000,0,user_28,489,499,
4947,87,2500000,0,user_47,482,499,
7201,92,2300000,0,user_36,491,499,
5154,91,2300000,0,user_42,483,499,
5140,96,2100000,11200,user_27,483,499,
7830,93,2100000,0,user_33,493,499,
5336,89,2000001,0,user_16,484,497,4770
5544,95,2000001,0,user_1,485,498,4770
5113,91,2000001,0,user_4,483,497,4770
5118,92,2000001,0,user_7,483,497,4770
5132,93,2000001,0,user_17,483,497,4770
5568,98,2000001,0,user_12,485,499,4770
5579,99,2000001,0,user_19,485,499,4770
5582,99,2000001,0,user_20,485,498,4770
4779,97,2000001,0,user_12,481,497,4770
5114,98,2000001,0,user_6,483,497,4770
5586,97,2000001,0,user_25,485,498,4770
5587,98,2000001,0,user_26,485,498,4770
5823,95,2000001,0,user_8,486,496,4770
7202,98,2000000,0,user_36,491,496,
6386,89,2000000,0,user_47,488,494,
6368,90,2000000,0,user_34,488,494,
5156,99,2000000,0,user_44,483,496,
4723,93,2000000,0,user_16,480,494,
4736,92,2000000,0,user_28,480,494,
4740,94,2000000,0,user_34,480,494,
4770,99,2000000,350000,user_0,481,495,
4800,98,2000000,0,user_32,481,495,
4803,96,2000000,0,user_36,481,494,
5858,97,2000000,0,user_40,486,495,
6657,95,2000000,0,user_48,489,495,
6637,96,2000000,0,user_34,489,495,
5135,93,1999999,0,user_23,483,493,4770
5570,94,1999999,0,user_13,485,493,4770
5543,95,1999999,0,user_0,485,493,4770
5580,96,1999999,0,user_19,485,493,4770
5581,97,1999999,0,user_19,485,493,4770
5116,98,1999999,0,user_6,483,493,4770
5555,99,1999999,0,user_6,485,493,4770
6645,1,43000000,0,user_40,489,499,
6125,2,43000000,0,user_44,487,499,
8173,3,30000000,0,user_44,494,499,
6372,9,27000000,0,user_37,488,499,
4931,8,27000000,0,user_33,482,499,
6107,7,27000000,0,user_28,487,499,
8155,6,27000000,0,user_27,494,499,
6914,12,19000000,0,user_44,490,499,
4726,13,19000000,0,user_19,480,499,
5594,15,6300000,0,user_31,485,499,
5349,21,6300000,0,user_29,484,499,
5360,22,6300000,0,user_43,484,499,
4737,18,6300000,0,user_29,480,499,
4806,17,6300000,0,user_37,481,499,
5153,19,6300000,0,user_42,483,499,
5347,20,6300000,5630,user_27,484,499,
5841,16,6300000,0,user_29,486,499,
6641,24,6100000,0,user_37,489,499,
6647,25,6100000,0,user_41,489,499,
5863,26,6100000,0,user_45,486,499,
4743,28,6100000,0,user_36,480,499,
5842,27,6100000,0,user_30,486,499,
5593,30,5200000,21800,user_30,485,499,
5364,34,5200000,0,user_46,484,499,
5352,33,5200000,0,user_34,484,499,
4948,31,5200000,0,user_48,482,499,
4924,32,5200000,0,user_27,482,499,
7835,37,5000000,0,user_38,493,499,
5369,40,5000000,0,user_48,484,499,
4724,38,5000000,0,user_16,480,499,
5143,39,5000000,0,user_31,483,499,
8156,41,4500000,510000,user_28,494,499,
8167,42,4500000,215000,user_37,494,499,
6119,46,4500000,0,user_38,487,499,
6378,47,4500000,0,user_40,488,499,
6649,43,4500000,256000,user_42,489,499,
5614,45,4500000,0,user_48,485,499,
7209,44,4500000,32900,user_45,491,499,
7505,48,4500000,0,user_27,492,499,
5853,50,4200000,46500,user_37,486,499,
4757,51,4200000,0,user_49,480,499,
4949,52,4200000,0,user_49,482,499,
6644,55,3600000,0,user_40,489,499,
6634,54,3600000,256000,user_31,489,499,
4927,57,3600000,75000,user_30,482,499,
6916,56,3600000,0,user_47,490,499,
5110,59,3500001,0,user_1,483,499,4944
5125,60,3500001,0,user_12,483,499,4944
5138,61,3500001,0,user_26,483,499,4944
7836,63,3500000,0,user_38,493,499,
4944,65,3500000,161000,user_47,482,499,
6918,64,3500000,410000,user_47,490,499,
5317,73,3499999,0,user_8,484,499,4944
5321,72,3499999,0,user_9,484,499,4944
5111,66,3499999,0,user_2,483,499,4944
5129,69,3499999,0,user_15,483,499,4944
5130,70,3499999,0,user_15,483,499,4944
5128,67,3499999,0,user_13,483,499,4944
5133,71,3499999,0,user_18,483,499,4944
5117,68,3499999,0,user_6,483,499,4944
7828,76,3200000,0,user_31,493,499,
7837,74,3200000,0,user_38,493,499,
6376,77,3200000,0,user_39,488,499,
7517,78,3200000,0,user_44,492,499,
5362,82,2600000,0,user_44,484,499,
7208,81,2600000,0,user_44,491,499,
7843,84,2500000,0,user_45,493,499,
6631,85,2500000,0,user_28,489,499,
6118,86,2500000,0,user_37,487,499,
6127,88,2500000,0,user_46,487,499,
4947,87,2500000,0,user_47,482,499,
5154,91,2300000,0,user_42,483,499,
7201,92,2300000,0,user_36,491,499,
7830,93,2100000,0,user_33,493,499,
5140,96,2100000,11200,user_27,483,499,
5544,95,2000001,0,user_1,485,498,4770
5568,98,2000001,0,user_12,485,499,4770
5586,97,2000001,0,user_25,485,498,4770
5587,98,2000001,0,user_26,485,498,4770
5582,99,2000001,0,user_20,485,498,4770
5336,89,2000001,0,user_16,484,497,4770
5579,99,2000001,0,user_19,485,499,4770
4779,97,2000001,0,user_12,481,497,4770
5113,91,2000001,0,user_4,483,497,4770
5118,92,2000001,0,user_7,483,497,4770
5132,93,2000001,0,user_17,483,497,4770
5114,98,2000001,0,user_6,483,497,4770
5823,95,2000001,0,user_8,486,496,4770
6657,95,2000000,0,user_48,489,495,
6386,89,2000000,0,user_47,488,494,
6368,90,2000000,0,user_34,488,494,
6637,96,2000000,0,user_34,489,495,
4736,92,2000000,0,user_28,480,494,
4723,93,2000000,0,user_16,480,494,
4740,94,2000000,0,user_34,480,494,
4770,99,2000000,350000,user_0,481,495,
4803,96,2000000,0,user_36,481,494,
4800,98,2000000,0,user_32,481,495,
5156,99,2000000,0,user_44,483,496,
5858,97,2000000,0,user_40,486,495,
6645,1,43000000,0,user_40,489,499,
6125,2,43000000,0,user_44,487,499,
8173,3,30000000,0,user_44,494,499,
8155,6,27000000,0,user_27,494,499,
6107,7,27000000,0,user_28,487,499,
4931,8,27000000,0,user_33,482,499,
6372,9,27000000,0,user_37,488,499,
6914,12,19000000,0,user_44,490,499,
4726,13,19000000,0,user_19,480,499,
5594,15,6300000,0,user_31,485,499,
5841,16,6300000,0,user_29,486,499,
4806,17,6300000,0,user_37,481,499,
4737,18,6300000,0,user_29,480,499,
5153,19,6300000,0,user_42,483,499,
5347,20,6300000,5630,user_27,484,499,
5349,21,6300000,0,user_29,484,499,
5360,22,6300000,0,user_43,484,499,
6641,24,6100000,0,user_37,489,499,
6647,25,6100000,0,user_41,489,499,
5863,26,6100000,0,user_45,486,499,
5842,27,6100000,0,user_30,486,499,
4743,28,6100000,0,user_36,480,499,
5593,30,5200000,21800,user_30,485,499,
4948,31,5200000,0,user_48,482,499,
4924,32,5200000,0,user_27,482,499,
5352,33,5200000,0,user_34,484,499,
5364,34,5200000,0,user_46,484,499,
7835,37,5000000,0,user_38,493,499,
4724,38,5000000,0,user_16,480,499,
5143,39,5000000,0,user_31,483,499,
5369,40,5000000,0,user_48,484,499,
8156,41,4500000,510000,user_28,494,499,
8167,42,4500000,215000,user_37,494,499,
6649,43,4500000,256000,user_42,489,499,
7209,44,4500000,32900,user_45,491,499,
5614,45,4500000,0,user_48,485,499,
6119,46,4500000,0,user_38,487,499,
6378,47,4500000,0,user_40,488,499,
7505,48,4500000,0,user_27,492,499,
5853,50,4200000,46500,user_37,486,499,
4757,51,4200000,0,user_49,480,499,
4949,52,4200000,0,user_49,482,499,
8540,53,4200000,0,user_48,495,499,
6634,54,3600000,256000,user_31,489,499,
6644,55,3600000,0,user_40,489,499,
6916,56,3600000,0,user_47,490,499,
4927,57,3600000,75000,user_30,482,499,
5110,59,3500001,0,user_1,483,499,4944
5125,60,3500001,0,user_12,483,499,4944
5138,61,3500001,0,user_26,483,499,4944
7836,63,3500000,0,user_38,493,499,
6918,64,3500000,410000,user_47,490,499,
4944,65,3500000,161000,user_47,482,499,
5111,66,3499999,0,user_2,483,499,4944
5128,67,3499999,0,user_13,483,499,4944
5117,68,3499999,0,user_6,483,499,4944
5129,69,3499999,0,user_15,483,499,4944
5130,70,3499999,0,user_15,483,499,4944
5133,71,3499999,0,user_18,483,499,4944
5321,72,3499999,0,user_9,484,499,4944
5317,73,3499999,0,user_8,484,499,4944
7837,74,3200000,0,user_38,493,499,
8159,75,3200000,0,user_31,494,499,
7828,76,3200000,0,user_31,493,499,
6376,77,3200000,0,user_39,488,499,
7517,78,3200000,0,user_44,492,499,
7208,81,2600000,0,user_44,491,499,
5362,82,2600000,0,user_44,484,499,
7843,84,2500000,0,user_45,493,499,
6631,85,2500000,0,user_28,489,499,
6118,86,2500000,0,user_37,487,499,
4947,87,2500000,0,user_47,482,499,
6127,88,2500000,0,user_46,487,499,
8542,90,2400000,0,user_48,495,499,
5154,91,2300000,0,user_42,483,499,
7201,92,2300000,0,user_36,491,499,
7830,93,2100000,0,user_33,493,499,
8163,94,2100000,769000,user_35,494,499,
8534,95,2100000,0,user_45,495,499,
5140,96,2100000,11200,user_27,483,499,
8541,97,2100000,0,user_48,495,499,
5568,98,2000001,0,user_12,485,499,4770
5579,99,2000001,0,user_19,485,499,4770
5582,99,2000001,0,user_20,485,498,4770
5586,97,2000001,0,user_25,485,498,4770
5587,98,2000001,0,user_26,485,498,4770
5823,95,2000001,0,user_8,486,496,4770
4779,97,2000001,0,user_12,481,497,4770
5113,91,2000001,0,user_4,483,497,4770
5114,98,2000001,0,user_6,483,497,4770
5118,92,2000001,0,user_7,483,497,4770
5132,93,2000001,0,user_17,483,497,4770
5336,89,2000001,0,user_16,484,497,4770
5544,95,2000001,0,user_1,485,498,4770
8532,96,2000000,0,user_44,495,496,
6657,95,2000000,0,user_48,489,495,
6637,96,2000000,0,user_34,489,495,
5858,97,2000000,0,user_40,486,495,
4800,98,2000000,0,user_32,481,495,
4770,99,2000000,350000,user_0,481,495,
6125,2,43000000,0,user_44,487,499,
6645,1,43000000,0,user_40,489,499,
8173,3,30000000,0,user_44,494,499,
6107,7,27000000,0,user_28,487,499,
6372,9,27000000,0,user_37,488,499,
4931,8,27000000,0,user_33,482,499,
8155,6,27000000,0,user_27,494,499,
4726,13,19000000,0,user_19,480,499,
6914,12,19000000,0,user_44,490,499,
5153,19,6300000,0,user_42,483,499,
4806,17,6300000,0,user_37,481,499,
4737,18,6300000,0,user_29,480,499,
5349,21,6300000,0,user_29,484,499,
5360,22,6300000,0,user_43,484,499,
5347,20,6300000,5630,user_27,484,499,
5594,15,6300000,0,user_31,485,499,
5841,16,6300000,0,user_29,486,499,
8908,23,6300000,594000,user_34,496,499,
4743,28,6100000,0,user_36,480,499,
5842,27,6100000,0,user_30,486,499,
5863,26,6100000,0,user_45,486,499,
6641,24,6100000,0,user_37,489,499,
6647,25,6100000,0,user_41,489,499,
8917,29,6100000,0,user_42,496,499,
4924,32,5200000,0,user_27,482,499,
4948,31,5200000,0,user_48,482,499,
5364,34,5200000,0,user_46,484,499,
5352,33,5200000,0,user_34,484,499,
5593,30,5200000,21800,user_30,485,499,
5143,39,5000000,0,user_31,483,499,
4724,38,5000000,0,user_16,480,499,
5369,40,5000000,0,user_48,484,499,
7835,37,5000000,0,user_38,493,499,
7209,44,4500000,32900,user_45,491,499,
6119,46,4500000,0,user_38,487,499,
5614,45,4500000,0,user_48,485,499,
6378,47,4500000,0,user_40,488,499,
6649,43,4500000,256000,user_42,489,499,
7505,48,4500000,0,user_27,492,499,
8167,42,4500000,215000,user_37,494,499,
8156,41,4500000,510000,user_28,494,499,
8540,53,4200000,0,user_48,495,499,
4949,52,4200000,0,user_49,482,499,
4757,51,4200000,0,user_49,480,499,
5853,50,4200000,46500,user_37,486,499,
4927,57,3600000,75000,user_30,482,499,
6634,54,3600000,256000,user_31,489,499,
6644,55,3600000,0,user_40,489,499,
6916,56,3600000,0,user_47,490,499,
5125,60,3500001,0,user_12,483,499,4944
5138,61,3500001,0,user_26,483,499,4944
5110,59,3500001,0,user_1,483,499,4944
4944,65,3500000,161000,user_47,482,499,
6918,64,3500000,410000,user_47,490,499,
7836,63,3500000,0,user_38,493,499,
5128,67,3499999,0,user_13,483,499,4944
5117,68,3499999,0,user_6,483,499,4944
5129,69,3499999,0,user_15,483,499,4944
5130,70,3499999,0,user_15,483,499,4944
5133,71,3499999,0,user_18,483,499,4944
5111,66,3499999,0,user_2,483,499,4944
5317,73,3499999,0,user_8,484,499,4944
5321,72,3499999,0,user_9,484,499,4944
7517,78,3200000,0,user_44,492,499,
6376,77,3200000,0,user_39,488,499,
7828,76,3200000,0,user_31,493,499,
7837,74,3200000,0,user_38,493,499,
8159,75,3200000,0,user_31,494,499,
7208,81,2600000,0,user_44,491,499,
5362,82,2600000,0,user_44,484,499,
6127,88,2500000,0,user_46,487,499,
6118,86,2500000,0,user_37,487,499,
4947,87,2500000,0,user_47,482,499,
6631,85,2500000,0,user_28,489,499,
7843,84,2500000,0,user_45,493,499,
8542,90,2400000,0,user_48,495,499,
7201,92,2300000,0,user_36,491,499,
5154,91,2300000,0,user_42,483,499,
8163,94,2100000,769000,user_35,494,499,
8541,97,2100000,0,user_48,495,499,
8534,95,2100000,0,user_45,495,499,
5140,96,2100000,11200,user_27,483,499,
7830,93,2100000,0,user_33,493,499,
5113,91,2000001,0,user_4,483,497,4770
5114,98,2000001,0,user_6,483,497,4770
5118,92,2000001,0,user_7,483,497,4770
5132,93,2000001,0,user_17,483,497,4770
4779,97,2000001,0,user_12,481,497,4770
5336,89,2000001,0,user_16,484,497,4770
5544,95,2000001,0,user_1,485,498,4770
5568,98,2000001,0,user_12,485,499,4770
5582,99,2000001,0,user_20,485,498,4770
5579,99,2000001,0,user_19,485,499,4770
5586,97,2000001,0,user_25,485,498,4770
5587,98,2000001,0,user_26,485,498,4770
5823,95,2000001,0,user_8,486,496,4770
8532,96,2000000,0,user_44,495,496,
8520,97,2000000,0,user_29,495,496,
7202,98,2000000,0,user_36,491,496,
5156,99,2000000,0,user_44,483,496,
9304,0,43000000,410000,user_45,497,499,
6125,2,43000000,0,user_44,487,499,
6645,1,43000000,0,user_40,489,499,
8173,3,30000000,0,user_44,494,499,
9302,4,27000000,0,user_44,497,499,
9305,5,27000000,0,user_45,497,499,
6372,9,27000000,0,user_37,488,499,
6107,7,27000000,0,user_28,487,499,
4931,8,27000000,0,user_33,482,499,
8155,6,27000000,0,user_27,494,499,
4726,13,19000000,0,user_19,480,499,
6914,12,19000000,0,user_44,490,499,
8908,23,6300000,594000,user_34,496,499,
5349,21,6300000,0,user_29,484,499,
5360,22,6300000,0,user_43,484,499,
5347,20,6300000,5630,user_27,484,499,
4737,18,6300000,0,user_29,480,499,
4806,17,6300000,0,user_37,481,499,
5153,19,6300000,0,user_42,483,499,
5594,15,6300000,0,user_31,485,499,
5841,16,6300000,0,user_29,486,499,
8917,29,6100000,0,user_42,496,499,
6641,24,6100000,0,user_37,489,499,
4743,28,6100000,0,user_36,480,499,
5863,26,6100000,0,user_45,486,499,
5842,27,6100000,0,user_30,486,499,
6647,25,6100000,0,user_41,489,499,
5364,34,5200000,0,user_46,484,499,
5352,33,5200000,0,user_34,484,499,
4924,32,5200000,0,user_27,482,499,
4948,31,5200000,0,user_48,482,499,
5593,30,5200000,21800,user_30,485,499,
7835,37,5000000,0,user_38,493,499,
5369,40,5000000,0,user_48,484,499,
5143,39,5000000,0,user_31,483,499,
4724,38,5000000,0,user_16,480,499,
9288,35,5000000,0,user_33,497,499,
8156,41,4500000,510000,user_28,494,499,
8167,42,4500000,215000,user_37,494,499,
7505,48,4500000,0,user_27,492,499,
7209,44,4500000,32900,user_45,491,499,
6378,47,4500000,0,user_40,488,499,
6119,46,4500000,0,user_38,487,499,
5614,45,4500000,0,user_48,485,499,
6649,43,4500000,256000,user_42,489,499,
8540,53,4200000,0,user_48,495,499,
4949,52,4200000,0,user_49,482,499,
4757,51,4200000,0,user_49,480,499,
5853,50,4200000,46500,user_37,486,499,
4927,57,3600000,75000,user_30,482,499,
6644,55,3600000,0,user_40,489,499,
6634,54,3600000,256000,user_31,489,499,
6916,56,3600000,0,user_47,490,499,
5110,59,3500001,0,user_1,483,499,4944
5125,60,3500001,0,user_12,483,499,4944
5138,61,3500001,0,user_26,483,499,4944
7836,63,3500000,0,user_38,493,499,
4944,65,3500000,161000,user_47,482,499,
6918,64,3500000,410000,user_47,490,499,
5111,66,3499999,0,user_2,483,499,4944
5317,73,3499999,0,user_8,484,499,4944
5128,67,3499999,0,user_13,483,499,4944
5133,71,3499999,0,user_18,483,499,4944
5129,69,3499999,0,user_15,483,499,4944
5130,70,3499999,0,user_15,483,499,4944
5321,72,3499999,0,user_9,484,499,4944
5117,68,3499999,0,user_6,483,499,4944
7828,76,3200000,0,user_31,493,499,
7837,74,3200000,0,user_38,493,499,
8159,75,3200000,0,user_31,494,499,
7517,78,3200000,0,user_44,492,499,
6376,77,3200000,0,user_39,488,499,
7208,81,2600000,0,user_44,491,499,
5362,82,2600000,0,user_44,484,499,
9300,80,2600000,71800,user_41,497,499,
7843,84,2500000,0,user_45,493,499,
6127,88,2500000,0,user_46,487,499,
6118,86,2500000,0,user_37,487,499,
6631,85,2500000,0,user_28,489,499,
4947,87,2500000,0,user_47,482,499,
8542,90,2400000,0,user_48,495,499,
8905,89,2400000,0,user_31,496,499,
7201,92,2300000,0,user_36,491,499,
5154,91,2300000,0,user_42,483,499,
7830,93,2100000,0,user_33,493,499,
8163,94,2100000,769000,user_35,494,499,
8541,97,2100000,0,user_48,495,499,
8534,95,2100000,0,user_45,495,499,
5140,96,2100000,11200,user_27,483,499,
5336,89,2000001,0,user_16,484,497,4770
5544,95,2000001,0,user_1,485,498,4770
5113,91,2000001,0,user_4,483,497,4770
5118,92,2000001,0,user_7,483,497,4770
5132,93,2000001,0,user_17,483,497,4770
5568,98,2000001,0,user_12,485,499,4770
5579,99,2000001,0,user_19,485,499,4770
5582,99,2000001,0,user_20,485,498,4770
4779,97,2000001,0,user_12,481,497,4770
5114,98,2000001,0,user_6,483,497,4770
5586,97,2000001,0,user_25,485,498,4770
6645,1,43000000,0,user_40,489,499,
6125,2,43000000,0,user_44,487,499,
9304,0,43000000,410000,user_45,497,499,
8173,3,30000000,0,user_44,494,499,
6372,9,27000000,0,user_37,488,499,
4931,8,27000000,0,user_33,482,499,
6107,7,27000000,0,user_28,487,499,
8155,6,27000000,0,user_27,494,499,
9305,5,27000000,0,user_45,497,499,
9302,4,27000000,0,user_44,497,499,
9691,10,19000000,0,user_44,498,499,
6914,12,19000000,0,user_44,490,499,
4726,13,19000000,0,user_19,480,499,
9697,11,19000000,0,user_47,498,499,
5594,15,6300000,0,user_31,485,499,
5349,21,6300000,0,user_29,484,499,
5360,22,6300000,0,user_43,484,499,
4737,18,6300000,0,user_29,480,499,
4806,17,6300000,0,user_37,481,499,
5153,19,6300000,0,user_42,483,499,
5347,20,6300000,5630,user_27,484,499,
5841,16,6300000,0,user_29,486,499,
8908,23,6300000,594000,user_34,496,499,
6641,24,6100000,0,user_37,489,499,
6647,25,6100000,0,user_41,489,499,
5863,26,6100000,0,user_45,486,499,
4743,28,6100000,0,user_36,480,499,
5842,27,6100000,0,user_30,486,499,
8917,29,6100000,0,user_42,496,499,
5593,30,5200000,21800,user_30,485,499,
5364,34,5200000,0,user_46,484,499,
5352,33,5200000,0,user_34,484,499,
4948,31,5200000,0,user_48,482,499,
4924,32,5200000,0,user_27,482,499,
7835,37,5000000,0,user_38,493,499,
5369,40,5000000,0,user_48,484,499,
4724,38,5000000,0,user_16,480,499,
5143,39,5000000,0,user_31,483,499,
9288,35,5000000,0,user_33,497,499,
9676,36,5000000,0,user_29,498,499,
8156,41,4500000,510000,user_28,494,499,
8167,42,4500000,215000,user_37,494,499,
6119,46,4500000,0,user_38,487,499,
6378,47,4500000,0,user_40,488,499,
6649,43,4500000,256000,user_42,489,499,
5614,45,4500000,0,user_48,485,499,
7209,44,4500000,32900,user_45,491,499,
7505,48,4500000,0,user_27,492,499,
9693,49,4200000,0,user_44,498,499,
5853,50,4200000,46500,user_37,486,499,
4757,51,4200000,0,user_49,480,499,
4949,52,4200000,0,user_49,482,499,
8540,53,4200000,0,user_48,495,499,
6644,55,3600000,0,user_40,489,499,
6634,54,3600000,256000,user_31,489,499,
4927,57,3600000,75000,user_30,482,499,
6916,56,3600000,0,user_47,490,499,
5110,59,3500001,0,user_1,483,499,4944
5125,60,3500001,0,user_12,483,499,4944
5138,61,3500001,0,user_26,483,499,4944
7836,63,3500000,0,user_38,493,499,
4944,65,3500000,161000,user_47,482,499,
6918,64,3500000,410000,user_47,490,499,
9701,62,3500000,0,user_48,498,499,
5317,73,3499999,0,user_8,484,499,4944
5321,72,3499999,0,user_9,484,499,4944
5111,66,3499999,0,user_2,483,499,4944
5129,69,3499999,0,user_15,483,499,4944
5130,70,3499999,0,user_15,483,499,4944
5128,67,3499999,0,user_13,483,499,4944
5133,71,3499999,0,user_18,483,499,4944
5117,68,3499999,0,user_6,483,499,4944
7828,76,3200000,0,user_31,493,499,
7837,74,3200000,0,user_38,493,499,
6376,77,3200000,0,user_39,488,499,
7517,78,3200000,0,user_44,492,499,
8159,75,3200000,0,user_31,494,499,
5362,82,2600000,0,user_44,484,499,
7208,81,2600000,0,user_44,491,499,
9300,80,2600000,71800,user_41,497,499,
7843,84,2500000,0,user_45,493,499,
6631,85,2500000,0,user_28,489,499,
6118,86,2500000,0,user_37,487,499,
6127,88,2500000,0,user_46,487,499,
4947,87,2500000,0,user_47,482,499,
9681,83,2500000,0,user_34,498,499,
8542,90,2400000,0,user_48,495,499,
8905,89,2400000,0,user_31,496,499,
5154,91,2300000,0,user_42,483,499,
7201,92,2300000,0,user_36,491,499,
7830,93,2100000,0,user_33,493,499,
5140,96,2100000,11200,user_27,483,499,
8163,94,2100000,769000,user_35,494,499,
8534,95,2100000,0,user_45,495,499,
8541,97,2100000,0,user_48,495,499,
5544,95,2000001,0,user_1,485,498,4770
5568,98,2000001,0,user_12,485,499,4770
5586,97,2000001,0,user_25,485,498,4770
5587,98,2000001,0,user_26,485,498,4770
5582,99,2000001,0,user_20,485,498,4770
9304,0,43000000,410000,user_45,497,499,
6645,1,43000000,0,user_40,489,499,
6125,2,43000000,0,user_44,487,499,
8173,3,30000000,0,user_44,494,499,
9302,4,27000000,0,user_44,497,499,
9305,5,27000000,0,user_45,497,499,
8155,6,27000000,0,user_27,494,499,
6107,7,27000000,0,user_28,487,499,
4931,8,27000000,0,user_33,482,499,
6372,9,27000000,0,user_37,488,499,
9691,10,19000000,0,user_44,498,499,
9697,11,19000000,0,user_47,498,499,
6914,12,19000000,0,user_44,490,499,
4726,13,19000000,0,user_19,480,499,
10103,14,19000000,0,user_48,499,499,
5594,15,6300000,0,user_31,485,499,
5841,16,6300000,0,user_29,486,499,
4806,17,6300000,0,user_37,481,499,
4737,18,6300000,0,user_29,480,499,
5153,19,6300000,0,user_42,483,499,
5347,20,6300000,5630,user_27,484,499,
5349,21,6300000,0,user_29,484,499,
5360,22,6300000,0,user_43,484,499,
8908,23,6300000,594000,user_34,496,499,
6641,24,6100000,0,user_37,489,499,
6647,25,6100000,0,user_41,489,499,
5863,26,6100000,0,user_45,486,499,
5842,27,6100000,0,user_30,486,499,
4743,28,6100000,0,user_36,480,499,
8917,29,6100000,0,user_42,496,499,
5593,30,5200000,21800,user_30,485,499,
4948,31,5200000,0,user_48,482,499,
4924,32,5200000,0,user_27,482,499,
5352,33,5200000,0,user_34,484,499,
5364,34,5200000,0,user_46,484,499,
9288,35,5000000,0,user_33,497,499,
9676,36,5000000,0,user_29,498,499,
7835,37,5000000,0,user_38,493,499,
4724,38,5000000,0,user_16,480,499,
5143,39,5000000,0,user_31,483,499,
5369,40,5000000,0,user_48,484,499,
8156,41,4500000,510000,user_28,494,499,
8167,42,4500000,215000,user_37,494,499,
6649,43,4500000,256000,user_42,489,499,
7209,44,4500000,32900,user_45,491,499,
5614,45,4500000,0,user_48,485,499,
6119,46,4500000,0,user_38,487,499,
6378,47,4500000,0,user_40,488,499,
7505,48,4500000,0,user_27,492,499,
9693,49,4200000,0,user_44,498,499,
5853,50,4200000,46500,user_37,486,499,
4757,51,4200000,0,user_49,480,499,
4949,52,4200000,0,user_49,482,499,
8540,53,4200000,0,user_48,495,499,
6634,54,3600000,256000,user_31,489,499,
6644,55,3600000,0,user_40,489,499,
6916,56,3600000,0,user_47,490,499,
4927,57,3600000,75000,user_30,482,499,
10092,58,3600000,0,user_34,499,499,
5110,59,3500001,0,user_1,483,499,4944
5125,60,3500001,0,user_12,483,499,4944
5138,61,3500001,0,user_26,483,499,4944
9701,62,3500000,0,user_48,498,499,
7836,63,3500000,0,user_38,493,499,
6918,64,3500000,410000,user_47,490,499,
4944,65,3500000,161000,user_47,482,499,
5111,66,3499999,0,user_2,483,499,4944
5128,67,3499999,0,user_13,483,499,4944
5117,68,3499999,0,user_6,483,499,4944
5129,69,3499999,0,user_15,483,499,4944
5130,70,3499999,0,user_15,483,499,4944
5133,71,3499999,0,user_18,483,499,4944
5321,72,3499999,0,user_9,484,499,4944
5317,73,3499999,0,user_8,484,499,4944
7837,74,3200000,0,user_38,493,499,
8159,75,3200000,0,user_31,494,499,
7828,76,3200000,0,user_31,493,499,
6376,77,3200000,0,user_39,488,499,
7517,78,3200000,0,user_44,492,499,
10096,79,3200000,0,user_39,499,499,
9300,80,2600000,71800,user_41,497,499,
7208,81,2600000,0,user_44,491,499,
5362,82,2600000,0,user_44,484,499,
9681,83,2500000,0,user_34,498,499,
7843,84,2500000,0,user_45,493,499,
6631,85,2500000,0,user_28,489,499,
6118,86,2500000,0,user_37,487,499,
4947,87,2500000,0,user_47,482,499,
6127,88,2500000,0,user_46,487,499,
8905,89,2400000,0,user_31,496,499,
8542,90,2400000,0,user_48,495,499,
5154,91,2300000,0,user_42,483,499,
7201,92,2300000,0,user_36,491,499,
7830,93,2100000,0,user_33,493,499,
8163,94,2100000,769000,user_35,494,499,
8534,95,2100000,0,user_45,495,499,
5140,96,2100000,11200,user_27,483,499,
8541,97,2100000,0,user_48,495,499,
5568,98,2000001,0,user_12,485,499,4770
5579,99,2000001,0,user_19,485,499,4770
4726,13,19000000,0,user_19,500,519,
4737,18,6300000,0,user_29,500,519,
4743,28,6100000,0,user_36,500,519,
4724,38,5000000,0,user_16,500,519,
4736,92,2000000,0,user_28,500,514,
4723,93,2000000,0,user_16,500,514,
4740,94,2000000,0,user_34,500,514,
4734,97,1900000,0,user_24,500,510,
4731,97,1700000,0,user_23,500,509,
4735,94,1500000,128000,user_27,500,507,
4730,94,1400000,0,user_23,500,505,
4732,95,1400000,0,user_23,500,505,
4749,96,1400000,0,user_42,500,505,
4713,99,1300000,0,user_4,500,505,
4753,84,1000000,0,user_44,500,504,
4751,83,1000000,0,user_42,500,504,
4714,74,670000,0,user_6,500,503,
4715,78,530000,0,user_7,500,503,
4717,79,470000,0,user_9,500,503,
4752,85,350000,0,user_42,500,503,
4716,88,320000,0,user_8,500,503,
4722,90,310000,0,user_16,500,503,
4754,69,260000,0,user_45,500,502,
4755,68,260000,0,user_48,500,502,
4729,74,170000,0,user_23,500,502,
4725,77,160000,0,user_16,500,502,
4733,78,160000,0,user_24,500,502,
4745,84,120000,0,user_40,500,502,
4750,85,120000,0,user_42,500,502,
4747,65,110000,33300,user_41,500,501,
4718,72,100000,0,user_11,500,501,
4719,73,100000,0,user_11,500,501,
4721,75,82000,0,user_14,500,501,
4728,74,82000,0,user_23,500,501,
4746,76,82000,0,user_40,500,501,
4727,77,80000,0,user_20,500,501,
4748,80,73000,195000,user_42,500,501,
4720,37,70000,0,user_13,500,500,
4737,18,6300000,0,user_29,500,519,
4806,17,6300000,0,user_37,501,519,
4743,28,6100000,0,user_36,500,519,
4724,38,5000000,0,user_16,500,519,
4757,51,4200000,0,user_49,500,519,
4779,97,2000001,0,user_12,501,517,4770
4723,93,2000000,0,user_16,500,514,
4736,92,2000000,0,user_28,500,514,
4740,94,2000000,0,user_34,500,514,
4770,99,2000000,350000,user_0,501,515,
4800,98,2000000,0,user_32,501,515,
4803,96,2000000,0,user_36,501,514,
4734,97,1900000,0,user_24,500,510,
4731,97,1700000,0,user_23,500,509,
4780,98,1500001,0,user_14,501,508,4735
4793,99,1500001,0,user_22,501,508,4735
4735,94,1500000,128000,user_27,500,507,
4771,99,1499999,0,user_1,501,507,4735
4792,94,1499999,0,user_21,501,506,4735
4794,95,1499999,0,user_22,501,506,4735
4786,96,1499999,0,user_17,501,506,4735
4787,97,1499999,0,user_17,501,506,4735
4788,98,1499999,0,user_17,501,506,4735
4730,94,1400000,0,user_23,500,505,
4732,95,1400000,0,user_23,500,505,
4749,96,1400000,0,user_42,500,505,
4769,97,1400000,0,user_0,501,505,
4713,99,1300000,0,user_4,500,505,
4756,82,1100000,0,user_49,500,504,
4741,81,1100000,0,user_35,500,504,
4753,84,1000000,0,user_44,500,504,
4751,83,1000000,0,user_42,500,504,
4714,74,670000,0,user_6,500,503,
4715,78,530000,0,user_7,500,503,
4717,79,470000,0,user_9,500,503,
4809,81,460000,12300,user_44,501,503,
4739,84,370000,0,user_31,500,503,
4752,85,350000,0,user_42,500,503,
4744,86,340000,0,user_38,500,503,
4716,88,320000,0,user_8,500,503,
4722,90,310000,0,user_16,500,503,
4813,95,300000,71800,user_46,501,503,
4738,67,260000,0,user_31,500,502,
4755,68,260000,0,user_48,500,502,
4754,69,260000,0,user_45,500,502,
4804,70,260000,0,user_37,501,502,
4810,71,240000,0,user_45,501,502,
4799,72,220000,0,user_28,501,502,
4801,73,190000,0,user_33,501,502,
4729,74,170000,0,user_23,500,502,
4807,75,170000,0,user_40,501,502,
4725,77,160000,0,user_16,500,502,
4733,78,160000,0,user_24,500,502,
4811,79,160000,0,user_45,501,502,
4802,80,160000,0,user_33,501,502,
4798,81,160000,0,user_27,501,502,
4805,82,150000,0,user_37,501,502,
4745,84,120000,0,user_40,500,502,
4750,85,120000,0,user_42,500,502,
4812,86,120000,0,user_46,501,502,
4781,91,110001,0,user_14,501,502,4747
4782,93,110001,0,user_15,501,502,4747
4791,92,110001,0,user_21,501,502,4747
4784,94,110001,0,user_17,501,502,4747
4789,95,110001,0,user_18,501,502,4747
4747,65,110000,33300,user_41,500,501,
4742,66,110000,0,user_35,500,501,
4775,67,109999,0,user_6,501,501,4747
4796,68,109999,0,user_25,501,501,4747
4797,69,109999,0,user_26,501,501,4747
4785,70,109999,0,user_17,501,501,4747
4795,71,109999,0,user_24,501,501,4747
4718,72,100000,0,user_11,500,501,
4719,73,100000,0,user_11,500,501,
4728,74,82000,0,user_23,500,501,
4721,75,82000,0,user_14,500,501,
4746,76,82000,0,user_40,500,501,
4727,77,80000,0,user_20,500,501,
4790,78,73001,0,user_20,501,501,4748
4772,79,73001,0,user_3,501,501,4748
4748,80,73000,195000,user_42,500,501,
4774,81,72999,0,user_5,501,501,4748
4777,82,72999,0,user_10,501,501,4748
4773,83,72999,0,user_3,501,501,4748
4776,84,72999,0,user_6,501,501,4748
4778,85,72999,0,user_11,501,501,4748
4783,86,72999,0,user_16,501,501,4748
4931,8,27000000,0,user_33,502,519,
4726,13,19000000,0,user_19,500,519,
4737,18,6300000,0,user_29,500,519,
4806,17,6300000,0,user_37,501,519,
4743,28,6100000,0,user_36,500,519,
4948,31,5200000,0,user_48,502,519,
4924,32,5200000,0,user_27,502,519,
4724,38,5000000,0,user_16,500,519,
4757,51,4200000,0,user_49,500,519,
4927,57,3600000,75000,user_30,502,519,
4944,65,3500000,161000,user_47,502,519,
4947,87,2500000,0,user_47,502,519,
4779,97,2000001,0,user_12,501,517,4770
4736,92,2000000,0,user_28,500,514,
4723,93,2000000,0,user_16,500,514,
4740,94,2000000,0,user_34,500,514,
4770,99,2000000,350000,user_0,501,515,
4803,96,2000000,0,user_36,501,514,
4800,98,2000000,0,user_32,501,515,
4734,97,1900000,0,user_24,500,510,
4731,97,1700000,0,user_23,500,509,
4808,99,1600000,0,user_43,501,509,
4780,98,1500001,0,user_14,501,508,4735
4793,99,1500001,0,user_22,501,508,4735
4922,97,1500001,0,user_24,502,508,4735
4735,94,1500000,128000,user_27,500,507,
4771,99,1499999,0,user_1,501,507,4735
4792,94,1499999,0,user_21,501,506,4735
4794,95,1499999,0,user_22,501,506,4735
4786,96,1499999,0,user_17,501,506,4735
4787,97,1499999,0,user_17,501,506,4735
4788,98,1499999,0,user_17,501,506,4735
4895,99,1499999,0,user_2,502,506,4735
4912,98,1499999,0,user_21,502,507,4735
4730,94,1400000,0,user_23,500,505,
4732,95,1400000,0,user_23,500,505,
4749,96,1400000,0,user_42,500,505,
4769,97,1400000,0,user_0,501,505,
4932,92,1400000,0,user_33,502,505,
4713,99,1300000,0,user_4,500,505,
4756,82,1100000,0,user_49,500,504,
4741,81,1100000,0,user_35,500,504,
4753,84,1000000,0,user_44,500,504,
4751,83,1000000,0,user_42,500,504,
4714,74,670000,0,user_6,500,503,
4939,76,630000,0,user_39,502,503,
4935,77,600000,0,user_37,502,503,
4715,78,530000,0,user_7,500,503,
4717,79,470000,0,user_9,500,503,
4903,80,460001,0,user_11,502,503,4809
4809,81,460000,12300,user_44,501,503,
4902,83,459999,0,user_11,502,503,4809
4739,84,370000,0,user_31,500,503,
4752,85,350000,0,user_42,500,503,
4744,86,340000,0,user_38,500,503,
4716,88,320000,0,user_8,500,503,
4722,90,310000,0,user_16,500,503,
4925,89,310000,0,user_30,502,503,
4907,92,300001,0,user_14,502,503,4813
4921,93,300001,0,user_23,502,503,4813
4901,94,300001,0,user_9,502,503,4813
4813,95,300000,71800,user_46,501,503,
4896,96,299999,0,user_4,502,503,4813
4911,97,299999,0,user_20,502,503,4813
4899,99,299999,0,user_6,502,503,4813
4900,65,299999,0,user_6,502,502,4813
4915,98,299999,0,user_21,502,503,4813
4738,67,260000,0,user_31,500,502,
4755,68,260000,0,user_48,500,502,
4754,69,260000,0,user_45,500,502,
4804,70,260000,0,user_37,501,502,
4810,71,240000,0,user_45,501,502,
4799,72,220000,0,user_28,501,502,
4801,73,190000,0,user_33,501,502,
4729,74,170000,0,user_23,500,502,
4807,75,170000,0,user_40,501,502,
4943,76,170000,4320000,user_47,502,502,
4725,77,160000,0,user_16,500,502,
4733,78,160000,0,user_24,500,502,
4811,79,160000,0,user_45,501,502,
4802,80,160000,0,user_33,501,502,
4798,81,160000,0,user_27,501,502,
4805,82,150000,0,user_37,501,502,
4945,83,150000,0,user_47,502,502,
4745,84,120000,0,user_40,500,502,
4750,85,120000,0,user_42,500,502,
4812,86,120000,0,user_46,501,502,
4814,87,120000,0,user_49,501,502,
4938,88,120000,0,user_39,502,502,
4934,89,120000,0,user_36,502,502,
4946,90,120000,46500,user_47,502,502,
4781,91,110001,0,user_14,501,502,4747
4791,92,110001,0,user_21,501,502,4747
4782,93,110001,0,user_15,501,502,4747
4784,94,110001,0,user_17,501,502,4747
4789,95,110001,0,user_18,501,502,4747
4897,96,110001,0,user_5,502,502,4747
4898,97,110001,0,user_5,502,502,4747
4905,98,110001,0,user_12,502,502,4747
4908,99,110001,0,user_15,502,502,4747
4931,8,27000000,0,user_33,502,519,
4726,13,19000000,0,user_19,500,519,
4806,17,6300000,0,user_37,501,519,
4737,18,6300000,0,user_29,500,519,
5153,19,6300000,0,user_42,503,519,
4743,28,6100000,0,user_36,500,519,
4948,31,5200000,0,user_48,502,519,
4924,32,5200000,0,user_27,502,519,
4724,38,5000000,0,user_16,500,519,
4757,51,4200000,0,user_49,500,519,
4949,52,4200000,0,user_49,502,519,
4927,57,3600000,75000,user_30,502,519,
5110,59,3500001,0,user_1,503,519,4944
5125,60,3500001,0,user_12,503,519,4944
5138,61,3500001,0,user_26,503,519,4944
4944,65,3500000,161000,user_47,502,519,
5111,66,3499999,0,user_2,503,519,4944
5128,67,3499999,0,user_13,503,519,4944
5117,68,3499999,0,user_6,503,519,4944
5129,69,3499999,0,user_15,503,519,4944
5130,70,3499999,0,user_15,503,519,4944
5133,71,3499999,0,user_18,503,519,4944
4947,87,2500000,0,user_47,502,519,
5154,91,2300000,0,user_42,503,519,
5140,96,2100000,11200,user_27,503,519,
4779,97,2000001,0,user_12,501,517,4770
5113,91,2000001,0,user_4,503,517,4770
5114,98,2000001,0,user_6,503,517,4770
5118,92,2000001,0,user_7,503,517,4770
5132,93,2000001,0,user_17,503,517,4770
4800,98,2000000,0,user_32,501,515,
4770,99,2000000,350000,user_0,501,515,
4803,96,2000000,0,user_36,501,514,
5156,99,2000000,0,user_44,503,516,
4723,93,2000000,0,user_16,500,514,
4740,94,2000000,0,user_34,500,514,
4736,92,2000000,0,user_28,500,514,
5116,98,1999999,0,user_6,503,513,4770
5135,93,1999999,0,user_23,503,513,4770
4734,97,1900000,0,user_24,500,510,
4731,97,1700000,0,user_23,500,509,
4808,99,1600000,0,user_43,501,509,
4922,97,1500001,0,user_24,502,508,4735
4780,98,1500001,0,user_14,501,508,4735
4793,99,1500001,0,user_22,501,508,4735
5119,95,1500001,0,user_7,503,508,4735
5124,94,1500001,0,user_12,503,508,4735
5136,96,1500001,0,user_24,503,508,4735
4735,94,1500000,128000,user_27,500,507,
5145,95,1500000,0,user_34,503,507,
5142,96,1500000,0,user_30,503,507,
4912,98,1499999,0,user_21,502,507,4735
4771,99,1499999,0,user_1,501,507,4735
4786,96,1499999,0,user_17,501,506,4735
4787,97,1499999,0,user_17,501,506,4735
4788,98,1499999,0,user_17,501,506,4735
4794,95,1499999,0,user_22,501,506,4735
4792,94,1499999,0,user_21,501,506,4735
4895,99,1499999,0,user_2,502,506,4735
5134,84,1499999,0,user_21,503,505,4735
5137,85,1499999,0,user_25,503,505,4735
4932,92,1400000,0,user_33,502,505,
4769,97,1400000,0,user_0,501,505,
4730,94,1400000,0,user_23,500,505,
4732,95,1400000,0,user_23,500,505,
4749,96,1400000,0,user_42,500,505,
5141,98,1300000,18600,user_28,503,505,
4713,99,1300000,0,user_4,500,505,
4929,80,1200000,0,user_31,502,504,
4741,81,1100000,0,user_35,500,504,
4756,82,1100000,0,user_49,500,504,
4753,84,1000000,0,user_44,500,504,
4751,83,1000000,0,user_42,500,504,
5144,96,910000,7190000,user_32,503,504,
4714,74,670000,0,user_6,500,503,
5139,75,660000,7190000,user_27,503,503,
4939,76,630000,0,user_39,502,503,
4935,77,600000,0,user_37,502,503,
4715,78,530000,0,user_7,500,503,
4717,79,470000,0,user_9,500,503,
4903,80,460001,0,user_11,502,503,4809
4809,81,460000,12300,user_44,501,503,
5152,82,460000,0,user_41,503,503,
4902,83,459999,0,user_11,502,503,4809
4739,84,370000,0,user_31,500,503,
4752,85,350000,0,user_42,500,503,
4744,86,340000,0,user_38,500,503,
5150,87,340000,0,user_37,503,503,
4716,88,320000,0,user_8,500,503,
4925,89,310000,0,user_30,502,503,
4722,90,310000,0,user_16,500,503,
5148,91,310000,0,user_36,503,503,
4907,92,300001,0,user_14,502,503,4813
4921,93,300001,0,user_23,502,503,4813
4901,94,300001,0,user_9,502,503,4813
4813,95,300000,71800,user_46,501,503,
4896,96,299999,0,user_4,502,503,4813
4911,97,299999,0,user_20,502,503,4813
4915,98,299999,0,user_21,502,503,4813
4899,99,299999,0,user_6,502,503,4813
4931,8,27000000,0,user_33,502,519,
4726,13,19000000,0,user_19,500,519,
5153,19,6300000,0,user_42,503,519,
4806,17,6300000,0,user_37,501,519,
4737,18,6300000,0,user_29,500,519,
5349,21,6300000,0,user_29,504,519,
5347,20,6300000,5630,user_27,504,519,
4743,28,6100000,0,user_36,500,519,
4924,32,5200000,0,user_27,502,519,
4948,31,5200000,0,user_48,502,519,
5364,34,5200000,0,user_46,504,519,
5352,33,5200000,0,user_34,504,519,
5143,39,5000000,0,user_31,503,519,
4724,38,5000000,0,user_16,500,519,
5369,40,5000000,0,user_48,504,519,
4949,52,4200000,0,user_49,502,519,
4757,51,4200000,0,user_49,500,519,
4927,57,3600000,75000,user_30,502,519,
5125,60,3500001,0,user_12,503,519,4944
5138,61,3500001,0,user_26,503,519,4944
5110,59,3500001,0,user_1,503,519,4944
4944,65,3500000,161000,user_47,502,519,
5128,67,3499999,0,user_13,503,519,4944
5117,68,3499999,0,user_6,503,519,4944
5129,69,3499999,0,user_15,503,519,4944
5130,70,3499999,0,user_15,503,519,4944
5133,71,3499999,0,user_18,503,519,4944
5111,66,3499999,0,user_2,503,519,4944
5317,73,3499999,0,user_8,504,519,4944
5321,72,3499999,0,user_9,504,519,4944
5362,82,2600000,0,user_44,504,519,
4947,87,2500000,0,user_47,502,519,
5154,91,2300000,0,user_42,503,519,
5140,96,2100000,11200,user_27,503,519,
5113,91,2000001,0,user_4,503,517,4770
5114,98,2000001,0,user_6,503,517,4770
5118,92,2000001,0,user_7,503,517,4770
5132,93,2000001,0,user_17,503,517,4770
4779,97,2000001,0,user_12,501,517,4770
5336,89,2000001,0,user_16,504,517,4770
5156,99,2000000,0,user_44,503,516,
4770,99,2000000,350000,user_0,501,515,
4803,96,2000000,0,user_36,501,514,
4736,92,2000000,0,user_28,500,514,
4723,93,2000000,0,user_16,500,514,
4740,94,2000000,0,user_34,500,514,
4800,98,2000000,0,user_32,501,515,
5116,98,1999999,0,user_6,503,513,4770
5135,93,1999999,0,user_23,503,513,4770
4734,97,1900000,0,user_24,500,510,
5366,96,1800000,0,user_47,504,509,
4731,97,1700000,0,user_23,500,509,
4808,99,1600000,0,user_43,501,509,
5124,94,1500001,0,user_12,503,508,4735
5119,95,1500001,0,user_7,503,508,4735
5136,96,1500001,0,user_24,503,508,4735
4922,97,1500001,0,user_24,502,508,4735
4780,98,1500001,0,user_14,501,508,4735
4793,99,1500001,0,user_22,501,508,4735
5142,96,1500000,0,user_30,503,507,
5145,95,1500000,0,user_34,503,507,
4735,94,1500000,128000,user_27,500,507,
5350,97,1500000,0,user_30,504,507,
5134,84,1499999,0,user_21,503,505,4735
4895,99,1499999,0,user_2,502,506,4735
5137,85,1499999,0,user_25,503,505,4735
4771,99,1499999,0,user_1,501,507,4735
4912,98,1499999,0,user_21,502,507,4735
4792,94,1499999,0,user_21,501,506,4735
4786,96,1499999,0,user_17,501,506,4735
4787,97,1499999,0,user_17,501,506,4735
4788,98,1499999,0,user_17,501,506,4735
4794,95,1499999,0,user_22,501,506,4735
4749,96,1400000,0,user_42,500,505,
4769,97,1400000,0,user_0,501,505,
4932,92,1400000,0,user_33,502,505,
4730,94,1400000,0,user_23,500,505,
4732,95,1400000,0,user_23,500,505,
5141,98,1300000,18600,user_28,503,505,
4713,99,1300000,0,user_4,500,505,
4929,80,1200000,0,user_31,502,504,
4741,81,1100000,0,user_35,500,504,
4756,82,1100000,0,user_49,500,504,
4751,83,1000000,0,user_42,500,504,
4753,84,1000000,0,user_44,500,504,
5353,85,1000000,0,user_36,504,504,
5312,86,910001,0,user_1,504,504,5144
5314,87,910001,0,user_2,504,504,5144
5323,88,910001,0,user_10,504,504,5144
5324,89,910001,0,user_11,504,504,5144
5325,90,910001,0,user_11,504,504,5144
5341,91,910001,0,user_19,504,504,5144
5315,92,910001,0,user_3,504,504,5144
5319,93,910001,0,user_8,504,504,5144
5320,94,910001,0,user_9,504,504,5144
5322,95,910001,0,user_9,504,504,5144
5144,96,910000,7190000,user_32,503,504,
5328,97,909999,0,user_13,504,504,5144
5311,98,909999,0,user_0,504,504,5144
5316,99,909999,0,user_6,504,504,5144
4931,8,27000000,0,user_33,502,519,
4726,13,19000000,0,user_19,500,519,
5349,21,6300000,0,user_29,504,519,
5360,22,6300000,0,user_43,504,519,
5347,20,6300000,5630,user_27,504,519,
4737,18,6300000,0,user_29,500,519,
4806,17,6300000,0,user_37,501,519,
5153,19,6300000,0,user_42,503,519,
4743,28,6100000,0,user_36,500,519,
5364,34,5200000,0,user_46,504,519,
5352,33,5200000,0,user_34,504,519,
4924,32,5200000,0,user_27,502,519,
4948,31,5200000,0,user_48,502,519,
5593,30,5200000,21800,user_30,505,519,
5369,40,5000000,0,user_48,504,519,
5143,39,5000000,0,user_31,503,519,
4724,38,5000000,0,user_16,500,519,
5614,45,4500000,0,user_48,505,519,
4949,52,4200000,0,user_49,502,519,
4757,51,4200000,0,user_49,500,519,
4927,57,3600000,75000,user_30,502,519,
5110,59,3500001,0,user_1,503,519,4944
5125,60,3500001,0,user_12,503,519,4944
5138,61,3500001,0,user_26,503,519,4944
4944,65,3500000,161000,user_47,502,519,
5111,66,3499999,0,user_2,503,519,4944
5317,73,3499999,0,user_8,504,519,4944
5128,67,3499999,0,user_13,503,519,4944
5133,71,3499999,0,user_18,503,519,4944
5129,69,3499999,0,user_15,503,519,4944
5130,70,3499999,0,user_15,503,519,4944
5321,72,3499999,0,user_9,504,519,4944
5117,68,3499999,0,user_6,503,519,4944
5362,82,2600000,0,user_44,504,519,
4947,87,2500000,0,user_47,502,519,
5154,91,2300000,0,user_42,503,519,
5140,96,2100000,11200,user_27,503,519,
5336,89,2000001,0,user_16,504,517,4770
5544,95,2000001,0,user_1,505,518,4770
5113,91,2000001,0,user_4,503,517,4770
5118,92,2000001,0,user_7,503,517,4770
5132,93,2000001,0,user_17,503,517,4770
5568,98,2000001,0,user_12,505,519,4770
5579,99,2000001,0,user_19,505,519,4770
5582,99,2000001,0,user_20,505,518,4770
4779,97,2000001,0,user_12,501,517,4770
5114,98,2000001,0,user_6,503,517,4770
5586,97,2000001,0,user_25,505,518,4770
5587,98,2000001,0,user_26,505,518,4770
5156,99,2000000,0,user_44,503,516,
4723,93,2000000,0,user_16,500,514,
4736,92,2000000,0,user_28,500,514,
4740,94,2000000,0,user_34,500,514,
4770,99,2000000,350000,user_0,501,515,
4800,98,2000000,0,user_32,501,515,
4803,96,2000000,0,user_36,501,514,
5135,93,1999999,0,user_23,503,513,4770
5570,94,1999999,0,user_13,505,513,4770
5543,95,1999999,0,user_0,505,513,4770
5580,96,1999999,0,user_19,505,513,4770
5581,97,1999999,0,user_19,505,513,4770
5116,98,1999999,0,user_6,503,513,4770
5555,99,1999999,0,user_6,505,513,4770
5585,94,1999999,0,user_25,505,511,4770
5575,95,1999999,0,user_17,505,512,4770
5584,99,1999999,0,user_24,505,512,4770
5577,96,1999999,0,user_18,505,512,4770
4734,97,1900000,0,user_24,500,510,
5366,96,1800000,0,user_47,504,509,
4731,97,1700000,0,user_23,500,509,
4808,99,1600000,0,user_43,501,509,
4922,97,1500001,0,user_24,502,508,4735
5124,94,1500001,0,user_12,503,508,4735
5119,95,1500001,0,user_7,503,508,4735
5136,96,1500001,0,user_24,503,508,4735
4780,98,1500001,0,user_14,501,508,4735
4793,99,1500001,0,user_22,501,508,4735
5350,97,1500000,0,user_30,504,507,
5142,96,1500000,0,user_30,503,507,
4735,94,1500000,128000,user_27,500,507,
5145,95,1500000,0,user_34,503,507,
5613,92,1500000,0,user_46,505,507,
4895,99,1499999,0,user_2,502,506,4735
4912,98,1499999,0,user_21,502,507,4735
5134,84,1499999,0,user_21,503,505,4735
5137,85,1499999,0,user_25,503,505,4735
4771,99,1499999,0,user_1,501,507,4735
4792,94,1499999,0,user_21,501,506,4735
4794,95,1499999,0,user_22,501,506,4735
4786,96,1499999,0,user_17,501,506,4735
4787,97,1499999,0,user_17,501,506,4735
4788,98,1499999,0,user_17,501,506,4735
4932,92,1400000,0,user_33,502,505,
5609,93,1400000,0,user_44,505,505,
4730,94,1400000,0,user_23,500,505,
4732,95,1400000,0,user_23,500,505,
4749,96,1400000,0,user_42,500,505,
4769,97,1400000,0,user_0,501,505,
5141,98,1300000,18600,user_28,503,505,
4713,99,1300000,0,user_4,500,505,
4931,8,27000000,0,user_33,502,519,
4726,13,19000000,0,user_19,500,519,
5594,15,6300000,0,user_31,505,519,
5349,21,6300000,0,user_29,504,519,
5360,22,6300000,0,user_43,504,519,
4737,18,6300000,0,user_29,500,519,
4806,17,6300000,0,user_37,501,519,
5153,19,6300000,0,user_42,503,519,
5347,20,6300000,5630,user_27,504,519,
5841,16,6300000,0,user_29,506,519,
5863,26,6100000,0,user_45,506,519,
4743,28,6100000,0,user_36,500,519,
5842,27,6100000,0,user_30,506,519,
5593,30,5200000,21800,user_30,505,519,
5364,34,5200000,0,user_46,504,519,
5352,33,5200000,0,user_34,504,519,
4948,31,5200000,0,user_48,502,519,
4924,32,5200000,0,user_27,502,519,
5369,40,5000000,0,user_48,504,519,
4724,38,5000000,0,user_16,500,519,
5143,39,5000000,0,user_31,503,519,
5614,45,4500000,0,user_48,505,519,
5853,50,4200000,46500,user_37,506,519,
4757,51,4200000,0,user_49,500,519,
4949,52,4200000,0,user_49,502,519,
4927,57,3600000,75000,user_30,502,519,
5110,59,3500001,0,user_1,503,519,4944
5125,60,3500001,0,user_12,503,519,4944
5138,61,3500001,0,user_26,503,519,4944
4944,65,3500000,161000,user_47,502,519,
5317,73,3499999,0,user_8,504,519,4944
5321,72,3499999,0,user_9,504,519,4944
5111,66,3499999,0,user_2,503,519,4944
5129,69,3499999,0,user_15,503,519,4944
5130,70,3499999,0,user_15,503,519,4944
5128,67,3499999,0,user_13,503,519,4944
5133,71,3499999,0,user_18,503,519,4944
5117,68,3499999,0,user_6,503,519,4944
5362,82,2600000,0,user_44,504,519,
4947,87,2500000,0,user_47,502,519,
5154,91,2300000,0,user_42,503,519,
5140,96,2100000,11200,user_27,503,519,
5544,95,2000001,0,user_1,505,518,4770
5568,98,2000001,0,user_12,505,519,4770
5586,97,2000001,0,user_25,505,518,4770
5587,98,2000001,0,user_26,505,518,4770
5582,99,2000001,0,user_20,505,518,4770
5336,89,2000001,0,user_16,504,517,4770
5579,99,2000001,0,user_19,505,519,4770
4779,97,2000001,0,user_12,501,517,4770
5113,91,2000001,0,user_4,503,517,4770
5118,92,2000001,0,user_7,503,517,4770
5132,93,2000001,0,user_17,503,517,4770
5114,98,2000001,0,user_6,503,517,4770
5823,95,2000001,0,user_8,506,516,4770
4736,92,2000000,0,user_28,500,514,
4723,93,2000000,0,user_16,500,514,
4740,94,2000000,0,user_34,500,514,
4770,99,2000000,350000,user_0,501,515,
4803,96,2000000,0,user_36,501,514,
4800,98,2000000,0,user_32,501,515,
5156,99,2000000,0,user_44,503,516,
5858,97,2000000,0,user_40,506,515,
5543,95,1999999,0,user_0,505,513,4770
5570,94,1999999,0,user_13,505,513,4770
5575,95,1999999,0,user_17,505,512,4770
5584,99,1999999,0,user_24,505,512,4770
5585,94,1999999,0,user_25,505,511,4770
5577,96,1999999,0,user_18,505,512,4770
5555,99,1999999,0,user_6,505,513,4770
5580,96,1999999,0,user_19,505,513,4770
5581,97,1999999,0,user_19,505,513,4770
5135,93,1999999,0,user_23,503,513,4770
5116,98,1999999,0,user_6,503,513,4770
4734,97,1900000,0,user_24,500,510,
5869,98,1900000,0,user_47,506,510,
5366,96,1800000,0,user_47,504,509,
4731,97,1700000,0,user_23,500,509,
5604,92,1600000,0,user_38,505,508,
5862,93,1600000,0,user_45,506,508,
4808,99,1600000,0,user_43,501,509,
4780,98,1500001,0,user_14,501,508,4735
4793,99,1500001,0,user_22,501,508,4735
4922,97,1500001,0,user_24,502,508,4735
5119,95,1500001,0,user_7,503,508,4735
5124,94,1500001,0,user_12,503,508,4735
5136,96,1500001,0,user_24,503,508,4735
5613,92,1500000,0,user_46,505,507,
5350,97,1500000,0,user_30,504,507,
5861,93,1500000,0,user_45,506,507,
4735,94,1500000,128000,user_27,500,507,
5142,96,1500000,0,user_30,503,507,
5145,95,1500000,0,user_34,503,507,
4771,99,1499999,0,user_1,501,507,4735
4792,94,1499999,0,user_21,501,506,4735
4794,95,1499999,0,user_22,501,506,4735
4786,96,1499999,0,user_17,501,506,4735
4787,97,1499999,0,user_17,501,506,4735
4788,98,1499999,0,user_17,501,506,4735
4895,99,1499999,0,user_2,502,506,4735
6125,2,43000000,0,user_44,507,519,
6107,7,27000000,0,user_28,507,519,
4931,8,27000000,0,user_33,502,519,
4726,13,19000000,0,user_19,500,519,
5594,15,6300000,0,user_31,505,519,
5841,16,6300000,0,user_29,506,519,
4806,17,6300000,0,user_37,501,519,
4737,18,6300000,0,user_29,500,519,
5153,19,6300000,0,user_42,503,519,
5347,20,6300000,5630,user_27,504,519,
5349,21,6300000,0,user_29,504,519,
5360,22,6300000,0,user_43,504,519,
5863,26,6100000,0,user_45,506,519,
5842,27,6100000,0,user_30,506,519,
4743,28,6100000,0,user_36,500,519,
5593,30,5200000,21800,user_30,505,519,
4948,31,5200000,0,user_48,502,519,
4924,32,5200000,0,user_27,502,519,
5352,33,5200000,0,user_34,504,519,
5364,34,5200000,0,user_46,504,519,
4724,38,5000000,0,user_16,500,519,
5143,39,5000000,0,user_31,503,519,
5369,40,5000000,0,user_48,504,519,
5614,45,4500000,0,user_48,505,519,
5853,50,4200000,46500,user_37,506,519,
4757,51,4200000,0,user_49,500,519,
4949,52,4200000,0,user_49,502,519,
4927,57,3600000,75000,user_30,502,519,
5110,59,3500001,0,user_1,503,519,4944
5125,60,3500001,0,user_12,503,519,4944
5138,61,3500001,0,user_26,503,519,4944
4944,65,3500000,161000,user_47,502,519,
5111,66,3499999,0,user_2,503,519,4944
5128,67,3499999,0,user_13,503,519,4944
5117,68,3499999,0,user_6,503,519,4944
5129,69,3499999,0,user_15,503,519,4944
5130,70,3499999,0,user_15,503,519,4944
5133,71,3499999,0,user_18,503,519,4944
5321,72,3499999,0,user_9,504,519,4944
5317,73,3499999,0,user_8,504,519,4944
5362,82,2600000,0,user_44,504,519,
6118,86,2500000,0,user_37,507,519,
4947,87,2500000,0,user_47,502,519,
6127,88,2500000,0,user_46,507,519,
5154,91,2300000,0,user_42,503,519,
5140,96,2100000,11200,user_27,503,519,
5568,98,2000001,0,user_12,505,519,4770
5579,99,2000001,0,user_19,505,519,4770
5582,99,2000001,0,user_20,505,518,4770
5586,97,2000001,0,user_25,505,518,4770
5587,98,2000001,0,user_26,505,518,4770
5823,95,2000001,0,user_8,506,516,4770
4779,97,2000001,0,user_12,501,517,4770
5113,91,2000001,0,user_4,503,517,4770
5114,98,2000001,0,user_6,503,517,4770
5118,92,2000001,0,user_7,503,517,4770
5132,93,2000001,0,user_17,503,517,4770
5336,89,2000001,0,user_16,504,517,4770
5544,95,2000001,0,user_1,505,518,4770
5858,97,2000000,0,user_40,506,515,
4800,98,2000000,0,user_32,501,515,
4770,99,2000000,350000,user_0,501,515,
4803,96,2000000,0,user_36,501,514,
5156,99,2000000,0,user_44,503,516,
4723,93,2000000,0,user_16,500,514,
4740,94,2000000,0,user_34,500,514,
4736,92,2000000,0,user_28,500,514,
5570,94,1999999,0,user_13,505,513,4770
5543,95,1999999,0,user_0,505,513,4770
5580,96,1999999,0,user_19,505,513,4770
5581,97,1999999,0,user_19,505,513,4770
5555,99,1999999,0,user_6,505,513,4770
5585,94,1999999,0,user_25,505,511,4770
5575,95,1999999,0,user_17,505,512,4770
5584,99,1999999,0,user_24,505,512,4770
5577,96,1999999,0,user_18,505,512,4770
5116,98,1999999,0,user_6,503,513,4770
5135,93,1999999,0,user_23,503,513,4770
5869,98,1900000,0,user_47,506,510,
4734,97,1900000,0,user_24,500,510,
5366,96,1800000,0,user_47,504,509,
4731,97,1700000,0,user_23,500,509,
5604,92,1600000,0,user_38,505,508,
5862,93,1600000,0,user_45,506,508,
4808,99,1600000,0,user_43,501,509,
6110,98,1600000,0,user_33,507,509,
4922,97,1500001,0,user_24,502,508,4735
4780,98,1500001,0,user_14,501,508,4735
4793,99,1500001,0,user_22,501,508,4735
5119,95,1500001,0,user_7,503,508,4735
5124,94,1500001,0,user_12,503,508,4735
5136,96,1500001,0,user_24,503,508,4735
5613,92,1500000,0,user_46,505,507,
5861,93,1500000,0,user_45,506,507,
4735,94,1500000,128000,user_27,500,507,
5145,95,1500000,0,user_34,503,507,
5142,96,1500000,0,user_30,503,507,
5350,97,1500000,0,user_30,504,507,
4912,98,1499999,0,user_21,502,507,4735
4771,99,1499999,0,user_1,501,507,4735
6125,2,43000000,0,user_44,507,519,
6107,7,27000000,0,user_28,507,519,
6372,9,27000000,0,user_37,508,519,
4931,8,27000000,0,user_33,502,519,
4726,13,19000000,0,user_19,500,519,
5153,19,6300000,0,user_42,503,519,
4806,17,6300000,0,user_37,501,519,
4737,18,6300000,0,user_29,500,519,
5349,21,6300000,0,user_29,504,519,
5360,22,6300000,0,user_43,504,519,
5347,20,6300000,5630,user_27,504,519,
5594,15,6300000,0,user_31,505,519,
5841,16,6300000,0,user_29,506,519,
4743,28,6100000,0,user_36,500,519,
5842,27,6100000,0,user_30,506,519,
5863,26,6100000,0,user_45,506,519,
4924,32,5200000,0,user_27,502,519,
4948,31,5200000,0,user_48,502,519,
5364,34,5200000,0,user_46,504,519,
5352,33,5200000,0,user_34,504,519,
5593,30,5200000,21800,user_30,505,519,
5143,39,5000000,0,user_31,503,519,
4724,38,5000000,0,user_16,500,519,
5369,40,5000000,0,user_48,504,519,
6119,46,4500000,0,user_38,507,519,
5614,45,4500000,0,user_48,505,519,
6378,47,4500000,0,user_40,508,519,
4949,52,4200000,0,user_49,502,519,
4757,51,4200000,0,user_49,500,519,
5853,50,4200000,46500,user_37,506,519,
4927,57,3600000,75000,user_30,502,519,
5125,60,3500001,0,user_12,503,519,4944
5138,61,3500001,0,user_26,503,519,4944
5110,59,3500001,0,user_1,503,519,4944
4944,65,3500000,161000,user_47,502,519,
5128,67,3499999,0,user_13,503,519,4944
5117,68,3499999,0,user_6,503,519,4944
5129,69,3499999,0,user_15,503,519,4944
5130,70,3499999,0,user_15,503,519,4944
5133,71,3499999,0,user_18,503,519,4944
5111,66,3499999,0,user_2,503,519,4944
5317,73,3499999,0,user_8,504,519,4944
5321,72,3499999,0,user_9,504,519,4944
6376,77,3200000,0,user_39,508,519,
5362,82,2600000,0,user_44,504,519,
6127,88,2500000,0,user_46,507,519,
6118,86,2500000,0,user_37,507,519,
4947,87,2500000,0,user_47,502,519,
5154,91,2300000,0,user_42,503,519,
5140,96,2100000,11200,user_27,503,519,
5113,91,2000001,0,user_4,503,517,4770
5114,98,2000001,0,user_6,503,517,4770
5118,92,2000001,0,user_7,503,517,4770
5132,93,2000001,0,user_17,503,517,4770
4779,97,2000001,0,user_12,501,517,4770
5336,89,2000001,0,user_16,504,517,4770
5544,95,2000001,0,user_1,505,518,4770
5568,98,2000001,0,user_12,505,519,4770
5582,99,2000001,0,user_20,505,518,4770
5579,99,2000001,0,user_19,505,519,4770
5586,97,2000001,0,user_25,505,518,4770
5587,98,2000001,0,user_26,505,518,4770
5823,95,2000001,0,user_8,506,516,4770
5156,99,2000000,0,user_44,503,516,
4770,99,2000000,350000,user_0,501,515,
4803,96,2000000,0,user_36,501,514,
4736,92,2000000,0,user_28,500,514,
4723,93,2000000,0,user_16,500,514,
4740,94,2000000,0,user_34,500,514,
4800,98,2000000,0,user_32,501,515,
5858,97,2000000,0,user_40,506,515,
6368,90,2000000,0,user_34,508,514,
6386,89,2000000,0,user_47,508,514,
5116,98,1999999,0,user_6,503,513,4770
5135,93,1999999,0,user_23,503,513,4770
5543,95,1999999,0,user_0,505,513,4770
5570,94,1999999,0,user_13,505,513,4770
5575,95,1999999,0,user_17,505,512,4770
5577,96,1999999,0,user_18,505,512,4770
5580,96,1999999,0,user_19,505,513,4770
5581,97,1999999,0,user_19,505,513,4770
5584,99,1999999,0,user_24,505,512,4770
5585,94,1999999,0,user_25,505,511,4770
5555,99,1999999,0,user_6,505,513,4770
6124,96,1900000,0,user_43,507,510,
4734,97,1900000,0,user_24,500,510,
5869,98,1900000,0,user_47,506,510,
5366,96,1800000,0,user_47,504,509,
6374,99,1800000,0,user_39,508,510,
4731,97,1700000,0,user_23,500,509,
6110,98,1600000,0,user_33,507,509,
4808,99,1600000,0,user_43,501,509,
5604,92,1600000,0,user_38,505,508,
5862,93,1600000,0,user_45,506,508,
5124,94,1500001,0,user_12,503,508,4735
5119,95,1500001,0,user_7,503,508,4735
5136,96,1500001,0,user_24,503,508,4735
4922,97,1500001,0,user_24,502,508,4735
4780,98,1500001,0,user_14,501,508,4735
4793,99,1500001,0,user_22,501,508,4735
6125,2,43000000,0,user_44,507,519,
6645,1,43000000,0,user_40,509,519,
6372,9,27000000,0,user_37,508,519,
6107,7,27000000,0,user_28,507,519,
4931,8,27000000,0,user_33,502,519,
4726,13,19000000,0,user_19,500,519,
5349,21,6300000,0,user_29,504,519,
5360,22,6300000,0,user_43,504,519,
5347,20,6300000,5630,user_27,504,519,
4737,18,6300000,0,user_29,500,519,
4806,17,6300000,0,user_37,501,519,
5153,19,6300000,0,user_42,503,519,
5594,15,6300000,0,user_31,505,519,
5841,16,6300000,0,user_29,506,519,
6641,24,6100000,0,user_37,509,519,
4743,28,6100000,0,user_36,500,519,
5863,26,6100000,0,user_45,506,519,
5842,27,6100000,0,user_30,506,519,
6647,25,6100000,0,user_41,509,519,
5364,34,5200000,0,user_46,504,519,
5352,33,5200000,0,user_34,504,519,
4924,32,5200000,0,user_27,502,519,
4948,31,5200000,0,user_48,502,519,
5593,30,5200000,21800,user_30,505,519,
5369,40,5000000,0,user_48,504,519,
5143,39,5000000,0,user_31,503,519,
4724,38,5000000,0,user_16,500,519,
6378,47,4500000,0,user_40,508,519,
6119,46,4500000,0,user_38,507,519,
5614,45,4500000,0,user_48,505,519,
6649,43,4500000,256000,user_42,509,519,
4949,52,4200000,0,user_49,502,519,
4757,51,4200000,0,user_49,500,519,
5853,50,4200000,46500,user_37,506,519,
4927,57,3600000,75000,user_30,502,519,
6644,55,3600000,0,user_40,509,519,
5110,59,3500001,0,user_1,503,519,4944
5125,60,3500001,0,user_12,503,519,4944
5138,61,3500001,0,user_26,503,519,4944
4944,65,3500000,161000,user_47,502,519,
5111,66,3499999,0,user_2,503,519,4944
5317,73,3499999,0,user_8,504,519,4944
5128,67,3499999,0,user_13,503,519,4944
5133,71,3499999,0,user_18,503,519,4944
5129,69,3499999,0,user_15,503,519,4944
5130,70,3499999,0,user_15,503,519,4944
5321,72,3499999,0,user_9,504,519,4944
5117,68,3499999,0,user_6,503,519,4944
6376,77,3200000,0,user_39,508,519,
5362,82,2600000,0,user_44,504,519,
6127,88,2500000,0,user_46,507,519,
6118,86,2500000,0,user_37,507,519,
6631,85,2500000,0,user_28,509,519,
4947,87,2500000,0,user_47,502,519,
5154,91,2300000,0,user_42,503,519,
5140,96,2100000,11200,user_27,503,519,
5336,89,2000001,0,user_16,504,517,4770
5544,95,2000001,0,user_1,505,518,4770
5113,91,2000001,0,user_4,503,517,4770
5118,92,2000001,0,user_7,503,517,4770
5132,93,2000001,0,user_17,503,517,4770
5568,98,2000001,0,user_12,505,519,4770
5579,99,2000001,0,user_19,505,519,4770
5582,99,2000001,0,user_20,505,518,4770
4779,97,2000001,0,user_12,501,517,4770
5114,98,2000001,0,user_6,503,517,4770
5586,97,2000001,0,user_25,505,518,4770
5587,98,2000001,0,user_26,505,518,4770
5823,95,2000001,0,user_8,506,516,4770
6386,89,2000000,0,user_47,508,514,
6368,90,2000000,0,user_34,508,514,
5156,99,2000000,0,user_44,503,516,
4723,93,2000000,0,user_16,500,514,
4736,92,2000000,0,user_28,500,514,
4740,94,2000000,0,user_34,500,514,
4770,99,2000000,350000,user_0,501,515,
4800,98,2000000,0,user_32,501,515,
4803,96,2000000,0,user_36,501,514,
5858,97,2000000,0,user_40,506,515,
6657,95,2000000,0,user_48,509,515,
6637,96,2000000,0,user_34,509,515,
5135,93,1999999,0,user_23,503,513,4770
5570,94,1999999,0,user_13,505,513,4770
5543,95,1999999,0,user_0,505,513,4770
5580,96,1999999,0,user_19,505,513,4770
5581,97,1999999,0,user_19,505,513,4770
5116,98,1999999,0,user_6,503,513,4770
5555,99,1999999,0,user_6,505,513,4770
5585,94,1999999,0,user_25,505,511,4770
5575,95,1999999,0,user_17,505,512,4770
5584,99,1999999,0,user_24,505,512,4770
5577,96,1999999,0,user_18,505,512,4770
6124,96,1900000,0,user_43,507,510,
4734,97,1900000,0,user_24,500,510,
5869,98,1900000,0,user_47,506,510,
6374,99,1800000,0,user_39,508,510,
5366,96,1800000,0,user_47,504,509,
4731,97,1700000,0,user_23,500,509,
6110,98,1600000,0,user_33,507,509,
4808,99,1600000,0,user_43,501,509,
6645,1,43000000,0,user_40,509,519,
6125,2,43000000,0,user_44,507,519,
6372,9,27000000,0,user_37,508,519,
4931,8,27000000,0,user_33,502,519,
6107,7,27000000,0,user_28,507,519,
6914,12,19000000,0,user_44,510,519,
4726,13,19000000,0,user_19,500,519,
5594,15,6300000,0,user_31,505,519,
5349,21,6300000,0,user_29,504,519,
5360,22,6300000,0,user_43,504,519,
4737,18,6300000,0,user_29,500,519,
4806,17,6300000,0,user_37,501,519,
5153,19,6300000,0,user_42,503,519,
5347,20,6300000,5630,user_27,504,519,
5841,16,6300000,0,user_29,506,519,
6641,24,6100000,0,user_37,509,519,
6647,25,6100000,0,user_41,509,519,
5863,26,6100000,0,user_45,506,519,
4743,28,6100000,0,user_36,500,519,
5842,27,6100000,0,user_30,506,519,
5593,30,5200000,21800,user_30,505,519,
5364,34,5200000,0,user_46,504,519,
5352,33,5200000,0,user_34,504,519,
4948,31,5200000,0,user_48,502,519,
4924,32,5200000,0,user_27,502,519,
5369,40,5000000,0,user_48,504,519,
4724,38,5000000,0,user_16,500,519,
5143,39,5000000,0,user_31,503,519,
6119,46,4500000,0,user_38,507,519,
6378,47,4500000,0,user_40,508,519,
6649,43,4500000,256000,user_42,509,519,
5614,45,4500000,0,user_48,505,519,
5853,50,4200000,46500,user_37,506,519,
4757,51,4200000,0,user_49,500,519,
4949,52,4200000,0,user_49,502,519,
6644,55,3600000,0,user_40,509,519,
6634,54,3600000,256000,user_31,509,519,
4927,57,3600000,75000,user_30,502,519,
6916,56,3600000,0,user_47,510,519,
5110,59,3500001,0,user_1,503,519,4944
5125,60,3500001,0,user_12,503,519,4944
5138,61,3500001,0,user_26,503,519,4944
4944,65,3500000,161000,user_47,502,519,
6918,64,3500000,410000,user_47,510,519,
5317,73,3499999,0,user_8,504,519,4944
5321,72,3499999,0,user_9,504,519,4944
5111,66,3499999,0,user_2,503,519,4944
5129,69,3499999,0,user_15,503,519,4944
5130,70,3499999,0,user_15,503,519,4944
5128,67,3499999,0,user_13,503,519,4944
5133,71,3499999,0,user_18,503,519,4944
5117,68,3499999,0,user_6,503,519,4944
6376,77,3200000,0,user_39,508,519,
5362,82,2600000,0,user_44,504,519,
6631,85,2500000,0,user_28,509,519,
6118,86,2500000,0,user_37,507,519,
6127,88,2500000,0,user_46,507,519,
4947,87,2500000,0,user_47,502,519,
5154,91,2300000,0,user_42,503,519,
5140,96,2100000,11200,user_27,503,519,
5544,95,2000001,0,user_1,505,518,4770
5568,98,2000001,0,user_12,505,519,4770
5586,97,2000001,0,user_25,505,518,4770
5587,98,2000001,0,user_26,505,518,4770
5582,99,2000001,0,user_20,505,518,4770
5336,89,2000001,0,user_16,504,517,4770
5579,99,2000001,0,user_19,505,519,4770
4779,97,2000001,0,user_12,501,517,4770
5113,91,2000001,0,user_4,503,517,4770
5118,92,2000001,0,user_7,503,517,4770
5132,93,2000001,0,user_17,503,517,4770
5114,98,2000001,0,user_6,503,517,4770
5823,95,2000001,0,user_8,506,516,4770
6657,95,2000000,0,user_48,509,515,
6386,89,2000000,0,user_47,508,514,
6368,90,2000000,0,user_34,508,514,
6637,96,2000000,0,user_34,509,515,
4736,92,2000000,0,user_28,500,514,
4723,93,2000000,0,user_16,500,514,
4740,94,2000000,0,user_34,500,514,
4770,99,2000000,350000,user_0,501,515,
4803,96,2000000,0,user_36,501,514,
4800,98,2000000,0,user_32,501,515,
5156,99,2000000,0,user_44,503,516,
5858,97,2000000,0,user_40,506,515,
5543,95,1999999,0,user_0,505,513,4770
5570,94,1999999,0,user_13,505,513,4770
5575,95,1999999,0,user_17,505,512,4770
5584,99,1999999,0,user_24,505,512,4770
5585,94,1999999,0,user_25,505,511,4770
5577,96,1999999,0,user_18,505,512,4770
5555,99,1999999,0,user_6,505,513,4770
5580,96,1999999,0,user_19,505,513,4770
5581,97,1999999,0,user_19,505,513,4770
5135,93,1999999,0,user_23,503,513,4770
5116,98,1999999,0,user_6,503,513,4770
6124,96,1900000,0,user_43,507,510,
4734,97,1900000,0,user_24,500,510,
5869,98,1900000,0,user_47,506,510,
6374,99,1800000,0,user_39,508,510,
6645,1,43000000,0,user_40,509,519,
6125,2,43000000,0,user_44,507,519,
6107,7,27000000,0,user_28,507,519,
4931,8,27000000,0,user_33,502,519,
6372,9,27000000,0,user_37,508,519,
6914,12,19000000,0,user_44,510,519,
4726,13,19000000,0,user_19,500,519,
5594,15,6300000,0,user_31,505,519,
5841,16,6300000,0,user_29,506,519,
4806,17,6300000,0,user_37,501,519,
4737,18,6300000,0,user_29,500,519,
5153,19,6300000,0,user_42,503,519,
5347,20,6300000,5630,user_27,504,519,
5349,21,6300000,0,user_29,504,519,
5360,22,6300000,0,user_43,504,519,
6641,24,6100000,0,user_37,509,519,
6647,25,6100000,0,user_41,509,519,
5863,26,6100000,0,user_45,506,519,
5842,27,6100000,0,user_30,506,519,
4743,28,6100000,0,user_36,500,519,
5593,30,5200000,21800,user_30,505,519,
4948,31,5200000,0,user_48,502,519,
4924,32,5200000,0,user_27,502,519,
5352,33,5200000,0,user_34,504,519,
5364,34,5200000,0,user_46,504,519,
4724,38,5000000,0,user_16,500,519,
5143,39,5000000,0,user_31,503,519,
5369,40,5000000,0,user_48,504,519,
6649,43,4500000,256000,user_42,509,519,
7209,44,4500000,32900,user_45,511,519,
5614,45,4500000,0,user_48,505,519,
6119,46,4500000,0,user_38,507,519,
6378,47,4500000,0,user_40,508,519,
5853,50,4200000,46500,user_37,506,519,
4757,51,4200000,0,user_49,500,519,
4949,52,4200000,0,user_49,502,519,
6634,54,3600000,256000,user_31,509,519,
6644,55,3600000,0,user_40,509,519,
6916,56,3600000,0,user_47,510,519,
4927,57,3600000,75000,user_30,502,519,
5110,59,3500001,0,user_1,503,519,4944
5125,60,3500001,0,user_12,503,519,4944
5138,61,3500001,0,user_26,503,519,4944
6918,64,3500000,410000,user_47,510,519,
4944,65,3500000,161000,user_47,502,519,
5111,66,3499999,0,user_2,503,519,4944
5128,67,3499999,0,user_13,503,519,4944
5117,68,3499999,0,user_6,503,519,4944
5129,69,3499999,0,user_15,503,519,4944
5130,70,3499999,0,user_15,503,519,4944
5133,71,3499999,0,user_18,503,519,4944
5321,72,3499999,0,user_9,504,519,4944
5317,73,3499999,0,user_8,504,519,4944
6376,77,3200000,0,user_39,508,519,
7208,81,2600000,0,user_44,511,519,
5362,82,2600000,0,user_44,504,519,
6631,85,2500000,0,user_28,509,519,
6118,86,2500000,0,user_37,507,519,
4947,87,2500000,0,user_47,502,519,
6127,88,2500000,0,user_46,507,519,
5154,91,2300000,0,user_42,503,519,
7201,92,2300000,0,user_36,511,519,
5140,96,2100000,11200,user_27,503,519,
5568,98,2000001,0,user_12,505,519,4770
5579,99,2000001,0,user_19,505,519,4770
5582,99,2000001,0,user_20,505,518,4770
5586,97,2000001,0,user_25,505,518,4770
5587,98,2000001,0,user_26,505,518,4770
5823,95,2000001,0,user_8,506,516,4770
4779,97,2000001,0,user_12,501,517,4770
5113,91,2000001,0,user_4,503,517,4770
5114,98,2000001,0,user_6,503,517,4770
5118,92,2000001,0,user_7,503,517,4770
5132,93,2000001,0,user_17,503,517,4770
5336,89,2000001,0,user_16,504,517,4770
5544,95,2000001,0,user_1,505,518,4770
6657,95,2000000,0,user_48,509,515,
6637,96,2000000,0,user_34,509,515,
5858,97,2000000,0,user_40,506,515,
4800,98,2000000,0,user_32,501,515,
4770,99,2000000,350000,user_0,501,515,
4803,96,2000000,0,user_36,501,514,
5156,99,2000000,0,user_44,503,516,
4723,93,2000000,0,user_16,500,514,
4740,94,2000000,0,user_34,500,514,
4736,92,2000000,0,user_28,500,514,
6386,89,2000000,0,user_47,508,514,
6368,90,2000000,0,user_34,508,514,
7202,98,2000000,0,user_36,511,516,
5570,94,1999999,0,user_13,505,513,4770
5543,95,1999999,0,user_0,505,513,4770
5580,96,1999999,0,user_19,505,513,4770
5581,97,1999999,0,user_19,505,513,4770
5555,99,1999999,0,user_6,505,513,4770
5585,94,1999999,0,user_25,505,511,4770
5575,95,1999999,0,user_17,505,512,4770
5584,99,1999999,0,user_24,505,512,4770
5577,96,1999999,0,user_18,505,512,4770
5116,98,1999999,0,user_6,503,513,4770
5135,93,1999999,0,user_23,503,513,4770
6125,2,43000000,0,user_44,507,519,
6645,1,43000000,0,user_40,509,519,
6107,7,27000000,0,user_28,507,519,
6372,9,27000000,0,user_37,508,519,
4931,8,27000000,0,user_33,502,519,
4726,13,19000000,0,user_19,500,519,
6914,12,19000000,0,user_44,510,519,
5153,19,6300000,0,user_42,503,519,
4806,17,6300000,0,user_37,501,519,
4737,18,6300000,0,user_29,500,519,
5349,21,6300000,0,user_29,504,519,
5360,22,6300000,0,user_43,504,519,
5347,20,6300000,5630,user_27,504,519,
5594,15,6300000,0,user_31,505,519,
5841,16,6300000,0,user_29,506,519,
4743,28,6100000,0,user_36,500,519,
5842,27,6100000,0,user_30,506,519,
5863,26,6100000,0,user_45,506,519,
6641,24,6100000,0,user_37,509,519,
6647,25,6100000,0,user_41,509,519,
4924,32,5200000,0,user_27,502,519,
4948,31,5200000,0,user_48,502,519,
5364,34,5200000,0,user_46,504,519,
5352,33,5200000,0,user_34,504,519,
5593,30,5200000,21800,user_30,505,519,
5143,39,5000000,0,user_31,503,519,
4724,38,5000000,0,user_16,500,519,
5369,40,5000000,0,user_48,504,519,
7209,44,4500000,32900,user_45,511,519,
6119,46,4500000,0,user_38,507,519,
5614,45,4500000,0,user_48,505,519,
6378,47,4500000,0,user_40,508,519,
6649,43,4500000,256000,user_42,509,519,
7505,48,4500000,0,user_27,512,519,
4949,52,4200000,0,user_49,502,519,
4757,51,4200000,0,user_49,500,519,
5853,50,4200000,46500,user_37,506,519,
4927,57,3600000,75000,user_30,502,519,
6634,54,3600000,256000,user_31,509,519,
6644,55,3600000,0,user_40,509,519,
6916,56,3600000,0,user_47,510,519,
5125,60,3500001,0,user_12,503,519,4944
5138,61,3500001,0,user_26,503,519,4944
5110,59,3500001,0,user_1,503,519,4944
4944,65,3500000,161000,user_47,502,519,
6918,64,3500000,410000,user_47,510,519,
5128,67,3499999,0,user_13,503,519,4944
5117,68,3499999,0,user_6,503,519,4944
5129,69,3499999,0,user_15,503,519,4944
5130,70,3499999,0,user_15,503,519,4944
5133,71,3499999,0,user_18,503,519,4944
5111,66,3499999,0,user_2,503,519,4944
5317,73,3499999,0,user_8,504,519,4944
5321,72,3499999,0,user_9,504,519,4944
7517,78,3200000,0,user_44,512,519,
6376,77,3200000,0,user_39,508,519,
7208,81,2600000,0,user_44,511,519,
5362,82,2600000,0,user_44,504,519,
6127,88,2500000,0,user_46,507,519,
6118,86,2500000,0,user_37,507,519,
4947,87,2500000,0,user_47,502,519,
6631,85,2500000,0,user_28,509,519,
7201,92,2300000,0,user_36,511,519,
5154,91,2300000,0,user_42,503,519,
5140,96,2100000,11200,user_27,503,519,
5113,91,2000001,0,user_4,503,517,4770
5114,98,2000001,0,user_6,503,517,4770
5118,92,2000001,0,user_7,503,517,4770
5132,93,2000001,0,user_17,503,517,4770
4779,97,2000001,0,user_12,501,517,4770
5336,89,2000001,0,user_16,504,517,4770
5544,95,2000001,0,user_1,505,518,4770
5568,98,2000001,0,user_12,505,519,4770
5582,99,2000001,0,user_20,505,518,4770
5579,99,2000001,0,user_19,505,519,4770
5586,97,2000001,0,user_25,505,518,4770
5587,98,2000001,0,user_26,505,518,4770
5823,95,2000001,0,user_8,506,516,4770
7202,98,2000000,0,user_36,511,516,
5156,99,2000000,0,user_44,503,516,
4770,99,2000000,350000,user_0,501,515,
4803,96,2000000,0,user_36,501,514,
4736,92,2000000,0,user_28,500,514,
4723,93,2000000,0,user_16,500,514,
4740,94,2000000,0,user_34,500,514,
4800,98,2000000,0,user_32,501,515,
5858,97,2000000,0,user_40,506,515,
6368,90,2000000,0,user_34,508,514,
6386,89,2000000,0,user_47,508,514,
6637,96,2000000,0,user_34,509,515,
6657,95,2000000,0,user_48,509,515,
5116,98,1999999,0,user_6,503,513,4770
5135,93,1999999,0,user_23,503,513,4770
5543,95,1999999,0,user_0,505,513,4770
5570,94,1999999,0,user_13,505,513,4770
5575,95,1999999,0,user_17,505,512,4770
5577,96,1999999,0,user_18,505,512,4770
5580,96,1999999,0,user_19,505,513,4770
5581,97,1999999,0,user_19,505,513,4770
5584,99,1999999,0,user_24,505,512,4770
6125,2,43000000,0,user_44,507,519,
6645,1,43000000,0,user_40,509,519,
6372,9,27000000,0,user_37,508,519,
6107,7,27000000,0,user_28,507,519,
4931,8,27000000,0,user_33,502,519,
4726,13,19000000,0,user_19,500,519,
6914,12,19000000,0,user_44,510,519,
5349,21,6300000,0,user_29,504,519,
5360,22,6300000,0,user_43,504,519,
5347,20,6300000,5630,user_27,504,519,
4737,18,6300000,0,user_29,500,519,
4806,17,6300000,0,user_37,501,519,
5153,19,6300000,0,user_42,503,519,
5594,15,6300000,0,user_31,505,519,
5841,16,6300000,0,user_29,506,519,
6641,24,6100000,0,user_37,509,519,
4743,28,6100000,0,user_36,500,519,
5863,26,6100000,0,user_45,506,519,
5842,27,6100000,0,user_30,506,519,
6647,25,6100000,0,user_41,509,519,
5364,34,5200000,0,user_46,504,519,
5352,33,5200000,0,user_34,504,519,
4924,32,5200000,0,user_27,502,519,
4948,31,5200000,0,user_48,502,519,
5593,30,5200000,21800,user_30,505,519,
5369,40,5000000,0,user_48,504,519,
5143,39,5000000,0,user_31,503,519,
4724,38,5000000,0,user_16,500,519,
7505,48,4500000,0,user_27,512,519,
7209,44,4500000,32900,user_45,511,519,
6378,47,4500000,0,user_40,508,519,
6119,46,4500000,0,user_38,507,519,
5614,45,4500000,0,user_48,505,519,
6649,43,4500000,256000,user_42,509,519,
4949,52,4200000,0,user_49,502,519,
4757,51,4200000,0,user_49,500,519,
5853,50,4200000,46500,user_37,506,519,
4927,57,3600000,75000,user_30,502,519,
6644,55,3600000,0,user_40,509,519,
6634,54,3600000,256000,user_31,509,519,
6916,56,3600000,0,user_47,510,519,
5110,59,3500001,0,user_1,503,519,4944
5125,60,3500001,0,user_12,503,519,4944
5138,61,3500001,0,user_26,503,519,4944
4944,65,3500000,161000,user_47,502,519,
6918,64,3500000,410000,user_47,510,519,
5111,66,3499999,0,user_2,503,519,4944
5317,73,3499999,0,user_8,504,519,4944
5128,67,3499999,0,user_13,503,519,4944
5133,71,3499999,0,user_18,503,519,4944
5129,69,3499999,0,user_15,503,519,4944
5130,70,3499999,0,user_15,503,519,4944
5321,72,3499999,0,user_9,504,519,4944
5117,68,3499999,0,user_6,503,519,4944
7517,78,3200000,0,user_44,512,519,
6376,77,3200000,0,user_39,508,519,
7208,81,2600000,0,user_44,511,519,
5362,82,2600000,0,user_44,504,519,
7843,84,2500000,0,user_45,513,519,
6127,88,2500000,0,user_46,507,519,
6118,86,2500000,0,user_37,507,519,
6631,85,2500000,0,user_28,509,519,
4947,87,2500000,0,user_47,502,519,
7201,92,2300000,0,user_36,511,519,
5154,91,2300000,0,user_42,503,519,
5140,96,2100000,11200,user_27,503,519,
7830,93,2100000,0,user_33,513,519,
5336,89,2000001,0,user_16,504,517,4770
5544,95,2000001,0,user_1,505,518,4770
5113,91,2000001,0,user_4,503,517,4770
5118,92,2000001,0,user_7,503,517,4770
5132,93,2000001,0,user_17,503,517,4770
5568,98,2000001,0,user_12,505,519,4770
5579,99,2000001,0,user_19,505,519,4770
5582,99,2000001,0,user_20,505,518,4770
4779,97,2000001,0,user_12,501,517,4770
5114,98,2000001,0,user_6,503,517,4770
5586,97,2000001,0,user_25,505,518,4770
5587,98,2000001,0,user_26,505,518,4770
5823,95,2000001,0,user_8,506,516,4770
7202,98,2000000,0,user_36,511,516,
6386,89,2000000,0,user_47,508,514,
6368,90,2000000,0,user_34,508,514,
5156,99,2000000,0,user_44,503,516,
4723,93,2000000,0,user_16,500,514,
4736,92,2000000,0,user_28,500,514,
4740,94,2000000,0,user_34,500,514,
4770,99,2000000,350000,user_0,501,515,
4800,98,2000000,0,user_32,501,515,
4803,96,2000000,0,user_36,501,514,
5858,97,2000000,0,user_40,506,515,
6657,95,2000000,0,user_48,509,515,
6637,96,2000000,0,user_34,509,515,
5135,93,1999999,0,user_23,503,513,4770
5570,94,1999999,0,user_13,505,513,4770
5543,95,1999999,0,user_0,505,513,4770
5580,96,1999999,0,user_19,505,513,4770
5581,97,1999999,0,user_19,505,513,4770
5116,98,1999999,0,user_6,503,513,4770
5555,99,1999999,0,user_6,505,513,4770
6645,1,43000000,0,user_40,509,519,
6125,2,43000000,0,user_44,507,519,
8173,3,30000000,0,user_44,514,519,
6372,9,27000000,0,user_37,508,519,
4931,8,27000000,0,user_33,502,519,
6107,7,27000000,0,user_28,507,519,
8155,6,27000000,0,user_27,514,519,
6914,12,19000000,0,user_44,510,519,
4726,13,19000000,0,user_19,500,519,
5594,15,6300000,0,user_31,505,519,
5349,21,6300000,0,user_29,504,519,
5360,22,6300000,0,user_43,504,519,
4737,18,6300000,0,user_29,500,519,
4806,17,6300000,0,user_37,501,519,
5153,19,6300000,0,user_42,503,519,
5347,20,6300000,5630,user_27,504,519,
5841,16,6300000,0,user_29,506,519,
6641,24,6100000,0,user_37,509,519,
6647,25,6100000,0,user_41,509,519,
5863,26,6100000,0,user_45,506,519,
4743,28,6100000,0,user_36,500,519,
5842,27,6100000,0,user_30,506,519,
5593,30,5200000,21800,user_30,505,519,
5364,34,5200000,0,user_46,504,519,
5352,33,5200000,0,user_34,504,519,
4948,31,5200000,0,user_48,502,519,
4924,32,5200000,0,user_27,502,519,
7835,37,5000000,0,user_38,513,519,
5369,40,5000000,0,user_48,504,519,
4724,38,5000000,0,user_16,500,519,
5143,39,5000000,0,user_31,503,519,
8156,41,4500000,510000,user_28,514,519,
8167,42,4500000,215000,user_37,514,519,
6119,46,4500000,0,user_38,507,519,
6378,47,4500000,0,user_40,508,519,
6649,43,4500000,256000,user_42,509,519,
5614,45,4500000,0,user_48,505,519,
7209,44,4500000,32900,user_45,511,519,
7505,48,4500000,0,user_27,512,519,
5853,50,4200000,46500,user_37,506,519,
4757,51,4200000,0,user_49,500,519,
4949,52,4200000,0,user_49,502,519,
6644,55,3600000,0,user_40,509,519,
6634,54,3600000,256000,user_31,509,519,
4927,57,3600000,75000,user_30,502,519,
6916,56,3600000,0,user_47,510,519,
5110,59,3500001,0,user_1,503,519,4944
5125,60,3500001,0,user_12,503,519,4944
5138,61,3500001,0,user_26,503,519,4944
7836,63,3500000,0,user_38,513,519,
4944,65,3500000,161000,user_47,502,519,
6918,64,3500000,410000,user_47,510,519,
5317,73,3499999,0,user_8,504,519,4944
5321,72,3499999,0,user_9,504,519,4944
5111,66,3499999,0,user_2,503,519,4944
5129,69,3499999,0,user_15,503,519,4944
5130,70,3499999,0,user_15,503,519,4944
5128,67,3499999,0,user_13,503,519,4944
5133,71,3499999,0,user_18,503,519,4944
5117,68,3499999,0,user_6,503,519,4944
7828,76,3200000,0,user_31,513,519,
7837,74,3200000,0,user_38,513,519,
6376,77,3200000,0,user_39,508,519,
7517,78,3200000,0,user_44,512,519,
5362,82,2600000,0,user_44,504,519,
7208,81,2600000,0,user_44,511,519,
7843,84,2500000,0,user_45,513,519,
6631,85,2500000,0,user_28,509,519,
6118,86,2500000,0,user_37,507,519,
6127,88,2500000,0,user_46,507,519,
4947,87,2500000,0,user_47,502,519,
5154,91,2300000,0,user_42,503,519,
7201,92,2300000,0,user_36,511,519,
7830,93,2100000,0,user_33,513,519,
5140,96,2100000,11200,user_27,503,519,
5544,95,2000001,0,user_1,505,518,4770
5568,98,2000001,0,user_12,505,519,4770
5586,97,2000001,0,user_25,505,518,4770
5587,98,2000001,0,user_26,505,518,4770
5582,99,2000001,0,user_20,505,518,4770
5336,89,2000001,0,user_16,504,517,4770
5579,99,2000001,0,user_19,505,519,4770
4779,97,2000001,0,user_12,501,517,4770
5113,91,2000001,0,user_4,503,517,4770
5118,92,2000001,0,user_7,503,517,4770
5132,93,2000001,0,user_17,503,517,4770
5114,98,2000001,0,user_6,503,517,4770
5823,95,2000001,0,user_8,506,516,4770
6657,95,2000000,0,user_48,509,515,
6386,89,2000000,0,user_47,508,514,
6368,90,2000000,0,user_34,508,514,
6637,96,2000000,0,user_34,509,515,
4736,92,2000000,0,user_28,500,514,
4723,93,2000000,0,user_16,500,514,
4740,94,2000000,0,user_34,500,514,
4770,99,2000000,350000,user_0,501,515,
4803,96,2000000,0,user_36,501,514,
4800,98,2000000,0,user_32,501,515,
5156,99,2000000,0,user_44,503,516,
5858,97,2000000,0,user_40,506,515,
6645,1,43000000,0,user_40,509,519,
6125,2,43000000,0,user_44,507,519,
8173,3,30000000,0,user_44,514,519,
8155,6,27000000,0,user_27,514,519,
6107,7,27000000,0,user_28,507,519,
4931,8,27000000,0,user_33,502,519,
6372,9,27000000,0,user_37,508,519,
6914,12,19000000,0,user_44,510,519,
4726,13,19000000,0,user_19,500,519,
5594,15,6300000,0,user_31,505,519,
5841,16,6300000,0,user_29,506,519,
4806,17,6300000,0,user_37,501,519,
4737,18,6300000,0,user_29,500,519,
5153,19,6300000,0,user_42,503,519,
5347,20,6300000,5630,user_27,504,519,
5349,21,6300000,0,user_29,504,519,
5360,22,6300000,0,user_43,504,519,
6641,24,6100000,0,user_37,509,519,
6647,25,6100000,0,user_41,509,519,
5863,26,6100000,0,user_45,506,519,
5842,27,6100000,0,user_30,506,519,
4743,28,6100000,0,user_36,500,519,
5593,30,5200000,21800,user_30,505,519,
4948,31,5200000,0,user_48,502,519,
4924,32,5200000,0,user_27,502,519,
5352,33,5200000,0,user_34,504,519,
5364,34,5200000,0,user_46,504,519,
7835,37,5000000,0,user_38,513,519,
4724,38,5000000,0,user_16,500,519,
5143,39,5000000,0,user_31,503,519,
5369,40,5000000,0,user_48,504,519,
8156,41,4500000,510000,user_28,514,519,
8167,42,4500000,215000,user_37,514,519,
6649,43,4500000,256000,user_42,509,519,
7209,44,4500000,32900,user_45,511,519,
5614,45,4500000,0,user_48,505,519,
6119,46,4500000,0,user_38,507,519,
6378,47,4500000,0,user_40,508,519,
7505,48,4500000,0,user_27,512,519,
5853,50,4200000,46500,user_37,506,519,
4757,51,4200000,0,user_49,500,519,
4949,52,4200000,0,user_49,502,519,
8540,53,4200000,0,user_48,515,519,
6634,54,3600000,256000,user_31,509,519,
6644,55,3600000,0,user_40,509,519,
6916,56,3600000,0,user_47,510,519,
4927,57,3600000,75000,user_30,502,519,
5110,59,3500001,0,user_1,503,519,4944
5125,60,3500001,0,user_12,503,519,4944
5138,61,3500001,0,user_26,503,519,4944
7836,63,3500000,0,user_38,513,519,
6918,64,3500000,410000,user_47,510,519,
4944,65,3500000,161000,user_47,502,519,
5111,66,3499999,0,user_2,503,519,4944
5128,67,3499999,0,user_13,503,519,4944
5117,68,3499999,0,user_6,503,519,4944
5129,69,3499999,0,user_15,503,519,4944
5130,70,3499999,0,user_15,503,519,4944
5133,71,3499999,0,user_18,503,519,4944
5321,72,3499999,0,user_9,504,519,4944
5317,73,3499999,0,user_8,504,519,4944
7837,74,3200000,0,user_38,513,519,
8159,75,3200000,0,user_31,514,519,
7828,76,3200000,0,user_31,513,519,
6376,77,3200000,0,user_39,508,519,
7517,78,3200000,0,user_44,512,519,
7208,81,2600000,0,user_44,511,519,
5362,82,2600000,0,user_44,504,519,
7843,84,2500000,0,user_45,513,519,
6631,85,2500000,0,user_28,509,519,
6118,86,2500000,0,user_37,507,519,
4947,87,2500000,0,user_47,502,519,
6127,88,2500000,0,user_46,507,519,
8542,90,2400000,0,user_48,515,519,
5154,91,2300000,0,user_42,503,519,
7201,92,2300000,0,user_36,511,519,
7830,93,2100000,0,user_33,513,519,
8163,94,2100000,769000,user_35,514,519,
8534,95,2100000,0,user_45,515,519,
5140,96,2100000,11200,user_27,503,519,
8541,97,2100000,0,user_48,515,519,
5568,98,2000001,0,user_12,505,519,4770
5579,99,2000001,0,user_19,505,519,4770
5582,99,2000001,0,user_20,505,518,4770
5586,97,2000001,0,user_25,505,518,4770
5587,98,2000001,0,user_26,505,518,4770
5823,95,2000001,0,user_8,506,516,4770
4779,97,2000001,0,user_12,501,517,4770
5113,91,2000001,0,user_4,503,517,4770
5114,98,2000001,0,user_6,503,517,4770
5118,92,2000001,0,user_7,503,517,4770
5132,93,2000001,0,user_17,503,517,4770
5336,89,2000001,0,user_16,504,517,4770
5544,95,2000001,0,user_1,505,518,4770
8532,96,2000000,0,user_44,515,516,
6657,95,2000000,0,user_48,509,515,
6637,96,2000000,0,user_34,509,515,
5858,97,2000000,0,user_40,506,515,
4800,98,2000000,0,user_32,501,515,
4770,99,2000000,350000,user_0,501,515,
6125,2,43000000,0,user_44,507,519,
6645,1,43000000,0,user_40,509,519,
8173,3,30000000,0,user_44,514,519,
6107,7,27000000,0,user_28,507,519,
6372,9,27000000,0,user_37,508,519,
4931,8,27000000,0,user_33,502,519,
8155,6,27000000,0,user_27,514,519,
4726,13,19000000,0,user_19,500,519,
6914,12,19000000,0,user_44,510,519,
5153,19,6300000,0,user_42,503,519,
4806,17,6300000,0,user_37,501,519,
4737,18,6300000,0,user_29,500,519,
5349,21,6300000,0,user_29,504,519,
5360,22,6300000,0,user_43,504,519,
5347,20,6300000,5630,user_27,504,519,
5594,15,6300000,0,user_31,505,519,
5841,16,6300000,0,user_29,506,519,
8908,23,6300000,594000,user_34,516,519,
4743,28,6100000,0,user_36,500,519,
5842,27,6100000,0,user_30,506,519,
5863,26,6100000,0,user_45,506,519,
6641,24,6100000,0,user_37,509,519,
6647,25,6100000,0,user_41,509,519,
8917,29,6100000,0,user_42,516,519,
4924,32,5200000,0,user_27,502,519,
4948,31,5200000,0,user_48,502,519,
5364,34,5200000,0,user_46,504,519,
5352,33,5200000,0,user_34,504,519,
5593,30,5200000,21800,user_30,505,519,
5143,39,5000000,0,user_31,503,519,
4724,38,5000000,0,user_16,500,519,
5369,40,5000000,0,user_48,504,519,
7835,37,5000000,0,user_38,513,519,
7209,44,4500000,32900,user_45,511,519,
6119,46,4500000,0,user_38,507,519,
5614,45,4500000,0,user_48,505,519,
6378,47,4500000,0,user_40,508,519,
6649,43,4500000,256000,user_42,509,519,
7505,48,4500000,0,user_27,512,519,
8167,42,4500000,215000,user_37,514,519,
8156,41,4500000,510000,user_28,514,519,
8540,53,4200000,0,user_48,515,519,
4949,52,4200000,0,user_49,502,519,
4757,51,4200000,0,user_49,500,519,
5853,50,4200000,46500,user_37,506,519,
4927,57,3600000,75000,user_30,502,519,
6634,54,3600000,256000,user_31,509,519,
6644,55,3600000,0,user_40,509,519,
6916,56,3600000,0,user_47,510,519,
5125,60,3500001,0,user_12,503,519,4944
5138,61,3500001,0,user_26,503,519,4944
5110,59,3500001,0,user_1,503,519,4944
4944,65,3500000,161000,user_47,502,519,
6918,64,3500000,410000,user_47,510,519,
7836,63,3500000,0,user_38,513,519,
5128,67,3499999,0,user_13,503,519,4944
5117,68,3499999,0,user_6,503,519,4944
5129,69,3499999,0,user_15,503,519,4944
5130,70,3499999,0,user_15,503,519,4944
5133,71,3499999,0,user_18,503,519,4944
5111,66,3499999,0,user_2,503,519,4944
5317,73,3499999,0,user_8,504,519,4944
5321,72,3499999,0,user_9,504,519,4944
7517,78,3200000,0,user_44,512,519,
6376,77,3200000,0,user_39,508,519,
7828,76,3200000,0,user_31,513,519,
7837,74,3200000,0,user_38,513,519,
8159,75,3200000,0,user_31,514,519,
7208,81,2600000,0,user_44,511,519,
5362,82,2600000,0,user_44,504,519,
6127,88,2500000,0,user_46,507,519,
6118,86,2500000,0,user_37,507,519,
4947,87,2500000,0,user_47,502,519,
6631,85,2500000,0,user_28,509,519,
7843,84,2500000,0,user_45,513,519,
8542,90,2400000,0,user_48,515,519,
7201,92,2300000,0,user_36,511,519,
5154,91,2300000,0,user_42,503,519,
8163,94,2100000,769000,user_35,514,519,
8541,97,2100000,0,user_48,515,519,
8534,95,2100000,0,user_45,515,519,
5140,96,2100000,11200,user_27,503,519,
7830,93,2100000,0,user_33,513,519,
5113,91,2000001,0,user_4,503,517,4770
5114,98,2000001,0,user_6,503,517,4770
5118,92,2000001,0,user_7,503,517,4770
5132,93,2000001,0,user_17,503,517,4770
4779,97,2000001,0,user_12,501,517,4770
5336,89,2000001,0,user_16,504,517,4770
5544,95,2000001,0,user_1,505,518,4770
5568,98,2000001,0,user_12,505,519,4770
5582,99,2000001,0,user_20,505,518,4770
5579,99,2000001,0,user_19,505,519,4770
5586,97,2000001,0,user_25,505,518,4770
5587,98,2000001,0,user_26,505,518,4770
5823,95,2000001,0,user_8,506,516,4770
8532,96,2000000,0,user_44,515,516,
8520,97,2000000,0,user_29,515,516,
7202,98,2000000,0,user_36,511,516,
5156,99,2000000,0,user_44,503,516,
9304,0,43000000,410000,user_45,517,519,
6125,2,43000000,0,user_44,507,519,
6645,1,43000000,0,user_40,509,519,
8173,3,30000000,0,user_44,514,519,
9302,4,27000000,0,user_44,517,519,
9305,5,27000000,0,user_45,517,519,
6372,9,27000000,0,user_37,508,519,
6107,7,27000000,0,user_28,507,519,
4931,8,27000000,0,user_33,502,519,
8155,6,27000000,0,user_27,514,519,
4726,13,19000000,0,user_19,500,519,
6914,12,19000000,0,user_44,510,519,
8908,23,6300000,594000,user_34,516,519,
5349,21,6300000,0,user_29,504,519,
5360,22,6300000,0,user_43,504,519,
5347,20,6300000,5630,user_27,504,519,
4737,18,6300000,0,user_29,500,519,
4806,17,6300000,0,user_37,501,519,
5153,19,6300000,0,user_42,503,519,
5594,15,6300000,0,user_31,505,519,
5841,16,6300000,0,user_29,506,519,
8917,29,6100000,0,user_42,516,519,
6641,24,6100000,0,user_37,509,519,
4743,28,6100000,0,user_36,500,519,
5863,26,6100000,0,user_45,506,519,
5842,27,6100000,0,user_30,506,519,
6647,25,6100000,0,user_41,509,519,
5364,34,5200000,0,user_46,504,519,
5352,33,5200000,0,user_34,504,519,
4924,32,5200000,0,user_27,502,519,
4948,31,5200000,0,user_48,502,519,
5593,30,5200000,21800,user_30,505,519,
7835,37,5000000,0,user_38,513,519,
5369,40,5000000,0,user_48,504,519,
5143,39,5000000,0,user_31,503,519,
4724,38,5000000,0,user_16,500,519,
9288,35,5000000,0,user_33,517,519,
8156,41,4500000,510000,user_28,514,519,
8167,42,4500000,215000,user_37,514,519,
7505,48,4500000,0,user_27,512,519,
7209,44,4500000,32900,user_45,511,519,
6378,47,4500000,0,user_40,508,519,
6119,46,4500000,0,user_38,507,519,
5614,45,4500000,0,user_48,505,519,
6649,43,4500000,256000,user_42,509,519,
8540,53,4200000,0,user_48,515,519,
4949,52,4200000,0,user_49,502,519,
4757,51,4200000,0,user_49,500,519,
5853,50,4200000,46500,user_37,506,519,
4927,57,3600000,75000,user_30,502,519,
6644,55,3600000,0,user_40,509,519,
6634,54,3600000,256000,user_31,509,519,
6916,56,3600000,0,user_47,510,519,
5110,59,3500001,0,user_1,503,519,4944
5125,60,3500001,0,user_12,503,519,4944
5138,61,3500001,0,user_26,503,519,4944
7836,63,3500000,0,user_38,513,519,
4944,65,3500000,161000,user_47,502,519,
6918,64,3500000,410000,user_47,510,519,
5111,66,3499999,0,user_2,503,519,4944
5317,73,3499999,0,user_8,504,519,4944
5128,67,3499999,0,user_13,503,519,4944
5133,71,3499999,0,user_18,503,519,4944
5129,69,3499999,0,user_15,503,519,4944
5130,70,3499999,0,user_15,503,519,4944
5321,72,3499999,0,user_9,504,519,4944
5117,68,3499999,0,user_6,503,519,4944
7828,76,3200000,0,user_31,513,519,
7837,74,3200000,0,user_38,513,519,
8159,75,3200000,0,user_31,514,519,
7517,78,3200000,0,user_44,512,519,
6376,77,3200000,0,user_39,508,519,
7208,81,2600000,0,user_44,511,519,
5362,82,2600000,0,user_44,504,519,
9300,80,2600000,71800,user_41,517,519,
7843,84,2500000,0,user_45,513,519,
6127,88,2500000,0,user_46,507,519,
6118,86,2500000,0,user_37,507,519,
6631,85,2500000,0,user_28,509,519,
4947,87,2500000,0,user_47,502,519,
8542,90,2400000,0,user_48,515,519,
8905,89,2400000,0,user_31,516,519,
7201,92,2300000,0,user_36,511,519,
5154,91,2300000,0,user_42,503,519,
7830,93,2100000,0,user_33,513,519,
8163,94,2100000,769000,user_35,514,519,
8541,97,2100000,0,user_48,515,519,
8534,95,2100000,0,user_45,515,519,
5140,96,2100000,11200,user_27,503,519,
5336,89,2000001,0,user_16,504,517,4770
5544,95,2000001,0,user_1,505,518,4770
5113,91,2000001,0,user_4,503,517,4770
5118,92,2000001,0,user_7,503,517,4770
5132,93,2000001,0,user_17,503,517,4770
5568,98,2000001,0,user_12,505,519,4770
5579,99,2000001,0,user_19,505,519,4770
5582,99,2000001,0,user_20,505,518,4770
4779,97,2000001,0,user_12,501,517,4770
5114,98,2000001,0,user_6,503,517,4770
5586,97,2000001,0,user_25,505,518,4770
6645,1,43000000,0,user_40,509,519,
6125,2,43000000,0,user_44,507,519,
9304,0,43000000,410000,user_45,517,519,
8173,3,30000000,0,user_44,514,519,
6372,9,27000000,0,user_37,508,519,
4931,8,27000000,0,user_33,502,519,
6107,7,27000000,0,user_28,507,519,
8155,6,27000000,0,user_27,514,519,
9305,5,27000000,0,user_45,517,519,
9302,4,27000000,0,user_44,517,519,
9691,10,19000000,0,user_44,518,519,
6914,12,19000000,0,user_44,510,519,
4726,13,19000000,0,user_19,500,519,
9697,11,19000000,0,user_47,518,519,
5594,15,6300000,0,user_31,505,519,
5349,21,6300000,0,user_29,504,519,
5360,22,6300000,0,user_43,504,519,
4737,18,6300000,0,user_29,500,519,
4806,17,6300000,0,user_37,501,519,
5153,19,6300000,0,user_42,503,519,
5347,20,6300000,5630,user_27,504,519,
5841,16,6300000,0,user_29,506,519,
8908,23,6300000,594000,user_34,516,519,
6641,24,6100000,0,user_37,509,519,
6647,25,6100000,0,user_41,509,519,
5863,26,6100000,0,user_45,506,519,
4743,28,6100000,0,user_36,500,519,
5842,27,6100000,0,user_30,506,519,
8917,29,6100000,0,user_42,516,519,
5593,30,5200000,21800,user_30,505,519,
5364,34,5200000,0,user_46,504,519,
5352,33,5200000,0,user_34,504,519,
4948,31,5200000,0,user_48,502,519,
4924,32,5200000,0,user_27,502,519,
7835,37,5000000,0,user_38,513,519,
5369,40,5000000,0,user_48,504,519,
4724,38,5000000,0,user_16,500,519,
5143,39,5000000,0,user_31,503,519,
9288,35,5000000,0,user_33,517,519,
9676,36,5000000,0,user_29,518,519,
8156,41,4500000,510000,user_28,514,519,
8167,42,4500000,215000,user_37,514,519,
6119,46,4500000,0,user_38,507,519,
6378,47,4500000,0,user_40,508,519,
6649,43,4500000,256000,user_42,509,519,
5614,45,4500000,0,user_48,505,519,
7209,44,4500000,32900,user_45,511,519,
7505,48,4500000,0,user_27,512,519,
9693,49,4200000,0,user_44,518,519,
5853,50,4200000,46500,user_37,506,519,
4757,51,4200000,0,user_49,500,519,
4949,52,4200000,0,user_49,502,519,
8540,53,4200000,0,user_48,515,519,
6644,55,3600000,0,user_40,509,519,
6634,54,3600000,256000,user_31,509,519,
4927,57,3600000,75000,user_30,502,519,
6916,56,3600000,0,user_47,510,519,
5110,59,3500001,0,user_1,503,519,4944
5125,60,3500001,0,user_12,503,519,4944
5138,61,3500001,0,user_26,503,519,4944
7836,63,3500000,0,user_38,513,519,
4944,65,3500000,161000,user_47,502,519,
6918,64,3500000,410000,user_47,510,519,
9701,62,3500000,0,user_48,518,519,
5317,73,3499999,0,user_8,504,519,4944
5321,72,3499999,0,user_9,504,519,4944
5111,66,3499999,0,user_2,503,519,4944
5129,69,3499999,0,user_15,503,519,4944
5130,70,3499999,0,user_15,503,519,4944
5128,67,3499999,0,user_13,503,519,4944
5133,71,3499999,0,user_18,503,519,4944
5117,68,3499999,0,user_6,503,519,4944
7828,76,3200000,0,user_31,513,519,
7837,74,3200000,0,user_38,513,519,
6376,77,3200000,0,user_39,508,519,
7517,78,3200000,0,user_44,512,519,
8159,75,3200000,0,user_31,514,519,
5362,82,2600000,0,user_44,504,519,
7208,81,2600000,0,user_44,511,519,
9300,80,2600000,71800,user_41,517,519,
7843,84,2500000,0,user_45,513,519,
6631,85,2500000,0,user_28,509,519,
6118,86,2500000,0,user_37,507,519,
6127,88,2500000,0,user_46,507,519,
4947,87,2500000,0,user_47,502,519,
9681,83,2500000,0,user_34,518,519,
8542,90,2400000,0,user_48,515,519,
8905,89,2400000,0,user_31,516,519,
5154,91,2300000,0,user_42,503,519,
7201,92,2300000,0,user_36,511,519,
7830,93,2100000,0,user_33,513,519,
5140,96,2100000,11200,user_27,503,519,
8163,94,2100000,769000,user_35,514,519,
8534,95,2100000,0,user_45,515,519,
8541,97,2100000,0,user_48,515,519,
5544,95,2000001,0,user_1,505,518,4770
5568,98,2000001,0,user_12,505,519,4770
5586,97,2000001,0,user_25,505,518,4770
5587,98,2000001,0,user_26,505,518,4770
5582,99,2000001,0,user_20,505,518,4770
9304,0,43000000,410000,user_45,517,519,
6645,1,43000000,0,user_40,509,519,
6125,2,43000000,0,user_44,507,519,
8173,3,30000000,0,user_44,514,519,
9302,4,27000000,0,user_44,517,519,
9305,5,27000000,0,user_45,517,519,
8155,6,27000000,0,user_27,514,519,
6107,7,27000000,0,user_28,507,519,
4931,8,27000000,0,user_33,502,519,
6372,9,27000000,0,user_37,508,519,
9691,10,19000000,0,user_44,518,519,
9697,11,19000000,0,user_47,518,519,
6914,12,19000000,0,user_44,510,519,
4726,13,19000000,0,user_19,500,519,
10103,14,19000000,0,user_48,519,519,
5594,15,6300000,0,user_31,505,519,
5841,16,6300000,0,user_29,506,519,
4806,17,6300000,0,user_37,501,519,
4737,18,6300000,0,user_29,500,519,
5153,19,6300000,0,user_42,503,519,
5347,20,6300000,5630,user_27,504,519,
5349,21,6300000,0,user_29,504,519,
5360,22,6300000,0,user_43,504,519,
8908,23,6300000,594000,user_34,516,519,
6641,24,6100000,0,user_37,509,519,
6647,25,6100000,0,user_41,509,519,
5863,26,6100000,0,user_45,506,519,
5842,27,6100000,0,user_30,506,519,
4743,28,6100000,0,user_36,500,519,
8917,29,6100000,0,user_42,516,519,
5593,30,5200000,21800,user_30,505,519,
4948,31,5200000,0,user_48,502,519,
4924,32,5200000,0,user_27,502,519,
5352,33,5200000,0,user_34,504,519,
5364,34,5200000,0,user_46,504,519,
9288,35,5000000,0,user_33,517,519,
9676,36,5000000,0,user_29,518,519,
7835,37,5000000,0,user_38,513,519,
4724,38,5000000,0,user_16,500,519,
5143,39,5000000,0,user_31,503,519,
5369,40,5000000,0,user_48,504,519,
8156,41,4500000,510000,user_28,514,519,
8167,42,4500000,215000,user_37,514,519,
6649,43,4500000,256000,user_42,509,519,
7209,44,4500000,32900,user_45,511,519,
5614,45,4500000,0,user_48,505,519,
6119,46,4500000,0,user_38,507,519,
6378,47,4500000,0,user_40,508,519,
7505,48,4500000,0,user_27,512,519,
9693,49,4200000,0,user_44,518,519,
5853,50,4200000,46500,user_37,506,519,
4757,51,4200000,0,user_49,500,519,
4949,52,4200000,0,user_49,502,519,
8540,53,4200000,0,user_48,515,519,
6634,54,3600000,256000,user_31,509,519,
6644,55,3600000,0,user_40,509,519,
6916,56,3600000,0,user_47,510,519,
4927,57,3600000,75000,user_30,502,519,
10092,58,3600000,0,user_34,519,519,
5110,59,3500001,0,user_1,503,519,4944
5125,60,3500001,0,user_12,503,519,4944
5138,61,3500001,0,user_26,503,519,4944
9701,62,3500000,0,user_48,518,519,
7836,63,3500000,0,user_38,513,519,
6918,64,3500000,410000,user_47,510,519,
4944,65,3500000,161000,user_47,502,519,
5111,66,3499999,0,user_2,503,519,4944
5128,67,3499999,0,user_13,503,519,4944
5117,68,3499999,0,user_6,503,519,4944
5129,69,3499999,0,user_15,503,519,4944
5130,70,3499999,0,user_15,503,519,4944
5133,71,3499999,0,user_18,503,519,4944
5321,72,3499999,0,user_9,504,519,4944
5317,73,3499999,0,user_8,504,519,4944
7837,74,3200000,0,user_38,513,519,
8159,75,3200000,0,user_31,514,519,
7828,76,3200000,0,user_31,513,519,
6376,77,3200000,0,user_39,508,519,
7517,78,3200000,0,user_44,512,519,
10096,79,3200000,0,user_39,519,519,
9300,80,2600000,71800,user_41,517,519,
7208,81,2600000,0,user_44,511,519,
5362,82,2600000,0,user_44,504,519,
9681,83,2500000,0,user_34,518,519,
7843,84,2500000,0,user_45,513,519,
6631,85,2500000,0,user_28,509,519,
6118,86,2500000,0,user_37,507,519,
4947,87,2500000,0,user_47,502,519,
6127,88,2500000,0,user_46,507,519,
8905,89,2400000,0,user_31,516,519,
8542,90,2400000,0,user_48,515,519,
5154,91,2300000,0,user_42,503,519,
7201,92,2300000,0,user_36,511,519,
7830,93,2100000,0,user_33,513,519,
8163,94,2100000,769000,user_35,514,519,
8534,95,2100000,0,user_45,515,519,
5140,96,2100000,11200,user_27,503,519,
8541,97,2100000,0,user_48,515,519,
5568,98,2000001,0,user_12,505,519,4770
5579,99,2000001,0,user_19,505,519,4770
10444,2,43000000,0,user_2,520,539,
10484,6,30000000,0,user_34,520,539,
10450,54,6300000,155000,user_8,520,539,
10547,3,6299999,0,builder_18,520,520,10450
10473,63,6300001,0,user_23,520,539,10450
10476,64,6300001,0,user_23,520,539,10450
10477,65,6300001,0,user_24,520,539,10450
10478,66,6300001,0,user_25,520,539,10450
10453,71,6300000,0,user_12,520,539,
10468,70,6300000,0,user_20,520,539,
10456,72,6300000,0,user_15,520,539,
10474,79,6299999,0,user_23,520,539,10450
10475,80,6299999,0,user_23,520,539,10450
10497,88,6100000,0,user_45,520,539,
10445,98,5000000,0,user_4,520,537,
10462,99,5000000,0,user_17,520,537,
10448,98,4500000,0,user_6,520,535,
10455,99,2500000,0,user_14,520,532,
10485,92,2500000,0,user_34,520,531,
10465,94,2300000,0,user_17,520,531,
10454,99,2000000,0,user_13,520,530,
10494,94,2000000,0,user_42,520,529,
10548,22,1800001,0,builder_18,520,520,10496
10496,88,1800000,128000,user_44,520,528,
10493,94,1600000,0,user_42,520,526,
10490,92,1500000,0,user_41,520,525,
10460,96,1400000,0,user_16,520,525,
10469,90,1100000,0,user_21,520,524,
10481,92,970000,0,user_32,520,523,
10492,94,910000,0,user_42,520,523,
10461,96,870000,0,user_16,520,523,
10500,99,530000,11200,user_48,520,523,
10549,32,529999,0,builder_18,520,520,10500
10498,81,420000,67500,user_46,520,522,
10550,34,419999,0,builder_18,520,520,10498
10452,83,460000,0,user_10,520,522,
10495,84,460000,0,user_42,520,522,
10551,37,79001,0,builder_18,520,520,10480
10480,62,79000,296000,user_32,520,521,
10443,63,320000,0,user_1,520,521,
10458,64,310000,0,user_16,520,521,
10464,65,300000,0,user_17,520,521,
10491,66,300000,0,user_42,520,521,
10466,67,260000,0,user_18,520,521,
10499,69,220000,0,user_47,520,521,
10447,70,170000,0,user_5,520,521,
10488,72,170000,0,user_39,520,521,
10472,71,170000,0,user_22,520,521,
10457,75,160000,0,user_16,520,521,
10451,79,160000,0,user_9,520,521,
10463,77,160000,0,user_17,520,521,
10489,78,160000,0,user_40,520,521,
10482,76,160000,0,user_32,520,521,
10483,81,130000,0,user_32,520,521,
10459,82,120000,0,user_16,520,521,
10471,83,120000,0,user_22,520,521,
10449,88,87000,0,user_7,520,521,
10470,90,80000,0,user_21,520,521,
10487,89,80000,0,user_37,520,521,
10446,59,73000,0,user_4,520,520,
10444,2,43000000,0,user_2,520,539,
10484,6,30000000,0,user_34,520,539,
10699,2,6300001,0,builder_18,521,521,10450
10450,54,6300000,155000,user_8,520,539,
10473,63,6300001,0,user_23,520,539,10450
10476,64,6300001,0,user_23,520,539,10450
10477,65,6300001,0,user_24,520,539,10450
10478,66,6300001,0,user_25,520,539,10450
10569,61,6300001,0,user_20,521,539,10450
10572,62,6300001,0,user_25,521,539,10450
10453,71,6300000,0,user_12,520,539,
10468,70,6300000,0,user_20,520,539,
10456,72,6300000,0,user_15,520,539,
10474,79,6299999,0,user_23,520,539,10450
10475,80,6299999,0,user_23,520,539,10450
10562,78,6299999,0,user_13,521,539,10450
10497,88,6100000,0,user_45,520,539,
10445,98,5000000,0,user_4,520,537,
10462,99,5000000,0,user_17,520,537,
10448,98,4500000,0,user_6,520,535,
10575,96,3200000,0,user_27,521,533,
10455,99,2500000,0,user_14,520,532,
10485,92,2500000,0,user_34,520,531,
10465,94,2300000,0,user_17,520,531,
10586,91,2100000,0,user_41,521,530,
10454,99,2000000,0,user_13,520,530,
10494,94,2000000,0,user_42,520,529,
10496,88,1800000,128000,user_44,520,528,
10700,28,1799999,0,builder_18,521,521,10496
10565,96,1800001,0,user_16,521,528,10496
10554,97,1799999,0,user_2,521,528,10496
10558,98,1799999,0,user_10,521,528,10496
10566,89,1799999,0,user_17,521,527,10496
10493,94,1600000,0,user_42,520,526,
10579,95,1600000,0,user_33,521,526,
10490,92,1500000,0,user_41,520,525,
10701,36,1400001,0,builder_18,521,521,10580
10580,95,1400000,6390,user_34,521,525,
10460,96,1400000,0,user_16,520,525,
10577,99,1000000,381000,user_29,521,525,
10702,40,999999,0,builder_18,521,521,10577
10469,90,1100000,0,user_21,520,524,
10486,85,1000000,0,user_35,520,523,
10481,92,970000,0,user_32,520,523,
10492,94,910000,0,user_42,520,523,
10578,95,910000,0,user_32,521,523,
10461,96,870000,0,user_16,520,523,
10582,97,630000,0,user_36,521,523,
10500,99,530000,11200,user_48,520,523,
10703,49,529999,0,builder_18,521,521,10500
10563,77,530001,0,user_14,521,522,10500
10571,78,530001,0,user_24,521,522,10500
10567,79,529999,0,user_18,521,522,10500
10704,53,420001,0,builder_18,521,521,10498
10498,81,420000,67500,user_46,520,522,
10452,83,460000,0,user_10,520,522,
10495,84,460000,0,user_42,520,522,
10564,85,420001,0,user_15,521,522,10498
10573,86,420001,0,user_26,521,522,10498
10705,59,340001,0,builder_18,521,521,10589
10589,60,340000,60700,user_47,521,521,
10706,61,79001,0,builder_18,521,521,10480
10480,62,79000,296000,user_32,520,521,
10443,63,320000,0,user_1,520,521,
10458,64,310000,0,user_16,520,521,
10464,65,300000,0,user_17,520,521,
10491,66,300000,0,user_42,520,521,
10466,67,260000,0,user_18,520,521,
10504,68,240000,0,user_49,520,521,
10499,69,220000,0,user_47,520,521,
10447,70,170000,0,user_5,520,521,
10472,71,170000,0,user_22,520,521,
10488,72,170000,0,user_39,520,521,
10501,73,170000,0,user_49,520,521,
10479,74,160000,0,user_28,520,521,
10457,75,160000,0,user_16,520,521,
10482,76,160000,0,user_32,520,521,
10463,77,160000,0,user_17,520,521,
10489,78,160000,0,user_40,520,521,
10451,79,160000,0,user_9,520,521,
10505,80,150000,0,user_49,520,521,
10483,81,130000,0,user_32,520,521,
10459,82,120000,0,user_16,520,521,
10471,83,120000,0,user_22,520,521,
10502,84,120000,0,user_49,520,521,
10584,85,120000,0,user_37,521,521,
10574,86,110000,0,user_27,521,521,
10583,87,98000,0,user_36,521,521,
10449,88,87000,0,user_7,520,521,
10487,89,80000,0,user_37,520,521,
10470,90,80000,0,user_21,520,521,
10555,91,79001,0,user_3,521,521,10480
10561,92,79001,0,user_11,521,521,10480
10557,93,79001,0,user_10,521,521,10480
10552,94,78999,0,user_1,521,521,10480
10553,95,78999,0,user_2,521,521,10480
10560,96,78999,0,user_11,521,521,10480
10559,97,78999,0,user_10,521,521,10480
10570,98,78999,0,user_21,521,521,10480
10556,99,78999,0,user_9,521,521,10480
10444,2,43000000,0,user_2,520,539,
10484,6,30000000,0,user_34,520,539,
10747,28,27000000,0,user_41,522,539,
10915,3,19000001,0,builder_16,522,522,10588
10588,46,19000000,13900,user_43,521,539,
10916,5,6300001,0,builder_16,522,522,10450
10450,54,6300000,155000,user_8,520,539,
10473,63,6300001,0,user_23,520,539,10450
10476,64,6300001,0,user_23,520,539,10450
10477,65,6300001,0,user_24,520,539,10450
10478,66,6300001,0,user_25,520,539,10450
10569,61,6300001,0,user_20,521,539,10450
10572,62,6300001,0,user_25,521,539,10450
10453,71,6300000,0,user_12,520,539,
10468,70,6300000,0,user_20,520,539,
10456,72,6300000,0,user_15,520,539,
10740,73,6300000,0,user_34,522,539,
10474,79,6299999,0,user_23,520,539,10450
10475,80,6299999,0,user_23,520,539,10450
10562,78,6299999,0,user_13,521,539,10450
10725,81,6299999,0,user_18,522,539,10450
10729,82,6299999,0,user_24,522,539,10450
10497,88,6100000,0,user_45,520,539,
10917,23,5000001,0,builder_16,522,522,10585
10585,94,5000000,6390,user_38,521,537,
10445,98,5000000,0,user_4,520,537,
10462,99,5000000,0,user_17,520,537,
10748,88,5000000,0,user_41,522,536,
10742,87,5000000,0,user_36,522,536,
10448,98,4500000,0,user_6,520,535,
10576,97,4500000,0,user_28,521,535,
10575,96,3200000,0,user_27,521,533,
10455,99,2500000,0,user_14,520,532,
10485,92,2500000,0,user_34,520,531,
10465,94,2300000,0,user_17,520,531,
10586,91,2100000,0,user_41,521,530,
10454,99,2000000,0,user_13,520,530,
10494,94,2000000,0,user_42,520,529,
10737,95,2000000,0,user_32,522,529,
10496,88,1800000,128000,user_44,520,528,
10918,40,1799999,0,builder_16,522,522,10496
10565,96,1800001,0,user_16,521,528,10496
10732,95,1800001,0,user_26,522,528,10496
10554,97,1799999,0,user_2,521,528,10496
10558,98,1799999,0,user_10,521,528,10496
10566,89,1799999,0,user_17,521,527,10496
10710,99,1799999,0,user_2,522,528,10496
10493,94,1600000,0,user_42,520,526,
10579,95,1600000,0,user_33,521,526,
10754,96,1600000,0,user_46,522,526,
10490,92,1500000,0,user_41,520,525,
10739,91,1500000,0,user_32,522,525,
10919,52,1400001,0,builder_16,522,522,10580
10580,95,1400000,6390,user_34,521,525,
10460,96,1400000,0,user_16,520,525,
10577,99,1000000,381000,user_29,521,525,
10920,56,999999,0,builder_16,522,522,10577
10469,90,1100000,0,user_21,520,524,
10590,89,1100000,0,user_49,521,524,
10711,95,1000001,0,user_3,522,524,10577
10722,96,1000001,0,user_14,522,524,10577
10727,98,1000001,0,user_22,522,524,10577
10721,94,1000001,0,user_13,522,524,10577
10726,97,1000001,0,user_21,522,524,10577
10486,85,1000000,0,user_35,520,523,
10587,86,1000000,0,user_43,521,523,
10716,88,999999,0,user_9,522,523,10577
10718,87,999999,0,user_10,522,523,10577
10723,89,999999,0,user_15,522,523,10577
10481,92,970000,0,user_32,520,523,
10492,94,910000,0,user_42,520,523,
10578,95,910000,0,user_32,521,523,
10461,96,870000,0,user_16,520,523,
10582,97,630000,0,user_36,521,523,
10753,98,600000,0,user_46,522,523,
10921,75,530001,0,builder_16,522,522,10500
10500,99,530000,11200,user_48,520,523,
10563,77,530001,0,user_14,521,522,10500
10571,78,530001,0,user_24,521,522,10500
10567,79,529999,0,user_18,521,522,10500
10922,80,420001,0,builder_16,522,522,10498
10498,81,420000,67500,user_46,520,522,
10750,82,470000,0,user_45,522,522,
10452,83,460000,0,user_10,520,522,
10495,84,460000,0,user_42,520,522,
10564,85,420001,0,user_15,521,522,10498
10573,86,420001,0,user_26,521,522,10498
10730,87,420001,0,user_24,522,522,10498
10568,88,419999,0,user_19,521,522,10498
10712,89,419999,0,user_4,522,522,10498
10717,90,419999,0,user_9,522,522,10498
10708,91,419999,0,user_2,522,522,10498
10709,92,419999,0,user_2,522,522,10498
10719,93,419999,0,user_11,522,522,10498
10713,94,419999,0,user_6,522,522,10498
10724,95,419999,0,user_17,522,522,10498
10715,96,419999,0,user_7,522,522,10498
10728,97,419999,0,user_23,522,522,10498
10731,98,419999,0,user_24,522,522,10498
10923,99,340001,0,builder_16,522,522,10589
10444,2,43000000,0,user_2,520,539,
10484,6,30000000,0,user_34,520,539,
10747,28,27000000,0,user_41,522,539,
10988,29,27000000,0,user_40,523,539,
11161,4,19000001,0,builder_16,523,523,10588
10588,46,19000000,13900,user_43,521,539,
10450,54,6300000,155000,user_8,520,539,
11162,7,6299999,0,builder_16,523,523,10450
11163,8,6300001,0,builder_16,523,523,10986
10986,57,6300000,146000,user_39,523,539,
10473,63,6300001,0,user_23,520,539,10450
10476,64,6300001,0,user_23,520,539,10450
10477,65,6300001,0,user_24,520,539,10450
10478,66,6300001,0,user_25,520,539,10450
10569,61,6300001,0,user_20,521,539,10450
10572,62,6300001,0,user_25,521,539,10450
10453,71,6300000,0,user_12,520,539,
10468,70,6300000,0,user_20,520,539,
10456,72,6300000,0,user_15,520,539,
10740,73,6300000,0,user_34,522,539,
10973,74,6300000,0,user_29,523,539,
10474,79,6299999,0,user_23,520,539,10450
10475,80,6299999,0,user_23,520,539,10450
10562,78,6299999,0,user_13,521,539,10450
10725,81,6299999,0,user_18,522,539,10450
10943,83,6299999,0,user_1,523,539,10450
10729,82,6299999,0,user_24,522,539,10450
10497,88,6100000,0,user_45,520,539,
11001,89,6100000,0,user_44,523,539,
10585,94,5000000,6390,user_38,521,537,
11164,30,4999999,0,builder_16,523,523,10585
10445,98,5000000,0,user_4,520,537,
10462,99,5000000,0,user_17,520,537,
10749,96,5000000,0,user_43,522,537,
10742,87,5000000,0,user_36,522,536,
10748,88,5000000,0,user_41,522,536,
10448,98,4500000,0,user_6,520,535,
10576,97,4500000,0,user_28,521,535,
10575,96,3200000,0,user_27,521,533,
10455,99,2500000,0,user_14,520,532,
10485,92,2500000,0,user_34,520,531,
10465,94,2300000,0,user_17,520,531,
10984,95,2300000,0,user_37,523,531,
10586,91,2100000,0,user_41,521,530,
10733,93,2000000,49100,user_27,522,530,
11165,45,1999999,0,builder_16,523,523,10733
10454,99,2000000,0,user_13,520,530,
10494,94,2000000,0,user_42,520,529,
10737,95,2000000,0,user_32,522,529,
11000,95,2000000,0,user_44,523,530,
10991,96,2000000,0,user_40,523,530,
10996,97,2000000,0,user_41,523,530,
10496,88,1800000,128000,user_44,520,528,
11166,53,1799999,0,builder_16,523,523,10496
10995,90,1900000,0,user_41,523,528,
10565,96,1800001,0,user_16,521,528,10496
10732,95,1800001,0,user_26,522,528,10496
10554,97,1799999,0,user_2,521,528,10496
10558,98,1799999,0,user_10,521,528,10496
10566,89,1799999,0,user_17,521,527,10496
10710,99,1799999,0,user_2,522,528,10496
10947,92,1799999,0,user_6,523,527,10496
10493,94,1600000,0,user_42,520,526,
10579,95,1600000,0,user_33,521,526,
10754,96,1600000,0,user_46,522,526,
10490,92,1500000,0,user_41,520,525,
10739,91,1500000,0,user_32,522,525,
10994,93,1500000,0,user_41,523,525,
11167,68,1400001,0,builder_16,523,523,10580
10580,95,1400000,6390,user_34,521,525,
10460,96,1400000,0,user_16,520,525,
10577,99,1000000,381000,user_29,521,525,
11168,72,999999,0,builder_16,523,523,10577
10997,83,1300000,0,user_41,523,524,
10469,90,1100000,0,user_21,520,524,
10590,89,1100000,0,user_49,521,524,
10989,91,1100000,0,user_40,523,524,
11169,77,1000001,0,builder_16,523,523,10980
10980,93,1000000,15700,user_33,523,524,
10711,95,1000001,0,user_3,522,524,10577
10722,96,1000001,0,user_14,522,524,10577
10726,97,1000001,0,user_21,522,524,10577
10721,94,1000001,0,user_13,522,524,10577
10727,98,1000001,0,user_22,522,524,10577
10945,99,1000001,0,user_3,523,524,10577
10486,85,1000000,0,user_35,520,523,
10587,86,1000000,0,user_43,521,523,
10718,87,999999,0,user_10,522,523,10577
10716,88,999999,0,user_9,522,523,10577
10723,89,999999,0,user_15,522,523,10577
10955,90,999999,0,user_11,523,523,10577
10957,91,999999,0,user_12,523,523,10577
10481,92,970000,0,user_32,520,523,
10744,93,970000,0,user_38,522,523,
10492,94,910000,0,user_42,520,523,
10578,95,910000,0,user_32,521,523,
10461,96,870000,0,user_16,520,523,
10582,97,630000,0,user_36,521,523,
10753,98,600000,0,user_46,522,523,
10500,99,530000,11200,user_48,520,523,
10444,2,43000000,0,user_2,520,539,
10484,6,30000000,0,user_34,520,539,
10747,28,27000000,0,user_41,522,539,
10988,29,27000000,0,user_40,523,539,
11383,4,19000001,0,builder_16,524,524,10588
10588,46,19000000,13900,user_43,521,539,
11384,6,6300001,0,builder_16,524,524,10450
10450,54,6300000,155000,user_8,520,539,
10569,61,6300001,0,user_20,521,539,10450
10572,62,6300001,0,user_25,521,539,10450
10473,63,6300001,0,user_23,520,539,10450
10476,64,6300001,0,user_23,520,539,10450
10477,65,6300001,0,user_24,520,539,10450
10478,66,6300001,0,user_25,520,539,10450
11196,59,6300001,0,user_9,524,539,10986
11192,58,6300001,0,user_3,524,539,10986
11193,60,6300001,0,user_6,524,539,10450
10468,70,6300000,0,user_20,520,539,
10453,71,6300000,0,user_12,520,539,
10456,72,6300000,0,user_15,520,539,
10740,73,6300000,0,user_34,522,539,
10973,74,6300000,0,user_29,523,539,
11216,69,6300000,0,user_32,524,539,
10562,78,6299999,0,user_13,521,539,10450
10474,79,6299999,0,user_23,520,539,10450
10475,80,6299999,0,user_23,520,539,10450
10725,81,6299999,0,user_18,522,539,10450
10729,82,6299999,0,user_24,522,539,10450
10943,83,6299999,0,user_1,523,539,10450
11197,76,6299999,0,user_10,524,539,10450
11207,77,6299999,0,user_20,524,539,10450
10497,88,6100000,0,user_45,520,539,
11001,89,6100000,0,user_44,523,539,
10975,90,6100000,0,user_31,523,539,
11385,34,5000001,0,builder_16,524,524,10585
10585,94,5000000,6390,user_38,521,537,
10445,98,5000000,0,user_4,520,537,
10462,99,5000000,0,user_17,520,537,
10748,88,5000000,0,user_41,522,536,
10742,87,5000000,0,user_36,522,536,
10749,96,5000000,0,user_43,522,537,
11226,97,5000000,0,user_45,524,537,
10576,97,4500000,0,user_28,521,535,
10448,98,4500000,0,user_6,520,535,
10575,96,3200000,0,user_27,521,533,
10455,99,2500000,0,user_14,520,532,
10485,92,2500000,0,user_34,520,531,
10465,94,2300000,0,user_17,520,531,
10984,95,2300000,0,user_37,523,531,
11386,49,1200001,0,builder_16,524,524,10985
10985,98,1200000,959000,user_38,523,531,
10586,91,2100000,0,user_41,521,530,
10733,93,2000000,49100,user_27,522,530,
11387,53,1999999,0,builder_16,524,524,10733
10454,99,2000000,0,user_13,520,530,
10494,94,2000000,0,user_42,520,529,
10737,95,2000000,0,user_32,522,529,
11000,95,2000000,0,user_44,523,530,
10991,96,2000000,0,user_40,523,530,
10996,97,2000000,0,user_41,523,530,
10496,88,1800000,128000,user_44,520,528,
11388,61,1799999,0,builder_16,524,524,10496
10995,90,1900000,0,user_41,523,528,
11227,91,1600000,256000,user_46,524,528,
11389,64,1599999,0,builder_16,524,524,11227
10565,96,1800001,0,user_16,521,528,10496
10732,95,1800001,0,user_26,522,528,10496
10558,98,1799999,0,user_10,521,528,10496
10566,89,1799999,0,user_17,521,527,10496
10710,99,1799999,0,user_2,522,528,10496
10554,97,1799999,0,user_2,521,528,10496
10947,92,1799999,0,user_6,523,527,10496
10579,95,1600000,0,user_33,521,526,
10493,94,1600000,0,user_42,520,526,
10754,96,1600000,0,user_46,522,526,
10490,92,1500000,0,user_41,520,525,
10739,91,1500000,0,user_32,522,525,
10994,93,1500000,0,user_41,523,525,
11390,78,1400001,0,builder_16,524,524,10580
10580,95,1400000,6390,user_34,521,525,
10460,96,1400000,0,user_16,520,525,
11391,81,1000001,0,builder_16,524,524,10577
10577,99,1000000,381000,user_29,521,525,
10997,83,1300000,0,user_41,523,524,
11199,84,1200001,0,user_11,524,524,10985
11201,85,1200001,0,user_14,524,524,10985
11200,86,1200001,0,user_12,524,524,10985
11209,87,1199999,0,user_22,524,524,10985
11203,88,1199999,0,user_17,524,524,10985
10590,89,1100000,0,user_49,521,524,
10469,90,1100000,0,user_21,520,524,
10989,91,1100000,0,user_40,523,524,
11392,92,1000001,0,builder_16,524,524,10980
10980,93,1000000,15700,user_33,523,524,
10721,94,1000001,0,user_13,522,524,10577
10711,95,1000001,0,user_3,522,524,10577
10722,96,1000001,0,user_14,522,524,10577
10726,97,1000001,0,user_21,522,524,10577
10727,98,1000001,0,user_22,522,524,10577
10945,99,1000001,0,user_3,523,524,10577
10444,2,43000000,0,user_2,520,539,
11448,3,30000000,11200,user_33,525,539,
11638,2,29999999,0,builder_16,525,525,11448
10484,6,30000000,0,user_34,520,539,
11457,5,30000000,0,user_47,525,539,
10747,28,27000000,0,user_41,522,539,
10988,29,27000000,0,user_40,523,539,
11455,27,27000000,0,user_46,525,539,
11639,8,19000001,0,builder_16,525,525,10588
10588,46,19000000,13900,user_43,521,539,
10450,54,6300000,155000,user_8,520,539,
11640,11,6299999,0,builder_16,525,525,10450
11641,12,6300001,0,builder_16,525,525,10986
10986,57,6300000,146000,user_39,523,539,
10572,62,6300001,0,user_25,521,539,10450
10569,61,6300001,0,user_20,521,539,10450
10473,63,6300001,0,user_23,520,539,10450
10476,64,6300001,0,user_23,520,539,10450
10478,66,6300001,0,user_25,520,539,10450
10477,65,6300001,0,user_24,520,539,10450
11192,58,6300001,0,user_3,524,539,10986
11196,59,6300001,0,user_9,524,539,10986
11193,60,6300001,0,user_6,524,539,10450
10740,73,6300000,0,user_34,522,539,
10468,70,6300000,0,user_20,520,539,
10453,71,6300000,0,user_12,520,539,
10456,72,6300000,0,user_15,520,539,
10973,74,6300000,0,user_29,523,539,
11216,69,6300000,0,user_32,524,539,
10725,81,6299999,0,user_18,522,539,10450
10729,82,6299999,0,user_24,522,539,10450
10943,83,6299999,0,user_1,523,539,10450
10562,78,6299999,0,user_13,521,539,10450
10474,79,6299999,0,user_23,520,539,10450
10475,80,6299999,0,user_23,520,539,10450
11197,76,6299999,0,user_10,524,539,10450
11207,77,6299999,0,user_20,524,539,10450
11001,89,6100000,0,user_44,523,539,
10497,88,6100000,0,user_45,520,539,
10975,90,6100000,0,user_31,523,539,
11642,40,5000001,0,builder_16,525,525,10585
10585,94,5000000,6390,user_38,521,537,
10742,87,5000000,0,user_36,522,536,
10748,88,5000000,0,user_41,522,536,
10749,96,5000000,0,user_43,522,537,
10445,98,5000000,0,user_4,520,537,
10462,99,5000000,0,user_17,520,537,
11226,97,5000000,0,user_45,524,537,
11456,96,4500000,121000,user_46,525,536,
11643,49,4499999,0,builder_16,525,525,11456
10448,98,4500000,0,user_6,520,535,
10576,97,4500000,0,user_28,521,535,
11213,96,4200000,0,user_31,524,534,
10575,96,3200000,0,user_27,521,533,
10455,99,2500000,0,user_14,520,532,
10485,92,2500000,0,user_34,520,531,
11454,98,2500000,0,user_40,525,532,
10984,95,2300000,0,user_37,523,531,
10465,94,2300000,0,user_17,520,531,
11644,59,1200001,0,builder_16,525,525,10985
10985,98,1200000,959000,user_38,523,531,
10586,91,2100000,0,user_41,521,530,
11645,62,2000001,0,builder_16,525,525,10733
10733,93,2000000,49100,user_27,522,530,
10737,95,2000000,0,user_32,522,529,
11000,95,2000000,0,user_44,523,530,
10454,99,2000000,0,user_13,520,530,
10494,94,2000000,0,user_42,520,529,
10991,96,2000000,0,user_40,523,530,
10996,97,2000000,0,user_41,523,530,
11214,98,2000000,0,user_31,524,530,
10496,88,1800000,128000,user_44,520,528,
11646,72,1799999,0,builder_16,525,525,10496
10995,90,1900000,0,user_41,523,528,
11227,91,1600000,256000,user_46,524,528,
11647,75,1599999,0,builder_16,525,525,11227
10732,95,1800001,0,user_26,522,528,10496
10565,96,1800001,0,user_16,521,528,10496
10554,97,1799999,0,user_2,521,528,10496
10558,98,1799999,0,user_10,521,528,10496
10710,99,1799999,0,user_2,522,528,10496
10566,89,1799999,0,user_17,521,527,10496
10947,92,1799999,0,user_6,523,527,10496
11450,93,1600000,39400,user_36,525,527,
11648,84,1599999,0,builder_16,525,525,11450
11430,96,1600001,0,user_15,525,527,11227
11431,95,1600001,0,user_18,525,527,11227
10754,96,1600000,0,user_46,522,526,
10579,95,1600000,0,user_33,521,526,
10493,94,1600000,0,user_42,520,526,
11437,98,1599999,0,user_21,525,526,11227
10739,91,1500000,0,user_32,522,525,
10490,92,1500000,0,user_41,520,525,
10994,93,1500000,0,user_41,523,525,
11649,94,1400001,0,builder_16,525,525,10580
10580,95,1400000,6390,user_34,521,525,
10460,96,1400000,0,user_16,520,525,
11212,97,1400000,0,user_27,524,525,
11650,98,1000001,0,builder_16,525,525,10577
10577,99,1000000,381000,user_29,521,525,
10444,2,43000000,0,user_2,520,539,
11448,3,30000000,11200,user_33,525,539,
11895,2,29999999,0,builder_16,526,526,11448
10484,6,30000000,0,user_34,520,539,
11457,5,30000000,0,user_47,525,539,
11715,7,30000000,0,user_46,526,539,
10988,29,27000000,0,user_40,523,539,
10747,28,27000000,0,user_41,522,539,
11455,27,27000000,0,user_46,525,539,
11710,30,27000000,0,user_42,526,539,
10588,46,19000000,13900,user_43,521,539,
11896,11,18999999,0,builder_16,526,526,10588
11897,12,6300001,0,builder_16,526,526,10450
10450,54,6300000,155000,user_8,520,539,
11898,14,6300001,0,builder_16,526,526,10986
10986,57,6300000,146000,user_39,523,539,
10473,63,6300001,0,user_23,520,539,10450
10476,64,6300001,0,user_23,520,539,10450
10477,65,6300001,0,user_24,520,539,10450
10478,66,6300001,0,user_25,520,539,10450
10569,61,6300001,0,user_20,521,539,10450
10572,62,6300001,0,user_25,521,539,10450
11192,58,6300001,0,user_3,524,539,10986
11193,60,6300001,0,user_6,524,539,10450
11196,59,6300001,0,user_9,524,539,10986
10973,74,6300000,0,user_29,523,539,
10453,71,6300000,0,user_12,520,539,
10468,70,6300000,0,user_20,520,539,
10456,72,6300000,0,user_15,520,539,
10740,73,6300000,0,user_34,522,539,
11216,69,6300000,0,user_32,524,539,
10943,83,6299999,0,user_1,523,539,10450
11197,76,6299999,0,user_10,524,539,10450
11207,77,6299999,0,user_20,524,539,10450
10474,79,6299999,0,user_23,520,539,10450
10475,80,6299999,0,user_23,520,539,10450
10562,78,6299999,0,user_13,521,539,10450
10725,81,6299999,0,user_18,522,539,10450
10729,82,6299999,0,user_24,522,539,10450
11001,89,6100000,0,user_44,523,539,
10975,90,6100000,0,user_31,523,539,
10497,88,6100000,0,user_45,520,539,
10585,94,5000000,6390,user_38,521,537,
11899,43,4999999,0,builder_16,526,526,10585
10749,96,5000000,0,user_43,522,537,
11226,97,5000000,0,user_45,524,537,
10445,98,5000000,0,user_4,520,537,
10462,99,5000000,0,user_17,520,537,
10742,87,5000000,0,user_36,522,536,
10748,88,5000000,0,user_41,522,536,
11709,86,5000000,0,user_40,526,536,
11900,51,4500001,0,builder_16,526,526,11456
11456,96,4500000,121000,user_46,525,536,
10448,98,4500000,0,user_6,520,535,
10576,97,4500000,0,user_28,521,535,
11446,96,4500000,0,user_31,525,535,
11213,96,4200000,0,user_31,524,534,
10575,96,3200000,0,user_27,521,533,
11716,93,2600000,0,user_47,526,532,
10455,99,2500000,0,user_14,520,532,
10485,92,2500000,0,user_34,520,531,
11454,98,2500000,0,user_40,525,532,
10984,95,2300000,0,user_37,523,531,
10465,94,2300000,0,user_17,520,531,
10985,98,1200000,959000,user_38,523,531,
11901,65,1199999,0,builder_16,526,526,10985
10586,91,2100000,0,user_41,521,530,
10733,93,2000000,49100,user_27,522,530,
11902,68,1999999,0,builder_16,526,526,10733
11000,95,2000000,0,user_44,523,530,
10991,96,2000000,0,user_40,523,530,
10996,97,2000000,0,user_41,523,530,
10454,99,2000000,0,user_13,520,530,
10494,94,2000000,0,user_42,520,529,
10737,95,2000000,0,user_32,522,529,
11214,98,2000000,0,user_31,524,530,
11903,76,1800001,0,builder_16,526,526,10496
10496,88,1800000,128000,user_44,520,528,
10995,90,1900000,0,user_41,523,528,
11227,91,1600000,256000,user_46,524,528,
11904,80,1599999,0,builder_16,526,526,11227
10565,96,1800001,0,user_16,521,528,10496
10732,95,1800001,0,user_26,522,528,10496
10947,92,1799999,0,user_6,523,527,10496
10554,97,1799999,0,user_2,521,528,10496
10558,98,1799999,0,user_10,521,528,10496
10566,89,1799999,0,user_17,521,527,10496
10710,99,1799999,0,user_2,522,528,10496
11905,88,1600001,0,builder_16,526,526,11450
11450,93,1600000,39400,user_36,525,527,
11430,96,1600001,0,user_15,525,527,11227
11431,95,1600001,0,user_18,525,527,11227
11679,97,1600001,0,user_1,526,527,11227
11688,98,1600001,0,user_11,526,527,11227
10493,94,1600000,0,user_42,520,526,
10579,95,1600000,0,user_33,521,526,
10754,96,1600000,0,user_46,522,526,
11704,97,1600000,0,user_29,526,526,
11437,98,1599999,0,user_21,525,526,11227
11433,99,1599999,0,user_19,525,526,11227
10444,2,43000000,0,user_2,520,539,
11448,3,30000000,11200,user_33,525,539,
12166,2,29999999,0,builder_18,527,527,11448
11457,5,30000000,0,user_47,525,539,
10484,6,30000000,0,user_34,520,539,
11715,7,30000000,0,user_46,526,539,
11969,8,30000000,0,user_45,527,539,
11455,27,27000000,0,user_46,525,539,
10747,28,27000000,0,user_41,522,539,
10988,29,27000000,0,user_40,523,539,
11710,30,27000000,0,user_42,526,539,
10588,46,19000000,13900,user_43,521,539,
12167,12,18999999,0,builder_18,527,527,10588
12168,13,6300001,0,builder_18,527,527,10450
10450,54,6300000,155000,user_8,520,539,
12169,15,6300001,0,builder_18,527,527,10986
10986,57,6300000,146000,user_39,523,539,
11192,58,6300001,0,user_3,524,539,10986
11196,59,6300001,0,user_9,524,539,10986
11193,60,6300001,0,user_6,524,539,10450
10569,61,6300001,0,user_20,521,539,10450
10572,62,6300001,0,user_25,521,539,10450
10473,63,6300001,0,user_23,520,539,10450
10476,64,6300001,0,user_23,520,539,10450
10477,65,6300001,0,user_24,520,539,10450
10478,66,6300001,0,user_25,520,539,10450
11216,69,6300000,0,user_32,524,539,
10468,70,6300000,0,user_20,520,539,
10453,71,6300000,0,user_12,520,539,
10456,72,6300000,0,user_15,520,539,
10740,73,6300000,0,user_34,522,539,
10973,74,6300000,0,user_29,523,539,
11197,76,6299999,0,user_10,524,539,10450
11207,77,6299999,0,user_20,524,539,10450
10562,78,6299999,0,user_13,521,539,10450
10474,79,6299999,0,user_23,520,539,10450
10475,80,6299999,0,user_23,520,539,10450
10725,81,6299999,0,user_18,522,539,10450
10729,82,6299999,0,user_24,522,539,10450
10943,83,6299999,0,user_1,523,539,10450
10497,88,6100000,0,user_45,520,539,
11001,89,6100000,0,user_44,523,539,
10975,90,6100000,0,user_31,523,539,
12170,43,5000001,0,builder_18,527,527,10585
10585,94,5000000,6390,user_38,521,537,
11226,97,5000000,0,user_45,524,537,
10445,98,5000000,0,user_4,520,537,
10462,99,5000000,0,user_17,520,537,
10748,88,5000000,0,user_41,522,536,
10742,87,5000000,0,user_36,522,536,
10749,96,5000000,0,user_43,522,537,
11709,86,5000000,0,user_40,526,536,
11456,96,4500000,121000,user_46,525,536,
12171,53,4499999,0,builder_18,527,527,11456
11446,96,4500000,0,user_31,525,535,
10576,97,4500000,0,user_28,521,535,
10448,98,4500000,0,user_6,520,535,
11213,96,4200000,0,user_31,524,534,
10575,96,3200000,0,user_27,521,533,
11959,95,3200000,0,user_36,527,533,
11716,93,2600000,0,user_47,526,532,
11954,99,2600000,0,user_33,527,533,
11454,98,2500000,0,user_40,525,532,
10455,99,2500000,0,user_14,520,532,
10485,92,2500000,0,user_34,520,531,
10465,94,2300000,0,user_17,520,531,
10984,95,2300000,0,user_37,523,531,
10985,98,1200000,959000,user_38,523,531,
12172,68,1199999,0,builder_18,527,527,10985
10586,91,2100000,0,user_41,521,530,
12173,70,2000001,0,builder_18,527,527,10733
10733,93,2000000,49100,user_27,522,530,
11214,98,2000000,0,user_31,524,530,
10454,99,2000000,0,user_13,520,530,
10494,94,2000000,0,user_42,520,529,
10737,95,2000000,0,user_32,522,529,
11000,95,2000000,0,user_44,523,530,
10991,96,2000000,0,user_40,523,530,
10996,97,2000000,0,user_41,523,530,
12174,79,1800001,0,builder_18,527,527,10496
10496,88,1800000,128000,user_44,520,528,
10995,90,1900000,0,user_41,523,528,
12175,82,1600001,0,builder_18,527,527,11227
11227,91,1600000,256000,user_46,524,528,
12176,84,1300001,0,builder_18,527,527,11955
11955,94,1300000,510000,user_34,527,528,
10565,96,1800001,0,user_16,521,528,10496
10732,95,1800001,0,user_26,522,528,10496
10558,98,1799999,0,user_10,521,528,10496
10566,89,1799999,0,user_17,521,527,10496
10710,99,1799999,0,user_2,522,528,10496
10554,97,1799999,0,user_2,521,528,10496
10947,92,1799999,0,user_6,523,527,10496
11450,93,1600000,39400,user_36,525,527,
12177,94,1599999,0,builder_18,527,527,11450
11431,95,1600001,0,user_18,525,527,11227
11430,96,1600001,0,user_15,525,527,11227
11679,97,1600001,0,user_1,526,527,11227
11688,98,1600001,0,user_11,526,527,11227
11930,99,1600001,0,user_4,527,527,11227
10444,2,43000000,0,user_2,520,539,
11448,3,30000000,11200,user_33,525,539,
12451,2,29999999,0,builder_18,528,528,11448
11457,5,30000000,0,user_47,525,539,
11715,7,30000000,0,user_46,526,539,
11969,8,30000000,0,user_45,527,539,
10484,6,30000000,0,user_34,520,539,
12221,12,27000000,779000,user_37,528,539,
12452,8,26999999,0,builder_18,528,528,12221
11455,27,27000000,0,user_46,525,539,
11710,30,27000000,0,user_42,526,539,
10747,28,27000000,0,user_41,522,539,
10988,29,27000000,0,user_40,523,539,
10588,46,19000000,13900,user_43,521,539,
12453,14,18999999,0,builder_18,528,528,10588
11960,50,19000000,0,user_38,527,539,
12454,16,6300001,0,builder_18,528,528,10450
10450,54,6300000,155000,user_8,520,539,
10986,57,6300000,146000,user_39,523,539,
12455,19,6299999,0,builder_18,528,528,10986
10572,62,6300001,0,user_25,521,539,10450
10569,61,6300001,0,user_20,521,539,10450
10473,63,6300001,0,user_23,520,539,10450
10476,64,6300001,0,user_23,520,539,10450
10478,66,6300001,0,user_25,520,539,10450
10477,65,6300001,0,user_24,520,539,10450
11192,58,6300001,0,user_3,524,539,10986
11196,59,6300001,0,user_9,524,539,10986
11193,60,6300001,0,user_6,524,539,10450
10740,73,6300000,0,user_34,522,539,
10468,70,6300000,0,user_20,520,539,
10453,71,6300000,0,user_12,520,539,
10456,72,6300000,0,user_15,520,539,
10973,74,6300000,0,user_29,523,539,
11216,69,6300000,0,user_32,524,539,
10725,81,6299999,0,user_18,522,539,10450
10729,82,6299999,0,user_24,522,539,10450
10943,83,6299999,0,user_1,523,539,10450
10562,78,6299999,0,user_13,521,539,10450
10474,79,6299999,0,user_23,520,539,10450
10475,80,6299999,0,user_23,520,539,10450
11197,76,6299999,0,user_10,524,539,10450
11207,77,6299999,0,user_20,524,539,10450
11001,89,6100000,0,user_44,523,539,
10497,88,6100000,0,user_45,520,539,
10975,90,6100000,0,user_31,523,539,
10585,94,5000000,6390,user_38,521,537,
12456,47,4999999,0,builder_18,528,528,10585
11709,86,5000000,0,user_40,526,536,
10742,87,5000000,0,user_36,522,536,
10748,88,5000000,0,user_41,522,536,
10749,96,5000000,0,user_43,522,537,
10445,98,5000000,0,user_4,520,537,
10462,99,5000000,0,user_17,520,537,
11226,97,5000000,0,user_45,524,537,
11456,96,4500000,121000,user_46,525,536,
12457,56,4499999,0,builder_18,528,528,11456
11446,96,4500000,0,user_31,525,535,
10448,98,4500000,0,user_6,520,535,
10576,97,4500000,0,user_28,521,535,
11213,96,4200000,0,user_31,524,534,
12220,94,4200000,0,user_37,528,534,
12215,95,4200000,0,user_30,528,534,
11949,94,3500000,0,user_28,527,533,
10575,96,3200000,0,user_27,521,533,
11959,95,3200000,0,user_36,527,533,
11716,93,2600000,0,user_47,526,532,
11954,99,2600000,0,user_33,527,533,
11454,98,2500000,0,user_40,525,532,
10455,99,2500000,0,user_14,520,532,
10485,92,2500000,0,user_34,520,531,
10984,95,2300000,0,user_37,523,531,
10465,94,2300000,0,user_17,520,531,
12226,96,2300000,0,user_48,528,531,
12458,74,1200001,0,builder_18,528,528,10985
10985,98,1200000,959000,user_38,523,531,
12459,76,2100001,0,builder_18,528,528,11967
11967,99,2100000,33300,user_43,527,531,
10586,91,2100000,0,user_41,521,530,
10733,93,2000000,49100,user_27,522,530,
12460,80,1999999,0,builder_18,528,528,10733
10737,95,2000000,0,user_32,522,529,
11000,95,2000000,0,user_44,523,530,
10454,99,2000000,0,user_13,520,530,
10494,94,2000000,0,user_42,520,529,
10991,96,2000000,0,user_40,523,530,
10996,97,2000000,0,user_41,523,530,
11214,98,2000000,0,user_31,524,530,
10496,88,1800000,128000,user_44,520,528,
12461,89,1799999,0,builder_18,528,528,10496
10995,90,1900000,0,user_41,523,528,
11227,91,1600000,256000,user_46,524,528,
12462,92,1599999,0,builder_18,528,528,11227
12463,93,1300001,0,builder_18,528,528,11955
11955,94,1300000,510000,user_34,527,528,
10732,95,1800001,0,user_26,522,528,10496
10565,96,1800001,0,user_16,521,528,10496
10554,97,1799999,0,user_2,521,528,10496
10558,98,1799999,0,user_10,521,528,10496
10710,99,1799999,0,user_2,522,528,10496
10444,2,43000000,0,user_2,520,539,
11448,3,30000000,11200,user_33,525,539,
12768,2,29999999,0,builder_18,529,529,11448
11969,8,30000000,0,user_45,527,539,
10484,6,30000000,0,user_34,520,539,
11457,5,30000000,0,user_47,525,539,
11715,7,30000000,0,user_46,526,539,
12769,7,27000001,0,builder_18,529,529,12221
12221,12,27000000,779000,user_37,528,539,
12494,18,27000001,0,user_20,529,539,12221
10988,29,27000000,0,user_40,523,539,
10747,28,27000000,0,user_41,522,539,
11455,27,27000000,0,user_46,525,539,
11710,30,27000000,0,user_42,526,539,
12482,35,26999999,0,user_11,529,539,12221
12770,15,19000001,0,builder_18,529,529,10588
10588,46,19000000,13900,user_43,521,539,
11960,50,19000000,0,user_38,527,539,
12771,18,6300001,0,builder_18,529,529,10450
10450,54,6300000,155000,user_8,520,539,
12772,20,6300001,0,builder_18,529,529,10986
10986,57,6300000,146000,user_39,523,539,
10473,63,6300001,0,user_23,520,539,10450
10476,64,6300001,0,user_23,520,539,10450
10477,65,6300001,0,user_24,520,539,10450
10478,66,6300001,0,user_25,520,539,10450
10569,61,6300001,0,user_20,521,539,10450
10572,62,6300001,0,user_25,521,539,10450
11192,58,6300001,0,user_3,524,539,10986
11193,60,6300001,0,user_6,524,539,10450
11196,59,6300001,0,user_9,524,539,10986
10973,74,6300000,0,user_29,523,539,
10453,71,6300000,0,user_12,520,539,
10468,70,6300000,0,user_20,520,539,
10456,72,6300000,0,user_15,520,539,
10740,73,6300000,0,user_34,522,539,
11216,69,6300000,0,user_32,524,539,
10943,83,6299999,0,user_1,523,539,10450
11197,76,6299999,0,user_10,524,539,10450
11207,77,6299999,0,user_20,524,539,10450
10474,79,6299999,0,user_23,520,539,10450
10475,80,6299999,0,user_23,520,539,10450
10562,78,6299999,0,user_13,521,539,10450
10725,81,6299999,0,user_18,522,539,10450
10729,82,6299999,0,user_24,522,539,10450
12227,87,6100000,8520,user_49,528,539,
12773,46,6099999,0,builder_18,529,529,12227
11001,89,6100000,0,user_44,523,539,
10975,90,6100000,0,user_31,523,539,
10497,88,6100000,0,user_45,520,539,
12774,50,5000001,0,builder_18,529,529,10585
10585,94,5000000,6390,user_38,521,537,
10749,96,5000000,0,user_43,522,537,
11226,97,5000000,0,user_45,524,537,
10445,98,5000000,0,user_4,520,537,
10462,99,5000000,0,user_17,520,537,
10742,87,5000000,0,user_36,522,536,
10748,88,5000000,0,user_41,522,536,
11709,86,5000000,0,user_40,526,536,
11456,96,4500000,121000,user_46,525,536,
12775,60,4499999,0,builder_18,529,529,11456
10448,98,4500000,0,user_6,520,535,
10576,97,4500000,0,user_28,521,535,
11446,96,4500000,0,user_31,525,535,
12220,94,4200000,0,user_37,528,534,
11213,96,4200000,0,user_31,524,534,
12215,95,4200000,0,user_30,528,534,
12521,97,4200000,0,user_47,529,534,
12510,93,3500000,31700,user_39,529,533,
12776,69,3499999,0,builder_18,529,529,12510
11949,94,3500000,0,user_28,527,533,
11959,95,3200000,0,user_36,527,533,
10575,96,3200000,0,user_27,521,533,
11954,99,2600000,0,user_33,527,533,
11716,93,2600000,0,user_47,526,532,
12518,97,1800000,769000,user_44,529,532,
12777,76,1799999,0,builder_18,529,529,12518
10455,99,2500000,0,user_14,520,532,
10485,92,2500000,0,user_34,520,531,
11454,98,2500000,0,user_40,525,532,
10984,95,2300000,0,user_37,523,531,
10465,94,2300000,0,user_17,520,531,
12226,96,2300000,0,user_48,528,531,
10985,98,1200000,959000,user_38,523,531,
12778,84,1199999,0,builder_18,529,529,10985
11967,99,2100000,33300,user_43,527,531,
12779,86,2099999,0,builder_18,529,529,11967
10586,91,2100000,0,user_41,521,530,
10733,93,2000000,49100,user_27,522,530,
12780,89,1999999,0,builder_18,529,529,10733
11000,95,2000000,0,user_44,523,530,
10991,96,2000000,0,user_40,523,530,
10996,97,2000000,0,user_41,523,530,
10454,99,2000000,0,user_13,520,530,
10494,94,2000000,0,user_42,520,529,
10737,95,2000000,0,user_32,522,529,
11214,98,2000000,0,user_31,524,530,
12509,94,2000000,0,user_37,529,530,
12514,98,2000000,0,user_42,529,529,
12781,99,1800001,0,builder_18,529,529,10496
10444,2,43000000,0,user_2,520,539,
11448,3,30000000,11200,user_33,525,539,
13062,2,29999999,0,builder_18,530,530,11448
11969,8,30000000,0,user_45,527,539,
10484,6,30000000,0,user_34,520,539,
11457,5,30000000,0,user_47,525,539,
11715,7,30000000,0,user_46,526,539,
12221,12,27000000,779000,user_37,528,539,
13063,8,26999999,0,builder_18,530,530,12221
12494,18,27000001,0,user_20,529,539,12221
12783,20,27000001,0,user_0,530,539,12221
12796,19,27000001,0,user_11,530,539,12221
10988,29,27000000,0,user_40,523,539,
10747,28,27000000,0,user_41,522,539,
11455,27,27000000,0,user_46,525,539,
11710,30,27000000,0,user_42,526,539,
12482,35,26999999,0,user_11,529,539,12221
12785,36,26999999,0,user_0,530,539,12221
13064,18,19000001,0,builder_18,530,530,10588
10588,46,19000000,13900,user_43,521,539,
11960,50,19000000,0,user_38,527,539,
12830,49,19000000,0,user_45,530,539,
10450,54,6300000,155000,user_8,520,539,
13065,23,6299999,0,builder_18,530,530,10450
10986,57,6300000,146000,user_39,523,539,
13066,25,6299999,0,builder_18,530,530,10986
11192,58,6300001,0,user_3,524,539,10986
11193,60,6300001,0,user_6,524,539,10450
10473,63,6300001,0,user_23,520,539,10450
10476,64,6300001,0,user_23,520,539,10450
10477,65,6300001,0,user_24,520,539,10450
10572,62,6300001,0,user_25,521,539,10450
10569,61,6300001,0,user_20,521,539,10450
11196,59,6300001,0,user_9,524,539,10986
10478,66,6300001,0,user_25,520,539,10450
10973,74,6300000,0,user_29,523,539,
11216,69,6300000,0,user_32,524,539,
10453,71,6300000,0,user_12,520,539,
10456,72,6300000,0,user_15,520,539,
10468,70,6300000,0,user_20,520,539,
10740,73,6300000,0,user_34,522,539,
11207,77,6299999,0,user_20,524,539,10450
11197,76,6299999,0,user_10,524,539,10450
10474,79,6299999,0,user_23,520,539,10450
10475,80,6299999,0,user_23,520,539,10450
10562,78,6299999,0,user_13,521,539,10450
10725,81,6299999,0,user_18,522,539,10450
10729,82,6299999,0,user_24,522,539,10450
10943,83,6299999,0,user_1,523,539,10450
13067,49,6100001,0,builder_18,530,530,12227
12227,87,6100000,8520,user_49,528,539,
10975,90,6100000,0,user_31,523,539,
11001,89,6100000,0,user_44,523,539,
10497,88,6100000,0,user_45,520,539,
13068,54,5000001,0,builder_18,530,530,10585
10585,94,5000000,6390,user_38,521,537,
11226,97,5000000,0,user_45,524,537,
10462,99,5000000,0,user_17,520,537,
10749,96,5000000,0,user_43,522,537,
10445,98,5000000,0,user_4,520,537,
10742,87,5000000,0,user_36,522,536,
10748,88,5000000,0,user_41,522,536,
11709,86,5000000,0,user_40,526,536,
11456,96,4500000,121000,user_46,525,536,
13069,64,4499999,0,builder_18,530,530,11456
10448,98,4500000,0,user_6,520,535,
10576,97,4500000,0,user_28,521,535,
11446,96,4500000,0,user_31,525,535,
12220,94,4200000,0,user_37,528,534,
12215,95,4200000,0,user_30,528,534,
11213,96,4200000,0,user_31,524,534,
12521,97,4200000,0,user_47,529,534,
13070,72,3500001,0,builder_18,530,530,12510
12510,93,3500000,31700,user_39,529,533,
11949,94,3500000,0,user_28,527,533,
11959,95,3200000,0,user_36,527,533,
10575,96,3200000,0,user_27,521,533,
11954,99,2600000,0,user_33,527,533,
11716,93,2600000,0,user_47,526,532,
12518,97,1800000,769000,user_44,529,532,
13071,80,1799999,0,builder_18,530,530,12518
10455,99,2500000,0,user_14,520,532,
10485,92,2500000,0,user_34,520,531,
11454,98,2500000,0,user_40,525,532,
12226,96,2300000,0,user_48,528,531,
10984,95,2300000,0,user_37,523,531,
10465,94,2300000,0,user_17,520,531,
10985,98,1200000,959000,user_38,523,531,
13072,88,1199999,0,builder_18,530,530,10985
11967,99,2100000,33300,user_43,527,531,
13073,90,2099999,0,builder_18,530,530,11967
10586,91,2100000,0,user_41,521,530,
13074,92,2000001,0,builder_18,530,530,10733
10733,93,2000000,49100,user_27,522,530,
12509,94,2000000,0,user_37,529,530,
11000,95,2000000,0,user_44,523,530,
10991,96,2000000,0,user_40,523,530,
10996,97,2000000,0,user_41,523,530,
11214,98,2000000,0,user_31,524,530,
10454,99,2000000,0,user_13,520,530,
10444,2,43000000,0,user_2,520,539,
11448,3,30000000,11200,user_33,525,539,
13358,2,29999999,0,builder_18,531,531,11448
11457,5,30000000,0,user_47,525,539,
10484,6,30000000,0,user_34,520,539,
11715,7,30000000,0,user_46,526,539,
11969,8,30000000,0,user_45,527,539,
13118,9,30000000,0,user_41,531,539,
12221,12,27000000,779000,user_37,528,539,
13359,9,26999999,0,builder_18,531,531,12221
12494,18,27000001,0,user_20,529,539,12221
12796,19,27000001,0,user_11,530,539,12221
12783,20,27000001,0,user_0,530,539,12221
13075,21,27000001,0,user_0,531,539,12221
13091,22,27000001,0,user_15,531,539,12221
13101,23,27000001,0,user_25,531,539,12221
11455,27,27000000,0,user_46,525,539,
10747,28,27000000,0,user_41,522,539,
10988,29,27000000,0,user_40,523,539,
11710,30,27000000,0,user_42,526,539,
12482,35,26999999,0,user_11,529,539,12221
12785,36,26999999,0,user_0,530,539,12221
13087,37,26999999,0,user_11,531,539,12221
13099,38,26999999,0,user_23,531,539,12221
13360,24,19000001,0,builder_18,531,531,10588
10588,46,19000000,13900,user_43,521,539,
12830,49,19000000,0,user_45,530,539,
11960,50,19000000,0,user_38,527,539,
13117,52,73000,17700000,user_40,531,539,
13361,29,72999,0,builder_18,531,531,13117
10450,54,6300000,155000,user_8,520,539,
13362,31,6299999,0,builder_18,531,531,10450
10986,57,6300000,146000,user_39,523,539,
13363,33,6299999,0,builder_18,531,531,10986
11192,58,6300001,0,user_3,524,539,10986
11196,59,6300001,0,user_9,524,539,10986
11193,60,6300001,0,user_6,524,539,10450
10569,61,6300001,0,user_20,521,539,10450
10572,62,6300001,0,user_25,521,539,10450
10473,63,6300001,0,user_23,520,539,10450
10476,64,6300001,0,user_23,520,539,10450
10477,65,6300001,0,user_24,520,539,10450
10478,66,6300001,0,user_25,520,539,10450
11216,69,6300000,0,user_32,524,539,
10468,70,6300000,0,user_20,520,539,
10453,71,6300000,0,user_12,520,539,
10456,72,6300000,0,user_15,520,539,
10740,73,6300000,0,user_34,522,539,
10973,74,6300000,0,user_29,523,539,
11197,76,6299999,0,user_10,524,539,10450
11207,77,6299999,0,user_20,524,539,10450
10562,78,6299999,0,user_13,521,539,10450
10474,79,6299999,0,user_23,520,539,10450
10475,80,6299999,0,user_23,520,539,10450
10725,81,6299999,0,user_18,522,539,10450
10729,82,6299999,0,user_24,522,539,10450
10943,83,6299999,0,user_1,523,539,10450
13364,57,6100001,0,builder_18,531,531,12227
12227,87,6100000,8520,user_49,528,539,
10497,88,6100000,0,user_45,520,539,
11001,89,6100000,0,user_44,523,539,
10975,90,6100000,0,user_31,523,539,
13365,62,5000001,0,builder_18,531,531,10585
10585,94,5000000,6390,user_38,521,537,
11226,97,5000000,0,user_45,524,537,
10445,98,5000000,0,user_4,520,537,
10462,99,5000000,0,user_17,520,537,
10748,88,5000000,0,user_41,522,536,
10742,87,5000000,0,user_36,522,536,
10749,96,5000000,0,user_43,522,537,
11709,86,5000000,0,user_40,526,536,
13366,71,4500001,0,builder_18,531,531,11456
11456,96,4500000,121000,user_46,525,536,
11446,96,4500000,0,user_31,525,535,
10576,97,4500000,0,user_28,521,535,
10448,98,4500000,0,user_6,520,535,
13122,99,4500000,0,user_46,531,535,
12521,97,4200000,0,user_47,529,534,
12220,94,4200000,0,user_37,528,534,
11213,96,4200000,0,user_31,524,534,
12215,95,4200000,0,user_30,528,534,
12510,93,3500000,31700,user_39,529,533,
13367,82,3499999,0,builder_18,531,531,12510
11949,94,3500000,0,user_28,527,533,
10575,96,3200000,0,user_27,521,533,
11959,95,3200000,0,user_36,527,533,
11716,93,2600000,0,user_47,526,532,
11954,99,2600000,0,user_33,527,533,
12518,97,1800000,769000,user_44,529,532,
13368,89,1799999,0,builder_18,531,531,12518
11454,98,2500000,0,user_40,525,532,
10455,99,2500000,0,user_14,520,532,
10485,92,2500000,0,user_34,520,531,
13103,93,2400000,0,user_27,531,531,
10465,94,2300000,0,user_17,520,531,
10984,95,2300000,0,user_37,523,531,
12226,96,2300000,0,user_48,528,531,
13369,97,1200001,0,builder_18,531,531,10985
10985,98,1200000,959000,user_38,523,531,
11967,99,2100000,33300,user_43,527,531,
10444,2,43000000,0,user_2,520,539,
11448,3,30000000,11200,user_33,525,539,
13627,2,29999999,0,builder_18,532,532,11448
11457,5,30000000,0,user_47,525,539,
11715,7,30000000,0,user_46,526,539,
11969,8,30000000,0,user_45,527,539,
10484,6,30000000,0,user_34,520,539,
13118,9,30000000,0,user_41,531,539,
13628,8,27000001,0,builder_18,532,532,12221
12221,12,27000000,779000,user_37,528,539,
12796,19,27000001,0,user_11,530,539,12221
12783,20,27000001,0,user_0,530,539,12221
13075,21,27000001,0,user_0,531,539,12221
12494,18,27000001,0,user_20,529,539,12221
13091,22,27000001,0,user_15,531,539,12221
13101,23,27000001,0,user_25,531,539,12221
11455,27,27000000,0,user_46,525,539,
11710,30,27000000,0,user_42,526,539,
10747,28,27000000,0,user_41,522,539,
10988,29,27000000,0,user_40,523,539,
13115,31,27000000,0,user_38,531,539,
12785,36,26999999,0,user_0,530,539,12221
13087,37,26999999,0,user_11,531,539,12221
12482,35,26999999,0,user_11,529,539,12221
13099,38,26999999,0,user_23,531,539,12221
13380,39,26999999,0,user_14,532,539,12221
13629,26,19000001,0,builder_18,532,532,10588
10588,46,19000000,13900,user_43,521,539,
12830,49,19000000,0,user_45,530,539,
11960,50,19000000,0,user_38,527,539,
13406,51,19000000,0,user_41,532,539,
13630,31,73001,0,builder_18,532,532,13117
13117,52,73000,17700000,user_40,531,539,
13631,33,6300001,0,builder_18,532,532,10450
10450,54,6300000,155000,user_8,520,539,
13632,35,6300001,0,builder_18,532,532,10986
10986,57,6300000,146000,user_39,523,539,
10572,62,6300001,0,user_25,521,539,10450
10569,61,6300001,0,user_20,521,539,10450
10473,63,6300001,0,user_23,520,539,10450
10476,64,6300001,0,user_23,520,539,10450
10478,66,6300001,0,user_25,520,539,10450
10477,65,6300001,0,user_24,520,539,10450
11192,58,6300001,0,user_3,524,539,10986
11196,59,6300001,0,user_9,524,539,10986
11193,60,6300001,0,user_6,524,539,10450
10740,73,6300000,0,user_34,522,539,
10468,70,6300000,0,user_20,520,539,
10453,71,6300000,0,user_12,520,539,
10456,72,6300000,0,user_15,520,539,
10973,74,6300000,0,user_29,523,539,
11216,69,6300000,0,user_32,524,539,
10725,81,6299999,0,user_18,522,539,10450
10729,82,6299999,0,user_24,522,539,10450
10943,83,6299999,0,user_1,523,539,10450
10562,78,6299999,0,user_13,521,539,10450
10474,79,6299999,0,user_23,520,539,10450
10475,80,6299999,0,user_23,520,539,10450
11197,76,6299999,0,user_10,524,539,10450
11207,77,6299999,0,user_20,524,539,10450
13633,60,6100001,0,builder_18,532,532,12227
12227,87,6100000,8520,user_49,528,539,
11001,89,6100000,0,user_44,523,539,
10497,88,6100000,0,user_45,520,539,
10975,90,6100000,0,user_31,523,539,
10585,94,5000000,6390,user_38,521,537,
13634,66,4999999,0,builder_18,532,532,10585
11709,86,5000000,0,user_40,526,536,
10742,87,5000000,0,user_36,522,536,
10748,88,5000000,0,user_41,522,536,
10749,96,5000000,0,user_43,522,537,
10445,98,5000000,0,user_4,520,537,
10462,99,5000000,0,user_17,520,537,
11226,97,5000000,0,user_45,524,537,
13408,93,5000000,0,user_41,532,536,
13413,95,4200000,545000,user_45,532,536,
13635,76,4199999,0,builder_18,532,532,13413
11456,96,4500000,121000,user_46,525,536,
13636,78,4499999,0,builder_18,532,532,11456
11446,96,4500000,0,user_31,525,535,
10448,98,4500000,0,user_6,520,535,
10576,97,4500000,0,user_28,521,535,
13122,99,4500000,0,user_46,531,535,
11213,96,4200000,0,user_31,524,534,
12220,94,4200000,0,user_37,528,534,
12215,95,4200000,0,user_30,528,534,
12521,97,4200000,0,user_47,529,534,
13405,91,3600000,0,user_39,532,533,
12510,93,3500000,31700,user_39,529,533,
13637,89,3499999,0,builder_18,532,532,12510
11949,94,3500000,0,user_28,527,533,
10575,96,3200000,0,user_27,521,533,
11959,95,3200000,0,user_36,527,533,
11716,93,2600000,0,user_47,526,532,
11954,99,2600000,0,user_33,527,533,
13399,98,2600000,0,user_37,532,533,
13638,96,1800001,0,builder_18,532,532,12518
12518,97,1800000,769000,user_44,529,532,
11454,98,2500000,0,user_40,525,532,
10455,99,2500000,0,user_14,520,532,
10444,2,43000000,0,user_2,520,539,
11448,3,30000000,11200,user_33,525,539,
13895,2,29999999,0,builder_18,533,533,11448
13118,9,30000000,0,user_41,531,539,
11969,8,30000000,0,user_45,527,539,
10484,6,30000000,0,user_34,520,539,
11457,5,30000000,0,user_47,525,539,
11715,7,30000000,0,user_46,526,539,
12221,12,27000000,779000,user_37,528,539,
13896,9,26999999,0,builder_18,533,533,12221
12783,20,27000001,0,user_0,530,539,12221
12796,19,27000001,0,user_11,530,539,12221
13075,21,27000001,0,user_0,531,539,12221
13091,22,27000001,0,user_15,531,539,12221
13101,23,27000001,0,user_25,531,539,12221
12494,18,27000001,0,user_20,529,539,12221
13653,16,27000001,0,user_10,533,539,12221
13115,31,27000000,0,user_38,531,539,
10988,29,27000000,0,user_40,523,539,
10747,28,27000000,0,user_41,522,539,
11455,27,27000000,0,user_46,525,539,
11710,30,27000000,0,user_42,526,539,
12785,36,26999999,0,user_0,530,539,12221
13087,37,26999999,0,user_11,531,539,12221
13099,38,26999999,0,user_23,531,539,12221
12482,35,26999999,0,user_11,529,539,12221
13380,39,26999999,0,user_14,532,539,12221
10588,46,19000000,13900,user_43,521,539,
13897,28,18999999,0,builder_18,533,533,10588
12830,49,19000000,0,user_45,530,539,
11960,50,19000000,0,user_38,527,539,
13406,51,19000000,0,user_41,532,539,
13117,52,73000,17700000,user_40,531,539,
13898,33,72999,0,builder_18,533,533,13117
10450,54,6300000,155000,user_8,520,539,
13899,35,6299999,0,builder_18,533,533,10450
10986,57,6300000,146000,user_39,523,539,
13900,37,6299999,0,builder_18,533,533,10986
10473,63,6300001,0,user_23,520,539,10450
10476,64,6300001,0,user_23,520,539,10450
10477,65,6300001,0,user_24,520,539,10450
10478,66,6300001,0,user_25,520,539,10450
10569,61,6300001,0,user_20,521,539,10450
10572,62,6300001,0,user_25,521,539,10450
11192,58,6300001,0,user_3,524,539,10986
11193,60,6300001,0,user_6,524,539,10450
11196,59,6300001,0,user_9,524,539,10986
10973,74,6300000,0,user_29,523,539,
10453,71,6300000,0,user_12,520,539,
10468,70,6300000,0,user_20,520,539,
10456,72,6300000,0,user_15,520,539,
10740,73,6300000,0,user_34,522,539,
11216,69,6300000,0,user_32,524,539,
13395,75,6300000,0,user_31,532,539,
13693,68,6300000,0,user_47,533,539,
10943,83,6299999,0,user_1,523,539,10450
11197,76,6299999,0,user_10,524,539,10450
11207,77,6299999,0,user_20,524,539,10450
10474,79,6299999,0,user_23,520,539,10450
10475,80,6299999,0,user_23,520,539,10450
10562,78,6299999,0,user_13,521,539,10450
10725,81,6299999,0,user_18,522,539,10450
10729,82,6299999,0,user_24,522,539,10450
12227,87,6100000,8520,user_49,528,539,
13901,64,6099999,0,builder_18,533,533,12227
11001,89,6100000,0,user_44,523,539,
10975,90,6100000,0,user_31,523,539,
10497,88,6100000,0,user_45,520,539,
10585,94,5000000,6390,user_38,521,537,
13902,69,4999999,0,builder_18,533,533,10585
10749,96,5000000,0,user_43,522,537,
11226,97,5000000,0,user_45,524,537,
10445,98,5000000,0,user_4,520,537,
10462,99,5000000,0,user_17,520,537,
10742,87,5000000,0,user_36,522,536,
10748,88,5000000,0,user_41,522,536,
11709,86,5000000,0,user_40,526,536,
13408,93,5000000,0,user_41,532,536,
13903,78,4200001,0,builder_18,533,533,13413
13413,95,4200000,545000,user_45,532,536,
11456,96,4500000,121000,user_46,525,536,
13904,81,4499999,0,builder_18,533,533,11456
13122,99,4500000,0,user_46,531,535,
10448,98,4500000,0,user_6,520,535,
10576,97,4500000,0,user_28,521,535,
11446,96,4500000,0,user_31,525,535,
13686,99,4500000,0,user_37,533,536,
12220,94,4200000,0,user_37,528,534,
11213,96,4200000,0,user_31,524,534,
12215,95,4200000,0,user_30,528,534,
12521,97,4200000,0,user_47,529,534,
13405,91,3600000,0,user_39,532,533,
13905,92,3500001,0,builder_18,533,533,12510
12510,93,3500000,31700,user_39,529,533,
11949,94,3500000,0,user_28,527,533,
11959,95,3200000,0,user_36,527,533,
10575,96,3200000,0,user_27,521,533,
13684,97,3200000,0,user_36,533,533,
13399,98,2600000,0,user_37,532,533,
11954,99,2600000,0,user_33,527,533,
10444,2,43000000,0,user_2,520,539,
14152,1,30000001,0,builder_18,534,534,11448
11448,3,30000000,11200,user_33,525,539,
13118,9,30000000,0,user_41,531,539,
11969,8,30000000,0,user_45,527,539,
10484,6,30000000,0,user_34,520,539,
11457,5,30000000,0,user_47,525,539,
11715,7,30000000,0,user_46,526,539,
13929,10,30000000,0,user_32,534,539,
14153,9,27000001,0,builder_18,534,534,12221
12221,12,27000000,779000,user_37,528,539,
13075,21,27000001,0,user_0,531,539,12221
13091,22,27000001,0,user_15,531,539,12221
13101,23,27000001,0,user_25,531,539,12221
13653,16,27000001,0,user_10,533,539,12221
12494,18,27000001,0,user_20,529,539,12221
12783,20,27000001,0,user_0,530,539,12221
12796,19,27000001,0,user_11,530,539,12221
13921,17,27000001,0,user_20,534,539,12221
13115,31,27000000,0,user_38,531,539,
10988,29,27000000,0,user_40,523,539,
10747,28,27000000,0,user_41,522,539,
11455,27,27000000,0,user_46,525,539,
11710,30,27000000,0,user_42,526,539,
13087,37,26999999,0,user_11,531,539,12221
13099,38,26999999,0,user_23,531,539,12221
13380,39,26999999,0,user_14,532,539,12221
13666,34,26999999,0,user_19,533,539,12221
12482,35,26999999,0,user_11,529,539,12221
12785,36,26999999,0,user_0,530,539,12221
10588,46,19000000,13900,user_43,521,539,
14154,31,18999999,0,builder_18,534,534,10588
13406,51,19000000,0,user_41,532,539,
11960,50,19000000,0,user_38,527,539,
12830,49,19000000,0,user_45,530,539,
13117,52,73000,17700000,user_40,531,539,
14155,36,72999,0,builder_18,534,534,13117
10450,54,6300000,155000,user_8,520,539,
14156,38,6299999,0,builder_18,534,534,10450
14157,39,6300001,0,builder_18,534,534,10986
10986,57,6300000,146000,user_39,523,539,
11192,58,6300001,0,user_3,524,539,10986
11193,60,6300001,0,user_6,524,539,10450
10473,63,6300001,0,user_23,520,539,10450
10476,64,6300001,0,user_23,520,539,10450
10477,65,6300001,0,user_24,520,539,10450
10572,62,6300001,0,user_25,521,539,10450
10569,61,6300001,0,user_20,521,539,10450
11196,59,6300001,0,user_9,524,539,10986
10478,66,6300001,0,user_25,520,539,10450
13395,75,6300000,0,user_31,532,539,
10973,74,6300000,0,user_29,523,539,
11216,69,6300000,0,user_32,524,539,
10453,71,6300000,0,user_12,520,539,
10456,72,6300000,0,user_15,520,539,
10468,70,6300000,0,user_20,520,539,
10740,73,6300000,0,user_34,522,539,
13693,68,6300000,0,user_47,533,539,
11207,77,6299999,0,user_20,524,539,10450
11197,76,6299999,0,user_10,524,539,10450
10474,79,6299999,0,user_23,520,539,10450
10475,80,6299999,0,user_23,520,539,10450
10562,78,6299999,0,user_13,521,539,10450
10725,81,6299999,0,user_18,522,539,10450
10729,82,6299999,0,user_24,522,539,10450
10943,83,6299999,0,user_1,523,539,10450
12227,87,6100000,8520,user_49,528,539,
14158,67,6099999,0,builder_18,534,534,12227
10975,90,6100000,0,user_31,523,539,
11001,89,6100000,0,user_44,523,539,
10497,88,6100000,0,user_45,520,539,
13942,91,6100000,0,user_40,534,539,
13925,95,5200000,285000,user_27,534,539,
14159,73,5199999,0,builder_18,534,534,13925
14160,74,5000001,0,builder_18,534,534,10585
10585,94,5000000,6390,user_38,521,537,
13408,93,5000000,0,user_41,532,536,
11226,97,5000000,0,user_45,524,537,
10462,99,5000000,0,user_17,520,537,
10749,96,5000000,0,user_43,522,537,
10445,98,5000000,0,user_4,520,537,
10742,87,5000000,0,user_36,522,536,
10748,88,5000000,0,user_41,522,536,
11709,86,5000000,0,user_40,526,536,
14161,84,4200001,0,builder_18,534,534,13413
13413,95,4200000,545000,user_45,532,536,
11456,96,4500000,121000,user_46,525,536,
14162,87,4499999,0,builder_18,534,534,11456
13122,99,4500000,0,user_46,531,535,
13686,99,4500000,0,user_37,533,536,
10448,98,4500000,0,user_6,520,535,
10576,97,4500000,0,user_28,521,535,
11446,96,4500000,0,user_31,525,535,
13948,98,4500000,0,user_47,534,536,
12220,94,4200000,0,user_37,528,534,
12215,95,4200000,0,user_30,528,534,
11213,96,4200000,0,user_31,524,534,
12521,97,4200000,0,user_47,529,534,
13951,98,3600000,7840,user_48,534,534,
14163,99,3599999,0,builder_18,534,534,13951
10444,2,43000000,0,user_2,520,539,
14432,1,30000001,0,builder_18,535,535,11448
11448,3,30000000,11200,user_33,525,539,
11457,5,30000000,0,user_47,525,539,
10484,6,30000000,0,user_34,520,539,
11715,7,30000000,0,user_46,526,539,
11969,8,30000000,0,user_45,527,539,
13118,9,30000000,0,user_41,531,539,
13929,10,30000000,0,user_32,534,539,
12221,12,27000000,779000,user_37,528,539,
14433,10,26999999,0,builder_18,535,535,12221
13653,16,27000001,0,user_10,533,539,12221
13921,17,27000001,0,user_20,534,539,12221
12494,18,27000001,0,user_20,529,539,12221
12796,19,27000001,0,user_11,530,539,12221
12783,20,27000001,0,user_0,530,539,12221
13075,21,27000001,0,user_0,531,539,12221
13091,22,27000001,0,user_15,531,539,12221
13101,23,27000001,0,user_25,531,539,12221
14173,24,27000001,0,user_7,535,539,12221
14164,25,27000001,0,user_0,535,539,12221
14171,26,27000001,0,user_5,535,539,12221
11455,27,27000000,0,user_46,525,539,
10747,28,27000000,0,user_41,522,539,
10988,29,27000000,0,user_40,523,539,
11710,30,27000000,0,user_42,526,539,
13115,31,27000000,0,user_38,531,539,
13666,34,26999999,0,user_19,533,539,12221
12482,35,26999999,0,user_11,529,539,12221
12785,36,26999999,0,user_0,530,539,12221
13087,37,26999999,0,user_11,531,539,12221
13099,38,26999999,0,user_23,531,539,12221
13380,39,26999999,0,user_14,532,539,12221
14177,40,26999999,0,user_11,535,539,12221
14178,41,26999999,0,user_12,535,539,12221
14434,35,19000001,0,builder_18,535,535,10588
10588,46,19000000,13900,user_43,521,539,
12830,49,19000000,0,user_45,530,539,
11960,50,19000000,0,user_38,527,539,
13406,51,19000000,0,user_41,532,539,
14435,40,73001,0,builder_18,535,535,13117
13117,52,73000,17700000,user_40,531,539,
14436,42,6300001,0,builder_18,535,535,10450
10450,54,6300000,155000,user_8,520,539,
10986,57,6300000,146000,user_39,523,539,
14437,45,6299999,0,builder_18,535,535,10986
11192,58,6300001,0,user_3,524,539,10986
11196,59,6300001,0,user_9,524,539,10986
11193,60,6300001,0,user_6,524,539,10450
10569,61,6300001,0,user_20,521,539,10450
10572,62,6300001,0,user_25,521,539,10450
10473,63,6300001,0,user_23,520,539,10450
10476,64,6300001,0,user_23,520,539,10450
10477,65,6300001,0,user_24,520,539,10450
10478,66,6300001,0,user_25,520,539,10450
13693,68,6300000,0,user_47,533,539,
11216,69,6300000,0,user_32,524,539,
10468,70,6300000,0,user_20,520,539,
10453,71,6300000,0,user_12,520,539,
10456,72,6300000,0,user_15,520,539,
10740,73,6300000,0,user_34,522,539,
10973,74,6300000,0,user_29,523,539,
13395,75,6300000,0,user_31,532,539,
11197,76,6299999,0,user_10,524,539,10450
11207,77,6299999,0,user_20,524,539,10450
10562,78,6299999,0,user_13,521,539,10450
10474,79,6299999,0,user_23,520,539,10450
10475,80,6299999,0,user_23,520,539,10450
10725,81,6299999,0,user_18,522,539,10450
10729,82,6299999,0,user_24,522,539,10450
10943,83,6299999,0,user_1,523,539,10450
12227,87,6100000,8520,user_49,528,539,
14438,72,6099999,0,builder_18,535,535,12227
10497,88,6100000,0,user_45,520,539,
11001,89,6100000,0,user_44,523,539,
10975,90,6100000,0,user_31,523,539,
13942,91,6100000,0,user_40,534,539,
14439,77,5000001,0,builder_18,535,535,13945
13945,92,5000000,594000,user_43,534,539,
13925,95,5200000,285000,user_27,534,539,
14440,80,5199999,0,builder_18,535,535,13925
14441,81,5000001,0,builder_18,535,535,10585
10585,94,5000000,6390,user_38,521,537,
11226,97,5000000,0,user_45,524,537,
10445,98,5000000,0,user_4,520,537,
10462,99,5000000,0,user_17,520,537,
10748,88,5000000,0,user_41,522,536,
10742,87,5000000,0,user_36,522,536,
10749,96,5000000,0,user_43,522,537,
11709,86,5000000,0,user_40,526,536,
13408,93,5000000,0,user_41,532,536,
13413,95,4200000,545000,user_45,532,536,
14442,92,4199999,0,builder_18,535,535,13413
11456,96,4500000,121000,user_46,525,536,
14443,94,4499999,0,builder_18,535,535,11456
13686,99,4500000,0,user_37,533,536,
11446,96,4500000,0,user_31,525,535,
10576,97,4500000,0,user_28,521,535,
10448,98,4500000,0,user_6,520,535,
13122,99,4500000,0,user_46,531,535,
10444,2,43000000,0,user_2,520,539,
14205,1,43000000,0,user_38,535,539,
11448,3,30000000,11200,user_33,525,539,
14698,3,29999999,0,builder_18,536,536,11448
13929,10,30000000,0,user_32,534,539,
11457,5,30000000,0,user_47,525,539,
11715,7,30000000,0,user_46,526,539,
11969,8,30000000,0,user_45,527,539,
10484,6,30000000,0,user_34,520,539,
13118,9,30000000,0,user_41,531,539,
12221,12,27000000,779000,user_37,528,539,
14699,11,26999999,0,builder_18,536,536,12221
13921,17,27000001,0,user_20,534,539,12221
14171,26,27000001,0,user_5,535,539,12221
13653,16,27000001,0,user_10,533,539,12221
12796,19,27000001,0,user_11,530,539,12221
12783,20,27000001,0,user_0,530,539,12221
13075,21,27000001,0,user_0,531,539,12221
12494,18,27000001,0,user_20,529,539,12221
13091,22,27000001,0,user_15,531,539,12221
13101,23,27000001,0,user_25,531,539,12221
14173,24,27000001,0,user_7,535,539,12221
14164,25,27000001,0,user_0,535,539,12221
14453,15,27000001,0,user_8,536,539,12221
11455,27,27000000,0,user_46,525,539,
11710,30,27000000,0,user_42,526,539,
10747,28,27000000,0,user_41,522,539,
10988,29,27000000,0,user_40,523,539,
13115,31,27000000,0,user_38,531,539,
12785,36,26999999,0,user_0,530,539,12221
13087,37,26999999,0,user_11,531,539,12221
12482,35,26999999,0,user_11,529,539,12221
13099,38,26999999,0,user_23,531,539,12221
13380,39,26999999,0,user_14,532,539,12221
13666,34,26999999,0,user_19,533,539,12221
14178,41,26999999,0,user_12,535,539,12221
14177,40,26999999,0,user_11,535,539,12221
14700,37,19000001,0,builder_18,536,536,10588
10588,46,19000000,13900,user_43,521,539,
12830,49,19000000,0,user_45,530,539,
11960,50,19000000,0,user_38,527,539,
13406,51,19000000,0,user_41,532,539,
13117,52,73000,17700000,user_40,531,539,
14701,43,72999,0,builder_18,536,536,13117
10450,54,6300000,155000,user_8,520,539,
14702,45,6299999,0,builder_18,536,536,10450
10986,57,6300000,146000,user_39,523,539,
14703,47,6299999,0,builder_18,536,536,10986
10572,62,6300001,0,user_25,521,539,10450
10569,61,6300001,0,user_20,521,539,10450
10473,63,6300001,0,user_23,520,539,10450
10476,64,6300001,0,user_23,520,539,10450
10478,66,6300001,0,user_25,520,539,10450
10477,65,6300001,0,user_24,520,539,10450
11192,58,6300001,0,user_3,524,539,10986
11196,59,6300001,0,user_9,524,539,10986
11193,60,6300001,0,user_6,524,539,10450
13693,68,6300000,0,user_47,533,539,
10740,73,6300000,0,user_34,522,539,
10468,70,6300000,0,user_20,520,539,
10453,71,6300000,0,user_12,520,539,
10456,72,6300000,0,user_15,520,539,
10973,74,6300000,0,user_29,523,539,
11216,69,6300000,0,user_32,524,539,
13395,75,6300000,0,user_31,532,539,
10725,81,6299999,0,user_18,522,539,10450
10729,82,6299999,0,user_24,522,539,10450
10943,83,6299999,0,user_1,523,539,10450
10562,78,6299999,0,user_13,521,539,10450
10474,79,6299999,0,user_23,520,539,10450
10475,80,6299999,0,user_23,520,539,10450
11197,76,6299999,0,user_10,524,539,10450
11207,77,6299999,0,user_20,524,539,10450
12227,87,6100000,8520,user_49,528,539,
14704,74,6099999,0,builder_18,536,536,12227
13942,91,6100000,0,user_40,534,539,
11001,89,6100000,0,user_44,523,539,
10497,88,6100000,0,user_45,520,539,
10975,90,6100000,0,user_31,523,539,
14705,79,5000001,0,builder_18,536,536,13945
13945,92,5000000,594000,user_43,534,539,
14706,81,5200001,0,builder_18,536,536,13925
13925,95,5200000,285000,user_27,534,539,
14481,99,5200000,0,user_45,536,539,
10585,94,5000000,6390,user_38,521,537,
14707,85,4999999,0,builder_18,536,536,10585
11709,86,5000000,0,user_40,526,536,
10742,87,5000000,0,user_36,522,536,
10748,88,5000000,0,user_41,522,536,
10749,96,5000000,0,user_43,522,537,
10445,98,5000000,0,user_4,520,537,
10462,99,5000000,0,user_17,520,537,
11226,97,5000000,0,user_45,524,537,
13408,93,5000000,0,user_41,532,536,
14708,94,4200001,0,builder_18,536,536,13413
13413,95,4200000,545000,user_45,532,536,
11456,96,4500000,121000,user_46,525,536,
14709,97,4499999,0,builder_18,536,536,11456
13948,98,4500000,0,user_47,534,536,
13686,99,4500000,0,user_37,533,536,
14205,1,43000000,0,user_38,535,539,
10444,2,43000000,0,user_2,520,539,
14754,0,43000000,0,user_39,537,539,
14955,3,30000001,0,builder_18,537,537,11448
11448,3,30000000,11200,user_33,525,539,
13929,10,30000000,0,user_32,534,539,
13118,9,30000000,0,user_41,531,539,
11969,8,30000000,0,user_45,527,539,
10484,6,30000000,0,user_34,520,539,
11457,5,30000000,0,user_47,525,539,
11715,7,30000000,0,user_46,526,539,
12221,12,27000000,779000,user_37,528,539,
14956,12,26999999,0,builder_18,537,537,12221
14164,25,27000001,0,user_0,535,539,12221
14173,24,27000001,0,user_7,535,539,12221
14171,26,27000001,0,user_5,535,539,12221
13921,17,27000001,0,user_20,534,539,12221
12783,20,27000001,0,user_0,530,539,12221
12796,19,27000001,0,user_11,530,539,12221
13075,21,27000001,0,user_0,531,539,12221
13091,22,27000001,0,user_15,531,539,12221
13101,23,27000001,0,user_25,531,539,12221
12494,18,27000001,0,user_20,529,539,12221
13653,16,27000001,0,user_10,533,539,12221
14453,15,27000001,0,user_8,536,539,12221
14711,14,27000001,0,user_1,537,539,12221
14731,13,27000001,0,user_17,537,539,12221
13115,31,27000000,0,user_38,531,539,
10988,29,27000000,0,user_40,523,539,
10747,28,27000000,0,user_41,522,539,
11455,27,27000000,0,user_46,525,539,
11710,30,27000000,0,user_42,526,539,
14177,40,26999999,0,user_11,535,539,12221
14178,41,26999999,0,user_12,535,539,12221
12785,36,26999999,0,user_0,530,539,12221
13087,37,26999999,0,user_11,531,539,12221
13099,38,26999999,0,user_23,531,539,12221
12482,35,26999999,0,user_11,529,539,12221
13380,39,26999999,0,user_14,532,539,12221
13666,34,26999999,0,user_19,533,539,12221
14719,33,26999999,0,user_7,537,539,12221
10588,46,19000000,13900,user_43,521,539,
14957,42,18999999,0,builder_18,537,537,10588
12830,49,19000000,0,user_45,530,539,
11960,50,19000000,0,user_38,527,539,
13406,51,19000000,0,user_41,532,539,
14488,48,19000000,0,user_49,536,539,
13117,52,73000,17700000,user_40,531,539,
14958,48,72999,0,builder_18,537,537,13117
14959,49,6300001,0,builder_18,537,537,10450
10450,54,6300000,155000,user_8,520,539,
10986,57,6300000,146000,user_39,523,539,
14960,52,6299999,0,builder_18,537,537,10986
10473,63,6300001,0,user_23,520,539,10450
10476,64,6300001,0,user_23,520,539,10450
10477,65,6300001,0,user_24,520,539,10450
10478,66,6300001,0,user_25,520,539,10450
10569,61,6300001,0,user_20,521,539,10450
10572,62,6300001,0,user_25,521,539,10450
11192,58,6300001,0,user_3,524,539,10986
11193,60,6300001,0,user_6,524,539,10450
11196,59,6300001,0,user_9,524,539,10986
13693,68,6300000,0,user_47,533,539,
10973,74,6300000,0,user_29,523,539,
10453,71,6300000,0,user_12,520,539,
10468,70,6300000,0,user_20,520,539,
10456,72,6300000,0,user_15,520,539,
10740,73,6300000,0,user_34,522,539,
11216,69,6300000,0,user_32,524,539,
13395,75,6300000,0,user_31,532,539,
14746,67,6300000,0,user_33,537,539,
10943,83,6299999,0,user_1,523,539,10450
11197,76,6299999,0,user_10,524,539,10450
11207,77,6299999,0,user_20,524,539,10450
10474,79,6299999,0,user_23,520,539,10450
10475,80,6299999,0,user_23,520,539,10450
10562,78,6299999,0,user_13,521,539,10450
10725,81,6299999,0,user_18,522,539,10450
10729,82,6299999,0,user_24,522,539,10450
14765,85,5200000,959000,user_46,537,539,
14961,80,5199999,0,builder_18,537,537,14765
12227,87,6100000,8520,user_49,528,539,
14962,82,6099999,0,builder_18,537,537,12227
13942,91,6100000,0,user_40,534,539,
11001,89,6100000,0,user_44,523,539,
10975,90,6100000,0,user_31,523,539,
10497,88,6100000,0,user_45,520,539,
14963,87,5000001,0,builder_18,537,537,13945
13945,92,5000000,594000,user_43,534,539,
14964,89,5200001,0,builder_18,537,537,13925
13925,95,5200000,285000,user_27,534,539,
14481,99,5200000,0,user_45,536,539,
14757,97,5000000,68100,user_41,537,538,
14965,93,4999999,0,builder_18,537,537,14757
10585,94,5000000,6390,user_38,521,537,
14966,95,4999999,0,builder_18,537,537,10585
10749,96,5000000,0,user_43,522,537,
11226,97,5000000,0,user_45,524,537,
10445,98,5000000,0,user_4,520,537,
10462,99,5000000,0,user_17,520,537,
14205,1,43000000,0,user_38,535,539,
10444,2,43000000,0,user_2,520,539,
14754,0,43000000,0,user_39,537,539,
11448,3,30000000,11200,user_33,525,539,
15232,4,29999999,0,builder_18,538,538,11448
13118,9,30000000,0,user_41,531,539,
11969,8,30000000,0,user_45,527,539,
10484,6,30000000,0,user_34,520,539,
11457,5,30000000,0,user_47,525,539,
11715,7,30000000,0,user_46,526,539,
13929,10,30000000,0,user_32,534,539,
15233,11,27000001,0,builder_18,538,538,12221
12221,12,27000000,779000,user_37,528,539,
14173,24,27000001,0,user_7,535,539,12221
14164,25,27000001,0,user_0,535,539,12221
14171,26,27000001,0,user_5,535,539,12221
14453,15,27000001,0,user_8,536,539,12221
14711,14,27000001,0,user_1,537,539,12221
13075,21,27000001,0,user_0,531,539,12221
13091,22,27000001,0,user_15,531,539,12221
13101,23,27000001,0,user_25,531,539,12221
13653,16,27000001,0,user_10,533,539,12221
12494,18,27000001,0,user_20,529,539,12221
12783,20,27000001,0,user_0,530,539,12221
12796,19,27000001,0,user_11,530,539,12221
13921,17,27000001,0,user_20,534,539,12221
14731,13,27000001,0,user_17,537,539,12221
13115,31,27000000,0,user_38,531,539,
10988,29,27000000,0,user_40,523,539,
10747,28,27000000,0,user_41,522,539,
11455,27,27000000,0,user_46,525,539,
11710,30,27000000,0,user_42,526,539,
14178,41,26999999,0,user_12,535,539,12221
14177,40,26999999,0,user_11,535,539,12221
14719,33,26999999,0,user_7,537,539,12221
13087,37,26999999,0,user_11,531,539,12221
13099,38,26999999,0,user_23,531,539,12221
13380,39,26999999,0,user_14,532,539,12221
13666,34,26999999,0,user_19,533,539,12221
12482,35,26999999,0,user_11,529,539,12221
12785,36,26999999,0,user_0,530,539,12221
10588,46,19000000,13900,user_43,521,539,
15234,42,18999999,0,builder_18,538,538,10588
14488,48,19000000,0,user_49,536,539,
13406,51,19000000,0,user_41,532,539,
11960,50,19000000,0,user_38,527,539,
12830,49,19000000,0,user_45,530,539,
15235,47,73001,0,builder_18,538,538,13117
13117,52,73000,17700000,user_40,531,539,
10450,54,6300000,155000,user_8,520,539,
15236,50,6299999,0,builder_18,538,538,10450
15237,51,6300001,0,builder_18,538,538,10986
10986,57,6300000,146000,user_39,523,539,
11192,58,6300001,0,user_3,524,539,10986
11193,60,6300001,0,user_6,524,539,10450
10473,63,6300001,0,user_23,520,539,10450
10476,64,6300001,0,user_23,520,539,10450
10477,65,6300001,0,user_24,520,539,10450
10572,62,6300001,0,user_25,521,539,10450
10569,61,6300001,0,user_20,521,539,10450
11196,59,6300001,0,user_9,524,539,10986
10478,66,6300001,0,user_25,520,539,10450
13395,75,6300000,0,user_31,532,539,
10973,74,6300000,0,user_29,523,539,
11216,69,6300000,0,user_32,524,539,
10453,71,6300000,0,user_12,520,539,
10456,72,6300000,0,user_15,520,539,
10468,70,6300000,0,user_20,520,539,
10740,73,6300000,0,user_34,522,539,
13693,68,6300000,0,user_47,533,539,
14746,67,6300000,0,user_33,537,539,
11207,77,6299999,0,user_20,524,539,10450
11197,76,6299999,0,user_10,524,539,10450
10474,79,6299999,0,user_23,520,539,10450
10475,80,6299999,0,user_23,520,539,10450
10562,78,6299999,0,user_13,521,539,10450
10725,81,6299999,0,user_18,522,539,10450
10729,82,6299999,0,user_24,522,539,10450
10943,83,6299999,0,user_1,523,539,10450
15238,79,5200001,0,builder_18,538,538,14765
14765,85,5200000,959000,user_46,537,539,
15239,81,6100001,0,builder_18,538,538,12227
12227,87,6100000,8520,user_49,528,539,
10975,90,6100000,0,user_31,523,539,
11001,89,6100000,0,user_44,523,539,
10497,88,6100000,0,user_45,520,539,
13942,91,6100000,0,user_40,534,539,
15240,87,5000001,0,builder_18,538,538,13945
13945,92,5000000,594000,user_43,534,539,
13925,95,5200000,285000,user_27,534,539,
15241,90,5199999,0,builder_18,538,538,13925
14982,96,5200001,0,user_14,538,539,14765
14976,97,5200001,0,user_9,538,539,14765
14481,99,5200000,0,user_45,536,539,
14970,94,5199999,0,user_1,538,538,14765
14974,95,5199999,0,user_7,538,538,14765
14986,96,5199999,0,user_20,538,538,14765
14757,97,5000000,68100,user_41,537,538,
15242,98,4999999,0,builder_18,538,538,14757
15243,99,5000001,0,builder_18,538,538,10585
14754,0,43000000,0,user_39,537,539,
14205,1,43000000,0,user_38,535,539,
10444,2,43000000,0,user_2,520,539,
11448,3,30000000,11200,user_33,525,539,
15498,4,29999999,0,builder_18,539,539,11448
11457,5,30000000,0,user_47,525,539,
10484,6,30000000,0,user_34,520,539,
11715,7,30000000,0,user_46,526,539,
11969,8,30000000,0,user_45,527,539,
13118,9,30000000,0,user_41,531,539,
13929,10,30000000,0,user_32,534,539,
15499,11,27000001,0,builder_18,539,539,12221
12221,12,27000000,779000,user_37,528,539,
14731,13,27000001,0,user_17,537,539,12221
14711,14,27000001,0,user_1,537,539,12221
14453,15,27000001,0,user_8,536,539,12221
13653,16,27000001,0,user_10,533,539,12221
13921,17,27000001,0,user_20,534,539,12221
12494,18,27000001,0,user_20,529,539,12221
12796,19,27000001,0,user_11,530,539,12221
12783,20,27000001,0,user_0,530,539,12221
13075,21,27000001,0,user_0,531,539,12221
13091,22,27000001,0,user_15,531,539,12221
13101,23,27000001,0,user_25,531,539,12221
14173,24,27000001,0,user_7,535,539,12221
14164,25,27000001,0,user_0,535,539,12221
14171,26,27000001,0,user_5,535,539,12221
11455,27,27000000,0,user_46,525,539,
10747,28,27000000,0,user_41,522,539,
10988,29,27000000,0,user_40,523,539,
11710,30,27000000,0,user_42,526,539,
13115,31,27000000,0,user_38,531,539,
15285,32,27000000,0,user_34,539,539,
14719,33,26999999,0,user_7,537,539,12221
13666,34,26999999,0,user_19,533,539,12221
12482,35,26999999,0,user_11,529,539,12221
12785,36,26999999,0,user_0,530,539,12221
13087,37,26999999,0,user_11,531,539,12221
13099,38,26999999,0,user_23,531,539,12221
13380,39,26999999,0,user_14,532,539,12221
14177,40,26999999,0,user_11,535,539,12221
14178,41,26999999,0,user_12,535,539,12221
15256,42,26999999,0,user_9,539,539,12221
15257,43,26999999,0,user_9,539,539,12221
15293,44,19000000,283000,user_42,539,539,
15500,45,18999999,0,builder_18,539,539,15293
10588,46,19000000,13900,user_43,521,539,
15501,47,18999999,0,builder_18,539,539,10588
14488,48,19000000,0,user_49,536,539,
12830,49,19000000,0,user_45,530,539,
11960,50,19000000,0,user_38,527,539,
13406,51,19000000,0,user_41,532,539,
13117,52,73000,17700000,user_40,531,539,
15502,53,72999,0,builder_18,539,539,13117
10450,54,6300000,155000,user_8,520,539,
15503,55,6299999,0,builder_18,539,539,10450
15504,56,6300001,0,builder_18,539,539,10986
10986,57,6300000,146000,user_39,523,539,
11192,58,6300001,0,user_3,524,539,10986
11196,59,6300001,0,user_9,524,539,10986
11193,60,6300001,0,user_6,524,539,10450
10569,61,6300001,0,user_20,521,539,10450
10572,62,6300001,0,user_25,521,539,10450
10473,63,6300001,0,user_23,520,539,10450
10476,64,6300001,0,user_23,520,539,10450
10477,65,6300001,0,user_24,520,539,10450
10478,66,6300001,0,user_25,520,539,10450
14746,67,6300000,0,user_33,537,539,
13693,68,6300000,0,user_47,533,539,
11216,69,6300000,0,user_32,524,539,
10468,70,6300000,0,user_20,520,539,
10453,71,6300000,0,user_12,520,539,
10456,72,6300000,0,user_15,520,539,
10740,73,6300000,0,user_34,522,539,
10973,74,6300000,0,user_29,523,539,
13395,75,6300000,0,user_31,532,539,
11197,76,6299999,0,user_10,524,539,10450
11207,77,6299999,0,user_20,524,539,10450
10562,78,6299999,0,user_13,521,539,10450
10474,79,6299999,0,user_23,520,539,10450
10475,80,6299999,0,user_23,520,539,10450
10725,81,6299999,0,user_18,522,539,10450
10729,82,6299999,0,user_24,522,539,10450
10943,83,6299999,0,user_1,523,539,10450
15505,84,5200001,0,builder_18,539,539,14765
14765,85,5200000,959000,user_46,537,539,
15506,86,6100001,0,builder_18,539,539,12227
12227,87,6100000,8520,user_49,528,539,
10497,88,6100000,0,user_45,520,539,
11001,89,6100000,0,user_44,523,539,
10975,90,6100000,0,user_31,523,539,
13942,91,6100000,0,user_40,534,539,
13945,92,5000000,594000,user_43,534,539,
15507,93,4999999,0,builder_18,539,539,13945
15508,94,5200001,0,builder_18,539,539,13925
13925,95,5200000,285000,user_27,534,539,
14982,96,5200001,0,user_14,538,539,14765
14976,97,5200001,0,user_9,538,539,14765
15245,98,5200001,0,user_3,539,539,14765
14481,99,5200000,0,user_45,536,539,
10444,2,43000000,0,user_2,540,559,
10484,6,30000000,0,user_34,540,559,
10450,54,6300000,155000,user_8,540,559,
10547,3,6299999,0,builder_18,540,540,10450
10473,63,6300001,0,user_23,540,559,10450
10476,64,6300001,0,user_23,540,559,10450
10477,65,6300001,0,user_24,540,559,10450
10478,66,6300001,0,user_25,540,559,10450
10453,71,6300000,0,user_12,540,559,
10468,70,6300000,0,user_20,540,559,
10456,72,6300000,0,user_15,540,559,
10474,79,6299999,0,user_23,540,559,10450
10475,80,6299999,0,user_23,540,559,10450
10497,88,6100000,0,user_45,540,559,
10445,98,5000000,0,user_4,540,557,
10462,99,5000000,0,user_17,540,557,
10448,98,4500000,0,user_6,540,555,
10455,99,2500000,0,user_14,540,552,
10485,92,2500000,0,user_34,540,551,
10465,94,2300000,0,user_17,540,551,
10454,99,2000000,0,user_13,540,550,
10494,94,2000000,0,user_42,540,549,
10548,22,1800001,0,builder_18,540,540,10496
10496,88,1800000,128000,user_44,540,548,
10493,94,1600000,0,user_42,540,546,
10490,92,1500000,0,user_41,540,545,
10460,96,1400000,0,user_16,540,545,
10469,90,1100000,0,user_21,540,544,
10481,92,970000,0,user_32,540,543,
10492,94,910000,0,user_42,540,543,
10461,96,870000,0,user_16,540,543,
10500,99,530000,11200,user_48,540,543,
10549,32,529999,0,builder_18,540,540,10500
10498,81,420000,67500,user_46,540,542,
10550,34,419999,0,builder_18,540,540,10498
10452,83,460000,0,user_10,540,542,
10495,84,460000,0,user_42,540,542,
10551,37,79001,0,builder_18,540,540,10480
10480,62,79000,296000,user_32,540,541,
10443,63,320000,0,user_1,540,541,
10458,64,310000,0,user_16,540,541,
10464,65,300000,0,user_17,540,541,
10491,66,300000,0,user_42,540,541,
10466,67,260000,0,user_18,540,541,
10499,69,220000,0,user_47,540,541,
10447,70,170000,0,user_5,540,541,
10488,72,170000,0,user_39,540,541,
10472,71,170000,0,user_22,540,541,
10457,75,160000,0,user_16,540,541,
10451,79,160000,0,user_9,540,541,
10463,77,160000,0,user_17,540,541,
10489,78,160000,0,user_40,540,541,
10482,76,160000,0,user_32,540,541,
10483,81,130000,0,user_32,540,541,
10459,82,120000,0,user_16,540,541,
10471,83,120000,0,user_22,540,541,
10449,88,87000,0,user_7,540,541,
10470,90,80000,0,user_21,540,541,
10487,89,80000,0,user_37,540,541,
10446,59,73000,0,user_4,540,540,
10444,2,43000000,0,user_2,540,559,
10484,6,30000000,0,user_34,540,559,
10699,2,6300001,0,builder_18,541,541,10450
10450,54,6300000,155000,user_8,540,559,
10473,63,6300001,0,user_23,540,559,10450
10476,64,6300001,0,user_23,540,559,10450
10477,65,6300001,0,user_24,540,559,10450
10478,66,6300001,0,user_25,540,559,10450
10569,61,6300001,0,user_20,541,559,10450
10572,62,6300001,0,user_25,541,559,10450
10453,71,6300000,0,user_12,540,559,
10468,70,6300000,0,user_20,540,559,
10456,72,6300000,0,user_15,540,559,
10474,79,6299999,0,user_23,540,559,10450
10475,80,6299999,0,user_23,540,559,10450
10562,78,6299999,0,user_13,541,559,10450
10497,88,6100000,0,user_45,540,559,
10445,98,5000000,0,user_4,540,557,
10462,99,5000000,0,user_17,540,557,
10448,98,4500000,0,user_6,540,555,
10575,96,3200000,0,user_27,541,553,
10455,99,2500000,0,user_14,540,552,
10485,92,2500000,0,user_34,540,551,
10465,94,2300000,0,user_17,540,551,
10586,91,2100000,0,user_41,541,550,
10454,99,2000000,0,user_13,540,550,
10494,94,2000000,0,user_42,540,549,
10496,88,1800000,128000,user_44,540,548,
10700,28,1799999,0,builder_18,541,541,10496
10565,96,1800001,0,user_16,541,548,10496
10554,97,1799999,0,user_2,541,548,10496
10558,98,1799999,0,user_10,541,548,10496
10566,89,1799999,0,user_17,541,547,10496
10493,94,1600000,0,user_42,540,546,
10579,95,1600000,0,user_33,541,546,
10490,92,1500000,0,user_41,540,545,
10701,36,1400001,0,builder_18,541,541,10580
10580,95,1400000,6390,user_34,541,545,
10460,96,1400000,0,user_16,540,545,
10577,99,1000000,381000,user_29,541,545,
10702,40,999999,0,builder_18,541,541,10577
10469,90,1100000,0,user_21,540,544,
10486,85,1000000,0,user_35,540,543,
10481,92,970000,0,user_32,540,543,
10492,94,910000,0,user_42,540,543,
10578,95,910000,0,user_32,541,543,
10461,96,870000,0,user_16,540,543,
10582,97,630000,0,user_36,541,543,
10500,99,530000,11200,user_48,540,543,
10703,49,529999,0,builder_18,541,541,10500
10563,77,530001,0,user_14,541,542,10500
10571,78,530001,0,user_24,541,542,10500
10567,79,529999,0,user_18,541,542,10500
10704,53,420001,0,builder_18,541,541,10498
10498,81,420000,67500,user_46,540,542,
10452,83,460000,0,user_10,540,542,
10495,84,460000,0,user_42,540,542,
10564,85,420001,0,user_15,541,542,10498
10573,86,420001,0,user_26,541,542,10498
10705,59,340001,0,builder_18,541,541,10589
10589,60,340000,60700,user_47,541,541,
10706,61,79001,0,builder_18,541,541,10480
10480,62,79000,296000,user_32,540,541,
10443,63,320000,0,user_1,540,541,
10458,64,310000,0,user_16,540,541,
10464,65,300000,0,user_17,540,541,
10491,66,300000,0,user_42,540,541,
10466,67,260000,0,user_18,540,541,
10504,68,240000,0,user_49,540,541,
10499,69,220000,0,user_47,540,541,
10447,70,170000,0,user_5,540,541,
10472,71,170000,0,user_22,540,541,
10488,72,170000,0,user_39,540,541,
10501,73,170000,0,user_49,540,541,
10479,74,160000,0,user_28,540,541,
10457,75,160000,0,user_16,540,541,
10482,76,160000,0,user_32,540,541,
10463,77,160000,0,user_17,540,541,
10489,78,160000,0,user_40,540,541,
10451,79,160000,0,user_9,540,541,
10505,80,150000,0,user_49,540,541,
10483,81,130000,0,user_32,540,541,
10459,82,120000,0,user_16,540,541,
10471,83,120000,0,user_22,540,541,
10502,84,120000,0,user_49,540,541,
10584,85,120000,0,user_37,541,541,
10574,86,110000,0,user_27,541,541,
10583,87,98000,0,user_36,541,541,
10449,88,87000,0,user_7,540,541,
10487,89,80000,0,user_37,540,541,
10470,90,80000,0,user_21,540,541,
10555,91,79001,0,user_3,541,541,10480
10561,92,79001,0,user_11,541,541,10480
10557,93,79001,0,user_10,541,541,10480
10552,94,78999,0,user_1,541,541,10480
10553,95,78999,0,user_2,541,541,10480
10560,96,78999,0,user_11,541,541,10480
10559,97,78999,0,user_10,541,541,10480
10570,98,78999,0,user_21,541,541,10480
10556,99,78999,0,user_9,541,541,10480
10444,2,43000000,0,user_2,540,559,
10484,6,30000000,0,user_34,540,559,
10747,28,27000000,0,user_41,542,559,
10915,3,19000001,0,builder_16,542,542,10588
10588,46,19000000,13900,user_43,541,559,
10916,5,6300001,0,builder_16,542,542,10450
10450,54,6300000,155000,user_8,540,559,
10473,63,6300001,0,user_23,540,559,10450
10476,64,6300001,0,user_23,540,559,10450
10477,65,6300001,0,user_24,540,559,10450
10478,66,6300001,0,user_25,540,559,10450
10569,61,6300001,0,user_20,541,559,10450
10572,62,6300001,0,user_25,541,559,10450
10453,71,6300000,0,user_12,540,559,
10468,70,6300000,0,user_20,540,559,
10456,72,6300000,0,user_15,540,559,
10740,73,6300000,0,user_34,542,559,
10474,79,6299999,0,user_23,540,559,10450
10475,80,6299999,0,user_23,540,559,10450
10562,78,6299999,0,user_13,541,559,10450
10725,81,6299999,0,user_18,542,559,10450
10729,82,6299999,0,user_24,542,559,10450
10497,88,6100000,0,user_45,540,559,
10917,23,5000001,0,builder_16,542,542,10585
10585,94,5000000,6390,user_38,541,557,
10445,98,5000000,0,user_4,540,557,
10462,99,5000000,0,user_17,540,557,
10748,88,5000000,0,user_41,542,556,
10742,87,5000000,0,user_36,542,556,
10448,98,4500000,0,user_6,540,555,
10576,97,4500000,0,user_28,541,555,
10575,96,3200000,0,user_27,541,553,
10455,99,2500000,0,user_14,540,552,
10485,92,2500000,0,user_34,540,551,
10465,94,2300000,0,user_17,540,551,
10586,91,2100000,0,user_41,541,550,
10454,99,2000000,0,user_13,540,550,
10494,94,2000000,0,user_42,540,549,
10737,95,2000000,0,user_32,542,549,
10496,88,1800000,128000,user_44,540,548,
10918,40,1799999,0,builder_16,542,542,10496
10565,96,1800001,0,user_16,541,548,10496
10732,95,1800001,0,user_26,542,548,10496
10554,97,1799999,0,user_2,541,548,10496
10558,98,1799999,0,user_10,541,548,10496
10566,89,1799999,0,user_17,541,547,10496
10710,99,1799999,0,user_2,542,548,10496
10493,94,1600000,0,user_42,540,546,
10579,95,1600000,0,user_33,541,546,
10754,96,1600000,0,user_46,542,546,
10490,92,1500000,0,user_41,540,545,
10739,91,1500000,0,user_32,542,545,
10919,52,1400001,0,builder_16,542,542,10580
10580,95,1400000,6390,user_34,541,545,
10460,96,1400000,0,user_16,540,545,
10577,99,1000000,381000,user_29,541,545,
10920,56,999999,0,builder_16,542,542,10577
10469,90,1100000,0,user_21,540,544,
10590,89,1100000,0,user_49,541,544,
10711,95,1000001,0,user_3,542,544,10577
10722,96,1000001,0,user_14,542,544,10577
10727,98,1000001,0,user_22,542,544,10577
10721,94,1000001,0,user_13,542,544,10577
10726,97,1000001,0,user_21,542,544,10577
10486,85,1000000,0,user_35,540,543,
10587,86,1000000,0,user_43,541,543,
10716,88,999999,0,user_9,542,543,10577
10718,87,999999,0,user_10,542,543,10577
10723,89,999999,0,user_15,542,543,10577
10481,92,970000,0,user_32,540,543,
10492,94,910000,0,user_42,540,543,
10578,95,910000,0,user_32,541,543,
10461,96,870000,0,user_16,540,543,
10582,97,630000,0,user_36,541,543,
10753,98,600000,0,user_46,542,543,
10921,75,530001,0,builder_16,542,542,10500
10500,99,530000,11200,user_48,540,543,
10563,77,530001,0,user_14,541,542,10500
10571,78,530001,0,user_24,541,542,10500
10567,79,529999,0,user_18,541,542,10500
10922,80,420001,0,builder_16,542,542,10498
10498,81,420000,67500,user_46,540,542,
10750,82,470000,0,user_45,542,542,
10452,83,460000,0,user_10,540,542,
10495,84,460000,0,user_42,540,542,
10564,85,420001,0,user_15,541,542,10498
10573,86,420001,0,user_26,541,542,10498
10730,87,420001,0,user_24,542,542,10498
10568,88,419999,0,user_19,541,542,10498
10712,89,419999,0,user_4,542,542,10498
10717,90,419999,0,user_9,542,542,10498
10708,91,419999,0,user_2,542,542,10498
10709,92,419999,0,user_2,542,542,10498
10719,93,419999,0,user_11,542,542,10498
10713,94,419999,0,user_6,542,542,10498
10724,95,419999,0,user_17,542,542,10498
10715,96,419999,0,user_7,542,542,10498
10728,97,419999,0,user_23,542,542,10498
10731,98,419999,0,user_24,542,542,10498
10923,99,340001,0,builder_16,542,542,10589
10444,2,43000000,0,user_2,540,559,
10484,6,30000000,0,user_34,540,559,
10747,28,27000000,0,user_41,542,559,
10988,29,27000000,0,user_40,543,559,
11161,4,19000001,0,builder_16,543,543,10588
10588,46,19000000,13900,user_43,541,559,
10450,54,6300000,155000,user_8,540,559,
11162,7,6299999,0,builder_16,543,543,10450
11163,8,6300001,0,builder_16,543,543,10986
10986,57,6300000,146000,user_39,543,559,
10473,63,6300001,0,user_23,540,559,10450
10476,64,6300001,0,user_23,540,559,10450
10477,65,6300001,0,user_24,540,559,10450
10478,66,6300001,0,user_25,540,559,10450
10569,61,6300001,0,user_20,541,559,10450
10572,62,6300001,0,user_25,541,559,10450
10453,71,6300000,0,user_12,540,559,
10468,70,6300000,0,user_20,540,559,
10456,72,6300000,0,user_15,540,559,
10740,73,6300000,0,user_34,542,559,
10973,74,6300000,0,user_29,543,559,
10474,79,6299999,0,user_23,540,559,10450
10475,80,6299999,0,user_23,540,559,10450
10562,78,6299999,0,user_13,541,559,10450
10725,81,6299999,0,user_18,542,559,10450
10943,83,6299999,0,user_1,543,559,10450
10729,82,6299999,0,user_24,542,559,10450
10497,88,6100000,0,user_45,540,559,
11001,89,6100000,0,user_44,543,559,
10585,94,5000000,6390,user_38,541,557,
11164,30,4999999,0,builder_16,543,543,10585
10445,98,5000000,0,user_4,540,557,
10462,99,5000000,0,user_17,540,557,
10749,96,5000000,0,user_43,542,557,
10742,87,5000000,0,user_36,542,556,
10748,88,5000000,0,user_41,542,556,
10448,98,4500000,0,user_6,540,555,
10576,97,4500000,0,user_28,541,555,
10575,96,3200000,0,user_27,541,553,
10455,99,2500000,0,user_14,540,552,
10485,92,2500000,0,user_34,540,551,
10465,94,2300000,0,user_17,540,551,
10984,95,2300000,0,user_37,543,551,
10586,91,2100000,0,user_41,541,550,
10733,93,2000000,49100,user_27,542,550,
11165,45,1999999,0,builder_16,543,543,10733
10454,99,2000000,0,user_13,540,550,
10494,94,2000000,0,user_42,540,549,
10737,95,2000000,0,user_32,542,549,
11000,95,2000000,0,user_44,543,550,
10991,96,2000000,0,user_40,543,550,
10996,97,2000000,0,user_41,543,550,
10496,88,1800000,128000,user_44,540,548,
11166,53,1799999,0,builder_16,543,543,10496
10995,90,1900000,0,user_41,543,548,
10565,96,1800001,0,user_16,541,548,10496
10732,95,1800001,0,user_26,542,548,10496
10554,97,1799999,0,user_2,541,548,10496
10558,98,1799999,0,user_10,541,548,10496
10566,89,1799999,0,user_17,541,547,10496
10710,99,1799999,0,user_2,542,548,10496
10947,92,1799999,0,user_6,543,547,10496
10493,94,1600000,0,user_42,540,546,
10579,95,1600000,0,user_33,541,546,
10754,96,1600000,0,user_46,542,546,
10490,92,1500000,0,user_41,540,545,
10739,91,1500000,0,user_32,542,545,
10994,93,1500000,0,user_41,543,545,
11167,68,1400001,0,builder_16,543,543,10580
10580,95,1400000,6390,user_34,541,545,
10460,96,1400000,0,user_16,540,545,
10577,99,1000000,381000,user_29,541,545,
11168,72,999999,0,builder_16,543,543,10577
10997,83,1300000,0,user_41,543,544,
10469,90,1100000,0,user_21,540,544,
10590,89,1100000,0,user_49,541,544,
10989,91,1100000,0,user_40,543,544,
11169,77,1000001,0,builder_16,543,543,10980
10980,93,1000000,15700,user_33,543,544,
10711,95,1000001,0,user_3,542,544,10577
10722,96,1000001,0,user_14,542,544,10577
10726,97,1000001,0,user_21,542,544,10577
10721,94,1000001,0,user_13,542,544,10577
10727,98,1000001,0,user_22,542,544,10577
10945,99,1000001,0,user_3,543,544,10577
10486,85,1000000,0,user_35,540,543,
10587,86,1000000,0,user_43,541,543,
10718,87,999999,0,user_10,542,543,10577
10716,88,999999,0,user_9,542,543,10577
10723,89,999999,0,user_15,542,543,10577
10955,90,999999,0,user_11,543,543,10577
10957,91,999999,0,user_12,543,543,10577
10481,92,970000,0,user_32,540,543,
10744,93,970000,0,user_38,542,543,
10492,94,910000,0,user_42,540,543,
10578,95,910000,0,user_32,541,543,
10461,96,870000,0,user_16,540,543,
10582,97,630000,0,user_36,541,543,
10753,98,600000,0,user_46,542,543,
10500,99,530000,11200,user_48,540,543,
10444,2,43000000,0,user_2,540,559,
10484,6,30000000,0,user_34,540,559,
10747,28,27000000,0,user_41,542,559,
10988,29,27000000,0,user_40,543,559,
11383,4,19000001,0,builder_16,544,544,10588
10588,46,19000000,13900,user_43,541,559,
11384,6,6300001,0,builder_16,544,544,10450
10450,54,6300000,155000,user_8,540,559,
10569,61,6300001,0,user_20,541,559,10450
10572,62,6300001,0,user_25,541,559,10450
10473,63,6300001,0,user_23,540,559,10450
10476,64,6300001,0,user_23,540,559,10450
10477,65,6300001,0,user_24,540,559,10450
10478,66,6300001,0,user_25,540,559,10450
11196,59,6300001,0,user_9,544,559,10986
11192,58,6300001,0,user_3,544,559,10986
11193,60,6300001,0,user_6,544,559,10450
10468,70,6300000,0,user_20,540,559,
10453,71,6300000,0,user_12,540,559,
10456,72,6300000,0,user_15,540,559,
10740,73,6300000,0,user_34,542,559,
10973,74,6300000,0,user_29,543,559,
11216,69,6300000,0,user_32,544,559,
10562,78,6299999,0,user_13,541,559,10450
10474,79,6299999,0,user_23,540,559,10450
10475,80,6299999,0,user_23,540,559,10450
10725,81,6299999,0,user_18,542,559,10450
10729,82,6299999,0,user_24,542,559,10450
10943,83,6299999,0,user_1,543,559,10450
11197,76,6299999,0,user_10,544,559,10450
11207,77,6299999,0,user_20,544,559,10450
10497,88,6100000,0,user_45,540,559,
11001,89,6100000,0,user_44,543,559,
10975,90,6100000,0,user_31,543,559,
11385,34,5000001,0,builder_16,544,544,10585
10585,94,5000000,6390,user_38,541,557,
10445,98,5000000,0,user_4,540,557,
10462,99,5000000,0,user_17,540,557,
10748,88,5000000,0,user_41,542,556,
10742,87,5000000,0,user_36,542,556,
10749,96,5000000,0,user_43,542,557,
11226,97,5000000,0,user_45,544,557,
10576,97,4500000,0,user_28,541,555,
10448,98,4500000,0,user_6,540,555,
10575,96,3200000,0,user_27,541,553,
10455,99,2500000,0,user_14,540,552,
10485,92,2500000,0,user_34,540,551,
10465,94,2300000,0,user_17,540,551,
10984,95,2300000,0,user_37,543,551,
11386,49,1200001,0,builder_16,544,544,10985
10985,98,1200000,959000,user_38,543,551,
10586,91,2100000,0,user_41,541,550,
10733,93,2000000,49100,user_27,542,550,
11387,53,1999999,0,builder_16,544,544,10733
10454,99,2000000,0,user_13,540,550,
10494,94,2000000,0,user_42,540,549,
10737,95,2000000,0,user_32,542,549,
11000,95,2000000,0,user_44,543,550,
10991,96,2000000,0,user_40,543,550,
10996,97,2000000,0,user_41,543,550,
10496,88,1800000,128000,user_44,540,548,
11388,61,1799999,0,builder_16,544,544,10496
10995,90,1900000,0,user_41,543,548,
11227,91,1600000,256000,user_46,544,548,
11389,64,1599999,0,builder_16,544,544,11227
10565,96,1800001,0,user_16,541,548,10496
10732,95,1800001,0,user_26,542,548,10496
10558,98,1799999,0,user_10,541,548,10496
10566,89,1799999,0,user_17,541,547,10496
10710,99,1799999,0,user_2,542,548,10496
10554,97,1799999,0,user_2,541,548,10496
10947,92,1799999,0,user_6,543,547,10496
10579,95,1600000,0,user_33,541,546,
10493,94,1600000,0,user_42,540,546,
10754,96,1600000,0,user_46,542,546,
10490,92,1500000,0,user_41,540,545,
10739,91,1500000,0,user_32,542,545,
10994,93,1500000,0,user_41,543,545,
11390,78,1400001,0,builder_16,544,544,10580
10580,95,1400000,6390,user_34,541,545,
10460,96,1400000,0,user_16,540,545,
11391,81,1000001,0,builder_16,544,544,10577
10577,99,1000000,381000,user_29,541,545,
10997,83,1300000,0,user_41,543,544,
11199,84,1200001,0,user_11,544,544,10985
11201,85,1200001,0,user_14,544,544,10985
11200,86,1200001,0,user_12,544,544,10985
11209,87,1199999,0,user_22,544,544,10985
11203,88,1199999,0,user_17,544,544,10985
10590,89,1100000,0,user_49,541,544,
10469,90,1100000,0,user_21,540,544,
10989,91,1100000,0,user_40,543,544,
11392,92,1000001,0,builder_16,544,544,10980
10980,93,1000000,15700,user_33,543,544,
10721,94,1000001,0,user_13,542,544,10577
10711,95,1000001,0,user_3,542,544,10577
10722,96,1000001,0,user_14,542,544,10577
10726,97,1000001,0,user_21,542,544,10577
10727,98,1000001,0,user_22,542,544,10577
10945,99,1000001,0,user_3,543,544,10577
10444,2,43000000,0,user_2,540,559,
11448,3,30000000,11200,user_33,545,559,
11638,2,29999999,0,builder_16,545,545,11448
10484,6,30000000,0,user_34,540,559,
11457,5,30000000,0,user_47,545,559,
10747,28,27000000,0,user_41,542,559,
10988,29,27000000,0,user_40,543,559,
11455,27,27000000,0,user_46,545,559,
11639,8,19000001,0,builder_16,545,545,10588
10588,46,19000000,13900,user_43,541,559,
10450,54,6300000,155000,user_8,540,559,
11640,11,6299999,0,builder_16,545,545,10450
11641,12,6300001,0,builder_16,545,545,10986
10986,57,6300000,146000,user_39,543,559,
10572,62,6300001,0,user_25,541,559,10450
10569,61,6300001,0,user_20,541,559,10450
10473,63,6300001,0,user_23,540,559,10450
10476,64,6300001,0,user_23,540,559,10450
10478,66,6300001,0,user_25,540,559,10450
10477,65,6300001,0,user_24,540,559,10450
11192,58,6300001,0,user_3,544,559,10986
11196,59,6300001,0,user_9,544,559,10986
11193,60,6300001,0,user_6,544,559,10450
10740,73,6300000,0,user_34,542,559,
10468,70,6300000,0,user_20,540,559,
10453,71,6300000,0,user_12,540,559,
10456,72,6300000,0,user_15,540,559,
10973,74,6300000,0,user_29,543,559,
11216,69,6300000,0,user_32,544,559,
10725,81,6299999,0,user_18,542,559,10450
10729,82,6299999,0,user_24,542,559,10450
10943,83,6299999,0,user_1,543,559,10450
10562,78,6299999,0,user_13,541,559,10450
10474,79,6299999,0,user_23,540,559,10450
10475,80,6299999,0,user_23,540,559,10450
11197,76,6299999,0,user_10,544,559,10450
11207,77,6299999,0,user_20,544,559,10450
11001,89,6100000,0,user_44,543,559,
10497,88,6100000,0,user_45,540,559,
10975,90,6100000,0,user_31,543,559,
11642,40,5000001,0,builder_16,545,545,10585
10585,94,5000000,6390,user_38,541,557,
10742,87,5000000,0,user_36,542,556,
10748,88,5000000,0,user_41,542,556,
10749,96,5000000,0,user_43,542,557,
10445,98,5000000,0,user_4,540,557,
10462,99,5000000,0,user_17,540,557,
11226,97,5000000,0,user_45,544,557,
11456,96,4500000,121000,user_46,545,556,
11643,49,4499999,0,builder_16,545,545,11456
10448,98,4500000,0,user_6,540,555,
10576,97,4500000,0,user_28,541,555,
11213,96,4200000,0,user_31,544,554,
10575,96,3200000,0,user_27,541,553,
10455,99,2500000,0,user_14,540,552,
10485,92,2500000,0,user_34,540,551,
11454,98,2500000,0,user_40,545,552,
10984,95,2300000,0,user_37,543,551,
10465,94,2300000,0,user_17,540,551,
11644,59,1200001,0,builder_16,545,545,10985
10985,98,1200000,959000,user_38,543,551,
10586,91,2100000,0,user_41,541,550,
11645,62,2000001,0,builder_16,545,545,10733
10733,93,2000000,49100,user_27,542,550,
10737,95,2000000,0,user_32,542,549,
11000,95,2000000,0,user_44,543,550,
10454,99,2000000,0,user_13,540,550,
10494,94,2000000,0,user_42,540,549,
10991,96,2000000,0,user_40,543,550,
10996,97,2000000,0,user_41,543,550,
11214,98,2000000,0,user_31,544,550,
10496,88,1800000,128000,user_44,540,548,
11646,72,1799999,0,builder_16,545,545,10496
10995,90,1900000,0,user_41,543,548,
11227,91,1600000,256000,user_46,544,548,
11647,75,1599999,0,builder_16,545,545,11227
10732,95,1800001,0,user_26,542,548,10496
10565,96,1800001,0,user_16,541,548,10496
10554,97,1799999,0,user_2,541,548,10496
10558,98,1799999,0,user_10,541,548,10496
10710,99,1799999,0,user_2,542,548,10496
10566,89,1799999,0,user_17,541,547,10496
10947,92,1799999,0,user_6,543,547,10496
11450,93,1600000,39400,user_36,545,547,
11648,84,1599999,0,builder_16,545,545,11450
11430,96,1600001,0,user_15,545,547,11227
11431,95,1600001,0,user_18,545,547,11227
10754,96,1600000,0,user_46,542,546,
10579,95,1600000,0,user_33,541,546,
10493,94,1600000,0,user_42,540,546,
11437,98,1599999,0,user_21,545,546,11227
10739,91,1500000,0,user_32,542,545,
10490,92,1500000,0,user_41,540,545,
10994,93,1500000,0,user_41,543,545,
11649,94,1400001,0,builder_16,545,545,10580
10580,95,1400000,6390,user_34,541,545,
10460,96,1400000,0,user_16,540,545,
11212,97,1400000,0,user_27,544,545,
11650,98,1000001,0,builder_16,545,545,10577
10577,99,1000000,381000,user_29,541,545,
10444,2,43000000,0,user_2,540,559,
11448,3,30000000,11200,user_33,545,559,
11895,2,29999999,0,builder_16,546,546,11448
10484,6,30000000,0,user_34,540,559,
11457,5,30000000,0,user_47,545,559,
11715,7,30000000,0,user_46,546,559,
10988,29,27000000,0,user_40,543,559,
10747,28,27000000,0,user_41,542,559,
11455,27,27000000,0,user_46,545,559,
11710,30,27000000,0,user_42,546,559,
10588,46,19000000,13900,user_43,541,559,
11896,11,18999999,0,builder_16,546,546,10588
11897,12,6300001,0,builder_16,546,546,10450
10450,54,6300000,155000,user_8,540,559,
11898,14,6300001,0,builder_16,546,546,10986
10986,57,6300000,146000,user_39,543,559,
10473,63,6300001,0,user_23,540,559,10450
10476,64,6300001,0,user_23,540,559,10450
10477,65,6300001,0,user_24,540,559,10450
10478,66,6300001,0,user_25,540,559,10450
10569,61,6300001,0,user_20,541,559,10450
10572,62,6300001,0,user_25,541,559,10450
11192,58,6300001,0,user_3,544,559,10986
11193,60,6300001,0,user_6,544,559,10450
11196,59,6300001,0,user_9,544,559,10986
10973,74,6300000,0,user_29,543,559,
10453,71,6300000,0,user_12,540,559,
10468,70,6300000,0,user_20,540,559,
10456,72,6300000,0,user_15,540,559,
10740,73,6300000,0,user_34,542,559,
11216,69,6300000,0,user_32,544,559,
10943,83,6299999,0,user_1,543,559,10450
11197,76,6299999,0,user_10,544,559,10450
11207,77,6299999,0,user_20,544,559,10450
10474,79,6299999,0,user_23,540,559,10450
10475,80,6299999,0,user_23,540,559,10450
10562,78,6299999,0,user_13,541,559,10450
10725,81,6299999,0,user_18,542,559,10450
10729,82,6299999,0,user_24,542,559,10450
11001,89,6100000,0,user_44,543,559,
10975,90,6100000,0,user_31,543,559,
10497,88,6100000,0,user_45,540,559,
10585,94,5000000,6390,user_38,541,557,
11899,43,4999999,0,builder_16,546,546,10585
10749,96,5000000,0,user_43,542,557,
11226,97,5000000,0,user_45,544,557,
10445,98,5000000,0,user_4,540,557,
10462,99,5000000,0,user_17,540,557,
10742,87,5000000,0,user_36,542,556,
10748,88,5000000,0,user_41,542,556,
11709,86,5000000,0,user_40,546,556,
11900,51,4500001,0,builder_16,546,546,11456
11456,96,4500000,121000,user_46,545,556,
10448,98,4500000,0,user_6,540,555,
10576,97,4500000,0,user_28,541,555,
11446,96,4500000,0,user_31,545,555,
11213,96,4200000,0,user_31,544,554,
10575,96,3200000,0,user_27,541,553,
11716,93,2600000,0,user_47,546,552,
10455,99,2500000,0,user_14,540,552,
10485,92,2500000,0,user_34,540,551,
11454,98,2500000,0,user_40,545,552,
10984,95,2300000,0,user_37,543,551,
10465,94,2300000,0,user_17,540,551,
10985,98,1200000,959000,user_38,543,551,
11901,65,1199999,0,builder_16,546,546,10985
10586,91,2100000,0,user_41,541,550,
10733,93,2000000,49100,user_27,542,550,
11902,68,1999999,0,builder_16,546,546,10733
11000,95,2000000,0,user_44,543,550,
10991,96,2000000,0,user_40,543,550,
10996,97,2000000,0,user_41,543,550,
10454,99,2000000,0,user_13,540,550,
10494,94,2000000,0,user_42,540,549,
10737,95,2000000,0,user_32,542,549,
11214,98,2000000,0,user_31,544,550,
11903,76,1800001,0,builder_16,546,546,10496
10496,88,1800000,128000,user_44,540,548,
10995,90,1900000,0,user_41,543,548,
11227,91,1600000,256000,user_46,544,548,
11904,80,1599999,0,builder_16,546,546,11227
10565,96,1800001,0,user_16,541,548,10496
10732,95,1800001,0,user_26,542,548,10496
10947,92,1799999,0,user_6,543,547,10496
10554,97,1799999,0,user_2,541,548,10496
10558,98,1799999,0,user_10,541,548,10496
10566,89,1799999,0,user_17,541,547,10496
10710,99,1799999,0,user_2,542,548,10496
11905,88,1600001,0,builder_16,546,546,11450
11450,93,1600000,39400,user_36,545,547,
11430,96,1600001,0,user_15,545,547,11227
11431,95,1600001,0,user_18,545,547,11227
11679,97,1600001,0,user_1,546,547,11227
11688,98,1600001,0,user_11,546,547,11227
10493,94,1600000,0,user_42,540,546,
10579,95,1600000,0,user_33,541,546,
10754,96,1600000,0,user_46,542,546,
11704,97,1600000,0,user_29,546,546,
11437,98,1599999,0,user_21,545,546,11227
11433,99,1599999,0,user_19,545,546,11227
10444,2,43000000,0,user_2,540,559,
11448,3,30000000,11200,user_33,545,559,
12166,2,29999999,0,builder_18,547,547,11448
11457,5,30000000,0,user_47,545,559,
10484,6,30000000,0,user_34,540,559,
11715,7,30000000,0,user_46,546,559,
11969,8,30000000,0,user_45,547,559,
11455,27,27000000,0,user_46,545,559,
10747,28,27000000,0,user_41,542,559,
10988,29,27000000,0,user_40,543,559,
11710,30,27000000,0,user_42,546,559,
10588,46,19000000,13900,user_43,541,559,
12167,12,18999999,0,builder_18,547,547,10588
12168,13,6300001,0,builder_18,547,547,10450
10450,54,6300000,155000,user_8,540,559,
12169,15,6300001,0,builder_18,547,547,10986
10986,57,6300000,146000,user_39,543,559,
11192,58,6300001,0,user_3,544,559,10986
11196,59,6300001,0,user_9,544,559,10986
11193,60,6300001,0,user_6,544,559,10450
10569,61,6300001,0,user_20,541,559,10450
10572,62,6300001,0,user_25,541,559,10450
10473,63,6300001,0,user_23,540,559,10450
10476,64,6300001,0,user_23,540,559,10450
10477,65,6300001,0,user_24,540,559,10450
10478,66,6300001,0,user_25,540,559,10450
11216,69,6300000,0,user_32,544,559,
10468,70,6300000,0,user_20,540,559,
10453,71,6300000,0,user_12,540,559,
10456,72,6300000,0,user_15,540,559,
10740,73,6300000,0,user_34,542,559,
10973,74,6300000,0,user_29,543,559,
11197,76,6299999,0,user_10,544,559,10450
11207,77,6299999,0,user_20,544,559,10450
10562,78,6299999,0,user_13,541,559,10450
10474,79,6299999,0,user_23,540,559,10450
10475,80,6299999,0,user_23,540,559,10450
10725,81,6299999,0,user_18,542,559,10450
10729,82,6299999,0,user_24,542,559,10450
10943,83,6299999,0,user_1,543,559,10450
10497,88,6100000,0,user_45,540,559,
11001,89,6100000,0,user_44,543,559,
10975,90,6100000,0,user_31,543,559,
12170,43,5000001,0,builder_18,547,547,10585
10585,94,5000000,6390,user_38,541,557,
11226,97,5000000,0,user_45,544,557,
10445,98,5000000,0,user_4,540,557,
10462,99,5000000,0,user_17,540,557,
10748,88,5000000,0,user_41,542,556,
10742,87,5000000,0,user_36,542,556,
10749,96,5000000,0,user_43,542,557,
11709,86,5000000,0,user_40,546,556,
11456,96,4500000,121000,user_46,545,556,
12171,53,4499999,0,builder_18,547,547,11456
11446,96,4500000,0,user_31,545,555,
10576,97,4500000,0,user_28,541,555,
10448,98,4500000,0,user_6,540,555,
11213,96,4200000,0,user_31,544,554,
10575,96,3200000,0,user_27,541,553,
11959,95,3200000,0,user_36,547,553,
11716,93,2600000,0,user_47,546,552,
11954,99,2600000,0,user_33,547,553,
11454,98,2500000,0,user_40,545,552,
10455,99,2500000,0,user_14,540,552,
10485,92,2500000,0,user_34,540,551,
10465,94,2300000,0,user_17,540,551,
10984,95,2300000,0,user_37,543,551,
10985,98,1200000,959000,user_38,543,551,
12172,68,1199999,0,builder_18,547,547,10985
10586,91,2100000,0,user_41,541,550,
12173,70,2000001,0,builder_18,547,547,10733
10733,93,2000000,49100,user_27,542,550,
11214,98,2000000,0,user_31,544,550,
10454,99,2000000,0,user_13,540,550,
10494,94,2000000,0,user_42,540,549,
10737,95,2000000,0,user_32,542,549,
11000,95,2000000,0,user_44,543,550,
10991,96,2000000,0,user_40,543,550,
10996,97,2000000,0,user_41,543,550,
12174,79,1800001,0,builder_18,547,547,10496
10496,88,1800000,128000,user_44,540,548,
10995,90,1900000,0,user_41,543,548,
12175,82,1600001,0,builder_18,547,547,11227
11227,91,1600000,256000,user_46,544,548,
12176,84,1300001,0,builder_18,547,547,11955
11955,94,1300000,510000,user_34,547,548,
10565,96,1800001,0,user_16,541,548,10496
10732,95,1800001,0,user_26,542,548,10496
10558,98,1799999,0,user_10,541,548,10496
10566,89,1799999,0,user_17,541,547,10496
10710,99,1799999,0,user_2,542,548,10496
10554,97,1799999,0,user_2,541,548,10496
10947,92,1799999,0,user_6,543,547,10496
11450,93,1600000,39400,user_36,545,547,
12177,94,1599999,0,builder_18,547,547,11450
11431,95,1600001,0,user_18,545,547,11227
11430,96,1600001,0,user_15,545,547,11227
11679,97,1600001,0,user_1,546,547,11227
11688,98,1600001,0,user_11,546,547,11227
11930,99,1600001,0,user_4,547,547,11227
10444,2,43000000,0,user_2,540,559,
11448,3,30000000,11200,user_33,545,559,
12451,2,29999999,0,builder_18,548,548,11448
11457,5,30000000,0,user_47,545,559,
11715,7,30000000,0,user_46,546,559,
11969,8,30000000,0,user_45,547,559,
10484,6,30000000,0,user_34,540,559,
12221,12,27000000,779000,user_37,548,559,
12452,8,26999999,0,builder_18,548,548,12221
11455,27,27000000,0,user_46,545,559,
11710,30,27000000,0,user_42,546,559,
10747,28,27000000,0,user_41,542,559,
10988,29,27000000,0,user_40,543,559,
10588,46,19000000,13900,user_43,541,559,
12453,14,18999999,0,builder_18,548,548,10588
11960,50,19000000,0,user_38,547,559,
12454,16,6300001,0,builder_18,548,548,10450
10450,54,6300000,155000,user_8,540,559,
10986,57,6300000,146000,user_39,543,559,
12455,19,6299999,0,builder_18,548,548,10986
10572,62,6300001,0,user_25,541,559,10450
10569,61,6300001,0,user_20,541,559,10450
10473,63,6300001,0,user_23,540,559,10450
10476,64,6300001,0,user_23,540,559,10450
10478,66,6300001,0,user_25,540,559,10450
10477,65,6300001,0,user_24,540,559,10450
11192,58,6300001,0,user_3,544,559,10986
11196,59,6300001,0,user_9,544,559,10986
11193,60,6300001,0,user_6,544,559,10450
10740,73,6300000,0,user_34,542,559,
10468,70,6300000,0,user_20,540,559,
10453,71,6300000,0,user_12,540,559,
10456,72,6300000,0,user_15,540,559,
10973,74,6300000,0,user_29,543,559,
11216,69,6300000,0,user_32,544,559,
10725,81,6299999,0,user_18,542,559,10450
10729,82,6299999,0,user_24,542,559,10450
10943,83,6299999,0,user_1,543,559,10450
10562,78,6299999,0,user_13,541,559,10450
10474,79,6299999,0,user_23,540,559,10450
10475,80,6299999,0,user_23,540,559,10450
11197,76,6299999,0,user_10,544,559,10450
11207,77,6299999,0,user_20,544,559,10450
11001,89,6100000,0,user_44,543,559,
10497,88,6100000,0,user_45,540,559,
10975,90,6100000,0,user_31,543,559,
10585,94,5000000,6390,user_38,541,557,
12456,47,4999999,0,builder_18,548,548,10585
11709,86,5000000,0,user_40,546,556,
10742,87,5000000,0,user_36,542,556,
10748,88,5000000,0,user_41,542,556,
10749,96,5000000,0,user_43,542,557,
10445,98,5000000,0,user_4,540,557,
10462,99,5000000,0,user_17,540,557,
11226,97,5000000,0,user_45,544,557,
11456,96,4500000,121000,user_46,545,556,
12457,56,4499999,0,builder_18,548,548,11456
11446,96,4500000,0,user_31,545,555,
10448,98,4500000,0,user_6,540,555,
10576,97,4500000,0,user_28,541,555,
11213,96,4200000,0,user_31,544,554,
12220,94,4200000,0,user_37,548,554,
12215,95,4200000,0,user_30,548,554,
11949,94,3500000,0,user_28,547,553,
10575,96,3200000,0,user_27,541,553,
11959,95,3200000,0,user_36,547,553,
11716,93,2600000,0,user_47,546,552,
11954,99,2600000,0,user_33,547,553,
11454,98,2500000,0,user_40,545,552,
10455,99,2500000,0,user_14,540,552,
10485,92,2500000,0,user_34,540,551,
10984,95,2300000,0,user_37,543,551,
10465,94,2300000,0,user_17,540,551,
12226,96,2300000,0,user_48,548,551,
12458,74,1200001,0,builder_18,548,548,10985
10985,98,1200000,959000,user_38,543,551,
12459,76,2100001,0,builder_18,548,548,11967
11967,99,2100000,33300,user_43,547,551,
10586,91,2100000,0,user_41,541,550,
10733,93,2000000,49100,user_27,542,550,
12460,80,1999999,0,builder_18,548,548,10733
10737,95,2000000,0,user_32,542,549,
11000,95,2000000,0,user_44,543,550,
10454,99,2000000,0,user_13,540,550,
10494,94,2000000,0,user_42,540,549,
10991,96,2000000,0,user_40,543,550,
10996,97,2000000,0,user_41,543,550,
11214,98,2000000,0,user_31,544,550,
10496,88,1800000,128000,user_44,540,548,
12461,89,1799999,0,builder_18,548,548,10496
10995,90,1900000,0,user_41,543,548,
11227,91,1600000,256000,user_46,544,548,
12462,92,1599999,0,builder_18,548,548,11227
12463,93,1300001,0,builder_18,548,548,11955
11955,94,1300000,510000,user_34,547,548,
10732,95,1800001,0,user_26,542,548,10496
10565,96,1800001,0,user_16,541,548,10496
10554,97,1799999,0,user_2,541,548,10496
10558,98,1799999,0,user_10,541,548,10496
10710,99,1799999,0,user_2,542,548,10496
10444,2,43000000,0,user_2,540,559,
11448,3,30000000,11200,user_33,545,559,
12768,2,29999999,0,builder_18,549,549,11448
11969,8,30000000,0,user_45,547,559,
10484,6,30000000,0,user_34,540,559,
11457,5,30000000,0,user_47,545,559,
11715,7,30000000,0,user_46,546,559,
12769,7,27000001,0,builder_18,549,549,12221
12221,12,27000000,779000,user_37,548,559,
12494,18,27000001,0,user_20,549,559,12221
10988,29,27000000,0,user_40,543,559,
10747,28,27000000,0,user_41,542,559,
11455,27,27000000,0,user_46,545,559,
11710,30,27000000,0,user_42,546,559,
12482,35,26999999,0,user_11,549,559,12221
12770,15,19000001,0,builder_18,549,549,10588
10588,46,19000000,13900,user_43,541,559,
11960,50,19000000,0,user_38,547,559,
12771,18,6300001,0,builder_18,549,549,10450
10450,54,6300000,155000,user_8,540,559,
12772,20,6300001,0,builder_18,549,549,10986
10986,57,6300000,146000,user_39,543,559,
10473,63,6300001,0,user_23,540,559,10450
10476,64,6300001,0,user_23,540,559,10450
10477,65,6300001,0,user_24,540,559,10450
10478,66,6300001,0,user_25,540,559,10450
10569,61,6300001,0,user_20,541,559,10450
10572,62,6300001,0,user_25,541,559,10450
11192,58,6300001,0,user_3,544,559,10986
11193,60,6300001,0,user_6,544,559,10450
11196,59,6300001,0,user_9,544,559,10986
10973,74,6300000,0,user_29,543,559,
10453,71,6300000,0,user_12,540,559,
10468,70,6300000,0,user_20,540,559,
10456,72,6300000,0,user_15,540,559,
10740,73,6300000,0,user_34,542,559,
11216,69,6300000,0,user_32,544,559,
10943,83,6299999,0,user_1,543,559,10450
11197,76,6299999,0,user_10,544,559,10450
11207,77,6299999,0,user_20,544,559,10450
10474,79,6299999,0,user_23,540,559,10450
10475,80,6299999,0,user_23,540,559,10450
10562,78,6299999,0,user_13,541,559,10450
10725,81,6299999,0,user_18,542,559,10450
10729,82,6299999,0,user_24,542,559,10450
12227,87,6100000,8520,user_49,548,559,
12773,46,6099999,0,builder_18,549,549,12227
11001,89,6100000,0,user_44,543,559,
10975,90,6100000,0,user_31,543,559,
10497,88,6100000,0,user_45,540,559,
12774,50,5000001,0,builder_18,549,549,10585
10585,94,5000000,6390,user_38,541,557,
10749,96,5000000,0,user_43,542,557,
11226,97,5000000,0,user_45,544,557,
10445,98,5000000,0,user_4,540,557,
10462,99,5000000,0,user_17,540,557,
10742,87,5000000,0,user_36,542,556,
10748,88,5000000,0,user_41,542,556,
11709,86,5000000,0,user_40,546,556,
11456,96,4500000,121000,user_46,545,556,
12775,60,4499999,0,builder_18,549,549,11456
10448,98,4500000,0,user_6,540,555,
10576,97,4500000,0,user_28,541,555,
11446,96,4500000,0,user_31,545,555,
12220,94,4200000,0,user_37,548,554,
11213,96,4200000,0,user_31,544,554,
12215,95,4200000,0,user_30,548,554,
12521,97,4200000,0,user_47,549,554,
12510,93,3500000,31700,user_39,549,553,
12776,69,3499999,0,builder_18,549,549,12510
11949,94,3500000,0,user_28,547,553,
11959,95,3200000,0,user_36,547,553,
10575,96,3200000,0,user_27,541,553,
11954,99,2600000,0,user_33,547,553,
11716,93,2600000,0,user_47,546,552,
12518,97,1800000,769000,user_44,549,552,
12777,76,1799999,0,builder_18,549,549,12518
10455,99,2500000,0,user_14,540,552,
10485,92,2500000,0,user_34,540,551,
11454,98,2500000,0,user_40,545,552,
10984,95,2300000,0,user_37,543,551,
10465,94,2300000,0,user_17,540,551,
12226,96,2300000,0,user_48,548,551,
10985,98,1200000,959000,user_38,543,551,
12778,84,1199999,0,builder_18,549,549,10985
11967,99,2100000,33300,user_43,547,551,
12779,86,2099999,0,builder_18,549,549,11967
10586,91,2100000,0,user_41,541,550,
10733,93,2000000,49100,user_27,542,550,
12780,89,1999999,0,builder_18,549,549,10733
11000,95,2000000,0,user_44,543,550,
10991,96,2000000,0,user_40,543,550,
10996,97,2000000,0,user_41,543,550,
10454,99,2000000,0,user_13,540,550,
10494,94,2000000,0,user_42,540,549,
10737,95,2000000,0,user_32,542,549,
11214,98,2000000,0,user_31,544,550,
12509,94,2000000,0,user_37,549,550,
12514,98,2000000,0,user_42,549,549,
12781,99,1800001,0,builder_18,549,549,10496
10444,2,43000000,0,user_2,540,559,
11448,3,30000000,11200,user_33,545,559,
13062,2,29999999,0,builder_18,550,550,11448
11969,8,30000000,0,user_45,547,559,
10484,6,30000000,0,user_34,540,559,
11457,5,30000000,0,user_47,545,559,
11715,7,30000000,0,user_46,546,559,
12221,12,27000000,779000,user_37,548,559,
13063,8,26999999,0,builder_18,550,550,12221
12494,18,27000001,0,user_20,549,559,12221
12783,20,27000001,0,user_0,550,559,12221
12796,19,27000001,0,user_11,550,559,12221
10988,29,27000000,0,user_40,543,559,
10747,28,27000000,0,user_41,542,559,
11455,27,27000000,0,user_46,545,559,
11710,30,27000000,0,user_42,546,559,
12482,35,26999999,0,user_11,549,559,12221
12785,36,26999999,0,user_0,550,559,12221
13064,18,19000001,0,builder_18,550,550,10588
10588,46,19000000,13900,user_43,541,559,
11960,50,19000000,0,user_38,547,559,
12830,49,19000000,0,user_45,550,559,
10450,54,6300000,155000,user_8,540,559,
13065,23,6299999,0,builder_18,550,550,10450
10986,57,6300000,146000,user_39,543,559,
13066,25,6299999,0,builder_18,550,550,10986
11192,58,6300001,0,user_3,544,559,10986
11193,60,6300001,0,user_6,544,559,10450
10473,63,6300001,0,user_23,540,559,10450
10476,64,6300001,0,user_23,540,559,10450
10477,65,6300001,0,user_24,540,559,10450
10572,62,6300001,0,user_25,541,559,10450
10569,61,6300001,0,user_20,541,559,10450
11196,59,6300001,0,user_9,544,559,10986
10478,66,6300001,0,user_25,540,559,10450
10973,74,6300000,0,user_29,543,559,
11216,69,6300000,0,user_32,544,559,
10453,71,6300000,0,user_12,540,559,
10456,72,6300000,0,user_15,540,559,
10468,70,6300000,0,user_20,540,559,
10740,73,6300000,0,user_34,542,559,
11207,77,6299999,0,user_20,544,559,10450
11197,76,6299999,0,user_10,544,559,10450
10474,79,6299999,0,user_23,540,559,10450
10475,80,6299999,0,user_23,540,559,10450
10562,78,6299999,0,user_13,541,559,10450
10725,81,6299999,0,user_18,542,559,10450
10729,82,6299999,0,user_24,542,559,10450
10943,83,6299999,0,user_1,543,559,10450
13067,49,6100001,0,builder_18,550,550,12227
12227,87,6100000,8520,user_49,548,559,
10975,90,6100000,0,user_31,543,559,
11001,89,6100000,0,user_44,543,559,
10497,88,6100000,0,user_45,540,559,
13068,54,5000001,0,builder_18,550,550,10585
10585,94,5000000,6390,user_38,541,557,
11226,97,5000000,0,user_45,544,557,
10462,99,5000000,0,user_17,540,557,
10749,96,5000000,0,user_43,542,557,
10445,98,5000000,0,user_4,540,557,
10742,87,5000000,0,user_36,542,556,
10748,88,5000000,0,user_41,542,556,
11709,86,5000000,0,user_40,546,556,
11456,96,4500000,121000,user_46,545,556,
13069,64,4499999,0,builder_18,550,550,11456
10448,98,4500000,0,user_6,540,555,
10576,97,4500000,0,user_28,541,555,
11446,96,4500000,0,user_31,545,555,
12220,94,4200000,0,user_37,548,554,
12215,95,4200000,0,user_30,548,554,
11213,96,4200000,0,user_31,544,554,
12521,97,4200000,0,user_47,549,554,
13070,72,3500001,0,builder_18,550,550,12510
12510,93,3500000,31700,user_39,549,553,
11949,94,3500000,0,user_28,547,553,
11959,95,3200000,0,user_36,547,553,
10575,96,3200000,0,user_27,541,553,
11954,99,2600000,0,user_33,547,553,
11716,93,2600000,0,user_47,546,552,
12518,97,1800000,769000,user_44,549,552,
13071,80,1799999,0,builder_18,550,550,12518
10455,99,2500000,0,user_14,540,552,
10485,92,2500000,0,user_34,540,551,
11454,98,2500000,0,user_40,545,552,
12226,96,2300000,0,user_48,548,551,
10984,95,2300000,0,user_37,543,551,
10465,94,2300000,0,user_17,540,551,
10985,98,1200000,959000,user_38,543,551,
13072,88,1199999,0,builder_18,550,550,10985
11967,99,2100000,33300,user_43,547,551,
13073,90,2099999,0,builder_18,550,550,11967
10586,91,2100000,0,user_41,541,550,
13074,92,2000001,0,builder_18,550,550,10733
10733,93,2000000,49100,user_27,542,550,
12509,94,2000000,0,user_37,549,550,
11000,95,2000000,0,user_44,543,550,
10991,96,2000000,0,user_40,543,550,
10996,97,2000000,0,user_41,543,550,
11214,98,2000000,0,user_31,544,550,
10454,99,2000000,0,user_13,540,550,
10444,2,43000000,0,user_2,540,559,
11448,3,30000000,11200,user_33,545,559,
13358,2,29999999,0,builder_18,551,551,11448
11457,5,30000000,0,user_47,545,559,
10484,6,30000000,0,user_34,540,559,
11715,7,30000000,0,user_46,546,559,
11969,8,30000000,0,user_45,547,559,
13118,9,30000000,0,user_41,551,559,
12221,12,27000000,779000,user_37,548,559,
13359,9,26999999,0,builder_18,551,551,12221
12494,18,27000001,0,user_20,549,559,12221
12796,19,27000001,0,user_11,550,559,12221
12783,20,27000001,0,user_0,550,559,12221
13075,21,27000001,0,user_0,551,559,12221
13091,22,27000001,0,user_15,551,559,12221
13101,23,27000001,0,user_25,551,559,12221
11455,27,27000000,0,user_46,545,559,
10747,28,27000000,0,user_41,542,559,
10988,29,27000000,0,user_40,543,559,
11710,30,27000000,0,user_42,546,559,
12482,35,26999999,0,user_11,549,559,12221
12785,36,26999999,0,user_0,550,559,12221
13087,37,26999999,0,user_11,551,559,12221
13099,38,26999999,0,user_23,551,559,12221
13360,24,19000001,0,builder_18,551,551,10588
10588,46,19000000,13900,user_43,541,559,
12830,49,19000000,0,user_45,550,559,
11960,50,19000000,0,user_38,547,559,
13117,52,73000,17700000,user_40,551,559,
13361,29,72999,0,builder_18,551,551,13117
10450,54,6300000,155000,user_8,540,559,
13362,31,6299999,0,builder_18,551,551,10450
10986,57,6300000,146000,user_39,543,559,
13363,33,6299999,0,builder_18,551,551,10986
11192,58,6300001,0,user_3,544,559,10986
11196,59,6300001,0,user_9,544,559,10986
11193,60,6300001,0,user_6,544,559,10450
10569,61,6300001,0,user_20,541,559,10450
10572,62,6300001,0,user_25,541,559,10450
10473,63,6300001,0,user_23,540,559,10450
10476,64,6300001,0,user_23,540,559,10450
10477,65,6300001,0,user_24,540,559,10450
10478,66,6300001,0,user_25,540,559,10450
11216,69,6300000,0,user_32,544,559,
10468,70,6300000,0,user_20,540,559,
10453,71,6300000,0,user_12,540,559,
10456,72,6300000,0,user_15,540,559,
10740,73,6300000,0,user_34,542,559,
10973,74,6300000,0,user_29,543,559,
11197,76,6299999,0,user_10,544,559,10450
11207,77,6299999,0,user_20,544,559,10450
10562,78,6299999,0,user_13,541,559,10450
10474,79,6299999,0,user_23,540,559,10450
10475,80,6299999,0,user_23,540,559,10450
10725,81,6299999,0,user_18,542,559,10450
10729,82,6299999,0,user_24,542,559,10450
10943,83,6299999,0,user_1,543,559,10450
13364,57,6100001,0,builder_18,551,551,12227
12227,87,6100000,8520,user_49,548,559,
10497,88,6100000,0,user_45,540,559,
11001,89,6100000,0,user_44,543,559,
10975,90,6100000,0,user_31,543,559,
13365,62,5000001,0,builder_18,551,551,10585
10585,94,5000000,6390,user_38,541,557,
11226,97,5000000,0,user_45,544,557,
10445,98,5000000,0,user_4,540,557,
10462,99,5000000,0,user_17,540,557,
10748,88,5000000,0,user_41,542,556,
10742,87,5000000,0,user_36,542,556,
10749,96,5000000,0,user_43,542,557,
11709,86,5000000,0,user_40,546,556,
13366,71,4500001,0,builder_18,551,551,11456
11456,96,4500000,121000,user_46,545,556,
11446,96,4500000,0,user_31,545,555,
10576,97,4500000,0,user_28,541,555,
10448,98,4500000,0,user_6,540,555,
13122,99,4500000,0,user_46,551,555,
12521,97,4200000,0,user_47,549,554,
12220,94,4200000,0,user_37,548,554,
11213,96,4200000,0,user_31,544,554,
12215,95,4200000,0,user_30,548,554,
12510,93,3500000,31700,user_39,549,553,
13367,82,3499999,0,builder_18,551,551,12510
11949,94,3500000,0,user_28,547,553,
10575,96,3200000,0,user_27,541,553,
11959,95,3200000,0,user_36,547,553,
11716,93,2600000,0,user_47,546,552,
11954,99,2600000,0,user_33,547,553,
12518,97,1800000,769000,user_44,549,552,
13368,89,1799999,0,builder_18,551,551,12518
11454,98,2500000,0,user_40,545,552,
10455,99,2500000,0,user_14,540,552,
10485,92,2500000,0,user_34,540,551,
13103,93,2400000,0,user_27,551,551,
10465,94,2300000,0,user_17,540,551,
10984,95,2300000,0,user_37,543,551,
12226,96,2300000,0,user_48,548,551,
13369,97,1200001,0,builder_18,551,551,10985
10985,98,1200000,959000,user_38,543,551,
11967,99,2100000,33300,user_43,547,551,
10444,2,43000000,0,user_2,540,559,
11448,3,30000000,11200,user_33,545,559,
13627,2,29999999,0,builder_18,552,552,11448
11457,5,30000000,0,user_47,545,559,
11715,7,30000000,0,user_46,546,559,
11969,8,30000000,0,user_45,547,559,
10484,6,30000000,0,user_34,540,559,
13118,9,30000000,0,user_41,551,559,
13628,8,27000001,0,builder_18,552,552,12221
12221,12,27000000,779000,user_37,548,559,
12796,19,27000001,0,user_11,550,559,12221
12783,20,27000001,0,user_0,550,559,12221
13075,21,27000001,0,user_0,551,559,12221
12494,18,27000001,0,user_20,549,559,12221
13091,22,27000001,0,user_15,551,559,12221
13101,23,27000001,0,user_25,551,559,12221
11455,27,27000000,0,user_46,545,559,
11710,30,27000000,0,user_42,546,559,
10747,28,27000000,0,user_41,542,559,
10988,29,27000000,0,user_40,543,559,
13115,31,27000000,0,user_38,551,559,
12785,36,26999999,0,user_0,550,559,12221
13087,37,26999999,0,user_11,551,559,12221
12482,35,26999999,0,user_11,549,559,12221
13099,38,26999999,0,user_23,551,559,12221
13380,39,26999999,0,user_14,552,559,12221
13629,26,19000001,0,builder_18,552,552,10588
10588,46,19000000,13900,user_43,541,559,
12830,49,19000000,0,user_45,550,559,
11960,50,19000000,0,user_38,547,559,
13406,51,19000000,0,user_41,552,559,
13630,31,73001,0,builder_18,552,552,13117
13117,52,73000,17700000,user_40,551,559,
13631,33,6300001,0,builder_18,552,552,10450
10450,54,6300000,155000,user_8,540,559,
13632,35,6300001,0,builder_18,552,552,10986
10986,57,6300000,146000,user_39,543,559,
10572,62,6300001,0,user_25,541,559,10450
10569,61,6300001,0,user_20,541,559,10450
10473,63,6300001,0,user_23,540,559,10450
10476,64,6300001,0,user_23,540,559,10450
10478,66,6300001,0,user_25,540,559,10450
10477,65,6300001,0,user_24,540,559,10450
11192,58,6300001,0,user_3,544,559,10986
11196,59,6300001,0,user_9,544,559,10986
11193,60,6300001,0,user_6,544,559,10450
10740,73,6300000,0,user_34,542,559,
10468,70,6300000,0,user_20,540,559,
10453,71,6300000,0,user_12,540,559,
10456,72,6300000,0,user_15,540,559,
10973,74,6300000,0,user_29,543,559,
11216,69,6300000,0,user_32,544,559,
10725,81,6299999,0,user_18,542,559,10450
10729,82,6299999,0,user_24,542,559,10450
10943,83,6299999,0,user_1,543,559,10450
10562,78,6299999,0,user_13,541,559,10450
10474,79,6299999,0,user_23,540,559,10450
10475,80,6299999,0,user_23,540,559,10450
11197,76,6299999,0,user_10,544,559,10450
11207,77,6299999,0,user_20,544,559,10450
13633,60,6100001,0,builder_18,552,552,12227
12227,87,6100000,8520,user_49,548,559,
11001,89,6100000,0,user_44,543,559,
10497,88,6100000,0,user_45,540,559,
10975,90,6100000,0,user_31,543,559,
10585,94,5000000,6390,user_38,541,557,
13634,66,4999999,0,builder_18,552,552,10585
11709,86,5000000,0,user_40,546,556,
10742,87,5000000,0,user_36,542,556,
10748,88,5000000,0,user_41,542,556,
10749,96,5000000,0,user_43,542,557,
10445,98,5000000,0,user_4,540,557,
10462,99,5000000,0,user_17,540,557,
11226,97,5000000,0,user_45,544,557,
13408,93,5000000,0,user_41,552,556,
13413,95,4200000,545000,user_45,552,556,
13635,76,4199999,0,builder_18,552,552,13413
11456,96,4500000,121000,user_46,545,556,
13636,78,4499999,0,builder_18,552,552,11456
11446,96,4500000,0,user_31,545,555,
10448,98,4500000,0,user_6,540,555,
10576,97,4500000,0,user_28,541,555,
13122,99,4500000,0,user_46,551,555,
11213,96,4200000,0,user_31,544,554,
12220,94,4200000,0,user_37,548,554,
12215,95,4200000,0,user_30,548,554,
12521,97,4200000,0,user_47,549,554,
13405,91,3600000,0,user_39,552,553,
12510,93,3500000,31700,user_39,549,553,
13637,89,3499999,0,builder_18,552,552,12510
11949,94,3500000,0,user_28,547,553,
10575,96,3200000,0,user_27,541,553,
11959,95,3200000,0,user_36,547,553,
11716,93,2600000,0,user_47,546,552,
11954,99,2600000,0,user_33,547,553,
13399,98,2600000,0,user_37,552,553,
13638,96,1800001,0,builder_18,552,552,12518
12518,97,1800000,769000,user_44,549,552,
11454,98,2500000,0,user_40,545,552,
10455,99,2500000,0,user_14,540,552,
10444,2,43000000,0,user_2,540,559,
11448,3,30000000,11200,user_33,545,559,
13895,2,29999999,0,builder_18,553,553,11448
13118,9,30000000,0,user_41,551,559,
11969,8,30000000,0,user_45,547,559,
10484,6,30000000,0,user_34,540,559,
11457,5,30000000,0,user_47,545,559,
11715,7,30000000,0,user_46,546,559,
12221,12,27000000,779000,user_37,548,559,
13896,9,26999999,0,builder_18,553,553,12221
12783,20,27000001,0,user_0,550,559,12221
12796,19,27000001,0,user_11,550,559,12221
13075,21,27000001,0,user_0,551,559,12221
13091,22,27000001,0,user_15,551,559,12221
13101,23,27000001,0,user_25,551,559,12221
12494,18,27000001,0,user_20,549,559,12221
13653,16,27000001,0,user_10,553,559,12221
13115,31,27000000,0,user_38,551,559,
10988,29,27000000,0,user_40,543,559,
10747,28,27000000,0,user_41,542,559,
11455,27,27000000,0,user_46,545,559,
11710,30,27000000,0,user_42,546,559,
12785,36,26999999,0,user_0,550,559,12221
13087,37,26999999,0,user_11,551,559,12221
13099,38,26999999,0,user_23,551,559,12221
12482,35,26999999,0,user_11,549,559,12221
13380,39,26999999,0,user_14,552,559,12221
10588,46,19000000,13900,user_43,541,559,
13897,28,18999999,0,builder_18,553,553,10588
12830,49,19000000,0,user_45,550,559,
11960,50,19000000,0,user_38,547,559,
13406,51,19000000,0,user_41,552,559,
13117,52,73000,17700000,user_40,551,559,
13898,33,72999,0,builder_18,553,553,13117
10450,54,6300000,155000,user_8,540,559,
13899,35,6299999,0,builder_18,553,553,10450
10986,57,6300000,146000,user_39,543,559,
13900,37,6299999,0,builder_18,553,553,10986
10473,63,6300001,0,user_23,540,559,10450
10476,64,6300001,0,user_23,540,559,10450
10477,65,6300001,0,user_24,540,559,10450
10478,66,6300001,0,user_25,540,559,10450
10569,61,6300001,0,user_20,541,559,10450
10572,62,6300001,0,user_25,541,559,10450
11192,58,6300001,0,user_3,544,559,10986
11193,60,6300001,0,user_6,544,559,10450
11196,59,6300001,0,user_9,544,559,10986
10973,74,6300000,0,user_29,543,559,
10453,71,6300000,0,user_12,540,559,
10468,70,6300000,0,user_20,540,559,
10456,72,6300000,0,user_15,540,559,
10740,73,6300000,0,user_34,542,559,
11216,69,6300000,0,user_32,544,559,
13395,75,6300000,0,user_31,552,559,
13693,68,6300000,0,user_47,553,559,
10943,83,6299999,0,user_1,543,559,10450
11197,76,6299999,0,user_10,544,559,10450
11207,77,6299999,0,user_20,544,559,10450
10474,79,6299999,0,user_23,540,559,10450
10475,80,6299999,0,user_23,540,559,10450
10562,78,6299999,0,user_13,541,559,10450
10725,81,6299999,0,user_18,542,559,10450
10729,82,6299999,0,user_24,542,559,10450
12227,87,6100000,8520,user_49,548,559,
13901,64,6099999,0,builder_18,553,553,12227
11001,89,6100000,0,user_44,543,559,
10975,90,6100000,0,user_31,543,559,
10497,88,6100000,0,user_45,540,559,
10585,94,5000000,6390,user_38,541,557,
13902,69,4999999,0,builder_18,553,553,10585
10749,96,5000000,0,user_43,542,557,
11226,97,5000000,0,user_45,544,557,
10445,98,5000000,0,user_4,540,557,
10462,99,5000000,0,user_17,540,557,
10742,87,5000000,0,user_36,542,556,
10748,88,5000000,0,user_41,542,556,
11709,86,5000000,0,user_40,546,556,
13408,93,5000000,0,user_41,552,556,
13903,78,4200001,0,builder_18,553,553,13413
13413,95,4200000,545000,user_45,552,556,
11456,96,4500000,121000,user_46,545,556,
13904,81,4499999,0,builder_18,553,553,11456
13122,99,4500000,0,user_46,551,555,
10448,98,4500000,0,user_6,540,555,
10576,97,4500000,0,user_28,541,555,
11446,96,4500000,0,user_31,545,555,
13686,99,4500000,0,user_37,553,556,
12220,94,4200000,0,user_37,548,554,
11213,96,4200000,0,user_31,544,554,
12215,95,4200000,0,user_30,548,554,
12521,97,4200000,0,user_47,549,554,
13405,91,3600000,0,user_39,552,553,
13905,92,3500001,0,builder_18,553,553,12510
12510,93,3500000,31700,user_39,549,553,
11949,94,3500000,0,user_28,547,553,
11959,95,3200000,0,user_36,547,553,
10575,96,3200000,0,user_27,541,553,
13684,97,3200000,0,user_36,553,553,
13399,98,2600000,0,user_37,552,553,
11954,99,2600000,0,user_33,547,553,
10444,2,43000000,0,user_2,540,559,
14152,1,30000001,0,builder_18,554,554,11448
11448,3,30000000,11200,user_33,545,559,
13118,9,30000000,0,user_41,551,559,
11969,8,30000000,0,user_45,547,559,
10484,6,30000000,0,user_34,540,559,
11457,5,30000000,0,user_47,545,559,
11715,7,30000000,0,user_46,546,559,
13929,10,30000000,0,user_32,554,559,
14153,9,27000001,0,builder_18,554,554,12221
12221,12,27000000,779000,user_37,548,559,
13075,21,27000001,0,user_0,551,559,12221
13091,22,27000001,0,user_15,551,559,12221
13101,23,27000001,0,user_25,551,559,12221
13653,16,27000001,0,user_10,553,559,12221
12494,18,27000001,0,user_20,549,559,12221
12783,20,27000001,0,user_0,550,559,12221
12796,19,27000001,0,user_11,550,559,12221
13921,17,27000001,0,user_20,554,559,12221
13115,31,27000000,0,user_38,551,559,
10988,29,27000000,0,user_40,543,559,
10747,28,27000000,0,user_41,542,559,
11455,27,27000000,0,user_46,545,559,
11710,30,27000000,0,user_42,546,559,
13087,37,26999999,0,user_11,551,559,12221
13099,38,26999999,0,user_23,551,559,12221
13380,39,26999999,0,user_14,552,559,12221
13666,34,26999999,0,user_19,553,559,12221
12482,35,26999999,0,user_11,549,559,12221
12785,36,26999999,0,user_0,550,559,12221
10588,46,19000000,13900,user_43,541,559,
14154,31,18999999,0,builder_18,554,554,10588
13406,51,19000000,0,user_41,552,559,
11960,50,19000000,0,user_38,547,559,
12830,49,19000000,0,user_45,550,559,
13117,52,73000,17700000,user_40,551,559,
14155,36,72999,0,builder_18,554,554,13117
10450,54,6300000,155000,user_8,540,559,
14156,38,6299999,0,builder_18,554,554,10450
14157,39,6300001,0,builder_18,554,554,10986
10986,57,6300000,146000,user_39,543,559,
11192,58,6300001,0,user_3,544,559,10986
11193,60,6300001,0,user_6,544,559,10450
10473,63,6300001,0,user_23,540,559,10450
10476,64,6300001,0,user_23,540,559,10450
10477,65,6300001,0,user_24,540,559,10450
10572,62,6300001,0,user_25,541,559,10450
10569,61,6300001,0,user_20,541,559,10450
11196,59,6300001,0,user_9,544,559,10986
10478,66,6300001,0,user_25,540,559,10450
13395,75,6300000,0,user_31,552,559,
10973,74,6300000,0,user_29,543,559,
11216,69,6300000,0,user_32,544,559,
10453,71,6300000,0,user_12,540,559,
10456,72,6300000,0,user_15,540,559,
10468,70,6300000,0,user_20,540,559,
10740,73,6300000,0,user_34,542,559,
13693,68,6300000,0,user_47,553,559,
11207,77,6299999,0,user_20,544,559,10450
11197,76,6299999,0,user_10,544,559,10450
10474,79,6299999,0,user_23,540,559,10450
10475,80,6299999,0,user_23,540,559,10450
10562,78,6299999,0,user_13,541,559,10450
10725,81,6299999,0,user_18,542,559,10450
10729,82,6299999,0,user_24,542,559,10450
10943,83,6299999,0,user_1,543,559,10450
12227,87,6100000,8520,user_49,548,559,
14158,67,6099999,0,builder_18,554,554,12227
10975,90,6100000,0,user_31,543,559,
11001,89,6100000,0,user_44,543,559,
10497,88,6100000,0,user_45,540,559,
13942,91,6100000,0,user_40,554,559,
13925,95,5200000,285000,user_27,554,559,
14159,73,5199999,0,builder_18,554,554,13925
14160,74,5000001,0,builder_18,554,554,10585
10585,94,5000000,6390,user_38,541,557,
13408,93,5000000,0,user_41,552,556,
11226,97,5000000,0,user_45,544,557,
10462,99,5000000,0,user_17,540,557,
10749,96,5000000,0,user_43,542,557,
10445,98,5000000,0,user_4,540,557,
10742,87,5000000,0,user_36,542,556,
10748,88,5000000,0,user_41,542,556,
11709,86,5000000,0,user_40,546,556,
14161,84,4200001,0,builder_18,554,554,13413
13413,95,4200000,545000,user_45,552,556,
11456,96,4500000,121000,user_46,545,556,
14162,87,4499999,0,builder_18,554,554,11456
13122,99,4500000,0,user_46,551,555,
13686,99,4500000,0,user_37,553,556,
10448,98,4500000,0,user_6,540,555,
10576,97,4500000,0,user_28,541,555,
11446,96,4500000,0,user_31,545,555,
13948,98,4500000,0,user_47,554,556,
12220,94,4200000,0,user_37,548,554,
12215,95,4200000,0,user_30,548,554,
11213,96,4200000,0,user_31,544,554,
12521,97,4200000,0,user_47,549,554,
13951,98,3600000,7840,user_48,554,554,
14163,99,3599999,0,builder_18,554,554,13951
10444,2,43000000,0,user_2,540,559,
14432,1,30000001,0,builder_18,555,555,11448
11448,3,30000000,11200,user_33,545,559,
11457,5,30000000,0,user_47,545,559,
10484,6,30000000,0,user_34,540,559,
11715,7,30000000,0,user_46,546,559,
11969,8,30000000,0,user_45,547,559,
13118,9,30000000,0,user_41,551,559,
13929,10,30000000,0,user_32,554,559,
12221,12,27000000,779000,user_37,548,559,
14433,10,26999999,0,builder_18,555,555,12221
13653,16,27000001,0,user_10,553,559,12221
13921,17,27000001,0,user_20,554,559,12221
12494,18,27000001,0,user_20,549,559,12221
12796,19,27000001,0,user_11,550,559,12221
12783,20,27000001,0,user_0,550,559,12221
13075,21,27000001,0,user_0,551,559,12221
13091,22,27000001,0,user_15,551,559,12221
13101,23,27000001,0,user_25,551,559,12221
14173,24,27000001,0,user_7,555,559,12221
14164,25,27000001,0,user_0,555,559,12221
14171,26,27000001,0,user_5,555,559,12221
11455,27,27000000,0,user_46,545,559,
10747,28,27000000,0,user_41,542,559,
10988,29,27000000,0,user_40,543,559,
11710,30,27000000,0,user_42,546,559,
13115,31,27000000,0,user_38,551,559,
13666,34,26999999,0,user_19,553,559,12221
12482,35,26999999,0,user_11,549,559,12221
12785,36,26999999,0,user_0,550,559,12221
13087,37,26999999,0,user_11,551,559,12221
13099,38,26999999,0,user_23,551,559,12221
13380,39,26999999,0,user_14,552,559,12221
14177,40,26999999,0,user_11,555,559,12221
14178,41,26999999,0,user_12,555,559,12221
14434,35,19000001,0,builder_18,555,555,10588
10588,46,19000000,13900,user_43,541,559,
12830,49,19000000,0,user_45,550,559,
11960,50,19000000,0,user_38,547,559,
13406,51,19000000,0,user_41,552,559,
14435,40,73001,0,builder_18,555,555,13117
13117,52,73000,17700000,user_40,551,559,
14436,42,6300001,0,builder_18,555,555,10450
10450,54,6300000,155000,user_8,540,559,
10986,57,6300000,146000,user_39,543,559,
14437,45,6299999,0,builder_18,555,555,10986
11192,58,6300001,0,user_3,544,559,10986
11196,59,6300001,0,user_9,544,559,10986
11193,60,6300001,0,user_6,544,559,10450
10569,61,6300001,0,user_20,541,559,10450
10572,62,6300001,0,user_25,541,559,10450
10473,63,6300001,0,user_23,540,559,10450
10476,64,6300001,0,user_23,540,559,10450
10477,65,6300001,0,user_24,540,559,10450
10478,66,6300001,0,user_25,540,559,10450
13693,68,6300000,0,user_47,553,559,
11216,69,6300000,0,user_32,544,559,
10468,70,6300000,0,user_20,540,559,
10453,71,6300000,0,user_12,540,559,
10456,72,6300000,0,user_15,540,559,
10740,73,6300000,0,user_34,542,559,
10973,74,6300000,0,user_29,543,559,
13395,75,6300000,0,user_31,552,559,
11197,76,6299999,0,user_10,544,559,10450
11207,77,6299999,0,user_20,544,559,10450
10562,78,6299999,0,user_13,541,559,10450
10474,79,6299999,0,user_23,540,559,10450
10475,80,6299999,0,user_23,540,559,10450
10725,81,6299999,0,user_18,542,559,10450
10729,82,6299999,0,user_24,542,559,10450
10943,83,6299999,0,user_1,543,559,10450
12227,87,6100000,8520,user_49,548,559,
14438,72,6099999,0,builder_18,555,555,12227
10497,88,6100000,0,user_45,540,559,
11001,89,6100000,0,user_44,543,559,
10975,90,6100000,0,user_31,543,559,
13942,91,6100000,0,user_40,554,559,
14439,77,5000001,0,builder_18,555,555,13945
13945,92,5000000,594000,user_43,554,559,
13925,95,5200000,285000,user_27,554,559,
14440,80,5199999,0,builder_18,555,555,13925
14441,81,5000001,0,builder_18,555,555,10585
10585,94,5000000,6390,user_38,541,557,
11226,97,5000000,0,user_45,544,557,
10445,98,5000000,0,user_4,540,557,
10462,99,5000000,0,user_17,540,557,
10748,88,5000000,0,user_41,542,556,
10742,87,5000000,0,user_36,542,556,
10749,96,5000000,0,user_43,542,557,
11709,86,5000000,0,user_40,546,556,
13408,93,5000000,0,user_41,552,556,
13413,95,4200000,545000,user_45,552,556,
14442,92,4199999,0,builder_18,555,555,13413
11456,96,4500000,121000,user_46,545,556,
14443,94,4499999,0,builder_18,555,555,11456
13686,99,4500000,0,user_37,553,556,
11446,96,4500000,0,user_31,545,555,
10576,97,4500000,0,user_28,541,555,
10448,98,4500000,0,user_6,540,555,
13122,99,4500000,0,user_46,551,555,
10444,2,43000000,0,user_2,540,559,
14205,1,43000000,0,user_38,555,559,
11448,3,30000000,11200,user_33,545,559,
14698,3,29999999,0,builder_18,556,556,11448
13929,10,30000000,0,user_32,554,559,
11457,5,30000000,0,user_47,545,559,
11715,7,30000000,0,user_46,546,559,
11969,8,30000000,0,user_45,547,559,
10484,6,30000000,0,user_34,540,559,
13118,9,30000000,0,user_41,551,559,
12221,12,27000000,779000,user_37,548,559,
14699,11,26999999,0,builder_18,556,556,12221
13921,17,27000001,0,user_20,554,559,12221
14171,26,27000001,0,user_5,555,559,12221
13653,16,27000001,0,user_10,553,559,12221
12796,19,27000001,0,user_11,550,559,12221
12783,20,27000001,0,user_0,550,559,12221
13075,21,27000001,0,user_0,551,559,12221
12494,18,27000001,0,user_20,549,559,12221
13091,22,27000001,0,user_15,551,559,12221
13101,23,27000001,0,user_25,551,559,12221
14173,24,27000001,0,user_7,555,559,12221
14164,25,27000001,0,user_0,555,559,12221
14453,15,27000001,0,user_8,556,559,12221
11455,27,27000000,0,user_46,545,559,
11710,30,27000000,0,user_42,546,559,
10747,28,27000000,0,user_41,542,559,
10988,29,27000000,0,user_40,543,559,
13115,31,27000000,0,user_38,551,559,
12785,36,26999999,0,user_0,550,559,12221
13087,37,26999999,0,user_11,551,559,12221
12482,35,26999999,0,user_11,549,559,12221
13099,38,26999999,0,user_23,551,559,12221
13380,39,26999999,0,user_14,552,559,12221
13666,34,26999999,0,user_19,553,559,12221
14178,41,26999999,0,user_12,555,559,12221
14177,40,26999999,0,user_11,555,559,12221
14700,37,19000001,0,builder_18,556,556,10588
10588,46,19000000,13900,user_43,541,559,
12830,49,19000000,0,user_45,550,559,
11960,50,19000000,0,user_38,547,559,
13406,51,19000000,0,user_41,552,559,
13117,52,73000,17700000,user_40,551,559,
14701,43,72999,0,builder_18,556,556,13117
10450,54,6300000,155000,user_8,540,559,
14702,45,6299999,0,builder_18,556,556,10450
10986,57,6300000,146000,user_39,543,559,
14703,47,6299999,0,builder_18,556,556,10986
10572,62,6300001,0,user_25,541,559,10450
10569,61,6300001,0,user_20,541,559,10450
10473,63,6300001,0,user_23,540,559,10450
10476,64,6300001,0,user_23,540,559,10450
10478,66,6300001,0,user_25,540,559,10450
10477,65,6300001,0,user_24,540,559,10450
11192,58,6300001,0,user_3,544,559,10986
11196,59,6300001,0,user_9,544,559,10986
11193,60,6300001,0,user_6,544,559,10450
13693,68,6300000,0,user_47,553,559,
10740,73,6300000,0,user_34,542,559,
10468,70,6300000,0,user_20,540,559,
10453,71,6300000,0,user_12,540,559,
10456,72,6300000,0,user_15,540,559,
10973,74,6300000,0,user_29,543,559,
11216,69,6300000,0,user_32,544,559,
13395,75,6300000,0,user_31,552,559,
10725,81,6299999,0,user_18,542,559,10450
10729,82,6299999,0,user_24,542,559,10450
10943,83,6299999,0,user_1,543,559,10450
10562,78,6299999,0,user_13,541,559,10450
10474,79,6299999,0,user_23,540,559,10450
10475,80,6299999,0,user_23,540,559,10450
11197,76,6299999,0,user_10,544,559,10450
11207,77,6299999,0,user_20,544,559,10450
12227,87,6100000,8520,user_49,548,559,
14704,74,6099999,0,builder_18,556,556,12227
13942,91,6100000,0,user_40,554,559,
11001,89,6100000,0,user_44,543,559,
10497,88,6100000,0,user_45,540,559,
10975,90,6100000,0,user_31,543,559,
14705,79,5000001,0,builder_18,556,556,13945
13945,92,5000000,594000,user_43,554,559,
14706,81,5200001,0,builder_18,556,556,13925
13925,95,5200000,285000,user_27,554,559,
14481,99,5200000,0,user_45,556,559,
10585,94,5000000,6390,user_38,541,557,
14707,85,4999999,0,builder_18,556,556,10585
11709,86,5000000,0,user_40,546,556,
10742,87,5000000,0,user_36,542,556,
10748,88,5000000,0,user_41,542,556,
10749,96,5000000,0,user_43,542,557,
10445,98,5000000,0,user_4,540,557,
10462,99,5000000,0,user_17,540,557,
11226,97,5000000,0,user_45,544,557,
13408,93,5000000,0,user_41,552,556,
14708,94,4200001,0,builder_18,556,556,13413
13413,95,4200000,545000,user_45,552,556,
11456,96,4500000,121000,user_46,545,556,
14709,97,4499999,0,builder_18,556,556,11456
13948,98,4500000,0,user_47,554,556,
13686,99,4500000,0,user_37,553,556,
14205,1,43000000,0,user_38,555,559,
10444,2,43000000,0,user_2,540,559,
14754,0,43000000,0,user_39,557,559,
14955,3,30000001,0,builder_18,557,557,11448
11448,3,30000000,11200,user_33,545,559,
13929,10,30000000,0,user_32,554,559,
13118,9,30000000,0,user_41,551,559,
11969,8,30000000,0,user_45,547,559,
10484,6,30000000,0,user_34,540,559,
11457,5,30000000,0,user_47,545,559,
11715,7,30000000,0,user_46,546,559,
12221,12,27000000,779000,user_37,548,559,
14956,12,26999999,0,builder_18,557,557,12221
14164,25,27000001,0,user_0,555,559,12221
14173,24,27000001,0,user_7,555,559,12221
14171,26,27000001,0,user_5,555,559,12221
13921,17,27000001,0,user_20,554,559,12221
12783,20,27000001,0,user_0,550,559,12221
12796,19,27000001,0,user_11,550,559,12221
13075,21,27000001,0,user_0,551,559,12221
13091,22,27000001,0,user_15,551,559,12221
13101,23,27000001,0,user_25,551,559,12221
12494,18,27000001,0,user_20,549,559,12221
13653,16,27000001,0,user_10,553,559,12221
14453,15,27000001,0,user_8,556,559,12221
14711,14,27000001,0,user_1,557,559,12221
14731,13,27000001,0,user_17,557,559,12221
13115,31,27000000,0,user_38,551,559,
10988,29,27000000,0,user_40,543,559,
10747,28,27000000,0,user_41,542,559,
11455,27,27000000,0,user_46,545,559,
11710,30,27000000,0,user_42,546,559,
14177,40,26999999,0,user_11,555,559,12221
14178,41,26999999,0,user_12,555,559,12221
12785,36,26999999,0,user_0,550,559,12221
13087,37,26999999,0,user_11,551,559,12221
13099,38,26999999,0,user_23,551,559,12221
12482,35,26999999,0,user_11,549,559,12221
13380,39,26999999,0,user_14,552,559,12221
13666,34,26999999,0,user_19,553,559,12221
14719,33,26999999,0,user_7,557,559,12221
10588,46,19000000,13900,user_43,541,559,
14957,42,18999999,0,builder_18,557,557,10588
12830,49,19000000,0,user_45,550,559,
11960,50,19000000,0,user_38,547,559,
13406,51,19000000,0,user_41,552,559,
14488,48,19000000,0,user_49,556,559,
13117,52,73000,17700000,user_40,551,559,
14958,48,72999,0,builder_18,557,557,13117
14959,49,6300001,0,builder_18,557,557,10450
10450,54,6300000,155000,user_8,540,559,
10986,57,6300000,146000,user_39,543,559,
14960,52,6299999,0,builder_18,557,557,10986
10473,63,6300001,0,user_23,540,559,10450
10476,64,6300001,0,user_23,540,559,10450
10477,65,6300001,0,user_24,540,559,10450
10478,66,6300001,0,user_25,540,559,10450
10569,61,6300001,0,user_20,541,559,10450
10572,62,6300001,0,user_25,541,559,10450
11192,58,6300001,0,user_3,544,559,10986
11193,60,6300001,0,user_6,544,559,10450
11196,59,6300001,0,user_9,544,559,10986
13693,68,6300000,0,user_47,553,559,
10973,74,6300000,0,user_29,543,559,
10453,71,6300000,0,user_12,540,559,
10468,70,6300000,0,user_20,540,559,
10456,72,6300000,0,user_15,540,559,
10740,73,6300000,0,user_34,542,559,
11216,69,6300000,0,user_32,544,559,
13395,75,6300000,0,user_31,552,559,
14746,67,6300000,0,user_33,557,559,
10943,83,6299999,0,user_1,543,559,10450
11197,76,6299999,0,user_10,544,559,10450
11207,77,6299999,0,user_20,544,559,10450
10474,79,6299999,0,user_23,540,559,10450
10475,80,6299999,0,user_23,540,559,10450
10562,78,6299999,0,user_13,541,559,10450
10725,81,6299999,0,user_18,542,559,10450
10729,82,6299999,0,user_24,542,559,10450
14765,85,5200000,959000,user_46,557,559,
14961,80,5199999,0,builder_18,557,557,14765
12227,87,6100000,8520,user_49,548,559,
14962,82,6099999,0,builder_18,557,557,12227
13942,91,6100000,0,user_40,554,559,
11001,89,6100000,0,user_44,543,559,
10975,90,6100000,0,user_31,543,559,
10497,88,6100000,0,user_45,540,559,
14963,87,5000001,0,builder_18,557,557,13945
13945,92,5000000,594000,user_43,554,559,
14964,89,5200001,0,builder_18,557,557,13925
13925,95,5200000,285000,user_27,554,559,
14481,99,5200000,0,user_45,556,559,
14757,97,5000000,68100,user_41,557,558,
14965,93,4999999,0,builder_18,557,557,14757
10585,94,5000000,6390,user_38,541,557,
14966,95,4999999,0,builder_18,557,557,10585
10749,96,5000000,0,user_43,542,557,
11226,97,5000000,0,user_45,544,557,
10445,98,5000000,0,user_4,540,557,
10462,99,5000000,0,user_17,540,557,
14205,1,43000000,0,user_38,555,559,
10444,2,43000000,0,user_2,540,559,
14754,0,43000000,0,user_39,557,559,
11448,3,30000000,11200,user_33,545,559,
15232,4,29999999,0,builder_18,558,558,11448
13118,9,30000000,0,user_41,551,559,
11969,8,30000000,0,user_45,547,559,
10484,6,30000000,0,user_34,540,559,
11457,5,30000000,0,user_47,545,559,
11715,7,30000000,0,user_46,546,559,
13929,10,30000000,0,user_32,554,559,
15233,11,27000001,0,builder_18,558,558,12221
12221,12,27000000,779000,user_37,548,559,
14173,24,27000001,0,user_7,555,559,12221
14164,25,27000001,0,user_0,555,559,12221
14171,26,27000001,0,user_5,555,559,12221
14453,15,27000001,0,user_8,556,559,12221
14711,14,27000001,0,user_1,557,559,12221
13075,21,27000001,0,user_0,551,559,12221
13091,22,27000001,0,user_15,551,559,12221
13101,23,27000001,0,user_25,551,559,12221
13653,16,27000001,0,user_10,553,559,12221
12494,18,27000001,0,user_20,549,559,12221
12783,20,27000001,0,user_0,550,559,12221
12796,19,27000001,0,user_11,550,559,12221
13921,17,27000001,0,user_20,554,559,12221
14731,13,27000001,0,user_17,557,559,12221
13115,31,27000000,0,user_38,551,559,
10988,29,27000000,0,user_40,543,559,
10747,28,27000000,0,user_41,542,559,
11455,27,27000000,0,user_46,545,559,
11710,30,27000000,0,user_42,546,559,
14178,41,26999999,0,user_12,555,559,12221
14177,40,26999999,0,user_11,555,559,12221
14719,33,26999999,0,user_7,557,559,12221
13087,37,26999999,0,user_11,551,559,12221
13099,38,26999999,0,user_23,551,559,12221
13380,39,26999999,0,user_14,552,559,12221
13666,34,26999999,0,user_19,553,559,12221
12482,35,26999999,0,user_11,549,559,12221
12785,36,26999999,0,user_0,550,559,12221
10588,46,19000000,13900,user_43,541,559,
15234,42,18999999,0,builder_18,558,558,10588
14488,48,19000000,0,user_49,556,559,
13406,51,19000000,0,user_41,552,559,
11960,50,19000000,0,user_38,547,559,
12830,49,19000000,0,user_45,550,559,
15235,47,73001,0,builder_18,558,558,13117
13117,52,73000,17700000,user_40,551,559,
10450,54,6300000,155000,user_8,540,559,
15236,50,6299999,0,builder_18,558,558,10450
15237,51,6300001,0,builder_18,558,558,10986
10986,57,6300000,146000,user_39,543,559,
11192,58,6300001,0,user_3,544,559,10986
11193,60,6300001,0,user_6,544,559,10450
10473,63,6300001,0,user_23,540,559,10450
10476,64,6300001,0,user_23,540,559,10450
10477,65,6300001,0,user_24,540,559,10450
10572,62,6300001,0,user_25,541,559,10450
10569,61,6300001,0,user_20,541,559,10450
11196,59,6300001,0,user_9,544,559,10986
10478,66,6300001,0,user_25,540,559,10450
13395,75,6300000,0,user_31,552,559,
10973,74,6300000,0,user_29,543,559,
11216,69,6300000,0,user_32,544,559,
10453,71,6300000,0,user_12,540,559,
10456,72,6300000,0,user_15,540,559,
10468,70,6300000,0,user_20,540,559,
10740,73,6300000,0,user_34,542,559,
13693,68,6300000,0,user_47,553,559,
14746,67,6300000,0,user_33,557,559,
11207,77,6299999,0,user_20,544,559,10450
11197,76,6299999,0,user_10,544,559,10450
10474,79,6299999,0,user_23,540,559,10450
10475,80,6299999,0,user_23,540,559,10450
10562,78,6299999,0,user_13,541,559,10450
10725,81,6299999,0,user_18,542,559,10450
10729,82,6299999,0,user_24,542,559,10450
10943,83,6299999,0,user_1,543,559,10450
15238,79,5200001,0,builder_18,558,558,14765
14765,85,5200000,959000,user_46,557,559,
15239,81,6100001,0,builder_18,558,558,12227
12227,87,6100000,8520,user_49,548,559,
10975,90,6100000,0,user_31,543,559,
11001,89,6100000,0,user_44,543,559,
10497,88,6100000,0,user_45,540,559,
13942,91,6100000,0,user_40,554,559,
15240,87,5000001,0,builder_18,558,558,13945
13945,92,5000000,594000,user_43,554,559,
13925,95,5200000,285000,user_27,554,559,
15241,90,5199999,0,builder_18,558,558,13925
14982,96,5200001,0,user_14,558,559,14765
14976,97,5200001,0,user_9,558,559,14765
14481,99,5200000,0,user_45,556,559,
14970,94,5199999,0,user_1,558,558,14765
14974,95,5199999,0,user_7,558,558,14765
14986,96,5199999,0,user_20,558,558,14765
14757,97,5000000,68100,user_41,557,558,
15242,98,4999999,0,builder_18,558,558,14757
15243,99,5000001,0,builder_18,558,558,10585
14754,0,43000000,0,user_39,557,559,
14205,1,43000000,0,user_38,555,559,
10444,2,43000000,0,user_2,540,559,
11448,3,30000000,11200,user_33,545,559,
15498,4,29999999,0,builder_18,559,559,11448
11457,5,30000000,0,user_47,545,559,
10484,6,30000000,0,user_34,540,559,
11715,7,30000000,0,user_46,546,559,
11969,8,30000000,0,user_45,547,559,
13118,9,30000000,0,user_41,551,559,
13929,10,30000000,0,user_32,554,559,
15499,11,27000001,0,builder_18,559,559,12221
12221,12,27000000,779000,user_37,548,559,
14731,13,27000001,0,user_17,557,559,12221
14711,14,27000001,0,user_1,557,559,12221
14453,15,27000001,0,user_8,556,559,12221
13653,16,27000001,0,user_10,553,559,12221
13921,17,27000001,0,user_20,554,559,12221
12494,18,27000001,0,user_20,549,559,12221
12796,19,27000001,0,user_11,550,559,12221
12783,20,27000001,0,user_0,550,559,12221
13075,21,27000001,0,user_0,551,559,12221
13091,22,27000001,0,user_15,551,559,12221
13101,23,27000001,0,user_25,551,559,12221
14173,24,27000001,0,user_7,555,559,12221
14164,25,27000001,0,user_0,555,559,12221
14171,26,27000001,0,user_5,555,559,12221
11455,27,27000000,0,user_46,545,559,
10747,28,27000000,0,user_41,542,559,
10988,29,27000000,0,user_40,543,559,
11710,30,27000000,0,user_42,546,559,
13115,31,27000000,0,user_38,551,559,
15285,32,27000000,0,user_34,559,559,
14719,33,26999999,0,user_7,557,559,12221
13666,34,26999999,0,user_19,553,559,12221
12482,35,26999999,0,user_11,549,559,12221
12785,36,26999999,0,user_0,550,559,12221
13087,37,26999999,0,user_11,551,559,12221
13099,38,26999999,0,user_23,551,559,12221
13380,39,26999999,0,user_14,552,559,12221
14177,40,26999999,0,user_11,555,559,12221
14178,41,26999999,0,user_12,555,559,12221
15256,42,26999999,0,user_9,559,559,12221
15257,43,26999999,0,user_9,559,559,12221
15293,44,19000000,283000,user_42,559,559,
15500,45,18999999,0,builder_18,559,559,15293
10588,46,19000000,13900,user_43,541,559,
15501,47,18999999,0,builder_18,559,559,10588
14488,48,19000000,0,user_49,556,559,
12830,49,19000000,0,user_45,550,559,
11960,50,19000000,0,user_38,547,559,
13406,51,19000000,0,user_41,552,559,
13117,52,73000,17700000,user_40,551,559,
15502,53,72999,0,builder_18,559,559,13117
10450,54,6300000,155000,user_8,540,559,
15503,55,6299999,0,builder_18,559,559,10450
15504,56,6300001,0,builder_18,559,559,10986
10986,57,6300000,146000,user_39,543,559,
11192,58,6300001,0,user_3,544,559,10986
11196,59,6300001,0,user_9,544,559,10986
11193,60,6300001,0,user_6,544,559,10450
10569,61,6300001,0,user_20,541,559,10450
10572,62,6300001,0,user_25,541,559,10450
10473,63,6300001,0,user_23,540,559,10450
10476,64,6300001,0,user_23,540,559,10450
10477,65,6300001,0,user_24,540,559,10450
10478,66,6300001,0,user_25,540,559,10450
14746,67,6300000,0,user_33,557,559,
13693,68,6300000,0,user_47,553,559,
11216,69,6300000,0,user_32,544,559,
10468,70,6300000,0,user_20,540,559,
10453,71,6300000,0,user_12,540,559,
10456,72,6300000,0,user_15,540,559,
10740,73,6300000,0,user_34,542,559,
10973,74,6300000,0,user_29,543,559,
13395,75,6300000,0,user_31,552,559,
11197,76,6299999,0,user_10,544,559,10450
11207,77,6299999,0,user_20,544,559,10450
10562,78,6299999,0,user_13,541,559,10450
10474,79,6299999,0,user_23,540,559,10450
10475,80,6299999,0,user_23,540,559,10450
10725,81,6299999,0,user_18,542,559,10450
10729,82,6299999,0,user_24,542,559,10450
10943,83,6299999,0,user_1,543,559,10450
15505,84,5200001,0,builder_18,559,559,14765
14765,85,5200000,959000,user_46,557,559,
15506,86,6100001,0,builder_18,559,559,12227
12227,87,6100000,8520,user_49,548,559,
10497,88,6100000,0,user_45,540,559,
11001,89,6100000,0,user_44,543,559,
10975,90,6100000,0,user_31,543,559,
13942,91,6100000,0,user_40,554,559,
13945,92,5000000,594000,user_43,554,559,
15507,93,4999999,0,builder_18,559,559,13945
15508,94,5200001,0,builder_18,559,559,13925
13925,95,5200000,285000,user_27,554,559,
14982,96,5200001,0,user_14,558,559,14765
14976,97,5200001,0,user_9,558,559,14765
15245,98,5200001,0,user_3,559,559,14765
14481,99,5200000,0,user_45,556,559,
10444,2,43000000,0,user_2,560,579,
10484,6,30000000,0,user_34,560,579,
10450,54,6300000,155000,user_8,560,579,
10547,3,6299999,0,builder_18,560,560,10450
10473,63,6300001,0,user_23,560,579,10450
10476,64,6300001,0,user_23,560,579,10450
10477,65,6300001,0,user_24,560,579,10450
10478,66,6300001,0,user_25,560,579,10450
10453,71,6300000,0,user_12,560,579,
10468,70,6300000,0,user_20,560,579,
10456,72,6300000,0,user_15,560,579,
10474,79,6299999,0,user_23,560,579,10450
10475,80,6299999,0,user_23,560,579,10450
10497,88,6100000,0,user_45,560,579,
10445,98,5000000,0,user_4,560,577,
10462,99,5000000,0,user_17,560,577,
10448,98,4500000,0,user_6,560,575,
10455,99,2500000,0,user_14,560,572,
10485,92,2500000,0,user_34,560,571,
10465,94,2300000,0,user_17,560,571,
10454,99,2000000,0,user_13,560,570,
10494,94,2000000,0,user_42,560,569,
10548,22,1800001,0,builder_18,560,560,10496
10496,88,1800000,128000,user_44,560,568,
10493,94,1600000,0,user_42,560,566,
10490,92,1500000,0,user_41,560,565,
10460,96,1400000,0,user_16,560,565,
10469,90,1100000,0,user_21,560,564,
10481,92,970000,0,user_32,560,563,
10492,94,910000,0,user_42,560,563,
10461,96,870000,0,user_16,560,563,
10500,99,530000,11200,user_48,560,563,
10549,32,529999,0,builder_18,560,560,10500
10498,81,420000,67500,user_46,560,562,
10550,34,419999,0,builder_18,560,560,10498
10452,83,460000,0,user_10,560,562,
10495,84,460000,0,user_42,560,562,
10551,37,79001,0,builder_18,560,560,10480
10480,62,79000,296000,user_32,560,561,
10443,63,320000,0,user_1,560,561,
10458,64,310000,0,user_16,560,561,
10464,65,300000,0,user_17,560,561,
10491,66,300000,0,user_42,560,561,
10466,67,260000,0,user_18,560,561,
10499,69,220000,0,user_47,560,561,
10447,70,170000,0,user_5,560,561,
10488,72,170000,0,user_39,560,561,
10472,71,170000,0,user_22,560,561,
10457,75,160000,0,user_16,560,561,
10451,79,160000,0,user_9,560,561,
10463,77,160000,0,user_17,560,561,
10489,78,160000,0,user_40,560,561,
10482,76,160000,0,user_32,560,561,
10483,81,130000,0,user_32,560,561,
10459,82,120000,0,user_16,560,561,
10471,83,120000,0,user_22,560,561,
10449,88,87000,0,user_7,560,561,
10470,90,80000,0,user_21,560,561,
10487,89,80000,0,user_37,560,561,
10446,59,73000,0,user_4,560,560,
10444,2,43000000,0,user_2,560,579,
10484,6,30000000,0,user_34,560,579,
10699,2,6300001,0,builder_18,561,561,10450
10450,54,6300000,155000,user_8,560,579,
10473,63,6300001,0,user_23,560,579,10450
10476,64,6300001,0,user_23,560,579,10450
10477,65,6300001,0,user_24,560,579,10450
10478,66,6300001,0,user_25,560,579,10450
10569,61,6300001,0,user_20,561,579,10450
10572,62,6300001,0,user_25,561,579,10450
10453,71,6300000,0,user_12,560,579,
10468,70,6300000,0,user_20,560,579,
10456,72,6300000,0,user_15,560,579,
10474,79,6299999,0,user_23,560,579,10450
10475,80,6299999,0,user_23,560,579,10450
10562,78,6299999,0,user_13,561,579,10450
10497,88,6100000,0,user_45,560,579,
10445,98,5000000,0,user_4,560,577,
10462,99,5000000,0,user_17,560,577,
10448,98,4500000,0,user_6,560,575,
10575,96,3200000,0,user_27,561,573,
10455,99,2500000,0,user_14,560,572,
10485,92,2500000,0,user_34,560,571,
10465,94,2300000,0,user_17,560,571,
10586,91,2100000,0,user_41,561,570,
10454,99,2000000,0,user_13,560,570,
10494,94,2000000,0,user_42,560,569,
10496,88,1800000,128000,user_44,560,568,
10700,28,1799999,0,builder_18,561,561,10496
10565,96,1800001,0,user_16,561,568,10496
10554,97,1799999,0,user_2,561,568,10496
10558,98,1799999,0,user_10,561,568,10496
10566,89,1799999,0,user_17,561,567,10496
10493,94,1600000,0,user_42,560,566,
10579,95,1600000,0,user_33,561,566,
10490,92,1500000,0,user_41,560,565,
10701,36,1400001,0,builder_18,561,561,10580
10580,95,1400000,6390,user_34,561,565,
10460,96,1400000,0,user_16,560,565,
10577,99,1000000,381000,user_29,561,565,
10702,40,999999,0,builder_18,561,561,10577
10469,90,1100000,0,user_21,560,564,
10486,85,1000000,0,user_35,560,563,
10481,92,970000,0,user_32,560,563,
10492,94,910000,0,user_42,560,563,
10578,95,910000,0,user_32,561,563,
10461,96,870000,0,user_16,560,563,
10582,97,630000,0,user_36,561,563,
10500,99,530000,11200,user_48,560,563,
10703,49,529999,0,builder_18,561,561,10500
10563,77,530001,0,user_14,561,562,10500
10571,78,530001,0,user_24,561,562,10500
10567,79,529999,0,user_18,561,562,10500
10704,53,420001,0,builder_18,561,561,10498
10498,81,420000,67500,user_46,560,562,
10452,83,460000,0,user_10,560,562,
10495,84,460000,0,user_42,560,562,
10564,85,420001,0,user_15,561,562,10498
10573,86,420001,0,user_26,561,562,10498
10705,59,340001,0,builder_18,561,561,10589
10589,60,340000,60700,user_47,561,561,
10706,61,79001,0,builder_18,561,561,10480
10480,62,79000,296000,user_32,560,561,
10443,63,320000,0,user_1,560,561,
10458,64,310000,0,user_16,560,561,
10464,65,300000,0,user_17,560,561,
10491,66,300000,0,user_42,560,561,
10466,67,260000,0,user_18,560,561,
10504,68,240000,0,user_49,560,561,
10499,69,220000,0,user_47,560,561,
10447,70,170000,0,user_5,560,561,
10472,71,170000,0,user_22,560,561,
10488,72,170000,0,user_39,560,561,
10501,73,170000,0,user_49,560,561,
10479,74,160000,0,user_28,560,561,
10457,75,160000,0,user_16,560,561,
10482,76,160000,0,user_32,560,561,
10463,77,160000,0,user_17,560,561,
10489,78,160000,0,user_40,560,561,
10451,79,160000,0,user_9,560,561,
10505,80,150000,0,user_49,560,561,
10483,81,130000,0,user_32,560,561,
10459,82,120000,0,user_16,560,561,
10471,83,120000,0,user_22,560,561,
10502,84,120000,0,user_49,560,561,
10584,85,120000,0,user_37,561,561,
10574,86,110000,0,user_27,561,561,
10583,87,98000,0,user_36,561,561,
10449,88,87000,0,user_7,560,561,
10487,89,80000,0,user_37,560,561,
10470,90,80000,0,user_21,560,561,
10555,91,79001,0,user_3,561,561,10480
10561,92,79001,0,user_11,561,561,10480
10557,93,79001,0,user_10,561,561,10480
10552,94,78999,0,user_1,561,561,10480
10553,95,78999,0,user_2,561,561,10480
10560,96,78999,0,user_11,561,561,10480
10559,97,78999,0,user_10,561,561,10480
10570,98,78999,0,user_21,561,561,10480
10556,99,78999,0,user_9,561,561,10480
10444,2,43000000,0,user_2,560,579,
10484,6,30000000,0,user_34,560,579,
10747,28,27000000,0,user_41,562,579,
10915,3,19000001,0,builder_16,562,562,10588
10588,46,19000000,13900,user_43,561,579,
10916,5,6300001,0,builder_16,562,562,10450
10450,54,6300000,155000,user_8,560,579,
10473,63,6300001,0,user_23,560,579,10450
10476,64,6300001,0,user_23,560,579,10450
10477,65,6300001,0,user_24,560,579,10450
10478,66,6300001,0,user_25,560,579,10450
10569,61,6300001,0,user_20,561,579,10450
10572,62,6300001,0,user_25,561,579,10450
10453,71,6300000,0,user_12,560,579,
10468,70,6300000,0,user_20,560,579,
10456,72,6300000,0,user_15,560,579,
10740,73,6300000,0,user_34,562,579,
10474,79,6299999,0,user_23,560,579,10450
10475,80,6299999,0,user_23,560,579,10450
10562,78,6299999,0,user_13,561,579,10450
10725,81,6299999,0,user_18,562,579,10450
10729,82,6299999,0,user_24,562,579,10450
10497,88,6100000,0,user_45,560,579,
10917,23,5000001,0,builder_16,562,562,10585
10585,94,5000000,6390,user_38,561,577,
10445,98,5000000,0,user_4,560,577,
10462,99,5000000,0,user_17,560,577,
10748,88,5000000,0,user_41,562,576,
10742,87,5000000,0,user_36,562,576,
10448,98,4500000,0,user_6,560,575,
10576,97,4500000,0,user_28,561,575,
10575,96,3200000,0,user_27,561,573,
10455,99,2500000,0,user_14,560,572,
10485,92,2500000,0,user_34,560,571,
10465,94,2300000,0,user_17,560,571,
10586,91,2100000,0,user_41,561,570,
10454,99,2000000,0,user_13,560,570,
10494,94,2000000,0,user_42,560,569,
10737,95,2000000,0,user_32,562,569,
10496,88,1800000,128000,user_44,560,568,
10918,40,1799999,0,builder_16,562,562,10496
10565,96,1800001,0,user_16,561,568,10496
10732,95,1800001,0,user_26,562,568,10496
10554,97,1799999,0,user_2,561,568,10496
10558,98,1799999,0,user_10,561,568,10496
10566,89,1799999,0,user_17,561,567,10496
10710,99,1799999,0,user_2,562,568,10496
10493,94,1600000,0,user_42,560,566,
10579,95,1600000,0,user_33,561,566,
10754,96,1600000,0,user_46,562,566,
10490,92,1500000,0,user_41,560,565,
10739,91,1500000,0,user_32,562,565,
10919,52,1400001,0,builder_16,562,562,10580
10580,95,1400000,6390,user_34,561,565,
10460,96,1400000,0,user_16,560,565,
10577,99,1000000,381000,user_29,561,565,
10920,56,999999,0,builder_16,562,562,10577
10469,90,1100000,0,user_21,560,564,
10590,89,1100000,0,user_49,561,564,
10711,95,1000001,0,user_3,562,564,10577
10722,96,1000001,0,user_14,562,564,10577
10727,98,1000001,0,user_22,562,564,10577
10721,94,1000001,0,user_13,562,564,10577
10726,97,1000001,0,user_21,562,564,10577
10486,85,1000000,0,user_35,560,563,
10587,86,1000000,0,user_43,561,563,
10716,88,999999,0,user_9,562,563,10577
10718,87,999999,0,user_10,562,563,10577
10723,89,999999,0,user_15,562,563,10577
10481,92,970000,0,user_32,560,563,
10492,94,910000,0,user_42,560,563,
10578,95,910000,0,user_32,561,563,
10461,96,870000,0,user_16,560,563,
10582,97,630000,0,user_36,561,563,
10753,98,600000,0,user_46,562,563,
10921,75,530001,0,builder_16,562,562,10500
10500,99,530000,11200,user_48,560,563,
10563,77,530001,0,user_14,561,562,10500
10571,78,530001,0,user_24,561,562,10500
10567,79,529999,0,user_18,561,562,10500
10922,80,420001,0,builder_16,562,562,10498
10498,81,420000,67500,user_46,560,562,
10750,82,470000,0,user_45,562,562,
10452,83,460000,0,user_10,560,562,
10495,84,460000,0,user_42,560,562,
10564,85,420001,0,user_15,561,562,10498
10573,86,420001,0,user_26,561,562,10498
10730,87,420001,0,user_24,562,562,10498
10568,88,419999,0,user_19,561,562,10498
10712,89,419999,0,user_4,562,562,10498
10717,90,419999,0,user_9,562,562,10498
10708,91,419999,0,user_2,562,562,10498
10709,92,419999,0,user_2,562,562,10498
10719,93,419999,0,user_11,562,562,10498
10713,94,419999,0,user_6,562,562,10498
10724,95,419999,0,user_17,562,562,10498
10715,96,419999,0,user_7,562,562,10498
10728,97,419999,0,user_23,562,562,10498
10731,98,419999,0,user_24,562,562,10498
10923,99,340001,0,builder_16,562,562,10589
10444,2,43000000,0,user_2,560,579,
10484,6,30000000,0,user_34,560,579,
10747,28,27000000,0,user_41,562,579,
10988,29,27000000,0,user_40,563,579,
11161,4,19000001,0,builder_16,563,563,10588
10588,46,19000000,13900,user_43,561,579,
10450,54,6300000,155000,user_8,560,579,
11162,7,6299999,0,builder_16,563,563,10450
11163,8,6300001,0,builder_16,563,563,10986
10986,57,6300000,146000,user_39,563,579,
10473,63,6300001,0,user_23,560,579,10450
10476,64,6300001,0,user_23,560,579,10450
10477,65,6300001,0,user_24,560,579,10450
10478,66,6300001,0,user_25,560,579,10450
10569,61,6300001,0,user_20,561,579,10450
10572,62,6300001,0,user_25,561,579,10450
10453,71,6300000,0,user_12,560,579,
10468,70,6300000,0,user_20,560,579,
10456,72,6300000,0,user_15,560,579,
10740,73,6300000,0,user_34,562,579,
10973,74,6300000,0,user_29,563,579,
10474,79,6299999,0,user_23,560,579,10450
10475,80,6299999,0,user_23,560,579,10450
10562,78,6299999,0,user_13,561,579,10450
10725,81,6299999,0,user_18,562,579,10450
10943,83,6299999,0,user_1,563,579,10450
10729,82,6299999,0,user_24,562,579,10450
10497,88,6100000,0,user_45,560,579,
11001,89,6100000,0,user_44,563,579,
10585,94,5000000,6390,user_38,561,577,
11164,30,4999999,0,builder_16,563,563,10585
10445,98,5000000,0,user_4,560,577,
10462,99,5000000,0,user_17,560,577,
10749,96,5000000,0,user_43,562,577,
10742,87,5000000,0,user_36,562,576,
10748,88,5000000,0,user_41,562,576,
10448,98,4500000,0,user_6,560,575,
10576,97,4500000,0,user_28,561,575,
10575,96,3200000,0,user_27,561,573,
10455,99,2500000,0,user_14,560,572,
10485,92,2500000,0,user_34,560,571,
10465,94,2300000,0,user_17,560,571,
10984,95,2300000,0,user_37,563,571,
10586,91,2100000,0,user_41,561,570,
10733,93,2000000,49100,user_27,562,570,
11165,45,1999999,0,builder_16,563,563,10733
10454,99,2000000,0,user_13,560,570,
10494,94,2000000,0,user_42,560,569,
10737,95,2000000,0,user_32,562,569,
11000,95,2000000,0,user_44,563,570,
10991,96,2000000,0,user_40,563,570,
10996,97,2000000,0,user_41,563,570,
10496,88,1800000,128000,user_44,560,568,
11166,53,1799999,0,builder_16,563,563,10496
10995,90,1900000,0,user_41,563,568,
10565,96,1800001,0,user_16,561,568,10496
10732,95,1800001,0,user_26,562,568,10496
10554,97,1799999,0,user_2,561,568,10496
10558,98,1799999,0,user_10,561,568,10496
10566,89,1799999,0,user_17,561,567,10496
10710,99,1799999,0,user_2,562,568,10496
10947,92,1799999,0,user_6,563,567,10496
10493,94,1600000,0,user_42,560,566,
10579,95,1600000,0,user_33,561,566,
10754,96,1600000,0,user_46,562,566,
10490,92,1500000,0,user_41,560,565,
10739,91,1500000,0,user_32,562,565,
10994,93,1500000,0,user_41,563,565,
11167,68,1400001,0,builder_16,563,563,10580
10580,95,1400000,6390,user_34,561,565,
10460,96,1400000,0,user_16,560,565,
10577,99,1000000,381000,user_29,561,565,
11168,72,999999,0,builder_16,563,563,10577
10997,83,1300000,0,user_41,563,564,
10469,90,1100000,0,user_21,560,564,
10590,89,1100000,0,user_49,561,564,
10989,91,1100000,0,user_40,563,564,
11169,77,1000001,0,builder_16,563,563,10980
10980,93,1000000,15700,user_33,563,564,
10711,95,1000001,0,user_3,562,564,10577
10722,96,1000001,0,user_14,562,564,10577
10726,97,1000001,0,user_21,562,564,10577
10721,94,1000001,0,user_13,562,564,10577
10727,98,1000001,0,user_22,562,564,10577
10945,99,1000001,0,user_3,563,564,10577
10486,85,1000000,0,user_35,560,563,
10587,86,1000000,0,user_43,561,563,
10718,87,999999,0,user_10,562,563,10577
10716,88,999999,0,user_9,562,563,10577
10723,89,999999,0,user_15,562,563,10577
10955,90,999999,0,user_11,563,563,10577
10957,91,999999,0,user_12,563,563,10577
10481,92,970000,0,user_32,560,563,
10744,93,970000,0,user_38,562,563,
10492,94,910000,0,user_42,560,563,
10578,95,910000,0,user_32,561,563,
10461,96,870000,0,user_16,560,563,
10582,97,630000,0,user_36,561,563,
10753,98,600000,0,user_46,562,563,
10500,99,530000,11200,user_48,560,563,
10444,2,43000000,0,user_2,560,579,
10484,6,30000000,0,user_34,560,579,
10747,28,27000000,0,user_41,562,579,
10988,29,27000000,0,user_40,563,579,
11383,4,19000001,0,builder_16,564,564,10588
10588,46,19000000,13900,user_43,561,579,
11384,6,6300001,0,builder_16,564,564,10450
10450,54,6300000,155000,user_8,560,579,
10569,61,6300001,0,user_20,561,579,10450
10572,62,6300001,0,user_25,561,579,10450
10473,63,6300001,0,user_23,560,579,10450
10476,64,6300001,0,user_23,560,579,10450
10477,65,6300001,0,user_24,560,579,10450
10478,66,6300001,0,user_25,560,579,10450
11196,59,6300001,0,user_9,564,579,10986
11192,58,6300001,0,user_3,564,579,10986
11193,60,6300001,0,user_6,564,579,10450
10468,70,6300000,0,user_20,560,579,
10453,71,6300000,0,user_12,560,579,
10456,72,6300000,0,user_15,560,579,
10740,73,6300000,0,user_34,562,579,
10973,74,6300000,0,user_29,563,579,
11216,69,6300000,0,user_32,564,579,
10562,78,6299999,0,user_13,561,579,10450
10474,79,6299999,0,user_23,560,579,10450
10475,80,6299999,0,user_23,560,579,10450
10725,81,6299999,0,user_18,562,579,10450
10729,82,6299999,0,user_24,562,579,10450
10943,83,6299999,0,user_1,563,579,10450
11197,76,6299999,0,user_10,564,579,10450
11207,77,6299999,0,user_20,564,579,10450
10497,88,6100000,0,user_45,560,579,
11001,89,6100000,0,user_44,563,579,
10975,90,6100000,0,user_31,563,579,
11385,34,5000001,0,builder_16,564,564,10585
10585,94,5000000,6390,user_38,561,577,
10445,98,5000000,0,user_4,560,577,
10462,99,5000000,0,user_17,560,577,
10748,88,5000000,0,user_41,562,576,
10742,87,5000000,0,user_36,562,576,
10749,96,5000000,0,user_43,562,577,
11226,97,5000000,0,user_45,564,577,
10576,97,4500000,0,user_28,561,575,
10448,98,4500000,0,user_6,560,575,
10575,96,3200000,0,user_27,561,573,
10455,99,2500000,0,user_14,560,572,
10485,92,2500000,0,user_34,560,571,
10465,94,2300000,0,user_17,560,571,
10984,95,2300000,0,user_37,563,571,
11386,49,1200001,0,builder_16,564,564,10985
10985,98,1200000,959000,user_38,563,571,
10586,91,2100000,0,user_41,561,570,
10733,93,2000000,49100,user_27,562,570,
11387,53,1999999,0,builder_16,564,564,10733
10454,99,2000000,0,user_13,560,570,
10494,94,2000000,0,user_42,560,569,
10737,95,2000000,0,user_32,562,569,
11000,95,2000000,0,user_44,563,570,
10991,96,2000000,0,user_40,563,570,
10996,97,2000000,0,user_41,563,570,
10496,88,1800000,128000,user_44,560,568,
11388,61,1799999,0,builder_16,564,564,10496
10995,90,1900000,0,user_41,563,568,
11227,91,1600000,256000,user_46,564,568,
11389,64,1599999,0,builder_16,564,564,11227
10565,96,1800001,0,user_16,561,568,10496
10732,95,1800001,0,user_26,562,568,10496
10558,98,1799999,0,user_10,561,568,10496
10566,89,1799999,0,user_17,561,567,10496
10710,99,1799999,0,user_2,562,568,10496
10554,97,1799999,0,user_2,561,568,10496
10947,92,1799999,0,user_6,563,567,10496
10579,95,1600000,0,user_33,561,566,
10493,94,1600000,0,user_42,560,566,
10754,96,1600000,0,user_46,562,566,
10490,92,1500000,0,user_41,560,565,
10739,91,1500000,0,user_32,562,565,
10994,93,1500000,0,user_41,563,565,
11390,78,1400001,0,builder_16,564,564,10580
10580,95,1400000,6390,user_34,561,565,
10460,96,1400000,0,user_16,560,565,
11391,81,1000001,0,builder_16,564,564,10577
10577,99,1000000,381000,user_29,561,565,
10997,83,1300000,0,user_41,563,564,
11199,84,1200001,0,user_11,564,564,10985
11201,85,1200001,0,user_14,564,564,10985
11200,86,1200001,0,user_12,564,564,10985
11209,87,1199999,0,user_22,564,564,10985
11203,88,1199999,0,user_17,564,564,10985
10590,89,1100000,0,user_49,561,564,
10469,90,1100000,0,user_21,560,564,
10989,91,1100000,0,user_40,563,564,
11392,92,1000001,0,builder_16,564,564,10980
10980,93,1000000,15700,user_33,563,564,
10721,94,1000001,0,user_13,562,564,10577
10711,95,1000001,0,user_3,562,564,10577
10722,96,1000001,0,user_14,562,564,10577
10726,97,1000001,0,user_21,562,564,10577
10727,98,1000001,0,user_22,562,564,10577
10945,99,1000001,0,user_3,563,564,10577
10444,2,43000000,0,user_2,560,579,
11448,3,30000000,11200,user_33,565,579,
11638,2,29999999,0,builder_16,565,565,11448
10484,6,30000000,0,user_34,560,579,
11457,5,30000000,0,user_47,565,579,
10747,28,27000000,0,user_41,562,579,
10988,29,27000000,0,user_40,563,579,
11455,27,27000000,0,user_46,565,579,
11639,8,19000001,0,builder_16,565,565,10588
10588,46,19000000,13900,user_43,561,579,
10450,54,6300000,155000,user_8,560,579,
11640,11,6299999,0,builder_16,565,565,10450
11641,12,6300001,0,builder_16,565,565,10986
10986,57,6300000,146000,user_39,563,579,
10572,62,6300001,0,user_25,561,579,10450
10569,61,6300001,0,user_20,561,579,10450
10473,63,6300001,0,user_23,560,579,10450
10476,64,6300001,0,user_23,560,579,10450
10478,66,6300001,0,user_25,560,579,10450
10477,65,6300001,0,user_24,560,579,10450
11192,58,6300001,0,user_3,564,579,10986
11196,59,6300001,0,user_9,564,579,10986
11193,60,6300001,0,user_6,564,579,10450
10740,73,6300000,0,user_34,562,579,
10468,70,6300000,0,user_20,560,579,
10453,71,6300000,0,user_12,560,579,
10456,72,6300000,0,user_15,560,579,
10973,74,6300000,0,user_29,563,579,
11216,69,6300000,0,user_32,564,579,
10725,81,6299999,0,user_18,562,579,10450
10729,82,6299999,0,user_24,562,579,10450
10943,83,6299999,0,user_1,563,579,10450
10562,78,6299999,0,user_13,561,579,10450
10474,79,6299999,0,user_23,560,579,10450
10475,80,6299999,0,user_23,560,579,10450
11197,76,6299999,0,user_10,564,579,10450
11207,77,6299999,0,user_20,564,579,10450
11001,89,6100000,0,user_44,563,579,
10497,88,6100000,0,user_45,560,579,
10975,90,6100000,0,user_31,563,579,
11642,40,5000001,0,builder_16,565,565,10585
10585,94,5000000,6390,user_38,561,577,
10742,87,5000000,0,user_36,562,576,
10748,88,5000000,0,user_41,562,576,
10749,96,5000000,0,user_43,562,577,
10445,98,5000000,0,user_4,560,577,
10462,99,5000000,0,user_17,560,577,
11226,97,5000000,0,user_45,564,577,
11456,96,4500000,121000,user_46,565,576,
11643,49,4499999,0,builder_16,565,565,11456
10448,98,4500000,0,user_6,560,575,
10576,97,4500000,0,user_28,561,575,
11213,96,4200000,0,user_31,564,574,
10575,96,3200000,0,user_27,561,573,
10455,99,2500000,0,user_14,560,572,
10485,92,2500000,0,user_34,560,571,
11454,98,2500000,0,user_40,565,572,
10984,95,2300000,0,user_37,563,571,
10465,94,2300000,0,user_17,560,571,
11644,59,1200001,0,builder_16,565,565,10985
10985,98,1200000,959000,user_38,563,571,
10586,91,2100000,0,user_41,561,570,
11645,62,2000001,0,builder_16,565,565,10733
10733,93,2000000,49100,user_27,562,570,
10737,95,2000000,0,user_32,562,569,
11000,95,2000000,0,user_44,563,570,
10454,99,2000000,0,user_13,560,570,
10494,94,2000000,0,user_42,560,569,
10991,96,2000000,0,user_40,563,570,
10996,97,2000000,0,user_41,563,570,
11214,98,2000000,0,user_31,564,570,
10496,88,1800000,128000,user_44,560,568,
11646,72,1799999,0,builder_16,565,565,10496
10995,90,1900000,0,user_41,563,568,
11227,91,1600000,256000,user_46,564,568,
11647,75,1599999,0,builder_16,565,565,11227
10732,95,1800001,0,user_26,562,568,10496
10565,96,1800001,0,user_16,561,568,10496
10554,97,1799999,0,user_2,561,568,10496
10558,98,1799999,0,user_10,561,568,10496
10710,99,1799999,0,user_2,562,568,10496
10566,89,1799999,0,user_17,561,567,10496
10947,92,1799999,0,user_6,563,567,10496
11450,93,1600000,39400,user_36,565,567,
11648,84,1599999,0,builder_16,565,565,11450
11430,96,1600001,0,user_15,565,567,11227
11431,95,1600001,0,user_18,565,567,11227
10754,96,1600000,0,user_46,562,566,
10579,95,1600000,0,user_33,561,566,
10493,94,1600000,0,user_42,560,566,
11437,98,1599999,0,user_21,565,566,11227
10739,91,1500000,0,user_32,562,565,
10490,92,1500000,0,user_41,560,565,
10994,93,1500000,0,user_41,563,565,
11649,94,1400001,0,builder_16,565,565,10580
10580,95,1400000,6390,user_34,561,565,
10460,96,1400000,0,user_16,560,565,
11212,97,1400000,0,user_27,564,565,
11650,98,1000001,0,builder_16,565,565,10577
10577,99,1000000,381000,user_29,561,565,
10444,2,43000000,0,user_2,560,579,
11448,3,30000000,11200,user_33,565,579,
11895,2,29999999,0,builder_16,566,566,11448
10484,6,30000000,0,user_34,560,579,
11457,5,30000000,0,user_47,565,579,
11715,7,30000000,0,user_46,566,579,
10988,29,27000000,0,user_40,563,579,
10747,28,27000000,0,user_41,562,579,
11455,27,27000000,0,user_46,565,579,
11710,30,27000000,0,user_42,566,579,
10588,46,19000000,13900,user_43,561,579,
11896,11,18999999,0,builder_16,566,566,10588
11897,12,6300001,0,builder_16,566,566,10450
10450,54,6300000,155000,user_8,560,579,
11898,14,6300001,0,builder_16,566,566,10986
10986,57,6300000,146000,user_39,563,579,
10473,63,6300001,0,user_23,560,579,10450
10476,64,6300001,0,user_23,560,579,10450
10477,65,6300001,0,user_24,560,579,10450
10478,66,6300001,0,user_25,560,579,10450
10569,61,6300001,0,user_20,561,579,10450
10572,62,6300001,0,user_25,561,579,10450
11192,58,6300001,0,user_3,564,579,10986
11193,60,6300001,0,user_6,564,579,10450
11196,59,6300001,0,user_9,564,579,10986
10973,74,6300000,0,user_29,563,579,
10453,71,6300000,0,user_12,560,579,
10468,70,6300000,0,user_20,560,579,
10456,72,6300000,0,user_15,560,579,
10740,73,6300000,0,user_34,562,579,
11216,69,6300000,0,user_32,564,579,
10943,83,6299999,0,user_1,563,579,10450
11197,76,6299999,0,user_10,564,579,10450
11207,77,6299999,0,user_20,564,579,10450
10474,79,6299999,0,user_23,560,579,10450
10475,80,6299999,0,user_23,560,579,10450
10562,78,6299999,0,user_13,561,579,10450
10725,81,6299999,0,user_18,562,579,10450
10729,82,6299999,0,user_24,562,579,10450
11001,89,6100000,0,user_44,563,579,
10975,90,6100000,0,user_31,563,579,
10497,88,6100000,0,user_45,560,579,
10585,94,5000000,6390,user_38,561,577,
11899,43,4999999,0,builder_16,566,566,10585
10749,96,5000000,0,user_43,562,577,
11226,97,5000000,0,user_45,564,577,
10445,98,5000000,0,user_4,560,577,
10462,99,5000000,0,user_17,560,577,
10742,87,5000000,0,user_36,562,576,
10748,88,5000000,0,user_41,562,576,
11709,86,5000000,0,user_40,566,576,
11900,51,4500001,0,builder_16,566,566,11456
11456,96,4500000,121000,user_46,565,576,
10448,98,4500000,0,user_6,560,575,
10576,97,4500000,0,user_28,561,575,
11446,96,4500000,0,user_31,565,575,
11213,96,4200000,0,user_31,564,574,
10575,96,3200000,0,user_27,561,573,
11716,93,2600000,0,user_47,566,572,
10455,99,2500000,0,user_14,560,572,
10485,92,2500000,0,user_34,560,571,
11454,98,2500000,0,user_40,565,572,
10984,95,2300000,0,user_37,563,571,
10465,94,2300000,0,user_17,560,571,
10985,98,1200000,959000,user_38,563,571,
11901,65,1199999,0,builder_16,566,566,10985
10586,91,2100000,0,user_41,561,570,
10733,93,2000000,49100,user_27,562,570,
11902,68,1999999,0,builder_16,566,566,10733
11000,95,2000000,0,user_44,563,570,
10991,96,2000000,0,user_40,563,570,
10996,97,2000000,0,user_41,563,570,
10454,99,2000000,0,user_13,560,570,
10494,94,2000000,0,user_42,560,569,
10737,95,2000000,0,user_32,562,569,
11214,98,2000000,0,user_31,564,570,
11903,76,1800001,0,builder_16,566,566,10496
10496,88,1800000,128000,user_44,560,568,
10995,90,1900000,0,user_41,563,568,
11227,91,1600000,256000,user_46,564,568,
11904,80,1599999,0,builder_16,566,566,11227
10565,96,1800001,0,user_16,561,568,10496
10732,95,1800001,0,user_26,562,568,10496
10947,92,1799999,0,user_6,563,567,10496
10554,97,1799999,0,user_2,561,568,10496
10558,98,1799999,0,user_10,561,568,10496
10566,89,1799999,0,user_17,561,567,10496
10710,99,1799999,0,user_2,562,568,10496
11905,88,1600001,0,builder_16,566,566,11450
11450,93,1600000,39400,user_36,565,567,
11430,96,1600001,0,user_15,565,567,11227
11431,95,1600001,0,user_18,565,567,11227
11679,97,1600001,0,user_1,566,567,11227
11688,98,1600001,0,user_11,566,567,11227
10493,94,1600000,0,user_42,560,566,
10579,95,1600000,0,user_33,561,566,
10754,96,1600000,0,user_46,562,566,
11704,97,1600000,0,user_29,566,566,
11437,98,1599999,0,user_21,565,566,11227
11433,99,1599999,0,user_19,565,566,11227
10444,2,43000000,0,user_2,560,579,
11448,3,30000000,11200,user_33,565,579,
12166,2,29999999,0,builder_18,567,567,11448
11457,5,30000000,0,user_47,565,579,
10484,6,30000000,0,user_34,560,579,
11715,7,30000000,0,user_46,566,579,
11969,8,30000000,0,user_45,567,579,
11455,27,27000000,0,user_46,565,579,
10747,28,27000000,0,user_41,562,579,
10988,29,27000000,0,user_40,563,579,
11710,30,27000000,0,user_42,566,579,
10588,46,19000000,13900,user_43,561,579,
12167,12,18999999,0,builder_18,567,567,10588
12168,13,6300001,0,builder_18,567,567,10450
10450,54,6300000,155000,user_8,560,579,
12169,15,6300001,0,builder_18,567,567,10986
10986,57,6300000,146000,user_39,563,579,
11192,58,6300001,0,user_3,564,579,10986
11196,59,6300001,0,user_9,564,579,10986
11193,60,6300001,0,user_6,564,579,10450
10569,61,6300001,0,user_20,561,579,10450
10572,62,6300001,0,user_25,561,579,10450
10473,63,6300001,0,user_23,560,579,10450
10476,64,6300001,0,user_23,560,579,10450
10477,65,6300001,0,user_24,560,579,10450
10478,66,6300001,0,user_25,560,579,10450
11216,69,6300000,0,user_32,564,579,
10468,70,6300000,0,user_20,560,579,
10453,71,6300000,0,user_12,560,579,
10456,72,6300000,0,user_15,560,579,
10740,73,6300000,0,user_34,562,579,
10973,74,6300000,0,user_29,563,579,
11197,76,6299999,0,user_10,564,579,10450
11207,77,6299999,0,user_20,564,579,10450
10562,78,6299999,0,user_13,561,579,10450
10474,79,6299999,0,user_23,560,579,10450
10475,80,6299999,0,user_23,560,579,10450
10725,81,6299999,0,user_18,562,579,10450
10729,82,6299999,0,user_24,562,579,10450
10943,83,6299999,0,user_1,563,579,10450
10497,88,6100000,0,user_45,560,579,
11001,89,6100000,0,user_44,563,579,
10975,90,6100000,0,user_31,563,579,
12170,43,5000001,0,builder_18,567,567,10585
10585,94,5000000,6390,user_38,561,577,
11226,97,5000000,0,user_45,564,577,
10445,98,5000000,0,user_4,560,577,
10462,99,5000000,0,user_17,560,577,
10748,88,5000000,0,user_41,562,576,
10742,87,5000000,0,user_36,562,576,
10749,96,5000000,0,user_43,562,577,
11709,86,5000000,0,user_40,566,576,
11456,96,4500000,121000,user_46,565,576,
12171,53,4499999,0,builder_18,567,567,11456
11446,96,4500000,0,user_31,565,575,
10576,97,4500000,0,user_28,561,575,
10448,98,4500000,0,user_6,560,575,
11213,96,4200000,0,user_31,564,574,
10575,96,3200000,0,user_27,561,573,
11959,95,3200000,0,user_36,567,573,
11716,93,2600000,0,user_47,566,572,
11954,99,2600000,0,user_33,567,573,
11454,98,2500000,0,user_40,565,572,
10455,99,2500000,0,user_14,560,572,
10485,92,2500000,0,user_34,560,571,
10465,94,2300000,0,user_17,560,571,
10984,95,2300000,0,user_37,563,571,
10985,98,1200000,959000,user_38,563,571,
12172,68,1199999,0,builder_18,567,567,10985
10586,91,2100000,0,user_41,561,570,
12173,70,2000001,0,builder_18,567,567,10733
10733,93,2000000,49100,user_27,562,570,
11214,98,2000000,0,user_31,564,570,
10454,99,2000000,0,user_13,560,570,
10494,94,2000000,0,user_42,560,569,
10737,95,2000000,0,user_32,562,569,
11000,95,2000000,0,user_44,563,570,
10991,96,2000000,0,user_40,563,570,
10996,97,2000000,0,user_41,563,570,
12174,79,1800001,0,builder_18,567,567,10496
10496,88,1800000,128000,user_44,560,568,
10995,90,1900000,0,user_41,563,568,
12175,82,1600001,0,builder_18,567,567,11227
11227,91,1600000,256000,user_46,564,568,
12176,84,1300001,0,builder_18,567,567,11955
11955,94,1300000,510000,user_34,567,568,
10565,96,1800001,0,user_16,561,568,10496
10732,95,1800001,0,user_26,562,568,10496
10558,98,1799999,0,user_10,561,568,10496
10566,89,1799999,0,user_17,561,567,10496
10710,99,1799999,0,user_2,562,568,10496
10554,97,1799999,0,user_2,561,568,10496
10947,92,1799999,0,user_6,563,567,10496
11450,93,1600000,39400,user_36,565,567,
12177,94,1599999,0,builder_18,567,567,11450
11431,95,1600001,0,user_18,565,567,11227
11430,96,1600001,0,user_15,565,567,11227
11679,97,1600001,0,user_1,566,567,11227
11688,98,1600001,0,user_11,566,567,11227
11930,99,1600001,0,user_4,567,567,11227
10444,2,43000000,0,user_2,560,579,
11448,3,30000000,11200,user_33,565,579,
12451,2,29999999,0,builder_18,568,568,11448
11457,5,30000000,0,user_47,565,579,
11715,7,30000000,0,user_46,566,579,
11969,8,30000000,0,user_45,567,579,
10484,6,30000000,0,user_34,560,579,
12221,12,27000000,779000,user_37,568,579,
12452,8,26999999,0,builder_18,568,568,12221
11455,27,27000000,0,user_46,565,579,
11710,30,27000000,0,user_42,566,579,
10747,28,27000000,0,user_41,562,579,
10988,29,27000000,0,user_40,563,579,
10588,46,19000000,13900,user_43,561,579,
12453,14,18999999,0,builder_18,568,568,10588
11960,50,19000000,0,user_38,567,579,
12454,16,6300001,0,builder_18,568,568,10450
10450,54,6300000,155000,user_8,560,579,
10986,57,6300000,146000,user_39,563,579,
12455,19,6299999,0,builder_18,568,568,10986
10572,62,6300001,0,user_25,561,579,10450
10569,61,6300001,0,user_20,561,579,10450
10473,63,6300001,0,user_23,560,579,10450
10476,64,6300001,0,user_23,560,579,10450
10478,66,6300001,0,user_25,560,579,10450
10477,65,6300001,0,user_24,560,579,10450
11192,58,6300001,0,user_3,564,579,10986
11196,59,6300001,0,user_9,564,579,10986
11193,60,6300001,0,user_6,564,579,10450
10740,73,6300000,0,user_34,562,579,
10468,70,6300000,0,user_20,560,579,
10453,71,6300000,0,user_12,560,579,
10456,72,6300000,0,user_15,560,579,
10973,74,6300000,0,user_29,563,579,
11216,69,6300000,0,user_32,564,579,
10725,81,6299999,0,user_18,562,579,10450
10729,82,6299999,0,user_24,562,579,10450
10943,83,6299999,0,user_1,563,579,10450
10562,78,6299999,0,user_13,561,579,10450
10474,79,6299999,0,user_23,560,579,10450
10475,80,6299999,0,user_23,560,579,10450
11197,76,6299999,0,user_10,564,579,10450
11207,77,6299999,0,user_20,564,579,10450
11001,89,6100000,0,user_44,563,579,
10497,88,6100000,0,user_45,560,579,
10975,90,6100000,0,user_31,563,579,
10585,94,5000000,6390,user_38,561,577,
12456,47,4999999,0,builder_18,568,568,10585
11709,86,5000000,0,user_40,566,576,
10742,87,5000000,0,user_36,562,576,
10748,88,5000000,0,user_41,562,576,
10749,96,5000000,0,user_43,562,577,
10445,98,5000000,0,user_4,560,577,
10462,99,5000000,0,user_17,560,577,
11226,97,5000000,0,user_45,564,577,
11456,96,4500000,121000,user_46,565,576,
12457,56,4499999,0,builder_18,568,568,11456
11446,96,4500000,0,user_31,565,575,
10448,98,4500000,0,user_6,560,575,
10576,97,4500000,0,user_28,561,575,
11213,96,4200000,0,user_31,564,574,
12220,94,4200000,0,user_37,568,574,
12215,95,4200000,0,user_30,568,574,
11949,94,3500000,0,user_28,567,573,
10575,96,3200000,0,user_27,561,573,
11959,95,3200000,0,user_36,567,573,
11716,93,2600000,0,user_47,566,572,
11954,99,2600000,0,user_33,567,573,
11454,98,2500000,0,user_40,565,572,
10455,99,2500000,0,user_14,560,572,
10485,92,2500000,0,user_34,560,571,
10984,95,2300000,0,user_37,563,571,
10465,94,2300000,0,user_17,560,571,
12226,96,2300000,0,user_48,568,571,
12458,74,1200001,0,builder_18,568,568,10985
10985,98,1200000,959000,user_38,563,571,
12459,76,2100001,0,builder_18,568,568,11967
11967,99,2100000,33300,user_43,567,571,
10586,91,2100000,0,user_41,561,570,
10733,93,2000000,49100,user_27,562,570,
12460,80,1999999,0,builder_18,568,568,10733
10737,95,2000000,0,user_32,562,569,
11000,95,2000000,0,user_44,563,570,
10454,99,2000000,0,user_13,560,570,
10494,94,2000000,0,user_42,560,569,
10991,96,2000000,0,user_40,563,570,
10996,97,2000000,0,user_41,563,570,
11214,98,2000000,0,user_31,564,570,
10496,88,1800000,128000,user_44,560,568,
12461,89,1799999,0,builder_18,568,568,10496
10995,90,1900000,0,user_41,563,568,
11227,91,1600000,256000,user_46,564,568,
12462,92,1599999,0,builder_18,568,568,11227
12463,93,1300001,0,builder_18,568,568,11955
11955,94,1300000,510000,user_34,567,568,
10732,95,1800001,0,user_26,562,568,10496
10565,96,1800001,0,user_16,561,568,10496
10554,97,1799999,0,user_2,561,568,10496
10558,98,1799999,0,user_10,561,568,10496
10710,99,1799999,0,user_2,562,568,10496
10444,2,43000000,0,user_2,560,579,
11448,3,30000000,11200,user_33,565,579,
12768,2,29999999,0,builder_18,569,569,11448
11969,8,30000000,0,user_45,567,579,
10484,6,30000000,0,user_34,560,579,
11457,5,30000000,0,user_47,565,579,
11715,7,30000000,0,user_46,566,579,
12769,7,27000001,0,builder_18,569,569,12221
12221,12,27000000,779000,user_37,568,579,
12494,18,27000001,0,user_20,569,579,12221
10988,29,27000000,0,user_40,563,579,
10747,28,27000000,0,user_41,562,579,
11455,27,27000000,0,user_46,565,579,
11710,30,27000000,0,user_42,566,579,
12482,35,26999999,0,user_11,569,579,12221
12770,15,19000001,0,builder_18,569,569,10588
10588,46,19000000,13900,user_43,561,579,
11960,50,19000000,0,user_38,567,579,
12771,18,6300001,0,builder_18,569,569,10450
10450,54,6300000,155000,user_8,560,579,
12772,20,6300001,0,builder_18,569,569,10986
10986,57,6300000,146000,user_39,563,579,
10473,63,6300001,0,user_23,560,579,10450
10476,64,6300001,0,user_23,560,579,10450
10477,65,6300001,0,user_24,560,579,10450
10478,66,6300001,0,user_25,560,579,10450
10569,61,6300001,0,user_20,561,579,10450
10572,62,6300001,0,user_25,561,579,10450
11192,58,6300001,0,user_3,564,579,10986
11193,60,6300001,0,user_6,564,579,10450
11196,59,6300001,0,user_9,564,579,10986
10973,74,6300000,0,user_29,563,579,
10453,71,6300000,0,user_12,560,579,
10468,70,6300000,0,user_20,560,579,
10456,72,6300000,0,user_15,560,579,
10740,73,6300000,0,user_34,562,579,
11216,69,6300000,0,user_32,564,579,
10943,83,6299999,0,user_1,563,579,10450
11197,76,6299999,0,user_10,564,579,10450
11207,77,6299999,0,user_20,564,579,10450
10474,79,6299999,0,user_23,560,579,10450
10475,80,6299999,0,user_23,560,579,10450
10562,78,6299999,0,user_13,561,579,10450
10725,81,6299999,0,user_18,562,579,10450
10729,82,6299999,0,user_24,562,579,10450
12227,87,6100000,8520,user_49,568,579,
12773,46,6099999,0,builder_18,569,569,12227
11001,89,6100000,0,user_44,563,579,
10975,90,6100000,0,user_31,563,579,
10497,88,6100000,0,user_45,560,579,
12774,50,5000001,0,builder_18,569,569,10585
10585,94,5000000,6390,user_38,561,577,
10749,96,5000000,0,user_43,562,577,
11226,97,5000000,0,user_45,564,577,
10445,98,5000000,0,user_4,560,577,
10462,99,5000000,0,user_17,560,577,
10742,87,5000000,0,user_36,562,576,
10748,88,5000000,0,user_41,562,576,
11709,86,5000000,0,user_40,566,576,
11456,96,4500000,121000,user_46,565,576,
12775,60,4499999,0,builder_18,569,569,11456
10448,98,4500000,0,user_6,560,575,
10576,97,4500000,0,user_28,561,575,
11446,96,4500000,0,user_31,565,575,
12220,94,4200000,0,user_37,568,574,
11213,96,4200000,0,user_31,564,574,
12215,95,4200000,0,user_30,568,574,
12521,97,4200000,0,user_47,569,574,
12510,93,3500000,31700,user_39,569,573,
12776,69,3499999,0,builder_18,569,569,12510
11949,94,3500000,0,user_28,567,573,
11959,95,3200000,0,user_36,567,573,
10575,96,3200000,0,user_27,561,573,
11954,99,2600000,0,user_33,567,573,
11716,93,2600000,0,user_47,566,572,
12518,97,1800000,769000,user_44,569,572,
12777,76,1799999,0,builder_18,569,569,12518
10455,99,2500000,0,user_14,560,572,
10485,92,2500000,0,user_34,560,571,
11454,98,2500000,0,user_40,565,572,
10984,95,2300000,0,user_37,563,571,
10465,94,2300000,0,user_17,560,571,
12226,96,2300000,0,user_48,568,571,
10985,98,1200000,959000,user_38,563,571,
12778,84,1199999,0,builder_18,569,569,10985
11967,99,2100000,33300,user_43,567,571,
12779,86,2099999,0,builder_18,569,569,11967
10586,91,2100000,0,user_41,561,570,
10733,93,2000000,49100,user_27,562,570,
12780,89,1999999,0,builder_18,569,569,10733
11000,95,2000000,0,user_44,563,570,
10991,96,2000000,0,user_40,563,570,
10996,97,2000000,0,user_41,563,570,
10454,99,2000000,0,user_13,560,570,
10494,94,2000000,0,user_42,560,569,
10737,95,2000000,0,user_32,562,569,
11214,98,2000000,0,user_31,564,570,
12509,94,2000000,0,user_37,569,570,
12514,98,2000000,0,user_42,569,569,
12781,99,1800001,0,builder_18,569,569,10496
10444,2,43000000,0,user_2,560,579,
11448,3,30000000,11200,user_33,565,579,
13062,2,29999999,0,builder_18,570,570,11448
11969,8,30000000,0,user_45,567,579,
10484,6,30000000,0,user_34,560,579,
11457,5,30000000,0,user_47,565,579,
11715,7,30000000,0,user_46,566,579,
12221,12,27000000,779000,user_37,568,579,
13063,8,26999999,0,builder_18,570,570,12221
12494,18,27000001,0,user_20,569,579,12221
12783,20,27000001,0,user_0,570,579,12221
12796,19,27000001,0,user_11,570,579,12221
10988,29,27000000,0,user_40,563,579,
10747,28,27000000,0,user_41,562,579,
11455,27,27000000,0,user_46,565,579,
11710,30,27000000,0,user_42,566,579,
12482,35,26999999,0,user_11,569,579,12221
12785,36,26999999,0,user_0,570,579,12221
13064,18,19000001,0,builder_18,570,570,10588
10588,46,19000000,13900,user_43,561,579,
11960,50,19000000,0,user_38,567,579,
12830,49,19000000,0,user_45,570,579,
10450,54,6300000,155000,user_8,560,579,
13065,23,6299999,0,builder_18,570,570,10450
10986,57,6300000,146000,user_39,563,579,
13066,25,6299999,0,builder_18,570,570,10986
11192,58,6300001,0,user_3,564,579,10986
11193,60,6300001,0,user_6,564,579,10450
10473,63,6300001,0,user_23,560,579,10450
10476,64,6300001,0,user_23,560,579,10450
10477,65,6300001,0,user_24,560,579,10450
10572,62,6300001,0,user_25,561,579,10450
10569,61,6300001,0,user_20,561,579,10450
11196,59,6300001,0,user_9,564,579,10986
10478,66,6300001,0,user_25,560,579,10450
10973,74,6300000,0,user_29,563,579,
11216,69,6300000,0,user_32,564,579,
10453,71,6300000,0,user_12,560,579,
10456,72,6300000,0,user_15,560,579,
10468,70,6300000,0,user_20,560,579,
10740,73,6300000,0,user_34,562,579,
11207,77,6299999,0,user_20,564,579,10450
11197,76,6299999,0,user_10,564,579,10450
10474,79,6299999,0,user_23,560,579,10450
10475,80,6299999,0,user_23,560,579,10450
10562,78,6299999,0,user_13,561,579,10450
10725,81,6299999,0,user_18,562,579,10450
10729,82,6299999,0,user_24,562,579,10450
10943,83,6299999,0,user_1,563,579,10450
13067,49,6100001,0,builder_18,570,570,12227
12227,87,6100000,8520,user_49,568,579,
10975,90,6100000,0,user_31,563,579,
11001,89,6100000,0,user_44,563,579,
10497,88,6100000,0,user_45,560,579,
13068,54,5000001,0,builder_18,570,570,10585
10585,94,5000000,6390,user_38,561,577,
11226,97,5000000,0,user_45,564,577,
10462,99,5000000,0,user_17,560,577,
10749,96,5000000,0,user_43,562,577,
10445,98,5000000,0,user_4,560,577,
10742,87,5000000,0,user_36,562,576,
10748,88,5000000,0,user_41,562,576,
11709,86,5000000,0,user_40,566,576,
11456,96,4500000,121000,user_46,565,576,
13069,64,4499999,0,builder_18,570,570,11456
10448,98,4500000,0,user_6,560,575,
10576,97,4500000,0,user_28,561,575,
11446,96,4500000,0,user_31,565,575,
12220,94,4200000,0,user_37,568,574,
12215,95,4200000,0,user_30,568,574,
11213,96,4200000,0,user_31,564,574,
12521,97,4200000,0,user_47,569,574,
13070,72,3500001,0,builder_18,570,570,12510
12510,93,3500000,31700,user_39,569,573,
11949,94,3500000,0,user_28,567,573,
11959,95,3200000,0,user_36,567,573,
10575,96,3200000,0,user_27,561,573,
11954,99,2600000,0,user_33,567,573,
11716,93,2600000,0,user_47,566,572,
12518,97,1800000,769000,user_44,569,572,
13071,80,1799999,0,builder_18,570,570,12518
10455,99,2500000,0,user_14,560,572,
10485,92,2500000,0,user_34,560,571,
11454,98,2500000,0,user_40,565,572,
12226,96,2300000,0,user_48,568,571,
10984,95,2300000,0,user_37,563,571,
10465,94,2300000,0,user_17,560,571,
10985,98,1200000,959000,user_38,563,571,
13072,88,1199999,0,builder_18,570,570,10985
11967,99,2100000,33300,user_43,567,571,
13073,90,2099999,0,builder_18,570,570,11967
10586,91,2100000,0,user_41,561,570,
13074,92,2000001,0,builder_18,570,570,10733
10733,93,2000000,49100,user_27,562,570,
12509,94,2000000,0,user_37,569,570,
11000,95,2000000,0,user_44,563,570,
10991,96,2000000,0,user_40,563,570,
10996,97,2000000,0,user_41,563,570,
11214,98,2000000,0,user_31,564,570,
10454,99,2000000,0,user_13,560,570,
10444,2,43000000,0,user_2,560,579,
11448,3,30000000,11200,user_33,565,579,
13358,2,29999999,0,builder_18,571,571,11448
11457,5,30000000,0,user_47,565,579,
10484,6,30000000,0,user_34,560,579,
11715,7,30000000,0,user_46,566,579,
11969,8,30000000,0,user_45,567,579,
13118,9,30000000,0,user_41,571,579,
12221,12,27000000,779000,user_37,568,579,
13359,9,26999999,0,builder_18,571,571,12221
12494,18,27000001,0,user_20,569,579,12221
12796,19,27000001,0,user_11,570,579,12221
12783,20,27000001,0,user_0,570,579,12221
13075,21,27000001,0,user_0,571,579,12221
13091,22,27000001,0,user_15,571,579,12221
13101,23,27000001,0,user_25,571,579,12221
11455,27,27000000,0,user_46,565,579,
10747,28,27000000,0,user_41,562,579,
10988,29,27000000,0,user_40,563,579,
11710,30,27000000,0,user_42,566,579,
12482,35,26999999,0,user_11,569,579,12221
12785,36,26999999,0,user_0,570,579,12221
13087,37,26999999,0,user_11,571,579,12221
13099,38,26999999,0,user_23,571,579,12221
13360,24,19000001,0,builder_18,571,571,10588
10588,46,19000000,13900,user_43,561,579,
12830,49,19000000,0,user_45,570,579,
11960,50,19000000,0,user_38,567,579,
13117,52,73000,17700000,user_40,571,579,
13361,29,72999,0,builder_18,571,571,13117
10450,54,6300000,155000,user_8,560,579,
13362,31,6299999,0,builder_18,571,571,10450
10986,57,6300000,146000,user_39,563,579,
13363,33,6299999,0,builder_18,571,571,10986
11192,58,6300001,0,user_3,564,579,10986
11196,59,6300001,0,user_9,564,579,10986
11193,60,6300001,0,user_6,564,579,10450
10569,61,6300001,0,user_20,561,579,10450
10572,62,6300001,0,user_25,561,579,10450
10473,63,6300001,0,user_23,560,579,10450
10476,64,6300001,0,user_23,560,579,10450
10477,65,6300001,0,user_24,560,579,10450
10478,66,6300001,0,user_25,560,579,10450
11216,69,6300000,0,user_32,564,579,
10468,70,6300000,0,user_20,560,579,
10453,71,6300000,0,user_12,560,579,
10456,72,6300000,0,user_15,560,579,
10740,73,6300000,0,user_34,562,579,
10973,74,6300000,0,user_29,563,579,
11197,76,6299999,0,user_10,564,579,10450
11207,77,6299999,0,user_20,564,579,10450
10562,78,6299999,0,user_13,561,579,10450
10474,79,6299999,0,user_23,560,579,10450
10475,80,6299999,0,user_23,560,579,10450
10725,81,6299999,0,user_18,562,579,10450
10729,82,6299999,0,user_24,562,579,10450
10943,83,6299999,0,user_1,563,579,10450
13364,57,6100001,0,builder_18,571,571,12227
12227,87,6100000,8520,user_49,568,579,
10497,88,6100000,0,user_45,560,579,
11001,89,6100000,0,user_44,563,579,
10975,90,6100000,0,user_31,563,579,
13365,62,5000001,0,builder_18,571,571,10585
10585,94,5000000,6390,user_38,561,577,
11226,97,5000000,0,user_45,564,577,
10445,98,5000000,0,user_4,560,577,
10462,99,5000000,0,user_17,560,577,
10748,88,5000000,0,user_41,562,576,
10742,87,5000000,0,user_36,562,576,
10749,96,5000000,0,user_43,562,577,
11709,86,5000000,0,user_40,566,576,
13366,71,4500001,0,builder_18,571,571,11456
11456,96,4500000,121000,user_46,565,576,
11446,96,4500000,0,user_31,565,575,
10576,97,4500000,0,user_28,561,575,
10448,98,4500000,0,user_6,560,575,
13122,99,4500000,0,user_46,571,575,
12521,97,4200000,0,user_47,569,574,
12220,94,4200000,0,user_37,568,574,
11213,96,4200000,0,user_31,564,574,
12215,95,4200000,0,user_30,568,574,
12510,93,3500000,31700,user_39,569,573,
13367,82,3499999,0,builder_18,571,571,12510
11949,94,3500000,0,user_28,567,573,
10575,96,3200000,0,user_27,561,573,
11959,95,3200000,0,user_36,567,573,
11716,93,2600000,0,user_47,566,572,
11954,99,2600000,0,user_33,567,573,
12518,97,1800000,769000,user_44,569,572,
13368,89,1799999,0,builder_18,571,571,12518
11454,98,2500000,0,user_40,565,572,
10455,99,2500000,0,user_14,560,572,
10485,92,2500000,0,user_34,560,571,
13103,93,2400000,0,user_27,571,571,
10465,94,2300000,0,user_17,560,571,
10984,95,2300000,0,user_37,563,571,
12226,96,2300000,0,user_48,568,571,
13369,97,1200001,0,builder_18,571,571,10985
10985,98,1200000,959000,user_38,563,571,
11967,99,2100000,33300,user_43,567,571,
10444,2,43000000,0,user_2,560,579,
11448,3,30000000,11200,user_33,565,579,
13627,2,29999999,0,builder_18,572,572,11448
11457,5,30000000,0,user_47,565,579,
11715,7,30000000,0,user_46,566,579,
11969,8,30000000,0,user_45,567,579,
10484,6,30000000,0,user_34,560,579,
13118,9,30000000,0,user_41,571,579,
13628,8,27000001,0,builder_18,572,572,12221
12221,12,27000000,779000,user_37,568,579,
12796,19,27000001,0,user_11,570,579,12221
12783,20,27000001,0,user_0,570,579,12221
13075,21,27000001,0,user_0,571,579,12221
12494,18,27000001,0,user_20,569,579,12221
13091,22,27000001,0,user_15,571,579,12221
13101,23,27000001,0,user_25,571,579,12221
11455,27,27000000,0,user_46,565,579,
11710,30,27000000,0,user_42,566,579,
10747,28,27000000,0,user_41,562,579,
10988,29,27000000,0,user_40,563,579,
13115,31,27000000,0,user_38,571,579,
12785,36,26999999,0,user_0,570,579,12221
13087,37,26999999,0,user_11,571,579,12221
12482,35,26999999,0,user_11,569,579,12221
13099,38,26999999,0,user_23,571,579,12221
13380,39,26999999,0,user_14,572,579,12221
13629,26,19000001,0,builder_18,572,572,10588
10588,46,19000000,13900,user_43,561,579,
12830,49,19000000,0,user_45,570,579,
11960,50,19000000,0,user_38,567,579,
13406,51,19000000,0,user_41,572,579,
13630,31,73001,0,builder_18,572,572,13117
13117,52,73000,17700000,user_40,571,579,
13631,33,6300001,0,builder_18,572,572,10450
10450,54,6300000,155000,user_8,560,579,
13632,35,6300001,0,builder_18,572,572,10986
10986,57,6300000,146000,user_39,563,579,
10572,62,6300001,0,user_25,561,579,10450
10569,61,6300001,0,user_20,561,579,10450
10473,63,6300001,0,user_23,560,579,10450
10476,64,6300001,0,user_23,560,579,10450
10478,66,6300001,0,user_25,560,579,10450
10477,65,6300001,0,user_24,560,579,10450
11192,58,6300001,0,user_3,564,579,10986
11196,59,6300001,0,user_9,564,579,10986
11193,60,6300001,0,user_6,564,579,10450
10740,73,6300000,0,user_34,562,579,
10468,70,6300000,0,user_20,560,579,
10453,71,6300000,0,user_12,560,579,
10456,72,6300000,0,user_15,560,579,
10973,74,6300000,0,user_29,563,579,
11216,69,6300000,0,user_32,564,579,
10725,81,6299999,0,user_18,562,579,10450
10729,82,6299999,0,user_24,562,579,10450
10943,83,6299999,0,user_1,563,579,10450
10562,78,6299999,0,user_13,561,579,10450
10474,79,6299999,0,user_23,560,579,10450
10475,80,6299999,0,user_23,560,579,10450
11197,76,6299999,0,user_10,564,579,10450
11207,77,6299999,0,user_20,564,579,10450
13633,60,6100001,0,builder_18,572,572,12227
12227,87,6100000,8520,user_49,568,579,
11001,89,6100000,0,user_44,563,579,
10497,88,6100000,0,user_45,560,579,
10975,90,6100000,0,user_31,563,579,
10585,94,5000000,6390,user_38,561,577,
13634,66,4999999,0,builder_18,572,572,10585
11709,86,5000000,0,user_40,566,576,
10742,87,5000000,0,user_36,562,576,
10748,88,5000000,0,user_41,562,576,
10749,96,5000000,0,user_43,562,577,
10445,98,5000000,0,user_4,560,577,
10462,99,5000000,0,user_17,560,577,
11226,97,5000000,0,user_45,564,577,
13408,93,5000000,0,user_41,572,576,
13413,95,4200000,545000,user_45,572,576,
13635,76,4199999,0,builder_18,572,572,13413
11456,96,4500000,121000,user_46,565,576,
13636,78,4499999,0,builder_18,572,572,11456
11446,96,4500000,0,user_31,565,575,
10448,98,4500000,0,user_6,560,575,
10576,97,4500000,0,user_28,561,575,
13122,99,4500000,0,user_46,571,575,
11213,96,4200000,0,user_31,564,574,
12220,94,4200000,0,user_37,568,574,
12215,95,4200000,0,user_30,568,574,
12521,97,4200000,0,user_47,569,574,
13405,91,3600000,0,user_39,572,573,
12510,93,3500000,31700,user_39,569,573,
13637,89,3499999,0,builder_18,572,572,12510
11949,94,3500000,0,user_28,567,573,
10575,96,3200000,0,user_27,561,573,
11959,95,3200000,0,user_36,567,573,
11716,93,2600000,0,user_47,566,572,
11954,99,2600000,0,user_33,567,573,
13399,98,2600000,0,user_37,572,573,
13638,96,1800001,0,builder_18,572,572,12518
12518,97,1800000,769000,user_44,569,572,
11454,98,2500000,0,user_40,565,572,
10455,99,2500000,0,user_14,560,572,
10444,2,43000000,0,user_2,560,579,
11448,3,30000000,11200,user_33,565,579,
13895,2,29999999,0,builder_18,573,573,11448
13118,9,30000000,0,user_41,571,579,
11969,8,30000000,0,user_45,567,579,
10484,6,30000000,0,user_34,560,579,
11457,5,30000000,0,user_47,565,579,
11715,7,30000000,0,user_46,566,579,
12221,12,27000000,779000,user_37,568,579,
13896,9,26999999,0,builder_18,573,573,12221
12783,20,27000001,0,user_0,570,579,12221
12796,19,27000001,0,user_11,570,579,12221
13075,21,27000001,0,user_0,571,579,12221
13091,22,27000001,0,user_15,571,579,12221
13101,23,27000001,0,user_25,571,579,12221
12494,18,27000001,0,user_20,569,579,12221
13653,16,27000001,0,user_10,573,579,12221
13115,31,27000000,0,user_38,571,579,
10988,29,27000000,0,user_40,563,579,
10747,28,27000000,0,user_41,562,579,
11455,27,27000000,0,user_46,565,579,
11710,30,27000000,0,user_42,566,579,
12785,36,26999999,0,user_0,570,579,12221
13087,37,26999999,0,user_11,571,579,12221
13099,38,26999999,0,user_23,571,579,12221
12482,35,26999999,0,user_11,569,579,12221
13380,39,26999999,0,user_14,572,579,12221
10588,46,19000000,13900,user_43,561,579,
13897,28,18999999,0,builder_18,573,573,10588
12830,49,19000000,0,user_45,570,579,
11960,50,19000000,0,user_38,567,579,
13406,51,19000000,0,user_41,572,579,
13117,52,73000,17700000,user_40,571,579,
13898,33,72999,0,builder_18,573,573,13117
10450,54,6300000,155000,user_8,560,579,
13899,35,6299999,0,builder_18,573,573,10450
10986,57,6300000,146000,user_39,563,579,
13900,37,6299999,0,builder_18,573,573,10986
10473,63,6300001,0,user_23,560,579,10450
10476,64,6300001,0,user_23,560,579,10450
10477,65,6300001,0,user_24,560,579,10450
10478,66,6300001,0,user_25,560,579,10450
10569,61,6300001,0,user_20,561,579,10450
10572,62,6300001,0,user_25,561,579,10450
11192,58,6300001,0,user_3,564,579,10986
11193,60,6300001,0,user_6,564,579,10450
11196,59,6300001,0,user_9,564,579,10986
10973,74,6300000,0,user_29,563,579,
10453,71,6300000,0,user_12,560,579,
10468,70,6300000,0,user_20,560,579,
10456,72,6300000,0,user_15,560,579,
10740,73,6300000,0,user_34,562,579,
11216,69,6300000,0,user_32,564,579,
13395,75,6300000,0,user_31,572,579,
13693,68,6300000,0,user_47,573,579,
10943,83,6299999,0,user_1,563,579,10450
11197,76,6299999,0,user_10,564,579,10450
11207,77,6299999,0,user_20,564,579,10450
10474,79,6299999,0,user_23,560,579,10450
10475,80,6299999,0,user_23,560,579,10450
10562,78,6299999,0,user_13,561,579,10450
10725,81,6299999,0,user_18,562,579,10450
10729,82,6299999,0,user_24,562,579,10450
12227,87,6100000,8520,user_49,568,579,
13901,64,6099999,0,builder_18,573,573,12227
11001,89,6100000,0,user_44,563,579,
10975,90,6100000,0,user_31,563,579,
10497,88,6100000,0,user_45,560,579,
10585,94,5000000,6390,user_38,561,577,
13902,69,4999999,0,builder_18,573,573,10585
10749,96,5000000,0,user_43,562,577,
11226,97,5000000,0,user_45,564,577,
10445,98,5000000,0,user_4,560,577,
10462,99,5000000,0,user_17,560,577,
10742,87,5000000,0,user_36,562,576,
10748,88,5000000,0,user_41,562,576,
11709,86,5000000,0,user_40,566,576,
13408,93,5000000,0,user_41,572,576,
13903,78,4200001,0,builder_18,573,573,13413
13413,95,4200000,545000,user_45,572,576,
11456,96,4500000,121000,user_46,565,576,
13904,81,4499999,0,builder_18,573,573,11456
13122,99,4500000,0,user_46,571,575,
10448,98,4500000,0,user_6,560,575,
10576,97,4500000,0,user_28,561,575,
11446,96,4500000,0,user_31,565,575,
13686,99,4500000,0,user_37,573,576,
12220,94,4200000,0,user_37,568,574,
11213,96,4200000,0,user_31,564,574,
12215,95,4200000,0,user_30,568,574,
12521,97,4200000,0,user_47,569,574,
13405,91,3600000,0,user_39,572,573,
13905,92,3500001,0,builder_18,573,573,12510
12510,93,3500000,31700,user_39,569,573,
11949,94,3500000,0,user_28,567,573,
11959,95,3200000,0,user_36,567,573,
10575,96,3200000,0,user_27,561,573,
13684,97,3200000,0,user_36,573,573,
13399,98,2600000,0,user_37,572,573,
11954,99,2600000,0,user_33,567,573,
10444,2,43000000,0,user_2,560,579,
14152,1,30000001,0,builder_18,574,574,11448
11448,3,30000000,11200,user_33,565,579,
13118,9,30000000,0,user_41,571,579,
11969,8,30000000,0,user_45,567,579,
10484,6,30000000,0,user_34,560,579,
11457,5,30000000,0,user_47,565,579,
11715,7,30000000,0,user_46,566,579,
13929,10,30000000,0,user_32,574,579,
14153,9,27000001,0,builder_18,574,574,12221
12221,12,27000000,779000,user_37,568,579,
13075,21,27000001,0,user_0,571,579,12221
13091,22,27000001,0,user_15,571,579,12221
13101,23,27000001,0,user_25,571,579,12221
13653,16,27000001,0,user_10,573,579,12221
12494,18,27000001,0,user_20,569,579,12221
12783,20,27000001,0,user_0,570,579,12221
12796,19,27000001,0,user_11,570,579,12221
13921,17,27000001,0,user_20,574,579,12221
13115,31,27000000,0,user_38,571,579,
10988,29,27000000,0,user_40,563,579,
10747,28,27000000,0,user_41,562,579,
11455,27,27000000,0,user_46,565,579,
11710,30,27000000,0,user_42,566,579,
13087,37,26999999,0,user_11,571,579,12221
13099,38,26999999,0,user_23,571,579,12221
13380,39,26999999,0,user_14,572,579,12221
13666,34,26999999,0,user_19,573,579,12221
12482,35,26999999,0,user_11,569,579,12221
12785,36,26999999,0,user_0,570,579,12221
10588,46,19000000,13900,user_43,561,579,
14154,31,18999999,0,builder_18,574,574,10588
13406,51,19000000,0,user_41,572,579,
11960,50,19000000,0,user_38,567,579,
12830,49,19000000,0,user_45,570,579,
13117,52,73000,17700000,user_40,571,579,
14155,36,72999,0,builder_18,574,574,13117
10450,54,6300000,155000,user_8,560,579,
14156,38,6299999,0,builder_18,574,574,10450
14157,39,6300001,0,builder_18,574,574,10986
10986,57,6300000,146000,user_39,563,579,
11192,58,6300001,0,user_3,564,579,10986
11193,60,6300001,0,user_6,564,579,10450
10473,63,6300001,0,user_23,560,579,10450
10476,64,6300001,0,user_23,560,579,10450
10477,65,6300001,0,user_24,560,579,10450
10572,62,6300001,0,user_25,561,579,10450
10569,61,6300001,0,user_20,561,579,10450
11196,59,6300001,0,user_9,564,579,10986
10478,66,6300001,0,user_25,560,579,10450
13395,75,6300000,0,user_31,572,579,
10973,74,6300000,0,user_29,563,579,
11216,69,6300000,0,user_32,564,579,
10453,71,6300000,0,user_12,560,579,
10456,72,6300000,0,user_15,560,579,
10468,70,6300000,0,user_20,560,579,
10740,73,6300000,0,user_34,562,579,
13693,68,6300000,0,user_47,573,579,
11207,77,6299999,0,user_20,564,579,10450
11197,76,6299999,0,user_10,564,579,10450
10474,79,6299999,0,user_23,560,579,10450
10475,80,6299999,0,user_23,560,579,10450
10562,78,6299999,0,user_13,561,579,10450
10725,81,6299999,0,user_18,562,579,10450
10729,82,6299999,0,user_24,562,579,10450
10943,83,6299999,0,user_1,563,579,10450
12227,87,6100000,8520,user_49,568,579,
14158,67,6099999,0,builder_18,574,574,12227
10975,90,6100000,0,user_31,563,579,
11001,89,6100000,0,user_44,563,579,
10497,88,6100000,0,user_45,560,579,
13942,91,6100000,0,user_40,574,579,
13925,95,5200000,285000,user_27,574,579,
14159,73,5199999,0,builder_18,574,574,13925
14160,74,5000001,0,builder_18,574,574,10585
10585,94,5000000,6390,user_38,561,577,
13408,93,5000000,0,user_41,572,576,
11226,97,5000000,0,user_45,564,577,
10462,99,5000000,0,user_17,560,577,
10749,96,5000000,0,user_43,562,577,
10445,98,5000000,0,user_4,560,577,
10742,87,5000000,0,user_36,562,576,
10748,88,5000000,0,user_41,562,576,
11709,86,5000000,0,user_40,566,576,
14161,84,4200001,0,builder_18,574,574,13413
13413,95,4200000,545000,user_45,572,576,
11456,96,4500000,121000,user_46,565,576,
14162,87,4499999,0,builder_18,574,574,11456
13122,99,4500000,0,user_46,571,575,
13686,99,4500000,0,user_37,573,576,
10448,98,4500000,0,user_6,560,575,
10576,97,4500000,0,user_28,561,575,
11446,96,4500000,0,user_31,565,575,
13948,98,4500000,0,user_47,574,576,
12220,94,4200000,0,user_37,568,574,
12215,95,4200000,0,user_30,568,574,
11213,96,4200000,0,user_31,564,574,
12521,97,4200000,0,user_47,569,574,
13951,98,3600000,7840,user_48,574,574,
14163,99,3599999,0,builder_18,574,574,13951
10444,2,43000000,0,user_2,560,579,
14432,1,30000001,0,builder_18,575,575,11448
11448,3,30000000,11200,user_33,565,579,
11457,5,30000000,0,user_47,565,579,
10484,6,30000000,0,user_34,560,579,
11715,7,30000000,0,user_46,566,579,
11969,8,30000000,0,user_45,567,579,
13118,9,30000000,0,user_41,571,579,
13929,10,30000000,0,user_32,574,579,
12221,12,27000000,779000,user_37,568,579,
14433,10,26999999,0,builder_18,575,575,12221
13653,16,27000001,0,user_10,573,579,12221
13921,17,27000001,0,user_20,574,579,12221
12494,18,27000001,0,user_20,569,579,12221
12796,19,27000001,0,user_11,570,579,12221
12783,20,27000001,0,user_0,570,579,12221
13075,21,27000001,0,user_0,571,579,12221
13091,22,27000001,0,user_15,571,579,12221
13101,23,27000001,0,user_25,571,579,12221
14173,24,27000001,0,user_7,575,579,12221
14164,25,27000001,0,user_0,575,579,12221
14171,26,27000001,0,user_5,575,579,12221
11455,27,27000000,0,user_46,565,579,
10747,28,27000000,0,user_41,562,579,
10988,29,27000000,0,user_40,563,579,
11710,30,27000000,0,user_42,566,579,
13115,31,27000000,0,user_38,571,579,
13666,34,26999999,0,user_19,573,579,12221
12482,35,26999999,0,user_11,569,579,12221
12785,36,26999999,0,user_0,570,579,12221
13087,37,26999999,0,user_11,571,579,12221
13099,38,26999999,0,user_23,571,579,12221
13380,39,26999999,0,user_14,572,579,12221
14177,40,26999999,0,user_11,575,579,12221
14178,41,26999999,0,user_12,575,579,12221
14434,35,19000001,0,builder_18,575,575,10588
10588,46,19000000,13900,user_43,561,579,
12830,49,19000000,0,user_45,570,579,
11960,50,19000000,0,user_38,567,579,
13406,51,19000000,0,user_41,572,579,
14435,40,73001,0,builder_18,575,575,13117
13117,52,73000,17700000,user_40,571,579,
14436,42,6300001,0,builder_18,575,575,10450
10450,54,6300000,155000,user_8,560,579,
10986,57,6300000,146000,user_39,563,579,
14437,45,6299999,0,builder_18,575,575,10986
11192,58,6300001,0,user_3,564,579,10986
11196,59,6300001,0,user_9,564,579,10986
11193,60,6300001,0,user_6,564,579,10450
10569,61,6300001,0,user_20,561,579,10450
10572,62,6300001,0,user_25,561,579,10450
10473,63,6300001,0,user_23,560,579,10450
10476,64,6300001,0,user_23,560,579,10450
10477,65,6300001,0,user_24,560,579,10450
10478,66,6300001,0,user_25,560,579,10450
13693,68,6300000,0,user_47,573,579,
11216,69,6300000,0,user_32,564,579,
10468,70,6300000,0,user_20,560,579,
10453,71,6300000,0,user_12,560,579,
10456,72,6300000,0,user_15,560,579,
10740,73,6300000,0,user_34,562,579,
10973,74,6300000,0,user_29,563,579,
13395,75,6300000,0,user_31,572,579,
11197,76,6299999,0,user_10,564,579,10450
11207,77,6299999,0,user_20,564,579,10450
10562,78,6299999,0,user_13,561,579,10450
10474,79,6299999,0,user_23,560,579,10450
10475,80,6299999,0,user_23,560,579,10450
10725,81,6299999,0,user_18,562,579,10450
10729,82,6299999,0,user_24,562,579,10450
10943,83,6299999,0,user_1,563,579,10450
12227,87,6100000,8520,user_49,568,579,
14438,72,6099999,0,builder_18,575,575,12227
10497,88,6100000,0,user_45,560,579,
11001,89,6100000,0,user_44,563,579,
10975,90,6100000,0,user_31,563,579,
13942,91,6100000,0,user_40,574,579,
14439,77,5000001,0,builder_18,575,575,13945
13945,92,5000000,594000,user_43,574,579,
13925,95,5200000,285000,user_27,574,579,
14440,80,5199999,0,builder_18,575,575,13925
14441,81,5000001,0,builder_18,575,575,10585
10585,94,5000000,6390,user_38,561,577,
11226,97,5000000,0,user_45,564,577,
10445,98,5000000,0,user_4,560,577,
10462,99,5000000,0,user_17,560,577,
10748,88,5000000,0,user_41,562,576,
10742,87,5000000,0,user_36,562,576,
10749,96,5000000,0,user_43,562,577,
11709,86,5000000,0,user_40,566,576,
13408,93,5000000,0,user_41,572,576,
13413,95,4200000,545000,user_45,572,576,
14442,92,4199999,0,builder_18,575,575,13413
11456,96,4500000,121000,user_46,565,576,
14443,94,4499999,0,builder_18,575,575,11456
13686,99,4500000,0,user_37,573,576,
11446,96,4500000,0,user_31,565,575,
10576,97,4500000,0,user_28,561,575,
10448,98,4500000,0,user_6,560,575,
13122,99,4500000,0,user_46,571,575,
10444,2,43000000,0,user_2,560,579,
14205,1,43000000,0,user_38,575,579,
11448,3,30000000,11200,user_33,565,579,
14698,3,29999999,0,builder_18,576,576,11448
13929,10,30000000,0,user_32,574,579,
11457,5,30000000,0,user_47,565,579,
11715,7,30000000,0,user_46,566,579,
11969,8,30000000,0,user_45,567,579,
10484,6,30000000,0,user_34,560,579,
13118,9,30000000,0,user_41,571,579,
12221,12,27000000,779000,user_37,568,579,
14699,11,26999999,0,builder_18,576,576,12221
13921,17,27000001,0,user_20,574,579,12221
14171,26,27000001,0,user_5,575,579,12221
13653,16,27000001,0,user_10,573,579,12221
12796,19,27000001,0,user_11,570,579,12221
12783,20,27000001,0,user_0,570,579,12221
13075,21,27000001,0,user_0,571,579,12221
12494,18,27000001,0,user_20,569,579,12221
13091,22,27000001,0,user_15,571,579,12221
13101,23,27000001,0,user_25,571,579,12221
14173,24,27000001,0,user_7,575,579,12221
14164,25,27000001,0,user_0,575,579,12221
14453,15,27000001,0,user_8,576,579,12221
11455,27,27000000,0,user_46,565,579,
11710,30,27000000,0,user_42,566,579,
10747,28,27000000,0,user_41,562,579,
10988,29,27000000,0,user_40,563,579,
13115,31,27000000,0,user_38,571,579,
12785,36,26999999,0,user_0,570,579,12221
13087,37,26999999,0,user_11,571,579,12221
12482,35,26999999,0,user_11,569,579,12221
13099,38,26999999,0,user_23,571,579,12221
13380,39,26999999,0,user_14,572,579,12221
13666,34,26999999,0,user_19,573,579,12221
14178,41,26999999,0,user_12,575,579,12221
14177,40,26999999,0,user_11,575,579,12221
14700,37,19000001,0,builder_18,576,576,10588
10588,46,19000000,13900,user_43,561,579,
12830,49,19000000,0,user_45,570,579,
11960,50,19000000,0,user_38,567,579,
13406,51,19000000,0,user_41,572,579,
13117,52,73000,17700000,user_40,571,579,
14701,43,72999,0,builder_18,576,576,13117
10450,54,6300000,155000,user_8,560,579,
14702,45,6299999,0,builder_18,576,576,10450
10986,57,6300000,146000,user_39,563,579,
14703,47,6299999,0,builder_18,576,576,10986
10572,62,6300001,0,user_25,561,579,10450
10569,61,6300001,0,user_20,561,579,10450
10473,63,6300001,0,user_23,560,579,10450
10476,64,6300001,0,user_23,560,579,10450
10478,66,6300001,0,user_25,560,579,10450
10477,65,6300001,0,user_24,560,579,10450
11192,58,6300001,0,user_3,564,579,10986
11196,59,6300001,0,user_9,564,579,10986
11193,60,6300001,0,user_6,564,579,10450
13693,68,6300000,0,user_47,573,579,
10740,73,6300000,0,user_34,562,579,
10468,70,6300000,0,user_20,560,579,
10453,71,6300000,0,user_12,560,579,
10456,72,6300000,0,user_15,560,579,
10973,74,6300000,0,user_29,563,579,
11216,69,6300000,0,user_32,564,579,
13395,75,6300000,0,user_31,572,579,
10725,81,6299999,0,user_18,562,579,10450
10729,82,6299999,0,user_24,562,579,10450
10943,83,6299999,0,user_1,563,579,10450
10562,78,6299999,0,user_13,561,579,10450
10474,79,6299999,0,user_23,560,579,10450
10475,80,6299999,0,user_23,560,579,10450
11197,76,6299999,0,user_10,564,579,10450
11207,77,6299999,0,user_20,564,579,10450
12227,87,6100000,8520,user_49,568,579,
14704,74,6099999,0,builder_18,576,576,12227
13942,91,6100000,0,user_40,574,579,
11001,89,6100000,0,user_44,563,579,
10497,88,6100000,0,user_45,560,579,
10975,90,6100000,0,user_31,563,579,
14705,79,5000001,0,builder_18,576,576,13945
13945,92,5000000,594000,user_43,574,579,
14706,81,5200001,0,builder_18,576,576,13925
13925,95,5200000,285000,user_27,574,579,
14481,99,5200000,0,user_45,576,579,
10585,94,5000000,6390,user_38,561,577,
14707,85,4999999,0,builder_18,576,576,10585
11709,86,5000000,0,user_40,566,576,
10742,87,5000000,0,user_36,562,576,
10748,88,5000000,0,user_41,562,576,
10749,96,5000000,0,user_43,562,577,
10445,98,5000000,0,user_4,560,577,
10462,99,5000000,0,user_17,560,577,
11226,97,5000000,0,user_45,564,577,
13408,93,5000000,0,user_41,572,576,
14708,94,4200001,0,builder_18,576,576,13413
13413,95,4200000,545000,user_45,572,576,
11456,96,4500000,121000,user_46,565,576,
14709,97,4499999,0,builder_18,576,576,11456
13948,98,4500000,0,user_47,574,576,
13686,99,4500000,0,user_37,573,576,
14205,1,43000000,0,user_38,575,579,
10444,2,43000000,0,user_2,560,579,
14754,0,43000000,0,user_39,577,579,
14955,3,30000001,0,builder_18,577,577,11448
11448,3,30000000,11200,user_33,565,579,
13929,10,30000000,0,user_32,574,579,
13118,9,30000000,0,user_41,571,579,
11969,8,30000000,0,user_45,567,579,
10484,6,30000000,0,user_34,560,579,
11457,5,30000000,0,user_47,565,579,
11715,7,30000000,0,user_46,566,579,
12221,12,27000000,779000,user_37,568,579,
14956,12,26999999,0,builder_18,577,577,12221
14164,25,27000001,0,user_0,575,579,12221
14173,24,27000001,0,user_7,575,579,12221
14171,26,27000001,0,user_5,575,579,12221
13921,17,27000001,0,user_20,574,579,12221
12783,20,27000001,0,user_0,570,579,12221
12796,19,27000001,0,user_11,570,579,12221
13075,21,27000001,0,user_0,571,579,12221
13091,22,27000001,0,user_15,571,579,12221
13101,23,27000001,0,user_25,571,579,12221
12494,18,27000001,0,user_20,569,579,12221
13653,16,27000001,0,user_10,573,579,12221
14453,15,27000001,0,user_8,576,579,12221
14711,14,27000001,0,user_1,577,579,12221
14731,13,27000001,0,user_17,577,579,12221
13115,31,27000000,0,user_38,571,579,
10988,29,27000000,0,user_40,563,579,
10747,28,27000000,0,user_41,562,579,
11455,27,27000000,0,user_46,565,579,
11710,30,27000000,0,user_42,566,579,
14177,40,26999999,0,user_11,575,579,12221
14178,41,26999999,0,user_12,575,579,12221
12785,36,26999999,0,user_0,570,579,12221
13087,37,26999999,0,user_11,571,579,12221
13099,38,26999999,0,user_23,571,579,12221
12482,35,26999999,0,user_11,569,579,12221
13380,39,26999999,0,user_14,572,579,12221
13666,34,26999999,0,user_19,573,579,12221
14719,33,26999999,0,user_7,577,579,12221
10588,46,19000000,13900,user_43,561,579,
14957,42,18999999,0,builder_18,577,577,10588
12830,49,19000000,0,user_45,570,579,
11960,50,19000000,0,user_38,567,579,
13406,51,19000000,0,user_41,572,579,
14488,48,19000000,0,user_49,576,579,
13117,52,73000,17700000,user_40,571,579,
14958,48,72999,0,builder_18,577,577,13117
14959,49,6300001,0,builder_18,577,577,10450
10450,54,6300000,155000,user_8,560,579,
10986,57,6300000,146000,user_39,563,579,
14960,52,6299999,0,builder_18,577,577,10986
10473,63,6300001,0,user_23,560,579,10450
10476,64,6300001,0,user_23,560,579,10450
10477,65,6300001,0,user_24,560,579,10450
10478,66,6300001,0,user_25,560,579,10450
10569,61,6300001,0,user_20,561,579,10450
10572,62,6300001,0,user_25,561,579,10450
11192,58,6300001,0,user_3,564,579,10986
11193,60,6300001,0,user_6,564,579,10450
11196,59,6300001,0,user_9,564,579,10986
13693,68,6300000,0,user_47,573,579,
10973,74,6300000,0,user_29,563,579,
10453,71,6300000,0,user_12,560,579,
10468,70,6300000,0,user_20,560,579,
10456,72,6300000,0,user_15,560,579,
10740,73,6300000,0,user_34,562,579,
11216,69,6300000,0,user_32,564,579,
13395,75,6300000,0,user_31,572,579,
14746,67,6300000,0,user_33,577,579,
10943,83,6299999,0,user_1,563,579,10450
11197,76,6299999,0,user_10,564,579,10450
11207,77,6299999,0,user_20,564,579,10450
10474,79,6299999,0,user_23,560,579,10450
10475,80,6299999,0,user_23,560,579,10450
10562,78,6299999,0,user_13,561,579,10450
10725,81,6299999,0,user_18,562,579,10450
10729,82,6299999,0,user_24,562,579,10450
14765,85,5200000,959000,user_46,577,579,
14961,80,5199999,0,builder_18,577,577,14765
12227,87,6100000,8520,user_49,568,579,
14962,82,6099999,0,builder_18,577,577,12227
13942,91,6100000,0,user_40,574,579,
11001,89,6100000,0,user_44,563,579,
10975,90,6100000,0,user_31,563,579,
10497,88,6100000,0,user_45,560,579,
14963,87,5000001,0,builder_18,577,577,13945
13945,92,5000000,594000,user_43,574,579,
14964,89,5200001,0,builder_18,577,577,13925
13925,95,5200000,285000,user_27,574,579,
14481,99,5200000,0,user_45,576,579,
14757,97,5000000,68100,user_41,577,578,
14965,93,4999999,0,builder_18,577,577,14757
10585,94,5000000,6390,user_38,561,577,
14966,95,4999999,0,builder_18,577,577,10585
10749,96,5000000,0,user_43,562,577,
11226,97,5000000,0,user_45,564,577,
10445,98,5000000,0,user_4,560,577,
10462,99,5000000,0,user_17,560,577,
14205,1,43000000,0,user_38,575,579,
10444,2,43000000,0,user_2,560,579,
14754,0,43000000,0,user_39,577,579,
11448,3,30000000,11200,user_33,565,579,
15232,4,29999999,0,builder_18,578,578,11448
13118,9,30000000,0,user_41,571,579,
11969,8,30000000,0,user_45,567,579,
10484,6,30000000,0,user_34,560,579,
11457,5,30000000,0,user_47,565,579,
11715,7,30000000,0,user_46,566,579,
13929,10,30000000,0,user_32,574,579,
15233,11,27000001,0,builder_18,578,578,12221
12221,12,27000000,779000,user_37,568,579,
14173,24,27000001,0,user_7,575,579,12221
14164,25,27000001,0,user_0,575,579,12221
14171,26,27000001,0,user_5,575,579,12221
14453,15,27000001,0,user_8,576,579,12221
14711,14,27000001,0,user_1,577,579,12221
13075,21,27000001,0,user_0,571,579,12221
13091,22,27000001,0,user_15,571,579,12221
13101,23,27000001,0,user_25,571,579,12221
13653,16,27000001,0,user_10,573,579,12221
12494,18,27000001,0,user_20,569,579,12221
12783,20,27000001,0,user_0,570,579,12221
12796,19,27000001,0,user_11,570,579,12221
13921,17,27000001,0,user_20,574,579,12221
14731,13,27000001,0,user_17,577,579,12221
13115,31,27000000,0,user_38,571,579,
10988,29,27000000,0,user_40,563,579,
10747,28,27000000,0,user_41,562,579,
11455,27,27000000,0,user_46,565,579,
11710,30,27000000,0,user_42,566,579,
14178,41,26999999,0,user_12,575,579,12221
14177,40,26999999,0,user_11,575,579,12221
14719,33,26999999,0,user_7,577,579,12221
13087,37,26999999,0,user_11,571,579,12221
13099,38,26999999,0,user_23,571,579,12221
13380,39,26999999,0,user_14,572,579,12221
13666,34,26999999,0,user_19,573,579,12221
12482,35,26999999,0,user_11,569,579,12221
12785,36,26999999,0,user_0,570,579,12221
10588,46,19000000,13900,user_43,561,579,
15234,42,18999999,0,builder_18,578,578,10588
14488,48,19000000,0,user_49,576,579,
13406,51,19000000,0,user_41,572,579,
11960,50,19000000,0,user_38,567,579,
12830,49,19000000,0,user_45,570,579,
15235,47,73001,0,builder_18,578,578,13117
13117,52,73000,17700000,user_40,571,579,
10450,54,6300000,155000,user_8,560,579,
15236,50,6299999,0,builder_18,578,578,10450
15237,51,6300001,0,builder_18,578,578,10986
10986,57,6300000,146000,user_39,563,579,
11192,58,6300001,0,user_3,564,579,10986
11193,60,6300001,0,user_6,564,579,10450
10473,63,6300001,0,user_23,560,579,10450
10476,64,6300001,0,user_23,560,579,10450
10477,65,6300001,0,user_24,560,579,10450
10572,62,6300001,0,user_25,561,579,10450
10569,61,6300001,0,user_20,561,579,10450
11196,59,6300001,0,user_9,564,579,10986
10478,66,6300001,0,user_25,560,579,10450
13395,75,6300000,0,user_31,572,579,
10973,74,6300000,0,user_29,563,579,
11216,69,6300000,0,user_32,564,579,
10453,71,6300000,0,user_12,560,579,
10456,72,6300000,0,user_15,560,579,
10468,70,6300000,0,user_20,560,579,
10740,73,6300000,0,user_34,562,579,
13693,68,6300000,0,user_47,573,579,
14746,67,6300000,0,user_33,577,579,
11207,77,6299999,0,user_20,564,579,10450
11197,76,6299999,0,user_10,564,579,10450
10474,79,6299999,0,user_23,560,579,10450
10475,80,6299999,0,user_23,560,579,10450
10562,78,6299999,0,user_13,561,579,10450
10725,81,6299999,0,user_18,562,579,10450
10729,82,6299999,0,user_24,562,579,10450
10943,83,6299999,0,user_1,563,579,10450
15238,79,5200001,0,builder_18,578,578,14765
14765,85,5200000,959000,user_46,577,579,
15239,81,6100001,0,builder_18,578,578,12227
12227,87,6100000,8520,user_49,568,579,
10975,90,6100000,0,user_31,563,579,
11001,89,6100000,0,user_44,563,579,
10497,88,6100000,0,user_45,560,579,
13942,91,6100000,0,user_40,574,579,
15240,87,5000001,0,builder_18,578,578,13945
13945,92,5000000,594000,user_43,574,579,
13925,95,5200000,285000,user_27,574,579,
15241,90,5199999,0,builder_18,578,578,13925
14982,96,5200001,0,user_14,578,579,14765
14976,97,5200001,0,user_9,578,579,14765
14481,99,5200000,0,user_45,576,579,
14970,94,5199999,0,user_1,578,578,14765
14974,95,5199999,0,user_7,578,578,14765
14986,96,5199999,0,user_20,578,578,14765
14757,97,5000000,68100,user_41,577,578,
15242,98,4999999,0,builder_18,578,578,14757
15243,99,5000001,0,builder_18,578,578,10585
14754,0,43000000,0,user_39,577,579,
14205,1,43000000,0,user_38,575,579,
10444,2,43000000,0,user_2,560,579,
11448,3,30000000,11200,user_33,565,579,
15498,4,29999999,0,builder_18,579,579,11448
11457,5,30000000,0,user_47,565,579,
10484,6,30000000,0,user_34,560,579,
11715,7,30000000,0,user_46,566,579,
11969,8,30000000,0,user_45,567,579,
13118,9,30000000,0,user_41,571,579,
13929,10,30000000,0,user_32,574,579,
15499,11,27000001,0,builder_18,579,579,12221
12221,12,27000000,779000,user_37,568,579,
14731,13,27000001,0,user_17,577,579,12221
14711,14,27000001,0,user_1,577,579,12221
14453,15,27000001,0,user_8,576,579,12221
13653,16,27000001,0,user_10,573,579,12221
13921,17,27000001,0,user_20,574,579,12221
12494,18,27000001,0,user_20,569,579,12221
12796,19,27000001,0,user_11,570,579,12221
12783,20,27000001,0,user_0,570,579,12221
13075,21,27000001,0,user_0,571,579,12221
13091,22,27000001,0,user_15,571,579,12221
13101,23,27000001,0,user_25,571,579,12221
14173,24,27000001,0,user_7,575,579,12221
14164,25,27000001,0,user_0,575,579,12221
14171,26,27000001,0,user_5,575,579,12221
11455,27,27000000,0,user_46,565,579,
10747,28,27000000,0,user_41,562,579,
10988,29,27000000,0,user_40,563,579,
11710,30,27000000,0,user_42,566,579,
13115,31,27000000,0,user_38,571,579,
15285,32,27000000,0,user_34,579,579,
14719,33,26999999,0,user_7,577,579,12221
13666,34,26999999,0,user_19,573,579,12221
12482,35,26999999,0,user_11,569,579,12221
12785,36,26999999,0,user_0,570,579,12221
13087,37,26999999,0,user_11,571,579,12221
13099,38,26999999,0,user_23,571,579,12221
13380,39,26999999,0,user_14,572,579,12221
14177,40,26999999,0,user_11,575,579,12221
14178,41,26999999,0,user_12,575,579,12221
15256,42,26999999,0,user_9,579,579,12221
15257,43,26999999,0,user_9,579,579,12221
15293,44,19000000,283000,user_42,579,579,
15500,45,18999999,0,builder_18,579,579,15293
10588,46,19000000,13900,user_43,561,579,
15501,47,18999999,0,builder_18,579,579,10588
14488,48,19000000,0,user_49,576,579,
12830,49,19000000,0,user_45,570,579,
11960,50,19000000,0,user_38,567,579,
13406,51,19000000,0,user_41,572,579,
13117,52,73000,17700000,user_40,571,579,
15502,53,72999,0,builder_18,579,579,13117
10450,54,6300000,155000,user_8,560,579,
15503,55,6299999,0,builder_18,579,579,10450
15504,56,6300001,0,builder_18,579,579,10986
10986,57,6300000,146000,user_39,563,579,
11192,58,6300001,0,user_3,564,579,10986
11196,59,6300001,0,user_9,564,579,10986
11193,60,6300001,0,user_6,564,579,10450
10569,61,6300001,0,user_20,561,579,10450
10572,62,6300001,0,user_25,561,579,10450
10473,63,6300001,0,user_23,560,579,10450
10476,64,6300001,0,user_23,560,579,10450
10477,65,6300001,0,user_24,560,579,10450
10478,66,6300001,0,user_25,560,579,10450
14746,67,6300000,0,user_33,577,579,
13693,68,6300000,0,user_47,573,579,
11216,69,6300000,0,user_32,564,579,
10468,70,6300000,0,user_20,560,579,
10453,71,6300000,0,user_12,560,579,
10456,72,6300000,0,user_15,560,579,
10740,73,6300000,0,user_34,562,579,
10973,74,6300000,0,user_29,563,579,
13395,75,6300000,0,user_31,572,579,
11197,76,6299999,0,user_10,564,579,10450
11207,77,6299999,0,user_20,564,579,10450
10562,78,6299999,0,user_13,561,579,10450
10474,79,6299999,0,user_23,560,579,10450
10475,80,6299999,0,user_23,560,579,10450
10725,81,6299999,0,user_18,562,579,10450
10729,82,6299999,0,user_24,562,579,10450
10943,83,6299999,0,user_1,563,579,10450
15505,84,5200001,0,builder_18,579,579,14765
14765,85,5200000,959000,user_46,577,579,
15506,86,6100001,0,builder_18,579,579,12227
12227,87,6100000,8520,user_49,568,579,
10497,88,6100000,0,user_45,560,579,
11001,89,6100000,0,user_44,563,579,
10975,90,6100000,0,user_31,563,579,
13942,91,6100000,0,user_40,574,579,
13945,92,5000000,594000,user_43,574,579,
15507,93,4999999,0,builder_18,579,579,13945
15508,94,5200001,0,builder_18,579,579,13925
13925,95,5200000,285000,user_27,574,579,
14982,96,5200001,0,user_14,578,579,14765
14976,97,5200001,0,user_9,578,579,14765
15245,98,5200001,0,user_3,579,579,14765
14481,99,5200000,0,user_45,576,579,
10444,2,43000000,0,user_2,580,599,
10484,6,30000000,0,user_34,580,599,
10450,54,6300000,155000,user_8,580,599,
10547,3,6299999,0,builder_18,580,580,10450
10473,63,6300001,0,user_23,580,599,10450
10476,64,6300001,0,user_23,580,599,10450
10477,65,6300001,0,user_24,580,599,10450
10478,66,6300001,0,user_25,580,599,10450
10453,71,6300000,0,user_12,580,599,
10468,70,6300000,0,user_20,580,599,
10456,72,6300000,0,user_15,580,599,
10474,79,6299999,0,user_23,580,599,10450
10475,80,6299999,0,user_23,580,599,10450
10497,88,6100000,0,user_45,580,599,
10445,98,5000000,0,user_4,580,597,
10462,99,5000000,0,user_17,580,597,
10448,98,4500000,0,user_6,580,595,
10455,99,2500000,0,user_14,580,592,
10485,92,2500000,0,user_34,580,591,
10465,94,2300000,0,user_17,580,591,
10454,99,2000000,0,user_13,580,590,
10494,94,2000000,0,user_42,580,589,
10548,22,1800001,0,builder_18,580,580,10496
10496,88,1800000,128000,user_44,580,588,
10493,94,1600000,0,user_42,580,586,
10490,92,1500000,0,user_41,580,585,
10460,96,1400000,0,user_16,580,585,
10469,90,1100000,0,user_21,580,584,
10481,92,970000,0,user_32,580,583,
10492,94,910000,0,user_42,580,583,
10461,96,870000,0,user_16,580,583,
10500,99,530000,11200,user_48,580,583,
10549,32,529999,0,builder_18,580,580,10500
10498,81,420000,67500,user_46,580,582,
10550,34,419999,0,builder_18,580,580,10498
10452,83,460000,0,user_10,580,582,
10495,84,460000,0,user_42,580,582,
10551,37,79001,0,builder_18,580,580,10480
10480,62,79000,296000,user_32,580,581,
10443,63,320000,0,user_1,580,581,
10458,64,310000,0,user_16,580,581,
10464,65,300000,0,user_17,580,581,
10491,66,300000,0,user_42,580,581,
10466,67,260000,0,user_18,580,581,
10499,69,220000,0,user_47,580,581,
10447,70,170000,0,user_5,580,581,
10488,72,170000,0,user_39,580,581,
10472,71,170000,0,user_22,580,581,
10457,75,160000,0,user_16,580,581,
10451,79,160000,0,user_9,580,581,
10463,77,160000,0,user_17,580,581,
10489,78,160000,0,user_40,580,581,
10482,76,160000,0,user_32,580,581,
10483,81,130000,0,user_32,580,581,
10459,82,120000,0,user_16,580,581,
10471,83,120000,0,user_22,580,581,
10449,88,87000,0,user_7,580,581,
10470,90,80000,0,user_21,580,581,
10487,89,80000,0,user_37,580,581,
10446,59,73000,0,user_4,580,580,
10444,2,43000000,0,user_2,580,599,
10484,6,30000000,0,user_34,580,599,
10699,2,6300001,0,builder_18,581,581,10450
10450,54,6300000,155000,user_8,580,599,
10473,63,6300001,0,user_23,580,599,10450
10476,64,6300001,0,user_23,580,599,10450
10477,65,6300001,0,user_24,580,599,10450
10478,66,6300001,0,user_25,580,599,10450
10569,61,6300001,0,user_20,581,599,10450
10572,62,6300001,0,user_25,581,599,10450
10453,71,6300000,0,user_12,580,599,
10468,70,6300000,0,user_20,580,599,
10456,72,6300000,0,user_15,580,599,
10474,79,6299999,0,user_23,580,599,10450
10475,80,6299999,0,user_23,580,599,10450
10562,78,6299999,0,user_13,581,599,10450
10497,88,6100000,0,user_45,580,599,
10445,98,5000000,0,user_4,580,597,
10462,99,5000000,0,user_17,580,597,
10448,98,4500000,0,user_6,580,595,
10575,96,3200000,0,user_27,581,593,
10455,99,2500000,0,user_14,580,592,
10485,92,2500000,0,user_34,580,591,
10465,94,2300000,0,user_17,580,591,
10586,91,2100000,0,user_41,581,590,
10454,99,2000000,0,user_13,580,590,
10494,94,2000000,0,user_42,580,589,
10496,88,1800000,128000,user_44,580,588,
10700,28,1799999,0,builder_18,581,581,10496
10565,96,1800001,0,user_16,581,588,10496
10554,97,1799999,0,user_2,581,588,10496
10558,98,1799999,0,user_10,581,588,10496
10566,89,1799999,0,user_17,581,587,10496
10493,94,1600000,0,user_42,580,586,
10579,95,1600000,0,user_33,581,586,
10490,92,1500000,0,user_41,580,585,
10701,36,1400001,0,builder_18,581,581,10580
10580,95,1400000,6390,user_34,581,585,
10460,96,1400000,0,user_16,580,585,
10577,99,1000000,381000,user_29,581,585,
10702,40,999999,0,builder_18,581,581,10577
10469,90,1100000,0,user_21,580,584,
10486,85,1000000,0,user_35,580,583,
10481,92,970000,0,user_32,580,583,
10492,94,910000,0,user_42,580,583,
10578,95,910000,0,user_32,581,583,
10461,96,870000,0,user_16,580,583,
10582,97,630000,0,user_36,581,583,
10500,99,530000,11200,user_48,580,583,
10703,49,529999,0,builder_18,581,581,10500
10563,77,530001,0,user_14,581,582,10500
10571,78,530001,0,user_24,581,582,10500
10567,79,529999,0,user_18,581,582,10500
10704,53,420001,0,builder_18,581,581,10498
10498,81,420000,67500,user_46,580,582,
10452,83,460000,0,user_10,580,582,
10495,84,460000,0,user_42,580,582,
10564,85,420001,0,user_15,581,582,10498
10573,86,420001,0,user_26,581,582,10498
10705,59,340001,0,builder_18,581,581,10589
10589,60,340000,60700,user_47,581,581,
10706,61,79001,0,builder_18,581,581,10480
10480,62,79000,296000,user_32,580,581,
10443,63,320000,0,user_1,580,581,
10458,64,310000,0,user_16,580,581,
10464,65,300000,0,user_17,580,581,
10491,66,300000,0,user_42,580,581,
10466,67,260000,0,user_18,580,581,
10504,68,240000,0,user_49,580,581,
10499,69,220000,0,user_47,580,581,
10447,70,170000,0,user_5,580,581,
10472,71,170000,0,user_22,580,581,
10488,72,170000,0,user_39,580,581,
10501,73,170000,0,user_49,580,581,
10479,74,160000,0,user_28,580,581,
10457,75,160000,0,user_16,580,581,
10482,76,160000,0,user_32,580,581,
10463,77,160000,0,user_17,580,581,
10489,78,160000,0,user_40,580,581,
10451,79,160000,0,user_9,580,581,
10505,80,150000,0,user_49,580,581,
10483,81,130000,0,user_32,580,581,
10459,82,120000,0,user_16,580,581,
10471,83,120000,0,user_22,580,581,
10502,84,120000,0,user_49,580,581,
10584,85,120000,0,user_37,581,581,
10574,86,110000,0,user_27,581,581,
10583,87,98000,0,user_36,581,581,
10449,88,87000,0,user_7,580,581,
10487,89,80000,0,user_37,580,581,
10470,90,80000,0,user_21,580,581,
10555,91,79001,0,user_3,581,581,10480
10561,92,79001,0,user_11,581,581,10480
10557,93,79001,0,user_10,581,581,10480
10552,94,78999,0,user_1,581,581,10480
10553,95,78999,0,user_2,581,581,10480
10560,96,78999,0,user_11,581,581,10480
10559,97,78999,0,user_10,581,581,10480
10570,98,78999,0,user_21,581,581,10480
10556,99,78999,0,user_9,581,581,10480
10444,2,43000000,0,user_2,580,599,
10484,6,30000000,0,user_34,580,599,
10747,28,27000000,0,user_41,582,599,
10915,3,19000001,0,builder_16,582,582,10588
10588,46,19000000,13900,user_43,581,599,
10916,5,6300001,0,builder_16,582,582,10450
10450,54,6300000,155000,user_8,580,599,
10473,63,6300001,0,user_23,580,599,10450
10476,64,6300001,0,user_23,580,599,10450
10477,65,6300001,0,user_24,580,599,10450
10478,66,6300001,0,user_25,580,599,10450
10569,61,6300001,0,user_20,581,599,10450
10572,62,6300001,0,user_25,581,599,10450
10453,71,6300000,0,user_12,580,599,
10468,70,6300000,0,user_20,580,599,
10456,72,6300000,0,user_15,580,599,
10740,73,6300000,0,user_34,582,599,
10474,79,6299999,0,user_23,580,599,10450
10475,80,6299999,0,user_23,580,599,10450
10562,78,6299999,0,user_13,581,599,10450
10725,81,6299999,0,user_18,582,599,10450
10729,82,6299999,0,user_24,582,599,10450
10497,88,6100000,0,user_45,580,599,
10917,23,5000001,0,builder_16,582,582,10585
10585,94,5000000,6390,user_38,581,597,
10445,98,5000000,0,user_4,580,597,
10462,99,5000000,0,user_17,580,597,
10748,88,5000000,0,user_41,582,596,
10742,87,5000000,0,user_36,582,596,
10448,98,4500000,0,user_6,580,595,
10576,97,4500000,0,user_28,581,595,
10575,96,3200000,0,user_27,581,593,
10455,99,2500000,0,user_14,580,592,
10485,92,2500000,0,user_34,580,591,
10465,94,2300000,0,user_17,580,591,
10586,91,2100000,0,user_41,581,590,
10454,99,2000000,0,user_13,580,590,
10494,94,2000000,0,user_42,580,589,
10737,95,2000000,0,user_32,582,589,
10496,88,1800000,128000,user_44,580,588,
10918,40,1799999,0,builder_16,582,582,10496
10565,96,1800001,0,user_16,581,588,10496
10732,95,1800001,0,user_26,582,588,10496
10554,97,1799999,0,user_2,581,588,10496
10558,98,1799999,0,user_10,581,588,10496
10566,89,1799999,0,user_17,581,587,10496
10710,99,1799999,0,user_2,582,588,10496
10493,94,1600000,0,user_42,580,586,
10579,95,1600000,0,user_33,581,586,
10754,96,1600000,0,user_46,582,586,
10490,92,1500000,0,user_41,580,585,
10739,91,1500000,0,user_32,582,585,
10919,52,1400001,0,builder_16,582,582,10580
10580,95,1400000,6390,user_34,581,585,
10460,96,1400000,0,user_16,580,585,
10577,99,1000000,381000,user_29,581,585,
10920,56,999999,0,builder_16,582,582,10577
10469,90,1100000,0,user_21,580,584,
10590,89,1100000,0,user_49,581,584,
10711,95,1000001,0,user_3,582,584,10577
10722,96,1000001,0,user_14,582,584,10577
10727,98,1000001,0,user_22,582,584,10577
10721,94,1000001,0,user_13,582,584,10577
10726,97,1000001,0,user_21,582,584,10577
10486,85,1000000,0,user_35,580,583,
10587,86,1000000,0,user_43,581,583,
10716,88,999999,0,user_9,582,583,10577
10718,87,999999,0,user_10,582,583,10577
10723,89,999999,0,user_15,582,583,10577
10481,92,970000,0,user_32,580,583,
10492,94,910000,0,user_42,580,583,
10578,95,910000,0,user_32,581,583,
10461,96,870000,0,user_16,580,583,
10582,97,630000,0,user_36,581,583,
10753,98,600000,0,user_46,582,583,
10921,75,530001,0,builder_16,582,582,10500
10500,99,530000,11200,user_48,580,583,
10563,77,530001,0,user_14,581,582,10500
10571,78,530001,0,user_24,581,582,10500
10567,79,529999,0,user_18,581,582,10500
10922,80,420001,0,builder_16,582,582,10498
10498,81,420000,67500,user_46,580,582,
10750,82,470000,0,user_45,582,582,
10452,83,460000,0,user_10,580,582,
10495,84,460000,0,user_42,580,582,
10564,85,420001,0,user_15,581,582,10498
10573,86,420001,0,user_26,581,582,10498
10730,87,420001,0,user_24,582,582,10498
10568,88,419999,0,user_19,581,582,10498
10712,89,419999,0,user_4,582,582,10498
10717,90,419999,0,user_9,582,582,10498
10708,91,419999,0,user_2,582,582,10498
10709,92,419999,0,user_2,582,582,10498
10719,93,419999,0,user_11,582,582,10498
10713,94,419999,0,user_6,582,582,10498
10724,95,419999,0,user_17,582,582,10498
10715,96,419999,0,user_7,582,582,10498
10728,97,419999,0,user_23,582,582,10498
10731,98,419999,0,user_24,582,582,10498
10923,99,340001,0,builder_16,582,582,10589
10444,2,43000000,0,user_2,580,599,
10484,6,30000000,0,user_34,580,599,
10747,28,27000000,0,user_41,582,599,
10988,29,27000000,0,user_40,583,599,
11161,4,19000001,0,builder_16,583,583,10588
10588,46,19000000,13900,user_43,581,599,
10450,54,6300000,155000,user_8,580,599,
11162,7,6299999,0,builder_16,583,583,10450
11163,8,6300001,0,builder_16,583,583,10986
10986,57,6300000,146000,user_39,583,599,
10473,63,6300001,0,user_23,580,599,10450
10476,64,6300001,0,user_23,580,599,10450
10477,65,6300001,0,user_24,580,599,10450
10478,66,6300001,0,user_25,580,599,10450
10569,61,6300001,0,user_20,581,599,10450
10572,62,6300001,0,user_25,581,599,10450
10453,71,6300000,0,user_12,580,599,
10468,70,6300000,0,user_20,580,599,
10456,72,6300000,0,user_15,580,599,
10740,73,6300000,0,user_34,582,599,
10973,74,6300000,0,user_29,583,599,
10474,79,6299999,0,user_23,580,599,10450
10475,80,6299999,0,user_23,580,599,10450
10562,78,6299999,0,user_13,581,599,10450
10725,81,6299999,0,user_18,582,599,10450
10943,83,6299999,0,user_1,583,599,10450
10729,82,6299999,0,user_24,582,599,10450
10497,88,6100000,0,user_45,580,599,
11001,89,6100000,0,user_44,583,599,
10585,94,5000000,6390,user_38,581,597,
11164,30,4999999,0,builder_16,583,583,10585
10445,98,5000000,0,user_4,580,597,
10462,99,5000000,0,user_17,580,597,
10749,96,5000000,0,user_43,582,597,
10742,87,5000000,0,user_36,582,596,
10748,88,5000000,0,user_41,582,596,
10448,98,4500000,0,user_6,580,595,
10576,97,4500000,0,user_28,581,595,
10575,96,3200000,0,user_27,581,593,
10455,99,2500000,0,user_14,580,592,
10485,92,2500000,0,user_34,580,591,
10465,94,2300000,0,user_17,580,591,
10984,95,2300000,0,user_37,583,591,
10586,91,2100000,0,user_41,581,590,
10733,93,2000000,49100,user_27,582,590,
11165,45,1999999,0,builder_16,583,583,10733
10454,99,2000000,0,user_13,580,590,
10494,94,2000000,0,user_42,580,589,
10737,95,2000000,0,user_32,582,589,
11000,95,2000000,0,user_44,583,590,
10991,96,2000000,0,user_40,583,590,
10996,97,2000000,0,user_41,583,590,
10496,88,1800000,128000,user_44,580,588,
11166,53,1799999,0,builder_16,583,583,10496
10995,90,1900000,0,user_41,583,588,
10565,96,1800001,0,user_16,581,588,10496
10732,95,1800001,0,user_26,582,588,10496
10554,97,1799999,0,user_2,581,588,10496
10558,98,1799999,0,user_10,581,588,10496
10566,89,1799999,0,user_17,581,587,10496
10710,99,1799999,0,user_2,582,588,10496
10947,92,1799999,0,user_6,583,587,10496
10493,94,1600000,0,user_42,580,586,
10579,95,1600000,0,user_33,581,586,
10754,96,1600000,0,user_46,582,586,
10490,92,1500000,0,user_41,580,585,
10739,91,1500000,0,user_32,582,585,
10994,93,1500000,0,user_41,583,585,
11167,68,1400001,0,builder_16,583,583,10580
10580,95,1400000,6390,user_34,581,585,
10460,96,1400000,0,user_16,580,585,
10577,99,1000000,381000,user_29,581,585,
11168,72,999999,0,builder_16,583,583,10577
10997,83,1300000,0,user_41,583,584,
10469,90,1100000,0,user_21,580,584,
10590,89,1100000,0,user_49,581,584,
10989,91,1100000,0,user_40,583,584,
11169,77,1000001,0,builder_16,583,583,10980
10980,93,1000000,15700,user_33,583,584,
10711,95,1000001,0,user_3,582,584,10577
10722,96,1000001,0,user_14,582,584,10577
10726,97,1000001,0,user_21,582,584,10577
10721,94,1000001,0,user_13,582,584,10577
10727,98,1000001,0,user_22,582,584,10577
10945,99,1000001,0,user_3,583,584,10577
10486,85,1000000,0,user_35,580,583,
10587,86,1000000,0,user_43,581,583,
10718,87,999999,0,user_10,582,583,10577
10716,88,999999,0,user_9,582,583,10577
10723,89,999999,0,user_15,582,583,10577
10955,90,999999,0,user_11,583,583,10577
10957,91,999999,0,user_12,583,583,10577
10481,92,970000,0,user_32,580,583,
10744,93,970000,0,user_38,582,583,
10492,94,910000,0,user_42,580,583,
10578,95,910000,0,user_32,581,583,
10461,96,870000,0,user_16,580,583,
10582,97,630000,0,user_36,581,583,
10753,98,600000,0,user_46,582,583,
10500,99,530000,11200,user_48,580,583,
10444,2,43000000,0,user_2,580,599,
10484,6,30000000,0,user_34,580,599,
10747,28,27000000,0,user_41,582,599,
10988,29,27000000,0,user_40,583,599,
11383,4,19000001,0,builder_16,584,584,10588
10588,46,19000000,13900,user_43,581,599,
11384,6,6300001,0,builder_16,584,584,10450
10450,54,6300000,155000,user_8,580,599,
10569,61,6300001,0,user_20,581,599,10450
10572,62,6300001,0,user_25,581,599,10450
10473,63,6300001,0,user_23,580,599,10450
10476,64,6300001,0,user_23,580,599,10450
10477,65,6300001,0,user_24,580,599,10450
10478,66,6300001,0,user_25,580,599,10450
11196,59,6300001,0,user_9,584,599,10986
11192,58,6300001,0,user_3,584,599,10986
11193,60,6300001,0,user_6,584,599,10450
10468,70,6300000,0,user_20,580,599,
10453,71,6300000,0,user_12,580,599,
10456,72,6300000,0,user_15,580,599,
10740,73,6300000,0,user_34,582,599,
10973,74,6300000,0,user_29,583,599,
11216,69,6300000,0,user_32,584,599,
10562,78,6299999,0,user_13,581,599,10450
10474,79,6299999,0,user_23,580,599,10450
10475,80,6299999,0,user_23,580,599,10450
10725,81,6299999,0,user_18,582,599,10450
10729,82,6299999,0,user_24,582,599,10450
10943,83,6299999,0,user_1,583,599,10450
11197,76,6299999,0,user_10,584,599,10450
11207,77,6299999,0,user_20,584,599,10450
10497,88,6100000,0,user_45,580,599,
11001,89,6100000,0,user_44,583,599,
10975,90,6100000,0,user_31,583,599,
11385,34,5000001,0,builder_16,584,584,10585
10585,94,5000000,6390,user_38,581,597,
10445,98,5000000,0,user_4,580,597,
10462,99,5000000,0,user_17,580,597,
10748,88,5000000,0,user_41,582,596,
10742,87,5000000,0,user_36,582,596,
10749,96,5000000,0,user_43,582,597,
11226,97,5000000,0,user_45,584,597,
10576,97,4500000,0,user_28,581,595,
10448,98,4500000,0,user_6,580,595,
10575,96,3200000,0,user_27,581,593,
10455,99,2500000,0,user_14,580,592,
10485,92,2500000,0,user_34,580,591,
10465,94,2300000,0,user_17,580,591,
10984,95,2300000,0,user_37,583,591,
11386,49,1200001,0,builder_16,584,584,10985
10985,98,1200000,959000,user_38,583,591,
10586,91,2100000,0,user_41,581,590,
10733,93,2000000,49100,user_27,582,590,
11387,53,1999999,0,builder_16,584,584,10733
10454,99,2000000,0,user_13,580,590,
10494,94,2000000,0,user_42,580,589,
10737,95,2000000,0,user_32,582,589,
11000,95,2000000,0,user_44,583,590,
10991,96,2000000,0,user_40,583,590,
10996,97,2000000,0,user_41,583,590,
10496,88,1800000,128000,user_44,580,588,
11388,61,1799999,0,builder_16,584,584,10496
10995,90,1900000,0,user_41,583,588,
11227,91,1600000,256000,user_46,584,588,
11389,64,1599999,0,builder_16,584,584,11227
10565,96,1800001,0,user_16,581,588,10496
10732,95,1800001,0,user_26,582,588,10496
10558,98,1799999,0,user_10,581,588,10496
10566,89,1799999,0,user_17,581,587,10496
10710,99,1799999,0,user_2,582,588,10496
10554,97,1799999,0,user_2,581,588,10496
10947,92,1799999,0,user_6,583,587,10496
10579,95,1600000,0,user_33,581,586,
10493,94,1600000,0,user_42,580,586,
10754,96,1600000,0,user_46,582,586,
10490,92,1500000,0,user_41,580,585,
10739,91,1500000,0,user_32,582,585,
10994,93,1500000,0,user_41,583,585,
11390,78,1400001,0,builder_16,584,584,10580
10580,95,1400000,6390,user_34,581,585,
10460,96,1400000,0,user_16,580,585,
11391,81,1000001,0,builder_16,584,584,10577
10577,99,1000000,381000,user_29,581,585,
10997,83,1300000,0,user_41,583,584,
11199,84,1200001,0,user_11,584,584,10985
11201,85,1200001,0,user_14,584,584,10985
11200,86,1200001,0,user_12,584,584,10985
11209,87,1199999,0,user_22,584,584,10985
11203,88,1199999,0,user_17,584,584,10985
10590,89,1100000,0,user_49,581,584,
10469,90,1100000,0,user_21,580,584,
10989,91,1100000,0,user_40,583,584,
11392,92,1000001,0,builder_16,584,584,10980
10980,93,1000000,15700,user_33,583,584,
10721,94,1000001,0,user_13,582,584,10577
10711,95,1000001,0,user_3,582,584,10577
10722,96,1000001,0,user_14,582,584,10577
10726,97,1000001,0,user_21,582,584,10577
10727,98,1000001,0,user_22,582,584,10577
10945,99,1000001,0,user_3,583,584,10577
10444,2,43000000,0,user_2,580,599,
11448,3,30000000,11200,user_33,585,599,
11638,2,29999999,0,builder_16,585,585,11448
10484,6,30000000,0,user_34,580,599,
11457,5,30000000,0,user_47,585,599,
10747,28,27000000,0,user_41,582,599,
10988,29,27000000,0,user_40,583,599,
11455,27,27000000,0,user_46,585,599,
11639,8,19000001,0,builder_16,585,585,10588
10588,46,19000000,13900,user_43,581,599,
10450,54,6300000,155000,user_8,580,599,
11640,11,6299999,0,builder_16,585,585,10450
11641,12,6300001,0,builder_16,585,585,10986
10986,57,6300000,146000,user_39,583,599,
10572,62,6300001,0,user_25,581,599,10450
10569,61,6300001,0,user_20,581,599,10450
10473,63,6300001,0,user_23,580,599,10450
10476,64,6300001,0,user_23,580,599,10450
10478,66,6300001,0,user_25,580,599,10450
10477,65,6300001,0,user_24,580,599,10450
11192,58,6300001,0,user_3,584,599,10986
11196,59,6300001,0,user_9,584,599,10986
11193,60,6300001,0,user_6,584,599,10450
10740,73,6300000,0,user_34,582,599,
10468,70,6300000,0,user_20,580,599,
10453,71,6300000,0,user_12,580,599,
10456,72,6300000,0,user_15,580,599,
10973,74,6300000,0,user_29,583,599,
11216,69,6300000,0,user_32,584,599,
10725,81,6299999,0,user_18,582,599,10450
10729,82,6299999,0,user_24,582,599,10450
10943,83,6299999,0,user_1,583,599,10450
10562,78,6299999,0,user_13,581,599,10450
10474,79,6299999,0,user_23,580,599,10450
10475,80,6299999,0,user_23,580,599,10450
11197,76,6299999,0,user_10,584,599,10450
11207,77,6299999,0,user_20,584,599,10450
11001,89,6100000,0,user_44,583,599,
10497,88,6100000,0,user_45,580,599,
10975,90,6100000,0,user_31,583,599,
11642,40,5000001,0,builder_16,585,585,10585
10585,94,5000000,6390,user_38,581,597,
10742,87,5000000,0,user_36,582,596,
10748,88,5000000,0,user_41,582,596,
10749,96,5000000,0,user_43,582,597,
10445,98,5000000,0,user_4,580,597,
10462,99,5000000,0,user_17,580,597,
11226,97,5000000,0,user_45,584,597,
11456,96,4500000,121000,user_46,585,596,
11643,49,4499999,0,builder_16,585,585,11456
10448,98,4500000,0,user_6,580,595,
10576,97,4500000,0,user_28,581,595,
11213,96,4200000,0,user_31,584,594,
10575,96,3200000,0,user_27,581,593,
10455,99,2500000,0,user_14,580,592,
10485,92,2500000,0,user_34,580,591,
11454,98,2500000,0,user_40,585,592,
10984,95,2300000,0,user_37,583,591,
10465,94,2300000,0,user_17,580,591,
11644,59,1200001,0,builder_16,585,585,10985
10985,98,1200000,959000,user_38,583,591,
10586,91,2100000,0,user_41,581,590,
11645,62,2000001,0,builder_16,585,585,10733
10733,93,2000000,49100,user_27,582,590,
10737,95,2000000,0,user_32,582,589,
11000,95,2000000,0,user_44,583,590,
10454,99,2000000,0,user_13,580,590,
10494,94,2000000,0,user_42,580,589,
10991,96,2000000,0,user_40,583,590,
10996,97,2000000,0,user_41,583,590,
11214,98,2000000,0,user_31,584,590,
10496,88,1800000,128000,user_44,580,588,
11646,72,1799999,0,builder_16,585,585,10496
10995,90,1900000,0,user_41,583,588,
11227,91,1600000,256000,user_46,584,588,
11647,75,1599999,0,builder_16,585,585,11227
10732,95,1800001,0,user_26,582,588,10496
10565,96,1800001,0,user_16,581,588,10496
10554,97,1799999,0,user_2,581,588,10496
10558,98,1799999,0,user_10,581,588,10496
10710,99,1799999,0,user_2,582,588,10496
10566,89,1799999,0,user_17,581,587,10496
10947,92,1799999,0,user_6,583,587,10496
11450,93,1600000,39400,user_36,585,587,
11648,84,1599999,0,builder_16,585,585,11450
11430,96,1600001,0,user_15,585,587,11227
11431,95,1600001,0,user_18,585,587,11227
10754,96,1600000,0,user_46,582,586,
10579,95,1600000,0,user_33,581,586,
10493,94,1600000,0,user_42,580,586,
11437,98,1599999,0,user_21,585,586,11227
10739,91,1500000,0,user_32,582,585,
10490,92,1500000,0,user_41,580,585,
10994,93,1500000,0,user_41,583,585,
11649,94,1400001,0,builder_16,585,585,10580
10580,95,1400000,6390,user_34,581,585,
10460,96,1400000,0,user_16,580,585,
11212,97,1400000,0,user_27,584,585,
11650,98,1000001,0,builder_16,585,585,10577
10577,99,1000000,381000,user_29,581,585,
10444,2,43000000,0,user_2,580,599,
11448,3,30000000,11200,user_33,585,599,
11895,2,29999999,0,builder_16,586,586,11448
10484,6,30000000,0,user_34,580,599,
11457,5,30000000,0,user_47,585,599,
11715,7,30000000,0,user_46,586,599,
10988,29,27000000,0,user_40,583,599,
10747,28,27000000,0,user_41,582,599,
11455,27,27000000,0,user_46,585,599,
11710,30,27000000,0,user_42,586,599,
10588,46,19000000,13900,user_43,581,599,
11896,11,18999999,0,builder_16,586,586,10588
11897,12,6300001,0,builder_16,586,586,10450
10450,54,6300000,155000,user_8,580,599,
11898,14,6300001,0,builder_16,586,586,10986
10986,57,6300000,146000,user_39,583,599,
10473,63,6300001,0,user_23,580,599,10450
10476,64,6300001,0,user_23,580,599,10450
10477,65,6300001,0,user_24,580,599,10450
10478,66,6300001,0,user_25,580,599,10450
10569,61,6300001,0,user_20,581,599,10450
10572,62,6300001,0,user_25,581,599,10450
11192,58,6300001,0,user_3,584,599,10986
11193,60,6300001,0,user_6,584,599,10450
11196,59,6300001,0,user_9,584,599,10986
10973,74,6300000,0,user_29,583,599,
10453,71,6300000,0,user_12,580,599,
10468,70,6300000,0,user_20,580,599,
10456,72,6300000,0,user_15,580,599,
10740,73,6300000,0,user_34,582,599,
11216,69,6300000,0,user_32,584,599,
10943,83,6299999,0,user_1,583,599,10450
11197,76,6299999,0,user_10,584,599,10450
11207,77,6299999,0,user_20,584,599,10450
10474,79,6299999,0,user_23,580,599,10450
10475,80,6299999,0,user_23,580,599,10450
10562,78,6299999,0,user_13,581,599,10450
10725,81,6299999,0,user_18,582,599,10450
10729,82,6299999,0,user_24,582,599,10450
11001,89,6100000,0,user_44,583,599,
10975,90,6100000,0,user_31,583,599,
10497,88,6100000,0,user_45,580,599,
10585,94,5000000,6390,user_38,581,597,
11899,43,4999999,0,builder_16,586,586,10585
10749,96,5000000,0,user_43,582,597,
11226,97,5000000,0,user_45,584,597,
10445,98,5000000,0,user_4,580,597,
10462,99,5000000,0,user_17,580,597,
10742,87,5000000,0,user_36,582,596,
10748,88,5000000,0,user_41,582,596,
11709,86,5000000,0,user_40,586,596,
11900,51,4500001,0,builder_16,586,586,11456
11456,96,4500000,121000,user_46,585,596,
10448,98,4500000,0,user_6,580,595,
10576,97,4500000,0,user_28,581,595,
11446,96,4500000,0,user_31,585,595,
11213,96,4200000,0,user_31,584,594,
10575,96,3200000,0,user_27,581,593,
11716,93,2600000,0,user_47,586,592,
10455,99,2500000,0,user_14,580,592,
10485,92,2500000,0,user_34,580,591,
11454,98,2500000,0,user_40,585,592,
10984,95,2300000,0,user_37,583,591,
10465,94,2300000,0,user_17,580,591,
10985,98,1200000,959000,user_38,583,591,
11901,65,1199999,0,builder_16,586,586,10985
10586,91,2100000,0,user_41,581,590,
10733,93,2000000,49100,user_27,582,590,
11902,68,1999999,0,builder_16,586,586,10733
11000,95,2000000,0,user_44,583,590,
10991,96,2000000,0,user_40,583,590,
10996,97,2000000,0,user_41,583,590,
10454,99,2000000,0,user_13,580,590,
10494,94,2000000,0,user_42,580,589,
10737,95,2000000,0,user_32,582,589,
11214,98,2000000,0,user_31,584,590,
11903,76,1800001,0,builder_16,586,586,10496
10496,88,1800000,128000,user_44,580,588,
10995,90,1900000,0,user_41,583,588,
11227,91,1600000,256000,user_46,584,588,
11904,80,1599999,0,builder_16,586,586,11227
10565,96,1800001,0,user_16,581,588,10496
10732,95,1800001,0,user_26,582,588,10496
10947,92,1799999,0,user_6,583,587,10496
10554,97,1799999,0,user_2,581,588,10496
10558,98,1799999,0,user_10,581,588,10496
10566,89,1799999,0,user_17,581,587,10496
10710,99,1799999,0,user_2,582,588,10496
11905,88,1600001,0,builder_16,586,586,11450
11450,93,1600000,39400,user_36,585,587,
11430,96,1600001,0,user_15,585,587,11227
11431,95,1600001,0,user_18,585,587,11227
11679,97,1600001,0,user_1,586,587,11227
11688,98,1600001,0,user_11,586,587,11227
10493,94,1600000,0,user_42,580,586,
10579,95,1600000,0,user_33,581,586,
10754,96,1600000,0,user_46,582,586,
11704,97,1600000,0,user_29,586,586,
11437,98,1599999,0,user_21,585,586,11227
11433,99,1599999,0,user_19,585,586,11227
10444,2,43000000,0,user_2,580,599,
11448,3,30000000,11200,user_33,585,599,
12166,2,29999999,0,builder_18,587,587,11448
11457,5,30000000,0,user_47,585,599,
10484,6,30000000,0,user_34,580,599,
11715,7,30000000,0,user_46,586,599,
11969,8,30000000,0,user_45,587,599,
11455,27,27000000,0,user_46,585,599,
10747,28,27000000,0,user_41,582,599,
10988,29,27000000,0,user_40,583,599,
11710,30,27000000,0,user_42,586,599,
10588,46,19000000,13900,user_43,581,599,
12167,12,18999999,0,builder_18,587,587,10588
12168,13,6300001,0,builder_18,587,587,10450
10450,54,6300000,155000,user_8,580,599,
12169,15,6300001,0,builder_18,587,587,10986
10986,57,6300000,146000,user_39,583,599,
11192,58,6300001,0,user_3,584,599,10986
11196,59,6300001,0,user_9,584,599,10986
11193,60,6300001,0,user_6,584,599,10450
10569,61,6300001,0,user_20,581,599,10450
10572,62,6300001,0,user_25,581,599,10450
10473,63,6300001,0,user_23,580,599,10450
10476,64,6300001,0,user_23,580,599,10450
10477,65,6300001,0,user_24,580,599,10450
10478,66,6300001,0,user_25,580,599,10450
11216,69,6300000,0,user_32,584,599,
10468,70,6300000,0,user_20,580,599,
10453,71,6300000,0,user_12,580,599,
10456,72,6300000,0,user_15,580,599,
10740,73,6300000,0,user_34,582,599,
10973,74,6300000,0,user_29,583,599,
11197,76,6299999,0,user_10,584,599,10450
11207,77,6299999,0,user_20,584,599,10450
10562,78,6299999,0,user_13,581,599,10450
10474,79,6299999,0,user_23,580,599,10450
10475,80,6299999,0,user_23,580,599,10450
10725,81,6299999,0,user_18,582,599,10450
10729,82,6299999,0,user_24,582,599,10450
10943,83,6299999,0,user_1,583,599,10450
10497,88,6100000,0,user_45,580,599,
11001,89,6100000,0,user_44,583,599,
10975,90,6100000,0,user_31,583,599,
12170,43,5000001,0,builder_18,587,587,10585
10585,94,5000000,6390,user_38,581,597,
11226,97,5000000,0,user_45,584,597,
10445,98,5000000,0,user_4,580,597,
10462,99,5000000,0,user_17,580,597,
10748,88,5000000,0,user_41,582,596,
10742,87,5000000,0,user_36,582,596,
10749,96,5000000,0,user_43,582,597,
11709,86,5000000,0,user_40,586,596,
11456,96,4500000,121000,user_46,585,596,
12171,53,4499999,0,builder_18,587,587,11456
11446,96,4500000,0,user_31,585,595,
10576,97,4500000,0,user_28,581,595,
10448,98,4500000,0,user_6,580,595,
11213,96,4200000,0,user_31,584,594,
10575,96,3200000,0,user_27,581,593,
11959,95,3200000,0,user_36,587,593,
11716,93,2600000,0,user_47,586,592,
11954,99,2600000,0,user_33,587,593,
11454,98,2500000,0,user_40,585,592,
10455,99,2500000,0,user_14,580,592,
10485,92,2500000,0,user_34,580,591,
10465,94,2300000,0,user_17,580,591,
10984,95,2300000,0,user_37,583,591,
10985,98,1200000,959000,user_38,583,591,
12172,68,1199999,0,builder_18,587,587,10985
10586,91,2100000,0,user_41,581,590,
12173,70,2000001,0,builder_18,587,587,10733
10733,93,2000000,49100,user_27,582,590,
11214,98,2000000,0,user_31,584,590,
10454,99,2000000,0,user_13,580,590,
10494,94,2000000,0,user_42,580,589,
10737,95,2000000,0,user_32,582,589,
11000,95,2000000,0,user_44,583,590,
10991,96,2000000,0,user_40,583,590,
10996,97,2000000,0,user_41,583,590,
12174,79,1800001,0,builder_18,587,587,10496
10496,88,1800000,128000,user_44,580,588,
10995,90,1900000,0,user_41,583,588,
12175,82,1600001,0,builder_18,587,587,11227
11227,91,1600000,256000,user_46,584,588,
12176,84,1300001,0,builder_18,587,587,11955
11955,94,1300000,510000,user_34,587,588,
10565,96,1800001,0,user_16,581,588,10496
10732,95,1800001,0,user_26,582,588,10496
10558,98,1799999,0,user_10,581,588,10496
10566,89,1799999,0,user_17,581,587,10496
10710,99,1799999,0,user_2,582,588,10496
10554,97,1799999,0,user_2,581,588,10496
10947,92,1799999,0,user_6,583,587,10496
11450,93,1600000,39400,user_36,585,587,
12177,94,1599999,0,builder_18,587,587,11450
11431,95,1600001,0,user_18,585,587,11227
11430,96,1600001,0,user_15,585,587,11227
11679,97,1600001,0,user_1,586,587,11227
11688,98,1600001,0,user_11,586,587,11227
11930,99,1600001,0,user_4,587,587,11227
10444,2,43000000,0,user_2,580,599,
11448,3,30000000,11200,user_33,585,599,
12451,2,29999999,0,builder_18,588,588,11448
11457,5,30000000,0,user_47,585,599,
11715,7,30000000,0,user_46,586,599,
11969,8,30000000,0,user_45,587,599,
10484,6,30000000,0,user_34,580,599,
12221,12,27000000,779000,user_37,588,599,
12452,8,26999999,0,builder_18,588,588,12221
11455,27,27000000,0,user_46,585,599,
11710,30,27000000,0,user_42,586,599,
10747,28,27000000,0,user_41,582,599,
10988,29,27000000,0,user_40,583,599,
10588,46,19000000,13900,user_43,581,599,
12453,14,18999999,0,builder_18,588,588,10588
11960,50,19000000,0,user_38,587,599,
12454,16,6300001,0,builder_18,588,588,10450
10450,54,6300000,155000,user_8,580,599,
10986,57,6300000,146000,user_39,583,599,
12455,19,6299999,0,builder_18,588,588,10986
10572,62,6300001,0,user_25,581,599,10450
10569,61,6300001,0,user_20,581,599,10450
10473,63,6300001,0,user_23,580,599,10450
10476,64,6300001,0,user_23,580,599,10450
10478,66,6300001,0,user_25,580,599,10450
10477,65,6300001,0,user_24,580,599,10450
11192,58,6300001,0,user_3,584,599,10986
11196,59,6300001,0,user_9,584,599,10986
11193,60,6300001,0,user_6,584,599,10450
10740,73,6300000,0,user_34,582,599,
10468,70,6300000,0,user_20,580,599,
10453,71,6300000,0,user_12,580,599,
10456,72,6300000,0,user_15,580,599,
10973,74,6300000,0,user_29,583,599,
11216,69,6300000,0,user_32,584,599,
10725,81,6299999,0,user_18,582,599,10450
10729,82,6299999,0,user_24,582,599,10450
10943,83,6299999,0,user_1,583,599,10450
10562,78,6299999,0,user_13,581,599,10450
10474,79,6299999,0,user_23,580,599,10450
10475,80,6299999,0,user_23,580,599,10450
11197,76,6299999,0,user_10,584,599,10450
11207,77,6299999,0,user_20,584,599,10450
11001,89,6100000,0,user_44,583,599,
10497,88,6100000,0,user_45,580,599,
10975,90,6100000,0,user_31,583,599,
10585,94,5000000,6390,user_38,581,597,
12456,47,4999999,0,builder_18,588,588,10585
11709,86,5000000,0,user_40,586,596,
10742,87,5000000,0,user_36,582,596,
10748,88,5000000,0,user_41,582,596,
10749,96,5000000,0,user_43,582,597,
10445,98,5000000,0,user_4,580,597,
10462,99,5000000,0,user_17,580,597,
11226,97,5000000,0,user_45,584,597,
11456,96,4500000,121000,user_46,585,596,
12457,56,4499999,0,builder_18,588,588,11456
11446,96,4500000,0,user_31,585,595,
10448,98,4500000,0,user_6,580,595,
10576,97,4500000,0,user_28,581,595,
11213,96,4200000,0,user_31,584,594,
12220,94,4200000,0,user_37,588,594,
12215,95,4200000,0,user_30,588,594,
11949,94,3500000,0,user_28,587,593,
10575,96,3200000,0,user_27,581,593,
11959,95,3200000,0,user_36,587,593,
11716,93,2600000,0,user_47,586,592,
11954,99,2600000,0,user_33,587,593,
11454,98,2500000,0,user_40,585,592,
10455,99,2500000,0,user_14,580,592,
10485,92,2500000,0,user_34,580,591,
10984,95,2300000,0,user_37,583,591,
10465,94,2300000,0,user_17,580,591,
12226,96,2300000,0,user_48,588,591,
12458,74,1200001,0,builder_18,588,588,10985
10985,98,1200000,959000,user_38,583,591,
12459,76,2100001,0,builder_18,588,588,11967
11967,99,2100000,33300,user_43,587,591,
10586,91,2100000,0,user_41,581,590,
10733,93,2000000,49100,user_27,582,590,
12460,80,1999999,0,builder_18,588,588,10733
10737,95,2000000,0,user_32,582,589,
11000,95,2000000,0,user_44,583,590,
10454,99,2000000,0,user_13,580,590,
10494,94,2000000,0,user_42,580,589,
10991,96,2000000,0,user_40,583,590,
10996,97,2000000,0,user_41,583,590,
11214,98,2000000,0,user_31,584,590,
10496,88,1800000,128000,user_44,580,588,
12461,89,1799999,0,builder_18,588,588,10496
10995,90,1900000,0,user_41,583,588,
11227,91,1600000,256000,user_46,584,588,
12462,92,1599999,0,builder_18,588,588,11227
12463,93,1300001,0,builder_18,588,588,11955
11955,94,1300000,510000,user_34,587,588,
10732,95,1800001,0,user_26,582,588,10496
10565,96,1800001,0,user_16,581,588,10496
10554,97,1799999,0,user_2,581,588,10496
10558,98,1799999,0,user_10,581,588,10496
10710,99,1799999,0,user_2,582,588,10496
10444,2,43000000,0,user_2,580,599,
11448,3,30000000,11200,user_33,585,599,
12768,2,29999999,0,builder_18,589,589,11448
11969,8,30000000,0,user_45,587,599,
10484,6,30000000,0,user_34,580,599,
11457,5,30000000,0,user_47,585,599,
11715,7,30000000,0,user_46,586,599,
12769,7,27000001,0,builder_18,589,589,12221
12221,12,27000000,779000,user_37,588,599,
12494,18,27000001,0,user_20,589,599,12221
10988,29,27000000,0,user_40,583,599,
10747,28,27000000,0,user_41,582,599,
11455,27,27000000,0,user_46,585,599,
11710,30,27000000,0,user_42,586,599,
12482,35,26999999,0,user_11,589,599,12221
12770,15,19000001,0,builder_18,589,589,10588
10588,46,19000000,13900,user_43,581,599,
11960,50,19000000,0,user_38,587,599,
12771,18,6300001,0,builder_18,589,589,10450
10450,54,6300000,155000,user_8,580,599,
12772,20,6300001,0,builder_18,589,589,10986
10986,57,6300000,146000,user_39,583,599,
10473,63,6300001,0,user_23,580,599,10450
10476,64,6300001,0,user_23,580,599,10450
10477,65,6300001,0,user_24,580,599,10450
10478,66,6300001,0,user_25,580,599,10450
10569,61,6300001,0,user_20,581,599,10450
10572,62,6300001,0,user_25,581,599,10450
11192,58,6300001,0,user_3,584,599,10986
11193,60,6300001,0,user_6,584,599,10450
11196,59,6300001,0,user_9,584,599,10986
10973,74,6300000,0,user_29,583,599,
10453,71,6300000,0,user_12,580,599,
10468,70,6300000,0,user_20,580,599,
10456,72,6300000,0,user_15,580,599,
10740,73,6300000,0,user_34,582,599,
11216,69,6300000,0,user_32,584,599,
10943,83,6299999,0,user_1,583,599,10450
11197,76,6299999,0,user_10,584,599,10450
11207,77,6299999,0,user_20,584,599,10450
10474,79,6299999,0,user_23,580,599,10450
10475,80,6299999,0,user_23,580,599,10450
10562,78,6299999,0,user_13,581,599,10450
10725,81,6299999,0,user_18,582,599,10450
10729,82,6299999,0,user_24,582,599,10450
12227,87,6100000,8520,user_49,588,599,
12773,46,6099999,0,builder_18,589,589,12227
11001,89,6100000,0,user_44,583,599,
10975,90,6100000,0,user_31,583,599,
10497,88,6100000,0,user_45,580,599,
12774,50,5000001,0,builder_18,589,589,10585
10585,94,5000000,6390,user_38,581,597,
10749,96,5000000,0,user_43,582,597,
11226,97,5000000,0,user_45,584,597,
10445,98,5000000,0,user_4,580,597,
10462,99,5000000,0,user_17,580,597,
10742,87,5000000,0,user_36,582,596,
10748,88,5000000,0,user_41,582,596,
11709,86,5000000,0,user_40,586,596,
11456,96,4500000,121000,user_46,585,596,
12775,60,4499999,0,builder_18,589,589,11456
10448,98,4500000,0,user_6,580,595,
10576,97,4500000,0,user_28,581,595,
11446,96,4500000,0,user_31,585,595,
12220,94,4200000,0,user_37,588,594,
11213,96,4200000,0,user_31,584,594,
12215,95,4200000,0,user_30,588,594,
12521,97,4200000,0,user_47,589,594,
12510,93,3500000,31700,user_39,589,593,
12776,69,3499999,0,builder_18,589,589,12510
11949,94,3500000,0,user_28,587,593,
11959,95,3200000,0,user_36,587,593,
10575,96,3200000,0,user_27,581,593,
11954,99,2600000,0,user_33,587,593,
11716,93,2600000,0,user_47,586,592,
12518,97,1800000,769000,user_44,589,592,
12777,76,1799999,0,builder_18,589,589,12518
10455,99,2500000,0,user_14,580,592,
10485,92,2500000,0,user_34,580,591,
11454,98,2500000,0,user_40,585,592,
10984,95,2300000,0,user_37,583,591,
10465,94,2300000,0,user_17,580,591,
12226,96,2300000,0,user_48,588,591,
10985,98,1200000,959000,user_38,583,591,
12778,84,1199999,0,builder_18,589,589,10985
11967,99,2100000,33300,user_43,587,591,
12779,86,2099999,0,builder_18,589,589,11967
10586,91,2100000,0,user_41,581,590,
10733,93,2000000,49100,user_27,582,590,
12780,89,1999999,0,builder_18,589,589,10733
11000,95,2000000,0,user_44,583,590,
10991,96,2000000,0,user_40,583,590,
10996,97,2000000,0,user_41,583,590,
10454,99,2000000,0,user_13,580,590,
10494,94,2000000,0,user_42,580,589,
10737,95,2000000,0,user_32,582,589,
11214,98,2000000,0,user_31,584,590,
12509,94,2000000,0,user_37,589,590,
12514,98,2000000,0,user_42,589,589,
12781,99,1800001,0,builder_18,589,589,10496
10444,2,43000000,0,user_2,580,599,
11448,3,30000000,11200,user_33,585,599,
13062,2,29999999,0,builder_18,590,590,11448
11969,8,30000000,0,user_45,587,599,
10484,6,30000000,0,user_34,580,599,
11457,5,30000000,0,user_47,585,599,
11715,7,30000000,0,user_46,586,599,
12221,12,27000000,779000,user_37,588,599,
13063,8,26999999,0,builder_18,590,590,12221
12494,18,27000001,0,user_20,589,599,12221
12783,20,27000001,0,user_0,590,599,12221
12796,19,27000001,0,user_11,590,599,12221
10988,29,27000000,0,user_40,583,599,
10747,28,27000000,0,user_41,582,599,
11455,27,27000000,0,user_46,585,599,
11710,30,27000000,0,user_42,586,599,
12482,35,26999999,0,user_11,589,599,12221
12785,36,26999999,0,user_0,590,599,12221
13064,18,19000001,0,builder_18,590,590,10588
10588,46,19000000,13900,user_43,581,599,
11960,50,19000000,0,user_38,587,599,
12830,49,19000000,0,user_45,590,599,
10450,54,6300000,155000,user_8,580,599,
13065,23,6299999,0,builder_18,590,590,10450
10986,57,6300000,146000,user_39,583,599,
13066,25,6299999,0,builder_18,590,590,10986
11192,58,6300001,0,user_3,584,599,10986
11193,60,6300001,0,user_6,584,599,10450
10473,63,6300001,0,user_23,580,599,10450
10476,64,6300001,0,user_23,580,599,10450
10477,65,6300001,0,user_24,580,599,10450
10572,62,6300001,0,user_25,581,599,10450
10569,61,6300001,0,user_20,581,599,10450
11196,59,6300001,0,user_9,584,599,10986
10478,66,6300001,0,user_25,580,599,10450
10973,74,6300000,0,user_29,583,599,
11216,69,6300000,0,user_32,584,599,
10453,71,6300000,0,user_12,580,599,
10456,72,6300000,0,user_15,580,599,
10468,70,6300000,0,user_20,580,599,
10740,73,6300000,0,user_34,582,599,
11207,77,6299999,0,user_20,584,599,10450
11197,76,6299999,0,user_10,584,599,10450
10474,79,6299999,0,user_23,580,599,10450
10475,80,6299999,0,user_23,580,599,10450
10562,78,6299999,0,user_13,581,599,10450
10725,81,6299999,0,user_18,582,599,10450
10729,82,6299999,0,user_24,582,599,10450
10943,83,6299999,0,user_1,583,599,10450
13067,49,6100001,0,builder_18,590,590,12227
12227,87,6100000,8520,user_49,588,599,
10975,90,6100000,0,user_31,583,599,
11001,89,6100000,0,user_44,583,599,
10497,88,6100000,0,user_45,580,599,
13068,54,5000001,0,builder_18,590,590,10585
10585,94,5000000,6390,user_38,581,597,
11226,97,5000000,0,user_45,584,597,
10462,99,5000000,0,user_17,580,597,
10749,96,5000000,0,user_43,582,597,
10445,98,5000000,0,user_4,580,597,
10742,87,5000000,0,user_36,582,596,
10748,88,5000000,0,user_41,582,596,
11709,86,5000000,0,user_40,586,596,
11456,96,4500000,121000,user_46,585,596,
13069,64,4499999,0,builder_18,590,590,11456
10448,98,4500000,0,user_6,580,595,
10576,97,4500000,0,user_28,581,595,
11446,96,4500000,0,user_31,585,595,
12220,94,4200000,0,user_37,588,594,
12215,95,4200000,0,user_30,588,594,
11213,96,4200000,0,user_31,584,594,
12521,97,4200000,0,user_47,589,594,
13070,72,3500001,0,builder_18,590,590,12510
12510,93,3500000,31700,user_39,589,593,
11949,94,3500000,0,user_28,587,593,
11959,95,3200000,0,user_36,587,593,
10575,96,3200000,0,user_27,581,593,
11954,99,2600000,0,user_33,587,593,
11716,93,2600000,0,user_47,586,592,
12518,97,1800000,769000,user_44,589,592,
13071,80,1799999,0,builder_18,590,590,12518
10455,99,2500000,0,user_14,580,592,
10485,92,2500000,0,user_34,580,591,
11454,98,2500000,0,user_40,585,592,
12226,96,2300000,0,user_48,588,591,
10984,95,2300000,0,user_37,583,591,
10465,94,2300000,0,user_17,580,591,
10985,98,1200000,959000,user_38,583,591,
13072,88,1199999,0,builder_18,590,590,10985
11967,99,2100000,33300,user_43,587,591,
13073,90,2099999,0,builder_18,590,590,11967
10586,91,2100000,0,user_41,581,590,
13074,92,2000001,0,builder_18,590,590,10733
10733,93,2000000,49100,user_27,582,590,
12509,94,2000000,0,user_37,589,590,
11000,95,2000000,0,user_44,583,590,
10991,96,2000000,0,user_40,583,590,
10996,97,2000000,0,user_41,583,590,
11214,98,2000000,0,user_31,584,590,
10454,99,2000000,0,user_13,580,590,
10444,2,43000000,0,user_2,580,599,
11448,3,30000000,11200,user_33,585,599,
13358,2,29999999,0,builder_18,591,591,11448
11457,5,30000000,0,user_47,585,599,
10484,6,30000000,0,user_34,580,599,
11715,7,30000000,0,user_46,586,599,
11969,8,30000000,0,user_45,587,599,
13118,9,30000000,0,user_41,591,599,
12221,12,27000000,779000,user_37,588,599,
13359,9,26999999,0,builder_18,591,591,12221
12494,18,27000001,0,user_20,589,599,12221
12796,19,27000001,0,user_11,590,599,12221
12783,20,27000001,0,user_0,590,599,12221
13075,21,27000001,0,user_0,591,599,12221
13091,22,27000001,0,user_15,591,599,12221
13101,23,27000001,0,user_25,591,599,12221
11455,27,27000000,0,user_46,585,599,
10747,28,27000000,0,user_41,582,599,
10988,29,27000000,0,user_40,583,599,
11710,30,27000000,0,user_42,586,599,
12482,35,26999999,0,user_11,589,599,12221
12785,36,26999999,0,user_0,590,599,12221
13087,37,26999999,0,user_11,591,599,12221
13099,38,26999999,0,user_23,591,599,12221
13360,24,19000001,0,builder_18,591,591,10588
10588,46,19000000,13900,user_43,581,599,
12830,49,19000000,0,user_45,590,599,
11960,50,19000000,0,user_38,587,599,
13117,52,73000,17700000,user_40,591,599,
13361,29,72999,0,builder_18,591,591,13117
10450,54,6300000,155000,user_8,580,599,
13362,31,6299999,0,builder_18,591,591,10450
10986,57,6300000,146000,user_39,583,599,
13363,33,6299999,0,builder_18,591,591,10986
11192,58,6300001,0,user_3,584,599,10986
11196,59,6300001,0,user_9,584,599,10986
11193,60,6300001,0,user_6,584,599,10450
10569,61,6300001,0,user_20,581,599,10450
10572,62,6300001,0,user_25,581,599,10450
10473,63,6300001,0,user_23,580,599,10450
10476,64,6300001,0,user_23,580,599,10450
10477,65,6300001,0,user_24,580,599,10450
10478,66,6300001,0,user_25,580,599,10450
11216,69,6300000,0,user_32,584,599,
10468,70,6300000,0,user_20,580,599,
10453,71,6300000,0,user_12,580,599,
10456,72,6300000,0,user_15,580,599,
10740,73,6300000,0,user_34,582,599,
10973,74,6300000,0,user_29,583,599,
11197,76,6299999,0,user_10,584,599,10450
11207,77,6299999,0,user_20,584,599,10450
10562,78,6299999,0,user_13,581,599,10450
10474,79,6299999,0,user_23,580,599,10450
10475,80,6299999,0,user_23,580,599,10450
10725,81,6299999,0,user_18,582,599,10450
10729,82,6299999,0,user_24,582,599,10450
10943,83,6299999,0,user_1,583,599,10450
13364,57,6100001,0,builder_18,591,591,12227
12227,87,6100000,8520,user_49,588,599,
10497,88,6100000,0,user_45,580,599,
11001,89,6100000,0,user_44,583,599,
10975,90,6100000,0,user_31,583,599,
13365,62,5000001,0,builder_18,591,591,10585
10585,94,5000000,6390,user_38,581,597,
11226,97,5000000,0,user_45,584,597,
10445,98,5000000,0,user_4,580,597,
10462,99,5000000,0,user_17,580,597,
10748,88,5000000,0,user_41,582,596,
10742,87,5000000,0,user_36,582,596,
10749,96,5000000,0,user_43,582,597,
11709,86,5000000,0,user_40,586,596,
13366,71,4500001,0,builder_18,591,591,11456
11456,96,4500000,121000,user_46,585,596,
11446,96,4500000,0,user_31,585,595,
10576,97,4500000,0,user_28,581,595,
10448,98,4500000,0,user_6,580,595,
13122,99,4500000,0,user_46,591,595,
12521,97,4200000,0,user_47,589,594,
12220,94,4200000,0,user_37,588,594,
11213,96,4200000,0,user_31,584,594,
12215,95,4200000,0,user_30,588,594,
12510,93,3500000,31700,user_39,589,593,
13367,82,3499999,0,builder_18,591,591,12510
11949,94,3500000,0,user_28,587,593,
10575,96,3200000,0,user_27,581,593,
11959,95,3200000,0,user_36,587,593,
11716,93,2600000,0,user_47,586,592,
11954,99,2600000,0,user_33,587,593,
12518,97,1800000,769000,user_44,589,592,
13368,89,1799999,0,builder_18,591,591,12518
11454,98,2500000,0,user_40,585,592,
10455,99,2500000,0,user_14,580,592,
10485,92,2500000,0,user_34,580,591,
13103,93,2400000,0,user_27,591,591,
10465,94,2300000,0,user_17,580,591,
10984,95,2300000,0,user_37,583,591,
12226,96,2300000,0,user_48,588,591,
13369,97,1200001,0,builder_18,591,591,10985
10985,98,1200000,959000,user_38,583,591,
11967,99,2100000,33300,user_43,587,591,
10444,2,43000000,0,user_2,580,599,
11448,3,30000000,11200,user_33,585,599,
13627,2,29999999,0,builder_18,592,592,11448
11457,5,30000000,0,user_47,585,599,
11715,7,30000000,0,user_46,586,599,
11969,8,30000000,0,user_45,587,599,
10484,6,30000000,0,user_34,580,599,
13118,9,30000000,0,user_41,591,599,
13628,8,27000001,0,builder_18,592,592,12221
12221,12,27000000,779000,user_37,588,599,
12796,19,27000001,0,user_11,590,599,12221
12783,20,27000001,0,user_0,590,599,12221
13075,21,27000001,0,user_0,591,599,12221
12494,18,27000001,0,user_20,589,599,12221
13091,22,27000001,0,user_15,591,599,12221
13101,23,27000001,0,user_25,591,599,12221
11455,27,27000000,0,user_46,585,599,
11710,30,27000000,0,user_42,586,599,
10747,28,27000000,0,user_41,582,599,
10988,29,27000000,0,user_40,583,599,
13115,31,27000000,0,user_38,591,599,
12785,36,26999999,0,user_0,590,599,12221
13087,37,26999999,0,user_11,591,599,12221
12482,35,26999999,0,user_11,589,599,12221
13099,38,26999999,0,user_23,591,599,12221
13380,39,26999999,0,user_14,592,599,12221
13629,26,19000001,0,builder_18,592,592,10588
10588,46,19000000,13900,user_43,581,599,
12830,49,19000000,0,user_45,590,599,
11960,50,19000000,0,user_38,587,599,
13406,51,19000000,0,user_41,592,599,
13630,31,73001,0,builder_18,592,592,13117
13117,52,73000,17700000,user_40,591,599,
13631,33,6300001,0,builder_18,592,592,10450
10450,54,6300000,155000,user_8,580,599,
13632,35,6300001,0,builder_18,592,592,10986
10986,57,6300000,146000,user_39,583,599,
10572,62,6300001,0,user_25,581,599,10450
10569,61,6300001,0,user_20,581,599,10450
10473,63,6300001,0,user_23,580,599,10450
10476,64,6300001,0,user_23,580,599,10450
10478,66,6300001,0,user_25,580,599,10450
10477,65,6300001,0,user_24,580,599,10450
11192,58,6300001,0,user_3,584,599,10986
11196,59,6300001,0,user_9,584,599,10986
11193,60,6300001,0,user_6,584,599,10450
10740,73,6300000,0,user_34,582,599,
10468,70,6300000,0,user_20,580,599,
10453,71,6300000,0,user_12,580,599,
10456,72,6300000,0,user_15,580,599,
10973,74,6300000,0,user_29,583,599,
11216,69,6300000,0,user_32,584,599,
10725,81,6299999,0,user_18,582,599,10450
10729,82,6299999,0,user_24,582,599,10450
10943,83,6299999,0,user_1,583,599,10450
10562,78,6299999,0,user_13,581,599,10450
10474,79,6299999,0,user_23,580,599,10450
10475,80,6299999,0,user_23,580,599,10450
11197,76,6299999,0,user_10,584,599,10450
11207,77,6299999,0,user_20,584,599,10450
13633,60,6100001,0,builder_18,592,592,12227
12227,87,6100000,8520,user_49,588,599,
11001,89,6100000,0,user_44,583,599,
10497,88,6100000,0,user_45,580,599,
10975,90,6100000,0,user_31,583,599,
10585,94,5000000,6390,user_38,581,597,
13634,66,4999999,0,builder_18,592,592,10585
11709,86,5000000,0,user_40,586,596,
10742,87,5000000,0,user_36,582,596,
10748,88,5000000,0,user_41,582,596,
10749,96,5000000,0,user_43,582,597,
10445,98,5000000,0,user_4,580,597,
10462,99,5000000,0,user_17,580,597,
11226,97,5000000,0,user_45,584,597,
13408,93,5000000,0,user_41,592,596,
13413,95,4200000,545000,user_45,592,596,
13635,76,4199999,0,builder_18,592,592,13413
11456,96,4500000,121000,user_46,585,596,
13636,78,4499999,0,builder_18,592,592,11456
11446,96,4500000,0,user_31,585,595,
10448,98,4500000,0,user_6,580,595,
10576,97,4500000,0,user_28,581,595,
13122,99,4500000,0,user_46,591,595,
11213,96,4200000,0,user_31,584,594,
12220,94,4200000,0,user_37,588,594,
12215,95,4200000,0,user_30,588,594,
12521,97,4200000,0,user_47,589,594,
13405,91,3600000,0,user_39,592,593,
12510,93,3500000,31700,user_39,589,593,
13637,89,3499999,0,builder_18,592,592,12510
11949,94,3500000,0,user_28,587,593,
10575,96,3200000,0,user_27,581,593,
11959,95,3200000,0,user_36,587,593,
11716,93,2600000,0,user_47,586,592,
11954,99,2600000,0,user_33,587,593,
13399,98,2600000,0,user_37,592,593,
13638,96,1800001,0,builder_18,592,592,12518
12518,97,1800000,769000,user_44,589,592,
11454,98,2500000,0,user_40,585,592,
10455,99,2500000,0,user_14,580,592,
10444,2,43000000,0,user_2,580,599,
11448,3,30000000,11200,user_33,585,599,
13895,2,29999999,0,builder_18,593,593,11448
13118,9,30000000,0,user_41,591,599,
11969,8,30000000,0,user_45,587,599,
10484,6,30000000,0,user_34,580,599,
11457,5,30000000,0,user_47,585,599,
11715,7,30000000,0,user_46,586,599,
12221,12,27000000,779000,user_37,588,599,
13896,9,26999999,0,builder_18,593,593,12221
12783,20,27000001,0,user_0,590,599,12221
12796,19,27000001,0,user_11,590,599,12221
13075,21,27000001,0,user_0,591,599,12221
13091,22,27000001,0,user_15,591,599,12221
13101,23,27000001,0,user_25,591,599,12221
12494,18,27000001,0,user_20,589,599,12221
13653,16,27000001,0,user_10,593,599,12221
13115,31,27000000,0,user_38,591,599,
10988,29,27000000,0,user_40,583,599,
10747,28,27000000,0,user_41,582,599,
11455,27,27000000,0,user_46,585,599,
11710,30,27000000,0,user_42,586,599,
12785,36,26999999,0,user_0,590,599,12221
13087,37,26999999,0,user_11,591,599,12221
13099,38,26999999,0,user_23,591,599,12221
12482,35,26999999,0,user_11,589,599,12221
13380,39,26999999,0,user_14,592,599,12221
10588,46,19000000,13900,user_43,581,599,
13897,28,18999999,0,builder_18,593,593,10588
12830,49,19000000,0,user_45,590,599,
11960,50,19000000,0,user_38,587,599,
13406,51,19000000,0,user_41,592,599,
13117,52,73000,17700000,user_40,591,599,
13898,33,72999,0,builder_18,593,593,13117
10450,54,6300000,155000,user_8,580,599,
13899,35,6299999,0,builder_18,593,593,10450
10986,57,6300000,146000,user_39,583,599,
13900,37,6299999,0,builder_18,593,593,10986
10473,63,6300001,0,user_23,580,599,10450
10476,64,6300001,0,user_23,580,599,10450
10477,65,6300001,0,user_24,580,599,10450
10478,66,6300001,0,user_25,580,599,10450
10569,61,6300001,0,user_20,581,599,10450
10572,62,6300001,0,user_25,581,599,10450
11192,58,6300001,0,user_3,584,599,10986
11193,60,6300001,0,user_6,584,599,10450
11196,59,6300001,0,user_9,584,599,10986
10973,74,6300000,0,user_29,583,599,
10453,71,6300000,0,user_12,580,599,
10468,70,6300000,0,user_20,580,599,
10456,72,6300000,0,user_15,580,599,
10740,73,6300000,0,user_34,582,599,
11216,69,6300000,0,user_32,584,599,
13395,75,6300000,0,user_31,592,599,
13693,68,6300000,0,user_47,593,599,
10943,83,6299999,0,user_1,583,599,10450
11197,76,6299999,0,user_10,584,599,10450
11207,77,6299999,0,user_20,584,599,10450
10474,79,6299999,0,user_23,580,599,10450
10475,80,6299999,0,user_23,580,599,10450
10562,78,6299999,0,user_13,581,599,10450
10725,81,6299999,0,user_18,582,599,10450
10729,82,6299999,0,user_24,582,599,10450
12227,87,6100000,8520,user_49,588,599,
13901,64,6099999,0,builder_18,593,593,12227
11001,89,6100000,0,user_44,583,599,
10975,90,6100000,0,user_31,583,599,
10497,88,6100000,0,user_45,580,599,
10585,94,5000000,6390,user_38,581,597,
13902,69,4999999,0,builder_18,593,593,10585
10749,96,5000000,0,user_43,582,597,
11226,97,5000000,0,user_45,584,597,
10445,98,5000000,0,user_4,580,597,
10462,99,5000000,0,user_17,580,597,
10742,87,5000000,0,user_36,582,596,
10748,88,5000000,0,user_41,582,596,
11709,86,5000000,0,user_40,586,596,
13408,93,5000000,0,user_41,592,596,
13903,78,4200001,0,builder_18,593,593,13413
13413,95,4200000,545000,user_45,592,596,
11456,96,4500000,121000,user_46,585,596,
13904,81,4499999,0,builder_18,593,593,11456
13122,99,4500000,0,user_46,591,595,
10448,98,4500000,0,user_6,580,595,
10576,97,4500000,0,user_28,581,595,
11446,96,4500000,0,user_31,585,595,
13686,99,4500000,0,user_37,593,596,
12220,94,4200000,0,user_37,588,594,
11213,96,4200000,0,user_31,584,594,
12215,95,4200000,0,user_30,588,594,
12521,97,4200000,0,user_47,589,594,
13405,91,3600000,0,user_39,592,593,
13905,92,3500001,0,builder_18,593,593,12510
12510,93,3500000,31700,user_39,589,593,
11949,94,3500000,0,user_28,587,593,
11959,95,3200000,0,user_36,587,593,
10575,96,3200000,0,user_27,581,593,
13684,97,3200000,0,user_36,593,593,
13399,98,2600000,0,user_37,592,593,
11954,99,2600000,0,user_33,587,593,
10444,2,43000000,0,user_2,580,599,
14152,1,30000001,0,builder_18,594,594,11448
11448,3,30000000,11200,user_33,585,599,
13118,9,30000000,0,user_41,591,599,
11969,8,30000000,0,user_45,587,599,
10484,6,30000000,0,user_34,580,599,
11457,5,30000000,0,user_47,585,599,
11715,7,30000000,0,user_46,586,599,
13929,10,30000000,0,user_32,594,599,
14153,9,27000001,0,builder_18,594,594,12221
12221,12,27000000,779000,user_37,588,599,
13075,21,27000001,0,user_0,591,599,12221
13091,22,27000001,0,user_15,591,599,12221
13101,23,27000001,0,user_25,591,599,12221
13653,16,27000001,0,user_10,593,599,12221
12494,18,27000001,0,user_20,589,599,12221
12783,20,27000001,0,user_0,590,599,12221
12796,19,27000001,0,user_11,590,599,12221
13921,17,27000001,0,user_20,594,599,12221
13115,31,27000000,0,user_38,591,599,
10988,29,27000000,0,user_40,583,599,
10747,28,27000000,0,user_41,582,599,
11455,27,27000000,0,user_46,585,599,
11710,30,27000000,0,user_42,586,599,
13087,37,26999999,0,user_11,591,599,12221
13099,38,26999999,0,user_23,591,599,12221
13380,39,26999999,0,user_14,592,599,12221
13666,34,26999999,0,user_19,593,599,12221
12482,35,26999999,0,user_11,589,599,12221
12785,36,26999999,0,user_0,590,599,12221
10588,46,19000000,13900,user_43,581,599,
14154,31,18999999,0,builder_18,594,594,10588
13406,51,19000000,0,user_41,592,599,
11960,50,19000000,0,user_38,587,599,
12830,49,19000000,0,user_45,590,599,
13117,52,73000,17700000,user_40,591,599,
14155,36,72999,0,builder_18,594,594,13117
10450,54,6300000,155000,user_8,580,599,
14156,38,6299999,0,builder_18,594,594,10450
14157,39,6300001,0,builder_18,594,594,10986
10986,57,6300000,146000,user_39,583,599,
11192,58,6300001,0,user_3,584,599,10986
11193,60,6300001,0,user_6,584,599,10450
10473,63,6300001,0,user_23,580,599,10450
10476,64,6300001,0,user_23,580,599,10450
10477,65,6300001,0,user_24,580,599,10450
10572,62,6300001,0,user_25,581,599,10450
10569,61,6300001,0,user_20,581,599,10450
11196,59,6300001,0,user_9,584,599,10986
10478,66,6300001,0,user_25,580,599,10450
13395,75,6300000,0,user_31,592,599,
10973,74,6300000,0,user_29,583,599,
11216,69,6300000,0,user_32,584,599,
10453,71,6300000,0,user_12,580,599,
10456,72,6300000,0,user_15,580,599,
10468,70,6300000,0,user_20,580,599,
10740,73,6300000,0,user_34,582,599,
13693,68,6300000,0,user_47,593,599,
11207,77,6299999,0,user_20,584,599,10450
11197,76,6299999,0,user_10,584,599,10450
10474,79,6299999,0,user_23,580,599,10450
10475,80,6299999,0,user_23,580,599,10450
10562,78,6299999,0,user_13,581,599,10450
10725,81,6299999,0,user_18,582,599,10450
10729,82,6299999,0,user_24,582,599,10450
10943,83,6299999,0,user_1,583,599,10450
12227,87,6100000,8520,user_49,588,599,
14158,67,6099999,0,builder_18,594,594,12227
10975,90,6100000,0,user_31,583,599,
11001,89,6100000,0,user_44,583,599,
10497,88,6100000,0,user_45,580,599,
13942,91,6100000,0,user_40,594,599,
13925,95,5200000,285000,user_27,594,599,
14159,73,5199999,0,builder_18,594,594,13925
14160,74,5000001,0,builder_18,594,594,10585
10585,94,5000000,6390,user_38,581,597,
13408,93,5000000,0,user_41,592,596,
11226,97,5000000,0,user_45,584,597,
10462,99,5000000,0,user_17,580,597,
10749,96,5000000,0,user_43,582,597,
10445,98,5000000,0,user_4,580,597,
10742,87,5000000,0,user_36,582,596,
10748,88,5000000,0,user_41,582,596,
11709,86,5000000,0,user_40,586,596,
14161,84,4200001,0,builder_18,594,594,13413
13413,95,4200000,545000,user_45,592,596,
11456,96,4500000,121000,user_46,585,596,
14162,87,4499999,0,builder_18,594,594,11456
13122,99,4500000,0,user_46,591,595,
13686,99,4500000,0,user_37,593,596,
10448,98,4500000,0,user_6,580,595,
10576,97,4500000,0,user_28,581,595,
11446,96,4500000,0,user_31,585,595,
13948,98,4500000,0,user_47,594,596,
12220,94,4200000,0,user_37,588,594,
12215,95,4200000,0,user_30,588,594,
11213,96,4200000,0,user_31,584,594,
12521,97,4200000,0,user_47,589,594,
13951,98,3600000,7840,user_48,594,594,
14163,99,3599999,0,builder_18,594,594,13951
10444,2,43000000,0,user_2,580,599,
14432,1,30000001,0,builder_18,595,595,11448
11448,3,30000000,11200,user_33,585,599,
11457,5,30000000,0,user_47,585,599,
10484,6,30000000,0,user_34,580,599,
11715,7,30000000,0,user_46,586,599,
11969,8,30000000,0,user_45,587,599,
13118,9,30000000,0,user_41,591,599,
13929,10,30000000,0,user_32,594,599,
12221,12,27000000,779000,user_37,588,599,
14433,10,26999999,0,builder_18,595,595,12221
13653,16,27000001,0,user_10,593,599,12221
13921,17,27000001,0,user_20,594,599,12221
12494,18,27000001,0,user_20,589,599,12221
12796,19,27000001,0,user_11,590,599,12221
12783,20,27000001,0,user_0,590,599,12221
13075,21,27000001,0,user_0,591,599,12221
13091,22,27000001,0,user_15,591,599,12221
13101,23,27000001,0,user_25,591,599,12221
14173,24,27000001,0,user_7,595,599,12221
14164,25,27000001,0,user_0,595,599,12221
14171,26,27000001,0,user_5,595,599,12221
11455,27,27000000,0,user_46,585,599,
10747,28,27000000,0,user_41,582,599,
10988,29,27000000,0,user_40,583,599,
11710,30,27000000,0,user_42,586,599,
13115,31,27000000,0,user_38,591,599,
13666,34,26999999,0,user_19,593,599,12221
12482,35,26999999,0,user_11,589,599,12221
12785,36,26999999,0,user_0,590,599,12221
13087,37,26999999,0,user_11,591,599,12221
13099,38,26999999,0,user_23,591,599,12221
13380,39,26999999,0,user_14,592,599,12221
14177,40,26999999,0,user_11,595,599,12221
14178,41,26999999,0,user_12,595,599,12221
14434,35,19000001,0,builder_18,595,595,10588
10588,46,19000000,13900,user_43,581,599,
12830,49,19000000,0,user_45,590,599,
11960,50,19000000,0,user_38,587,599,
13406,51,19000000,0,user_41,592,599,
14435,40,73001,0,builder_18,595,595,13117
13117,52,73000,17700000,user_40,591,599,
14436,42,6300001,0,builder_18,595,595,10450
10450,54,6300000,155000,user_8,580,599,
10986,57,6300000,146000,user_39,583,599,
14437,45,6299999,0,builder_18,595,595,10986
11192,58,6300001,0,user_3,584,599,10986
11196,59,6300001,0,user_9,584,599,10986
11193,60,6300001,0,user_6,584,599,10450
10569,61,6300001,0,user_20,581,599,10450
10572,62,6300001,0,user_25,581,599,10450
10473,63,6300001,0,user_23,580,599,10450
10476,64,6300001,0,user_23,580,599,10450
10477,65,6300001,0,user_24,580,599,10450
10478,66,6300001,0,user_25,580,599,10450
13693,68,6300000,0,user_47,593,599,
11216,69,6300000,0,user_32,584,599,
10468,70,6300000,0,user_20,580,599,
10453,71,6300000,0,user_12,580,599,
10456,72,6300000,0,user_15,580,599,
10740,73,6300000,0,user_34,582,599,
10973,74,6300000,0,user_29,583,599,
13395,75,6300000,0,user_31,592,599,
11197,76,6299999,0,user_10,584,599,10450
11207,77,6299999,0,user_20,584,599,10450
10562,78,6299999,0,user_13,581,599,10450
10474,79,6299999,0,user_23,580,599,10450
10475,80,6299999,0,user_23,580,599,10450
10725,81,6299999,0,user_18,582,599,10450
10729,82,6299999,0,user_24,582,599,10450
10943,83,6299999,0,user_1,583,599,10450
12227,87,6100000,8520,user_49,588,599,
14438,72,6099999,0,builder_18,595,595,12227
10497,88,6100000,0,user_45,580,599,
11001,89,6100000,0,user_44,583,599,
10975,90,6100000,0,user_31,583,599,
13942,91,6100000,0,user_40,594,599,
14439,77,5000001,0,builder_18,595,595,13945
13945,92,5000000,594000,user_43,594,599,
13925,95,5200000,285000,user_27,594,599,
14440,80,5199999,0,builder_18,595,595,13925
14441,81,5000001,0,builder_18,595,595,10585
10585,94,5000000,6390,user_38,581,597,
11226,97,5000000,0,user_45,584,597,
10445,98,5000000,0,user_4,580,597,
10462,99,5000000,0,user_17,580,597,
10748,88,5000000,0,user_41,582,596,
10742,87,5000000,0,user_36,582,596,
10749,96,5000000,0,user_43,582,597,
11709,86,5000000,0,user_40,586,596,
13408,93,5000000,0,user_41,592,596,
13413,95,4200000,545000,user_45,592,596,
14442,92,4199999,0,builder_18,595,595,13413
11456,96,4500000,121000,user_46,585,596,
14443,94,4499999,0,builder_18,595,595,11456
13686,99,4500000,0,user_37,593,596,
11446,96,4500000,0,user_31,585,595,
10576,97,4500000,0,user_28,581,595,
10448,98,4500000,0,user_6,580,595,
13122,99,4500000,0,user_46,591,595,
10444,2,43000000,0,user_2,580,599,
14205,1,43000000,0,user_38,595,599,
11448,3,30000000,11200,user_33,585,599,
14698,3,29999999,0,builder_18,596,596,11448
13929,10,30000000,0,user_32,594,599,
11457,5,30000000,0,user_47,585,599,
11715,7,30000000,0,user_46,586,599,
11969,8,30000000,0,user_45,587,599,
10484,6,30000000,0,user_34,580,599,
13118,9,30000000,0,user_41,591,599,
12221,12,27000000,779000,user_37,588,599,
14699,11,26999999,0,builder_18,596,596,12221
13921,17,27000001,0,user_20,594,599,12221
14171,26,27000001,0,user_5,595,599,12221
13653,16,27000001,0,user_10,593,599,12221
12796,19,27000001,0,user_11,590,599,12221
12783,20,27000001,0,user_0,590,599,12221
13075,21,27000001,0,user_0,591,599,12221
12494,18,27000001,0,user_20,589,599,12221
13091,22,27000001,0,user_15,591,599,12221
13101,23,27000001,0,user_25,591,599,12221
14173,24,27000001,0,user_7,595,599,12221
14164,25,27000001,0,user_0,595,599,12221
14453,15,27000001,0,user_8,596,599,12221
11455,27,27000000,0,user_46,585,599,
11710,30,27000000,0,user_42,586,599,
10747,28,27000000,0,user_41,582,599,
10988,29,27000000,0,user_40,583,599,
13115,31,27000000,0,user_38,591,599,
12785,36,26999999,0,user_0,590,599,12221
13087,37,26999999,0,user_11,591,599,12221
12482,35,26999999,0,user_11,589,599,12221
13099,38,26999999,0,user_23,591,599,12221
13380,39,26999999,0,user_14,592,599,12221
13666,34,26999999,0,user_19,593,599,12221
14178,41,26999999,0,user_12,595,599,12221
14177,40,26999999,0,user_11,595,599,12221
14700,37,19000001,0,builder_18,596,596,10588
10588,46,19000000,13900,user_43,581,599,
12830,49,19000000,0,user_45,590,599,
11960,50,19000000,0,user_38,587,599,
13406,51,19000000,0,user_41,592,599,
13117,52,73000,17700000,user_40,591,599,
14701,43,72999,0,builder_18,596,596,13117
10450,54,6300000,155000,user_8,580,599,
14702,45,6299999,0,builder_18,596,596,10450
10986,57,6300000,146000,user_39,583,599,
14703,47,6299999,0,builder_18,596,596,10986
10572,62,6300001,0,user_25,581,599,10450
10569,61,6300001,0,user_20,581,599,10450
10473,63,6300001,0,user_23,580,599,10450
10476,64,6300001,0,user_23,580,599,10450
10478,66,6300001,0,user_25,580,599,10450
10477,65,6300001,0,user_24,580,599,10450
11192,58,6300001,0,user_3,584,599,10986
11196,59,6300001,0,user_9,584,599,10986
11193,60,6300001,0,user_6,584,599,10450
13693,68,6300000,0,user_47,593,599,
10740,73,6300000,0,user_34,582,599,
10468,70,6300000,0,user_20,580,599,
10453,71,6300000,0,user_12,580,599,
10456,72,6300000,0,user_15,580,599,
10973,74,6300000,0,user_29,583,599,
11216,69,6300000,0,user_32,584,599,
13395,75,6300000,0,user_31,592,599,
10725,81,6299999,0,user_18,582,599,10450
10729,82,6299999,0,user_24,582,599,10450
10943,83,6299999,0,user_1,583,599,10450
10562,78,6299999,0,user_13,581,599,10450
10474,79,6299999,0,user_23,580,599,10450
10475,80,6299999,0,user_23,580,599,10450
11197,76,6299999,0,user_10,584,599,10450
11207,77,6299999,0,user_20,584,599,10450
12227,87,6100000,8520,user_49,588,599,
14704,74,6099999,0,builder_18,596,596,12227
13942,91,6100000,0,user_40,594,599,
11001,89,6100000,0,user_44,583,599,
10497,88,6100000,0,user_45,580,599,
10975,90,6100000,0,user_31,583,599,
14705,79,5000001,0,builder_18,596,596,13945
13945,92,5000000,594000,user_43,594,599,
14706,81,5200001,0,builder_18,596,596,13925
13925,95,5200000,285000,user_27,594,599,
14481,99,5200000,0,user_45,596,599,
10585,94,5000000,6390,user_38,581,597,
14707,85,4999999,0,builder_18,596,596,10585
11709,86,5000000,0,user_40,586,596,
10742,87,5000000,0,user_36,582,596,
10748,88,5000000,0,user_41,582,596,
10749,96,5000000,0,user_43,582,597,
10445,98,5000000,0,user_4,580,597,
10462,99,5000000,0,user_17,580,597,
11226,97,5000000,0,user_45,584,597,
13408,93,5000000,0,user_41,592,596,
14708,94,4200001,0,builder_18,596,596,13413
13413,95,4200000,545000,user_45,592,596,
11456,96,4500000,121000,user_46,585,596,
14709,97,4499999,0,builder_18,596,596,11456
13948,98,4500000,0,user_47,594,596,
13686,99,4500000,0,user_37,593,596,
14205,1,43000000,0,user_38,595,599,
10444,2,43000000,0,user_2,580,599,
14754,0,43000000,0,user_39,597,599,
14955,3,30000001,0,builder_18,597,597,11448
11448,3,30000000,11200,user_33,585,599,
13929,10,30000000,0,user_32,594,599,
13118,9,30000000,0,user_41,591,599,
11969,8,30000000,0,user_45,587,599,
10484,6,30000000,0,user_34,580,599,
11457,5,30000000,0,user_47,585,599,
11715,7,30000000,0,user_46,586,599,
12221,12,27000000,779000,user_37,588,599,
14956,12,26999999,0,builder_18,597,597,12221
14164,25,27000001,0,user_0,595,599,12221
14173,24,27000001,0,user_7,595,599,12221
14171,26,27000001,0,user_5,595,599,12221
13921,17,27000001,0,user_20,594,599,12221
12783,20,27000001,0,user_0,590,599,12221
12796,19,27000001,0,user_11,590,599,12221
13075,21,27000001,0,user_0,591,599,12221
13091,22,27000001,0,user_15,591,599,12221
13101,23,27000001,0,user_25,591,599,12221
12494,18,27000001,0,user_20,589,599,12221
13653,16,27000001,0,user_10,593,599,12221
14453,15,27000001,0,user_8,596,599,12221
14711,14,27000001,0,user_1,597,599,12221
14731,13,27000001,0,user_17,597,599,12221
13115,31,27000000,0,user_38,591,599,
10988,29,27000000,0,user_40,583,599,
10747,28,27000000,0,user_41,582,599,
11455,27,27000000,0,user_46,585,599,
11710,30,27000000,0,user_42,586,599,
14177,40,26999999,0,user_11,595,599,12221
14178,41,26999999,0,user_12,595,599,12221
12785,36,26999999,0,user_0,590,599,12221
13087,37,26999999,0,user_11,591,599,12221
13099,38,26999999,0,user_23,591,599,12221
12482,35,26999999,0,user_11,589,599,12221
13380,39,26999999,0,user_14,592,599,12221
13666,34,26999999,0,user_19,593,599,12221
14719,33,26999999,0,user_7,597,599,12221
10588,46,19000000,13900,user_43,581,599,
14957,42,18999999,0,builder_18,597,597,10588
12830,49,19000000,0,user_45,590,599,
11960,50,19000000,0,user_38,587,599,
13406,51,19000000,0,user_41,592,599,
14488,48,19000000,0,user_49,596,599,
13117,52,73000,17700000,user_40,591,599,
14958,48,72999,0,builder_18,597,597,13117
14959,49,6300001,0,builder_18,597,597,10450
10450,54,6300000,155000,user_8,580,599,
10986,57,6300000,146000,user_39,583,599,
14960,52,6299999,0,builder_18,597,597,10986
10473,63,6300001,0,user_23,580,599,10450
10476,64,6300001,0,user_23,580,599,10450
10477,65,6300001,0,user_24,580,599,10450
10478,66,6300001,0,user_25,580,599,10450
10569,61,6300001,0,user_20,581,599,10450
10572,62,6300001,0,user_25,581,599,10450
11192,58,6300001,0,user_3,584,599,10986
11193,60,6300001,0,user_6,584,599,10450
11196,59,6300001,0,user_9,584,599,10986
13693,68,6300000,0,user_47,593,599,
10973,74,6300000,0,user_29,583,599,
10453,71,6300000,0,user_12,580,599,
10468,70,6300000,0,user_20,580,599,
10456,72,6300000,0,user_15,580,599,
10740,73,6300000,0,user_34,582,599,
11216,69,6300000,0,user_32,584,599,
13395,75,6300000,0,user_31,592,599,
14746,67,6300000,0,user_33,597,599,
10943,83,6299999,0,user_1,583,599,10450
11197,76,6299999,0,user_10,584,599,10450
11207,77,6299999,0,user_20,584,599,10450
10474,79,6299999,0,user_23,580,599,10450
10475,80,6299999,0,user_23,580,599,10450
10562,78,6299999,0,user_13,581,599,10450
10725,81,6299999,0,user_18,582,599,10450
10729,82,6299999,0,user_24,582,599,10450
14765,85,5200000,959000,user_46,597,599,
14961,80,5199999,0,builder_18,597,597,14765
12227,87,6100000,8520,user_49,588,599,
14962,82,6099999,0,builder_18,597,597,12227
13942,91,6100000,0,user_40,594,599,
11001,89,6100000,0,user_44,583,599,
10975,90,6100000,0,user_31,583,599,
10497,88,6100000,0,user_45,580,599,
14963,87,5000001,0,builder_18,597,597,13945
13945,92,5000000,594000,user_43,594,599,
14964,89,5200001,0,builder_18,597,597,13925
13925,95,5200000,285000,user_27,594,599,
14481,99,5200000,0,user_45,596,599,
14757,97,5000000,68100,user_41,597,598,
14965,93,4999999,0,builder_18,597,597,14757
10585,94,5000000,6390,user_38,581,597,
14966,95,4999999,0,builder_18,597,597,10585
10749,96,5000000,0,user_43,582,597,
11226,97,5000000,0,user_45,584,597,
10445,98,5000000,0,user_4,580,597,
10462,99,5000000,0,user_17,580,597,
14205,1,43000000,0,user_38,595,599,
10444,2,43000000,0,user_2,580,599,
14754,0,43000000,0,user_39,597,599,
11448,3,30000000,11200,user_33,585,599,
15232,4,29999999,0,builder_18,598,598,11448
13118,9,30000000,0,user_41,591,599,
11969,8,30000000,0,user_45,587,599,
10484,6,30000000,0,user_34,580,599,
11457,5,30000000,0,user_47,585,599,
11715,7,30000000,0,user_46,586,599,
13929,10,30000000,0,user_32,594,599,
15233,11,27000001,0,builder_18,598,598,12221
12221,12,27000000,779000,user_37,588,599,
14173,24,27000001,0,user_7,595,599,12221
14164,25,27000001,0,user_0,595,599,12221
14171,26,27000001,0,user_5,595,599,12221
14453,15,27000001,0,user_8,596,599,12221
14711,14,27000001,0,user_1,597,599,12221
13075,21,27000001,0,user_0,591,599,12221
13091,22,27000001,0,user_15,591,599,12221
13101,23,27000001,0,user_25,591,599,12221
13653,16,27000001,0,user_10,593,599,12221
12494,18,27000001,0,user_20,589,599,12221
12783,20,27000001,0,user_0,590,599,12221
12796,19,27000001,0,user_11,590,599,12221
13921,17,27000001,0,user_20,594,599,12221
14731,13,27000001,0,user_17,597,599,12221
13115,31,27000000,0,user_38,591,599,
10988,29,27000000,0,user_40,583,599,
10747,28,27000000,0,user_41,582,599,
11455,27,27000000,0,user_46,585,599,
11710,30,27000000,0,user_42,586,599,
14178,41,26999999,0,user_12,595,599,12221
14177,40,26999999,0,user_11,595,599,12221
14719,33,26999999,0,user_7,597,599,12221
13087,37,26999999,0,user_11,591,599,12221
13099,38,26999999,0,user_23,591,599,12221
13380,39,26999999,0,user_14,592,599,12221
13666,34,26999999,0,user_19,593,599,12221
12482,35,26999999,0,user_11,589,599,12221
12785,36,26999999,0,user_0,590,599,12221
10588,46,19000000,13900,user_43,581,599,
15234,42,18999999,0,builder_18,598,598,10588
14488,48,19000000,0,user_49,596,599,
13406,51,19000000,0,user_41,592,599,
11960,50,19000000,0,user_38,587,599,
12830,49,19000000,0,user_45,590,599,
15235,47,73001,0,builder_18,598,598,13117
13117,52,73000,17700000,user_40,591,599,
10450,54,6300000,155000,user_8,580,599,
15236,50,6299999,0,builder_18,598,598,10450
15237,51,6300001,0,builder_18,598,598,10986
10986,57,6300000,146000,user_39,583,599,
11192,58,6300001,0,user_3,584,599,10986
11193,60,6300001,0,user_6,584,599,10450
10473,63,6300001,0,user_23,580,599,10450
10476,64,6300001,0,user_23,580,599,10450
10477,65,6300001,0,user_24,580,599,10450
10572,62,6300001,0,user_25,581,599,10450
10569,61,6300001,0,user_20,581,599,10450
11196,59,6300001,0,user_9,584,599,10986
10478,66,6300001,0,user_25,580,599,10450
13395,75,6300000,0,user_31,592,599,
10973,74,6300000,0,user_29,583,599,
11216,69,6300000,0,user_32,584,599,
10453,71,6300000,0,user_12,580,599,
10456,72,6300000,0,user_15,580,599,
10468,70,6300000,0,user_20,580,599,
10740,73,6300000,0,user_34,582,599,
13693,68,6300000,0,user_47,593,599,
14746,67,6300000,0,user_33,597,599,
11207,77,6299999,0,user_20,584,599,10450
11197,76,6299999,0,user_10,584,599,10450
10474,79,6299999,0,user_23,580,599,10450
10475,80,6299999,0,user_23,580,599,10450
10562,78,6299999,0,user_13,581,599,10450
10725,81,6299999,0,user_18,582,599,10450
10729,82,6299999,0,user_24,582,599,10450
10943,83,6299999,0,user_1,583,599,10450
15238,79,5200001,0,builder_18,598,598,14765
14765,85,5200000,959000,user_46,597,599,
15239,81,6100001,0,builder_18,598,598,12227
12227,87,6100000,8520,user_49,588,599,
10975,90,6100000,0,user_31,583,599,
11001,89,6100000,0,user_44,583,599,
10497,88,6100000,0,user_45,580,599,
13942,91,6100000,0,user_40,594,599,
15240,87,5000001,0,builder_18,598,598,13945
13945,92,5000000,594000,user_43,594,599,
13925,95,5200000,285000,user_27,594,599,
15241,90,5199999,0,builder_18,598,598,13925
14982,96,5200001,0,user_14,598,599,14765
14976,97,5200001,0,user_9,598,599,14765
14481,99,5200000,0,user_45,596,599,
14970,94,5199999,0,user_1,598,598,14765
14974,95,5199999,0,user_7,598,598,14765
14986,96,5199999,0,user_20,598,598,14765
14757,97,5000000,68100,user_41,597,598,
15242,98,4999999,0,builder_18,598,598,14757
15243,99,5000001,0,builder_18,598,598,10585
14754,0,43000000,0,user_39,597,599,
14205,1,43000000,0,user_38,595,599,
10444,2,43000000,0,user_2,580,599,
11448,3,30000000,11200,user_33,585,599,
15498,4,29999999,0,builder_18,599,599,11448
11457,5,30000000,0,user_47,585,599,
10484,6,30000000,0,user_34,580,599,
11715,7,30000000,0,user_46,586,599,
11969,8,30000000,0,user_45,587,599,
13118,9,30000000,0,user_41,591,599,
13929,10,30000000,0,user_32,594,599,
15499,11,27000001,0,builder_18,599,599,12221
12221,12,27000000,779000,user_37,588,599,
14731,13,27000001,0,user_17,597,599,12221
14711,14,27000001,0,user_1,597,599,12221
14453,15,27000001,0,user_8,596,599,12221
13653,16,27000001,0,user_10,593,599,12221
13921,17,27000001,0,user_20,594,599,12221
12494,18,27000001,0,user_20,589,599,12221
12796,19,27000001,0,user_11,590,599,12221
12783,20,27000001,0,user_0,590,599,12221
13075,21,27000001,0,user_0,591,599,12221
13091,22,27000001,0,user_15,591,599,12221
13101,23,27000001,0,user_25,591,599,12221
14173,24,27000001,0,user_7,595,599,12221
14164,25,27000001,0,user_0,595,599,12221
14171,26,27000001,0,user_5,595,599,12221
11455,27,27000000,0,user_46,585,599,
10747,28,27000000,0,user_41,582,599,
10988,29,27000000,0,user_40,583,599,
11710,30,27000000,0,user_42,586,599,
13115,31,27000000,0,user_38,591,599,
15285,32,27000000,0,user_34,599,599,
14719,33,26999999,0,user_7,597,599,12221
13666,34,26999999,0,user_19,593,599,12221
12482,35,26999999,0,user_11,589,599,12221
12785,36,26999999,0,user_0,590,599,12221
13087,37,26999999,0,user_11,591,599,12221
13099,38,26999999,0,user_23,591,599,12221
13380,39,26999999,0,user_14,592,599,12221
14177,40,26999999,0,user_11,595,599,12221
14178,41,26999999,0,user_12,595,599,12221
15256,42,26999999,0,user_9,599,599,12221
15257,43,26999999,0,user_9,599,599,12221
15293,44,19000000,283000,user_42,599,599,
15500,45,18999999,0,builder_18,599,599,15293
10588,46,19000000,13900,user_43,581,599,
15501,47,18999999,0,builder_18,599,599,10588
14488,48,19000000,0,user_49,596,599,
12830,49,19000000,0,user_45,590,599,
11960,50,19000000,0,user_38,587,599,
13406,51,19000000,0,user_41,592,599,
13117,52,73000,17700000,user_40,591,599,
15502,53,72999,0,builder_18,599,599,13117
10450,54,6300000,155000,user_8,580,599,
15503,55,6299999,0,builder_18,599,599,10450
15504,56,6300001,0,builder_18,599,599,10986
10986,57,6300000,146000,user_39,583,599,
11192,58,6300001,0,user_3,584,599,10986
11196,59,6300001,0,user_9,584,599,10986
11193,60,6300001,0,user_6,584,599,10450
10569,61,6300001,0,user_20,581,599,10450
10572,62,6300001,0,user_25,581,599,10450
10473,63,6300001,0,user_23,580,599,10450
10476,64,6300001,0,user_23,580,599,10450
10477,65,6300001,0,user_24,580,599,10450
10478,66,6300001,0,user_25,580,599,10450
14746,67,6300000,0,user_33,597,599,
13693,68,6300000,0,user_47,593,599,
11216,69,6300000,0,user_32,584,599,
10468,70,6300000,0,user_20,580,599,
10453,71,6300000,0,user_12,580,599,
10456,72,6300000,0,user_15,580,599,
10740,73,6300000,0,user_34,582,599,
10973,74,6300000,0,user_29,583,599,
13395,75,6300000,0,user_31,592,599,
11197,76,6299999,0,user_10,584,599,10450
11207,77,6299999,0,user_20,584,599,10450
10562,78,6299999,0,user_13,581,599,10450
10474,79,6299999,0,user_23,580,599,10450
10475,80,6299999,0,user_23,580,599,10450
10725,81,6299999,0,user_18,582,599,10450
10729,82,6299999,0,user_24,582,599,10450
10943,83,6299999,0,user_1,583,599,10450
15505,84,5200001,0,builder_18,599,599,14765
14765,85,5200000,959000,user_46,597,599,
15506,86,6100001,0,builder_18,599,599,12227
12227,87,6100000,8520,user_49,588,599,
10497,88,6100000,0,user_45,580,599,
11001,89,6100000,0,user_44,583,599,
10975,90,6100000,0,user_31,583,599,
13942,91,6100000,0,user_40,594,599,
13945,92,5000000,594000,user_43,594,599,
15507,93,4999999,0,builder_18,599,599,13945
15508,94,5200001,0,builder_18,599,599,13925
13925,95,5200000,285000,user_27,594,599,
14982,96,5200001,0,user_14,598,599,14765
14976,97,5200001,0,user_9,598,599,14765
15245,98,5200001,0,user_3,599,599,14765
14481,99,5200000,0,user_45,596,599,
10444,2,43000000,0,user_2,600,619,
10484,6,30000000,0,user_34,600,619,
10450,54,6300000,155000,user_8,600,619,
10547,3,6299999,0,builder_18,600,600,10450
10473,63,6300001,0,user_23,600,619,10450
10476,64,6300001,0,user_23,600,619,10450
10477,65,6300001,0,user_24,600,619,10450
10478,66,6300001,0,user_25,600,619,10450
10453,71,6300000,0,user_12,600,619,
10468,70,6300000,0,user_20,600,619,
10456,72,6300000,0,user_15,600,619,
10474,79,6299999,0,user_23,600,619,10450
10475,80,6299999,0,user_23,600,619,10450
10497,88,6100000,0,user_45,600,619,
10445,98,5000000,0,user_4,600,617,
10462,99,5000000,0,user_17,600,617,
10448,98,4500000,0,user_6,600,615,
10455,99,2500000,0,user_14,600,612,
10485,92,2500000,0,user_34,600,611,
10465,94,2300000,0,user_17,600,611,
10454,99,2000000,0,user_13,600,610,
10494,94,2000000,0,user_42,600,609,
10548,22,1800001,0,builder_18,600,600,10496
10496,88,1800000,128000,user_44,600,608,
10493,94,1600000,0,user_42,600,606,
10490,92,1500000,0,user_41,600,605,
10460,96,1400000,0,user_16,600,605,
10469,90,1100000,0,user_21,600,604,
10481,92,970000,0,user_32,600,603,
10492,94,910000,0,user_42,600,603,
10461,96,870000,0,user_16,600,603,
10500,99,530000,11200,user_48,600,603,
10549,32,529999,0,builder_18,600,600,10500
10498,81,420000,67500,user_46,600,602,
10550,34,419999,0,builder_18,600,600,10498
10452,83,460000,0,user_10,600,602,
10495,84,460000,0,user_42,600,602,
10551,37,79001,0,builder_18,600,600,10480
10480,62,79000,296000,user_32,600,601,
10443,63,320000,0,user_1,600,601,
10458,64,310000,0,user_16,600,601,
10464,65,300000,0,user_17,600,601,
10491,66,300000,0,user_42,600,601,
10466,67,260000,0,user_18,600,601,
10499,69,220000,0,user_47,600,601,
10447,70,170000,0,user_5,600,601,
10488,72,170000,0,user_39,600,601,
10472,71,170000,0,user_22,600,601,
10457,75,160000,0,user_16,600,601,
10451,79,160000,0,user_9,600,601,
10463,77,160000,0,user_17,600,601,
10489,78,160000,0,user_40,600,601,
10482,76,160000,0,user_32,600,601,
10483,81,130000,0,user_32,600,601,
10459,82,120000,0,user_16,600,601,
10471,83,120000,0,user_22,600,601,
10449,88,87000,0,user_7,600,601,
10470,90,80000,0,user_21,600,601,
10487,89,80000,0,user_37,600,601,
10446,59,73000,0,user_4,600,600,
10444,2,43000000,0,user_2,600,619,
10484,6,30000000,0,user_34,600,619,
10699,2,6300001,0,builder_18,601,601,10450
10450,54,6300000,155000,user_8,600,619,
10473,63,6300001,0,user_23,600,619,10450
10476,64,6300001,0,user_23,600,619,10450
10477,65,6300001,0,user_24,600,619,10450
10478,66,6300001,0,user_25,600,619,10450
10569,61,6300001,0,user_20,601,619,10450
10572,62,6300001,0,user_25,601,619,10450
10453,71,6300000,0,user_12,600,619,
10468,70,6300000,0,user_20,600,619,
10456,72,6300000,0,user_15,600,619,
10474,79,6299999,0,user_23,600,619,10450
10475,80,6299999,0,user_23,600,619,10450
10562,78,6299999,0,user_13,601,619,10450
10497,88,6100000,0,user_45,600,619,
10445,98,5000000,0,user_4,600,617,
10462,99,5000000,0,user_17,600,617,
10448,98,4500000,0,user_6,600,615,
10575,96,3200000,0,user_27,601,613,
10455,99,2500000,0,user_14,600,612,
10485,92,2500000,0,user_34,600,611,
10465,94,2300000,0,user_17,600,611,
10586,91,2100000,0,user_41,601,610,
10454,99,2000000,0,user_13,600,610,
10494,94,2000000,0,user_42,600,609,
10496,88,1800000,128000,user_44,600,608,
10700,28,1799999,0,builder_18,601,601,10496
10565,96,1800001,0,user_16,601,608,10496
10554,97,1799999,0,user_2,601,608,10496
10558,98,1799999,0,user_10,601,608,10496
10566,89,1799999,0,user_17,601,607,10496
10493,94,1600000,0,user_42,600,606,
10579,95,1600000,0,user_33,601,606,
10490,92,1500000,0,user_41,600,605,
10701,36,1400001,0,builder_18,601,601,10580
10580,95,1400000,6390,user_34,601,605,
10460,96,1400000,0,user_16,600,605,
10577,99,1000000,381000,user_29,601,605,
10702,40,999999,0,builder_18,601,601,10577
10469,90,1100000,0,user_21,600,604,
10486,85,1000000,0,user_35,600,603,
10481,92,970000,0,user_32,600,603,
10492,94,910000,0,user_42,600,603,
10578,95,910000,0,user_32,601,603,
10461,96,870000,0,user_16,600,603,
10582,97,630000,0,user_36,601,603,
10500,99,530000,11200,user_48,600,603,
10703,49,529999,0,builder_18,601,601,10500
10563,77,530001,0,user_14,601,602,10500
10571,78,530001,0,user_24,601,602,10500
10567,79,529999,0,user_18,601,602,10500
10704,53,420001,0,builder_18,601,601,10498
10498,81,420000,67500,user_46,600,602,
10452,83,460000,0,user_10,600,602,
10495,84,460000,0,user_42,600,602,
10564,85,420001,0,user_15,601,602,10498
10573,86,420001,0,user_26,601,602,10498
10705,59,340001,0,builder_18,601,601,10589
10589,60,340000,60700,user_47,601,601,
10706,61,79001,0,builder_18,601,601,10480
10480,62,79000,296000,user_32,600,601,
10443,63,320000,0,user_1,600,601,
10458,64,310000,0,user_16,600,601,
10464,65,300000,0,user_17,600,601,
10491,66,300000,0,user_42,600,601,
10466,67,260000,0,user_18,600,601,
10504,68,240000,0,user_49,600,601,
10499,69,220000,0,user_47,600,601,
10447,70,170000,0,user_5,600,601,
10472,71,170000,0,user_22,600,601,
10488,72,170000,0,user_39,600,601,
10501,73,170000,0,user_49,600,601,
10479,74,160000,0,user_28,600,601,
10457,75,160000,0,user_16,600,601,
10482,76,160000,0,user_32,600,601,
10463,77,160000,0,user_17,600,601,
10489,78,160000,0,user_40,600,601,
10451,79,160000,0,user_9,600,601,
10505,80,150000,0,user_49,600,601,
10483,81,130000,0,user_32,600,601,
10459,82,120000,0,user_16,600,601,
10471,83,120000,0,user_22,600,601,
10502,84,120000,0,user_49,600,601,
10584,85,120000,0,user_37,601,601,
10574,86,110000,0,user_27,601,601,
10583,87,98000,0,user_36,601,601,
10449,88,87000,0,user_7,600,601,
10487,89,80000,0,user_37,600,601,
10470,90,80000,0,user_21,600,601,
10555,91,79001,0,user_3,601,601,10480
10561,92,79001,0,user_11,601,601,10480
10557,93,79001,0,user_10,601,601,10480
10552,94,78999,0,user_1,601,601,10480
10553,95,78999,0,user_2,601,601,10480
10560,96,78999,0,user_11,601,601,10480
10559,97,78999,0,user_10,601,601,10480
10570,98,78999,0,user_21,601,601,10480
10556,99,78999,0,user_9,601,601,10480
10444,2,43000000,0,user_2,600,619,
10484,6,30000000,0,user_34,600,619,
10747,28,27000000,0,user_41,602,619,
10915,3,19000001,0,builder_16,602,602,10588
10588,46,19000000,13900,user_43,601,619,
10916,5,6300001,0,builder_16,602,602,10450
10450,54,6300000,155000,user_8,600,619,
10473,63,6300001,0,user_23,600,619,10450
10476,64,6300001,0,user_23,600,619,10450
10477,65,6300001,0,user_24,600,619,10450
10478,66,6300001,0,user_25,600,619,10450
10569,61,6300001,0,user_20,601,619,10450
10572,62,6300001,0,user_25,601,619,10450
10453,71,6300000,0,user_12,600,619,
10468,70,6300000,0,user_20,600,619,
10456,72,6300000,0,user_15,600,619,
10740,73,6300000,0,user_34,602,619,
10474,79,6299999,0,user_23,600,619,10450
10475,80,6299999,0,user_23,600,619,10450
10562,78,6299999,0,user_13,601,619,10450
10725,81,6299999,0,user_18,602,619,10450
10729,82,6299999,0,user_24,602,619,10450
10497,88,6100000,0,user_45,600,619,
10917,23,5000001,0,builder_16,602,602,10585
10585,94,5000000,6390,user_38,601,617,
10445,98,5000000,0,user_4,600,617,
10462,99,5000000,0,user_17,600,617,
10748,88,5000000,0,user_41,602,616,
10742,87,5000000,0,user_36,602,616,
10448,98,4500000,0,user_6,600,615,
10576,97,4500000,0,user_28,601,615,
10575,96,3200000,0,user_27,601,613,
10455,99,2500000,0,user_14,600,612,
10485,92,2500000,0,user_34,600,611,
10465,94,2300000,0,user_17,600,611,
10586,91,2100000,0,user_41,601,610,
10454,99,2000000,0,user_13,600,610,
10494,94,2000000,0,user_42,600,609,
10737,95,2000000,0,user_32,602,609,
10496,88,1800000,128000,user_44,600,608,
10918,40,1799999,0,builder_16,602,602,10496
10565,96,1800001,0,user_16,601,608,10496
10732,95,1800001,0,user_26,602,608,10496
10554,97,1799999,0,user_2,601,608,10496
10558,98,1799999,0,user_10,601,608,10496
10566,89,1799999,0,user_17,601,607,10496
10710,99,1799999,0,user_2,602,608,10496
10493,94,1600000,0,user_42,600,606,
10579,95,1600000,0,user_33,601,606,
10754,96,1600000,0,user_46,602,606,
10490,92,1500000,0,user_41,600,605,
10739,91,1500000,0,user_32,602,605,
10919,52,1400001,0,builder_16,602,602,10580
10580,95,1400000,6390,user_34,601,605,
10460,96,1400000,0,user_16,600,605,
10577,99,1000000,381000,user_29,601,605,
10920,56,999999,0,builder_16,602,602,10577
10469,90,1100000,0,user_21,600,604,
10590,89,1100000,0,user_49,601,604,
10711,95,1000001,0,user_3,602,604,10577
10722,96,1000001,0,user_14,602,604,10577
10727,98,1000001,0,user_22,602,604,10577
10721,94,1000001,0,user_13,602,604,10577
10726,97,1000001,0,user_21,602,604,10577
10486,85,1000000,0,user_35,600,603,
10587,86,1000000,0,user_43,601,603,
10716,88,999999,0,user_9,602,603,10577
10718,87,999999,0,user_10,602,603,10577
10723,89,999999,0,user_15,602,603,10577
10481,92,970000,0,user_32,600,603,
10492,94,910000,0,user_42,600,603,
10578,95,910000,0,user_32,601,603,
10461,96,870000,0,user_16,600,603,
10582,97,630000,0,user_36,601,603,
10753,98,600000,0,user_46,602,603,
10921,75,530001,0,builder_16,602,602,10500
10500,99,530000,11200,user_48,600,603,
10563,77,530001,0,user_14,601,602,10500
10571,78,530001,0,user_24,601,602,10500
10567,79,529999,0,user_18,601,602,10500
10922,80,420001,0,builder_16,602,602,10498
10498,81,420000,67500,user_46,600,602,
10750,82,470000,0,user_45,602,602,
10452,83,460000,0,user_10,600,602,
10495,84,460000,0,user_42,600,602,
10564,85,420001,0,user_15,601,602,10498
10573,86,420001,0,user_26,601,602,10498
10730,87,420001,0,user_24,602,602,10498
10568,88,419999,0,user_19,601,602,10498
10712,89,419999,0,user_4,602,602,10498
10717,90,419999,0,user_9,602,602,10498
10708,91,419999,0,user_2,602,602,10498
10709,92,419999,0,user_2,602,602,10498
10719,93,419999,0,user_11,602,602,10498
10713,94,419999,0,user_6,602,602,10498
10724,95,419999,0,user_17,602,602,10498
10715,96,419999,0,user_7,602,602,10498
10728,97,419999,0,user_23,602,602,10498
10731,98,419999,0,user_24,602,602,10498
10923,99,340001,0,builder_16,602,602,10589
10444,2,43000000,0,user_2,600,619,
10484,6,30000000,0,user_34,600,619,
10747,28,27000000,0,user_41,602,619,
10988,29,27000000,0,user_40,603,619,
11161,4,19000001,0,builder_16,603,603,10588
10588,46,19000000,13900,user_43,601,619,
10450,54,6300000,155000,user_8,600,619,
11162,7,6299999,0,builder_16,603,603,10450
11163,8,6300001,0,builder_16,603,603,10986
10986,57,6300000,146000,user_39,603,619,
10473,63,6300001,0,user_23,600,619,10450
10476,64,6300001,0,user_23,600,619,10450
10477,65,6300001,0,user_24,600,619,10450
10478,66,6300001,0,user_25,600,619,10450
10569,61,6300001,0,user_20,601,619,10450
10572,62,6300001,0,user_25,601,619,10450
10453,71,6300000,0,user_12,600,619,
10468,70,6300000,0,user_20,600,619,
10456,72,6300000,0,user_15,600,619,
10740,73,6300000,0,user_34,602,619,
10973,74,6300000,0,user_29,603,619,
10474,79,6299999,0,user_23,600,619,10450
10475,80,6299999,0,user_23,600,619,10450
10562,78,6299999,0,user_13,601,619,10450
10725,81,6299999,0,user_18,602,619,10450
10943,83,6299999,0,user_1,603,619,10450
10729,82,6299999,0,user_24,602,619,10450
10497,88,6100000,0,user_45,600,619,
11001,89,6100000,0,user_44,603,619,
10585,94,5000000,6390,user_38,601,617,
11164,30,4999999,0,builder_16,603,603,10585
10445,98,5000000,0,user_4,600,617,
10462,99,5000000,0,user_17,600,617,
10749,96,5000000,0,user_43,602,617,
10742,87,5000000,0,user_36,602,616,
10748,88,5000000,0,user_41,602,616,
10448,98,4500000,0,user_6,600,615,
10576,97,4500000,0,user_28,601,615,
10575,96,3200000,0,user_27,601,613,
10455,99,2500000,0,user_14,600,612,
10485,92,2500000,0,user_34,600,611,
10465,94,2300000,0,user_17,600,611,
10984,95,2300000,0,user_37,603,611,
10586,91,2100000,0,user_41,601,610,
10733,93,2000000,49100,user_27,602,610,
11165,45,1999999,0,builder_16,603,603,10733
10454,99,2000000,0,user_13,600,610,
10494,94,2000000,0,user_42,600,609,
10737,95,2000000,0,user_32,602,609,
11000,95,2000000,0,user_44,603,610,
10991,96,2000000,0,user_40,603,610,
10996,97,2000000,0,user_41,603,610,
10496,88,1800000,128000,user_44,600,608,
11166,53,1799999,0,builder_16,603,603,10496
10995,90,1900000,0,user_41,603,608,
10565,96,1800001,0,user_16,601,608,10496
10732,95,1800001,0,user_26,602,608,10496
10554,97,1799999,0,user_2,601,608,10496
10558,98,1799999,0,user_10,601,608,10496
10566,89,1799999,0,user_17,601,607,10496
10710,99,1799999,0,user_2,602,608,10496
10947,92,1799999,0,user_6,603,607,10496
10493,94,1600000,0,user_42,600,606,
10579,95,1600000,0,user_33,601,606,
10754,96,1600000,0,user_46,602,606,
10490,92,1500000,0,user_41,600,605,
10739,91,1500000,0,user_32,602,605,
10994,93,1500000,0,user_41,603,605,
11167,68,1400001,0,builder_16,603,603,10580
10580,95,1400000,6390,user_34,601,605,
10460,96,1400000,0,user_16,600,605,
10577,99,1000000,381000,user_29,601,605,
11168,72,999999,0,builder_16,603,603,10577
10997,83,1300000,0,user_41,603,604,
10469,90,1100000,0,user_21,600,604,
10590,89,1100000,0,user_49,601,604,
10989,91,1100000,0,user_40,603,604,
11169,77,1000001,0,builder_16,603,603,10980
10980,93,1000000,15700,user_33,603,604,
10711,95,1000001,0,user_3,602,604,10577
10722,96,1000001,0,user_14,602,604,10577
10726,97,1000001,0,user_21,602,604,10577
10721,94,1000001,0,user_13,602,604,10577
10727,98,1000001,0,user_22,602,604,10577
10945,99,1000001,0,user_3,603,604,10577
10486,85,1000000,0,user_35,600,603,
10587,86,1000000,0,user_43,601,603,
10718,87,999999,0,user_10,602,603,10577
10716,88,999999,0,user_9,602,603,10577
10723,89,999999,0,user_15,602,603,10577
10955,90,999999,0,user_11,603,603,10577
10957,91,999999,0,user_12,603,603,10577
10481,92,970000,0,user_32,600,603,
10744,93,970000,0,user_38,602,603,
10492,94,910000,0,user_42,600,603,
10578,95,910000,0,user_32,601,603,
10461,96,870000,0,user_16,600,603,
10582,97,630000,0,user_36,601,603,
10753,98,600000,0,user_46,602,603,
10500,99,530000,11200,user_48,600,603,
10444,2,43000000,0,user_2,600,619,
10484,6,30000000,0,user_34,600,619,
10747,28,27000000,0,user_41,602,619,
10988,29,27000000,0,user_40,603,619,
11383,4,19000001,0,builder_16,604,604,10588
10588,46,19000000,13900,user_43,601,619,
11384,6,6300001,0,builder_16,604,604,10450
10450,54,6300000,155000,user_8,600,619,
10569,61,6300001,0,user_20,601,619,10450
10572,62,6300001,0,user_25,601,619,10450
10473,63,6300001,0,user_23,600,619,10450
10476,64,6300001,0,user_23,600,619,10450
10477,65,6300001,0,user_24,600,619,10450
10478,66,6300001,0,user_25,600,619,10450
11196,59,6300001,0,user_9,604,619,10986
11192,58,6300001,0,user_3,604,619,10986
11193,60,6300001,0,user_6,604,619,10450
10468,70,6300000,0,user_20,600,619,
10453,71,6300000,0,user_12,600,619,
10456,72,6300000,0,user_15,600,619,
10740,73,6300000,0,user_34,602,619,
10973,74,6300000,0,user_29,603,619,
11216,69,6300000,0,user_32,604,619,
10562,78,6299999,0,user_13,601,619,10450
10474,79,6299999,0,user_23,600,619,10450
10475,80,6299999,0,user_23,600,619,10450
10725,81,6299999,0,user_18,602,619,10450
10729,82,6299999,0,user_24,602,619,10450
10943,83,6299999,0,user_1,603,619,10450
11197,76,6299999,0,user_10,604,619,10450
11207,77,6299999,0,user_20,604,619,10450
10497,88,6100000,0,user_45,600,619,
11001,89,6100000,0,user_44,603,619,
10975,90,6100000,0,user_31,603,619,
11385,34,5000001,0,builder_16,604,604,10585
10585,94,5000000,6390,user_38,601,617,
10445,98,5000000,0,user_4,600,617,
10462,99,5000000,0,user_17,600,617,
10748,88,5000000,0,user_41,602,616,
10742,87,5000000,0,user_36,602,616,
10749,96,5000000,0,user_43,602,617,
11226,97,5000000,0,user_45,604,617,
10576,97,4500000,0,user_28,601,615,
10448,98,4500000,0,user_6,600,615,
10575,96,3200000,0,user_27,601,613,
10455,99,2500000,0,user_14,600,612,
10485,92,2500000,0,user_34,600,611,
10465,94,2300000,0,user_17,600,611,
10984,95,2300000,0,user_37,603,611,
11386,49,1200001,0,builder_16,604,604,10985
10985,98,1200000,959000,user_38,603,611,
10586,91,2100000,0,user_41,601,610,
10733,93,2000000,49100,user_27,602,610,
11387,53,1999999,0,builder_16,604,604,10733
10454,99,2000000,0,user_13,600,610,
10494,94,2000000,0,user_42,600,609,
10737,95,2000000,0,user_32,602,609,
11000,95,2000000,0,user_44,603,610,
10991,96,2000000,0,user_40,603,610,
10996,97,2000000,0,user_41,603,610,
10496,88,1800000,128000,user_44,600,608,
11388,61,1799999,0,builder_16,604,604,10496
10995,90,1900000,0,user_41,603,608,
11227,91,1600000,256000,user_46,604,608,
11389,64,1599999,0,builder_16,604,604,11227
10565,96,1800001,0,user_16,601,608,10496
10732,95,1800001,0,user_26,602,608,10496
10558,98,1799999,0,user_10,601,608,10496
10566,89,1799999,0,user_17,601,607,10496
10710,99,1799999,0,user_2,602,608,10496
10554,97,1799999,0,user_2,601,608,10496
10947,92,1799999,0,user_6,603,607,10496
10579,95,1600000,0,user_33,601,606,
10493,94,1600000,0,user_42,600,606,
10754,96,1600000,0,user_46,602,606,
10490,92,1500000,0,user_41,600,605,
10739,91,1500000,0,user_32,602,605,
10994,93,1500000,0,user_41,603,605,
11390,78,1400001,0,builder_16,604,604,10580
10580,95,1400000,6390,user_34,601,605,
10460,96,1400000,0,user_16,600,605,
11391,81,1000001,0,builder_16,604,604,10577
10577,99,1000000,381000,user_29,601,605,
10997,83,1300000,0,user_41,603,604,
11199,84,1200001,0,user_11,604,604,10985
11201,85,1200001,0,user_14,604,604,10985
11200,86,1200001,0,user_12,604,604,10985
11209,87,1199999,0,user_22,604,604,10985
11203,88,1199999,0,user_17,604,604,10985
10590,89,1100000,0,user_49,601,604,
10469,90,1100000,0,user_21,600,604,
10989,91,1100000,0,user_40,603,604,
11392,92,1000001,0,builder_16,604,604,10980
10980,93,1000000,15700,user_33,603,604,
10721,94,1000001,0,user_13,602,604,10577
10711,95,1000001,0,user_3,602,604,10577
10722,96,1000001,0,user_14,602,604,10577
10726,97,1000001,0,user_21,602,604,10577
10727,98,1000001,0,user_22,602,604,10577
10945,99,1000001,0,user_3,603,604,10577
10444,2,43000000,0,user_2,600,619,
11448,3,30000000,11200,user_33,605,619,
11638,2,29999999,0,builder_16,605,605,11448
10484,6,30000000,0,user_34,600,619,
11457,5,30000000,0,user_47,605,619,
10747,28,27000000,0,user_41,602,619,
10988,29,27000000,0,user_40,603,619,
11455,27,27000000,0,user_46,605,619,
11639,8,19000001,0,builder_16,605,605,10588
10588,46,19000000,13900,user_43,601,619,
10450,54,6300000,155000,user_8,600,619,
11640,11,6299999,0,builder_16,605,605,10450
11641,12,6300001,0,builder_16,605,605,10986
10986,57,6300000,146000,user_39,603,619,
10572,62,6300001,0,user_25,601,619,10450
10569,61,6300001,0,user_20,601,619,10450
10473,63,6300001,0,user_23,600,619,10450
10476,64,6300001,0,user_23,600,619,10450
10478,66,6300001,0,user_25,600,619,10450
10477,65,6300001,0,user_24,600,619,10450
11192,58,6300001,0,user_3,604,619,10986
11196,59,6300001,0,user_9,604,619,10986
11193,60,6300001,0,user_6,604,619,10450
10740,73,6300000,0,user_34,602,619,
10468,70,6300000,0,user_20,600,619,
10453,71,6300000,0,user_12,600,619,
10456,72,6300000,0,user_15,600,619,
10973,74,6300000,0,user_29,603,619,
11216,69,6300000,0,user_32,604,619,
10725,81,6299999,0,user_18,602,619,10450
10729,82,6299999,0,user_24,602,619,10450
10943,83,6299999,0,user_1,603,619,10450
10562,78,6299999,0,user_13,601,619,10450
10474,79,6299999,0,user_23,600,619,10450
10475,80,6299999,0,user_23,600,619,10450
11197,76,6299999,0,user_10,604,619,10450
11207,77,6299999,0,user_20,604,619,10450
11001,89,6100000,0,user_44,603,619,
10497,88,6100000,0,user_45,600,619,
10975,90,6100000,0,user_31,603,619,
11642,40,5000001,0,builder_16,605,605,10585
10585,94,5000000,6390,user_38,601,617,
10742,87,5000000,0,user_36,602,616,
10748,88,5000000,0,user_41,602,616,
10749,96,5000000,0,user_43,602,617,
10445,98,5000000,0,user_4,600,617,
10462,99,5000000,0,user_17,600,617,
11226,97,5000000,0,user_45,604,617,
11456,96,4500000,121000,user_46,605,616,
11643,49,4499999,0,builder_16,605,605,11456
10448,98,4500000,0,user_6,600,615,
10576,97,4500000,0,user_28,601,615,
11213,96,4200000,0,user_31,604,614,
10575,96,3200000,0,user_27,601,613,
10455,99,2500000,0,user_14,600,612,
10485,92,2500000,0,user_34,600,611,
11454,98,2500000,0,user_40,605,612,
10984,95,2300000,0,user_37,603,611,
10465,94,2300000,0,user_17,600,611,
11644,59,1200001,0,builder_16,605,605,10985
10985,98,1200000,959000,user_38,603,611,
10586,91,2100000,0,user_41,601,610,
11645,62,2000001,0,builder_16,605,605,10733
10733,93,2000000,49100,user_27,602,610,
10737,95,2000000,0,user_32,602,609,
11000,95,2000000,0,user_44,603,610,
10454,99,2000000,0,user_13,600,610,
10494,94,2000000,0,user_42,600,609,
10991,96,2000000,0,user_40,603,610,
10996,97,2000000,0,user_41,603,610,
11214,98,2000000,0,user_31,604,610,
10496,88,1800000,128000,user_44,600,608,
11646,72,1799999,0,builder_16,605,605,10496
10995,90,1900000,0,user_41,603,608,
11227,91,1600000,256000,user_46,604,608,
11647,75,1599999,0,builder_16,605,605,11227
10732,95,1800001,0,user_26,602,608,10496
10565,96,1800001,0,user_16,601,608,10496
10554,97,1799999,0,user_2,601,608,10496
10558,98,1799999,0,user_10,601,608,10496
10710,99,1799999,0,user_2,602,608,10496
10566,89,1799999,0,user_17,601,607,10496
10947,92,1799999,0,user_6,603,607,10496
11450,93,1600000,39400,user_36,605,607,
11648,84,1599999,0,builder_16,605,605,11450
11430,96,1600001,0,user_15,605,607,11227
11431,95,1600001,0,user_18,605,607,11227
10754,96,1600000,0,user_46,602,606,
10579,95,1600000,0,user_33,601,606,
10493,94,1600000,0,user_42,600,606,
11437,98,1599999,0,user_21,605,606,11227
10739,91,1500000,0,user_32,602,605,
10490,92,1500000,0,user_41,600,605,
10994,93,1500000,0,user_41,603,605,
11649,94,1400001,0,builder_16,605,605,10580
10580,95,1400000,6390,user_34,601,605,
10460,96,1400000,0,user_16,600,605,
11212,97,1400000,0,user_27,604,605,
11650,98,1000001,0,builder_16,605,605,10577
10577,99,1000000,381000,user_29,601,605,
10444,2,43000000,0,user_2,600,619,
11448,3,30000000,11200,user_33,605,619,
11895,2,29999999,0,builder_16,606,606,11448
10484,6,30000000,0,user_34,600,619,
11457,5,30000000,0,user_47,605,619,
11715,7,30000000,0,user_46,606,619,
10988,29,27000000,0,user_40,603,619,
10747,28,27000000,0,user_41,602,619,
11455,27,27000000,0,user_46,605,619,
11710,30,27000000,0,user_42,606,619,
10588,46,19000000,13900,user_43,601,619,
11896,11,18999999,0,builder_16,606,606,10588
11897,12,6300001,0,builder_16,606,606,10450
10450,54,6300000,155000,user_8,600,619,
11898,14,6300001,0,builder_16,606,606,10986
10986,57,6300000,146000,user_39,603,619,
10473,63,6300001,0,user_23,600,619,10450
10476,64,6300001,0,user_23,600,619,10450
10477,65,6300001,0,user_24,600,619,10450
10478,66,6300001,0,user_25,600,619,10450
10569,61,6300001,0,user_20,601,619,10450
10572,62,6300001,0,user_25,601,619,10450
11192,58,6300001,0,user_3,604,619,10986
11193,60,6300001,0,user_6,604,619,10450
11196,59,6300001,0,user_9,604,619,10986
10973,74,6300000,0,user_29,603,619,
10453,71,6300000,0,user_12,600,619,
10468,70,6300000,0,user_20,600,619,
10456,72,6300000,0,user_15,600,619,
10740,73,6300000,0,user_34,602,619,
11216,69,6300000,0,user_32,604,619,
10943,83,6299999,0,user_1,603,619,10450
11197,76,6299999,0,user_10,604,619,10450
11207,77,6299999,0,user_20,604,619,10450
10474,79,6299999,0,user_23,600,619,10450
10475,80,6299999,0,user_23,600,619,10450
10562,78,6299999,0,user_13,601,619,10450
10725,81,6299999,0,user_18,602,619,10450
10729,82,6299999,0,user_24,602,619,10450
11001,89,6100000,0,user_44,603,619,
10975,90,6100000,0,user_31,603,619,
10497,88,6100000,0,user_45,600,619,
10585,94,5000000,6390,user_38,601,617,
11899,43,4999999,0,builder_16,606,606,10585
10749,96,5000000,0,user_43,602,617,
11226,97,5000000,0,user_45,604,617,
10445,98,5000000,0,user_4,600,617,
10462,99,5000000,0,user_17,600,617,
10742,87,5000000,0,user_36,602,616,
10748,88,5000000,0,user_41,602,616,
11709,86,5000000,0,user_40,606,616,
11900,51,4500001,0,builder_16,606,606,11456
11456,96,4500000,121000,user_46,605,616,
10448,98,4500000,0,user_6,600,615,
10576,97,4500000,0,user_28,601,615,
11446,96,4500000,0,user_31,605,615,
11213,96,4200000,0,user_31,604,614,
10575,96,3200000,0,user_27,601,613,
11716,93,2600000,0,user_47,606,612,
10455,99,2500000,0,user_14,600,612,
10485,92,2500000,0,user_34,600,611,
11454,98,2500000,0,user_40,605,612,
10984,95,2300000,0,user_37,603,611,
10465,94,2300000,0,user_17,600,611,
10985,98,1200000,959000,user_38,603,611,
11901,65,1199999,0,builder_16,606,606,10985
10586,91,2100000,0,user_41,601,610,
10733,93,2000000,49100,user_27,602,610,
11902,68,1999999,0,builder_16,606,606,10733
11000,95,2000000,0,user_44,603,610,
10991,96,2000000,0,user_40,603,610,
10996,97,2000000,0,user_41,603,610,
10454,99,2000000,0,user_13,600,610,
10494,94,2000000,0,user_42,600,609,
10737,95,2000000,0,user_32,602,609,
11214,98,2000000,0,user_31,604,610,
11903,76,1800001,0,builder_16,606,606,10496
10496,88,1800000,128000,user_44,600,608,
10995,90,1900000,0,user_41,603,608,
11227,91,1600000,256000,user_46,604,608,
11904,80,1599999,0,builder_16,606,606,11227
10565,96,1800001,0,user_16,601,608,10496
10732,95,1800001,0,user_26,602,608,10496
10947,92,1799999,0,user_6,603,607,10496
10554,97,1799999,0,user_2,601,608,10496
10558,98,1799999,0,user_10,601,608,10496
10566,89,1799999,0,user_17,601,607,10496
10710,99,1799999,0,user_2,602,608,10496
11905,88,1600001,0,builder_16,606,606,11450
11450,93,1600000,39400,user_36,605,607,
11430,96,1600001,0,user_15,605,607,11227
11431,95,1600001,0,user_18,605,607,11227
11679,97,1600001,0,user_1,606,607,11227
11688,98,1600001,0,user_11,606,607,11227
10493,94,1600000,0,user_42,600,606,
10579,95,1600000,0,user_33,601,606,
10754,96,1600000,0,user_46,602,606,
11704,97,1600000,0,user_29,606,606,
11437,98,1599999,0,user_21,605,606,11227
11433,99,1599999,0,user_19,605,606,11227
10444,2,43000000,0,user_2,600,619,
11448,3,30000000,11200,user_33,605,619,
12166,2,29999999,0,builder_18,607,607,11448
11457,5,30000000,0,user_47,605,619,
10484,6,30000000,0,user_34,600,619,
11715,7,30000000,0,user_46,606,619,
11969,8,30000000,0,user_45,607,619,
11455,27,27000000,0,user_46,605,619,
10747,28,27000000,0,user_41,602,619,
10988,29,27000000,0,user_40,603,619,
11710,30,27000000,0,user_42,606,619,
10588,46,19000000,13900,user_43,601,619,
12167,12,18999999,0,builder_18,607,607,10588
12168,13,6300001,0,builder_18,607,607,10450
10450,54,6300000,155000,user_8,600,619,
12169,15,6300001,0,builder_18,607,607,10986
10986,57,6300000,146000,user_39,603,619,
11192,58,6300001,0,user_3,604,619,10986
11196,59,6300001,0,user_9,604,619,10986
11193,60,6300001,0,user_6,604,619,10450
10569,61,6300001,0,user_20,601,619,10450
10572,62,6300001,0,user_25,601,619,10450
10473,63,6300001,0,user_23,600,619,10450
10476,64,6300001,0,user_23,600,619,10450
10477,65,6300001,0,user_24,600,619,10450
10478,66,6300001,0,user_25,600,619,10450
11216,69,6300000,0,user_32,604,619,
10468,70,6300000,0,user_20,600,619,
10453,71,6300000,0,user_12,600,619,
10456,72,6300000,0,user_15,600,619,
10740,73,6300000,0,user_34,602,619,
10973,74,6300000,0,user_29,603,619,
11197,76,6299999,0,user_10,604,619,10450
11207,77,6299999,0,user_20,604,619,10450
10562,78,6299999,0,user_13,601,619,10450
10474,79,6299999,0,user_23,600,619,10450
10475,80,6299999,0,user_23,600,619,10450
10725,81,6299999,0,user_18,602,619,10450
10729,82,6299999,0,user_24,602,619,10450
10943,83,6299999,0,user_1,603,619,10450
10497,88,6100000,0,user_45,600,619,
11001,89,6100000,0,user_44,603,619,
10975,90,6100000,0,user_31,603,619,
12170,43,5000001,0,builder_18,607,607,10585
10585,94,5000000,6390,user_38,601,617,
11226,97,5000000,0,user_45,604,617,
10445,98,5000000,0,user_4,600,617,
10462,99,5000000,0,user_17,600,617,
10748,88,5000000,0,user_41,602,616,
10742,87,5000000,0,user_36,602,616,
10749,96,5000000,0,user_43,602,617,
11709,86,5000000,0,user_40,606,616,
11456,96,4500000,121000,user_46,605,616,
12171,53,4499999,0,builder_18,607,607,11456
11446,96,4500000,0,user_31,605,615,
10576,97,4500000,0,user_28,601,615,
10448,98,4500000,0,user_6,600,615,
11213,96,4200000,0,user_31,604,614,
10575,96,3200000,0,user_27,601,613,
11959,95,3200000,0,user_36,607,613,
11716,93,2600000,0,user_47,606,612,
11954,99,2600000,0,user_33,607,613,
11454,98,2500000,0,user_40,605,612,
10455,99,2500000,0,user_14,600,612,
10485,92,2500000,0,user_34,600,611,
10465,94,2300000,0,user_17,600,611,
10984,95,2300000,0,user_37,603,611,
10985,98,1200000,959000,user_38,603,611,
12172,68,1199999,0,builder_18,607,607,10985
10586,91,2100000,0,user_41,601,610,
12173,70,2000001,0,builder_18,607,607,10733
10733,93,2000000,49100,user_27,602,610,
11214,98,2000000,0,user_31,604,610,
10454,99,2000000,0,user_13,600,610,
10494,94,2000000,0,user_42,600,609,
10737,95,2000000,0,user_32,602,609,
11000,95,2000000,0,user_44,603,610,
10991,96,2000000,0,user_40,603,610,
10996,97,2000000,0,user_41,603,610,
12174,79,1800001,0,builder_18,607,607,10496
10496,88,1800000,128000,user_44,600,608,
10995,90,1900000,0,user_41,603,608,
12175,82,1600001,0,builder_18,607,607,11227
11227,91,1600000,256000,user_46,604,608,
12176,84,1300001,0,builder_18,607,607,11955
11955,94,1300000,510000,user_34,607,608,
10565,96,1800001,0,user_16,601,608,10496
10732,95,1800001,0,user_26,602,608,10496
10558,98,1799999,0,user_10,601,608,10496
10566,89,1799999,0,user_17,601,607,10496
10710,99,1799999,0,user_2,602,608,10496
10554,97,1799999,0,user_2,601,608,10496
10947,92,1799999,0,user_6,603,607,10496
11450,93,1600000,39400,user_36,605,607,
12177,94,1599999,0,builder_18,607,607,11450
11431,95,1600001,0,user_18,605,607,11227
11430,96,1600001,0,user_15,605,607,11227
11679,97,1600001,0,user_1,606,607,11227
11688,98,1600001,0,user_11,606,607,11227
11930,99,1600001,0,user_4,607,607,11227
10444,2,43000000,0,user_2,600,619,
11448,3,30000000,11200,user_33,605,619,
12451,2,29999999,0,builder_18,608,608,11448
11457,5,30000000,0,user_47,605,619,
11715,7,30000000,0,user_46,606,619,
11969,8,30000000,0,user_45,607,619,
10484,6,30000000,0,user_34,600,619,
12221,12,27000000,779000,user_37,608,619,
12452,8,26999999,0,builder_18,608,608,12221
11455,27,27000000,0,user_46,605,619,
11710,30,27000000,0,user_42,606,619,
10747,28,27000000,0,user_41,602,619,
10988,29,27000000,0,user_40,603,619,
10588,46,19000000,13900,user_43,601,619,
12453,14,18999999,0,builder_18,608,608,10588
11960,50,19000000,0,user_38,607,619,
12454,16,6300001,0,builder_18,608,608,10450
10450,54,6300000,155000,user_8,600,619,
10986,57,6300000,146000,user_39,603,619,
12455,19,6299999,0,builder_18,608,608,10986
10572,62,6300001,0,user_25,601,619,10450
10569,61,6300001,0,user_20,601,619,10450
10473,63,6300001,0,user_23,600,619,10450
10476,64,6300001,0,user_23,600,619,10450
10478,66,6300001,0,user_25,600,619,10450
10477,65,6300001,0,user_24,600,619,10450
11192,58,6300001,0,user_3,604,619,10986
11196,59,6300001,0,user_9,604,619,10986
11193,60,6300001,0,user_6,604,619,10450
10740,73,6300000,0,user_34,602,619,
10468,70,6300000,0,user_20,600,619,
10453,71,6300000,0,user_12,600,619,
10456,72,6300000,0,user_15,600,619,
10973,74,6300000,0,user_29,603,619,
11216,69,6300000,0,user_32,604,619,
10725,81,6299999,0,user_18,602,619,10450
10729,82,6299999,0,user_24,602,619,10450
10943,83,6299999,0,user_1,603,619,10450
10562,78,6299999,0,user_13,601,619,10450
10474,79,6299999,0,user_23,600,619,10450
10475,80,6299999,0,user_23,600,619,10450
11197,76,6299999,0,user_10,604,619,10450
11207,77,6299999,0,user_20,604,619,10450
11001,89,6100000,0,user_44,603,619,
10497,88,6100000,0,user_45,600,619,
10975,90,6100000,0,user_31,603,619,
10585,94,5000000,6390,user_38,601,617,
12456,47,4999999,0,builder_18,608,608,10585
11709,86,5000000,0,user_40,606,616,
10742,87,5000000,0,user_36,602,616,
10748,88,5000000,0,user_41,602,616,
10749,96,5000000,0,user_43,602,617,
10445,98,5000000,0,user_4,600,617,
10462,99,5000000,0,user_17,600,617,
11226,97,5000000,0,user_45,604,617,
11456,96,4500000,121000,user_46,605,616,
12457,56,4499999,0,builder_18,608,608,11456
11446,96,4500000,0,user_31,605,615,
10448,98,4500000,0,user_6,600,615,
10576,97,4500000,0,user_28,601,615,
11213,96,4200000,0,user_31,604,614,
12220,94,4200000,0,user_37,608,614,
12215,95,4200000,0,user_30,608,614,
11949,94,3500000,0,user_28,607,613,
10575,96,3200000,0,user_27,601,613,
11959,95,3200000,0,user_36,607,613,
11716,93,2600000,0,user_47,606,612,
11954,99,2600000,0,user_33,607,613,
11454,98,2500000,0,user_40,605,612,
10455,99,2500000,0,user_14,600,612,
10485,92,2500000,0,user_34,600,611,
10984,95,2300000,0,user_37,603,611,
10465,94,2300000,0,user_17,600,611,
12226,96,2300000,0,user_48,608,611,
12458,74,1200001,0,builder_18,608,608,10985
10985,98,1200000,959000,user_38,603,611,
12459,76,2100001,0,builder_18,608,608,11967
11967,99,2100000,33300,user_43,607,611,
10586,91,2100000,0,user_41,601,610,
10733,93,2000000,49100,user_27,602,610,
12460,80,1999999,0,builder_18,608,608,10733
10737,95,2000000,0,user_32,602,609,
11000,95,2000000,0,user_44,603,610,
10454,99,2000000,0,user_13,600,610,
10494,94,2000000,0,user_42,600,609,
10991,96,2000000,0,user_40,603,610,
10996,97,2000000,0,user_41,603,610,
11214,98,2000000,0,user_31,604,610,
10496,88,1800000,128000,user_44,600,608,
12461,89,1799999,0,builder_18,608,608,10496
10995,90,1900000,0,user_41,603,608,
11227,91,1600000,256000,user_46,604,608,
12462,92,1599999,0,builder_18,608,608,11227
12463,93,1300001,0,builder_18,608,608,11955
11955,94,1300000,510000,user_34,607,608,
10732,95,1800001,0,user_26,602,608,10496
10565,96,1800001,0,user_16,601,608,10496
10554,97,1799999,0,user_2,601,608,10496
10558,98,1799999,0,user_10,601,608,10496
10710,99,1799999,0,user_2,602,608,10496
10444,2,43000000,0,user_2,600,619,
11448,3,30000000,11200,user_33,605,619,
12768,2,29999999,0,builder_18,609,609,11448
11969,8,30000000,0,user_45,607,619,
10484,6,30000000,0,user_34,600,619,
11457,5,30000000,0,user_47,605,619,
11715,7,30000000,0,user_46,606,619,
12769,7,27000001,0,builder_18,609,609,12221
12221,12,27000000,779000,user_37,608,619,
12494,18,27000001,0,user_20,609,619,12221
10988,29,27000000,0,user_40,603,619,
10747,28,27000000,0,user_41,602,619,
11455,27,27000000,0,user_46,605,619,
11710,30,27000000,0,user_42,606,619,
12482,35,26999999,0,user_11,609,619,12221
12770,15,19000001,0,builder_18,609,609,10588
10588,46,19000000,13900,user_43,601,619,
11960,50,19000000,0,user_38,607,619,
12771,18,6300001,0,builder_18,609,609,10450
10450,54,6300000,155000,user_8,600,619,
12772,20,6300001,0,builder_18,609,609,10986
10986,57,6300000,146000,user_39,603,619,
10473,63,6300001,0,user_23,600,619,10450
10476,64,6300001,0,user_23,600,619,10450
10477,65,6300001,0,user_24,600,619,10450
10478,66,6300001,0,user_25,600,619,10450
10569,61,6300001,0,user_20,601,619,10450
10572,62,6300001,0,user_25,601,619,10450
11192,58,6300001,0,user_3,604,619,10986
11193,60,6300001,0,user_6,604,619,10450
11196,59,6300001,0,user_9,604,619,10986
10973,74,6300000,0,user_29,603,619,
10453,71,6300000,0,user_12,600,619,
10468,70,6300000,0,user_20,600,619,
10456,72,6300000,0,user_15,600,619,
10740,73,6300000,0,user_34,602,619,
11216,69,6300000,0,user_32,604,619,
10943,83,6299999,0,user_1,603,619,10450
11197,76,6299999,0,user_10,604,619,10450
11207,77,6299999,0,user_20,604,619,10450
10474,79,6299999,0,user_23,600,619,10450
10475,80,6299999,0,user_23,600,619,10450
10562,78,6299999,0,user_13,601,619,10450
10725,81,6299999,0,user_18,602,619,10450
10729,82,6299999,0,user_24,602,619,10450
12227,87,6100000,8520,user_49,608,619,
12773,46,6099999,0,builder_18,609,609,12227
11001,89,6100000,0,user_44,603,619,
10975,90,6100000,0,user_31,603,619,
10497,88,6100000,0,user_45,600,619,
12774,50,5000001,0,builder_18,609,609,10585
10585,94,5000000,6390,user_38,601,617,
10749,96,5000000,0,user_43,602,617,
11226,97,5000000,0,user_45,604,617,
10445,98,5000000,0,user_4,600,617,
10462,99,5000000,0,user_17,600,617,
10742,87,5000000,0,user_36,602,616,
10748,88,5000000,0,user_41,602,616,
11709,86,5000000,0,user_40,606,616,
11456,96,4500000,121000,user_46,605,616,
12775,60,4499999,0,builder_18,609,609,11456
10448,98,4500000,0,user_6,600,615,
10576,97,4500000,0,user_28,601,615,
11446,96,4500000,0,user_31,605,615,
12220,94,4200000,0,user_37,608,614,
11213,96,4200000,0,user_31,604,614,
12215,95,4200000,0,user_30,608,614,
12521,97,4200000,0,user_47,609,614,
12510,93,3500000,31700,user_39,609,613,
12776,69,3499999,0,builder_18,609,609,12510
11949,94,3500000,0,user_28,607,613,
11959,95,3200000,0,user_36,607,613,
10575,96,3200000,0,user_27,601,613,
11954,99,2600000,0,user_33,607,613,
11716,93,2600000,0,user_47,606,612,
12518,97,1800000,769000,user_44,609,612,
12777,76,1799999,0,builder_18,609,609,12518
10455,99,2500000,0,user_14,600,612,
10485,92,2500000,0,user_34,600,611,
11454,98,2500000,0,user_40,605,612,
10984,95,2300000,0,user_37,603,611,
10465,94,2300000,0,user_17,600,611,
12226,96,2300000,0,user_48,608,611,
10985,98,1200000,959000,user_38,603,611,
12778,84,1199999,0,builder_18,609,609,10985
11967,99,2100000,33300,user_43,607,611,
12779,86,2099999,0,builder_18,609,609,11967
10586,91,2100000,0,user_41,601,610,
10733,93,2000000,49100,user_27,602,610,
12780,89,1999999,0,builder_18,609,609,10733
11000,95,2000000,0,user_44,603,610,
10991,96,2000000,0,user_40,603,610,
10996,97,2000000,0,user_41,603,610,
10454,99,2000000,0,user_13,600,610,
10494,94,2000000,0,user_42,600,609,
10737,95,2000000,0,user_32,602,609,
11214,98,2000000,0,user_31,604,610,
12509,94,2000000,0,user_37,609,610,
12514,98,2000000,0,user_42,609,609,
12781,99,1800001,0,builder_18,609,609,10496
10444,2,43000000,0,user_2,600,619,
11448,3,30000000,11200,user_33,605,619,
13062,2,29999999,0,builder_18,610,610,11448
11969,8,30000000,0,user_45,607,619,
10484,6,30000000,0,user_34,600,619,
11457,5,30000000,0,user_47,605,619,
11715,7,30000000,0,user_46,606,619,
12221,12,27000000,779000,user_37,608,619,
13063,8,26999999,0,builder_18,610,610,12221
12494,18,27000001,0,user_20,609,619,12221
12783,20,27000001,0,user_0,610,619,12221
12796,19,27000001,0,user_11,610,619,12221
10988,29,27000000,0,user_40,603,619,
10747,28,27000000,0,user_41,602,619,
11455,27,27000000,0,user_46,605,619,
11710,30,27000000,0,user_42,606,619,
12482,35,26999999,0,user_11,609,619,12221
12785,36,26999999,0,user_0,610,619,12221
13064,18,19000001,0,builder_18,610,610,10588
10588,46,19000000,13900,user_43,601,619,
11960,50,19000000,0,user_38,607,619,
12830,49,19000000,0,user_45,610,619,
10450,54,6300000,155000,user_8,600,619,
13065,23,6299999,0,builder_18,610,610,10450
10986,57,6300000,146000,user_39,603,619,
13066,25,6299999,0,builder_18,610,610,10986
11192,58,6300001,0,user_3,604,619,10986
11193,60,6300001,0,user_6,604,619,10450
10473,63,6300001,0,user_23,600,619,10450
10476,64,6300001,0,user_23,600,619,10450
10477,65,6300001,0,user_24,600,619,10450
10572,62,6300001,0,user_25,601,619,10450
10569,61,6300001,0,user_20,601,619,10450
11196,59,6300001,0,user_9,604,619,10986
10478,66,6300001,0,user_25,600,619,10450
10973,74,6300000,0,user_29,603,619,
11216,69,6300000,0,user_32,604,619,
10453,71,6300000,0,user_12,600,619,
10456,72,6300000,0,user_15,600,619,
10468,70,6300000,0,user_20,600,619,
10740,73,6300000,0,user_34,602,619,
11207,77,6299999,0,user_20,604,619,10450
11197,76,6299999,0,user_10,604,619,10450
10474,79,6299999,0,user_23,600,619,10450
10475,80,6299999,0,user_23,600,619,10450
10562,78,6299999,0,user_13,601,619,10450
10725,81,6299999,0,user_18,602,619,10450
10729,82,6299999,0,user_24,602,619,10450
10943,83,6299999,0,user_1,603,619,10450
13067,49,6100001,0,builder_18,610,610,12227
12227,87,6100000,8520,user_49,608,619,
10975,90,6100000,0,user_31,603,619,
11001,89,6100000,0,user_44,603,619,
10497,88,6100000,0,user_45,600,619,
13068,54,5000001,0,builder_18,610,610,10585
10585,94,5000000,6390,user_38,601,617,
11226,97,5000000,0,user_45,604,617,
10462,99,5000000,0,user_17,600,617,
10749,96,5000000,0,user_43,602,617,
10445,98,5000000,0,user_4,600,617,
10742,87,5000000,0,user_36,602,616,
10748,88,5000000,0,user_41,602,616,
11709,86,5000000,0,user_40,606,616,
11456,96,4500000,121000,user_46,605,616,
13069,64,4499999,0,builder_18,610,610,11456
10448,98,4500000,0,user_6,600,615,
10576,97,4500000,0,user_28,601,615,
11446,96,4500000,0,user_31,605,615,
12220,94,4200000,0,user_37,608,614,
12215,95,4200000,0,user_30,608,614,
11213,96,4200000,0,user_31,604,614,
12521,97,4200000,0,user_47,609,614,
13070,72,3500001,0,builder_18,610,610,12510
12510,93,3500000,31700,user_39,609,613,
11949,94,3500000,0,user_28,607,613,
11959,95,3200000,0,user_36,607,613,
10575,96,3200000,0,user_27,601,613,
11954,99,2600000,0,user_33,607,613,
11716,93,2600000,0,user_47,606,612,
12518,97,1800000,769000,user_44,609,612,
13071,80,1799999,0,builder_18,610,610,12518
10455,99,2500000,0,user_14,600,612,
10485,92,2500000,0,user_34,600,611,
11454,98,2500000,0,user_40,605,612,
12226,96,2300000,0,user_48,608,611,
10984,95,2300000,0,user_37,603,611,
10465,94,2300000,0,user_17,600,611,
10985,98,1200000,959000,user_38,603,611,
13072,88,1199999,0,builder_18,610,610,10985
11967,99,2100000,33300,user_43,607,611,
13073,90,2099999,0,builder_18,610,610,11967
10586,91,2100000,0,user_41,601,610,
13074,92,2000001,0,builder_18,610,610,10733
10733,93,2000000,49100,user_27,602,610,
12509,94,2000000,0,user_37,609,610,
11000,95,2000000,0,user_44,603,610,
10991,96,2000000,0,user_40,603,610,
10996,97,2000000,0,user_41,603,610,
11214,98,2000000,0,user_31,604,610,
10454,99,2000000,0,user_13,600,610,
10444,2,43000000,0,user_2,600,619,
11448,3,30000000,11200,user_33,605,619,
13358,2,29999999,0,builder_18,611,611,11448
11457,5,30000000,0,user_47,605,619,
10484,6,30000000,0,user_34,600,619,
11715,7,30000000,0,user_46,606,619,
11969,8,30000000,0,user_45,607,619,
13118,9,30000000,0,user_41,611,619,
12221,12,27000000,779000,user_37,608,619,
13359,9,26999999,0,builder_18,611,611,12221
12494,18,27000001,0,user_20,609,619,12221
12796,19,27000001,0,user_11,610,619,12221
12783,20,27000001,0,user_0,610,619,12221
13075,21,27000001,0,user_0,611,619,12221
13091,22,27000001,0,user_15,611,619,12221
13101,23,27000001,0,user_25,611,619,12221
11455,27,27000000,0,user_46,605,619,
10747,28,27000000,0,user_41,602,619,
10988,29,27000000,0,user_40,603,619,
11710,30,27000000,0,user_42,606,619,
12482,35,26999999,0,user_11,609,619,12221
12785,36,26999999,0,user_0,610,619,12221
13087,37,26999999,0,user_11,611,619,12221
13099,38,26999999,0,user_23,611,619,12221
13360,24,19000001,0,builder_18,611,611,10588
10588,46,19000000,13900,user_43,601,619,
12830,49,19000000,0,user_45,610,619,
11960,50,19000000,0,user_38,607,619,
13117,52,73000,17700000,user_40,611,619,
13361,29,72999,0,builder_18,611,611,13117
10450,54,6300000,155000,user_8,600,619,
13362,31,6299999,0,builder_18,611,611,10450
10986,57,6300000,146000,user_39,603,619,
13363,33,6299999,0,builder_18,611,611,10986
11192,58,6300001,0,user_3,604,619,10986
11196,59,6300001,0,user_9,604,619,10986
11193,60,6300001,0,user_6,604,619,10450
10569,61,6300001,0,user_20,601,619,10450
10572,62,6300001,0,user_25,601,619,10450
10473,63,6300001,0,user_23,600,619,10450
10476,64,6300001,0,user_23,600,619,10450
10477,65,6300001,0,user_24,600,619,10450
10478,66,6300001,0,user_25,600,619,10450
11216,69,6300000,0,user_32,604,619,
10468,70,6300000,0,user_20,600,619,
10453,71,6300000,0,user_12,600,619,
10456,72,6300000,0,user_15,600,619,
10740,73,6300000,0,user_34,602,619,
10973,74,6300000,0,user_29,603,619,
11197,76,6299999,0,user_10,604,619,10450
11207,77,6299999,0,user_20,604,619,10450
10562,78,6299999,0,user_13,601,619,10450
10474,79,6299999,0,user_23,600,619,10450
10475,80,6299999,0,user_23,600,619,10450
10725,81,6299999,0,user_18,602,619,10450
10729,82,6299999,0,user_24,602,619,10450
10943,83,6299999,0,user_1,603,619,10450
13364,57,6100001,0,builder_18,611,611,12227
12227,87,6100000,8520,user_49,608,619,
10497,88,6100000,0,user_45,600,619,
11001,89,6100000,0,user_44,603,619,
10975,90,6100000,0,user_31,603,619,
13365,62,5000001,0,builder_18,611,611,10585
10585,94,5000000,6390,user_38,601,617,
11226,97,5000000,0,user_45,604,617,
10445,98,5000000,0,user_4,600,617,
10462,99,5000000,0,user_17,600,617,
10748,88,5000000,0,user_41,602,616,
10742,87,5000000,0,user_36,602,616,
10749,96,5000000,0,user_43,602,617,
11709,86,5000000,0,user_40,606,616,
13366,71,4500001,0,builder_18,611,611,11456
11456,96,4500000,121000,user_46,605,616,
11446,96,4500000,0,user_31,605,615,
10576,97,4500000,0,user_28,601,615,
10448,98,4500000,0,user_6,600,615,
13122,99,4500000,0,user_46,611,615,
12521,97,4200000,0,user_47,609,614,
12220,94,4200000,0,user_37,608,614,
11213,96,4200000,0,user_31,604,614,
12215,95,4200000,0,user_30,608,614,
12510,93,3500000,31700,user_39,609,613,
13367,82,3499999,0,builder_18,611,611,12510
11949,94,3500000,0,user_28,607,613,
10575,96,3200000,0,user_27,601,613,
11959,95,3200000,0,user_36,607,613,
11716,93,2600000,0,user_47,606,612,
11954,99,2600000,0,user_33,607,613,
12518,97,1800000,769000,user_44,609,612,
13368,89,1799999,0,builder_18,611,611,12518
11454,98,2500000,0,user_40,605,612,
10455,99,2500000,0,user_14,600,612,
10485,92,2500000,0,user_34,600,611,
13103,93,2400000,0,user_27,611,611,
10465,94,2300000,0,user_17,600,611,
10984,95,2300000,0,user_37,603,611,
12226,96,2300000,0,user_48,608,611,
13369,97,1200001,0,builder_18,611,611,10985
10985,98,1200000,959000,user_38,603,611,
11967,99,2100000,33300,user_43,607,611,
10444,2,43000000,0,user_2,600,619,
11448,3,30000000,11200,user_33,605,619,
13627,2,29999999,0,builder_18,612,612,11448
11457,5,30000000,0,user_47,605,619,
11715,7,30000000,0,user_46,606,619,
11969,8,30000000,0,user_45,607,619,
10484,6,30000000,0,user_34,600,619,
13118,9,30000000,0,user_41,611,619,
13628,8,27000001,0,builder_18,612,612,12221
12221,12,27000000,779000,user_37,608,619,
12796,19,27000001,0,user_11,610,619,12221
12783,20,27000001,0,user_0,610,619,12221
13075,21,27000001,0,user_0,611,619,12221
12494,18,27000001,0,user_20,609,619,12221
13091,22,27000001,0,user_15,611,619,12221
13101,23,27000001,0,user_25,611,619,12221
11455,27,27000000,0,user_46,605,619,
11710,30,27000000,0,user_42,606,619,
10747,28,27000000,0,user_41,602,619,
10988,29,27000000,0,user_40,603,619,
13115,31,27000000,0,user_38,611,619,
12785,36,26999999,0,user_0,610,619,12221
13087,37,26999999,0,user_11,611,619,12221
12482,35,26999999,0,user_11,609,619,12221
13099,38,26999999,0,user_23,611,619,12221
13380,39,26999999,0,user_14,612,619,12221
13629,26,19000001,0,builder_18,612,612,10588
10588,46,19000000,13900,user_43,601,619,
12830,49,19000000,0,user_45,610,619,
11960,50,19000000,0,user_38,607,619,
13406,51,19000000,0,user_41,612,619,
13630,31,73001,0,builder_18,612,612,13117
13117,52,73000,17700000,user_40,611,619,
13631,33,6300001,0,builder_18,612,612,10450
10450,54,6300000,155000,user_8,600,619,
13632,35,6300001,0,builder_18,612,612,10986
10986,57,6300000,146000,user_39,603,619,
10572,62,6300001,0,user_25,601,619,10450
10569,61,6300001,0,user_20,601,619,10450
10473,63,6300001,0,user_23,600,619,10450
10476,64,6300001,0,user_23,600,619,10450
10478,66,6300001,0,user_25,600,619,10450
10477,65,6300001,0,user_24,600,619,10450
11192,58,6300001,0,user_3,604,619,10986
11196,59,6300001,0,user_9,604,619,10986
11193,60,6300001,0,user_6,604,619,10450
10740,73,6300000,0,user_34,602,619,
10468,70,6300000,0,user_20,600,619,
10453,71,6300000,0,user_12,600,619,
10456,72,6300000,0,user_15,600,619,
10973,74,6300000,0,user_29,603,619,
11216,69,6300000,0,user_32,604,619,
10725,81,6299999,0,user_18,602,619,10450
10729,82,6299999,0,user_24,602,619,10450
10943,83,6299999,0,user_1,603,619,10450
10562,78,6299999,0,user_13,601,619,10450
10474,79,6299999,0,user_23,600,619,10450
10475,80,6299999,0,user_23,600,619,10450
11197,76,6299999,0,user_10,604,619,10450
11207,77,6299999,0,user_20,604,619,10450
13633,60,6100001,0,builder_18,612,612,12227
12227,87,6100000,8520,user_49,608,619,
11001,89,6100000,0,user_44,603,619,
10497,88,6100000,0,user_45,600,619,
10975,90,6100000,0,user_31,603,619,
10585,94,5000000,6390,user_38,601,617,
13634,66,4999999,0,builder_18,612,612,10585
11709,86,5000000,0,user_40,606,616,
10742,87,5000000,0,user_36,602,616,
10748,88,5000000,0,user_41,602,616,
10749,96,5000000,0,user_43,602,617,
10445,98,5000000,0,user_4,600,617,
10462,99,5000000,0,user_17,600,617,
11226,97,5000000,0,user_45,604,617,
13408,93,5000000,0,user_41,612,616,
13413,95,4200000,545000,user_45,612,616,
13635,76,4199999,0,builder_18,612,612,13413
11456,96,4500000,121000,user_46,605,616,
13636,78,4499999,0,builder_18,612,612,11456
11446,96,4500000,0,user_31,605,615,
10448,98,4500000,0,user_6,600,615,
10576,97,4500000,0,user_28,601,615,
13122,99,4500000,0,user_46,611,615,
11213,96,4200000,0,user_31,604,614,
12220,94,4200000,0,user_37,608,614,
12215,95,4200000,0,user_30,608,614,
12521,97,4200000,0,user_47,609,614,
13405,91,3600000,0,user_39,612,613,
12510,93,3500000,31700,user_39,609,613,
13637,89,3499999,0,builder_18,612,612,12510
11949,94,3500000,0,user_28,607,613,
10575,96,3200000,0,user_27,601,613,
11959,95,3200000,0,user_36,607,613,
11716,93,2600000,0,user_47,606,612,
11954,99,2600000,0,user_33,607,613,
13399,98,2600000,0,user_37,612,613,
13638,96,1800001,0,builder_18,612,612,12518
12518,97,1800000,769000,user_44,609,612,
11454,98,2500000,0,user_40,605,612,
10455,99,2500000,0,user_14,600,612,
10444,2,43000000,0,user_2,600,619,
11448,3,30000000,11200,user_33,605,619,
13895,2,29999999,0,builder_18,613,613,11448
13118,9,30000000,0,user_41,611,619,
11969,8,30000000,0,user_45,607,619,
10484,6,30000000,0,user_34,600,619,
11457,5,30000000,0,user_47,605,619,
11715,7,30000000,0,user_46,606,619,
12221,12,27000000,779000,user_37,608,619,
13896,9,26999999,0,builder_18,613,613,12221
12783,20,27000001,0,user_0,610,619,12221
12796,19,27000001,0,user_11,610,619,12221
13075,21,27000001,0,user_0,611,619,12221
13091,22,27000001,0,user_15,611,619,12221
13101,23,27000001,0,user_25,611,619,12221
12494,18,27000001,0,user_20,609,619,12221
13653,16,27000001,0,user_10,613,619,12221
13115,31,27000000,0,user_38,611,619,
10988,29,27000000,0,user_40,603,619,
10747,28,27000000,0,user_41,602,619,
11455,27,27000000,0,user_46,605,619,
11710,30,27000000,0,user_42,606,619,
12785,36,26999999,0,user_0,610,619,12221
13087,37,26999999,0,user_11,611,619,12221
13099,38,26999999,0,user_23,611,619,12221
12482,35,26999999,0,user_11,609,619,12221
13380,39,26999999,0,user_14,612,619,12221
10588,46,19000000,13900,user_43,601,619,
13897,28,18999999,0,builder_18,613,613,10588
12830,49,19000000,0,user_45,610,619,
11960,50,19000000,0,user_38,607,619,
13406,51,19000000,0,user_41,612,619,
13117,52,73000,17700000,user_40,611,619,
13898,33,72999,0,builder_18,613,613,13117
10450,54,6300000,155000,user_8,600,619,
13899,35,6299999,0,builder_18,613,613,10450
10986,57,6300000,146000,user_39,603,619,
13900,37,6299999,0,builder_18,613,613,10986
10473,63,6300001,0,user_23,600,619,10450
10476,64,6300001,0,user_23,600,619,10450
10477,65,6300001,0,user_24,600,619,10450
10478,66,6300001,0,user_25,600,619,10450
10569,61,6300001,0,user_20,601,619,10450
10572,62,6300001,0,user_25,601,619,10450
11192,58,6300001,0,user_3,604,619,10986
11193,60,6300001,0,user_6,604,619,10450
11196,59,6300001,0,user_9,604,619,10986
10973,74,6300000,0,user_29,603,619,
10453,71,6300000,0,user_12,600,619,
10468,70,6300000,0,user_20,600,619,
10456,72,6300000,0,user_15,600,619,
10740,73,6300000,0,user_34,602,619,
11216,69,6300000,0,user_32,604,619,
13395,75,6300000,0,user_31,612,619,
13693,68,6300000,0,user_47,613,619,
10943,83,6299999,0,user_1,603,619,10450
11197,76,6299999,0,user_10,604,619,10450
11207,77,6299999,0,user_20,604,619,10450
10474,79,6299999,0,user_23,600,619,10450
10475,80,6299999,0,user_23,600,619,10450
10562,78,6299999,0,user_13,601,619,10450
10725,81,6299999,0,user_18,602,619,10450
10729,82,6299999,0,user_24,602,619,10450
12227,87,6100000,8520,user_49,608,619,
13901,64,6099999,0,builder_18,613,613,12227
11001,89,6100000,0,user_44,603,619,
10975,90,6100000,0,user_31,603,619,
10497,88,6100000,0,user_45,600,619,
10585,94,5000000,6390,user_38,601,617,
13902,69,4999999,0,builder_18,613,613,10585
10749,96,5000000,0,user_43,602,617,
11226,97,5000000,0,user_45,604,617,
10445,98,5000000,0,user_4,600,617,
10462,99,5000000,0,user_17,600,617,
10742,87,5000000,0,user_36,602,616,
10748,88,5000000,0,user_41,602,616,
11709,86,5000000,0,user_40,606,616,
13408,93,5000000,0,user_41,612,616,
13903,78,4200001,0,builder_18,613,613,13413
13413,95,4200000,545000,user_45,612,616,
11456,96,4500000,121000,user_46,605,616,
13904,81,4499999,0,builder_18,613,613,11456
13122,99,4500000,0,user_46,611,615,
10448,98,4500000,0,user_6,600,615,
10576,97,4500000,0,user_28,601,615,
11446,96,4500000,0,user_31,605,615,
13686,99,4500000,0,user_37,613,616,
12220,94,4200000,0,user_37,608,614,
11213,96,4200000,0,user_31,604,614,
12215,95,4200000,0,user_30,608,614,
12521,97,4200000,0,user_47,609,614,
13405,91,3600000,0,user_39,612,613,
13905,92,3500001,0,builder_18,613,613,12510
12510,93,3500000,31700,user_39,609,613,
11949,94,3500000,0,user_28,607,613,
11959,95,3200000,0,user_36,607,613,
10575,96,3200000,0,user_27,601,613,
13684,97,3200000,0,user_36,613,613,
13399,98,2600000,0,user_37,612,613,
11954,99,2600000,0,user_33,607,613,
10444,2,43000000,0,user_2,600,619,
14152,1,30000001,0,builder_18,614,614,11448
11448,3,30000000,11200,user_33,605,619,
13118,9,30000000,0,user_41,611,619,
11969,8,30000000,0,user_45,607,619,
10484,6,30000000,0,user_34,600,619,
11457,5,30000000,0,user_47,605,619,
11715,7,30000000,0,user_46,606,619,
13929,10,30000000,0,user_32,614,619,
14153,9,27000001,0,builder_18,614,614,12221
12221,12,27000000,779000,user_37,608,619,
13075,21,27000001,0,user_0,611,619,12221
13091,22,27000001,0,user_15,611,619,12221
13101,23,27000001,0,user_25,611,619,12221
13653,16,27000001,0,user_10,613,619,12221
12494,18,27000001,0,user_20,609,619,12221
12783,20,27000001,0,user_0,610,619,12221
12796,19,27000001,0,user_11,610,619,12221
13921,17,27000001,0,user_20,614,619,12221
13115,31,27000000,0,user_38,611,619,
10988,29,27000000,0,user_40,603,619,
10747,28,27000000,0,user_41,602,619,
11455,27,27000000,0,user_46,605,619,
11710,30,27000000,0,user_42,606,619,
13087,37,26999999,0,user_11,611,619,12221
13099,38,26999999,0,user_23,611,619,12221
13380,39,26999999,0,user_14,612,619,12221
13666,34,26999999,0,user_19,613,619,12221
12482,35,26999999,0,user_11,609,619,12221
12785,36,26999999,0,user_0,610,619,12221
10588,46,19000000,13900,user_43,601,619,
14154,31,18999999,0,builder_18,614,614,10588
13406,51,19000000,0,user_41,612,619,
11960,50,19000000,0,user_38,607,619,
12830,49,19000000,0,user_45,610,619,
13117,52,73000,17700000,user_40,611,619,
14155,36,72999,0,builder_18,614,614,13117
10450,54,6300000,155000,user_8,600,619,
14156,38,6299999,0,builder_18,614,614,10450
14157,39,6300001,0,builder_18,614,614,10986
10986,57,6300000,146000,user_39,603,619,
11192,58,6300001,0,user_3,604,619,10986
11193,60,6300001,0,user_6,604,619,10450
10473,63,6300001,0,user_23,600,619,10450
10476,64,6300001,0,user_23,600,619,10450
10477,65,6300001,0,user_24,600,619,10450
10572,62,6300001,0,user_25,601,619,10450
10569,61,6300001,0,user_20,601,619,10450
11196,59,6300001,0,user_9,604,619,10986
10478,66,6300001,0,user_25,600,619,10450
13395,75,6300000,0,user_31,612,619,
10973,74,6300000,0,user_29,603,619,
11216,69,6300000,0,user_32,604,619,
10453,71,6300000,0,user_12,600,619,
10456,72,6300000,0,user_15,600,619,
10468,70,6300000,0,user_20,600,619,
10740,73,6300000,0,user_34,602,619,
13693,68,6300000,0,user_47,613,619,
11207,77,6299999,0,user_20,604,619,10450
11197,76,6299999,0,user_10,604,619,10450
10474,79,6299999,0,user_23,600,619,10450
10475,80,6299999,0,user_23,600,619,10450
10562,78,6299999,0,user_13,601,619,10450
10725,81,6299999,0,user_18,602,619,10450
10729,82,6299999,0,user_24,602,619,10450
10943,83,6299999,0,user_1,603,619,10450
12227,87,6100000,8520,user_49,608,619,
14158,67,6099999,0,builder_18,614,614,12227
10975,90,6100000,0,user_31,603,619,
11001,89,6100000,0,user_44,603,619,
10497,88,6100000,0,user_45,600,619,
13942,91,6100000,0,user_40,614,619,
13925,95,5200000,285000,user_27,614,619,
14159,73,5199999,0,builder_18,614,614,13925
14160,74,5000001,0,builder_18,614,614,10585
10585,94,5000000,6390,user_38,601,617,
13408,93,5000000,0,user_41,612,616,
11226,97,5000000,0,user_45,604,617,
10462,99,5000000,0,user_17,600,617,
10749,96,5000000,0,user_43,602,617,
10445,98,5000000,0,user_4,600,617,
10742,87,5000000,0,user_36,602,616,
10748,88,5000000,0,user_41,602,616,
11709,86,5000000,0,user_40,606,616,
14161,84,4200001,0,builder_18,614,614,13413
13413,95,4200000,545000,user_45,612,616,
11456,96,4500000,121000,user_46,605,616,
14162,87,4499999,0,builder_18,614,614,11456
13122,99,4500000,0,user_46,611,615,
13686,99,4500000,0,user_37,613,616,
10448,98,4500000,0,user_6,600,615,
10576,97,4500000,0,user_28,601,615,
11446,96,4500000,0,user_31,605,615,
13948,98,4500000,0,user_47,614,616,
12220,94,4200000,0,user_37,608,614,
12215,95,4200000,0,user_30,608,614,
11213,96,4200000,0,user_31,604,614,
12521,97,4200000,0,user_47,609,614,
13951,98,3600000,7840,user_48,614,614,
14163,99,3599999,0,builder_18,614,614,13951
10444,2,43000000,0,user_2,600,619,
14432,1,30000001,0,builder_18,615,615,11448
11448,3,30000000,11200,user_33,605,619,
11457,5,30000000,0,user_47,605,619,
10484,6,30000000,0,user_34,600,619,
11715,7,30000000,0,user_46,606,619,
11969,8,30000000,0,user_45,607,619,
13118,9,30000000,0,user_41,611,619,
13929,10,30000000,0,user_32,614,619,
12221,12,27000000,779000,user_37,608,619,
14433,10,26999999,0,builder_18,615,615,12221
13653,16,27000001,0,user_10,613,619,12221
13921,17,27000001,0,user_20,614,619,12221
12494,18,27000001,0,user_20,609,619,12221
12796,19,27000001,0,user_11,610,619,12221
12783,20,27000001,0,user_0,610,619,12221
13075,21,27000001,0,user_0,611,619,12221
13091,22,27000001,0,user_15,611,619,12221
13101,23,27000001,0,user_25,611,619,12221
14173,24,27000001,0,user_7,615,619,12221
14164,25,27000001,0,user_0,615,619,12221
14171,26,27000001,0,user_5,615,619,12221
11455,27,27000000,0,user_46,605,619,
10747,28,27000000,0,user_41,602,619,
10988,29,27000000,0,user_40,603,619,
11710,30,27000000,0,user_42,606,619,
13115,31,27000000,0,user_38,611,619,
13666,34,26999999,0,user_19,613,619,12221
12482,35,26999999,0,user_11,609,619,12221
12785,36,26999999,0,user_0,610,619,12221
13087,37,26999999,0,user_11,611,619,12221
13099,38,26999999,0,user_23,611,619,12221
13380,39,26999999,0,user_14,612,619,12221
14177,40,26999999,0,user_11,615,619,12221
14178,41,26999999,0,user_12,615,619,12221
14434,35,19000001,0,builder_18,615,615,10588
10588,46,19000000,13900,user_43,601,619,
12830,49,19000000,0,user_45,610,619,
11960,50,19000000,0,user_38,607,619,
13406,51,19000000,0,user_41,612,619,
14435,40,73001,0,builder_18,615,615,13117
13117,52,73000,17700000,user_40,611,619,
14436,42,6300001,0,builder_18,615,615,10450
10450,54,6300000,155000,user_8,600,619,
10986,57,6300000,146000,user_39,603,619,
14437,45,6299999,0,builder_18,615,615,10986
11192,58,6300001,0,user_3,604,619,10986
11196,59,6300001,0,user_9,604,619,10986
11193,60,6300001,0,user_6,604,619,10450
10569,61,6300001,0,user_20,601,619,10450
10572,62,6300001,0,user_25,601,619,10450
10473,63,6300001,0,user_23,600,619,10450
10476,64,6300001,0,user_23,600,619,10450
10477,65,6300001,0,user_24,600,619,10450
10478,66,6300001,0,user_25,600,619,10450
13693,68,6300000,0,user_47,613,619,
11216,69,6300000,0,user_32,604,619,
10468,70,6300000,0,user_20,600,619,
10453,71,6300000,0,user_12,600,619,
10456,72,6300000,0,user_15,600,619,
10740,73,6300000,0,user_34,602,619,
10973,74,6300000,0,user_29,603,619,
13395,75,6300000,0,user_31,612,619,
11197,76,6299999,0,user_10,604,619,10450
11207,77,6299999,0,user_20,604,619,10450
10562,78,6299999,0,user_13,601,619,10450
10474,79,6299999,0,user_23,600,619,10450
10475,80,6299999,0,user_23,600,619,10450
10725,81,6299999,0,user_18,602,619,10450
10729,82,6299999,0,user_24,602,619,10450
10943,83,6299999,0,user_1,603,619,10450
12227,87,6100000,8520,user_49,608,619,
14438,72,6099999,0,builder_18,615,615,12227
10497,88,6100000,0,user_45,600,619,
11001,89,6100000,0,user_44,603,619,
10975,90,6100000,0,user_31,603,619,
13942,91,6100000,0,user_40,614,619,
14439,77,5000001,0,builder_18,615,615,13945
13945,92,5000000,594000,user_43,614,619,
13925,95,5200000,285000,user_27,614,619,
14440,80,5199999,0,builder_18,615,615,13925
14441,81,5000001,0,builder_18,615,615,10585
10585,94,5000000,6390,user_38,601,617,
11226,97,5000000,0,user_45,604,617,
10445,98,5000000,0,user_4,600,617,
10462,99,5000000,0,user_17,600,617,
10748,88,5000000,0,user_41,602,616,
10742,87,5000000,0,user_36,602,616,
10749,96,5000000,0,user_43,602,617,
11709,86,5000000,0,user_40,606,616,
13408,93,5000000,0,user_41,612,616,
13413,95,4200000,545000,user_45,612,616,
14442,92,4199999,0,builder_18,615,615,13413
11456,96,4500000,121000,user_46,605,616,
14443,94,4499999,0,builder_18,615,615,11456
13686,99,4500000,0,user_37,613,616,
11446,96,4500000,0,user_31,605,615,
10576,97,4500000,0,user_28,601,615,
10448,98,4500000,0,user_6,600,615,
13122,99,4500000,0,user_46,611,615,
10444,2,43000000,0,user_2,600,619,
14205,1,43000000,0,user_38,615,619,
11448,3,30000000,11200,user_33,605,619,
14698,3,29999999,0,builder_18,616,616,11448
13929,10,30000000,0,user_32,614,619,
11457,5,30000000,0,user_47,605,619,
11715,7,30000000,0,user_46,606,619,
11969,8,30000000,0,user_45,607,619,
10484,6,30000000,0,user_34,600,619,
13118,9,30000000,0,user_41,611,619,
12221,12,27000000,779000,user_37,608,619,
14699,11,26999999,0,builder_18,616,616,12221
13921,17,27000001,0,user_20,614,619,12221
14171,26,27000001,0,user_5,615,619,12221
13653,16,27000001,0,user_10,613,619,12221
12796,19,27000001,0,user_11,610,619,12221
12783,20,27000001,0,user_0,610,619,12221
13075,21,27000001,0,user_0,611,619,12221
12494,18,27000001,0,user_20,609,619,12221
13091,22,27000001,0,user_15,611,619,12221
13101,23,27000001,0,user_25,611,619,12221
14173,24,27000001,0,user_7,615,619,12221
14164,25,27000001,0,user_0,615,619,12221
14453,15,27000001,0,user_8,616,619,12221
11455,27,27000000,0,user_46,605,619,
11710,30,27000000,0,user_42,606,619,
10747,28,27000000,0,user_41,602,619,
10988,29,27000000,0,user_40,603,619,
13115,31,27000000,0,user_38,611,619,
12785,36,26999999,0,user_0,610,619,12221
13087,37,26999999,0,user_11,611,619,12221
12482,35,26999999,0,user_11,609,619,12221
13099,38,26999999,0,user_23,611,619,12221
13380,39,26999999,0,user_14,612,619,12221
13666,34,26999999,0,user_19,613,619,12221
14178,41,26999999,0,user_12,615,619,12221
14177,40,26999999,0,user_11,615,619,12221
14700,37,19000001,0,builder_18,616,616,10588
10588,46,19000000,13900,user_43,601,619,
12830,49,19000000,0,user_45,610,619,
11960,50,19000000,0,user_38,607,619,
13406,51,19000000,0,user_41,612,619,
13117,52,73000,17700000,user_40,611,619,
14701,43,72999,0,builder_18,616,616,13117
10450,54,6300000,155000,user_8,600,619,
14702,45,6299999,0,builder_18,616,616,10450
10986,57,6300000,146000,user_39,603,619,
14703,47,6299999,0,builder_18,616,616,10986
10572,62,6300001,0,user_25,601,619,10450
10569,61,6300001,0,user_20,601,619,10450
10473,63,6300001,0,user_23,600,619,10450
10476,64,6300001,0,user_23,600,619,10450
10478,66,6300001,0,user_25,600,619,10450
10477,65,6300001,0,user_24,600,619,10450
11192,58,6300001,0,user_3,604,619,10986
11196,59,6300001,0,user_9,604,619,10986
11193,60,6300001,0,user_6,604,619,10450
13693,68,6300000,0,user_47,613,619,
10740,73,6300000,0,user_34,602,619,
10468,70,6300000,0,user_20,600,619,
10453,71,6300000,0,user_12,600,619,
10456,72,6300000,0,user_15,600,619,
10973,74,6300000,0,user_29,603,619,
11216,69,6300000,0,user_32,604,619,
13395,75,6300000,0,user_31,612,619,
10725,81,6299999,0,user_18,602,619,10450
10729,82,6299999,0,user_24,602,619,10450
10943,83,6299999,0,user_1,603,619,10450
10562,78,6299999,0,user_13,601,619,10450
10474,79,6299999,0,user_23,600,619,10450
10475,80,6299999,0,user_23,600,619,10450
11197,76,6299999,0,user_10,604,619,10450
11207,77,6299999,0,user_20,604,619,10450
12227,87,6100000,8520,user_49,608,619,
14704,74,6099999,0,builder_18,616,616,12227
13942,91,6100000,0,user_40,614,619,
11001,89,6100000,0,user_44,603,619,
10497,88,6100000,0,user_45,600,619,
10975,90,6100000,0,user_31,603,619,
14705,79,5000001,0,builder_18,616,616,13945
13945,92,5000000,594000,user_43,614,619,
14706,81,5200001,0,builder_18,616,616,13925
13925,95,5200000,285000,user_27,614,619,
14481,99,5200000,0,user_45,616,619,
10585,94,5000000,6390,user_38,601,617,
14707,85,4999999,0,builder_18,616,616,10585
11709,86,5000000,0,user_40,606,616,
10742,87,5000000,0,user_36,602,616,
10748,88,5000000,0,user_41,602,616,
10749,96,5000000,0,user_43,602,617,
10445,98,5000000,0,user_4,600,617,
10462,99,5000000,0,user_17,600,617,
11226,97,5000000,0,user_45,604,617,
13408,93,5000000,0,user_41,612,616,
14708,94,4200001,0,builder_18,616,616,13413
13413,95,4200000,545000,user_45,612,616,
11456,96,4500000,121000,user_46,605,616,
14709,97,4499999,0,builder_18,616,616,11456
13948,98,4500000,0,user_47,614,616,
13686,99,4500000,0,user_37,613,616,
14205,1,43000000,0,user_38,615,619,
10444,2,43000000,0,user_2,600,619,
14754,0,43000000,0,user_39,617,619,
14955,3,30000001,0,builder_18,617,617,11448
11448,3,30000000,11200,user_33,605,619,
13929,10,30000000,0,user_32,614,619,
13118,9,30000000,0,user_41,611,619,
11969,8,30000000,0,user_45,607,619,
10484,6,30000000,0,user_34,600,619,
11457,5,30000000,0,user_47,605,619,
11715,7,30000000,0,user_46,606,619,
12221,12,27000000,779000,user_37,608,619,
14956,12,26999999,0,builder_18,617,617,12221
14164,25,27000001,0,user_0,615,619,12221
14173,24,27000001,0,user_7,615,619,12221
14171,26,27000001,0,user_5,615,619,12221
13921,17,27000001,0,user_20,614,619,12221
12783,20,27000001,0,user_0,610,619,12221
12796,19,27000001,0,user_11,610,619,12221
13075,21,27000001,0,user_0,611,619,12221
13091,22,27000001,0,user_15,611,619,12221
13101,23,27000001,0,user_25,611,619,12221
12494,18,27000001,0,user_20,609,619,12221
13653,16,27000001,0,user_10,613,619,12221
14453,15,27000001,0,user_8,616,619,12221
14711,14,27000001,0,user_1,617,619,12221
14731,13,27000001,0,user_17,617,619,12221
13115,31,27000000,0,user_38,611,619,
10988,29,27000000,0,user_40,603,619,
10747,28,27000000,0,user_41,602,619,
11455,27,27000000,0,user_46,605,619,
11710,30,27000000,0,user_42,606,619,
14177,40,26999999,0,user_11,615,619,12221
14178,41,26999999,0,user_12,615,619,12221
12785,36,26999999,0,user_0,610,619,12221
13087,37,26999999,0,user_11,611,619,12221
13099,38,26999999,0,user_23,611,619,12221
12482,35,26999999,0,user_11,609,619,12221
13380,39,26999999,0,user_14,612,619,12221
13666,34,26999999,0,user_19,613,619,12221
14719,33,26999999,0,user_7,617,619,12221
10588,46,19000000,13900,user_43,601,619,
14957,42,18999999,0,builder_18,617,617,10588
12830,49,19000000,0,user_45,610,619,
11960,50,19000000,0,user_38,607,619,
13406,51,19000000,0,user_41,612,619,
14488,48,19000000,0,user_49,616,619,
13117,52,73000,17700000,user_40,611,619,
14958,48,72999,0,builder_18,617,617,13117
14959,49,6300001,0,builder_18,617,617,10450
10450,54,6300000,155000,user_8,600,619,
10986,57,6300000,146000,user_39,603,619,
14960,52,6299999,0,builder_18,617,617,10986
10473,63,6300001,0,user_23,600,619,10450
10476,64,6300001,0,user_23,600,619,10450
10477,65,6300001,0,user_24,600,619,10450
10478,66,6300001,0,user_25,600,619,10450
10569,61,6300001,0,user_20,601,619,10450
10572,62,6300001,0,user_25,601,619,10450
11192,58,6300001,0,user_3,604,619,10986
11193,60,6300001,0,user_6,604,619,10450
11196,59,6300001,0,user_9,604,619,10986
13693,68,6300000,0,user_47,613,619,
10973,74,6300000,0,user_29,603,619,
10453,71,6300000,0,user_12,600,619,
10468,70,6300000,0,user_20,600,619,
10456,72,6300000,0,user_15,600,619,
10740,73,6300000,0,user_34,602,619,
11216,69,6300000,0,user_32,604,619,
13395,75,6300000,0,user_31,612,619,
14746,67,6300000,0,user_33,617,619,
10943,83,6299999,0,user_1,603,619,10450
11197,76,6299999,0,user_10,604,619,10450
11207,77,6299999,0,user_20,604,619,10450
10474,79,6299999,0,user_23,600,619,10450
10475,80,6299999,0,user_23,600,619,10450
10562,78,6299999,0,user_13,601,619,10450
10725,81,6299999,0,user_18,602,619,10450
10729,82,6299999,0,user_24,602,619,10450
14765,85,5200000,959000,user_46,617,619,
14961,80,5199999,0,builder_18,617,617,14765
12227,87,6100000,8520,user_49,608,619,
14962,82,6099999,0,builder_18,617,617,12227
13942,91,6100000,0,user_40,614,619,
11001,89,6100000,0,user_44,603,619,
10975,90,6100000,0,user_31,603,619,
10497,88,6100000,0,user_45,600,619,
14963,87,5000001,0,builder_18,617,617,13945
13945,92,5000000,594000,user_43,614,619,
14964,89,5200001,0,builder_18,617,617,13925
13925,95,5200000,285000,user_27,614,619,
14481,99,5200000,0,user_45,616,619,
14757,97,5000000,68100,user_41,617,618,
14965,93,4999999,0,builder_18,617,617,14757
10585,94,5000000,6390,user_38,601,617,
14966,95,4999999,0,builder_18,617,617,10585
10749,96,5000000,0,user_43,602,617,
11226,97,5000000,0,user_45,604,617,
10445,98,5000000,0,user_4,600,617,
10462,99,5000000,0,user_17,600,617,
14205,1,43000000,0,user_38,615,619,
10444,2,43000000,0,user_2,600,619,
14754,0,43000000,0,user_39,617,619,
11448,3,30000000,11200,user_33,605,619,
15232,4,29999999,0,builder_18,618,618,11448
13118,9,30000000,0,user_41,611,619,
11969,8,30000000,0,user_45,607,619,
10484,6,30000000,0,user_34,600,619,
11457,5,30000000,0,user_47,605,619,
11715,7,30000000,0,user_46,606,619,
13929,10,30000000,0,user_32,614,619,
15233,11,27000001,0,builder_18,618,618,12221
12221,12,27000000,779000,user_37,608,619,
14173,24,27000001,0,user_7,615,619,12221
14164,25,27000001,0,user_0,615,619,12221
14171,26,27000001,0,user_5,615,619,12221
14453,15,27000001,0,user_8,616,619,12221
14711,14,27000001,0,user_1,617,619,12221
13075,21,27000001,0,user_0,611,619,12221
13091,22,27000001,0,user_15,611,619,12221
13101,23,27000001,0,user_25,611,619,12221
13653,16,27000001,0,user_10,613,619,12221
12494,18,27000001,0,user_20,609,619,12221
12783,20,27000001,0,user_0,610,619,12221
12796,19,27000001,0,user_11,610,619,12221
13921,17,27000001,0,user_20,614,619,12221
14731,13,27000001,0,user_17,617,619,12221
13115,31,27000000,0,user_38,611,619,
10988,29,27000000,0,user_40,603,619,
10747,28,27000000,0,user_41,602,619,
11455,27,27000000,0,user_46,605,619,
11710,30,27000000,0,user_42,606,619,
14178,41,26999999,0,user_12,615,619,12221
14177,40,26999999,0,user_11,615,619,12221
14719,33,26999999,0,user_7,617,619,12221
13087,37,26999999,0,user_11,611,619,12221
13099,38,26999999,0,user_23,611,619,12221
13380,39,26999999,0,user_14,612,619,12221
13666,34,26999999,0,user_19,613,619,12221
12482,35,26999999,0,user_11,609,619,12221
12785,36,26999999,0,user_0,610,619,12221
10588,46,19000000,13900,user_43,601,619,
15234,42,18999999,0,builder_18,618,618,10588
14488,48,19000000,0,user_49,616,619,
13406,51,19000000,0,user_41,612,619,
11960,50,19000000,0,user_38,607,619,
12830,49,19000000,0,user_45,610,619,
15235,47,73001,0,builder_18,618,618,13117
13117,52,73000,17700000,user_40,611,619,
10450,54,6300000,155000,user_8,600,619,
15236,50,6299999,0,builder_18,618,618,10450
15237,51,6300001,0,builder_18,618,618,10986
10986,57,6300000,146000,user_39,603,619,
11192,58,6300001,0,user_3,604,619,10986
11193,60,6300001,0,user_6,604,619,10450
10473,63,6300001,0,user_23,600,619,10450
10476,64,6300001,0,user_23,600,619,10450
10477,65,6300001,0,user_24,600,619,10450
10572,62,6300001,0,user_25,601,619,10450
10569,61,6300001,0,user_20,601,619,10450
11196,59,6300001,0,user_9,604,619,10986
10478,66,6300001,0,user_25,600,619,10450
13395,75,6300000,0,user_31,612,619,
10973,74,6300000,0,user_29,603,619,
11216,69,6300000,0,user_32,604,619,
10453,71,6300000,0,user_12,600,619,
10456,72,6300000,0,user_15,600,619,
10468,70,6300000,0,user_20,600,619,
10740,73,6300000,0,user_34,602,619,
13693,68,6300000,0,user_47,613,619,
14746,67,6300000,0,user_33,617,619,
11207,77,6299999,0,user_20,604,619,10450
11197,76,6299999,0,user_10,604,619,10450
10474,79,6299999,0,user_23,600,619,10450
10475,80,6299999,0,user_23,600,619,10450
10562,78,6299999,0,user_13,601,619,10450
10725,81,6299999,0,user_18,602,619,10450
10729,82,6299999,0,user_24,602,619,10450
10943,83,6299999,0,user_1,603,619,10450
15238,79,5200001,0,builder_18,618,618,14765
14765,85,5200000,959000,user_46,617,619,
15239,81,6100001,0,builder_18,618,618,12227
12227,87,6100000,8520,user_49,608,619,
10975,90,6100000,0,user_31,603,619,
11001,89,6100000,0,user_44,603,619,
10497,88,6100000,0,user_45,600,619,
13942,91,6100000,0,user_40,614,619,
15240,87,5000001,0,builder_18,618,618,13945
13945,92,5000000,594000,user_43,614,619,
13925,95,5200000,285000,user_27,614,619,
15241,90,5199999,0,builder_18,618,618,13925
14982,96,5200001,0,user_14,618,619,14765
14976,97,5200001,0,user_9,618,619,14765
14481,99,5200000,0,user_45,616,619,
14970,94,5199999,0,user_1,618,618,14765
14974,95,5199999,0,user_7,618,618,14765
14986,96,5199999,0,user_20,618,618,14765
14757,97,5000000,68100,user_41,617,618,
15242,98,4999999,0,builder_18,618,618,14757
15243,99,5000001,0,builder_18,618,618,10585
14754,0,43000000,0,user_39,617,619,
14205,1,43000000,0,user_38,615,619,
10444,2,43000000,0,user_2,600,619,
11448,3,30000000,11200,user_33,605,619,
15498,4,29999999,0,builder_18,619,619,11448
11457,5,30000000,0,user_47,605,619,
10484,6,30000000,0,user_34,600,619,
11715,7,30000000,0,user_46,606,619,
11969,8,30000000,0,user_45,607,619,
13118,9,30000000,0,user_41,611,619,
13929,10,30000000,0,user_32,614,619,
15499,11,27000001,0,builder_18,619,619,12221
12221,12,27000000,779000,user_37,608,619,
14731,13,27000001,0,user_17,617,619,12221
14711,14,27000001,0,user_1,617,619,12221
14453,15,27000001,0,user_8,616,619,12221
13653,16,27000001,0,user_10,613,619,12221
13921,17,27000001,0,user_20,614,619,12221
12494,18,27000001,0,user_20,609,619,12221
12796,19,27000001,0,user_11,610,619,12221
12783,20,27000001,0,user_0,610,619,12221
13075,21,27000001,0,user_0,611,619,12221
13091,22,27000001,0,user_15,611,619,12221
13101,23,27000001,0,user_25,611,619,12221
14173,24,27000001,0,user_7,615,619,12221
14164,25,27000001,0,user_0,615,619,12221
14171,26,27000001,0,user_5,615,619,12221
11455,27,27000000,0,user_46,605,619,
10747,28,27000000,0,user_41,602,619,
10988,29,27000000,0,user_40,603,619,
11710,30,27000000,0,user_42,606,619,
13115,31,27000000,0,user_38,611,619,
15285,32,27000000,0,user_34,619,619,
14719,33,26999999,0,user_7,617,619,12221
13666,34,26999999,0,user_19,613,619,12221
12482,35,26999999,0,user_11,609,619,12221
12785,36,26999999,0,user_0,610,619,12221
13087,37,26999999,0,user_11,611,619,12221
13099,38,26999999,0,user_23,611,619,12221
13380,39,26999999,0,user_14,612,619,12221
14177,40,26999999,0,user_11,615,619,12221
14178,41,26999999,0,user_12,615,619,12221
15256,42,26999999,0,user_9,619,619,12221
15257,43,26999999,0,user_9,619,619,12221
15293,44,19000000,283000,user_42,619,619,
15500,45,18999999,0,builder_18,619,619,15293
10588,46,19000000,13900,user_43,601,619,
15501,47,18999999,0,builder_18,619,619,10588
14488,48,19000000,0,user_49,616,619,
12830,49,19000000,0,user_45,610,619,
11960,50,19000000,0,user_38,607,619,
13406,51,19000000,0,user_41,612,619,
13117,52,73000,17700000,user_40,611,619,
15502,53,72999,0,builder_18,619,619,13117
10450,54,6300000,155000,user_8,600,619,
15503,55,6299999,0,builder_18,619,619,10450
15504,56,6300001,0,builder_18,619,619,10986
10986,57,6300000,146000,user_39,603,619,
11192,58,6300001,0,user_3,604,619,10986
11196,59,6300001,0,user_9,604,619,10986
11193,60,6300001,0,user_6,604,619,10450
10569,61,6300001,0,user_20,601,619,10450
10572,62,6300001,0,user_25,601,619,10450
10473,63,6300001,0,user_23,600,619,10450
10476,64,6300001,0,user_23,600,619,10450
10477,65,6300001,0,user_24,600,619,10450
10478,66,6300001,0,user_25,600,619,10450
14746,67,6300000,0,user_33,617,619,
13693,68,6300000,0,user_47,613,619,
11216,69,6300000,0,user_32,604,619,
10468,70,6300000,0,user_20,600,619,
10453,71,6300000,0,user_12,600,619,
10456,72,6300000,0,user_15,600,619,
10740,73,6300000,0,user_34,602,619,
10973,74,6300000,0,user_29,603,619,
13395,75,6300000,0,user_31,612,619,
11197,76,6299999,0,user_10,604,619,10450
11207,77,6299999,0,user_20,604,619,10450
10562,78,6299999,0,user_13,601,619,10450
10474,79,6299999,0,user_23,600,619,10450
10475,80,6299999,0,user_23,600,619,10450
10725,81,6299999,0,user_18,602,619,10450
10729,82,6299999,0,user_24,602,619,10450
10943,83,6299999,0,user_1,603,619,10450
15505,84,5200001,0,builder_18,619,619,14765
14765,85,5200000,959000,user_46,617,619,
15506,86,6100001,0,builder_18,619,619,12227
12227,87,6100000,8520,user_49,608,619,
10497,88,6100000,0,user_45,600,619,
11001,89,6100000,0,user_44,603,619,
10975,90,6100000,0,user_31,603,619,
13942,91,6100000,0,user_40,614,619,
13945,92,5000000,594000,user_43,614,619,
15507,93,4999999,0,builder_18,619,619,13945
15508,94,5200001,0,builder_18,619,619,13925
13925,95,5200000,285000,user_27,614,619,
14982,96,5200001,0,user_14,618,619,14765
14976,97,5200001,0,user_9,618,619,14765
15245,98,5200001,0,user_3,619,619,14765
14481,99,5200000,0,user_45,616,619,
10444,2,43000000,0,user_2,620,639,
10484,6,30000000,0,user_34,620,639,
10450,54,6300000,155000,user_8,620,639,
10547,3,6299999,0,builder_18,620,620,10450
10473,63,6300001,0,user_23,620,639,10450
10476,64,6300001,0,user_23,620,639,10450
10477,65,6300001,0,user_24,620,639,10450
10478,66,6300001,0,user_25,620,639,10450
10453,71,6300000,0,user_12,620,639,
10468,70,6300000,0,user_20,620,639,
10456,72,6300000,0,user_15,620,639,
10474,79,6299999,0,user_23,620,639,10450
10475,80,6299999,0,user_23,620,639,10450
10497,88,6100000,0,user_45,620,639,
10445,98,5000000,0,user_4,620,637,
10462,99,5000000,0,user_17,620,637,
10448,98,4500000,0,user_6,620,635,
10455,99,2500000,0,user_14,620,632,
10485,92,2500000,0,user_34,620,631,
10465,94,2300000,0,user_17,620,631,
10454,99,2000000,0,user_13,620,630,
10494,94,2000000,0,user_42,620,629,
10548,22,1800001,0,builder_18,620,620,10496
10496,88,1800000,128000,user_44,620,628,
10493,94,1600000,0,user_42,620,626,
10490,92,1500000,0,user_41,620,625,
10460,96,1400000,0,user_16,620,625,
10469,90,1100000,0,user_21,620,624,
10481,92,970000,0,user_32,620,623,
10492,94,910000,0,user_42,620,623,
10461,96,870000,0,user_16,620,623,
10500,99,530000,11200,user_48,620,623,
10549,32,529999,0,builder_18,620,620,10500
10498,81,420000,67500,user_46,620,622,
10550,34,419999,0,builder_18,620,620,10498
10452,83,460000,0,user_10,620,622,
10495,84,460000,0,user_42,620,622,
10551,37,79001,0,builder_18,620,620,10480
10480,62,79000,296000,user_32,620,621,
10443,63,320000,0,user_1,620,621,
10458,64,310000,0,user_16,620,621,
10464,65,300000,0,user_17,620,621,
10491,66,300000,0,user_42,620,621,
10466,67,260000,0,user_18,620,621,
10499,69,220000,0,user_47,620,621,
10447,70,170000,0,user_5,620,621,
10488,72,170000,0,user_39,620,621,
10472,71,170000,0,user_22,620,621,
10457,75,160000,0,user_16,620,621,
10451,79,160000,0,user_9,620,621,
10463,77,160000,0,user_17,620,621,
10489,78,160000,0,user_40,620,621,
10482,76,160000,0,user_32,620,621,
10483,81,130000,0,user_32,620,621,
10459,82,120000,0,user_16,620,621,
10471,83,120000,0,user_22,620,621,
10449,88,87000,0,user_7,620,621,
10470,90,80000,0,user_21,620,621,
10487,89,80000,0,user_37,620,621,
10446,59,73000,0,user_4,620,620,
10444,2,43000000,0,user_2,620,639,
10484,6,30000000,0,user_34,620,639,
10699,2,6300001,0,builder_18,621,621,10450
10450,54,6300000,155000,user_8,620,639,
10473,63,6300001,0,user_23,620,639,10450
10476,64,6300001,0,user_23,620,639,10450
10477,65,6300001,0,user_24,620,639,10450
10478,66,6300001,0,user_25,620,639,10450
10569,61,6300001,0,user_20,621,639,10450
10572,62,6300001,0,user_25,621,639,10450
10453,71,6300000,0,user_12,620,639,
10468,70,6300000,0,user_20,620,639,
10456,72,6300000,0,user_15,620,639,
10474,79,6299999,0,user_23,620,639,10450
10475,80,6299999,0,user_23,620,639,10450
10562,78,6299999,0,user_13,621,639,10450
10497,88,6100000,0,user_45,620,639,
10445,98,5000000,0,user_4,620,637,
10462,99,5000000,0,user_17,620,637,
10448,98,4500000,0,user_6,620,635,
10575,96,3200000,0,user_27,621,633,
10455,99,2500000,0,user_14,620,632,
10485,92,2500000,0,user_34,620,631,
10465,94,2300000,0,user_17,620,631,
10586,91,2100000,0,user_41,621,630,
10454,99,2000000,0,user_13,620,630,
10494,94,2000000,0,user_42,620,629,
10496,88,1800000,128000,user_44,620,628,
10700,28,1799999,0,builder_18,621,621,10496
10565,96,1800001,0,user_16,621,628,10496
10554,97,1799999,0,user_2,621,628,10496
10558,98,1799999,0,user_10,621,628,10496
10566,89,1799999,0,user_17,621,627,10496
10493,94,1600000,0,user_42,620,626,
10579,95,1600000,0,user_33,621,626,
10490,92,1500000,0,user_41,620,625,
10701,36,1400001,0,builder_18,621,621,10580
10580,95,1400000,6390,user_34,621,625,
10460,96,1400000,0,user_16,620,625,
10577,99,1000000,381000,user_29,621,625,
10702,40,999999,0,builder_18,621,621,10577
10469,90,1100000,0,user_21,620,624,
10486,85,1000000,0,user_35,620,623,
10481,92,970000,0,user_32,620,623,
10492,94,910000,0,user_42,620,623,
10578,95,910000,0,user_32,621,623,
10461,96,870000,0,user_16,620,623,
10582,97,630000,0,user_36,621,623,
10500,99,530000,11200,user_48,620,623,
10703,49,529999,0,builder_18,621,621,10500
10563,77,530001,0,user_14,621,622,10500
10571,78,530001,0,user_24,621,622,10500
10567,79,529999,0,user_18,621,622,10500
10704,53,420001,0,builder_18,621,621,10498
10498,81,420000,67500,user_46,620,622,
10452,83,460000,0,user_10,620,622,
10495,84,460000,0,user_42,620,622,
10564,85,420001,0,user_15,621,622,10498
10573,86,420001,0,user_26,621,622,10498
10705,59,340001,0,builder_18,621,621,10589
10589,60,340000,60700,user_47,621,621,
10706,61,79001,0,builder_18,621,621,10480
10480,62,79000,296000,user_32,620,621,
10443,63,320000,0,user_1,620,621,
10458,64,310000,0,user_16,620,621,
10464,65,300000,0,user_17,620,621,
10491,66,300000,0,user_42,620,621,
10466,67,260000,0,user_18,620,621,
10504,68,240000,0,user_49,620,621,
10499,69,220000,0,user_47,620,621,
10447,70,170000,0,user_5,620,621,
10472,71,170000,0,user_22,620,621,
10488,72,170000,0,user_39,620,621,
10501,73,170000,0,user_49,620,621,
10479,74,160000,0,user_28,620,621,
10457,75,160000,0,user_16,620,621,
10482,76,160000,0,user_32,620,621,
10463,77,160000,0,user_17,620,621,
10489,78,160000,0,user_40,620,621,
10451,79,160000,0,user_9,620,621,
10505,80,150000,0,user_49,620,621,
10483,81,130000,0,user_32,620,621,
10459,82,120000,0,user_16,620,621,
10471,83,120000,0,user_22,620,621,
10502,84,120000,0,user_49,620,621,
10584,85,120000,0,user_37,621,621,
10574,86,110000,0,user_27,621,621,
10583,87,98000,0,user_36,621,621,
10449,88,87000,0,user_7,620,621,
10487,89,80000,0,user_37,620,621,
10470,90,80000,0,user_21,620,621,
10555,91,79001,0,user_3,621,621,10480
10561,92,79001,0,user_11,621,621,10480
10557,93,79001,0,user_10,621,621,10480
10552,94,78999,0,user_1,621,621,10480
10553,95,78999,0,user_2,621,621,10480
10560,96,78999,0,user_11,621,621,10480
10559,97,78999,0,user_10,621,621,10480
10570,98,78999,0,user_21,621,621,10480
10556,99,78999,0,user_9,621,621,10480
10444,2,43000000,0,user_2,620,639,
10484,6,30000000,0,user_34,620,639,
10747,28,27000000,0,user_41,622,639,
10915,3,19000001,0,builder_16,622,622,10588
10588,46,19000000,13900,user_43,621,639,
10916,5,6300001,0,builder_16,622,622,10450
10450,54,6300000,155000,user_8,620,639,
10473,63,6300001,0,user_23,620,639,10450
10476,64,6300001,0,user_23,620,639,10450
10477,65,6300001,0,user_24,620,639,10450
10478,66,6300001,0,user_25,620,639,10450
10569,61,6300001,0,user_20,621,639,10450
10572,62,6300001,0,user_25,621,639,10450
10453,71,6300000,0,user_12,620,639,
10468,70,6300000,0,user_20,620,639,
10456,72,6300000,0,user_15,620,639,
10740,73,6300000,0,user_34,622,639,
10474,79,6299999,0,user_23,620,639,10450
10475,80,6299999,0,user_23,620,639,10450
10562,78,6299999,0,user_13,621,639,10450
10725,81,6299999,0,user_18,622,639,10450
10729,82,6299999,0,user_24,622,639,10450
10497,88,6100000,0,user_45,620,639,
10917,23,5000001,0,builder_16,622,622,10585
10585,94,5000000,6390,user_38,621,637,
10445,98,5000000,0,user_4,620,637,
10462,99,5000000,0,user_17,620,637,
10748,88,5000000,0,user_41,622,636,
10742,87,5000000,0,user_36,622,636,
10448,98,4500000,0,user_6,620,635,
10576,97,4500000,0,user_28,621,635,
10575,96,3200000,0,user_27,621,633,
10455,99,2500000,0,user_14,620,632,
10485,92,2500000,0,user_34,620,631,
10465,94,2300000,0,user_17,620,631,
10586,91,2100000,0,user_41,621,630,
10454,99,2000000,0,user_13,620,630,
10494,94,2000000,0,user_42,620,629,
10737,95,2000000,0,user_32,622,629,
10496,88,1800000,128000,user_44,620,628,
10918,40,1799999,0,builder_16,622,622,10496
10565,96,1800001,0,user_16,621,628,10496
10732,95,1800001,0,user_26,622,628,10496
10554,97,1799999,0,user_2,621,628,10496
10558,98,1799999,0,user_10,621,628,10496
10566,89,1799999,0,user_17,621,627,10496
10710,99,1799999,0,user_2,622,628,10496
10493,94,1600000,0,user_42,620,626,
10579,95,1600000,0,user_33,621,626,
10754,96,1600000,0,user_46,622,626,
10490,92,1500000,0,user_41,620,625,
10739,91,1500000,0,user_32,622,625,
10919,52,1400001,0,builder_16,622,622,10580
10580,95,1400000,6390,user_34,621,625,
10460,96,1400000,0,user_16,620,625,
10577,99,1000000,381000,user_29,621,625,
10920,56,999999,0,builder_16,622,622,10577
10469,90,1100000,0,user_21,620,624,
10590,89,1100000,0,user_49,621,624,
10711,95,1000001,0,user_3,622,624,10577
10722,96,1000001,0,user_14,622,624,10577
10727,98,1000001,0,user_22,622,624,10577
10721,94,1000001,0,user_13,622,624,10577
10726,97,1000001,0,user_21,622,624,10577
10486,85,1000000,0,user_35,620,623,
10587,86,1000000,0,user_43,621,623,
10716,88,999999,0,user_9,622,623,10577
10718,87,999999,0,user_10,622,623,10577
10723,89,999999,0,user_15,622,623,10577
10481,92,970000,0,user_32,620,623,
10492,94,910000,0,user_42,620,623,
10578,95,910000,0,user_32,621,623,
10461,96,870000,0,user_16,620,623,
10582,97,630000,0,user_36,621,623,
10753,98,600000,0,user_46,622,623,
10921,75,530001,0,builder_16,622,622,10500
10500,99,530000,11200,user_48,620,623,
10563,77,530001,0,user_14,621,622,10500
10571,78,530001,0,user_24,621,622,10500
10567,79,529999,0,user_18,621,622,10500
10922,80,420001,0,builder_16,622,622,10498
10498,81,420000,67500,user_46,620,622,
10750,82,470000,0,user_45,622,622,
10452,83,460000,0,user_10,620,622,
10495,84,460000,0,user_42,620,622,
10564,85,420001,0,user_15,621,622,10498
10573,86,420001,0,user_26,621,622,10498
10730,87,420001,0,user_24,622,622,10498
10568,88,419999,0,user_19,621,622,10498
10712,89,419999,0,user_4,622,622,10498
10717,90,419999,0,user_9,622,622,10498
10708,91,419999,0,user_2,622,622,10498
10709,92,419999,0,user_2,622,622,10498
10719,93,419999,0,user_11,622,622,10498
10713,94,419999,0,user_6,622,622,10498
10724,95,419999,0,user_17,622,622,10498
10715,96,419999,0,user_7,622,622,10498
10728,97,419999,0,user_23,622,622,10498
10731,98,419999,0,user_24,622,622,10498
10923,99,340001,0,builder_16,622,622,10589
10444,2,43000000,0,user_2,620,639,
10484,6,30000000,0,user_34,620,639,
10747,28,27000000,0,user_41,622,639,
10988,29,27000000,0,user_40,623,639,
11161,4,19000001,0,builder_16,623,623,10588
10588,46,19000000,13900,user_43,621,639,
10450,54,6300000,155000,user_8,620,639,
11162,7,6299999,0,builder_16,623,623,10450
11163,8,6300001,0,builder_16,623,623,10986
10986,57,6300000,146000,user_39,623,639,
10473,63,6300001,0,user_23,620,639,10450
10476,64,6300001,0,user_23,620,639,10450
10477,65,6300001,0,user_24,620,639,10450
10478,66,6300001,0,user_25,620,639,10450
10569,61,6300001,0,user_20,621,639,10450
10572,62,6300001,0,user_25,621,639,10450
10453,71,6300000,0,user_12,620,639,
10468,70,6300000,0,user_20,620,639,
10456,72,6300000,0,user_15,620,639,
10740,73,6300000,0,user_34,622,639,
10973,74,6300000,0,user_29,623,639,
10474,79,6299999,0,user_23,620,639,10450
10475,80,6299999,0,user_23,620,639,10450
10562,78,6299999,0,user_13,621,639,10450
10725,81,6299999,0,user_18,622,639,10450
10943,83,6299999,0,user_1,623,639,10450
10729,82,6299999,0,user_24,622,639,10450
10497,88,6100000,0,user_45,620,639,
11001,89,6100000,0,user_44,623,639,
10585,94,5000000,6390,user_38,621,637,
11164,30,4999999,0,builder_16,623,623,10585
10445,98,5000000,0,user_4,620,637,
10462,99,5000000,0,user_17,620,637,
10749,96,5000000,0,user_43,622,637,
10742,87,5000000,0,user_36,622,636,
10748,88,5000000,0,user_41,622,636,
10448,98,4500000,0,user_6,620,635,
10576,97,4500000,0,user_28,621,635,
10575,96,3200000,0,user_27,621,633,
10455,99,2500000,0,user_14,620,632,
10485,92,2500000,0,user_34,620,631,
10465,94,2300000,0,user_17,620,631,
10984,95,2300000,0,user_37,623,631,
10586,91,2100000,0,user_41,621,630,
10733,93,2000000,49100,user_27,622,630,
11165,45,1999999,0,builder_16,623,623,10733
10454,99,2000000,0,user_13,620,630,
10494,94,2000000,0,user_42,620,629,
10737,95,2000000,0,user_32,622,629,
11000,95,2000000,0,user_44,623,630,
10991,96,2000000,0,user_40,623,630,
10996,97,2000000,0,user_41,623,630,
10496,88,1800000,128000,user_44,620,628,
11166,53,1799999,0,builder_16,623,623,10496
10995,90,1900000,0,user_41,623,628,
10565,96,1800001,0,user_16,621,628,10496
10732,95,1800001,0,user_26,622,628,10496
10554,97,1799999,0,user_2,621,628,10496
10558,98,1799999,0,user_10,621,628,10496
10566,89,1799999,0,user_17,621,627,10496
10710,99,1799999,0,user_2,622,628,10496
10947,92,1799999,0,user_6,623,627,10496
10493,94,1600000,0,user_42,620,626,
10579,95,1600000,0,user_33,621,626,
10754,96,1600000,0,user_46,622,626,
10490,92,1500000,0,user_41,620,625,
10739,91,1500000,0,user_32,622,625,
10994,93,1500000,0,user_41,623,625,
11167,68,1400001,0,builder_16,623,623,10580
10580,95,1400000,6390,user_34,621,625,
10460,96,1400000,0,user_16,620,625,
10577,99,1000000,381000,user_29,621,625,
11168,72,999999,0,builder_16,623,623,10577
10997,83,1300000,0,user_41,623,624,
10469,90,1100000,0,user_21,620,624,
10590,89,1100000,0,user_49,621,624,
10989,91,1100000,0,user_40,623,624,
11169,77,1000001,0,builder_16,623,623,10980
10980,93,1000000,15700,user_33,623,624,
10711,95,1000001,0,user_3,622,624,10577
10722,96,1000001,0,user_14,622,624,10577
10726,97,1000001,0,user_21,622,624,10577
10721,94,1000001,0,user_13,622,624,10577
10727,98,1000001,0,user_22,622,624,10577
10945,99,1000001,0,user_3,623,624,10577
10486,85,1000000,0,user_35,620,623,
10587,86,1000000,0,user_43,621,623,
10718,87,999999,0,user_10,622,623,10577
10716,88,999999,0,user_9,622,623,10577
10723,89,999999,0,user_15,622,623,10577
10955,90,999999,0,user_11,623,623,10577
10957,91,999999,0,user_12,623,623,10577
10481,92,970000,0,user_32,620,623,
10744,93,970000,0,user_38,622,623,
10492,94,910000,0,user_42,620,623,
10578,95,910000,0,user_32,621,623,
10461,96,870000,0,user_16,620,623,
10582,97,630000,0,user_36,621,623,
10753,98,600000,0,user_46,622,623,
10500,99,530000,11200,user_48,620,623,
10444,2,43000000,0,user_2,620,639,
10484,6,30000000,0,user_34,620,639,
10747,28,27000000,0,user_41,622,639,
10988,29,27000000,0,user_40,623,639,
11383,4,19000001,0,builder_16,624,624,10588
10588,46,19000000,13900,user_43,621,639,
11384,6,6300001,0,builder_16,624,624,10450
10450,54,6300000,155000,user_8,620,639,
10569,61,6300001,0,user_20,621,639,10450
10572,62,6300001,0,user_25,621,639,10450
10473,63,6300001,0,user_23,620,639,10450
10476,64,6300001,0,user_23,620,639,10450
10477,65,6300001,0,user_24,620,639,10450
10478,66,6300001,0,user_25,620,639,10450
11196,59,6300001,0,user_9,624,639,10986
11192,58,6300001,0,user_3,624,639,10986
11193,60,6300001,0,user_6,624,639,10450
10468,70,6300000,0,user_20,620,639,
10453,71,6300000,0,user_12,620,639,
10456,72,6300000,0,user_15,620,639,
10740,73,6300000,0,user_34,622,639,
10973,74,6300000,0,user_29,623,639,
11216,69,6300000,0,user_32,624,639,
10562,78,6299999,0,user_13,621,639,10450
10474,79,6299999,0,user_23,620,639,10450
10475,80,6299999,0,user_23,620,639,10450
10725,81,6299999,0,user_18,622,639,10450
10729,82,6299999,0,user_24,622,639,10450
10943,83,6299999,0,user_1,623,639,10450
11197,76,6299999,0,user_10,624,639,10450
11207,77,6299999,0,user_20,624,639,10450
10497,88,6100000,0,user_45,620,639,
11001,89,6100000,0,user_44,623,639,
10975,90,6100000,0,user_31,623,639,
11385,34,5000001,0,builder_16,624,624,10585
10585,94,5000000,6390,user_38,621,637,
10445,98,5000000,0,user_4,620,637,
10462,99,5000000,0,user_17,620,637,
10748,88,5000000,0,user_41,622,636,
10742,87,5000000,0,user_36,622,636,
10749,96,5000000,0,user_43,622,637,
11226,97,5000000,0,user_45,624,637,
10576,97,4500000,0,user_28,621,635,
10448,98,4500000,0,user_6,620,635,
10575,96,3200000,0,user_27,621,633,
10455,99,2500000,0,user_14,620,632,
10485,92,2500000,0,user_34,620,631,
10465,94,2300000,0,user_17,620,631,
10984,95,2300000,0,user_37,623,631,
11386,49,1200001,0,builder_16,624,624,10985
10985,98,1200000,959000,user_38,623,631,
10586,91,2100000,0,user_41,621,630,
10733,93,2000000,49100,user_27,622,630,
11387,53,1999999,0,builder_16,624,624,10733
10454,99,2000000,0,user_13,620,630,
10494,94,2000000,0,user_42,620,629,
10737,95,2000000,0,user_32,622,629,
11000,95,2000000,0,user_44,623,630,
10991,96,2000000,0,user_40,623,630,
10996,97,2000000,0,user_41,623,630,
10496,88,1800000,128000,user_44,620,628,
11388,61,1799999,0,builder_16,624,624,10496
10995,90,1900000,0,user_41,623,628,
11227,91,1600000,256000,user_46,624,628,
11389,64,1599999,0,builder_16,624,624,11227
10565,96,1800001,0,user_16,621,628,10496
10732,95,1800001,0,user_26,622,628,10496
10558,98,1799999,0,user_10,621,628,10496
10566,89,1799999,0,user_17,621,627,10496
10710,99,1799999,0,user_2,622,628,10496
10554,97,1799999,0,user_2,621,628,10496
10947,92,1799999,0,user_6,623,627,10496
10579,95,1600000,0,user_33,621,626,
10493,94,1600000,0,user_42,620,626,
10754,96,1600000,0,user_46,622,626,
10490,92,1500000,0,user_41,620,625,
10739,91,1500000,0,user_32,622,625,
10994,93,1500000,0,user_41,623,625,
11390,78,1400001,0,builder_16,624,624,10580
10580,95,1400000,6390,user_34,621,625,
10460,96,1400000,0,user_16,620,625,
11391,81,1000001,0,builder_16,624,624,10577
10577,99,1000000,381000,user_29,621,625,
10997,83,1300000,0,user_41,623,624,
11199,84,1200001,0,user_11,624,624,10985
11201,85,1200001,0,user_14,624,624,10985
11200,86,1200001,0,user_12,624,624,10985
11209,87,1199999,0,user_22,624,624,10985
11203,88,1199999,0,user_17,624,624,10985
10590,89,1100000,0,user_49,621,624,
10469,90,1100000,0,user_21,620,624,
10989,91,1100000,0,user_40,623,624,
11392,92,1000001,0,builder_16,624,624,10980
10980,93,1000000,15700,user_33,623,624,
10721,94,1000001,0,user_13,622,624,10577
10711,95,1000001,0,user_3,622,624,10577
10722,96,1000001,0,user_14,622,624,10577
10726,97,1000001,0,user_21,622,624,10577
10727,98,1000001,0,user_22,622,624,10577
10945,99,1000001,0,user_3,623,624,10577
10444,2,43000000,0,user_2,620,639,
11448,3,30000000,11200,user_33,625,639,
11638,2,29999999,0,builder_16,625,625,11448
10484,6,30000000,0,user_34,620,639,
11457,5,30000000,0,user_47,625,639,
10747,28,27000000,0,user_41,622,639,
10988,29,27000000,0,user_40,623,639,
11455,27,27000000,0,user_46,625,639,
11639,8,19000001,0,builder_16,625,625,10588
10588,46,19000000,13900,user_43,621,639,
10450,54,6300000,155000,user_8,620,639,
11640,11,6299999,0,builder_16,625,625,10450
11641,12,6300001,0,builder_16,625,625,10986
10986,57,6300000,146000,user_39,623,639,
10572,62,6300001,0,user_25,621,639,10450
10569,61,6300001,0,user_20,621,639,10450
10473,63,6300001,0,user_23,620,639,10450
10476,64,6300001,0,user_23,620,639,10450
10478,66,6300001,0,user_25,620,639,10450
10477,65,6300001,0,user_24,620,639,10450
11192,58,6300001,0,user_3,624,639,10986
11196,59,6300001,0,user_9,624,639,10986
11193,60,6300001,0,user_6,624,639,10450
10740,73,6300000,0,user_34,622,639,
10468,70,6300000,0,user_20,620,639,
10453,71,6300000,0,user_12,620,639,
10456,72,6300000,0,user_15,620,639,
10973,74,6300000,0,user_29,623,639,
11216,69,6300000,0,user_32,624,639,
10725,81,6299999,0,user_18,622,639,10450
10729,82,6299999,0,user_24,622,639,10450
10943,83,6299999,0,user_1,623,639,10450
10562,78,6299999,0,user_13,621,639,10450
10474,79,6299999,0,user_23,620,639,10450
10475,80,6299999,0,user_23,620,639,10450
11197,76,6299999,0,user_10,624,639,10450
11207,77,6299999,0,user_20,624,639,10450
11001,89,6100000,0,user_44,623,639,
10497,88,6100000,0,user_45,620,639,
10975,90,6100000,0,user_31,623,639,
11642,40,5000001,0,builder_16,625,625,10585
10585,94,5000000,6390,user_38,621,637,
10742,87,5000000,0,user_36,622,636,
10748,88,5000000,0,user_41,622,636,
10749,96,5000000,0,user_43,622,637,
10445,98,5000000,0,user_4,620,637,
10462,99,5000000,0,user_17,620,637,
11226,97,5000000,0,user_45,624,637,
11456,96,4500000,121000,user_46,625,636,
11643,49,4499999,0,builder_16,625,625,11456
10448,98,4500000,0,user_6,620,635,
10576,97,4500000,0,user_28,621,635,
11213,96,4200000,0,user_31,624,634,
10575,96,3200000,0,user_27,621,633,
10455,99,2500000,0,user_14,620,632,
10485,92,2500000,0,user_34,620,631,
11454,98,2500000,0,user_40,625,632,
10984,95,2300000,0,user_37,623,631,
10465,94,2300000,0,user_17,620,631,
11644,59,1200001,0,builder_16,625,625,10985
10985,98,1200000,959000,user_38,623,631,
10586,91,2100000,0,user_41,621,630,
11645,62,2000001,0,builder_16,625,625,10733
10733,93,2000000,49100,user_27,622,630,
10737,95,2000000,0,user_32,622,629,
11000,95,2000000,0,user_44,623,630,
10454,99,2000000,0,user_13,620,630,
10494,94,2000000,0,user_42,620,629,
10991,96,2000000,0,user_40,623,630,
10996,97,2000000,0,user_41,623,630,
11214,98,2000000,0,user_31,624,630,
10496,88,1800000,128000,user_44,620,628,
11646,72,1799999,0,builder_16,625,625,10496
10995,90,1900000,0,user_41,623,628,
11227,91,1600000,256000,user_46,624,628,
11647,75,1599999,0,builder_16,625,625,11227
10732,95,1800001,0,user_26,622,628,10496
10565,96,1800001,0,user_16,621,628,10496
10554,97,1799999,0,user_2,621,628,10496
10558,98,1799999,0,user_10,621,628,10496
10710,99,1799999,0,user_2,622,628,10496
10566,89,1799999,0,user_17,621,627,10496
10947,92,1799999,0,user_6,623,627,10496
11450,93,1600000,39400,user_36,625,627,
11648,84,1599999,0,builder_16,625,625,11450
11430,96,1600001,0,user_15,625,627,11227
11431,95,1600001,0,user_18,625,627,11227
10754,96,1600000,0,user_46,622,626,
10579,95,1600000,0,user_33,621,626,
10493,94,1600000,0,user_42,620,626,
11437,98,1599999,0,user_21,625,626,11227
10739,91,1500000,0,user_32,622,625,
10490,92,1500000,0,user_41,620,625,
10994,93,1500000,0,user_41,623,625,
11649,94,1400001,0,builder_16,625,625,10580
10580,95,1400000,6390,user_34,621,625,
10460,96,1400000,0,user_16,620,625,
11212,97,1400000,0,user_27,624,625,
11650,98,1000001,0,builder_16,625,625,10577
10577,99,1000000,381000,user_29,621,625,
10444,2,43000000,0,user_2,620,639,
11448,3,30000000,11200,user_33,625,639,
11895,2,29999999,0,builder_16,626,626,11448
10484,6,30000000,0,user_34,620,639,
11457,5,30000000,0,user_47,625,639,
11715,7,30000000,0,user_46,626,639,
10988,29,27000000,0,user_40,623,639,
10747,28,27000000,0,user_41,622,639,
11455,27,27000000,0,user_46,625,639,
11710,30,27000000,0,user_42,626,639,
10588,46,19000000,13900,user_43,621,639,
11896,11,18999999,0,builder_16,626,626,10588
11897,12,6300001,0,builder_16,626,626,10450
10450,54,6300000,155000,user_8,620,639,
11898,14,6300001,0,builder_16,626,626,10986
10986,57,6300000,146000,user_39,623,639,
10473,63,6300001,0,user_23,620,639,10450
10476,64,6300001,0,user_23,620,639,10450
10477,65,6300001,0,user_24,620,639,10450
10478,66,6300001,0,user_25,620,639,10450
10569,61,6300001,0,user_20,621,639,10450
10572,62,6300001,0,user_25,621,639,10450
11192,58,6300001,0,user_3,624,639,10986
11193,60,6300001,0,user_6,624,639,10450
11196,59,6300001,0,user_9,624,639,10986
10973,74,6300000,0,user_29,623,639,
10453,71,6300000,0,user_12,620,639,
10468,70,6300000,0,user_20,620,639,
10456,72,6300000,0,user_15,620,639,
10740,73,6300000,0,user_34,622,639,
11216,69,6300000,0,user_32,624,639,
10943,83,6299999,0,user_1,623,639,10450
11197,76,6299999,0,user_10,624,639,10450
11207,77,6299999,0,user_20,624,639,10450
10474,79,6299999,0,user_23,620,639,10450
10475,80,6299999,0,user_23,620,639,10450
10562,78,6299999,0,user_13,621,639,10450
10725,81,6299999,0,user_18,622,639,10450
10729,82,6299999,0,user_24,622,639,10450
11001,89,6100000,0,user_44,623,639,
10975,90,6100000,0,user_31,623,639,
10497,88,6100000,0,user_45,620,639,
10585,94,5000000,6390,user_38,621,637,
11899,43,4999999,0,builder_16,626,626,10585
10749,96,5000000,0,user_43,622,637,
11226,97,5000000,0,user_45,624,637,
10445,98,5000000,0,user_4,620,637,
10462,99,5000000,0,user_17,620,637,
10742,87,5000000,0,user_36,622,636,
10748,88,5000000,0,user_41,622,636,
11709,86,5000000,0,user_40,626,636,
11900,51,4500001,0,builder_16,626,626,11456
11456,96,4500000,121000,user_46,625,636,
10448,98,4500000,0,user_6,620,635,
10576,97,4500000,0,user_28,621,635,
11446,96,4500000,0,user_31,625,635,
11213,96,4200000,0,user_31,624,634,
10575,96,3200000,0,user_27,621,633,
11716,93,2600000,0,user_47,626,632,
10455,99,2500000,0,user_14,620,632,
10485,92,2500000,0,user_34,620,631,
11454,98,2500000,0,user_40,625,632,
10984,95,2300000,0,user_37,623,631,
10465,94,2300000,0,user_17,620,631,
10985,98,1200000,959000,user_38,623,631,
11901,65,1199999,0,builder_16,626,626,10985
10586,91,2100000,0,user_41,621,630,
10733,93,2000000,49100,user_27,622,630,
11902,68,1999999,0,builder_16,626,626,10733
11000,95,2000000,0,user_44,623,630,
10991,96,2000000,0,user_40,623,630,
10996,97,2000000,0,user_41,623,630,
10454,99,2000000,0,user_13,620,630,
10494,94,2000000,0,user_42,620,629,
10737,95,2000000,0,user_32,622,629,
11214,98,2000000,0,user_31,624,630,
11903,76,1800001,0,builder_16,626,626,10496
10496,88,1800000,128000,user_44,620,628,
10995,90,1900000,0,user_41,623,628,
11227,91,1600000,256000,user_46,624,628,
11904,80,1599999,0,builder_16,626,626,11227
10565,96,1800001,0,user_16,621,628,10496
10732,95,1800001,0,user_26,622,628,10496
10947,92,1799999,0,user_6,623,627,10496
10554,97,1799999,0,user_2,621,628,10496
10558,98,1799999,0,user_10,621,628,10496
10566,89,1799999,0,user_17,621,627,10496
10710,99,1799999,0,user_2,622,628,10496
11905,88,1600001,0,builder_16,626,626,11450
11450,93,1600000,39400,user_36,625,627,
11430,96,1600001,0,user_15,625,627,11227
11431,95,1600001,0,user_18,625,627,11227
11679,97,1600001,0,user_1,626,627,11227
11688,98,1600001,0,user_11,626,627,11227
10493,94,1600000,0,user_42,620,626,
10579,95,1600000,0,user_33,621,626,
10754,96,1600000,0,user_46,622,626,
11704,97,1600000,0,user_29,626,626,
11437,98,1599999,0,user_21,625,626,11227
11433,99,1599999,0,user_19,625,626,11227
10444,2,43000000,0,user_2,620,639,
11448,3,30000000,11200,user_33,625,639,
12166,2,29999999,0,builder_18,627,627,11448
11457,5,30000000,0,user_47,625,639,
10484,6,30000000,0,user_34,620,639,
11715,7,30000000,0,user_46,626,639,
11969,8,30000000,0,user_45,627,639,
11455,27,27000000,0,user_46,625,639,
10747,28,27000000,0,user_41,622,639,
10988,29,27000000,0,user_40,623,639,
11710,30,27000000,0,user_42,626,639,
10588,46,19000000,13900,user_43,621,639,
12167,12,18999999,0,builder_18,627,627,10588
12168,13,6300001,0,builder_18,627,627,10450
10450,54,6300000,155000,user_8,620,639,
12169,15,6300001,0,builder_18,627,627,10986
10986,57,6300000,146000,user_39,623,639,
11192,58,6300001,0,user_3,624,639,10986
11196,59,6300001,0,user_9,624,639,10986
11193,60,6300001,0,user_6,624,639,10450
10569,61,6300001,0,user_20,621,639,10450
10572,62,6300001,0,user_25,621,639,10450
10473,63,6300001,0,user_23,620,639,10450
10476,64,6300001,0,user_23,620,639,10450
10477,65,6300001,0,user_24,620,639,10450
10478,66,6300001,0,user_25,620,639,10450
11216,69,6300000,0,user_32,624,639,
10468,70,6300000,0,user_20,620,639,
10453,71,6300000,0,user_12,620,639,
10456,72,6300000,0,user_15,620,639,
10740,73,6300000,0,user_34,622,639,
10973,74,6300000,0,user_29,623,639,
11197,76,6299999,0,user_10,624,639,10450
11207,77,6299999,0,user_20,624,639,10450
10562,78,6299999,0,user_13,621,639,10450
10474,79,6299999,0,user_23,620,639,10450
10475,80,6299999,0,user_23,620,639,10450
10725,81,6299999,0,user_18,622,639,10450
10729,82,6299999,0,user_24,622,639,10450
10943,83,6299999,0,user_1,623,639,10450
10497,88,6100000,0,user_45,620,639,
11001,89,6100000,0,user_44,623,639,
10975,90,6100000,0,user_31,623,639,
12170,43,5000001,0,builder_18,627,627,10585
10585,94,5000000,6390,user_38,621,637,
11226,97,5000000,0,user_45,624,637,
10445,98,5000000,0,user_4,620,637,
10462,99,5000000,0,user_17,620,637,
10748,88,5000000,0,user_41,622,636,
10742,87,5000000,0,user_36,622,636,
10749,96,5000000,0,user_43,622,637,
11709,86,5000000,0,user_40,626,636,
11456,96,4500000,121000,user_46,625,636,
12171,53,4499999,0,builder_18,627,627,11456
11446,96,4500000,0,user_31,625,635,
10576,97,4500000,0,user_28,621,635,
10448,98,4500000,0,user_6,620,635,
11213,96,4200000,0,user_31,624,634,
10575,96,3200000,0,user_27,621,633,
11959,95,3200000,0,user_36,627,633,
11716,93,2600000,0,user_47,626,632,
11954,99,2600000,0,user_33,627,633,
11454,98,2500000,0,user_40,625,632,
10455,99,2500000,0,user_14,620,632,
10485,92,2500000,0,user_34,620,631,
10465,94,2300000,0,user_17,620,631,
10984,95,2300000,0,user_37,623,631,
10985,98,1200000,959000,user_38,623,631,
12172,68,1199999,0,builder_18,627,627,10985
10586,91,2100000,0,user_41,621,630,
12173,70,2000001,0,builder_18,627,627,10733
10733,93,2000000,49100,user_27,622,630,
11214,98,2000000,0,user_31,624,630,
10454,99,2000000,0,user_13,620,630,
10494,94,2000000,0,user_42,620,629,
10737,95,2000000,0,user_32,622,629,
11000,95,2000000,0,user_44,623,630,
10991,96,2000000,0,user_40,623,630,
10996,97,2000000,0,user_41,623,630,
12174,79,1800001,0,builder_18,627,627,10496
10496,88,1800000,128000,user_44,620,628,
10995,90,1900000,0,user_41,623,628,
12175,82,1600001,0,builder_18,627,627,11227
11227,91,1600000,256000,user_46,624,628,
12176,84,1300001,0,builder_18,627,627,11955
11955,94,1300000,510000,user_34,627,628,
10565,96,1800001,0,user_16,621,628,10496
10732,95,1800001,0,user_26,622,628,10496
10558,98,1799999,0,user_10,621,628,10496
10566,89,1799999,0,user_17,621,627,10496
10710,99,1799999,0,user_2,622,628,10496
10554,97,1799999,0,user_2,621,628,10496
10947,92,1799999,0,user_6,623,627,10496
11450,93,1600000,39400,user_36,625,627,
12177,94,1599999,0,builder_18,627,627,11450
11431,95,1600001,0,user_18,625,627,11227
11430,96,1600001,0,user_15,625,627,11227
11679,97,1600001,0,user_1,626,627,11227
11688,98,1600001,0,user_11,626,627,11227
11930,99,1600001,0,user_4,627,627,11227
10444,2,43000000,0,user_2,620,639,
11448,3,30000000,11200,user_33,625,639,
12451,2,29999999,0,builder_18,628,628,11448
11457,5,30000000,0,user_47,625,639,
11715,7,30000000,0,user_46,626,639,
11969,8,30000000,0,user_45,627,639,
10484,6,30000000,0,user_34,620,639,
12221,12,27000000,779000,user_37,628,639,
12452,8,26999999,0,builder_18,628,628,12221
11455,27,27000000,0,user_46,625,639,
11710,30,27000000,0,user_42,626,639,
10747,28,27000000,0,user_41,622,639,
10988,29,27000000,0,user_40,623,639,
10588,46,19000000,13900,user_43,621,639,
12453,14,18999999,0,builder_18,628,628,10588
11960,50,19000000,0,user_38,627,639,
12454,16,6300001,0,builder_18,628,628,10450
10450,54,6300000,155000,user_8,620,639,
10986,57,6300000,146000,user_39,623,639,
12455,19,6299999,0,builder_18,628,628,10986
10572,62,6300001,0,user_25,621,639,10450
10569,61,6300001,0,user_20,621,639,10450
10473,63,6300001,0,user_23,620,639,10450
10476,64,6300001,0,user_23,620,639,10450
10478,66,6300001,0,user_25,620,639,10450
10477,65,6300001,0,user_24,620,639,10450
11192,58,6300001,0,user_3,624,639,10986
11196,59,6300001,0,user_9,624,639,10986
11193,60,6300001,0,user_6,624,639,10450
10740,73,6300000,0,user_34,622,639,
10468,70,6300000,0,user_20,620,639,
10453,71,6300000,0,user_12,620,639,
10456,72,6300000,0,user_15,620,639,
10973,74,6300000,0,user_29,623,639,
11216,69,6300000,0,user_32,624,639,
10725,81,6299999,0,user_18,622,639,10450
10729,82,6299999,0,user_24,622,639,10450
10943,83,6299999,0,user_1,623,639,10450
10562,78,6299999,0,user_13,621,639,10450
10474,79,6299999,0,user_23,620,639,10450
10475,80,6299999,0,user_23,620,639,10450
11197,76,6299999,0,user_10,624,639,10450
11207,77,6299999,0,user_20,624,639,10450
11001,89,6100000,0,user_44,623,639,
10497,88,6100000,0,user_45,620,639,
10975,90,6100000,0,user_31,623,639,
10585,94,5000000,6390,user_38,621,637,
12456,47,4999999,0,builder_18,628,628,10585
11709,86,5000000,0,user_40,626,636,
10742,87,5000000,0,user_36,622,636,
10748,88,5000000,0,user_41,622,636,
10749,96,5000000,0,user_43,622,637,
10445,98,5000000,0,user_4,620,637,
10462,99,5000000,0,user_17,620,637,
11226,97,5000000,0,user_45,624,637,
11456,96,4500000,121000,user_46,625,636,
12457,56,4499999,0,builder_18,628,628,11456
11446,96,4500000,0,user_31,625,635,
10448,98,4500000,0,user_6,620,635,
10576,97,4500000,0,user_28,621,635,
11213,96,4200000,0,user_31,624,634,
12220,94,4200000,0,user_37,628,634,
12215,95,4200000,0,user_30,628,634,
11949,94,3500000,0,user_28,627,633,
10575,96,3200000,0,user_27,621,633,
11959,95,3200000,0,user_36,627,633,
11716,93,2600000,0,user_47,626,632,
11954,99,2600000,0,user_33,627,633,
11454,98,2500000,0,user_40,625,632,
10455,99,2500000,0,user_14,620,632,
10485,92,2500000,0,user_34,620,631,
10984,95,2300000,0,user_37,623,631,
10465,94,2300000,0,user_17,620,631,
12226,96,2300000,0,user_48,628,631,
12458,74,1200001,0,builder_18,628,628,10985
10985,98,1200000,959000,user_38,623,631,
12459,76,2100001,0,builder_18,628,628,11967
11967,99,2100000,33300,user_43,627,631,
10586,91,2100000,0,user_41,621,630,
10733,93,2000000,49100,user_27,622,630,
12460,80,1999999,0,builder_18,628,628,10733
10737,95,2000000,0,user_32,622,629,
11000,95,2000000,0,user_44,623,630,
10454,99,2000000,0,user_13,620,630,
10494,94,2000000,0,user_42,620,629,
10991,96,2000000,0,user_40,623,630,
10996,97,2000000,0,user_41,623,630,
11214,98,2000000,0,user_31,624,630,
10496,88,1800000,128000,user_44,620,628,
12461,89,1799999,0,builder_18,628,628,10496
10995,90,1900000,0,user_41,623,628,
11227,91,1600000,256000,user_46,624,628,
12462,92,1599999,0,builder_18,628,628,11227
12463,93,1300001,0,builder_18,628,628,11955
11955,94,1300000,510000,user_34,627,628,
10732,95,1800001,0,user_26,622,628,10496
10565,96,1800001,0,user_16,621,628,10496
10554,97,1799999,0,user_2,621,628,10496
10558,98,1799999,0,user_10,621,628,10496
10710,99,1799999,0,user_2,622,628,10496
10444,2,43000000,0,user_2,620,639,
11448,3,30000000,11200,user_33,625,639,
12768,2,29999999,0,builder_18,629,629,11448
11969,8,30000000,0,user_45,627,639,
10484,6,30000000,0,user_34,620,639,
11457,5,30000000,0,user_47,625,639,
11715,7,30000000,0,user_46,626,639,
12769,7,27000001,0,builder_18,629,629,12221
12221,12,27000000,779000,user_37,628,639,
12494,18,27000001,0,user_20,629,639,12221
10988,29,27000000,0,user_40,623,639,
10747,28,27000000,0,user_41,622,639,
11455,27,27000000,0,user_46,625,639,
11710,30,27000000,0,user_42,626,639,
12482,35,26999999,0,user_11,629,639,12221
12770,15,19000001,0,builder_18,629,629,10588
10588,46,19000000,13900,user_43,621,639,
11960,50,19000000,0,user_38,627,639,
12771,18,6300001,0,builder_18,629,629,10450
10450,54,6300000,155000,user_8,620,639,
12772,20,6300001,0,builder_18,629,629,10986
10986,57,6300000,146000,user_39,623,639,
10473,63,6300001,0,user_23,620,639,10450
10476,64,6300001,0,user_23,620,639,10450
10477,65,6300001,0,user_24,620,639,10450
10478,66,6300001,0,user_25,620,639,10450
10569,61,6300001,0,user_20,621,639,10450
10572,62,6300001,0,user_25,621,639,10450
11192,58,6300001,0,user_3,624,639,10986
11193,60,6300001,0,user_6,624,639,10450
11196,59,6300001,0,user_9,624,639,10986
10973,74,6300000,0,user_29,623,639,
10453,71,6300000,0,user_12,620,639,
10468,70,6300000,0,user_20,620,639,
10456,72,6300000,0,user_15,620,639,
10740,73,6300000,0,user_34,622,639,
11216,69,6300000,0,user_32,624,639,
10943,83,6299999,0,user_1,623,639,10450
11197,76,6299999,0,user_10,624,639,10450
11207,77,6299999,0,user_20,624,639,10450
10474,79,6299999,0,user_23,620,639,10450
10475,80,6299999,0,user_23,620,639,10450
10562,78,6299999,0,user_13,621,639,10450
10725,81,6299999,0,user_18,622,639,10450
10729,82,6299999,0,user_24,622,639,10450
12227,87,6100000,8520,user_49,628,639,
12773,46,6099999,0,builder_18,629,629,12227
11001,89,6100000,0,user_44,623,639,
10975,90,6100000,0,user_31,623,639,
10497,88,6100000,0,user_45,620,639,
12774,50,5000001,0,builder_18,629,629,10585
10585,94,5000000,6390,user_38,621,637,
10749,96,5000000,0,user_43,622,637,
11226,97,5000000,0,user_45,624,637,
10445,98,5000000,0,user_4,620,637,
10462,99,5000000,0,user_17,620,637,
10742,87,5000000,0,user_36,622,636,
10748,88,5000000,0,user_41,622,636,
11709,86,5000000,0,user_40,626,636,
11456,96,4500000,121000,user_46,625,636,
12775,60,4499999,0,builder_18,629,629,11456
10448,98,4500000,0,user_6,620,635,
10576,97,4500000,0,user_28,621,635,
11446,96,4500000,0,user_31,625,635,
12220,94,4200000,0,user_37,628,634,
11213,96,4200000,0,user_31,624,634,
12215,95,4200000,0,user_30,628,634,
12521,97,4200000,0,user_47,629,634,
12510,93,3500000,31700,user_39,629,633,
12776,69,3499999,0,builder_18,629,629,12510
11949,94,3500000,0,user_28,627,633,
11959,95,3200000,0,user_36,627,633,
10575,96,3200000,0,user_27,621,633,
11954,99,2600000,0,user_33,627,633,
11716,93,2600000,0,user_47,626,632,
12518,97,1800000,769000,user_44,629,632,
12777,76,1799999,0,builder_18,629,629,12518
10455,99,2500000,0,user_14,620,632,
10485,92,2500000,0,user_34,620,631,
11454,98,2500000,0,user_40,625,632,
10984,95,2300000,0,user_37,623,631,
10465,94,2300000,0,user_17,620,631,
12226,96,2300000,0,user_48,628,631,
10985,98,1200000,959000,user_38,623,631,
12778,84,1199999,0,builder_18,629,629,10985
11967,99,2100000,33300,user_43,627,631,
12779,86,2099999,0,builder_18,629,629,11967
10586,91,2100000,0,user_41,621,630,
10733,93,2000000,49100,user_27,622,630,
12780,89,1999999,0,builder_18,629,629,10733
11000,95,2000000,0,user_44,623,630,
10991,96,2000000,0,user_40,623,630,
10996,97,2000000,0,user_41,623,630,
10454,99,2000000,0,user_13,620,630,
10494,94,2000000,0,user_42,620,629,
10737,95,2000000,0,user_32,622,629,
11214,98,2000000,0,user_31,624,630,
12509,94,2000000,0,user_37,629,630,
12514,98,2000000,0,user_42,629,629,
12781,99,1800001,0,builder_18,629,629,10496
10444,2,43000000,0,user_2,620,639,
11448,3,30000000,11200,user_33,625,639,
13062,2,29999999,0,builder_18,630,630,11448
11969,8,30000000,0,user_45,627,639,
10484,6,30000000,0,user_34,620,639,
11457,5,30000000,0,user_47,625,639,
11715,7,30000000,0,user_46,626,639,
12221,12,27000000,779000,user_37,628,639,
13063,8,26999999,0,builder_18,630,630,12221
12494,18,27000001,0,user_20,629,639,12221
12783,20,27000001,0,user_0,630,639,12221
12796,19,27000001,0,user_11,630,639,12221
10988,29,27000000,0,user_40,623,639,
10747,28,27000000,0,user_41,622,639,
11455,27,27000000,0,user_46,625,639,
11710,30,27000000,0,user_42,626,639,
12482,35,26999999,0,user_11,629,639,12221
12785,36,26999999,0,user_0,630,639,12221
13064,18,19000001,0,builder_18,630,630,10588
10588,46,19000000,13900,user_43,621,639,
11960,50,19000000,0,user_38,627,639,
12830,49,19000000,0,user_45,630,639,
10450,54,6300000,155000,user_8,620,639,
13065,23,6299999,0,builder_18,630,630,10450
10986,57,6300000,146000,user_39,623,639,
13066,25,6299999,0,builder_18,630,630,10986
11192,58,6300001,0,user_3,624,639,10986
11193,60,6300001,0,user_6,624,639,10450
10473,63,6300001,0,user_23,620,639,10450
10476,64,6300001,0,user_23,620,639,10450
10477,65,6300001,0,user_24,620,639,10450
10572,62,6300001,0,user_25,621,639,10450
10569,61,6300001,0,user_20,621,639,10450
11196,59,6300001,0,user_9,624,639,10986
10478,66,6300001,0,user_25,620,639,10450
10973,74,6300000,0,user_29,623,639,
11216,69,6300000,0,user_32,624,639,
10453,71,6300000,0,user_12,620,639,
10456,72,6300000,0,user_15,620,639,
10468,70,6300000,0,user_20,620,639,
10740,73,6300000,0,user_34,622,639,
11207,77,6299999,0,user_20,624,639,10450
11197,76,6299999,0,user_10,624,639,10450
10474,79,6299999,0,user_23,620,639,10450
10475,80,6299999,0,user_23,620,639,10450
10562,78,6299999,0,user_13,621,639,10450
10725,81,6299999,0,user_18,622,639,10450
10729,82,6299999,0,user_24,622,639,10450
10943,83,6299999,0,user_1,623,639,10450
13067,49,6100001,0,builder_18,630,630,12227
12227,87,6100000,8520,user_49,628,639,
10975,90,6100000,0,user_31,623,639,
11001,89,6100000,0,user_44,623,639,
10497,88,6100000,0,user_45,620,639,
13068,54,5000001,0,builder_18,630,630,10585
10585,94,5000000,6390,user_38,621,637,
11226,97,5000000,0,user_45,624,637,
10462,99,5000000,0,user_17,620,637,
10749,96,5000000,0,user_43,622,637,
10445,98,5000000,0,user_4,620,637,
10742,87,5000000,0,user_36,622,636,
10748,88,5000000,0,user_41,622,636,
11709,86,5000000,0,user_40,626,636,
11456,96,4500000,121000,user_46,625,636,
13069,64,4499999,0,builder_18,630,630,11456
10448,98,4500000,0,user_6,620,635,
10576,97,4500000,0,user_28,621,635,
11446,96,4500000,0,user_31,625,635,
12220,94,4200000,0,user_37,628,634,
12215,95,4200000,0,user_30,628,634,
11213,96,4200000,0,user_31,624,634,
12521,97,4200000,0,user_47,629,634,
13070,72,3500001,0,builder_18,630,630,12510
12510,93,3500000,31700,user_39,629,633,
11949,94,3500000,0,user_28,627,633,
11959,95,3200000,0,user_36,627,633,
10575,96,3200000,0,user_27,621,633,
11954,99,2600000,0,user_33,627,633,
11716,93,2600000,0,user_47,626,632,
12518,97,1800000,769000,user_44,629,632,
13071,80,1799999,0,builder_18,630,630,12518
10455,99,2500000,0,user_14,620,632,
10485,92,2500000,0,user_34,620,631,
11454,98,2500000,0,user_40,625,632,
12226,96,2300000,0,user_48,628,631,
10984,95,2300000,0,user_37,623,631,
10465,94,2300000,0,user_17,620,631,
10985,98,1200000,959000,user_38,623,631,
13072,88,1199999,0,builder_18,630,630,10985
11967,99,2100000,33300,user_43,627,631,
13073,90,2099999,0,builder_18,630,630,11967
10586,91,2100000,0,user_41,621,630,
13074,92,2000001,0,builder_18,630,630,10733
10733,93,2000000,49100,user_27,622,630,
12509,94,2000000,0,user_37,629,630,
11000,95,2000000,0,user_44,623,630,
10991,96,2000000,0,user_40,623,630,
10996,97,2000000,0,user_41,623,630,
11214,98,2000000,0,user_31,624,630,
10454,99,2000000,0,user_13,620,630,
10444,2,43000000,0,user_2,620,639,
11448,3,30000000,11200,user_33,625,639,
13358,2,29999999,0,builder_18,631,631,11448
11457,5,30000000,0,user_47,625,639,
10484,6,30000000,0,user_34,620,639,
11715,7,30000000,0,user_46,626,639,
11969,8,30000000,0,user_45,627,639,
13118,9,30000000,0,user_41,631,639,
12221,12,27000000,779000,user_37,628,639,
13359,9,26999999,0,builder_18,631,631,12221
12494,18,27000001,0,user_20,629,639,12221
12796,19,27000001,0,user_11,630,639,12221
12783,20,27000001,0,user_0,630,639,12221
13075,21,27000001,0,user_0,631,639,12221
13091,22,27000001,0,user_15,631,639,12221
13101,23,27000001,0,user_25,631,639,12221
11455,27,27000000,0,user_46,625,639,
10747,28,27000000,0,user_41,622,639,
10988,29,27000000,0,user_40,623,639,
11710,30,27000000,0,user_42,626,639,
12482,35,26999999,0,user_11,629,639,12221
12785,36,26999999,0,user_0,630,639,12221
13087,37,26999999,0,user_11,631,639,12221
13099,38,26999999,0,user_23,631,639,12221
13360,24,19000001,0,builder_18,631,631,10588
10588,46,19000000,13900,user_43,621,639,
12830,49,19000000,0,user_45,630,639,
11960,50,19000000,0,user_38,627,639,
13117,52,73000,17700000,user_40,631,639,
13361,29,72999,0,builder_18,631,631,13117
10450,54,6300000,155000,user_8,620,639,
13362,31,6299999,0,builder_18,631,631,10450
10986,57,6300000,146000,user_39,623,639,
13363,33,6299999,0,builder_18,631,631,10986
11192,58,6300001,0,user_3,624,639,10986
11196,59,6300001,0,user_9,624,639,10986
11193,60,6300001,0,user_6,624,639,10450
10569,61,6300001,0,user_20,621,639,10450
10572,62,6300001,0,user_25,621,639,10450
10473,63,6300001,0,user_23,620,639,10450
10476,64,6300001,0,user_23,620,639,10450
10477,65,6300001,0,user_24,620,639,10450
10478,66,6300001,0,user_25,620,639,10450
11216,69,6300000,0,user_32,624,639,
10468,70,6300000,0,user_20,620,639,
10453,71,6300000,0,user_12,620,639,
10456,72,6300000,0,user_15,620,639,
10740,73,6300000,0,user_34,622,639,
10973,74,6300000,0,user_29,623,639,
11197,76,6299999,0,user_10,624,639,10450
11207,77,6299999,0,user_20,624,639,10450
10562,78,6299999,0,user_13,621,639,10450
10474,79,6299999,0,user_23,620,639,10450
10475,80,6299999,0,user_23,620,639,10450
10725,81,6299999,0,user_18,622,639,10450
10729,82,6299999,0,user_24,622,639,10450
10943,83,6299999,0,user_1,623,639,10450
13364,57,6100001,0,builder_18,631,631,12227
12227,87,6100000,8520,user_49,628,639,
10497,88,6100000,0,user_45,620,639,
11001,89,6100000,0,user_44,623,639,
10975,90,6100000,0,user_31,623,639,
13365,62,5000001,0,builder_18,631,631,10585
10585,94,5000000,6390,user_38,621,637,
11226,97,5000000,0,user_45,624,637,
10445,98,5000000,0,user_4,620,637,
10462,99,5000000,0,user_17,620,637,
10748,88,5000000,0,user_41,622,636,
10742,87,5000000,0,user_36,622,636,
10749,96,5000000,0,user_43,622,637,
11709,86,5000000,0,user_40,626,636,
13366,71,4500001,0,builder_18,631,631,11456
11456,96,4500000,121000,user_46,625,636,
11446,96,4500000,0,user_31,625,635,
10576,97,4500000,0,user_28,621,635,
10448,98,4500000,0,user_6,620,635,
13122,99,4500000,0,user_46,631,635,
12521,97,4200000,0,user_47,629,634,
12220,94,4200000,0,user_37,628,634,
11213,96,4200000,0,user_31,624,634,
12215,95,4200000,0,user_30,628,634,
12510,93,3500000,31700,user_39,629,633,
13367,82,3499999,0,builder_18,631,631,12510
11949,94,3500000,0,user_28,627,633,
10575,96,3200000,0,user_27,621,633,
11959,95,3200000,0,user_36,627,633,
11716,93,2600000,0,user_47,626,632,
11954,99,2600000,0,user_33,627,633,
12518,97,1800000,769000,user_44,629,632,
13368,89,1799999,0,builder_18,631,631,12518
11454,98,2500000,0,user_40,625,632,
10455,99,2500000,0,user_14,620,632,
10485,92,2500000,0,user_34,620,631,
13103,93,2400000,0,user_27,631,631,
10465,94,2300000,0,user_17,620,631,
10984,95,2300000,0,user_37,623,631,
12226,96,2300000,0,user_48,628,631,
13369,97,1200001,0,builder_18,631,631,10985
10985,98,1200000,959000,user_38,623,631,
11967,99,2100000,33300,user_43,627,631,
10444,2,43000000,0,user_2,620,639,
11448,3,30000000,11200,user_33,625,639,
13627,2,29999999,0,builder_18,632,632,11448
11457,5,30000000,0,user_47,625,639,
11715,7,30000000,0,user_46,626,639,
11969,8,30000000,0,user_45,627,639,
10484,6,30000000,0,user_34,620,639,
13118,9,30000000,0,user_41,631,639,
13628,8,27000001,0,builder_18,632,632,12221
12221,12,27000000,779000,user_37,628,639,
12796,19,27000001,0,user_11,630,639,12221
12783,20,27000001,0,user_0,630,639,12221
13075,21,27000001,0,user_0,631,639,12221
12494,18,27000001,0,user_20,629,639,12221
13091,22,27000001,0,user_15,631,639,12221
13101,23,27000001,0,user_25,631,639,12221
11455,27,27000000,0,user_46,625,639,
11710,30,27000000,0,user_42,626,639,
10747,28,27000000,0,user_41,622,639,
10988,29,27000000,0,user_40,623,639,
13115,31,27000000,0,user_38,631,639,
12785,36,26999999,0,user_0,630,639,12221
13087,37,26999999,0,user_11,631,639,12221
12482,35,26999999,0,user_11,629,639,12221
13099,38,26999999,0,user_23,631,639,12221
13380,39,26999999,0,user_14,632,639,12221
13629,26,19000001,0,builder_18,632,632,10588
10588,46,19000000,13900,user_43,621,639,
12830,49,19000000,0,user_45,630,639,
11960,50,19000000,0,user_38,627,639,
13406,51,19000000,0,user_41,632,639,
13630,31,73001,0,builder_18,632,632,13117
13117,52,73000,17700000,user_40,631,639,
13631,33,6300001,0,builder_18,632,632,10450
10450,54,6300000,155000,user_8,620,639,
13632,35,6300001,0,builder_18,632,632,10986
10986,57,6300000,146000,user_39,623,639,
10572,62,6300001,0,user_25,621,639,10450
10569,61,6300001,0,user_20,621,639,10450
10473,63,6300001,0,user_23,620,639,10450
10476,64,6300001,0,user_23,620,639,10450
10478,66,6300001,0,user_25,620,639,10450
10477,65,6300001,0,user_24,620,639,10450
11192,58,6300001,0,user_3,624,639,10986
11196,59,6300001,0,user_9,624,639,10986
11193,60,6300001,0,user_6,624,639,10450
10740,73,6300000,0,user_34,622,639,
10468,70,6300000,0,user_20,620,639,
10453,71,6300000,0,user_12,620,639,
10456,72,6300000,0,user_15,620,639,
10973,74,6300000,0,user_29,623,639,
11216,69,6300000,0,user_32,624,639,
10725,81,6299999,0,user_18,622,639,10450
10729,82,6299999,0,user_24,622,639,10450
10943,83,6299999,0,user_1,623,639,10450
10562,78,6299999,0,user_13,621,639,10450
10474,79,6299999,0,user_23,620,639,10450
10475,80,6299999,0,user_23,620,639,10450
11197,76,6299999,0,user_10,624,639,10450
11207,77,6299999,0,user_20,624,639,10450
13633,60,6100001,0,builder_18,632,632,12227
12227,87,6100000,8520,user_49,628,639,
11001,89,6100000,0,user_44,623,639,
10497,88,6100000,0,user_45,620,639,
10975,90,6100000,0,user_31,623,639,
10585,94,5000000,6390,user_38,621,637,
13634,66,4999999,0,builder_18,632,632,10585
11709,86,5000000,0,user_40,626,636,
10742,87,5000000,0,user_36,622,636,
10748,88,5000000,0,user_41,622,636,
10749,96,5000000,0,user_43,622,637,
10445,98,5000000,0,user_4,620,637,
10462,99,5000000,0,user_17,620,637,
11226,97,5000000,0,user_45,624,637,
13408,93,5000000,0,user_41,632,636,
13413,95,4200000,545000,user_45,632,636,
13635,76,4199999,0,builder_18,632,632,13413
11456,96,4500000,121000,user_46,625,636,
13636,78,4499999,0,builder_18,632,632,11456
11446,96,4500000,0,user_31,625,635,
10448,98,4500000,0,user_6,620,635,
10576,97,4500000,0,user_28,621,635,
13122,99,4500000,0,user_46,631,635,
11213,96,4200000,0,user_31,624,634,
12220,94,4200000,0,user_37,628,634,
12215,95,4200000,0,user_30,628,634,
12521,97,4200000,0,user_47,629,634,
13405,91,3600000,0,user_39,632,633,
12510,93,3500000,31700,user_39,629,633,
13637,89,3499999,0,builder_18,632,632,12510
11949,94,3500000,0,user_28,627,633,
10575,96,3200000,0,user_27,621,633,
11959,95,3200000,0,user_36,627,633,
11716,93,2600000,0,user_47,626,632,
11954,99,2600000,0,user_33,627,633,
13399,98,2600000,0,user_37,632,633,
13638,96,1800001,0,builder_18,632,632,12518
12518,97,1800000,769000,user_44,629,632,
11454,98,2500000,0,user_40,625,632,
10455,99,2500000,0,user_14,620,632,
10444,2,43000000,0,user_2,620,639,
11448,3,30000000,11200,user_33,625,639,
13895,2,29999999,0,builder_18,633,633,11448
13118,9,30000000,0,user_41,631,639,
11969,8,30000000,0,user_45,627,639,
10484,6,30000000,0,user_34,620,639,
11457,5,30000000,0,user_47,625,639,
11715,7,30000000,0,user_46,626,639,
12221,12,27000000,779000,user_37,628,639,
13896,9,26999999,0,builder_18,633,633,12221
12783,20,27000001,0,user_0,630,639,12221
12796,19,27000001,0,user_11,630,639,12221
13075,21,27000001,0,user_0,631,639,12221
13091,22,27000001,0,user_15,631,639,12221
13101,23,27000001,0,user_25,631,639,12221
12494,18,27000001,0,user_20,629,639,12221
13653,16,27000001,0,user_10,633,639,12221
13115,31,27000000,0,user_38,631,639,
10988,29,27000000,0,user_40,623,639,
10747,28,27000000,0,user_41,622,639,
11455,27,27000000,0,user_46,625,639,
11710,30,27000000,0,user_42,626,639,
12785,36,26999999,0,user_0,630,639,12221
13087,37,26999999,0,user_11,631,639,12221
13099,38,26999999,0,user_23,631,639,12221
12482,35,26999999,0,user_11,629,639,12221
13380,39,26999999,0,user_14,632,639,12221
10588,46,19000000,13900,user_43,621,639,
13897,28,18999999,0,builder_18,633,633,10588
12830,49,19000000,0,user_45,630,639,
11960,50,19000000,0,user_38,627,639,
13406,51,19000000,0,user_41,632,639,
13117,52,73000,17700000,user_40,631,639,
13898,33,72999,0,builder_18,633,633,13117
10450,54,6300000,155000,user_8,620,639,
13899,35,6299999,0,builder_18,633,633,10450
10986,57,6300000,146000,user_39,623,639,
13900,37,6299999,0,builder_18,633,633,10986
10473,63,6300001,0,user_23,620,639,10450
10476,64,6300001,0,user_23,620,639,10450
10477,65,6300001,0,user_24,620,639,10450
10478,66,6300001,0,user_25,620,639,10450
10569,61,6300001,0,user_20,621,639,10450
10572,62,6300001,0,user_25,621,639,10450
11192,58,6300001,0,user_3,624,639,10986
11193,60,6300001,0,user_6,624,639,10450
11196,59,6300001,0,user_9,624,639,10986
10973,74,6300000,0,user_29,623,639,
10453,71,6300000,0,user_12,620,639,
10468,70,6300000,0,user_20,620,639,
10456,72,6300000,0,user_15,620,639,
10740,73,6300000,0,user_34,622,639,
11216,69,6300000,0,user_32,624,639,
13395,75,6300000,0,user_31,632,639,
13693,68,6300000,0,user_47,633,639,
10943,83,6299999,0,user_1,623,639,10450
11197,76,6299999,0,user_10,624,639,10450
11207,77,6299999,0,user_20,624,639,10450
10474,79,6299999,0,user_23,620,639,10450
10475,80,6299999,0,user_23,620,639,10450
10562,78,6299999,0,user_13,621,639,10450
10725,81,6299999,0,user_18,622,639,10450
10729,82,6299999,0,user_24,622,639,10450
12227,87,6100000,8520,user_49,628,639,
13901,64,6099999,0,builder_18,633,633,12227
11001,89,6100000,0,user_44,623,639,
10975,90,6100000,0,user_31,623,639,
10497,88,6100000,0,user_45,620,639,
10585,94,5000000,6390,user_38,621,637,
13902,69,4999999,0,builder_18,633,633,10585
10749,96,5000000,0,user_43,622,637,
11226,97,5000000,0,user_45,624,637,
10445,98,5000000,0,user_4,620,637,
10462,99,5000000,0,user_17,620,637,
10742,87,5000000,0,user_36,622,636,
10748,88,5000000,0,user_41,622,636,
11709,86,5000000,0,user_40,626,636,
13408,93,5000000,0,user_41,632,636,
13903,78,4200001,0,builder_18,633,633,13413
13413,95,4200000,545000,user_45,632,636,
11456,96,4500000,121000,user_46,625,636,
13904,81,4499999,0,builder_18,633,633,11456
13122,99,4500000,0,user_46,631,635,
10448,98,4500000,0,user_6,620,635,
10576,97,4500000,0,user_28,621,635,
11446,96,4500000,0,user_31,625,635,
13686,99,4500000,0,user_37,633,636,
12220,94,4200000,0,user_37,628,634,
11213,96,4200000,0,user_31,624,634,
12215,95,4200000,0,user_30,628,634,
12521,97,4200000,0,user_47,629,634,
13405,91,3600000,0,user_39,632,633,
13905,92,3500001,0,builder_18,633,633,12510
12510,93,3500000,31700,user_39,629,633,
11949,94,3500000,0,user_28,627,633,
11959,95,3200000,0,user_36,627,633,
10575,96,3200000,0,user_27,621,633,
13684,97,3200000,0,user_36,633,633,
13399,98,2600000,0,user_37,632,633,
11954,99,2600000,0,user_33,627,633,
10444,2,43000000,0,user_2,620,639,
14152,1,30000001,0,builder_18,634,634,11448
11448,3,30000000,11200,user_33,625,639,
13118,9,30000000,0,user_41,631,639,
11969,8,30000000,0,user_45,627,639,
10484,6,30000000,0,user_34,620,639,
11457,5,30000000,0,user_47,625,639,
11715,7,30000000,0,user_46,626,639,
13929,10,30000000,0,user_32,634,639,
14153,9,27000001,0,builder_18,634,634,12221
12221,12,27000000,779000,user_37,628,639,
13075,21,27000001,0,user_0,631,639,12221
13091,22,27000001,0,user_15,631,639,12221
13101,23,27000001,0,user_25,631,639,12221
13653,16,27000001,0,user_10,633,639,12221
12494,18,27000001,0,user_20,629,639,12221
12783,20,27000001,0,user_0,630,639,12221
12796,19,27000001,0,user_11,630,639,12221
13921,17,27000001,0,user_20,634,639,12221
13115,31,27000000,0,user_38,631,639,
10988,29,27000000,0,user_40,623,639,
10747,28,27000000,0,user_41,622,639,
11455,27,27000000,0,user_46,625,639,
11710,30,27000000,0,user_42,626,639,
13087,37,26999999,0,user_11,631,639,12221
13099,38,26999999,0,user_23,631,639,12221
13380,39,26999999,0,user_14,632,639,12221
13666,34,26999999,0,user_19,633,639,12221
12482,35,26999999,0,user_11,629,639,12221
12785,36,26999999,0,user_0,630,639,12221
10588,46,19000000,13900,user_43,621,639,
14154,31,18999999,0,builder_18,634,634,10588
13406,51,19000000,0,user_41,632,639,
11960,50,19000000,0,user_38,627,639,
12830,49,19000000,0,user_45,630,639,
13117,52,73000,17700000,user_40,631,639,
14155,36,72999,0,builder_18,634,634,13117
10450,54,6300000,155000,user_8,620,639,
14156,38,6299999,0,builder_18,634,634,10450
14157,39,6300001,0,builder_18,634,634,10986
10986,57,6300000,146000,user_39,623,639,
11192,58,6300001,0,user_3,624,639,10986
11193,60,6300001,0,user_6,624,639,10450
10473,63,6300001,0,user_23,620,639,10450
10476,64,6300001,0,user_23,620,639,10450
10477,65,6300001,0,user_24,620,639,10450
10572,62,6300001,0,user_25,621,639,10450
10569,61,6300001,0,user_20,621,639,10450
11196,59,6300001,0,user_9,624,639,10986
10478,66,6300001,0,user_25,620,639,10450
13395,75,6300000,0,user_31,632,639,
10973,74,6300000,0,user_29,623,639,
11216,69,6300000,0,user_32,624,639,
10453,71,6300000,0,user_12,620,639,
10456,72,6300000,0,user_15,620,639,
10468,70,6300000,0,user_20,620,639,
10740,73,6300000,0,user_34,622,639,
13693,68,6300000,0,user_47,633,639,
11207,77,6299999,0,user_20,624,639,10450
11197,76,6299999,0,user_10,624,639,10450
10474,79,6299999,0,user_23,620,639,10450
10475,80,6299999,0,user_23,620,639,10450
10562,78,6299999,0,user_13,621,639,10450
10725,81,6299999,0,user_18,622,639,10450
10729,82,6299999,0,user_24,622,639,10450
10943,83,6299999,0,user_1,623,639,10450
12227,87,6100000,8520,user_49,628,639,
14158,67,6099999,0,builder_18,634,634,12227
10975,90,6100000,0,user_31,623,639,
11001,89,6100000,0,user_44,623,639,
10497,88,6100000,0,user_45,620,639,
13942,91,6100000,0,user_40,634,639,
13925,95,5200000,285000,user_27,634,639,
14159,73,5199999,0,builder_18,634,634,13925
14160,74,5000001,0,builder_18,634,634,10585
10585,94,5000000,6390,user_38,621,637,
13408,93,5000000,0,user_41,632,636,
11226,97,5000000,0,user_45,624,637,
10462,99,5000000,0,user_17,620,637,
10749,96,5000000,0,user_43,622,637,
10445,98,5000000,0,user_4,620,637,
10742,87,5000000,0,user_36,622,636,
10748,88,5000000,0,user_41,622,636,
11709,86,5000000,0,user_40,626,636,
14161,84,4200001,0,builder_18,634,634,13413
13413,95,4200000,545000,user_45,632,636,
11456,96,4500000,121000,user_46,625,636,
14162,87,4499999,0,builder_18,634,634,11456
13122,99,4500000,0,user_46,631,635,
13686,99,4500000,0,user_37,633,636,
10448,98,4500000,0,user_6,620,635,
10576,97,4500000,0,user_28,621,635,
11446,96,4500000,0,user_31,625,635,
13948,98,4500000,0,user_47,634,636,
12220,94,4200000,0,user_37,628,634,
12215,95,4200000,0,user_30,628,634,
11213,96,4200000,0,user_31,624,634,
12521,97,4200000,0,user_47,629,634,
13951,98,3600000,7840,user_48,634,634,
14163,99,3599999,0,builder_18,634,634,13951
10444,2,43000000,0,user_2,620,639,
14432,1,30000001,0,builder_18,635,635,11448
11448,3,30000000,11200,user_33,625,639,
11457,5,30000000,0,user_47,625,639,
10484,6,30000000,0,user_34,620,639,
11715,7,30000000,0,user_46,626,639,
11969,8,30000000,0,user_45,627,639,
13118,9,30000000,0,user_41,631,639,
13929,10,30000000,0,user_32,634,639,
12221,12,27000000,779000,user_37,628,639,
14433,10,26999999,0,builder_18,635,635,12221
13653,16,27000001,0,user_10,633,639,12221
13921,17,27000001,0,user_20,634,639,12221
12494,18,27000001,0,user_20,629,639,12221
12796,19,27000001,0,user_11,630,639,12221
12783,20,27000001,0,user_0,630,639,12221
13075,21,27000001,0,user_0,631,639,12221
13091,22,27000001,0,user_15,631,639,12221
13101,23,27000001,0,user_25,631,639,12221
14173,24,27000001,0,user_7,635,639,12221
14164,25,27000001,0,user_0,635,639,12221
14171,26,27000001,0,user_5,635,639,12221
11455,27,27000000,0,user_46,625,639,
10747,28,27000000,0,user_41,622,639,
10988,29,27000000,0,user_40,623,639,
11710,30,27000000,0,user_42,626,639,
13115,31,27000000,0,user_38,631,639,
13666,34,26999999,0,user_19,633,639,12221
12482,35,26999999,0,user_11,629,639,12221
12785,36,26999999,0,user_0,630,639,12221
13087,37,26999999,0,user_11,631,639,12221
13099,38,26999999,0,user_23,631,639,12221
13380,39,26999999,0,user_14,632,639,12221
14177,40,26999999,0,user_11,635,639,12221
14178,41,26999999,0,user_12,635,639,12221
14434,35,19000001,0,builder_18,635,635,10588
10588,46,19000000,13900,user_43,621,639,
12830,49,19000000,0,user_45,630,639,
11960,50,19000000,0,user_38,627,639,
13406,51,19000000,0,user_41,632,639,
14435,40,73001,0,builder_18,635,635,13117
13117,52,73000,17700000,user_40,631,639,
14436,42,6300001,0,builder_18,635,635,10450
10450,54,6300000,155000,user_8,620,639,
10986,57,6300000,146000,user_39,623,639,
14437,45,6299999,0,builder_18,635,635,10986
11192,58,6300001,0,user_3,624,639,10986
11196,59,6300001,0,user_9,624,639,10986
11193,60,6300001,0,user_6,624,639,10450
10569,61,6300001,0,user_20,621,639,10450
10572,62,6300001,0,user_25,621,639,10450
10473,63,6300001,0,user_23,620,639,10450
10476,64,6300001,0,user_23,620,639,10450
10477,65,6300001,0,user_24,620,639,10450
10478,66,6300001,0,user_25,620,639,10450
13693,68,6300000,0,user_47,633,639,
11216,69,6300000,0,user_32,624,639,
10468,70,6300000,0,user_20,620,639,
10453,71,6300000,0,user_12,620,639,
10456,72,6300000,0,user_15,620,639,
10740,73,6300000,0,user_34,622,639,
10973,74,6300000,0,user_29,623,639,
13395,75,6300000,0,user_31,632,639,
11197,76,6299999,0,user_10,624,639,10450
11207,77,6299999,0,user_20,624,639,10450
10562,78,6299999,0,user_13,621,639,10450
10474,79,6299999,0,user_23,620,639,10450
10475,80,6299999,0,user_23,620,639,10450
10725,81,6299999,0,user_18,622,639,10450
10729,82,6299999,0,user_24,622,639,10450
10943,83,6299999,0,user_1,623,639,10450
12227,87,6100000,8520,user_49,628,639,
14438,72,6099999,0,builder_18,635,635,12227
10497,88,6100000,0,user_45,620,639,
11001,89,6100000,0,user_44,623,639,
10975,90,6100000,0,user_31,623,639,
13942,91,6100000,0,user_40,634,639,
14439,77,5000001,0,builder_18,635,635,13945
13945,92,5000000,594000,user_43,634,639,
13925,95,5200000,285000,user_27,634,639,
14440,80,5199999,0,builder_18,635,635,13925
14441,81,5000001,0,builder_18,635,635,10585
10585,94,5000000,6390,user_38,621,637,
11226,97,5000000,0,user_45,624,637,
10445,98,5000000,0,user_4,620,637,
10462,99,5000000,0,user_17,620,637,
10748,88,5000000,0,user_41,622,636,
10742,87,5000000,0,user_36,622,636,
10749,96,5000000,0,user_43,622,637,
11709,86,5000000,0,user_40,626,636,
13408,93,5000000,0,user_41,632,636,
13413,95,4200000,545000,user_45,632,636,
14442,92,4199999,0,builder_18,635,635,13413
11456,96,4500000,121000,user_46,625,636,
14443,94,4499999,0,builder_18,635,635,11456
13686,99,4500000,0,user_37,633,636,
11446,96,4500000,0,user_31,625,635,
10576,97,4500000,0,user_28,621,635,
10448,98,4500000,0,user_6,620,635,
13122,99,4500000,0,user_46,631,635,
10444,2,43000000,0,user_2,620,639,
14205,1,43000000,0,user_38,635,639,
11448,3,30000000,11200,user_33,625,639,
14698,3,29999999,0,builder_18,636,636,11448
13929,10,30000000,0,user_32,634,639,
11457,5,30000000,0,user_47,625,639,
11715,7,30000000,0,user_46,626,639,
11969,8,30000000,0,user_45,627,639,
10484,6,30000000,0,user_34,620,639,
13118,9,30000000,0,user_41,631,639,
12221,12,27000000,779000,user_37,628,639,
14699,11,26999999,0,builder_18,636,636,12221
13921,17,27000001,0,user_20,634,639,12221
14171,26,27000001,0,user_5,635,639,12221
13653,16,27000001,0,user_10,633,639,12221
12796,19,27000001,0,user_11,630,639,12221
12783,20,27000001,0,user_0,630,639,12221
13075,21,27000001,0,user_0,631,639,12221
12494,18,27000001,0,user_20,629,639,12221
13091,22,27000001,0,user_15,631,639,12221
13101,23,27000001,0,user_25,631,639,12221
14173,24,27000001,0,user_7,635,639,12221
14164,25,27000001,0,user_0,635,639,12221
14453,15,27000001,0,user_8,636,639,12221
11455,27,27000000,0,user_46,625,639,
11710,30,27000000,0,user_42,626,639,
10747,28,27000000,0,user_41,622,639,
10988,29,27000000,0,user_40,623,639,
13115,31,27000000,0,user_38,631,639,
12785,36,26999999,0,user_0,630,639,12221
13087,37,26999999,0,user_11,631,639,12221
12482,35,26999999,0,user_11,629,639,12221
13099,38,26999999,0,user_23,631,639,12221
13380,39,26999999,0,user_14,632,639,12221
13666,34,26999999,0,user_19,633,639,12221
14178,41,26999999,0,user_12,635,639,12221
14177,40,26999999,0,user_11,635,639,12221
14700,37,19000001,0,builder_18,636,636,10588
10588,46,19000000,13900,user_43,621,639,
12830,49,19000000,0,user_45,630,639,
11960,50,19000000,0,user_38,627,639,
13406,51,19000000,0,user_41,632,639,
13117,52,73000,17700000,user_40,631,639,
14701,43,72999,0,builder_18,636,636,13117
10450,54,6300000,155000,user_8,620,639,
14702,45,6299999,0,builder_18,636,636,10450
10986,57,6300000,146000,user_39,623,639,
14703,47,6299999,0,builder_18,636,636,10986
10572,62,6300001,0,user_25,621,639,10450
10569,61,6300001,0,user_20,621,639,10450
10473,63,6300001,0,user_23,620,639,10450
10476,64,6300001,0,user_23,620,639,10450
10478,66,6300001,0,user_25,620,639,10450
10477,65,6300001,0,user_24,620,639,10450
11192,58,6300001,0,user_3,624,639,10986
11196,59,6300001,0,user_9,624,639,10986
11193,60,6300001,0,user_6,624,639,10450
13693,68,6300000,0,user_47,633,639,
10740,73,6300000,0,user_34,622,639,
10468,70,6300000,0,user_20,620,639,
10453,71,6300000,0,user_12,620,639,
10456,72,6300000,0,user_15,620,639,
10973,74,6300000,0,user_29,623,639,
11216,69,6300000,0,user_32,624,639,
13395,75,6300000,0,user_31,632,639,
10725,81,6299999,0,user_18,622,639,10450
10729,82,6299999,0,user_24,622,639,10450
10943,83,6299999,0,user_1,623,639,10450
10562,78,6299999,0,user_13,621,639,10450
10474,79,6299999,0,user_23,620,639,10450
10475,80,6299999,0,user_23,620,639,10450
11197,76,6299999,0,user_10,624,639,10450
11207,77,6299999,0,user_20,624,639,10450
12227,87,6100000,8520,user_49,628,639,
14704,74,6099999,0,builder_18,636,636,12227
13942,91,6100000,0,user_40,634,639,
11001,89,6100000,0,user_44,623,639,
10497,88,6100000,0,user_45,620,639,
10975,90,6100000,0,user_31,623,639,
14705,79,5000001,0,builder_18,636,636,13945
13945,92,5000000,594000,user_43,634,639,
14706,81,5200001,0,builder_18,636,636,13925
13925,95,5200000,285000,user_27,634,639,
14481,99,5200000,0,user_45,636,639,
10585,94,5000000,6390,user_38,621,637,
14707,85,4999999,0,builder_18,636,636,10585
11709,86,5000000,0,user_40,626,636,
10742,87,5000000,0,user_36,622,636,
10748,88,5000000,0,user_41,622,636,
10749,96,5000000,0,user_43,622,637,
10445,98,5000000,0,user_4,620,637,
10462,99,5000000,0,user_17,620,637,
11226,97,5000000,0,user_45,624,637,
13408,93,5000000,0,user_41,632,636,
14708,94,4200001,0,builder_18,636,636,13413
13413,95,4200000,545000,user_45,632,636,
11456,96,4500000,121000,user_46,625,636,
14709,97,4499999,0,builder_18,636,636,11456
13948,98,4500000,0,user_47,634,636,
13686,99,4500000,0,user_37,633,636,
14205,1,43000000,0,user_38,635,639,
10444,2,43000000,0,user_2,620,639,
14754,0,43000000,0,user_39,637,639,
14955,3,30000001,0,builder_18,637,637,11448
11448,3,30000000,11200,user_33,625,639,
13929,10,30000000,0,user_32,634,639,
13118,9,30000000,0,user_41,631,639,
11969,8,30000000,0,user_45,627,639,
10484,6,30000000,0,user_34,620,639,
11457,5,30000000,0,user_47,625,639,
11715,7,30000000,0,user_46,626,639,
12221,12,27000000,779000,user_37,628,639,
14956,12,26999999,0,builder_18,637,637,12221
14164,25,27000001,0,user_0,635,639,12221
14173,24,27000001,0,user_7,635,639,12221
14171,26,27000001,0,user_5,635,639,12221
13921,17,27000001,0,user_20,634,639,12221
12783,20,27000001,0,user_0,630,639,12221
12796,19,27000001,0,user_11,630,639,12221
13075,21,27000001,0,user_0,631,639,12221
13091,22,27000001,0,user_15,631,639,12221
13101,23,27000001,0,user_25,631,639,12221
12494,18,27000001,0,user_20,629,639,12221
13653,16,27000001,0,user_10,633,639,12221
14453,15,27000001,0,user_8,636,639,12221
14711,14,27000001,0,user_1,637,639,12221
14731,13,27000001,0,user_17,637,639,12221
13115,31,27000000,0,user_38,631,639,
10988,29,27000000,0,user_40,623,639,
10747,28,27000000,0,user_41,622,639,
11455,27,27000000,0,user_46,625,639,
11710,30,27000000,0,user_42,626,639,
14177,40,26999999,0,user_11,635,639,12221
14178,41,26999999,0,user_12,635,639,12221
12785,36,26999999,0,user_0,630,639,12221
13087,37,26999999,0,user_11,631,639,12221
13099,38,26999999,0,user_23,631,639,12221
12482,35,26999999,0,user_11,629,639,12221
13380,39,26999999,0,user_14,632,639,12221
13666,34,26999999,0,user_19,633,639,12221
14719,33,26999999,0,user_7,637,639,12221
10588,46,19000000,13900,user_43,621,639,
14957,42,18999999,0,builder_18,637,637,10588
12830,49,19000000,0,user_45,630,639,
11960,50,19000000,0,user_38,627,639,
13406,51,19000000,0,user_41,632,639,
14488,48,19000000,0,user_49,636,639,
13117,52,73000,17700000,user_40,631,639,
14958,48,72999,0,builder_18,637,637,13117
14959,49,6300001,0,builder_18,637,637,10450
10450,54,6300000,155000,user_8,620,639,
10986,57,6300000,146000,user_39,623,639,
14960,52,6299999,0,builder_18,637,637,10986
10473,63,6300001,0,user_23,620,639,10450
10476,64,6300001,0,user_23,620,639,10450
10477,65,6300001,0,user_24,620,639,10450
10478,66,6300001,0,user_25,620,639,10450
10569,61,6300001,0,user_20,621,639,10450
10572,62,6300001,0,user_25,621,639,10450
11192,58,6300001,0,user_3,624,639,10986
11193,60,6300001,0,user_6,624,639,10450
11196,59,6300001,0,user_9,624,639,10986
13693,68,6300000,0,user_47,633,639,
10973,74,6300000,0,user_29,623,639,
10453,71,6300000,0,user_12,620,639,
10468,70,6300000,0,user_20,620,639,
10456,72,6300000,0,user_15,620,639,
10740,73,6300000,0,user_34,622,639,
11216,69,6300000,0,user_32,624,639,
13395,75,6300000,0,user_31,632,639,
14746,67,6300000,0,user_33,637,639,
10943,83,6299999,0,user_1,623,639,10450
11197,76,6299999,0,user_10,624,639,10450
11207,77,6299999,0,user_20,624,639,10450
10474,79,6299999,0,user_23,620,639,10450
10475,80,6299999,0,user_23,620,639,10450
10562,78,6299999,0,user_13,621,639,10450
10725,81,6299999,0,user_18,622,639,10450
10729,82,6299999,0,user_24,622,639,10450
14765,85,5200000,959000,user_46,637,639,
14961,80,5199999,0,builder_18,637,637,14765
12227,87,6100000,8520,user_49,628,639,
14962,82,6099999,0,builder_18,637,637,12227
13942,91,6100000,0,user_40,634,639,
11001,89,6100000,0,user_44,623,639,
10975,90,6100000,0,user_31,623,639,
10497,88,6100000,0,user_45,620,639,
14963,87,5000001,0,builder_18,637,637,13945
13945,92,5000000,594000,user_43,634,639,
14964,89,5200001,0,builder_18,637,637,13925
13925,95,5200000,285000,user_27,634,639,
14481,99,5200000,0,user_45,636,639,
14757,97,5000000,68100,user_41,637,638,
14965,93,4999999,0,builder_18,637,637,14757
10585,94,5000000,6390,user_38,621,637,
14966,95,4999999,0,builder_18,637,637,10585
10749,96,5000000,0,user_43,622,637,
11226,97,5000000,0,user_45,624,637,
10445,98,5000000,0,user_4,620,637,
10462,99,5000000,0,user_17,620,637,
14205,1,43000000,0,user_38,635,639,
10444,2,43000000,0,user_2,620,639,
14754,0,43000000,0,user_39,637,639,
11448,3,30000000,11200,user_33,625,639,
15232,4,29999999,0,builder_18,638,638,11448
13118,9,30000000,0,user_41,631,639,
11969,8,30000000,0,user_45,627,639,
10484,6,30000000,0,user_34,620,639,
11457,5,30000000,0,user_47,625,639,
11715,7,30000000,0,user_46,626,639,
13929,10,30000000,0,user_32,634,639,
15233,11,27000001,0,builder_18,638,638,12221
12221,12,27000000,779000,user_37,628,639,
14173,24,27000001,0,user_7,635,639,12221
14164,25,27000001,0,user_0,635,639,12221
14171,26,27000001,0,user_5,635,639,12221
14453,15,27000001,0,user_8,636,639,12221
14711,14,27000001,0,user_1,637,639,12221
13075,21,27000001,0,user_0,631,639,12221
13091,22,27000001,0,user_15,631,639,12221
13101,23,27000001,0,user_25,631,639,12221
13653,16,27000001,0,user_10,633,639,12221
12494,18,27000001,0,user_20,629,639,12221
12783,20,27000001,0,user_0,630,639,12221
12796,19,27000001,0,user_11,630,639,12221
13921,17,27000001,0,user_20,634,639,12221
14731,13,27000001,0,user_17,637,639,12221
13115,31,27000000,0,user_38,631,639,
10988,29,27000000,0,user_40,623,639,
10747,28,27000000,0,user_41,622,639,
11455,27,27000000,0,user_46,625,639,
11710,30,27000000,0,user_42,626,639,
14178,41,26999999,0,user_12,635,639,12221
14177,40,26999999,0,user_11,635,639,12221
14719,33,26999999,0,user_7,637,639,12221
13087,37,26999999,0,user_11,631,639,12221
13099,38,26999999,0,user_23,631,639,12221
13380,39,26999999,0,user_14,632,639,12221
13666,34,26999999,0,user_19,633,639,12221
12482,35,26999999,0,user_11,629,639,12221
12785,36,26999999,0,user_0,630,639,12221
10588,46,19000000,13900,user_43,621,639,
15234,42,18999999,0,builder_18,638,638,10588
14488,48,19000000,0,user_49,636,639,
13406,51,19000000,0,user_41,632,639,
11960,50,19000000,0,user_38,627,639,
12830,49,19000000,0,user_45,630,639,
15235,47,73001,0,builder_18,638,638,13117
13117,52,73000,17700000,user_40,631,639,
10450,54,6300000,155000,user_8,620,639,
15236,50,6299999,0,builder_18,638,638,10450
15237,51,6300001,0,builder_18,638,638,10986
10986,57,6300000,146000,user_39,623,639,
11192,58,6300001,0,user_3,624,639,10986
11193,60,6300001,0,user_6,624,639,10450
10473,63,6300001,0,user_23,620,639,10450
10476,64,6300001,0,user_23,620,639,10450
10477,65,6300001,0,user_24,620,639,10450
10572,62,6300001,0,user_25,621,639,10450
10569,61,6300001,0,user_20,621,639,10450
11196,59,6300001,0,user_9,624,639,10986
10478,66,6300001,0,user_25,620,639,10450
13395,75,6300000,0,user_31,632,639,
10973,74,6300000,0,user_29,623,639,
11216,69,6300000,0,user_32,624,639,
10453,71,6300000,0,user_12,620,639,
10456,72,6300000,0,user_15,620,639,
10468,70,6300000,0,user_20,620,639,
10740,73,6300000,0,user_34,622,639,
13693,68,6300000,0,user_47,633,639,
14746,67,6300000,0,user_33,637,639,
11207,77,6299999,0,user_20,624,639,10450
11197,76,6299999,0,user_10,624,639,10450
10474,79,6299999,0,user_23,620,639,10450
10475,80,6299999,0,user_23,620,639,10450
10562,78,6299999,0,user_13,621,639,10450
10725,81,6299999,0,user_18,622,639,10450
10729,82,6299999,0,user_24,622,639,10450
10943,83,6299999,0,user_1,623,639,10450
15238,79,5200001,0,builder_18,638,638,14765
14765,85,5200000,959000,user_46,637,639,
15239,81,6100001,0,builder_18,638,638,12227
12227,87,6100000,8520,user_49,628,639,
10975,90,6100000,0,user_31,623,639,
11001,89,6100000,0,user_44,623,639,
10497,88,6100000,0,user_45,620,639,
13942,91,6100000,0,user_40,634,639,
15240,87,5000001,0,builder_18,638,638,13945
13945,92,5000000,594000,user_43,634,639,
13925,95,5200000,285000,user_27,634,639,
15241,90,5199999,0,builder_18,638,638,13925
14982,96,5200001,0,user_14,638,639,14765
14976,97,5200001,0,user_9,638,639,14765
14481,99,5200000,0,user_45,636,639,
14970,94,5199999,0,user_1,638,638,14765
14974,95,5199999,0,user_7,638,638,14765
14986,96,5199999,0,user_20,638,638,14765
14757,97,5000000,68100,user_41,637,638,
15242,98,4999999,0,builder_18,638,638,14757
15243,99,5000001,0,builder_18,638,638,10585
14754,0,43000000,0,user_39,637,639,
14205,1,43000000,0,user_38,635,639,
10444,2,43000000,0,user_2,620,639,
11448,3,30000000,11200,user_33,625,639,
15498,4,29999999,0,builder_18,639,639,11448
11457,5,30000000,0,user_47,625,639,
10484,6,30000000,0,user_34,620,639,
11715,7,30000000,0,user_46,626,639,
11969,8,30000000,0,user_45,627,639,
13118,9,30000000,0,user_41,631,639,
13929,10,30000000,0,user_32,634,639,
15499,11,27000001,0,builder_18,639,639,12221
12221,12,27000000,779000,user_37,628,639,
14731,13,27000001,0,user_17,637,639,12221
14711,14,27000001,0,user_1,637,639,12221
14453,15,27000001,0,user_8,636,639,12221
13653,16,27000001,0,user_10,633,639,12221
13921,17,27000001,0,user_20,634,639,12221
12494,18,27000001,0,user_20,629,639,12221
12796,19,27000001,0,user_11,630,639,12221
12783,20,27000001,0,user_0,630,639,12221
13075,21,27000001,0,user_0,631,639,12221
13091,22,27000001,0,user_15,631,639,12221
13101,23,27000001,0,user_25,631,639,12221
14173,24,27000001,0,user_7,635,639,12221
14164,25,27000001,0,user_0,635,639,12221
14171,26,27000001,0,user_5,635,639,12221
11455,27,27000000,0,user_46,625,639,
10747,28,27000000,0,user_41,622,639,
10988,29,27000000,0,user_40,623,639,
11710,30,27000000,0,user_42,626,639,
13115,31,27000000,0,user_38,631,639,
15285,32,27000000,0,user_34,639,639,
14719,33,26999999,0,user_7,637,639,12221
13666,34,26999999,0,user_19,633,639,12221
12482,35,26999999,0,user_11,629,639,12221
12785,36,26999999,0,user_0,630,639,12221
13087,37,26999999,0,user_11,631,639,12221
13099,38,26999999,0,user_23,631,639,12221
13380,39,26999999,0,user_14,632,639,12221
14177,40,26999999,0,user_11,635,639,12221
14178,41,26999999,0,user_12,635,639,12221
15256,42,26999999,0,user_9,639,639,12221
15257,43,26999999,0,user_9,639,639,12221
15293,44,19000000,283000,user_42,639,639,
15500,45,18999999,0,builder_18,639,639,15293
10588,46,19000000,13900,user_43,621,639,
15501,47,18999999,0,builder_18,639,639,10588
14488,48,19000000,0,user_49,636,639,
12830,49,19000000,0,user_45,630,639,
11960,50,19000000,0,user_38,627,639,
13406,51,19000000,0,user_41,632,639,
13117,52,73000,17700000,user_40,631,639,
15502,53,72999,0,builder_18,639,639,13117
10450,54,6300000,155000,user_8,620,639,
15503,55,6299999,0,builder_18,639,639,10450
15504,56,6300001,0,builder_18,639,639,10986
10986,57,6300000,146000,user_39,623,639,
11192,58,6300001,0,user_3,624,639,10986
11196,59,6300001,0,user_9,624,639,10986
11193,60,6300001,0,user_6,624,639,10450
10569,61,6300001,0,user_20,621,639,10450
10572,62,6300001,0,user_25,621,639,10450
10473,63,6300001,0,user_23,620,639,10450
10476,64,6300001,0,user_23,620,639,10450
10477,65,6300001,0,user_24,620,639,10450
10478,66,6300001,0,user_25,620,639,10450
14746,67,6300000,0,user_33,637,639,
13693,68,6300000,0,user_47,633,639,
11216,69,6300000,0,user_32,624,639,
10468,70,6300000,0,user_20,620,639,
10453,71,6300000,0,user_12,620,639,
10456,72,6300000,0,user_15,620,639,
10740,73,6300000,0,user_34,622,639,
10973,74,6300000,0,user_29,623,639,
13395,75,6300000,0,user_31,632,639,
11197,76,6299999,0,user_10,624,639,10450
11207,77,6299999,0,user_20,624,639,10450
10562,78,6299999,0,user_13,621,639,10450
10474,79,6299999,0,user_23,620,639,10450
10475,80,6299999,0,user_23,620,639,10450
10725,81,6299999,0,user_18,622,639,10450
10729,82,6299999,0,user_24,622,639,10450
10943,83,6299999,0,user_1,623,639,10450
15505,84,5200001,0,builder_18,639,639,14765
14765,85,5200000,959000,user_46,637,639,
15506,86,6100001,0,builder_18,639,639,12227
12227,87,6100000,8520,user_49,628,639,
10497,88,6100000,0,user_45,620,639,
11001,89,6100000,0,user_44,623,639,
10975,90,6100000,0,user_31,623,639,
13942,91,6100000,0,user_40,634,639,
13945,92,5000000,594000,user_43,634,639,
15507,93,4999999,0,builder_18,639,639,13945
15508,94,5200001,0,builder_18,639,639,13925
13925,95,5200000,285000,user_27,634,639,
14982,96,5200001,0,user_14,638,639,14765
14976,97,5200001,0,user_9,638,639,14765
15245,98,5200001,0,user_3,639,639,14765
14481,99,5200000,0,user_45,636,639,
10444,2,43000000,0,user_2,640,659,
10484,6,30000000,0,user_34,640,659,
10450,54,6300000,155000,user_8,640,659,
10547,3,6299999,0,builder_18,640,640,10450
10473,63,6300001,0,user_23,640,659,10450
10476,64,6300001,0,user_23,640,659,10450
10477,65,6300001,0,user_24,640,659,10450
10478,66,6300001,0,user_25,640,659,10450
10453,71,6300000,0,user_12,640,659,
10468,70,6300000,0,user_20,640,659,
10456,72,6300000,0,user_15,640,659,
10474,79,6299999,0,user_23,640,659,10450
10475,80,6299999,0,user_23,640,659,10450
10497,88,6100000,0,user_45,640,659,
10445,98,5000000,0,user_4,640,657,
10462,99,5000000,0,user_17,640,657,
10448,98,4500000,0,user_6,640,655,
10455,99,2500000,0,user_14,640,652,
10485,92,2500000,0,user_34,640,651,
10465,94,2300000,0,user_17,640,651,
10454,99,2000000,0,user_13,640,650,
10494,94,2000000,0,user_42,640,649,
10548,22,1800001,0,builder_18,640,640,10496
10496,88,1800000,128000,user_44,640,648,
10493,94,1600000,0,user_42,640,646,
10490,92,1500000,0,user_41,640,645,
10460,96,1400000,0,user_16,640,645,
10469,90,1100000,0,user_21,640,644,
10481,92,970000,0,user_32,640,643,
10492,94,910000,0,user_42,640,643,
10461,96,870000,0,user_16,640,643,
10500,99,530000,11200,user_48,640,643,
10549,32,529999,0,builder_18,640,640,10500
10498,81,420000,67500,user_46,640,642,
10550,34,419999,0,builder_18,640,640,10498
10452,83,460000,0,user_10,640,642,
10495,84,460000,0,user_42,640,642,
10551,37,79001,0,builder_18,640,640,10480
10480,62,79000,296000,user_32,640,641,
10443,63,320000,0,user_1,640,641,
10458,64,310000,0,user_16,640,641,
10464,65,300000,0,user_17,640,641,
10491,66,300000,0,user_42,640,641,
10466,67,260000,0,user_18,640,641,
10499,69,220000,0,user_47,640,641,
10447,70,170000,0,user_5,640,641,
10488,72,170000,0,user_39,640,641,
10472,71,170000,0,user_22,640,641,
10457,75,160000,0,user_16,640,641,
10451,79,160000,0,user_9,640,641,
10463,77,160000,0,user_17,640,641,
10489,78,160000,0,user_40,640,641,
10482,76,160000,0,user_32,640,641,
10483,81,130000,0,user_32,640,641,
10459,82,120000,0,user_16,640,641,
10471,83,120000,0,user_22,640,641,
10449,88,87000,0,user_7,640,641,
10470,90,80000,0,user_21,640,641,
10487,89,80000,0,user_37,640,641,
10446,59,73000,0,user_4,640,640,
10444,2,43000000,0,user_2,640,659,
10484,6,30000000,0,user_34,640,659,
10699,2,6300001,0,builder_18,641,641,10450
10450,54,6300000,155000,user_8,640,659,
10473,63,6300001,0,user_23,640,659,10450
10476,64,6300001,0,user_23,640,659,10450
10477,65,6300001,0,user_24,640,659,10450
10478,66,6300001,0,user_25,640,659,10450
10569,61,6300001,0,user_20,641,659,10450
10572,62,6300001,0,user_25,641,659,10450
10453,71,6300000,0,user_12,640,659,
10468,70,6300000,0,user_20,640,659,
10456,72,6300000,0,user_15,640,659,
10474,79,6299999,0,user_23,640,659,10450
10475,80,6299999,0,user_23,640,659,10450
10562,78,6299999,0,user_13,641,659,10450
10497,88,6100000,0,user_45,640,659,
10445,98,5000000,0,user_4,640,657,
10462,99,5000000,0,user_17,640,657,
10448,98,4500000,0,user_6,640,655,
10575,96,3200000,0,user_27,641,653,
10455,99,2500000,0,user_14,640,652,
10485,92,2500000,0,user_34,640,651,
10465,94,2300000,0,user_17,640,651,
10586,91,2100000,0,user_41,641,650,
10454,99,2000000,0,user_13,640,650,
10494,94,2000000,0,user_42,640,649,
10496,88,1800000,128000,user_44,640,648,
10700,28,1799999,0,builder_18,641,641,10496
10565,96,1800001,0,user_16,641,648,10496
10554,97,1799999,0,user_2,641,648,10496
10558,98,1799999,0,user_10,641,648,10496
10566,89,1799999,0,user_17,641,647,10496
10493,94,1600000,0,user_42,640,646,
10579,95,1600000,0,user_33,641,646,
10490,92,1500000,0,user_41,640,645,
10701,36,1400001,0,builder_18,641,641,10580
10580,95,1400000,6390,user_34,641,645,
10460,96,1400000,0,user_16,640,645,
10577,99,1000000,381000,user_29,641,645,
10702,40,999999,0,builder_18,641,641,10577
10469,90,1100000,0,user_21,640,644,
10486,85,1000000,0,user_35,640,643,
10481,92,970000,0,user_32,640,643,
10492,94,910000,0,user_42,640,643,
10578,95,910000,0,user_32,641,643,
10461,96,870000,0,user_16,640,643,
10582,97,630000,0,user_36,641,643,
10500,99,530000,11200,user_48,640,643,
10703,49,529999,0,builder_18,641,641,10500
10563,77,530001,0,user_14,641,642,10500
10571,78,530001,0,user_24,641,642,10500
10567,79,529999,0,user_18,641,642,10500
10704,53,420001,0,builder_18,641,641,10498
10498,81,420000,67500,user_46,640,642,
10452,83,460000,0,user_10,640,642,
10495,84,460000,0,user_42,640,642,
10564,85,420001,0,user_15,641,642,10498
10573,86,420001,0,user_26,641,642,10498
10705,59,340001,0,builder_18,641,641,10589
10589,60,340000,60700,user_47,641,641,
10706,61,79001,0,builder_18,641,641,10480
10480,62,79000,296000,user_32,640,641,
10443,63,320000,0,user_1,640,641,
10458,64,310000,0,user_16,640,641,
10464,65,300000,0,user_17,640,641,
10491,66,300000,0,user_42,640,641,
10466,67,260000,0,user_18,640,641,
10504,68,240000,0,user_49,640,641,
10499,69,220000,0,user_47,640,641,
10447,70,170000,0,user_5,640,641,
10472,71,170000,0,user_22,640,641,
10488,72,170000,0,user_39,640,641,
10501,73,170000,0,user_49,640,641,
10479,74,160000,0,user_28,640,641,
10457,75,160000,0,user_16,640,641,
10482,76,160000,0,user_32,640,641,
10463,77,160000,0,user_17,640,641,
10489,78,160000,0,user_40,640,641,
10451,79,160000,0,user_9,640,641,
10505,80,150000,0,user_49,640,641,
10483,81,130000,0,user_32,640,641,
10459,82,120000,0,user_16,640,641,
10471,83,120000,0,user_22,640,641,
10502,84,120000,0,user_49,640,641,
10584,85,120000,0,user_37,641,641,
10574,86,110000,0,user_27,641,641,
10583,87,98000,0,user_36,641,641,
10449,88,87000,0,user_7,640,641,
10487,89,80000,0,user_37,640,641,
10470,90,80000,0,user_21,640,641,
10555,91,79001,0,user_3,641,641,10480
10561,92,79001,0,user_11,641,641,10480
10557,93,79001,0,user_10,641,641,10480
10552,94,78999,0,user_1,641,641,10480
10553,95,78999,0,user_2,641,641,10480
10560,96,78999,0,user_11,641,641,10480
10559,97,78999,0,user_10,641,641,10480
10570,98,78999,0,user_21,641,641,10480
10556,99,78999,0,user_9,641,641,10480
10444,2,43000000,0,user_2,640,659,
10484,6,30000000,0,user_34,640,659,
10747,28,27000000,0,user_41,642,659,
10915,3,19000001,0,builder_16,642,642,10588
10588,46,19000000,13900,user_43,641,659,
10916,5,6300001,0,builder_16,642,642,10450
10450,54,6300000,155000,user_8,640,659,
10473,63,6300001,0,user_23,640,659,10450
10476,64,6300001,0,user_23,640,659,10450
10477,65,6300001,0,user_24,640,659,10450
10478,66,6300001,0,user_25,640,659,10450
10569,61,6300001,0,user_20,641,659,10450
10572,62,6300001,0,user_25,641,659,10450
10453,71,6300000,0,user_12,640,659,
10468,70,6300000,0,user_20,640,659,
10456,72,6300000,0,user_15,640,659,
10740,73,6300000,0,user_34,642,659,
10474,79,6299999,0,user_23,640,659,10450
10475,80,6299999,0,user_23,640,659,10450
10562,78,6299999,0,user_13,641,659,10450
10725,81,6299999,0,user_18,642,659,10450
10729,82,6299999,0,user_24,642,659,10450
10497,88,6100000,0,user_45,640,659,
10917,23,5000001,0,builder_16,642,642,10585
10585,94,5000000,6390,user_38,641,657,
10445,98,5000000,0,user_4,640,657,
10462,99,5000000,0,user_17,640,657,
10748,88,5000000,0,user_41,642,656,
10742,87,5000000,0,user_36,642,656,
10448,98,4500000,0,user_6,640,655,
10576,97,4500000,0,user_28,641,655,
10575,96,3200000,0,user_27,641,653,
10455,99,2500000,0,user_14,640,652,
10485,92,2500000,0,user_34,640,651,
10465,94,2300000,0,user_17,640,651,
10586,91,2100000,0,user_41,641,650,
10454,99,2000000,0,user_13,640,650,
10494,94,2000000,0,user_42,640,649,
10737,95,2000000,0,user_32,642,649,
10496,88,1800000,128000,user_44,640,648,
10918,40,1799999,0,builder_16,642,642,10496
10565,96,1800001,0,user_16,641,648,10496
10732,95,1800001,0,user_26,642,648,10496
10554,97,1799999,0,user_2,641,648,10496
10558,98,1799999,0,user_10,641,648,10496
10566,89,1799999,0,user_17,641,647,10496
10710,99,1799999,0,user_2,642,648,10496
10493,94,1600000,0,user_42,640,646,
10579,95,1600000,0,user_33,641,646,
10754,96,1600000,0,user_46,642,646,
10490,92,1500000,0,user_41,640,645,
10739,91,1500000,0,user_32,642,645,
10919,52,1400001,0,builder_16,642,642,10580
10580,95,1400000,6390,user_34,641,645,
10460,96,1400000,0,user_16,640,645,
10577,99,1000000,381000,user_29,641,645,
10920,56,999999,0,builder_16,642,642,10577
10469,90,1100000,0,user_21,640,644,
10590,89,1100000,0,user_49,641,644,
10711,95,1000001,0,user_3,642,644,10577
10722,96,1000001,0,user_14,642,644,10577
10727,98,1000001,0,user_22,642,644,10577
10721,94,1000001,0,user_13,642,644,10577
10726,97,1000001,0,user_21,642,644,10577
10486,85,1000000,0,user_35,640,643,
10587,86,1000000,0,user_43,641,643,
10716,88,999999,0,user_9,642,643,10577
10718,87,999999,0,user_10,642,643,10577
10723,89,999999,0,user_15,642,643,10577
10481,92,970000,0,user_32,640,643,
10492,94,910000,0,user_42,640,643,
10578,95,910000,0,user_32,641,643,
10461,96,870000,0,user_16,640,643,
10582,97,630000,0,user_36,641,643,
10753,98,600000,0,user_46,642,643,
10921,75,530001,0,builder_16,642,642,10500
10500,99,530000,11200,user_48,640,643,
10563,77,530001,0,user_14,641,642,10500
10571,78,530001,0,user_24,641,642,10500
10567,79,529999,0,user_18,641,642,10500
10922,80,420001,0,builder_16,642,642,10498
10498,81,420000,67500,user_46,640,642,
10750,82,470000,0,user_45,642,642,
10452,83,460000,0,user_10,640,642,
10495,84,460000,0,user_42,640,642,
10564,85,420001,0,user_15,641,642,10498
10573,86,420001,0,user_26,641,642,10498
10730,87,420001,0,user_24,642,642,10498
10568,88,419999,0,user_19,641,642,10498
10712,89,419999,0,user_4,642,642,10498
10717,90,419999,0,user_9,642,642,10498
10708,91,419999,0,user_2,642,642,10498
10709,92,419999,0,user_2,642,642,10498
10719,93,419999,0,user_11,642,642,10498
10713,94,419999,0,user_6,642,642,10498
10724,95,419999,0,user_17,642,642,10498
10715,96,419999,0,user_7,642,642,10498
10728,97,419999,0,user_23,642,642,10498
10731,98,419999,0,user_24,642,642,10498
10923,99,340001,0,builder_16,642,642,10589
10444,2,43000000,0,user_2,640,659,
10484,6,30000000,0,user_34,640,659,
10747,28,27000000,0,user_41,642,659,
10988,29,27000000,0,user_40,643,659,
11161,4,19000001,0,builder_16,643,643,10588
10588,46,19000000,13900,user_43,641,659,
10450,54,6300000,155000,user_8,640,659,
11162,7,6299999,0,builder_16,643,643,10450
11163,8,6300001,0,builder_16,643,643,10986
10986,57,6300000,146000,user_39,643,659,
10473,63,6300001,0,user_23,640,659,10450
10476,64,6300001,0,user_23,640,659,10450
10477,65,6300001,0,user_24,640,659,10450
10478,66,6300001,0,user_25,640,659,10450
10569,61,6300001,0,user_20,641,659,10450
10572,62,6300001,0,user_25,641,659,10450
10453,71,6300000,0,user_12,640,659,
10468,70,6300000,0,user_20,640,659,
10456,72,6300000,0,user_15,640,659,
10740,73,6300000,0,user_34,642,659,
10973,74,6300000,0,user_29,643,659,
10474,79,6299999,0,user_23,640,659,10450
10475,80,6299999,0,user_23,640,659,10450
10562,78,6299999,0,user_13,641,659,10450
10725,81,6299999,0,user_18,642,659,10450
10943,83,6299999,0,user_1,643,659,10450
10729,82,6299999,0,user_24,642,659,10450
10497,88,6100000,0,user_45,640,659,
11001,89,6100000,0,user_44,643,659,
10585,94,5000000,6390,user_38,641,657,
11164,30,4999999,0,builder_16,643,643,10585
10445,98,5000000,0,user_4,640,657,
10462,99,5000000,0,user_17,640,657,
10749,96,5000000,0,user_43,642,657,
10742,87,5000000,0,user_36,642,656,
10748,88,5000000,0,user_41,642,656,
10448,98,4500000,0,user_6,640,655,
10576,97,4500000,0,user_28,641,655,
10575,96,3200000,0,user_27,641,653,
10455,99,2500000,0,user_14,640,652,
10485,92,2500000,0,user_34,640,651,
10465,94,2300000,0,user_17,640,651,
10984,95,2300000,0,user_37,643,651,
10586,91,2100000,0,user_41,641,650,
10733,93,2000000,49100,user_27,642,650,
11165,45,1999999,0,builder_16,643,643,10733
10454,99,2000000,0,user_13,640,650,
10494,94,2000000,0,user_42,640,649,
10737,95,2000000,0,user_32,642,649,
11000,95,2000000,0,user_44,643,650,
10991,96,2000000,0,user_40,643,650,
10996,97,2000000,0,user_41,643,650,
10496,88,1800000,128000,user_44,640,648,
11166,53,1799999,0,builder_16,643,643,10496
10995,90,1900000,0,user_41,643,648,
10565,96,1800001,0,user_16,641,648,10496
10732,95,1800001,0,user_26,642,648,10496
10554,97,1799999,0,user_2,641,648,10496
10558,98,1799999,0,user_10,641,648,10496
10566,89,1799999,0,user_17,641,647,10496
10710,99,1799999,0,user_2,642,648,10496
10947,92,1799999,0,user_6,643,647,10496
10493,94,1600000,0,user_42,640,646,
10579,95,1600000,0,user_33,641,646,
10754,96,1600000,0,user_46,642,646,
10490,92,1500000,0,user_41,640,645,
10739,91,1500000,0,user_32,642,645,
10994,93,1500000,0,user_41,643,645,
11167,68,1400001,0,builder_16,643,643,10580
10580,95,1400000,6390,user_34,641,645,
10460,96,1400000,0,user_16,640,645,
10577,99,1000000,381000,user_29,641,645,
11168,72,999999,0,builder_16,643,643,10577
10997,83,1300000,0,user_41,643,644,
10469,90,1100000,0,user_21,640,644,
10590,89,1100000,0,user_49,641,644,
10989,91,1100000,0,user_40,643,644,
11169,77,1000001,0,builder_16,643,643,10980
10980,93,1000000,15700,user_33,643,644,
10711,95,1000001,0,user_3,642,644,10577
10722,96,1000001,0,user_14,642,644,10577
10726,97,1000001,0,user_21,642,644,10577
10721,94,1000001,0,user_13,642,644,10577
10727,98,1000001,0,user_22,642,644,10577
10945,99,1000001,0,user_3,643,644,10577
10486,85,1000000,0,user_35,640,643,
10587,86,1000000,0,user_43,641,643,
10718,87,999999,0,user_10,642,643,10577
10716,88,999999,0,user_9,642,643,10577
10723,89,999999,0,user_15,642,643,10577
10955,90,999999,0,user_11,643,643,10577
10957,91,999999,0,user_12,643,643,10577
10481,92,970000,0,user_32,640,643,
10744,93,970000,0,user_38,642,643,
10492,94,910000,0,user_42,640,643,
10578,95,910000,0,user_32,641,643,
10461,96,870000,0,user_16,640,643,
10582,97,630000,0,user_36,641,643,
10753,98,600000,0,user_46,642,643,
10500,99,530000,11200,user_48,640,643,
10444,2,43000000,0,user_2,640,659,
10484,6,30000000,0,user_34,640,659,
10747,28,27000000,0,user_41,642,659,
10988,29,27000000,0,user_40,643,659,
11383,4,19000001,0,builder_16,644,644,10588
10588,46,19000000,13900,user_43,641,659,
11384,6,6300001,0,builder_16,644,644,10450
10450,54,6300000,155000,user_8,640,659,
10569,61,6300001,0,user_20,641,659,10450
10572,62,6300001,0,user_25,641,659,10450
10473,63,6300001,0,user_23,640,659,10450
10476,64,6300001,0,user_23,640,659,10450
10477,65,6300001,0,user_24,640,659,10450
10478,66,6300001,0,user_25,640,659,10450
11196,59,6300001,0,user_9,644,659,10986
11192,58,6300001,0,user_3,644,659,10986
11193,60,6300001,0,user_6,644,659,10450
10468,70,6300000,0,user_20,640,659,
10453,71,6300000,0,user_12,640,659,
10456,72,6300000,0,user_15,640,659,
10740,73,6300000,0,user_34,642,659,
10973,74,6300000,0,user_29,643,659,
11216,69,6300000,0,user_32,644,659,
10562,78,6299999,0,user_13,641,659,10450
10474,79,6299999,0,user_23,640,659,10450
10475,80,6299999,0,user_23,640,659,10450
10725,81,6299999,0,user_18,642,659,10450
10729,82,6299999,0,user_24,642,659,10450
10943,83,6299999,0,user_1,643,659,10450
11197,76,6299999,0,user_10,644,659,10450
11207,77,6299999,0,user_20,644,659,10450
10497,88,6100000,0,user_45,640,659,
11001,89,6100000,0,user_44,643,659,
10975,90,6100000,0,user_31,643,659,
11385,34,5000001,0,builder_16,644,644,10585
10585,94,5000000,6390,user_38,641,657,
10445,98,5000000,0,user_4,640,657,
10462,99,5000000,0,user_17,640,657,
10748,88,5000000,0,user_41,642,656,
10742,87,5000000,0,user_36,642,656,
10749,96,5000000,0,user_43,642,657,
11226,97,5000000,0,user_45,644,657,
10576,97,4500000,0,user_28,641,655,
10448,98,4500000,0,user_6,640,655,
10575,96,3200000,0,user_27,641,653,
10455,99,2500000,0,user_14,640,652,
10485,92,2500000,0,user_34,640,651,
10465,94,2300000,0,user_17,640,651,
10984,95,2300000,0,user_37,643,651,
11386,49,1200001,0,builder_16,644,644,10985
10985,98,1200000,959000,user_38,643,651,
10586,91,2100000,0,user_41,641,650,
10733,93,2000000,49100,user_27,642,650,
11387,53,1999999,0,builder_16,644,644,10733
10454,99,2000000,0,user_13,640,650,
10494,94,2000000,0,user_42,640,649,
10737,95,2000000,0,user_32,642,649,
11000,95,2000000,0,user_44,643,650,
10991,96,2000000,0,user_40,643,650,
10996,97,2000000,0,user_41,643,650,
10496,88,1800000,128000,user_44,640,648,
11388,61,1799999,0,builder_16,644,644,10496
10995,90,1900000,0,user_41,643,648,
11227,91,1600000,256000,user_46,644,648,
11389,64,1599999,0,builder_16,644,644,11227
10565,96,1800001,0,user_16,641,648,10496
10732,95,1800001,0,user_26,642,648,10496
10558,98,1799999,0,user_10,641,648,10496
10566,89,1799999,0,user_17,641,647,10496
10710,99,1799999,0,user_2,642,648,10496
10554,97,1799999,0,user_2,641,648,10496
10947,92,1799999,0,user_6,643,647,10496
10579,95,1600000,0,user_33,641,646,
10493,94,1600000,0,user_42,640,646,
10754,96,1600000,0,user_46,642,646,
10490,92,1500000,0,user_41,640,645,
10739,91,1500000,0,user_32,642,645,
10994,93,1500000,0,user_41,643,645,
11390,78,1400001,0,builder_16,644,644,10580
10580,95,1400000,6390,user_34,641,645,
10460,96,1400000,0,user_16,640,645,
11391,81,1000001,0,builder_16,644,644,10577
10577,99,1000000,381000,user_29,641,645,
10997,83,1300000,0,user_41,643,644,
11199,84,1200001,0,user_11,644,644,10985
11201,85,1200001,0,user_14,644,644,10985
11200,86,1200001,0,user_12,644,644,10985
11209,87,1199999,0,user_22,644,644,10985
11203,88,1199999,0,user_17,644,644,10985
10590,89,1100000,0,user_49,641,644,
10469,90,1100000,0,user_21,640,644,
10989,91,1100000,0,user_40,643,644,
11392,92,1000001,0,builder_16,644,644,10980
10980,93,1000000,15700,user_33,643,644,
10721,94,1000001,0,user_13,642,644,10577
10711,95,1000001,0,user_3,642,644,10577
10722,96,1000001,0,user_14,642,644,10577
10726,97,1000001,0,user_21,642,644,10577
10727,98,1000001,0,user_22,642,644,10577
10945,99,1000001,0,user_3,643,644,10577
10444,2,43000000,0,user_2,640,659,
11448,3,30000000,11200,user_33,645,659,
11638,2,29999999,0,builder_16,645,645,11448
10484,6,30000000,0,user_34,640,659,
11457,5,30000000,0,user_47,645,659,
10747,28,27000000,0,user_41,642,659,
10988,29,27000000,0,user_40,643,659,
11455,27,27000000,0,user_46,645,659,
11639,8,19000001,0,builder_16,645,645,10588
10588,46,19000000,13900,user_43,641,659,
10450,54,6300000,155000,user_8,640,659,
11640,11,6299999,0,builder_16,645,645,10450
11641,12,6300001,0,builder_16,645,645,10986
10986,57,6300000,146000,user_39,643,659,
10572,62,6300001,0,user_25,641,659,10450
10569,61,6300001,0,user_20,641,659,10450
10473,63,6300001,0,user_23,640,659,10450
10476,64,6300001,0,user_23,640,659,10450
10478,66,6300001,0,user_25,640,659,10450
10477,65,6300001,0,user_24,640,659,10450
11192,58,6300001,0,user_3,644,659,10986
11196,59,6300001,0,user_9,644,659,10986
11193,60,6300001,0,user_6,644,659,10450
10740,73,6300000,0,user_34,642,659,
10468,70,6300000,0,user_20,640,659,
10453,71,6300000,0,user_12,640,659,
10456,72,6300000,0,user_15,640,659,
10973,74,6300000,0,user_29,643,659,
11216,69,6300000,0,user_32,644,659,
10725,81,6299999,0,user_18,642,659,10450
10729,82,6299999,0,user_24,642,659,10450
10943,83,6299999,0,user_1,643,659,10450
10562,78,6299999,0,user_13,641,659,10450
10474,79,6299999,0,user_23,640,659,10450
10475,80,6299999,0,user_23,640,659,10450
11197,76,6299999,0,user_10,644,659,10450
11207,77,6299999,0,user_20,644,659,10450
11001,89,6100000,0,user_44,643,659,
10497,88,6100000,0,user_45,640,659,
10975,90,6100000,0,user_31,643,659,
11642,40,5000001,0,builder_16,645,645,10585
10585,94,5000000,6390,user_38,641,657,
10742,87,5000000,0,user_36,642,656,
10748,88,5000000,0,user_41,642,656,
10749,96,5000000,0,user_43,642,657,
10445,98,5000000,0,user_4,640,657,
10462,99,5000000,0,user_17,640,657,
11226,97,5000000,0,user_45,644,657,
11456,96,4500000,121000,user_46,645,656,
11643,49,4499999,0,builder_16,645,645,11456
10448,98,4500000,0,user_6,640,655,
10576,97,4500000,0,user_28,641,655,
11213,96,4200000,0,user_31,644,654,
10575,96,3200000,0,user_27,641,653,
10455,99,2500000,0,user_14,640,652,
10485,92,2500000,0,user_34,640,651,
11454,98,2500000,0,user_40,645,652,
10984,95,2300000,0,user_37,643,651,
10465,94,2300000,0,user_17,640,651,
11644,59,1200001,0,builder_16,645,645,10985
10985,98,1200000,959000,user_38,643,651,
10586,91,2100000,0,user_41,641,650,
11645,62,2000001,0,builder_16,645,645,10733
10733,93,2000000,49100,user_27,642,650,
10737,95,2000000,0,user_32,642,649,
11000,95,2000000,0,user_44,643,650,
10454,99,2000000,0,user_13,640,650,
10494,94,2000000,0,user_42,640,649,
10991,96,2000000,0,user_40,643,650,
10996,97,2000000,0,user_41,643,650,
11214,98,2000000,0,user_31,644,650,
10496,88,1800000,128000,user_44,640,648,
11646,72,1799999,0,builder_16,645,645,10496
10995,90,1900000,0,user_41,643,648,
11227,91,1600000,256000,user_46,644,648,
11647,75,1599999,0,builder_16,645,645,11227
10732,95,1800001,0,user_26,642,648,10496
10565,96,1800001,0,user_16,641,648,10496
10554,97,1799999,0,user_2,641,648,10496
10558,98,1799999,0,user_10,641,648,10496
10710,99,1799999,0,user_2,642,648,10496
10566,89,1799999,0,user_17,641,647,10496
10947,92,1799999,0,user_6,643,647,10496
11450,93,1600000,39400,user_36,645,647,
11648,84,1599999,0,builder_16,645,645,11450
11430,96,1600001,0,user_15,645,647,11227
11431,95,1600001,0,user_18,645,647,11227
10754,96,1600000,0,user_46,642,646,
10579,95,1600000,0,user_33,641,646,
10493,94,1600000,0,user_42,640,646,
11437,98,1599999,0,user_21,645,646,11227
10739,91,1500000,0,user_32,642,645,
10490,92,1500000,0,user_41,640,645,
10994,93,1500000,0,user_41,643,645,
11649,94,1400001,0,builder_16,645,645,10580
10580,95,1400000,6390,user_34,641,645,
10460,96,1400000,0,user_16,640,645,
11212,97,1400000,0,user_27,644,645,
11650,98,1000001,0,builder_16,645,645,10577
10577,99,1000000,381000,user_29,641,645,
10444,2,43000000,0,user_2,640,659,
11448,3,30000000,11200,user_33,645,659,
11895,2,29999999,0,builder_16,646,646,11448
10484,6,30000000,0,user_34,640,659,
11457,5,30000000,0,user_47,645,659,
11715,7,30000000,0,user_46,646,659,
10988,29,27000000,0,user_40,643,659,
10747,28,27000000,0,user_41,642,659,
11455,27,27000000,0,user_46,645,659,
11710,30,27000000,0,user_42,646,659,
10588,46,19000000,13900,user_43,641,659,
11896,11,18999999,0,builder_16,646,646,10588
11897,12,6300001,0,builder_16,646,646,10450
10450,54,6300000,155000,user_8,640,659,
11898,14,6300001,0,builder_16,646,646,10986
10986,57,6300000,146000,user_39,643,659,
10473,63,6300001,0,user_23,640,659,10450
10476,64,6300001,0,user_23,640,659,10450
10477,65,6300001,0,user_24,640,659,10450
10478,66,6300001,0,user_25,640,659,10450
10569,61,6300001,0,user_20,641,659,10450
10572,62,6300001,0,user_25,641,659,10450
11192,58,6300001,0,user_3,644,659,10986
11193,60,6300001,0,user_6,644,659,10450
11196,59,6300001,0,user_9,644,659,10986
10973,74,6300000,0,user_29,643,659,
10453,71,6300000,0,user_12,640,659,
10468,70,6300000,0,user_20,640,659,
10456,72,6300000,0,user_15,640,659,
10740,73,6300000,0,user_34,642,659,
11216,69,6300000,0,user_32,644,659,
10943,83,6299999,0,user_1,643,659,10450
11197,76,6299999,0,user_10,644,659,10450
11207,77,6299999,0,user_20,644,659,10450
10474,79,6299999,0,user_23,640,659,10450
10475,80,6299999,0,user_23,640,659,10450
10562,78,6299999,0,user_13,641,659,10450
10725,81,6299999,0,user_18,642,659,10450
10729,82,6299999,0,user_24,642,659,10450
11001,89,6100000,0,user_44,643,659,
10975,90,6100000,0,user_31,643,659,
10497,88,6100000,0,user_45,640,659,
10585,94,5000000,6390,user_38,641,657,
11899,43,4999999,0,builder_16,646,646,10585
10749,96,5000000,0,user_43,642,657,
11226,97,5000000,0,user_45,644,657,
10445,98,5000000,0,user_4,640,657,
10462,99,5000000,0,user_17,640,657,
10742,87,5000000,0,user_36,642,656,
10748,88,5000000,0,user_41,642,656,
11709,86,5000000,0,user_40,646,656,
11900,51,4500001,0,builder_16,646,646,11456
11456,96,4500000,121000,user_46,645,656,
10448,98,4500000,0,user_6,640,655,
10576,97,4500000,0,user_28,641,655,
11446,96,4500000,0,user_31,645,655,
11213,96,4200000,0,user_31,644,654,
10575,96,3200000,0,user_27,641,653,
11716,93,2600000,0,user_47,646,652,
10455,99,2500000,0,user_14,640,652,
10485,92,2500000,0,user_34,640,651,
11454,98,2500000,0,user_40,645,652,
10984,95,2300000,0,user_37,643,651,
10465,94,2300000,0,user_17,640,651,
10985,98,1200000,959000,user_38,643,651,
11901,65,1199999,0,builder_16,646,646,10985
10586,91,2100000,0,user_41,641,650,
10733,93,2000000,49100,user_27,642,650,
11902,68,1999999,0,builder_16,646,646,10733
11000,95,2000000,0,user_44,643,650,
10991,96,2000000,0,user_40,643,650,
10996,97,2000000,0,user_41,643,650,
10454,99,2000000,0,user_13,640,650,
10494,94,2000000,0,user_42,640,649,
10737,95,2000000,0,user_32,642,649,
11214,98,2000000,0,user_31,644,650,
11903,76,1800001,0,builder_16,646,646,10496
10496,88,1800000,128000,user_44,640,648,
10995,90,1900000,0,user_41,643,648,
11227,91,1600000,256000,user_46,644,648,
11904,80,1599999,0,builder_16,646,646,11227
10565,96,1800001,0,user_16,641,648,10496
10732,95,1800001,0,user_26,642,648,10496
10947,92,1799999,0,user_6,643,647,10496
10554,97,1799999,0,user_2,641,648,10496
10558,98,1799999,0,user_10,641,648,10496
10566,89,1799999,0,user_17,641,647,10496
10710,99,1799999,0,user_2,642,648,10496
11905,88,1600001,0,builder_16,646,646,11450
11450,93,1600000,39400,user_36,645,647,
11430,96,1600001,0,user_15,645,647,11227
11431,95,1600001,0,user_18,645,647,11227
11679,97,1600001,0,user_1,646,647,11227
11688,98,1600001,0,user_11,646,647,11227
10493,94,1600000,0,user_42,640,646,
10579,95,1600000,0,user_33,641,646,
10754,96,1600000,0,user_46,642,646,
11704,97,1600000,0,user_29,646,646,
11437,98,1599999,0,user_21,645,646,11227
11433,99,1599999,0,user_19,645,646,11227
10444,2,43000000,0,user_2,640,659,
11448,3,30000000,11200,user_33,645,659,
12166,2,29999999,0,builder_18,647,647,11448
11457,5,30000000,0,user_47,645,659,
10484,6,30000000,0,user_34,640,659,
11715,7,30000000,0,user_46,646,659,
11969,8,30000000,0,user_45,647,659,
11455,27,27000000,0,user_46,645,659,
10747,28,27000000,0,user_41,642,659,
10988,29,27000000,0,user_40,643,659,
11710,30,27000000,0,user_42,646,659,
10588,46,19000000,13900,user_43,641,659,
12167,12,18999999,0,builder_18,647,647,10588
12168,13,6300001,0,builder_18,647,647,10450
10450,54,6300000,155000,user_8,640,659,
12169,15,6300001,0,builder_18,647,647,10986
10986,57,6300000,146000,user_39,643,659,
11192,58,6300001,0,user_3,644,659,10986
11196,59,6300001,0,user_9,644,659,10986
11193,60,6300001,0,user_6,644,659,10450
10569,61,6300001,0,user_20,641,659,10450
10572,62,6300001,0,user_25,641,659,10450
10473,63,6300001,0,user_23,640,659,10450
10476,64,6300001,0,user_23,640,659,10450
10477,65,6300001,0,user_24,640,659,10450
10478,66,6300001,0,user_25,640,659,10450
11216,69,6300000,0,user_32,644,659,
10468,70,6300000,0,user_20,640,659,
10453,71,6300000,0,user_12,640,659,
10456,72,6300000,0,user_15,640,659,
10740,73,6300000,0,user_34,642,659,
10973,74,6300000,0,user_29,643,659,
11197,76,6299999,0,user_10,644,659,10450
11207,77,6299999,0,user_20,644,659,10450
10562,78,6299999,0,user_13,641,659,10450
10474,79,6299999,0,user_23,640,659,10450
10475,80,6299999,0,user_23,640,659,10450
10725,81,6299999,0,user_18,642,659,10450
10729,82,6299999,0,user_24,642,659,10450
10943,83,6299999,0,user_1,643,659,10450
10497,88,6100000,0,user_45,640,659,
11001,89,6100000,0,user_44,643,659,
10975,90,6100000,0,user_31,643,659,
12170,43,5000001,0,builder_18,647,647,10585
10585,94,5000000,6390,user_38,641,657,
11226,97,5000000,0,user_45,644,657,
10445,98,5000000,0,user_4,640,657,
10462,99,5000000,0,user_17,640,657,
10748,88,5000000,0,user_41,642,656,
10742,87,5000000,0,user_36,642,656,
10749,96,5000000,0,user_43,642,657,
11709,86,5000000,0,user_40,646,656,
11456,96,4500000,121000,user_46,645,656,
12171,53,4499999,0,builder_18,647,647,11456
11446,96,4500000,0,user_31,645,655,
10576,97,4500000,0,user_28,641,655,
10448,98,4500000,0,user_6,640,655,
11213,96,4200000,0,user_31,644,654,
10575,96,3200000,0,user_27,641,653,
11959,95,3200000,0,user_36,647,653,
11716,93,2600000,0,user_47,646,652,
11954,99,2600000,0,user_33,647,653,
11454,98,2500000,0,user_40,645,652,
10455,99,2500000,0,user_14,640,652,
10485,92,2500000,0,user_34,640,651,
10465,94,2300000,0,user_17,640,651,
10984,95,2300000,0,user_37,643,651,
10985,98,1200000,959000,user_38,643,651,
12172,68,1199999,0,builder_18,647,647,10985
10586,91,2100000,0,user_41,641,650,
12173,70,2000001,0,builder_18,647,647,10733
10733,93,2000000,49100,user_27,642,650,
11214,98,2000000,0,user_31,644,650,
10454,99,2000000,0,user_13,640,650,
10494,94,2000000,0,user_42,640,649,
10737,95,2000000,0,user_32,642,649,
11000,95,2000000,0,user_44,643,650,
10991,96,2000000,0,user_40,643,650,
10996,97,2000000,0,user_41,643,650,
12174,79,1800001,0,builder_18,647,647,10496
10496,88,1800000,128000,user_44,640,648,
10995,90,1900000,0,user_41,643,648,
12175,82,1600001,0,builder_18,647,647,11227
11227,91,1600000,256000,user_46,644,648,
12176,84,1300001,0,builder_18,647,647,11955
11955,94,1300000,510000,user_34,647,648,
10565,96,1800001,0,user_16,641,648,10496
10732,95,1800001,0,user_26,642,648,10496
10558,98,1799999,0,user_10,641,648,10496
10566,89,1799999,0,user_17,641,647,10496
10710,99,1799999,0,user_2,642,648,10496
10554,97,1799999,0,user_2,641,648,10496
10947,92,1799999,0,user_6,643,647,10496
11450,93,1600000,39400,user_36,645,647,
12177,94,1599999,0,builder_18,647,647,11450
11431,95,1600001,0,user_18,645,647,11227
11430,96,1600001,0,user_15,645,647,11227
11679,97,1600001,0,user_1,646,647,11227
11688,98,1600001,0,user_11,646,647,11227
11930,99,1600001,0,user_4,647,647,11227
10444,2,43000000,0,user_2,640,659,
11448,3,30000000,11200,user_33,645,659,
12451,2,29999999,0,builder_18,648,648,11448
11457,5,30000000,0,user_47,645,659,
11715,7,30000000,0,user_46,646,659,
11969,8,30000000,0,user_45,647,659,
10484,6,30000000,0,user_34,640,659,
12221,12,27000000,779000,user_37,648,659,
12452,8,26999999,0,builder_18,648,648,12221
11455,27,27000000,0,user_46,645,659,
11710,30,27000000,0,user_42,646,659,
10747,28,27000000,0,user_41,642,659,
10988,29,27000000,0,user_40,643,659,
10588,46,19000000,13900,user_43,641,659,
12453,14,18999999,0,builder_18,648,648,10588
11960,50,19000000,0,user_38,647,659,
12454,16,6300001,0,builder_18,648,648,10450
10450,54,6300000,155000,user_8,640,659,
10986,57,6300000,146000,user_39,643,659,
12455,19,6299999,0,builder_18,648,648,10986
10572,62,6300001,0,user_25,641,659,10450
10569,61,6300001,0,user_20,641,659,10450
10473,63,6300001,0,user_23,640,659,10450
10476,64,6300001,0,user_23,640,659,10450
10478,66,6300001,0,user_25,640,659,10450
10477,65,6300001,0,user_24,640,659,10450
11192,58,6300001,0,user_3,644,659,10986
11196,59,6300001,0,user_9,644,659,10986
11193,60,6300001,0,user_6,644,659,10450
10740,73,6300000,0,user_34,642,659,
10468,70,6300000,0,user_20,640,659,
10453,71,6300000,0,user_12,640,659,
10456,72,6300000,0,user_15,640,659,
10973,74,6300000,0,user_29,643,659,
11216,69,6300000,0,user_32,644,659,
10725,81,6299999,0,user_18,642,659,10450
10729,82,6299999,0,user_24,642,659,10450
10943,83,6299999,0,user_1,643,659,10450
10562,78,6299999,0,user_13,641,659,10450
10474,79,6299999,0,user_23,640,659,10450
10475,80,6299999,0,user_23,640,659,10450
11197,76,6299999,0,user_10,644,659,10450
11207,77,6299999,0,user_20,644,659,10450
11001,89,6100000,0,user_44,643,659,
10497,88,6100000,0,user_45,640,659,
10975,90,6100000,0,user_31,643,659,
10585,94,5000000,6390,user_38,641,657,
12456,47,4999999,0,builder_18,648,648,10585
11709,86,5000000,0,user_40,646,656,
10742,87,5000000,0,user_36,642,656,
10748,88,5000000,0,user_41,642,656,
10749,96,5000000,0,user_43,642,657,
10445,98,5000000,0,user_4,640,657,
10462,99,5000000,0,user_17,640,657,
11226,97,5000000,0,user_45,644,657,
11456,96,4500000,121000,user_46,645,656,
12457,56,4499999,0,builder_18,648,648,11456
11446,96,4500000,0,user_31,645,655,
10448,98,4500000,0,user_6,640,655,
10576,97,4500000,0,user_28,641,655,
11213,96,4200000,0,user_31,644,654,
12220,94,4200000,0,user_37,648,654,
12215,95,4200000,0,user_30,648,654,
11949,94,3500000,0,user_28,647,653,
10575,96,3200000,0,user_27,641,653,
11959,95,3200000,0,user_36,647,653,
11716,93,2600000,0,user_47,646,652,
11954,99,2600000,0,user_33,647,653,
11454,98,2500000,0,user_40,645,652,
10455,99,2500000,0,user_14,640,652,
10485,92,2500000,0,user_34,640,651,
10984,95,2300000,0,user_37,643,651,
10465,94,2300000,0,user_17,640,651,
12226,96,2300000,0,user_48,648,651,
12458,74,1200001,0,builder_18,648,648,10985
10985,98,1200000,959000,user_38,643,651,
12459,76,2100001,0,builder_18,648,648,11967
11967,99,2100000,33300,user_43,647,651,
10586,91,2100000,0,user_41,641,650,
10733,93,2000000,49100,user_27,642,650,
12460,80,1999999,0,builder_18,648,648,10733
10737,95,2000000,0,user_32,642,649,
11000,95,2000000,0,user_44,643,650,
10454,99,2000000,0,user_13,640,650,
10494,94,2000000,0,user_42,640,649,
10991,96,2000000,0,user_40,643,650,
10996,97,2000000,0,user_41,643,650,
11214,98,2000000,0,user_31,644,650,
10496,88,1800000,128000,user_44,640,648,
12461,89,1799999,0,builder_18,648,648,10496
10995,90,1900000,0,user_41,643,648,
11227,91,1600000,256000,user_46,644,648,
12462,92,1599999,0,builder_18,648,648,11227
12463,93,1300001,0,builder_18,648,648,11955
11955,94,1300000,510000,user_34,647,648,
10732,95,1800001,0,user_26,642,648,10496
10565,96,1800001,0,user_16,641,648,10496
10554,97,1799999,0,user_2,641,648,10496
10558,98,1799999,0,user_10,641,648,10496
10710,99,1799999,0,user_2,642,648,10496
10444,2,43000000,0,user_2,640,659,
11448,3,30000000,11200,user_33,645,659,
12768,2,29999999,0,builder_18,649,649,11448
11969,8,30000000,0,user_45,647,659,
10484,6,30000000,0,user_34,640,659,
11457,5,30000000,0,user_47,645,659,
11715,7,30000000,0,user_46,646,659,
12769,7,27000001,0,builder_18,649,649,12221
12221,12,27000000,779000,user_37,648,659,
12494,18,27000001,0,user_20,649,659,12221
10988,29,27000000,0,user_40,643,659,
10747,28,27000000,0,user_41,642,659,
11455,27,27000000,0,user_46,645,659,
11710,30,27000000,0,user_42,646,659,
12482,35,26999999,0,user_11,649,659,12221
12770,15,19000001,0,builder_18,649,649,10588
10588,46,19000000,13900,user_43,641,659,
11960,50,19000000,0,user_38,647,659,
12771,18,6300001,0,builder_18,649,649,10450
10450,54,6300000,155000,user_8,640,659,
12772,20,6300001,0,builder_18,649,649,10986
10986,57,6300000,146000,user_39,643,659,
10473,63,6300001,0,user_23,640,659,10450
10476,64,6300001,0,user_23,640,659,10450
10477,65,6300001,0,user_24,640,659,10450
10478,66,6300001,0,user_25,640,659,10450
10569,61,6300001,0,user_20,641,659,10450
10572,62,6300001,0,user_25,641,659,10450
11192,58,6300001,0,user_3,644,659,10986
11193,60,6300001,0,user_6,644,659,10450
11196,59,6300001,0,user_9,644,659,10986
10973,74,6300000,0,user_29,643,659,
10453,71,6300000,0,user_12,640,659,
10468,70,6300000,0,user_20,640,659,
10456,72,6300000,0,user_15,640,659,
10740,73,6300000,0,user_34,642,659,
11216,69,6300000,0,user_32,644,659,
10943,83,6299999,0,user_1,643,659,10450
11197,76,6299999,0,user_10,644,659,10450
11207,77,6299999,0,user_20,644,659,10450
10474,79,6299999,0,user_23,640,659,10450
10475,80,6299999,0,user_23,640,659,10450
10562,78,6299999,0,user_13,641,659,10450
10725,81,6299999,0,user_18,642,659,10450
10729,82,6299999,0,user_24,642,659,10450
12227,87,6100000,8520,user_49,648,659,
12773,46,6099999,0,builder_18,649,649,12227
11001,89,6100000,0,user_44,643,659,
10975,90,6100000,0,user_31,643,659,
10497,88,6100000,0,user_45,640,659,
12774,50,5000001,0,builder_18,649,649,10585
10585,94,5000000,6390,user_38,641,657,
10749,96,5000000,0,user_43,642,657,
11226,97,5000000,0,user_45,644,657,
10445,98,5000000,0,user_4,640,657,
10462,99,5000000,0,user_17,640,657,
10742,87,5000000,0,user_36,642,656,
10748,88,5000000,0,user_41,642,656,
11709,86,5000000,0,user_40,646,656,
11456,96,4500000,121000,user_46,645,656,
12775,60,4499999,0,builder_18,649,649,11456
10448,98,4500000,0,user_6,640,655,
10576,97,4500000,0,user_28,641,655,
11446,96,4500000,0,user_31,645,655,
12220,94,4200000,0,user_37,648,654,
11213,96,4200000,0,user_31,644,654,
12215,95,4200000,0,user_30,648,654,
12521,97,4200000,0,user_47,649,654,
12510,93,3500000,31700,user_39,649,653,
12776,69,3499999,0,builder_18,649,649,12510
11949,94,3500000,0,user_28,647,653,
11959,95,3200000,0,user_36,647,653,
10575,96,3200000,0,user_27,641,653,
11954,99,2600000,0,user_33,647,653,
11716,93,2600000,0,user_47,646,652,
12518,97,1800000,769000,user_44,649,652,
12777,76,1799999,0,builder_18,649,649,12518
10455,99,2500000,0,user_14,640,652,
10485,92,2500000,0,user_34,640,651,
11454,98,2500000,0,user_40,645,652,
10984,95,2300000,0,user_37,643,651,
10465,94,2300000,0,user_17,640,651,
12226,96,2300000,0,user_48,648,651,
10985,98,1200000,959000,user_38,643,651,
12778,84,1199999,0,builder_18,649,649,10985
11967,99,2100000,33300,user_43,647,651,
12779,86,2099999,0,builder_18,649,649,11967
10586,91,2100000,0,user_41,641,650,
10733,93,2000000,49100,user_27,642,650,
12780,89,1999999,0,builder_18,649,649,10733
11000,95,2000000,0,user_44,643,650,
10991,96,2000000,0,user_40,643,650,
10996,97,2000000,0,user_41,643,650,
10454,99,2000000,0,user_13,640,650,
10494,94,2000000,0,user_42,640,649,
10737,95,2000000,0,user_32,642,649,
11214,98,2000000,0,user_31,644,650,
12509,94,2000000,0,user_37,649,650,
12514,98,2000000,0,user_42,649,649,
12781,99,1800001,0,builder_18,649,649,10496
10444,2,43000000,0,user_2,640,659,
11448,3,30000000,11200,user_33,645,659,
13062,2,29999999,0,builder_18,650,650,11448
11969,8,30000000,0,user_45,647,659,
10484,6,30000000,0,user_34,640,659,
11457,5,30000000,0,user_47,645,659,
11715,7,30000000,0,user_46,646,659,
12221,12,27000000,779000,user_37,648,659,
13063,8,26999999,0,builder_18,650,650,12221
12494,18,27000001,0,user_20,649,659,12221
12783,20,27000001,0,user_0,650,659,12221
12796,19,27000001,0,user_11,650,659,12221
10988,29,27000000,0,user_40,643,659,
10747,28,27000000,0,user_41,642,659,
11455,27,27000000,0,user_46,645,659,
11710,30,27000000,0,user_42,646,659,
12482,35,26999999,0,user_11,649,659,12221
12785,36,26999999,0,user_0,650,659,12221
13064,18,19000001,0,builder_18,650,650,10588
10588,46,19000000,13900,user_43,641,659,
11960,50,19000000,0,user_38,647,659,
12830,49,19000000,0,user_45,650,659,
10450,54,6300000,155000,user_8,640,659,
13065,23,6299999,0,builder_18,650,650,10450
10986,57,6300000,146000,user_39,643,659,
13066,25,6299999,0,builder_18,650,650,10986
11192,58,6300001,0,user_3,644,659,10986
11193,60,6300001,0,user_6,644,659,10450
10473,63,6300001,0,user_23,640,659,10450
10476,64,6300001,0,user_23,640,659,10450
10477,65,6300001,0,user_24,640,659,10450
10572,62,6300001,0,user_25,641,659,10450
10569,61,6300001,0,user_20,641,659,10450
11196,59,6300001,0,user_9,644,659,10986
10478,66,6300001,0,user_25,640,659,10450
10973,74,6300000,0,user_29,643,659,
11216,69,6300000,0,user_32,644,659,
10453,71,6300000,0,user_12,640,659,
10456,72,6300000,0,user_15,640,659,
10468,70,6300000,0,user_20,640,659,
10740,73,6300000,0,user_34,642,659,
11207,77,6299999,0,user_20,644,659,10450
11197,76,6299999,0,user_10,644,659,10450
10474,79,6299999,0,user_23,640,659,10450
10475,80,6299999,0,user_23,640,659,10450
10562,78,6299999,0,user_13,641,659,10450
10725,81,6299999,0,user_18,642,659,10450
10729,82,6299999,0,user_24,642,659,10450
10943,83,6299999,0,user_1,643,659,10450
13067,49,6100001,0,builder_18,650,650,12227
12227,87,6100000,8520,user_49,648,659,
10975,90,6100000,0,user_31,643,659,
11001,89,6100000,0,user_44,643,659,
10497,88,6100000,0,user_45,640,659,
13068,54,5000001,0,builder_18,650,650,10585
10585,94,5000000,6390,user_38,641,657,
11226,97,5000000,0,user_45,644,657,
10462,99,5000000,0,user_17,640,657,
10749,96,5000000,0,user_43,642,657,
10445,98,5000000,0,user_4,640,657,
10742,87,5000000,0,user_36,642,656,
10748,88,5000000,0,user_41,642,656,
11709,86,5000000,0,user_40,646,656,
11456,96,4500000,121000,user_46,645,656,
13069,64,4499999,0,builder_18,650,650,11456
10448,98,4500000,0,user_6,640,655,
10576,97,4500000,0,user_28,641,655,
11446,96,4500000,0,user_31,645,655,
12220,94,4200000,0,user_37,648,654,
12215,95,4200000,0,user_30,648,654,
11213,96,4200000,0,user_31,644,654,
12521,97,4200000,0,user_47,649,654,
13070,72,3500001,0,builder_18,650,650,12510
12510,93,3500000,31700,user_39,649,653,
11949,94,3500000,0,user_28,647,653,
11959,95,3200000,0,user_36,647,653,
10575,96,3200000,0,user_27,641,653,
11954,99,2600000,0,user_33,647,653,
11716,93,2600000,0,user_47,646,652,
12518,97,1800000,769000,user_44,649,652,
13071,80,1799999,0,builder_18,650,650,12518
10455,99,2500000,0,user_14,640,652,
10485,92,2500000,0,user_34,640,651,
11454,98,2500000,0,user_40,645,652,
12226,96,2300000,0,user_48,648,651,
10984,95,2300000,0,user_37,643,651,
10465,94,2300000,0,user_17,640,651,
10985,98,1200000,959000,user_38,643,651,
13072,88,1199999,0,builder_18,650,650,10985
11967,99,2100000,33300,user_43,647,651,
13073,90,2099999,0,builder_18,650,650,11967
10586,91,2100000,0,user_41,641,650,
13074,92,2000001,0,builder_18,650,650,10733
10733,93,2000000,49100,user_27,642,650,
12509,94,2000000,0,user_37,649,650,
11000,95,2000000,0,user_44,643,650,
10991,96,2000000,0,user_40,643,650,
10996,97,2000000,0,user_41,643,650,
11214,98,2000000,0,user_31,644,650,
10454,99,2000000,0,user_13,640,650,
10444,2,43000000,0,user_2,640,659,
11448,3,30000000,11200,user_33,645,659,
13358,2,29999999,0,builder_18,651,651,11448
11457,5,30000000,0,user_47,645,659,
10484,6,30000000,0,user_34,640,659,
11715,7,30000000,0,user_46,646,659,
11969,8,30000000,0,user_45,647,659,
13118,9,30000000,0,user_41,651,659,
12221,12,27000000,779000,user_37,648,659,
13359,9,26999999,0,builder_18,651,651,12221
12494,18,27000001,0,user_20,649,659,12221
12796,19,27000001,0,user_11,650,659,12221
12783,20,27000001,0,user_0,650,659,12221
13075,21,27000001,0,user_0,651,659,12221
13091,22,27000001,0,user_15,651,659,12221
13101,23,27000001,0,user_25,651,659,12221
11455,27,27000000,0,user_46,645,659,
10747,28,27000000,0,user_41,642,659,
10988,29,27000000,0,user_40,643,659,
11710,30,27000000,0,user_42,646,659,
12482,35,26999999,0,user_11,649,659,12221
12785,36,26999999,0,user_0,650,659,12221
13087,37,26999999,0,user_11,651,659,12221
13099,38,26999999,0,user_23,651,659,12221
13360,24,19000001,0,builder_18,651,651,10588
10588,46,19000000,13900,user_43,641,659,
12830,49,19000000,0,user_45,650,659,
11960,50,19000000,0,user_38,647,659,
13117,52,73000,17700000,user_40,651,659,
13361,29,72999,0,builder_18,651,651,13117
10450,54,6300000,155000,user_8,640,659,
13362,31,6299999,0,builder_18,651,651,10450
10986,57,6300000,146000,user_39,643,659,
13363,33,6299999,0,builder_18,651,651,10986
11192,58,6300001,0,user_3,644,659,10986
11196,59,6300001,0,user_9,644,659,10986
11193,60,6300001,0,user_6,644,659,10450
10569,61,6300001,0,user_20,641,659,10450
10572,62,6300001,0,user_25,641,659,10450
10473,63,6300001,0,user_23,640,659,10450
10476,64,6300001,0,user_23,640,659,10450
10477,65,6300001,0,user_24,640,659,10450
10478,66,6300001,0,user_25,640,659,10450
11216,69,6300000,0,user_32,644,659,
10468,70,6300000,0,user_20,640,659,
10453,71,6300000,0,user_12,640,659,
10456,72,6300000,0,user_15,640,659,
10740,73,6300000,0,user_34,642,659,
10973,74,6300000,0,user_29,643,659,
11197,76,6299999,0,user_10,644,659,10450
11207,77,6299999,0,user_20,644,659,10450
10562,78,6299999,0,user_13,641,659,10450
10474,79,6299999,0,user_23,640,659,10450
10475,80,6299999,0,user_23,640,659,10450
10725,81,6299999,0,user_18,642,659,10450
10729,82,6299999,0,user_24,642,659,10450
10943,83,6299999,0,user_1,643,659,10450
13364,57,6100001,0,builder_18,651,651,12227
12227,87,6100000,8520,user_49,648,659,
10497,88,6100000,0,user_45,640,659,
11001,89,6100000,0,user_44,643,659,
10975,90,6100000,0,user_31,643,659,
13365,62,5000001,0,builder_18,651,651,10585
10585,94,5000000,6390,user_38,641,657,
11226,97,5000000,0,user_45,644,657,
10445,98,5000000,0,user_4,640,657,
10462,99,5000000,0,user_17,640,657,
10748,88,5000000,0,user_41,642,656,
10742,87,5000000,0,user_36,642,656,
10749,96,5000000,0,user_43,642,657,
11709,86,5000000,0,user_40,646,656,
13366,71,4500001,0,builder_18,651,651,11456
11456,96,4500000,121000,user_46,645,656,
11446,96,4500000,0,user_31,645,655,
10576,97,4500000,0,user_28,641,655,
10448,98,4500000,0,user_6,640,655,
13122,99,4500000,0,user_46,651,655,
12521,97,4200000,0,user_47,649,654,
12220,94,4200000,0,user_37,648,654,
11213,96,4200000,0,user_31,644,654,
12215,95,4200000,0,user_30,648,654,
12510,93,3500000,31700,user_39,649,653,
13367,82,3499999,0,builder_18,651,651,12510
11949,94,3500000,0,user_28,647,653,
10575,96,3200000,0,user_27,641,653,
11959,95,3200000,0,user_36,647,653,
11716,93,2600000,0,user_47,646,652,
11954,99,2600000,0,user_33,647,653,
12518,97,1800000,769000,user_44,649,652,
13368,89,1799999,0,builder_18,651,651,12518
11454,98,2500000,0,user_40,645,652,
10455,99,2500000,0,user_14,640,652,
10485,92,2500000,0,user_34,640,651,
13103,93,2400000,0,user_27,651,651,
10465,94,2300000,0,user_17,640,651,
10984,95,2300000,0,user_37,643,651,
12226,96,2300000,0,user_48,648,651,
13369,97,1200001,0,builder_18,651,651,10985
10985,98,1200000,959000,user_38,643,651,
11967,99,2100000,33300,user_43,647,651,
10444,2,43000000,0,user_2,640,659,
11448,3,30000000,11200,user_33,645,659,
13627,2,29999999,0,builder_18,652,652,11448
11457,5,30000000,0,user_47,645,659,
11715,7,30000000,0,user_46,646,659,
11969,8,30000000,0,user_45,647,659,
10484,6,30000000,0,user_34,640,659,
13118,9,30000000,0,user_41,651,659,
13628,8,27000001,0,builder_18,652,652,12221
12221,12,27000000,779000,user_37,648,659,
12796,19,27000001,0,user_11,650,659,12221
12783,20,27000001,0,user_0,650,659,12221
13075,21,27000001,0,user_0,651,659,12221
12494,18,27000001,0,user_20,649,659,12221
13091,22,27000001,0,user_15,651,659,12221
13101,23,27000001,0,user_25,651,659,12221
11455,27,27000000,0,user_46,645,659,
11710,30,27000000,0,user_42,646,659,
10747,28,27000000,0,user_41,642,659,
10988,29,27000000,0,user_40,643,659,
13115,31,27000000,0,user_38,651,659,
12785,36,26999999,0,user_0,650,659,12221
13087,37,26999999,0,user_11,651,659,12221
12482,35,26999999,0,user_11,649,659,12221
13099,38,26999999,0,user_23,651,659,12221
13380,39,26999999,0,user_14,652,659,12221
13629,26,19000001,0,builder_18,652,652,10588
10588,46,19000000,13900,user_43,641,659,
12830,49,19000000,0,user_45,650,659,
11960,50,19000000,0,user_38,647,659,
13406,51,19000000,0,user_41,652,659,
13630,31,73001,0,builder_18,652,652,13117
13117,52,73000,17700000,user_40,651,659,
13631,33,6300001,0,builder_18,652,652,10450
10450,54,6300000,155000,user_8,640,659,
13632,35,6300001,0,builder_18,652,652,10986
10986,57,6300000,146000,user_39,643,659,
10572,62,6300001,0,user_25,641,659,10450
10569,61,6300001,0,user_20,641,659,10450
10473,63,6300001,0,user_23,640,659,10450
10476,64,6300001,0,user_23,640,659,10450
10478,66,6300001,0,user_25,640,659,10450
10477,65,6300001,0,user_24,640,659,10450
11192,58,6300001,0,user_3,644,659,10986
11196,59,6300001,0,user_9,644,659,10986
11193,60,6300001,0,user_6,644,659,10450
10740,73,6300000,0,user_34,642,659,
10468,70,6300000,0,user_20,640,659,
10453,71,6300000,0,user_12,640,659,
10456,72,6300000,0,user_15,640,659,
10973,74,6300000,0,user_29,643,659,
11216,69,6300000,0,user_32,644,659,
10725,81,6299999,0,user_18,642,659,10450
10729,82,6299999,0,user_24,642,659,10450
10943,83,6299999,0,user_1,643,659,10450
10562,78,6299999,0,user_13,641,659,10450
10474,79,6299999,0,user_23,640,659,10450
10475,80,6299999,0,user_23,640,659,10450
11197,76,6299999,0,user_10,644,659,10450
11207,77,6299999,0,user_20,644,659,10450
13633,60,6100001,0,builder_18,652,652,12227
12227,87,6100000,8520,user_49,648,659,
11001,89,6100000,0,user_44,643,659,
10497,88,6100000,0,user_45,640,659,
10975,90,6100000,0,user_31,643,659,
10585,94,5000000,6390,user_38,641,657,
13634,66,4999999,0,builder_18,652,652,10585
11709,86,5000000,0,user_40,646,656,
10742,87,5000000,0,user_36,642,656,
10748,88,5000000,0,user_41,642,656,
10749,96,5000000,0,user_43,642,657,
10445,98,5000000,0,user_4,640,657,
10462,99,5000000,0,user_17,640,657,
11226,97,5000000,0,user_45,644,657,
13408,93,5000000,0,user_41,652,656,
13413,95,4200000,545000,user_45,652,656,
13635,76,4199999,0,builder_18,652,652,13413
11456,96,4500000,121000,user_46,645,656,
13636,78,4499999,0,builder_18,652,652,11456
11446,96,4500000,0,user_31,645,655,
10448,98,4500000,0,user_6,640,655,
10576,97,4500000,0,user_28,641,655,
13122,99,4500000,0,user_46,651,655,
11213,96,4200000,0,user_31,644,654,
12220,94,4200000,0,user_37,648,654,
12215,95,4200000,0,user_30,648,654,
12521,97,4200000,0,user_47,649,654,
13405,91,3600000,0,user_39,652,653,
12510,93,3500000,31700,user_39,649,653,
13637,89,3499999,0,builder_18,652,652,12510
11949,94,3500000,0,user_28,647,653,
10575,96,3200000,0,user_27,641,653,
11959,95,3200000,0,user_36,647,653,
11716,93,2600000,0,user_47,646,652,
11954,99,2600000,0,user_33,647,653,
13399,98,2600000,0,user_37,652,653,
13638,96,1800001,0,builder_18,652,652,12518
12518,97,1800000,769000,user_44,649,652,
11454,98,2500000,0,user_40,645,652,
10455,99,2500000,0,user_14,640,652,
10444,2,43000000,0,user_2,640,659,
11448,3,30000000,11200,user_33,645,659,
13895,2,29999999,0,builder_18,653,653,11448
13118,9,30000000,0,user_41,651,659,
11969,8,30000000,0,user_45,647,659,
10484,6,30000000,0,user_34,640,659,
11457,5,30000000,0,user_47,645,659,
11715,7,30000000,0,user_46,646,659,
12221,12,27000000,779000,user_37,648,659,
13896,9,26999999,0,builder_18,653,653,12221
12783,20,27000001,0,user_0,650,659,12221
12796,19,27000001,0,user_11,650,659,12221
13075,21,27000001,0,user_0,651,659,12221
13091,22,27000001,0,user_15,651,659,12221
13101,23,27000001,0,user_25,651,659,12221
12494,18,27000001,0,user_20,649,659,12221
13653,16,27000001,0,user_10,653,659,12221
13115,31,27000000,0,user_38,651,659,
10988,29,27000000,0,user_40,643,659,
10747,28,27000000,0,user_41,642,659,
11455,27,27000000,0,user_46,645,659,
11710,30,27000000,0,user_42,646,659,
12785,36,26999999,0,user_0,650,659,12221
13087,37,26999999,0,user_11,651,659,12221
13099,38,26999999,0,user_23,651,659,12221
12482,35,26999999,0,user_11,649,659,12221
13380,39,26999999,0,user_14,652,659,12221
10588,46,19000000,13900,user_43,641,659,
13897,28,18999999,0,builder_18,653,653,10588
12830,49,19000000,0,user_45,650,659,
11960,50,19000000,0,user_38,647,659,
13406,51,19000000,0,user_41,652,659,
13117,52,73000,17700000,user_40,651,659,
13898,33,72999,0,builder_18,653,653,13117
10450,54,6300000,155000,user_8,640,659,
13899,35,6299999,0,builder_18,653,653,10450
10986,57,6300000,146000,user_39,643,659,
13900,37,6299999,0,builder_18,653,653,10986
10473,63,6300001,0,user_23,640,659,10450
10476,64,6300001,0,user_23,640,659,10450
10477,65,6300001,0,user_24,640,659,10450
10478,66,6300001,0,user_25,640,659,10450
10569,61,6300001,0,user_20,641,659,10450
10572,62,6300001,0,user_25,641,659,10450
11192,58,6300001,0,user_3,644,659,10986
11193,60,6300001,0,user_6,644,659,10450
11196,59,6300001,0,user_9,644,659,10986
10973,74,6300000,0,user_29,643,659,
10453,71,6300000,0,user_12,640,659,
10468,70,6300000,0,user_20,640,659,
10456,72,6300000,0,user_15,640,659,
10740,73,6300000,0,user_34,642,659,
11216,69,6300000,0,user_32,644,659,
13395,75,6300000,0,user_31,652,659,
13693,68,6300000,0,user_47,653,659,
10943,83,6299999,0,user_1,643,659,10450
11197,76,6299999,0,user_10,644,659,10450
11207,77,6299999,0,user_20,644,659,10450
10474,79,6299999,0,user_23,640,659,10450
10475,80,6299999,0,user_23,640,659,10450
10562,78,6299999,0,user_13,641,659,10450
10725,81,6299999,0,user_18,642,659,10450
10729,82,6299999,0,user_24,642,659,10450
12227,87,6100000,8520,user_49,648,659,
13901,64,6099999,0,builder_18,653,653,12227
11001,89,6100000,0,user_44,643,659,
10975,90,6100000,0,user_31,643,659,
10497,88,6100000,0,user_45,640,659,
10585,94,5000000,6390,user_38,641,657,
13902,69,4999999,0,builder_18,653,653,10585
10749,96,5000000,0,user_43,642,657,
11226,97,5000000,0,user_45,644,657,
10445,98,5000000,0,user_4,640,657,
10462,99,5000000,0,user_17,640,657,
10742,87,5000000,0,user_36,642,656,
10748,88,5000000,0,user_41,642,656,
11709,86,5000000,0,user_40,646,656,
13408,93,5000000,0,user_41,652,656,
13903,78,4200001,0,builder_18,653,653,13413
13413,95,4200000,545000,user_45,652,656,
11456,96,4500000,121000,user_46,645,656,
13904,81,4499999,0,builder_18,653,653,11456
13122,99,4500000,0,user_46,651,655,
10448,98,4500000,0,user_6,640,655,
10576,97,4500000,0,user_28,641,655,
11446,96,4500000,0,user_31,645,655,
13686,99,4500000,0,user_37,653,656,
12220,94,4200000,0,user_37,648,654,
11213,96,4200000,0,user_31,644,654,
12215,95,4200000,0,user_30,648,654,
12521,97,4200000,0,user_47,649,654,
13405,91,3600000,0,user_39,652,653,
13905,92,3500001,0,builder_18,653,653,12510
12510,93,3500000,31700,user_39,649,653,
11949,94,3500000,0,user_28,647,653,
11959,95,3200000,0,user_36,647,653,
10575,96,3200000,0,user_27,641,653,
13684,97,3200000,0,user_36,653,653,
13399,98,2600000,0,user_37,652,653,
11954,99,2600000,0,user_33,647,653,
10444,2,43000000,0,user_2,640,659,
14152,1,30000001,0,builder_18,654,654,11448
11448,3,30000000,11200,user_33,645,659,
13118,9,30000000,0,user_41,651,659,
11969,8,30000000,0,user_45,647,659,
10484,6,30000000,0,user_34,640,659,
11457,5,30000000,0,user_47,645,659,
11715,7,30000000,0,user_46,646,659,
13929,10,30000000,0,user_32,654,659,
14153,9,27000001,0,builder_18,654,654,12221
12221,12,27000000,779000,user_37,648,659,
13075,21,27000001,0,user_0,651,659,12221
13091,22,27000001,0,user_15,651,659,12221
13101,23,27000001,0,user_25,651,659,12221
13653,16,27000001,0,user_10,653,659,12221
12494,18,27000001,0,user_20,649,659,12221
12783,20,27000001,0,user_0,650,659,12221
12796,19,27000001,0,user_11,650,659,12221
13921,17,27000001,0,user_20,654,659,12221
13115,31,27000000,0,user_38,651,659,
10988,29,27000000,0,user_40,643,659,
10747,28,27000000,0,user_41,642,659,
11455,27,27000000,0,user_46,645,659,
11710,30,27000000,0,user_42,646,659,
13087,37,26999999,0,user_11,651,659,12221
13099,38,26999999,0,user_23,651,659,12221
13380,39,26999999,0,user_14,652,659,12221
13666,34,26999999,0,user_19,653,659,12221
12482,35,26999999,0,user_11,649,659,12221
12785,36,26999999,0,user_0,650,659,12221
10588,46,19000000,13900,user_43,641,659,
14154,31,18999999,0,builder_18,654,654,10588
13406,51,19000000,0,user_41,652,659,
11960,50,19000000,0,user_38,647,659,
12830,49,19000000,0,user_45,650,659,
13117,52,73000,17700000,user_40,651,659,
14155,36,72999,0,builder_18,654,654,13117
10450,54,6300000,155000,user_8,640,659,
14156,38,6299999,0,builder_18,654,654,10450
14157,39,6300001,0,builder_18,654,654,10986
10986,57,6300000,146000,user_39,643,659,
11192,58,6300001,0,user_3,644,659,10986
11193,60,6300001,0,user_6,644,659,10450
10473,63,6300001,0,user_23,640,659,10450
10476,64,6300001,0,user_23,640,659,10450
10477,65,6300001,0,user_24,640,659,10450
10572,62,6300001,0,user_25,641,659,10450
10569,61,6300001,0,user_20,641,659,10450
11196,59,6300001,0,user_9,644,659,10986
10478,66,6300001,0,user_25,640,659,10450
13395,75,6300000,0,user_31,652,659,
10973,74,6300000,0,user_29,643,659,
11216,69,6300000,0,user_32,644,659,
10453,71,6300000,0,user_12,640,659,
10456,72,6300000,0,user_15,640,659,
10468,70,6300000,0,user_20,640,659,
10740,73,6300000,0,user_34,642,659,
13693,68,6300000,0,user_47,653,659,
11207,77,6299999,0,user_20,644,659,10450
11197,76,6299999,0,user_10,644,659,10450
10474,79,6299999,0,user_23,640,659,10450
10475,80,6299999,0,user_23,640,659,10450
10562,78,6299999,0,user_13,641,659,10450
10725,81,6299999,0,user_18,642,659,10450
10729,82,6299999,0,user_24,642,659,10450
10943,83,6299999,0,user_1,643,659,10450
12227,87,6100000,8520,user_49,648,659,
14158,67,6099999,0,builder_18,654,654,12227
10975,90,6100000,0,user_31,643,659,
11001,89,6100000,0,user_44,643,659,
10497,88,6100000,0,user_45,640,659,
13942,91,6100000,0,user_40,654,659,
13925,95,5200000,285000,user_27,654,659,
14159,73,5199999,0,builder_18,654,654,13925
14160,74,5000001,0,builder_18,654,654,10585
10585,94,5000000,6390,user_38,641,657,
13408,93,5000000,0,user_41,652,656,
11226,97,5000000,0,user_45,644,657,
10462,99,5000000,0,user_17,640,657,
10749,96,5000000,0,user_43,642,657,
10445,98,5000000,0,user_4,640,657,
10742,87,5000000,0,user_36,642,656,
10748,88,5000000,0,user_41,642,656,
11709,86,5000000,0,user_40,646,656,
14161,84,4200001,0,builder_18,654,654,13413
13413,95,4200000,545000,user_45,652,656,
11456,96,4500000,121000,user_46,645,656,
14162,87,4499999,0,builder_18,654,654,11456
13122,99,4500000,0,user_46,651,655,
13686,99,4500000,0,user_37,653,656,
10448,98,4500000,0,user_6,640,655,
10576,97,4500000,0,user_28,641,655,
11446,96,4500000,0,user_31,645,655,
13948,98,4500000,0,user_47,654,656,
12220,94,4200000,0,user_37,648,654,
12215,95,4200000,0,user_30,648,654,
11213,96,4200000,0,user_31,644,654,
12521,97,4200000,0,user_47,649,654,
13951,98,3600000,7840,user_48,654,654,
14163,99,3599999,0,builder_18,654,654,13951
10444,2,43000000,0,user_2,640,659,
14432,1,30000001,0,builder_18,655,655,11448
11448,3,30000000,11200,user_33,645,659,
11457,5,30000000,0,user_47,645,659,
10484,6,30000000,0,user_34,640,659,
11715,7,30000000,0,user_46,646,659,
11969,8,30000000,0,user_45,647,659,
13118,9,30000000,0,user_41,651,659,
13929,10,30000000,0,user_32,654,659,
12221,12,27000000,779000,user_37,648,659,
14433,10,26999999,0,builder_18,655,655,12221
13653,16,27000001,0,user_10,653,659,12221
13921,17,27000001,0,user_20,654,659,12221
12494,18,27000001,0,user_20,649,659,12221
12796,19,27000001,0,user_11,650,659,12221
12783,20,27000001,0,user_0,650,659,12221
13075,21,27000001,0,user_0,651,659,12221
13091,22,27000001,0,user_15,651,659,12221
13101,23,27000001,0,user_25,651,659,12221
14173,24,27000001,0,user_7,655,659,12221
14164,25,27000001,0,user_0,655,659,12221
14171,26,27000001,0,user_5,655,659,12221
11455,27,27000000,0,user_46,645,659,
10747,28,27000000,0,user_41,642,659,
10988,29,27000000,0,user_40,643,659,
11710,30,27000000,0,user_42,646,659,
13115,31,27000000,0,user_38,651,659,
13666,34,26999999,0,user_19,653,659,12221
12482,35,26999999,0,user_11,649,659,12221
12785,36,26999999,0,user_0,650,659,12221
13087,37,26999999,0,user_11,651,659,12221
13099,38,26999999,0,user_23,651,659,12221
13380,39,26999999,0,user_14,652,659,12221
14177,40,26999999,0,user_11,655,659,12221
14178,41,26999999,0,user_12,655,659,12221
14434,35,19000001,0,builder_18,655,655,10588
10588,46,19000000,13900,user_43,641,659,
12830,49,19000000,0,user_45,650,659,
11960,50,19000000,0,user_38,647,659,
13406,51,19000000,0,user_41,652,659,
14435,40,73001,0,builder_18,655,655,13117
13117,52,73000,17700000,user_40,651,659,
14436,42,6300001,0,builder_18,655,655,10450
10450,54,6300000,155000,user_8,640,659,
10986,57,6300000,146000,user_39,643,659,
14437,45,6299999,0,builder_18,655,655,10986
11192,58,6300001,0,user_3,644,659,10986
11196,59,6300001,0,user_9,644,659,10986
11193,60,6300001,0,user_6,644,659,10450
10569,61,6300001,0,user_20,641,659,10450
10572,62,6300001,0,user_25,641,659,10450
10473,63,6300001,0,user_23,640,659,10450
10476,64,6300001,0,user_23,640,659,10450
10477,65,6300001,0,user_24,640,659,10450
10478,66,6300001,0,user_25,640,659,10450
13693,68,6300000,0,user_47,653,659,
11216,69,6300000,0,user_32,644,659,
10468,70,6300000,0,user_20,640,659,
10453,71,6300000,0,user_12,640,659,
10456,72,6300000,0,user_15,640,659,
10740,73,6300000,0,user_34,642,659,
10973,74,6300000,0,user_29,643,659,
13395,75,6300000,0,user_31,652,659,
11197,76,6299999,0,user_10,644,659,10450
11207,77,6299999,0,user_20,644,659,10450
10562,78,6299999,0,user_13,641,659,10450
10474,79,6299999,0,user_23,640,659,10450
10475,80,6299999,0,user_23,640,659,10450
10725,81,6299999,0,user_18,642,659,10450
10729,82,6299999,0,user_24,642,659,10450
10943,83,6299999,0,user_1,643,659,10450
12227,87,6100000,8520,user_49,648,659,
14438,72,6099999,0,builder_18,655,655,12227
10497,88,6100000,0,user_45,640,659,
11001,89,6100000,0,user_44,643,659,
10975,90,6100000,0,user_31,643,659,
13942,91,6100000,0,user_40,654,659,
14439,77,5000001,0,builder_18,655,655,13945
13945,92,5000000,594000,user_43,654,659,
13925,95,5200000,285000,user_27,654,659,
14440,80,5199999,0,builder_18,655,655,13925
14441,81,5000001,0,builder_18,655,655,10585
10585,94,5000000,6390,user_38,641,657,
11226,97,5000000,0,user_45,644,657,
10445,98,5000000,0,user_4,640,657,
10462,99,5000000,0,user_17,640,657,
10748,88,5000000,0,user_41,642,656,
10742,87,5000000,0,user_36,642,656,
10749,96,5000000,0,user_43,642,657,
11709,86,5000000,0,user_40,646,656,
13408,93,5000000,0,user_41,652,656,
13413,95,4200000,545000,user_45,652,656,
14442,92,4199999,0,builder_18,655,655,13413
11456,96,4500000,121000,user_46,645,656,
14443,94,4499999,0,builder_18,655,655,11456
13686,99,4500000,0,user_37,653,656,
11446,96,4500000,0,user_31,645,655,
10576,97,4500000,0,user_28,641,655,
10448,98,4500000,0,user_6,640,655,
13122,99,4500000,0,user_46,651,655,
10444,2,43000000,0,user_2,640,659,
14205,1,43000000,0,user_38,655,659,
11448,3,30000000,11200,user_33,645,659,
14698,3,29999999,0,builder_18,656,656,11448
13929,10,30000000,0,user_32,654,659,
11457,5,30000000,0,user_47,645,659,
11715,7,30000000,0,user_46,646,659,
11969,8,30000000,0,user_45,647,659,
10484,6,30000000,0,user_34,640,659,
13118,9,30000000,0,user_41,651,659,
12221,12,27000000,779000,user_37,648,659,
14699,11,26999999,0,builder_18,656,656,12221
13921,17,27000001,0,user_20,654,659,12221
14171,26,27000001,0,user_5,655,659,12221
13653,16,27000001,0,user_10,653,659,12221
12796,19,27000001,0,user_11,650,659,12221
12783,20,27000001,0,user_0,650,659,12221
13075,21,27000001,0,user_0,651,659,12221
12494,18,27000001,0,user_20,649,659,12221
13091,22,27000001,0,user_15,651,659,12221
13101,23,27000001,0,user_25,651,659,12221
14173,24,27000001,0,user_7,655,659,12221
14164,25,27000001,0,user_0,655,659,12221
14453,15,27000001,0,user_8,656,659,12221
11455,27,27000000,0,user_46,645,659,
11710,30,27000000,0,user_42,646,659,
10747,28,27000000,0,user_41,642,659,
10988,29,27000000,0,user_40,643,659,
13115,31,27000000,0,user_38,651,659,
12785,36,26999999,0,user_0,650,659,12221
13087,37,26999999,0,user_11,651,659,12221
12482,35,26999999,0,user_11,649,659,12221
13099,38,26999999,0,user_23,651,659,12221
13380,39,26999999,0,user_14,652,659,12221
13666,34,26999999,0,user_19,653,659,12221
14178,41,26999999,0,user_12,655,659,12221
14177,40,26999999,0,user_11,655,659,12221
14700,37,19000001,0,builder_18,656,656,10588
10588,46,19000000,13900,user_43,641,659,
12830,49,19000000,0,user_45,650,659,
11960,50,19000000,0,user_38,647,659,
13406,51,19000000,0,user_41,652,659,
13117,52,73000,17700000,user_40,651,659,
14701,43,72999,0,builder_18,656,656,13117
10450,54,6300000,155000,user_8,640,659,
14702,45,6299999,0,builder_18,656,656,10450
10986,57,6300000,146000,user_39,643,659,
14703,47,6299999,0,builder_18,656,656,10986
10572,62,6300001,0,user_25,641,659,10450
10569,61,6300001,0,user_20,641,659,10450
10473,63,6300001,0,user_23,640,659,10450
10476,64,6300001,0,user_23,640,659,10450
10478,66,6300001,0,user_25,640,659,10450
10477,65,6300001,0,user_24,640,659,10450
11192,58,6300001,0,user_3,644,659,10986
11196,59,6300001,0,user_9,644,659,10986
11193,60,6300001,0,user_6,644,659,10450
13693,68,6300000,0,user_47,653,659,
10740,73,6300000,0,user_34,642,659,
10468,70,6300000,0,user_20,640,659,
10453,71,6300000,0,user_12,640,659,
10456,72,6300000,0,user_15,640,659,
10973,74,6300000,0,user_29,643,659,
11216,69,6300000,0,user_32,644,659,
13395,75,6300000,0,user_31,652,659,
10725,81,6299999,0,user_18,642,659,10450
10729,82,6299999,0,user_24,642,659,10450
10943,83,6299999,0,user_1,643,659,10450
10562,78,6299999,0,user_13,641,659,10450
10474,79,6299999,0,user_23,640,659,10450
10475,80,6299999,0,user_23,640,659,10450
11197,76,6299999,0,user_10,644,659,10450
11207,77,6299999,0,user_20,644,659,10450
12227,87,6100000,8520,user_49,648,659,
14704,74,6099999,0,builder_18,656,656,12227
13942,91,6100000,0,user_40,654,659,
11001,89,6100000,0,user_44,643,659,
10497,88,6100000,0,user_45,640,659,
10975,90,6100000,0,user_31,643,659,
14705,79,5000001,0,builder_18,656,656,13945
13945,92,5000000,594000,user_43,654,659,
14706,81,5200001,0,builder_18,656,656,13925
13925,95,5200000,285000,user_27,654,659,
14481,99,5200000,0,user_45,656,659,
10585,94,5000000,6390,user_38,641,657,
14707,85,4999999,0,builder_18,656,656,10585
11709,86,5000000,0,user_40,646,656,
10742,87,5000000,0,user_36,642,656,
10748,88,5000000,0,user_41,642,656,
10749,96,5000000,0,user_43,642,657,
10445,98,5000000,0,user_4,640,657,
10462,99,5000000,0,user_17,640,657,
11226,97,5000000,0,user_45,644,657,
13408,93,5000000,0,user_41,652,656,
14708,94,4200001,0,builder_18,656,656,13413
13413,95,4200000,545000,user_45,652,656,
11456,96,4500000,121000,user_46,645,656,
14709,97,4499999,0,builder_18,656,656,11456
13948,98,4500000,0,user_47,654,656,
13686,99,4500000,0,user_37,653,656,
14205,1,43000000,0,user_38,655,659,
10444,2,43000000,0,user_2,640,659,
14754,0,43000000,0,user_39,657,659,
14955,3,30000001,0,builder_18,657,657,11448
11448,3,30000000,11200,user_33,645,659,
13929,10,30000000,0,user_32,654,659,
13118,9,30000000,0,user_41,651,659,
11969,8,30000000,0,user_45,647,659,
10484,6,30000000,0,user_34,640,659,
11457,5,30000000,0,user_47,645,659,
11715,7,30000000,0,user_46,646,659,
12221,12,27000000,779000,user_37,648,659,
14956,12,26999999,0,builder_18,657,657,12221
14164,25,27000001,0,user_0,655,659,12221
14173,24,27000001,0,user_7,655,659,12221
14171,26,27000001,0,user_5,655,659,12221
13921,17,27000001,0,user_20,654,659,12221
12783,20,27000001,0,user_0,650,659,12221
12796,19,27000001,0,user_11,650,659,12221
13075,21,27000001,0,user_0,651,659,12221
13091,22,27000001,0,user_15,651,659,12221
13101,23,27000001,0,user_25,651,659,12221
12494,18,27000001,0,user_20,649,659,12221
13653,16,27000001,0,user_10,653,659,12221
14453,15,27000001,0,user_8,656,659,12221
14711,14,27000001,0,user_1,657,659,12221
14731,13,27000001,0,user_17,657,659,12221
13115,31,27000000,0,user_38,651,659,
10988,29,27000000,0,user_40,643,659,
10747,28,27000000,0,user_41,642,659,
11455,27,27000000,0,user_46,645,659,
11710,30,27000000,0,user_42,646,659,
14177,40,26999999,0,user_11,655,659,12221
14178,41,26999999,0,user_12,655,659,12221
12785,36,26999999,0,user_0,650,659,12221
13087,37,26999999,0,user_11,651,659,12221
13099,38,26999999,0,user_23,651,659,12221
12482,35,26999999,0,user_11,649,659,12221
13380,39,26999999,0,user_14,652,659,12221
13666,34,26999999,0,user_19,653,659,12221
14719,33,26999999,0,user_7,657,659,12221
10588,46,19000000,13900,user_43,641,659,
14957,42,18999999,0,builder_18,657,657,10588
12830,49,19000000,0,user_45,650,659,
11960,50,19000000,0,user_38,647,659,
13406,51,19000000,0,user_41,652,659,
14488,48,19000000,0,user_49,656,659,
13117,52,73000,17700000,user_40,651,659,
14958,48,72999,0,builder_18,657,657,13117
14959,49,6300001,0,builder_18,657,657,10450
10450,54,6300000,155000,user_8,640,659,
10986,57,6300000,146000,user_39,643,659,
14960,52,6299999,0,builder_18,657,657,10986
10473,63,6300001,0,user_23,640,659,10450
10476,64,6300001,0,user_23,640,659,10450
10477,65,6300001,0,user_24,640,659,10450
10478,66,6300001,0,user_25,640,659,10450
10569,61,6300001,0,user_20,641,659,10450
10572,62,6300001,0,user_25,641,659,10450
11192,58,6300001,0,user_3,644,659,10986
11193,60,6300001,0,user_6,644,659,10450
11196,59,6300001,0,user_9,644,659,10986
13693,68,6300000,0,user_47,653,659,
10973,74,6300000,0,user_29,643,659,
10453,71,6300000,0,user_12,640,659,
10468,70,6300000,0,user_20,640,659,
10456,72,6300000,0,user_15,640,659,
10740,73,6300000,0,user_34,642,659,
11216,69,6300000,0,user_32,644,659,
13395,75,6300000,0,user_31,652,659,
14746,67,6300000,0,user_33,657,659,
10943,83,6299999,0,user_1,643,659,10450
11197,76,6299999,0,user_10,644,659,10450
11207,77,6299999,0,user_20,644,659,10450
10474,79,6299999,0,user_23,640,659,10450
10475,80,6299999,0,user_23,640,659,10450
10562,78,6299999,0,user_13,641,659,10450
10725,81,6299999,0,user_18,642,659,10450
10729,82,6299999,0,user_24,642,659,10450
14765,85,5200000,959000,user_46,657,659,
14961,80,5199999,0,builder_18,657,657,14765
12227,87,6100000,8520,user_49,648,659,
14962,82,6099999,0,builder_18,657,657,12227
13942,91,6100000,0,user_40,654,659,
11001,89,6100000,0,user_44,643,659,
10975,90,6100000,0,user_31,643,659,
10497,88,6100000,0,user_45,640,659,
14963,87,5000001,0,builder_18,657,657,13945
13945,92,5000000,594000,user_43,654,659,
14964,89,5200001,0,builder_18,657,657,13925
13925,95,5200000,285000,user_27,654,659,
14481,99,5200000,0,user_45,656,659,
14757,97,5000000,68100,user_41,657,658,
14965,93,4999999,0,builder_18,657,657,14757
10585,94,5000000,6390,user_38,641,657,
14966,95,4999999,0,builder_18,657,657,10585
10749,96,5000000,0,user_43,642,657,
11226,97,5000000,0,user_45,644,657,
10445,98,5000000,0,user_4,640,657,
10462,99,5000000,0,user_17,640,657,
14205,1,43000000,0,user_38,655,659,
10444,2,43000000,0,user_2,640,659,
14754,0,43000000,0,user_39,657,659,
11448,3,30000000,11200,user_33,645,659,
15232,4,29999999,0,builder_18,658,658,11448
13118,9,30000000,0,user_41,651,659,
11969,8,30000000,0,user_45,647,659,
10484,6,30000000,0,user_34,640,659,
11457,5,30000000,0,user_47,645,659,
11715,7,30000000,0,user_46,646,659,
13929,10,30000000,0,user_32,654,659,
15233,11,27000001,0,builder_18,658,658,12221
12221,12,27000000,779000,user_37,648,659,
14173,24,27000001,0,user_7,655,659,12221
14164,25,27000001,0,user_0,655,659,12221
14171,26,27000001,0,user_5,655,659,12221
14453,15,27000001,0,user_8,656,659,12221
14711,14,27000001,0,user_1,657,659,12221
13075,21,27000001,0,user_0,651,659,12221
13091,22,27000001,0,user_15,651,659,12221
13101,23,27000001,0,user_25,651,659,12221
13653,16,27000001,0,user_10,653,659,12221
12494,18,27000001,0,user_20,649,659,12221
12783,20,27000001,0,user_0,650,659,12221
12796,19,27000001,0,user_11,650,659,12221
13921,17,27000001,0,user_20,654,659,12221
14731,13,27000001,0,user_17,657,659,12221
13115,31,27000000,0,user_38,651,659,
10988,29,27000000,0,user_40,643,659,
10747,28,27000000,0,user_41,642,659,
11455,27,27000000,0,user_46,645,659,
11710,30,27000000,0,user_42,646,659,
14178,41,26999999,0,user_12,655,659,12221
14177,40,26999999,0,user_11,655,659,12221
14719,33,26999999,0,user_7,657,659,12221
13087,37,26999999,0,user_11,651,659,12221
13099,38,26999999,0,user_23,651,659,12221
13380,39,26999999,0,user_14,652,659,12221
13666,34,26999999,0,user_19,653,659,12221
12482,35,26999999,0,user_11,649,659,12221
12785,36,26999999,0,user_0,650,659,12221
10588,46,19000000,13900,user_43,641,659,
15234,42,18999999,0,builder_18,658,658,10588
14488,48,19000000,0,user_49,656,659,
13406,51,19000000,0,user_41,652,659,
11960,50,19000000,0,user_38,647,659,
12830,49,19000000,0,user_45,650,659,
15235,47,73001,0,builder_18,658,658,13117
13117,52,73000,17700000,user_40,651,659,
10450,54,6300000,155000,user_8,640,659,
15236,50,6299999,0,builder_18,658,658,10450
15237,51,6300001,0,builder_18,658,658,10986
10986,57,6300000,146000,user_39,643,659,
11192,58,6300001,0,user_3,644,659,10986
11193,60,6300001,0,user_6,644,659,10450
10473,63,6300001,0,user_23,640,659,10450
10476,64,6300001,0,user_23,640,659,10450
10477,65,6300001,0,user_24,640,659,10450
10572,62,6300001,0,user_25,641,659,10450
10569,61,6300001,0,user_20,641,659,10450
11196,59,6300001,0,user_9,644,659,10986
10478,66,6300001,0,user_25,640,659,10450
13395,75,6300000,0,user_31,652,659,
10973,74,6300000,0,user_29,643,659,
11216,69,6300000,0,user_32,644,659,
10453,71,6300000,0,user_12,640,659,
10456,72,6300000,0,user_15,640,659,
10468,70,6300000,0,user_20,640,659,
10740,73,6300000,0,user_34,642,659,
13693,68,6300000,0,user_47,653,659,
14746,67,6300000,0,user_33,657,659,
11207,77,6299999,0,user_20,644,659,10450
11197,76,6299999,0,user_10,644,659,10450
10474,79,6299999,0,user_23,640,659,10450
10475,80,6299999,0,user_23,640,659,10450
10562,78,6299999,0,user_13,641,659,10450
10725,81,6299999,0,user_18,642,659,10450
10729,82,6299999,0,user_24,642,659,10450
10943,83,6299999,0,user_1,643,659,10450
15238,79,5200001,0,builder_18,658,658,14765
14765,85,5200000,959000,user_46,657,659,
15239,81,6100001,0,builder_18,658,658,12227
12227,87,6100000,8520,user_49,648,659,
10975,90,6100000,0,user_31,643,659,
11001,89,6100000,0,user_44,643,659,
10497,88,6100000,0,user_45,640,659,
13942,91,6100000,0,user_40,654,659,
15240,87,5000001,0,builder_18,658,658,13945
13945,92,5000000,594000,user_43,654,659,
13925,95,5200000,285000,user_27,654,659,
15241,90,5199999,0,builder_18,658,658,13925
14982,96,5200001,0,user_14,658,659,14765
14976,97,5200001,0,user_9,658,659,14765
14481,99,5200000,0,user_45,656,659,
14970,94,5199999,0,user_1,658,658,14765
14974,95,5199999,0,user_7,658,658,14765
14986,96,5199999,0,user_20,658,658,14765
14757,97,5000000,68100,user_41,657,658,
15242,98,4999999,0,builder_18,658,658,14757
15243,99,5000001,0,builder_18,658,658,10585
14754,0,43000000,0,user_39,657,659,
14205,1,43000000,0,user_38,655,659,
10444,2,43000000,0,user_2,640,659,
11448,3,30000000,11200,user_33,645,659,
15498,4,29999999,0,builder_18,659,659,11448
11457,5,30000000,0,user_47,645,659,
10484,6,30000000,0,user_34,640,659,
11715,7,30000000,0,user_46,646,659,
11969,8,30000000,0,user_45,647,659,
13118,9,30000000,0,user_41,651,659,
13929,10,30000000,0,user_32,654,659,
15499,11,27000001,0,builder_18,659,659,12221
12221,12,27000000,779000,user_37,648,659,
14731,13,27000001,0,user_17,657,659,12221
14711,14,27000001,0,user_1,657,659,12221
14453,15,27000001,0,user_8,656,659,12221
13653,16,27000001,0,user_10,653,659,12221
13921,17,27000001,0,user_20,654,659,12221
12494,18,27000001,0,user_20,649,659,12221
12796,19,27000001,0,user_11,650,659,12221
12783,20,27000001,0,user_0,650,659,12221
13075,21,27000001,0,user_0,651,659,12221
13091,22,27000001,0,user_15,651,659,12221
13101,23,27000001,0,user_25,651,659,12221
14173,24,27000001,0,user_7,655,659,12221
14164,25,27000001,0,user_0,655,659,12221
14171,26,27000001,0,user_5,655,659,12221
11455,27,27000000,0,user_46,645,659,
10747,28,27000000,0,user_41,642,659,
10988,29,27000000,0,user_40,643,659,
11710,30,27000000,0,user_42,646,659,
13115,31,27000000,0,user_38,651,659,
15285,32,27000000,0,user_34,659,659,
14719,33,26999999,0,user_7,657,659,12221
13666,34,26999999,0,user_19,653,659,12221
12482,35,26999999,0,user_11,649,659,12221
12785,36,26999999,0,user_0,650,659,12221
13087,37,26999999,0,user_11,651,659,12221
13099,38,26999999,0,user_23,651,659,12221
13380,39,26999999,0,user_14,652,659,12221
14177,40,26999999,0,user_11,655,659,12221
14178,41,26999999,0,user_12,655,659,12221
15256,42,26999999,0,user_9,659,659,12221
15257,43,26999999,0,user_9,659,659,12221
15293,44,19000000,283000,user_42,659,659,
15500,45,18999999,0,builder_18,659,659,15293
10588,46,19000000,13900,user_43,641,659,
15501,47,18999999,0,builder_18,659,659,10588
14488,48,19000000,0,user_49,656,659,
12830,49,19000000,0,user_45,650,659,
11960,50,19000000,0,user_38,647,659,
13406,51,19000000,0,user_41,652,659,
13117,52,73000,17700000,user_40,651,659,
15502,53,72999,0,builder_18,659,659,13117
10450,54,6300000,155000,user_8,640,659,
15503,55,6299999,0,builder_18,659,659,10450
15504,56,6300001,0,builder_18,659,659,10986
10986,57,6300000,146000,user_39,643,659,
11192,58,6300001,0,user_3,644,659,10986
11196,59,6300001,0,user_9,644,659,10986
11193,60,6300001,0,user_6,644,659,10450
10569,61,6300001,0,user_20,641,659,10450
10572,62,6300001,0,user_25,641,659,10450
10473,63,6300001,0,user_23,640,659,10450
10476,64,6300001,0,user_23,640,659,10450
10477,65,6300001,0,user_24,640,659,10450
10478,66,6300001,0,user_25,640,659,10450
14746,67,6300000,0,user_33,657,659,
13693,68,6300000,0,user_47,653,659,
11216,69,6300000,0,user_32,644,659,
10468,70,6300000,0,user_20,640,659,
10453,71,6300000,0,user_12,640,659,
10456,72,6300000,0,user_15,640,659,
10740,73,6300000,0,user_34,642,659,
10973,74,6300000,0,user_29,643,659,
13395,75,6300000,0,user_31,652,659,
11197,76,6299999,0,user_10,644,659,10450
11207,77,6299999,0,user_20,644,659,10450
10562,78,6299999,0,user_13,641,659,10450
10474,79,6299999,0,user_23,640,659,10450
10475,80,6299999,0,user_23,640,659,10450
10725,81,6299999,0,user_18,642,659,10450
10729,82,6299999,0,user_24,642,659,10450
10943,83,6299999,0,user_1,643,659,10450
15505,84,5200001,0,builder_18,659,659,14765
14765,85,5200000,959000,user_46,657,659,
15506,86,6100001,0,builder_18,659,659,12227
12227,87,6100000,8520,user_49,648,659,
10497,88,6100000,0,user_45,640,659,
11001,89,6100000,0,user_44,643,659,
10975,90,6100000,0,user_31,643,659,
13942,91,6100000,0,user_40,654,659,
13945,92,5000000,594000,user_43,654,659,
15507,93,4999999,0,builder_18,659,659,13945
15508,94,5200001,0,builder_18,659,659,13925
13925,95,5200000,285000,user_27,654,659,
14982,96,5200001,0,user_14,658,659,14765
14976,97,5200001,0,user_9,658,659,14765
15245,98,5200001,0,user_3,659,659,14765
14481,99,5200000,0,user_45,656,659,
10444,2,43000000,0,user_2,660,679,
10484,6,30000000,0,user_34,660,679,
10450,54,6300000,155000,user_8,660,679,
10547,3,6299999,0,builder_18,660,660,10450
10473,63,6300001,0,user_23,660,679,10450
10476,64,6300001,0,user_23,660,679,10450
10477,65,6300001,0,user_24,660,679,10450
10478,66,6300001,0,user_25,660,679,10450
10453,71,6300000,0,user_12,660,679,
10468,70,6300000,0,user_20,660,679,
10456,72,6300000,0,user_15,660,679,
10474,79,6299999,0,user_23,660,679,10450
10475,80,6299999,0,user_23,660,679,10450
10497,88,6100000,0,user_45,660,679,
10445,98,5000000,0,user_4,660,677,
10462,99,5000000,0,user_17,660,677,
10448,98,4500000,0,user_6,660,675,
10455,99,2500000,0,user_14,660,672,
10485,92,2500000,0,user_34,660,671,
10465,94,2300000,0,user_17,660,671,
10454,99,2000000,0,user_13,660,670,
10494,94,2000000,0,user_42,660,669,
10548,22,1800001,0,builder_18,660,660,10496
10496,88,1800000,128000,user_44,660,668,
10493,94,1600000,0,user_42,660,666,
10490,92,1500000,0,user_41,660,665,
10460,96,1400000,0,user_16,660,665,
10469,90,1100000,0,user_21,660,664,
10481,92,970000,0,user_32,660,663,
10492,94,910000,0,user_42,660,663,
10461,96,870000,0,user_16,660,663,
10500,99,530000,11200,user_48,660,663,
10549,32,529999,0,builder_18,660,660,10500
10498,81,420000,67500,user_46,660,662,
10550,34,419999,0,builder_18,660,660,10498
10452,83,460000,0,user_10,660,662,
10495,84,460000,0,user_42,660,662,
10551,37,79001,0,builder_18,660,660,10480
10480,62,79000,296000,user_32,660,661,
10443,63,320000,0,user_1,660,661,
10458,64,310000,0,user_16,660,661,
10464,65,300000,0,user_17,660,661,
10491,66,300000,0,user_42,660,661,
10466,67,260000,0,user_18,660,661,
10499,69,220000,0,user_47,660,661,
10447,70,170000,0,user_5,660,661,
10488,72,170000,0,user_39,660,661,
10472,71,170000,0,user_22,660,661,
10457,75,160000,0,user_16,660,661,
10451,79,160000,0,user_9,660,661,
10463,77,160000,0,user_17,660,661,
10489,78,160000,0,user_40,660,661,
10482,76,160000,0,user_32,660,661,
10483,81,130000,0,user_32,660,661,
10459,82,120000,0,user_16,660,661,
10471,83,120000,0,user_22,660,661,
10449,88,87000,0,user_7,660,661,
10470,90,80000,0,user_21,660,661,
10487,89,80000,0,user_37,660,661,
10446,59,73000,0,user_4,660,660,
10444,2,43000000,0,user_2,660,679,
10484,6,30000000,0,user_34,660,679,
10699,2,6300001,0,builder_18,661,661,10450
10450,54,6300000,155000,user_8,660,679,
10473,63,6300001,0,user_23,660,679,10450
10476,64,6300001,0,user_23,660,679,10450
10477,65,6300001,0,user_24,660,679,10450
10478,66,6300001,0,user_25,660,679,10450
10569,61,6300001,0,user_20,661,679,10450
10572,62,6300001,0,user_25,661,679,10450
10453,71,6300000,0,user_12,660,679,
10468,70,6300000,0,user_20,660,679,
10456,72,6300000,0,user_15,660,679,
10474,79,6299999,0,user_23,660,679,10450
10475,80,6299999,0,user_23,660,679,10450
10562,78,6299999,0,user_13,661,679,10450
10497,88,6100000,0,user_45,660,679,
10445,98,5000000,0,user_4,660,677,
10462,99,5000000,0,user_17,660,677,
10448,98,4500000,0,user_6,660,675,
10575,96,3200000,0,user_27,661,673,
10455,99,2500000,0,user_14,660,672,
10485,92,2500000,0,user_34,660,671,
10465,94,2300000,0,user_17,660,671,
10586,91,2100000,0,user_41,661,670,
10454,99,2000000,0,user_13,660,670,
10494,94,2000000,0,user_42,660,669,
10496,88,1800000,128000,user_44,660,668,
10700,28,1799999,0,builder_18,661,661,10496
10565,96,1800001,0,user_16,661,668,10496
10554,97,1799999,0,user_2,661,668,10496
10558,98,1799999,0,user_10,661,668,10496
10566,89,1799999,0,user_17,661,667,10496
10493,94,1600000,0,user_42,660,666,
10579,95,1600000,0,user_33,661,666,
10490,92,1500000,0,user_41,660,665,
10701,36,1400001,0,builder_18,661,661,10580
10580,95,1400000,6390,user_34,661,665,
10460,96,1400000,0,user_16,660,665,
10577,99,1000000,381000,user_29,661,665,
10702,40,999999,0,builder_18,661,661,10577
10469,90,1100000,0,user_21,660,664,
10486,85,1000000,0,user_35,660,663,
10481,92,970000,0,user_32,660,663,
10492,94,910000,0,user_42,660,663,
10578,95,910000,0,user_32,661,663,
10461,96,870000,0,user_16,660,663,
10582,97,630000,0,user_36,661,663,
10500,99,530000,11200,user_48,660,663,
10703,49,529999,0,builder_18,661,661,10500
10563,77,530001,0,user_14,661,662,10500
10571,78,530001,0,user_24,661,662,10500
10567,79,529999,0,user_18,661,662,10500
10704,53,420001,0,builder_18,661,661,10498
10498,81,420000,67500,user_46,660,662,
10452,83,460000,0,user_10,660,662,
10495,84,460000,0,user_42,660,662,
10564,85,420001,0,user_15,661,662,10498
10573,86,420001,0,user_26,661,662,10498
10705,59,340001,0,builder_18,661,661,10589
10589,60,340000,60700,user_47,661,661,
10706,61,79001,0,builder_18,661,661,10480
10480,62,79000,296000,user_32,660,661,
10443,63,320000,0,user_1,660,661,
10458,64,310000,0,user_16,660,661,
10464,65,300000,0,user_17,660,661,
10491,66,300000,0,user_42,660,661,
10466,67,260000,0,user_18,660,661,
10504,68,240000,0,user_49,660,661,
10499,69,220000,0,user_47,660,661,
10447,70,170000,0,user_5,660,661,
10472,71,170000,0,user_22,660,661,
10488,72,170000,0,user_39,660,661,
10501,73,170000,0,user_49,660,661,
10479,74,160000,0,user_28,660,661,
10457,75,160000,0,user_16,660,661,
10482,76,160000,0,user_32,660,661,
10463,77,160000,0,user_17,660,661,
10489,78,160000,0,user_40,660,661,
10451,79,160000,0,user_9,660,661,
10505,80,150000,0,user_49,660,661,
10483,81,130000,0,user_32,660,661,
10459,82,120000,0,user_16,660,661,
10471,83,120000,0,user_22,660,661,
10502,84,120000,0,user_49,660,661,
10584,85,120000,0,user_37,661,661,
10574,86,110000,0,user_27,661,661,
10583,87,98000,0,user_36,661,661,
10449,88,87000,0,user_7,660,661,
10487,89,80000,0,user_37,660,661,
10470,90,80000,0,user_21,660,661,
10555,91,79001,0,user_3,661,661,10480
10561,92,79001,0,user_11,661,661,10480
10557,93,79001,0,user_10,661,661,10480
10552,94,78999,0,user_1,661,661,10480
10553,95,78999,0,user_2,661,661,10480
10560,96,78999,0,user_11,661,661,10480
10559,97,78999,0,user_10,661,661,10480
10570,98,78999,0,user_21,661,661,10480
10556,99,78999,0,user_9,661,661,10480
10444,2,43000000,0,user_2,660,679,
10484,6,30000000,0,user_34,660,679,
10747,28,27000000,0,user_41,662,679,
10915,3,19000001,0,builder_16,662,662,10588
10588,46,19000000,13900,user_43,661,679,
10916,5,6300001,0,builder_16,662,662,10450
10450,54,6300000,155000,user_8,660,679,
10473,63,6300001,0,user_23,660,679,10450
10476,64,6300001,0,user_23,660,679,10450
10477,65,6300001,0,user_24,660,679,10450
10478,66,6300001,0,user_25,660,679,10450
10569,61,6300001,0,user_20,661,679,10450
10572,62,6300001,0,user_25,661,679,10450
10453,71,6300000,0,user_12,660,679,
10468,70,6300000,0,user_20,660,679,
10456,72,6300000,0,user_15,660,679,
10740,73,6300000,0,user_34,662,679,
10474,79,6299999,0,user_23,660,679,10450
10475,80,6299999,0,user_23,660,679,10450
10562,78,6299999,0,user_13,661,679,10450
10725,81,6299999,0,user_18,662,679,10450
10729,82,6299999,0,user_24,662,679,10450
10497,88,6100000,0,user_45,660,679,
10917,23,5000001,0,builder_16,662,662,10585
10585,94,5000000,6390,user_38,661,677,
10445,98,5000000,0,user_4,660,677,
10462,99,5000000,0,user_17,660,677,
10748,88,5000000,0,user_41,662,676,
10742,87,5000000,0,user_36,662,676,
10448,98,4500000,0,user_6,660,675,
10576,97,4500000,0,user_28,661,675,
10575,96,3200000,0,user_27,661,673,
10455,99,2500000,0,user_14,660,672,
10485,92,2500000,0,user_34,660,671,
10465,94,2300000,0,user_17,660,671,
10586,91,2100000,0,user_41,661,670,
10454,99,2000000,0,user_13,660,670,
10494,94,2000000,0,user_42,660,669,
10737,95,2000000,0,user_32,662,669,
10496,88,1800000,128000,user_44,660,668,
10918,40,1799999,0,builder_16,662,662,10496
10565,96,1800001,0,user_16,661,668,10496
10732,95,1800001,0,user_26,662,668,10496
10554,97,1799999,0,user_2,661,668,10496
10558,98,1799999,0,user_10,661,668,10496
10566,89,1799999,0,user_17,661,667,10496
10710,99,1799999,0,user_2,662,668,10496
10493,94,1600000,0,user_42,660,666,
10579,95,1600000,0,user_33,661,666,
10754,96,1600000,0,user_46,662,666,
10490,92,1500000,0,user_41,660,665,
10739,91,1500000,0,user_32,662,665,
10919,52,1400001,0,builder_16,662,662,10580
10580,95,1400000,6390,user_34,661,665,
10460,96,1400000,0,user_16,660,665,
10577,99,1000000,381000,user_29,661,665,
10920,56,999999,0,builder_16,662,662,10577
10469,90,1100000,0,user_21,660,664,
10590,89,1100000,0,user_49,661,664,
10711,95,1000001,0,user_3,662,664,10577
10722,96,1000001,0,user_14,662,664,10577
10727,98,1000001,0,user_22,662,664,10577
10721,94,1000001,0,user_13,662,664,10577
10726,97,1000001,0,user_21,662,664,10577
10486,85,1000000,0,user_35,660,663,
10587,86,1000000,0,user_43,661,663,
10716,88,999999,0,user_9,662,663,10577
10718,87,999999,0,user_10,662,663,10577
10723,89,999999,0,user_15,662,663,10577
10481,92,970000,0,user_32,660,663,
10492,94,910000,0,user_42,660,663,
10578,95,910000,0,user_32,661,663,
10461,96,870000,0,user_16,660,663,
10582,97,630000,0,user_36,661,663,
10753,98,600000,0,user_46,662,663,
10921,75,530001,0,builder_16,662,662,10500
10500,99,530000,11200,user_48,660,663,
10563,77,530001,0,user_14,661,662,10500
10571,78,530001,0,user_24,661,662,10500
10567,79,529999,0,user_18,661,662,10500
10922,80,420001,0,builder_16,662,662,10498
10498,81,420000,67500,user_46,660,662,
10750,82,470000,0,user_45,662,662,
10452,83,460000,0,user_10,660,662,
10495,84,460000,0,user_42,660,662,
10564,85,420001,0,user_15,661,662,10498
10573,86,420001,0,user_26,661,662,10498
10730,87,420001,0,user_24,662,662,10498
10568,88,419999,0,user_19,661,662,10498
10712,89,419999,0,user_4,662,662,10498
10717,90,419999,0,user_9,662,662,10498
10708,91,419999,0,user_2,662,662,10498
10709,92,419999,0,user_2,662,662,10498
10719,93,419999,0,user_11,662,662,10498
10713,94,419999,0,user_6,662,662,10498
10724,95,419999,0,user_17,662,662,10498
10715,96,419999,0,user_7,662,662,10498
10728,97,419999,0,user_23,662,662,10498
10731,98,419999,0,user_24,662,662,10498
10923,99,340001,0,builder_16,662,662,10589
10444,2,43000000,0,user_2,660,679,
10484,6,30000000,0,user_34,660,679,
10747,28,27000000,0,user_41,662,679,
10988,29,27000000,0,user_40,663,679,
11161,4,19000001,0,builder_16,663,663,10588
10588,46,19000000,13900,user_43,661,679,
10450,54,6300000,155000,user_8,660,679,
11162,7,6299999,0,builder_16,663,663,10450
11163,8,6300001,0,builder_16,663,663,10986
10986,57,6300000,146000,user_39,663,679,
10473,63,6300001,0,user_23,660,679,10450
10476,64,6300001,0,user_23,660,679,10450
10477,65,6300001,0,user_24,660,679,10450
10478,66,6300001,0,user_25,660,679,10450
10569,61,6300001,0,user_20,661,679,10450
10572,62,6300001,0,user_25,661,679,10450
10453,71,6300000,0,user_12,660,679,
10468,70,6300000,0,user_20,660,679,
10456,72,6300000,0,user_15,660,679,
10740,73,6300000,0,user_34,662,679,
10973,74,6300000,0,user_29,663,679,
10474,79,6299999,0,user_23,660,679,10450
10475,80,6299999,0,user_23,660,679,10450
10562,78,6299999,0,user_13,661,679,10450
10725,81,6299999,0,user_18,662,679,10450
10943,83,6299999,0,user_1,663,679,10450
10729,82,6299999,0,user_24,662,679,10450
10497,88,6100000,0,user_45,660,679,
11001,89,6100000,0,user_44,663,679,
10585,94,5000000,6390,user_38,661,677,
11164,30,4999999,0,builder_16,663,663,10585
10445,98,5000000,0,user_4,660,677,
10462,99,5000000,0,user_17,660,677,
10749,96,5000000,0,user_43,662,677,
10742,87,5000000,0,user_36,662,676,
10748,88,5000000,0,user_41,662,676,
10448,98,4500000,0,user_6,660,675,
10576,97,4500000,0,user_28,661,675,
10575,96,3200000,0,user_27,661,673,
10455,99,2500000,0,user_14,660,672,
10485,92,2500000,0,user_34,660,671,
10465,94,2300000,0,user_17,660,671,
10984,95,2300000,0,user_37,663,671,
10586,91,2100000,0,user_41,661,670,
10733,93,2000000,49100,user_27,662,670,
11165,45,1999999,0,builder_16,663,663,10733
10454,99,2000000,0,user_13,660,670,
10494,94,2000000,0,user_42,660,669,
10737,95,2000000,0,user_32,662,669,
11000,95,2000000,0,user_44,663,670,
10991,96,2000000,0,user_40,663,670,
10996,97,2000000,0,user_41,663,670,
10496,88,1800000,128000,user_44,660,668,
11166,53,1799999,0,builder_16,663,663,10496
10995,90,1900000,0,user_41,663,668,
10565,96,1800001,0,user_16,661,668,10496
10732,95,1800001,0,user_26,662,668,10496
10554,97,1799999,0,user_2,661,668,10496
10558,98,1799999,0,user_10,661,668,10496
10566,89,1799999,0,user_17,661,667,10496
10710,99,1799999,0,user_2,662,668,10496
10947,92,1799999,0,user_6,663,667,10496
10493,94,1600000,0,user_42,660,666,
10579,95,1600000,0,user_33,661,666,
10754,96,1600000,0,user_46,662,666,
10490,92,1500000,0,user_41,660,665,
10739,91,1500000,0,user_32,662,665,
10994,93,1500000,0,user_41,663,665,
11167,68,1400001,0,builder_16,663,663,10580
10580,95,1400000,6390,user_34,661,665,
10460,96,1400000,0,user_16,660,665,
10577,99,1000000,381000,user_29,661,665,
11168,72,999999,0,builder_16,663,663,10577
10997,83,1300000,0,user_41,663,664,
10469,90,1100000,0,user_21,660,664,
10590,89,1100000,0,user_49,661,664,
10989,91,1100000,0,user_40,663,664,
11169,77,1000001,0,builder_16,663,663,10980
10980,93,1000000,15700,user_33,663,664,
10711,95,1000001,0,user_3,662,664,10577
10722,96,1000001,0,user_14,662,664,10577
10726,97,1000001,0,user_21,662,664,10577
10721,94,1000001,0,user_13,662,664,10577
10727,98,1000001,0,user_22,662,664,10577
10945,99,1000001,0,user_3,663,664,10577
10486,85,1000000,0,user_35,660,663,
10587,86,1000000,0,user_43,661,663,
10718,87,999999,0,user_10,662,663,10577
10716,88,999999,0,user_9,662,663,10577
10723,89,999999,0,user_15,662,663,10577
10955,90,999999,0,user_11,663,663,10577
10957,91,999999,0,user_12,663,663,10577
10481,92,970000,0,user_32,660,663,
10744,93,970000,0,user_38,662,663,
10492,94,910000,0,user_42,660,663,
10578,95,910000,0,user_32,661,663,
10461,96,870000,0,user_16,660,663,
10582,97,630000,0,user_36,661,663,
10753,98,600000,0,user_46,662,663,
10500,99,530000,11200,user_48,660,663,
10444,2,43000000,0,user_2,660,679,
10484,6,30000000,0,user_34,660,679,
10747,28,27000000,0,user_41,662,679,
10988,29,27000000,0,user_40,663,679,
11383,4,19000001,0,builder_16,664,664,10588
10588,46,19000000,13900,user_43,661,679,
11384,6,6300001,0,builder_16,664,664,10450
10450,54,6300000,155000,user_8,660,679,
10569,61,6300001,0,user_20,661,679,10450
10572,62,6300001,0,user_25,661,679,10450
10473,63,6300001,0,user_23,660,679,10450
10476,64,6300001,0,user_23,660,679,10450
10477,65,6300001,0,user_24,660,679,10450
10478,66,6300001,0,user_25,660,679,10450
11196,59,6300001,0,user_9,664,679,10986
11192,58,6300001,0,user_3,664,679,10986
11193,60,6300001,0,user_6,664,679,10450
10468,70,6300000,0,user_20,660,679,
10453,71,6300000,0,user_12,660,679,
10456,72,6300000,0,user_15,660,679,
10740,73,6300000,0,user_34,662,679,
10973,74,6300000,0,user_29,663,679,
11216,69,6300000,0,user_32,664,679,
10562,78,6299999,0,user_13,661,679,10450
10474,79,6299999,0,user_23,660,679,10450
10475,80,6299999,0,user_23,660,679,10450
10725,81,6299999,0,user_18,662,679,10450
10729,82,6299999,0,user_24,662,679,10450
10943,83,6299999,0,user_1,663,679,10450
11197,76,6299999,0,user_10,664,679,10450
11207,77,6299999,0,user_20,664,679,10450
10497,88,6100000,0,user_45,660,679,
11001,89,6100000,0,user_44,663,679,
10975,90,6100000,0,user_31,663,679,
11385,34,5000001,0,builder_16,664,664,10585
10585,94,5000000,6390,user_38,661,677,
10445,98,5000000,0,user_4,660,677,
10462,99,5000000,0,user_17,660,677,
10748,88,5000000,0,user_41,662,676,
10742,87,5000000,0,user_36,662,676,
10749,96,5000000,0,user_43,662,677,
11226,97,5000000,0,user_45,664,677,
10576,97,4500000,0,user_28,661,675,
10448,98,4500000,0,user_6,660,675,
10575,96,3200000,0,user_27,661,673,
10455,99,2500000,0,user_14,660,672,
10485,92,2500000,0,user_34,660,671,
10465,94,2300000,0,user_17,660,671,
10984,95,2300000,0,user_37,663,671,
11386,49,1200001,0,builder_16,664,664,10985
10985,98,1200000,959000,user_38,663,671,
10586,91,2100000,0,user_41,661,670,
10733,93,2000000,49100,user_27,662,670,
11387,53,1999999,0,builder_16,664,664,10733
10454,99,2000000,0,user_13,660,670,
10494,94,2000000,0,user_42,660,669,
10737,95,2000000,0,user_32,662,669,
11000,95,2000000,0,user_44,663,670,
10991,96,2000000,0,user_40,663,670,
10996,97,2000000,0,user_41,663,670,
10496,88,1800000,128000,user_44,660,668,
11388,61,1799999,0,builder_16,664,664,10496
10995,90,1900000,0,user_41,663,668,
11227,91,1600000,256000,user_46,664,668,
11389,64,1599999,0,builder_16,664,664,11227
10565,96,1800001,0,user_16,661,668,10496
10732,95,1800001,0,user_26,662,668,10496
10558,98,1799999,0,user_10,661,668,10496
10566,89,1799999,0,user_17,661,667,10496
10710,99,1799999,0,user_2,662,668,10496
10554,97,1799999,0,user_2,661,668,10496
10947,92,1799999,0,user_6,663,667,10496
10579,95,1600000,0,user_33,661,666,
10493,94,1600000,0,user_42,660,666,
10754,96,1600000,0,user_46,662,666,
10490,92,1500000,0,user_41,660,665,
10739,91,1500000,0,user_32,662,665,
10994,93,1500000,0,user_41,663,665,
11390,78,1400001,0,builder_16,664,664,10580
10580,95,1400000,6390,user_34,661,665,
10460,96,1400000,0,user_16,660,665,
11391,81,1000001,0,builder_16,664,664,10577
10577,99,1000000,381000,user_29,661,665,
10997,83,1300000,0,user_41,663,664,
11199,84,1200001,0,user_11,664,664,10985
11201,85,1200001,0,user_14,664,664,10985
11200,86,1200001,0,user_12,664,664,10985
11209,87,1199999,0,user_22,664,664,10985
11203,88,1199999,0,user_17,664,664,10985
10590,89,1100000,0,user_49,661,664,
10469,90,1100000,0,user_21,660,664,
10989,91,1100000,0,user_40,663,664,
11392,92,1000001,0,builder_16,664,664,10980
10980,93,1000000,15700,user_33,663,664,
10721,94,1000001,0,user_13,662,664,10577
10711,95,1000001,0,user_3,662,664,10577
10722,96,1000001,0,user_14,662,664,10577
10726,97,1000001,0,user_21,662,664,10577
10727,98,1000001,0,user_22,662,664,10577
10945,99,1000001,0,user_3,663,664,10577
10444,2,43000000,0,user_2,660,679,
11448,3,30000000,11200,user_33,665,679,
11638,2,29999999,0,builder_16,665,665,11448
10484,6,30000000,0,user_34,660,679,
11457,5,30000000,0,user_47,665,679,
10747,28,27000000,0,user_41,662,679,
10988,29,27000000,0,user_40,663,679,
11455,27,27000000,0,user_46,665,679,
11639,8,19000001,0,builder_16,665,665,10588
10588,46,19000000,13900,user_43,661,679,
10450,54,6300000,155000,user_8,660,679,
11640,11,6299999,0,builder_16,665,665,10450
11641,12,6300001,0,builder_16,665,665,10986
10986,57,6300000,146000,user_39,663,679,
10572,62,6300001,0,user_25,661,679,10450
10569,61,6300001,0,user_20,661,679,10450
10473,63,6300001,0,user_23,660,679,10450
10476,64,6300001,0,user_23,660,679,10450
10478,66,6300001,0,user_25,660,679,10450
10477,65,6300001,0,user_24,660,679,10450
11192,58,6300001,0,user_3,664,679,10986
11196,59,6300001,0,user_9,664,679,10986
11193,60,6300001,0,user_6,664,679,10450
10740,73,6300000,0,user_34,662,679,
10468,70,6300000,0,user_20,660,679,
10453,71,6300000,0,user_12,660,679,
10456,72,6300000,0,user_15,660,679,
10973,74,6300000,0,user_29,663,679,
11216,69,6300000,0,user_32,664,679,
10725,81,6299999,0,user_18,662,679,10450
10729,82,6299999,0,user_24,662,679,10450
10943,83,6299999,0,user_1,663,679,10450
10562,78,6299999,0,user_13,661,679,10450
10474,79,6299999,0,user_23,660,679,10450
10475,80,6299999,0,user_23,660,679,10450
11197,76,6299999,0,user_10,664,679,10450
11207,77,6299999,0,user_20,664,679,10450
11001,89,6100000,0,user_44,663,679,
10497,88,6100000,0,user_45,660,679,
10975,90,6100000,0,user_31,663,679,
11642,40,5000001,0,builder_16,665,665,10585
10585,94,5000000,6390,user_38,661,677,
10742,87,5000000,0,user_36,662,676,
10748,88,5000000,0,user_41,662,676,
10749,96,5000000,0,user_43,662,677,
10445,98,5000000,0,user_4,660,677,
10462,99,5000000,0,user_17,660,677,
11226,97,5000000,0,user_45,664,677,
11456,96,4500000,121000,user_46,665,676,
11643,49,4499999,0,builder_16,665,665,11456
10448,98,4500000,0,user_6,660,675,
10576,97,4500000,0,user_28,661,675,
11213,96,4200000,0,user_31,664,674,
10575,96,3200000,0,user_27,661,673,
10455,99,2500000,0,user_14,660,672,
10485,92,2500000,0,user_34,660,671,
11454,98,2500000,0,user_40,665,672,
10984,95,2300000,0,user_37,663,671,
10465,94,2300000,0,user_17,660,671,
11644,59,1200001,0,builder_16,665,665,10985
10985,98,1200000,959000,user_38,663,671,
10586,91,2100000,0,user_41,661,670,
11645,62,2000001,0,builder_16,665,665,10733
10733,93,2000000,49100,user_27,662,670,
10737,95,2000000,0,user_32,662,669,
11000,95,2000000,0,user_44,663,670,
10454,99,2000000,0,user_13,660,670,
10494,94,2000000,0,user_42,660,669,
10991,96,2000000,0,user_40,663,670,
10996,97,2000000,0,user_41,663,670,
11214,98,2000000,0,user_31,664,670,
10496,88,1800000,128000,user_44,660,668,
11646,72,1799999,0,builder_16,665,665,10496
10995,90,1900000,0,user_41,663,668,
11227,91,1600000,256000,user_46,664,668,
11647,75,1599999,0,builder_16,665,665,11227
10732,95,1800001,0,user_26,662,668,10496
10565,96,1800001,0,user_16,661,668,10496
10554,97,1799999,0,user_2,661,668,10496
10558,98,1799999,0,user_10,661,668,10496
10710,99,1799999,0,user_2,662,668,10496
10566,89,1799999,0,user_17,661,667,10496
10947,92,1799999,0,user_6,663,667,10496
11450,93,1600000,39400,user_36,665,667,
11648,84,1599999,0,builder_16,665,665,11450
11430,96,1600001,0,user_15,665,667,11227
11431,95,1600001,0,user_18,665,667,11227
10754,96,1600000,0,user_46,662,666,
10579,95,1600000,0,user_33,661,666,
10493,94,1600000,0,user_42,660,666,
11437,98,1599999,0,user_21,665,666,11227
10739,91,1500000,0,user_32,662,665,
10490,92,1500000,0,user_41,660,665,
10994,93,1500000,0,user_41,663,665,
11649,94,1400001,0,builder_16,665,665,10580
10580,95,1400000,6390,user_34,661,665,
10460,96,1400000,0,user_16,660,665,
11212,97,1400000,0,user_27,664,665,
11650,98,1000001,0,builder_16,665,665,10577
10577,99,1000000,381000,user_29,661,665,
10444,2,43000000,0,user_2,660,679,
11448,3,30000000,11200,user_33,665,679,
11895,2,29999999,0,builder_16,666,666,11448
10484,6,30000000,0,user_34,660,679,
11457,5,30000000,0,user_47,665,679,
11715,7,30000000,0,user_46,666,679,
10988,29,27000000,0,user_40,663,679,
10747,28,27000000,0,user_41,662,679,
11455,27,27000000,0,user_46,665,679,
11710,30,27000000,0,user_42,666,679,
10588,46,19000000,13900,user_43,661,679,
11896,11,18999999,0,builder_16,666,666,10588
11897,12,6300001,0,builder_16,666,666,10450
10450,54,6300000,155000,user_8,660,679,
11898,14,6300001,0,builder_16,666,666,10986
10986,57,6300000,146000,user_39,663,679,
10473,63,6300001,0,user_23,660,679,10450
10476,64,6300001,0,user_23,660,679,10450
10477,65,6300001,0,user_24,660,679,10450
10478,66,6300001,0,user_25,660,679,10450
10569,61,6300001,0,user_20,661,679,10450
10572,62,6300001,0,user_25,661,679,10450
11192,58,6300001,0,user_3,664,679,10986
11193,60,6300001,0,user_6,664,679,10450
11196,59,6300001,0,user_9,664,679,10986
10973,74,6300000,0,user_29,663,679,
10453,71,6300000,0,user_12,660,679,
10468,70,6300000,0,user_20,660,679,
10456,72,6300000,0,user_15,660,679,
10740,73,6300000,0,user_34,662,679,
11216,69,6300000,0,user_32,664,679,
10943,83,6299999,0,user_1,663,679,10450
11197,76,6299999,0,user_10,664,679,10450
11207,77,6299999,0,user_20,664,679,10450
10474,79,6299999,0,user_23,660,679,10450
10475,80,6299999,0,user_23,660,679,10450
10562,78,6299999,0,user_13,661,679,10450
10725,81,6299999,0,user_18,662,679,10450
10729,82,6299999,0,user_24,662,679,10450
11001,89,6100000,0,user_44,663,679,
10975,90,6100000,0,user_31,663,679,
10497,88,6100000,0,user_45,660,679,
10585,94,5000000,6390,user_38,661,677,
11899,43,4999999,0,builder_16,666,666,10585
10749,96,5000000,0,user_43,662,677,
11226,97,5000000,0,user_45,664,677,
10445,98,5000000,0,user_4,660,677,
10462,99,5000000,0,user_17,660,677,
10742,87,5000000,0,user_36,662,676,
10748,88,5000000,0,user_41,662,676,
11709,86,5000000,0,user_40,666,676,
11900,51,4500001,0,builder_16,666,666,11456
11456,96,4500000,121000,user_46,665,676,
10448,98,4500000,0,user_6,660,675,
10576,97,4500000,0,user_28,661,675,
11446,96,4500000,0,user_31,665,675,
11213,96,4200000,0,user_31,664,674,
10575,96,3200000,0,user_27,661,673,
11716,93,2600000,0,user_47,666,672,
10455,99,2500000,0,user_14,660,672,
10485,92,2500000,0,user_34,660,671,
11454,98,2500000,0,user_40,665,672,
10984,95,2300000,0,user_37,663,671,
10465,94,2300000,0,user_17,660,671,
10985,98,1200000,959000,user_38,663,671,
11901,65,1199999,0,builder_16,666,666,10985
10586,91,2100000,0,user_41,661,670,
10733,93,2000000,49100,user_27,662,670,
11902,68,1999999,0,builder_16,666,666,10733
11000,95,2000000,0,user_44,663,670,
10991,96,2000000,0,user_40,663,670,
10996,97,2000000,0,user_41,663,670,
10454,99,2000000,0,user_13,660,670,
10494,94,2000000,0,user_42,660,669,
10737,95,2000000,0,user_32,662,669,
11214,98,2000000,0,user_31,664,670,
11903,76,1800001,0,builder_16,666,666,10496
10496,88,1800000,128000,user_44,660,668,
10995,90,1900000,0,user_41,663,668,
11227,91,1600000,256000,user_46,664,668,
11904,80,1599999,0,builder_16,666,666,11227
10565,96,1800001,0,user_16,661,668,10496
10732,95,1800001,0,user_26,662,668,10496
10947,92,1799999,0,user_6,663,667,10496
10554,97,1799999,0,user_2,661,668,10496
10558,98,1799999,0,user_10,661,668,10496
10566,89,1799999,0,user_17,661,667,10496
10710,99,1799999,0,user_2,662,668,10496
11905,88,1600001,0,builder_16,666,666,11450
11450,93,1600000,39400,user_36,665,667,
11430,96,1600001,0,user_15,665,667,11227
11431,95,1600001,0,user_18,665,667,11227
11679,97,1600001,0,user_1,666,667,11227
11688,98,1600001,0,user_11,666,667,11227
10493,94,1600000,0,user_42,660,666,
10579,95,1600000,0,user_33,661,666,
10754,96,1600000,0,user_46,662,666,
11704,97,1600000,0,user_29,666,666,
11437,98,1599999,0,user_21,665,666,11227
11433,99,1599999,0,user_19,665,666,11227
10444,2,43000000,0,user_2,660,679,
11448,3,30000000,11200,user_33,665,679,
12166,2,29999999,0,builder_18,667,667,11448
11457,5,30000000,0,user_47,665,679,
10484,6,30000000,0,user_34,660,679,
11715,7,30000000,0,user_46,666,679,
11969,8,30000000,0,user_45,667,679,
11455,27,27000000,0,user_46,665,679,
10747,28,27000000,0,user_41,662,679,
10988,29,27000000,0,user_40,663,679,
11710,30,27000000,0,user_42,666,679,
10588,46,19000000,13900,user_43,661,679,
12167,12,18999999,0,builder_18,667,667,10588
12168,13,6300001,0,builder_18,667,667,10450
10450,54,6300000,155000,user_8,660,679,
12169,15,6300001,0,builder_18,667,667,10986
10986,57,6300000,146000,user_39,663,679,
11192,58,6300001,0,user_3,664,679,10986
11196,59,6300001,0,user_9,664,679,10986
11193,60,6300001,0,user_6,664,679,10450
10569,61,6300001,0,user_20,661,679,10450
10572,62,6300001,0,user_25,661,679,10450
10473,63,6300001,0,user_23,660,679,10450
10476,64,6300001,0,user_23,660,679,10450
10477,65,6300001,0,user_24,660,679,10450
10478,66,6300001,0,user_25,660,679,10450
11216,69,6300000,0,user_32,664,679,
10468,70,6300000,0,user_20,660,679,
10453,71,6300000,0,user_12,660,679,
10456,72,6300000,0,user_15,660,679,
10740,73,6300000,0,user_34,662,679,
10973,74,6300000,0,user_29,663,679,
11197,76,6299999,0,user_10,664,679,10450
11207,77,6299999,0,user_20,664,679,10450
10562,78,6299999,0,user_13,661,679,10450
10474,79,6299999,0,user_23,660,679,10450
10475,80,6299999,0,user_23,660,679,10450
10725,81,6299999,0,user_18,662,679,10450
10729,82,6299999,0,user_24,662,679,10450
10943,83,6299999,0,user_1,663,679,10450
10497,88,6100000,0,user_45,660,679,
11001,89,6100000,0,user_44,663,679,
10975,90,6100000,0,user_31,663,679,
12170,43,5000001,0,builder_18,667,667,10585
10585,94,5000000,6390,user_38,661,677,
11226,97,5000000,0,user_45,664,677,
10445,98,5000000,0,user_4,660,677,
10462,99,5000000,0,user_17,660,677,
10748,88,5000000,0,user_41,662,676,
10742,87,5000000,0,user_36,662,676,
10749,96,5000000,0,user_43,662,677,
11709,86,5000000,0,user_40,666,676,
11456,96,4500000,121000,user_46,665,676,
12171,53,4499999,0,builder_18,667,667,11456
11446,96,4500000,0,user_31,665,675,
10576,97,4500000,0,user_28,661,675,
10448,98,4500000,0,user_6,660,675,
11213,96,4200000,0,user_31,664,674,
10575,96,3200000,0,user_27,661,673,
11959,95,3200000,0,user_36,667,673,
11716,93,2600000,0,user_47,666,672,
11954,99,2600000,0,user_33,667,673,
11454,98,2500000,0,user_40,665,672,
10455,99,2500000,0,user_14,660,672,
10485,92,2500000,0,user_34,660,671,
10465,94,2300000,0,user_17,660,671,
10984,95,2300000,0,user_37,663,671,
10985,98,1200000,959000,user_38,663,671,
12172,68,1199999,0,builder_18,667,667,10985
10586,91,2100000,0,user_41,661,670,
12173,70,2000001,0,builder_18,667,667,10733
10733,93,2000000,49100,user_27,662,670,
11214,98,2000000,0,user_31,664,670,
10454,99,2000000,0,user_13,660,670,
10494,94,2000000,0,user_42,660,669,
10737,95,2000000,0,user_32,662,669,
11000,95,2000000,0,user_44,663,670,
10991,96,2000000,0,user_40,663,670,
10996,97,2000000,0,user_41,663,670,
12174,79,1800001,0,builder_18,667,667,10496
10496,88,1800000,128000,user_44,660,668,
10995,90,1900000,0,user_41,663,668,
12175,82,1600001,0,builder_18,667,667,11227
11227,91,1600000,256000,user_46,664,668,
12176,84,1300001,0,builder_18,667,667,11955
11955,94,1300000,510000,user_34,667,668,
10565,96,1800001,0,user_16,661,668,10496
10732,95,1800001,0,user_26,662,668,10496
10558,98,1799999,0,user_10,661,668,10496
10566,89,1799999,0,user_17,661,667,10496
10710,99,1799999,0,user_2,662,668,10496
10554,97,1799999,0,user_2,661,668,10496
10947,92,1799999,0,user_6,663,667,10496
11450,93,1600000,39400,user_36,665,667,
12177,94,1599999,0,builder_18,667,667,11450
11431,95,1600001,0,user_18,665,667,11227
11430,96,1600001,0,user_15,665,667,11227
11679,97,1600001,0,user_1,666,667,11227
11688,98,1600001,0,user_11,666,667,11227
11930,99,1600001,0,user_4,667,667,11227
10444,2,43000000,0,user_2,660,679,
11448,3,30000000,11200,user_33,665,679,
12451,2,29999999,0,builder_18,668,668,11448
11457,5,30000000,0,user_47,665,679,
11715,7,30000000,0,user_46,666,679,
11969,8,30000000,0,user_45,667,679,
10484,6,30000000,0,user_34,660,679,
12221,12,27000000,779000,user_37,668,679,
12452,8,26999999,0,builder_18,668,668,12221
11455,27,27000000,0,user_46,665,679,
11710,30,27000000,0,user_42,666,679,
10747,28,27000000,0,user_41,662,679,
10988,29,27000000,0,user_40,663,679,
10588,46,19000000,13900,user_43,661,679,
12453,14,18999999,0,builder_18,668,668,10588
11960,50,19000000,0,user_38,667,679,
12454,16,6300001,0,builder_18,668,668,10450
10450,54,6300000,155000,user_8,660,679,
10986,57,6300000,146000,user_39,663,679,
12455,19,6299999,0,builder_18,668,668,10986
10572,62,6300001,0,user_25,661,679,10450
10569,61,6300001,0,user_20,661,679,10450
10473,63,6300001,0,user_23,660,679,10450
10476,64,6300001,0,user_23,660,679,10450
10478,66,6300001,0,user_25,660,679,10450
10477,65,6300001,0,user_24,660,679,10450
11192,58,6300001,0,user_3,664,679,10986
11196,59,6300001,0,user_9,664,679,10986
11193,60,6300001,0,user_6,664,679,10450
10740,73,6300000,0,user_34,662,679,
10468,70,6300000,0,user_20,660,679,
10453,71,6300000,0,user_12,660,679,
10456,72,6300000,0,user_15,660,679,
10973,74,6300000,0,user_29,663,679,
11216,69,6300000,0,user_32,664,679,
10725,81,6299999,0,user_18,662,679,10450
10729,82,6299999,0,user_24,662,679,10450
10943,83,6299999,0,user_1,663,679,10450
10562,78,6299999,0,user_13,661,679,10450
10474,79,6299999,0,user_23,660,679,10450
10475,80,6299999,0,user_23,660,679,10450
11197,76,6299999,0,user_10,664,679,10450
11207,77,6299999,0,user_20,664,679,10450
11001,89,6100000,0,user_44,663,679,
10497,88,6100000,0,user_45,660,679,
10975,90,6100000,0,user_31,663,679,
10585,94,5000000,6390,user_38,661,677,
12456,47,4999999,0,builder_18,668,668,10585
11709,86,5000000,0,user_40,666,676,
10742,87,5000000,0,user_36,662,676,
10748,88,5000000,0,user_41,662,676,
10749,96,5000000,0,user_43,662,677,
10445,98,5000000,0,user_4,660,677,
10462,99,5000000,0,user_17,660,677,
11226,97,5000000,0,user_45,664,677,
11456,96,4500000,121000,user_46,665,676,
12457,56,4499999,0,builder_18,668,668,11456
11446,96,4500000,0,user_31,665,675,
10448,98,4500000,0,user_6,660,675,
10576,97,4500000,0,user_28,661,675,
11213,96,4200000,0,user_31,664,674,
12220,94,4200000,0,user_37,668,674,
12215,95,4200000,0,user_30,668,674,
11949,94,3500000,0,user_28,667,673,
10575,96,3200000,0,user_27,661,673,
11959,95,3200000,0,user_36,667,673,
11716,93,2600000,0,user_47,666,672,
11954,99,2600000,0,user_33,667,673,
11454,98,2500000,0,user_40,665,672,
10455,99,2500000,0,user_14,660,672,
10485,92,2500000,0,user_34,660,671,
10984,95,2300000,0,user_37,663,671,
10465,94,2300000,0,user_17,660,671,
12226,96,2300000,0,user_48,668,671,
12458,74,1200001,0,builder_18,668,668,10985
10985,98,1200000,959000,user_38,663,671,
12459,76,2100001,0,builder_18,668,668,11967
11967,99,2100000,33300,user_43,667,671,
10586,91,2100000,0,user_41,661,670,
10733,93,2000000,49100,user_27,662,670,
12460,80,1999999,0,builder_18,668,668,10733
10737,95,2000000,0,user_32,662,669,
11000,95,2000000,0,user_44,663,670,
10454,99,2000000,0,user_13,660,670,
10494,94,2000000,0,user_42,660,669,
10991,96,2000000,0,user_40,663,670,
10996,97,2000000,0,user_41,663,670,
11214,98,2000000,0,user_31,664,670,
10496,88,1800000,128000,user_44,660,668,
12461,89,1799999,0,builder_18,668,668,10496
10995,90,1900000,0,user_41,663,668,
11227,91,1600000,256000,user_46,664,668,
12462,92,1599999,0,builder_18,668,668,11227
12463,93,1300001,0,builder_18,668,668,11955
11955,94,1300000,510000,user_34,667,668,
10732,95,1800001,0,user_26,662,668,10496
10565,96,1800001,0,user_16,661,668,10496
10554,97,1799999,0,user_2,661,668,10496
10558,98,1799999,0,user_10,661,668,10496
10710,99,1799999,0,user_2,662,668,10496
10444,2,43000000,0,user_2,660,679,
11448,3,30000000,11200,user_33,665,679,
12768,2,29999999,0,builder_18,669,669,11448
11969,8,30000000,0,user_45,667,679,
10484,6,30000000,0,user_34,660,679,
11457,5,30000000,0,user_47,665,679,
11715,7,30000000,0,user_46,666,679,
12769,7,27000001,0,builder_18,669,669,12221
12221,12,27000000,779000,user_37,668,679,
12494,18,27000001,0,user_20,669,679,12221
10988,29,27000000,0,user_40,663,679,
10747,28,27000000,0,user_41,662,679,
11455,27,27000000,0,user_46,665,679,
11710,30,27000000,0,user_42,666,679,
12482,35,26999999,0,user_11,669,679,12221
12770,15,19000001,0,builder_18,669,669,10588
10588,46,19000000,13900,user_43,661,679,
11960,50,19000000,0,user_38,667,679,
12771,18,6300001,0,builder_18,669,669,10450
10450,54,6300000,155000,user_8,660,679,
12772,20,6300001,0,builder_18,669,669,10986
10986,57,6300000,146000,user_39,663,679,
10473,63,6300001,0,user_23,660,679,10450
10476,64,6300001,0,user_23,660,679,10450
10477,65,6300001,0,user_24,660,679,10450
10478,66,6300001,0,user_25,660,679,10450
10569,61,6300001,0,user_20,661,679,10450
10572,62,6300001,0,user_25,661,679,10450
11192,58,6300001,0,user_3,664,679,10986
11193,60,6300001,0,user_6,664,679,10450
11196,59,6300001,0,user_9,664,679,10986
10973,74,6300000,0,user_29,663,679,
10453,71,6300000,0,user_12,660,679,
10468,70,6300000,0,user_20,660,679,
10456,72,6300000,0,user_15,660,679,
10740,73,6300000,0,user_34,662,679,
11216,69,6300000,0,user_32,664,679,
10943,83,6299999,0,user_1,663,679,10450
11197,76,6299999,0,user_10,664,679,10450
11207,77,6299999,0,user_20,664,679,10450
10474,79,6299999,0,user_23,660,679,10450
10475,80,6299999,0,user_23,660,679,10450
10562,78,6299999,0,user_13,661,679,10450
10725,81,6299999,0,user_18,662,679,10450
10729,82,6299999,0,user_24,662,679,10450
12227,87,6100000,8520,user_49,668,679,
12773,46,6099999,0,builder_18,669,669,12227
11001,89,6100000,0,user_44,663,679,
10975,90,6100000,0,user_31,663,679,
10497,88,6100000,0,user_45,660,679,
12774,50,5000001,0,builder_18,669,669,10585
10585,94,5000000,6390,user_38,661,677,
10749,96,5000000,0,user_43,662,677,
11226,97,5000000,0,user_45,664,677,
10445,98,5000000,0,user_4,660,677,
10462,99,5000000,0,user_17,660,677,
10742,87,5000000,0,user_36,662,676,
10748,88,5000000,0,user_41,662,676,
11709,86,5000000,0,user_40,666,676,
11456,96,4500000,121000,user_46,665,676,
12775,60,4499999,0,builder_18,669,669,11456
10448,98,4500000,0,user_6,660,675,
10576,97,4500000,0,user_28,661,675,
11446,96,4500000,0,user_31,665,675,
12220,94,4200000,0,user_37,668,674,
11213,96,4200000,0,user_31,664,674,
12215,95,4200000,0,user_30,668,674,
12521,97,4200000,0,user_47,669,674,
12510,93,3500000,31700,user_39,669,673,
12776,69,3499999,0,builder_18,669,669,12510
11949,94,3500000,0,user_28,667,673,
11959,95,3200000,0,user_36,667,673,
10575,96,3200000,0,user_27,661,673,
11954,99,2600000,0,user_33,667,673,
11716,93,2600000,0,user_47,666,672,
12518,97,1800000,769000,user_44,669,672,
12777,76,1799999,0,builder_18,669,669,12518
10455,99,2500000,0,user_14,660,672,
10485,92,2500000,0,user_34,660,671,
11454,98,2500000,0,user_40,665,672,
10984,95,2300000,0,user_37,663,671,
10465,94,2300000,0,user_17,660,671,
12226,96,2300000,0,user_48,668,671,
10985,98,1200000,959000,user_38,663,671,
12778,84,1199999,0,builder_18,669,669,10985
11967,99,2100000,33300,user_43,667,671,
12779,86,2099999,0,builder_18,669,669,11967
10586,91,2100000,0,user_41,661,670,
10733,93,2000000,49100,user_27,662,670,
12780,89,1999999,0,builder_18,669,669,10733
11000,95,2000000,0,user_44,663,670,
10991,96,2000000,0,user_40,663,670,
10996,97,2000000,0,user_41,663,670,
10454,99,2000000,0,user_13,660,670,
10494,94,2000000,0,user_42,660,669,
10737,95,2000000,0,user_32,662,669,
11214,98,2000000,0,user_31,664,670,
12509,94,2000000,0,user_37,669,670,
12514,98,2000000,0,user_42,669,669,
12781,99,1800001,0,builder_18,669,669,10496
10444,2,43000000,0,user_2,660,679,
11448,3,30000000,11200,user_33,665,679,
13062,2,29999999,0,builder_18,670,670,11448
11969,8,30000000,0,user_45,667,679,
10484,6,30000000,0,user_34,660,679,
11457,5,30000000,0,user_47,665,679,
11715,7,30000000,0,user_46,666,679,
12221,12,27000000,779000,user_37,668,679,
13063,8,26999999,0,builder_18,670,670,12221
12494,18,27000001,0,user_20,669,679,12221
12783,20,27000001,0,user_0,670,679,12221
12796,19,27000001,0,user_11,670,679,12221
10988,29,27000000,0,user_40,663,679,
10747,28,27000000,0,user_41,662,679,
11455,27,27000000,0,user_46,665,679,
11710,30,27000000,0,user_42,666,679,
12482,35,26999999,0,user_11,669,679,12221
12785,36,26999999,0,user_0,670,679,12221
13064,18,19000001,0,builder_18,670,670,10588
10588,46,19000000,13900,user_43,661,679,
11960,50,19000000,0,user_38,667,679,
12830,49,19000000,0,user_45,670,679,
10450,54,6300000,155000,user_8,660,679,
13065,23,6299999,0,builder_18,670,670,10450
10986,57,6300000,146000,user_39,663,679,
13066,25,6299999,0,builder_18,670,670,10986
11192,58,6300001,0,user_3,664,679,10986
11193,60,6300001,0,user_6,664,679,10450
10473,63,6300001,0,user_23,660,679,10450
10476,64,6300001,0,user_23,660,679,10450
10477,65,6300001,0,user_24,660,679,10450
10572,62,6300001,0,user_25,661,679,10450
10569,61,6300001,0,user_20,661,679,10450
11196,59,6300001,0,user_9,664,679,10986
10478,66,6300001,0,user_25,660,679,10450
10973,74,6300000,0,user_29,663,679,
11216,69,6300000,0,user_32,664,679,
10453,71,6300000,0,user_12,660,679,
10456,72,6300000,0,user_15,660,679,
10468,70,6300000,0,user_20,660,679,
10740,73,6300000,0,user_34,662,679,
11207,77,6299999,0,user_20,664,679,10450
11197,76,6299999,0,user_10,664,679,10450
10474,79,6299999,0,user_23,660,679,10450
10475,80,6299999,0,user_23,660,679,10450
10562,78,6299999,0,user_13,661,679,10450
10725,81,6299999,0,user_18,662,679,10450
10729,82,6299999,0,user_24,662,679,10450
10943,83,6299999,0,user_1,663,679,10450
13067,49,6100001,0,builder_18,670,670,12227
12227,87,6100000,8520,user_49,668,679,
10975,90,6100000,0,user_31,663,679,
11001,89,6100000,0,user_44,663,679,
10497,88,6100000,0,user_45,660,679,
13068,54,5000001,0,builder_18,670,670,10585
10585,94,5000000,6390,user_38,661,677,
11226,97,5000000,0,user_45,664,677,
10462,99,5000000,0,user_17,660,677,
10749,96,5000000,0,user_43,662,677,
10445,98,5000000,0,user_4,660,677,
10742,87,5000000,0,user_36,662,676,
10748,88,5000000,0,user_41,662,676,
11709,86,5000000,0,user_40,666,676,
11456,96,4500000,121000,user_46,665,676,
13069,64,4499999,0,builder_18,670,670,11456
10448,98,4500000,0,user_6,660,675,
10576,97,4500000,0,user_28,661,675,
11446,96,4500000,0,user_31,665,675,
12220,94,4200000,0,user_37,668,674,
12215,95,4200000,0,user_30,668,674,
11213,96,4200000,0,user_31,664,674,
12521,97,4200000,0,user_47,669,674,
13070,72,3500001,0,builder_18,670,670,12510
12510,93,3500000,31700,user_39,669,673,
11949,94,3500000,0,user_28,667,673,
11959,95,3200000,0,user_36,667,673,
10575,96,3200000,0,user_27,661,673,
11954,99,2600000,0,user_33,667,673,
11716,93,2600000,0,user_47,666,672,
12518,97,1800000,769000,user_44,669,672,
13071,80,1799999,0,builder_18,670,670,12518
10455,99,2500000,0,user_14,660,672,
10485,92,2500000,0,user_34,660,671,
11454,98,2500000,0,user_40,665,672,
12226,96,2300000,0,user_48,668,671,
10984,95,2300000,0,user_37,663,671,
10465,94,2300000,0,user_17,660,671,
10985,98,1200000,959000,user_38,663,671,
13072,88,1199999,0,builder_18,670,670,10985
11967,99,2100000,33300,user_43,667,671,
13073,90,2099999,0,builder_18,670,670,11967
10586,91,2100000,0,user_41,661,670,
13074,92,2000001,0,builder_18,670,670,10733
10733,93,2000000,49100,user_27,662,670,
12509,94,2000000,0,user_37,669,670,
11000,95,2000000,0,user_44,663,670,
10991,96,2000000,0,user_40,663,670,
10996,97,2000000,0,user_41,663,670,
11214,98,2000000,0,user_31,664,670,
10454,99,2000000,0,user_13,660,670,
10444,2,43000000,0,user_2,660,679,
11448,3,30000000,11200,user_33,665,679,
13358,2,29999999,0,builder_18,671,671,11448
11457,5,30000000,0,user_47,665,679,
10484,6,30000000,0,user_34,660,679,
11715,7,30000000,0,user_46,666,679,
11969,8,30000000,0,user_45,667,679,
13118,9,30000000,0,user_41,671,679,
12221,12,27000000,779000,user_37,668,679,
13359,9,26999999,0,builder_18,671,671,12221
12494,18,27000001,0,user_20,669,679,12221
12796,19,27000001,0,user_11,670,679,12221
12783,20,27000001,0,user_0,670,679,12221
13075,21,27000001,0,user_0,671,679,12221
13091,22,27000001,0,user_15,671,679,12221
13101,23,27000001,0,user_25,671,679,12221
11455,27,27000000,0,user_46,665,679,
10747,28,27000000,0,user_41,662,679,
10988,29,27000000,0,user_40,663,679,
11710,30,27000000,0,user_42,666,679,
12482,35,26999999,0,user_11,669,679,12221
12785,36,26999999,0,user_0,670,679,12221
13087,37,26999999,0,user_11,671,679,12221
13099,38,26999999,0,user_23,671,679,12221
13360,24,19000001,0,builder_18,671,671,10588
10588,46,19000000,13900,user_43,661,679,
12830,49,19000000,0,user_45,670,679,
11960,50,19000000,0,user_38,667,679,
13117,52,73000,17700000,user_40,671,679,
13361,29,72999,0,builder_18,671,671,13117
10450,54,6300000,155000,user_8,660,679,
13362,31,6299999,0,builder_18,671,671,10450
10986,57,6300000,146000,user_39,663,679,
13363,33,6299999,0,builder_18,671,671,10986
11192,58,6300001,0,user_3,664,679,10986
11196,59,6300001,0,user_9,664,679,10986
11193,60,6300001,0,user_6,664,679,10450
10569,61,6300001,0,user_20,661,679,10450
10572,62,6300001,0,user_25,661,679,10450
10473,63,6300001,0,user_23,660,679,10450
10476,64,6300001,0,user_23,660,679,10450
10477,65,6300001,0,user_24,660,679,10450
10478,66,6300001,0,user_25,660,679,10450
11216,69,6300000,0,user_32,664,679,
10468,70,6300000,0,user_20,660,679,
10453,71,6300000,0,user_12,660,679,
10456,72,6300000,0,user_15,660,679,
10740,73,6300000,0,user_34,662,679,
10973,74,6300000,0,user_29,663,679,
11197,76,6299999,0,user_10,664,679,10450
11207,77,6299999,0,user_20,664,679,10450
10562,78,6299999,0,user_13,661,679,10450
10474,79,6299999,0,user_23,660,679,10450
10475,80,6299999,0,user_23,660,679,10450
10725,81,6299999,0,user_18,662,679,10450
10729,82,6299999,0,user_24,662,679,10450
10943,83,6299999,0,user_1,663,679,10450
13364,57,6100001,0,builder_18,671,671,12227
12227,87,6100000,8520,user_49,668,679,
10497,88,6100000,0,user_45,660,679,
11001,89,6100000,0,user_44,663,679,
10975,90,6100000,0,user_31,663,679,
13365,62,5000001,0,builder_18,671,671,10585
10585,94,5000000,6390,user_38,661,677,
11226,97,5000000,0,user_45,664,677,
10445,98,5000000,0,user_4,660,677,
10462,99,5000000,0,user_17,660,677,
10748,88,5000000,0,user_41,662,676,
10742,87,5000000,0,user_36,662,676,
10749,96,5000000,0,user_43,662,677,
11709,86,5000000,0,user_40,666,676,
13366,71,4500001,0,builder_18,671,671,11456
11456,96,4500000,121000,user_46,665,676,
11446,96,4500000,0,user_31,665,675,
10576,97,4500000,0,user_28,661,675,
10448,98,4500000,0,user_6,660,675,
13122,99,4500000,0,user_46,671,675,
12521,97,4200000,0,user_47,669,674,
12220,94,4200000,0,user_37,668,674,
11213,96,4200000,0,user_31,664,674,
12215,95,4200000,0,user_30,668,674,
12510,93,3500000,31700,user_39,669,673,
13367,82,3499999,0,builder_18,671,671,12510
11949,94,3500000,0,user_28,667,673,
10575,96,3200000,0,user_27,661,673,
11959,95,3200000,0,user_36,667,673,
11716,93,2600000,0,user_47,666,672,
11954,99,2600000,0,user_33,667,673,
12518,97,1800000,769000,user_44,669,672,
13368,89,1799999,0,builder_18,671,671,12518
11454,98,2500000,0,user_40,665,672,
10455,99,2500000,0,user_14,660,672,
10485,92,2500000,0,user_34,660,671,
13103,93,2400000,0,user_27,671,671,
10465,94,2300000,0,user_17,660,671,
10984,95,2300000,0,user_37,663,671,
12226,96,2300000,0,user_48,668,671,
13369,97,1200001,0,builder_18,671,671,10985
10985,98,1200000,959000,user_38,663,671,
11967,99,2100000,33300,user_43,667,671,
10444,2,43000000,0,user_2,660,679,
11448,3,30000000,11200,user_33,665,679,
13627,2,29999999,0,builder_18,672,672,11448
11457,5,30000000,0,user_47,665,679,
11715,7,30000000,0,user_46,666,679,
11969,8,30000000,0,user_45,667,679,
10484,6,30000000,0,user_34,660,679,
13118,9,30000000,0,user_41,671,679,
13628,8,27000001,0,builder_18,672,672,12221
12221,12,27000000,779000,user_37,668,679,
12796,19,27000001,0,user_11,670,679,12221
12783,20,27000001,0,user_0,670,679,12221
13075,21,27000001,0,user_0,671,679,12221
12494,18,27000001,0,user_20,669,679,12221
13091,22,27000001,0,user_15,671,679,12221
13101,23,27000001,0,user_25,671,679,12221
11455,27,27000000,0,user_46,665,679,
11710,30,27000000,0,user_42,666,679,
10747,28,27000000,0,user_41,662,679,
10988,29,27000000,0,user_40,663,679,
13115,31,27000000,0,user_38,671,679,
12785,36,26999999,0,user_0,670,679,12221
13087,37,26999999,0,user_11,671,679,12221
12482,35,26999999,0,user_11,669,679,12221
13099,38,26999999,0,user_23,671,679,12221
13380,39,26999999,0,user_14,672,679,12221
13629,26,19000001,0,builder_18,672,672,10588
10588,46,19000000,13900,user_43,661,679,
12830,49,19000000,0,user_45,670,679,
11960,50,19000000,0,user_38,667,679,
13406,51,19000000,0,user_41,672,679,
13630,31,73001,0,builder_18,672,672,13117
13117,52,73000,17700000,user_40,671,679,
13631,33,6300001,0,builder_18,672,672,10450
10450,54,6300000,155000,user_8,660,679,
13632,35,6300001,0,builder_18,672,672,10986
10986,57,6300000,146000,user_39,663,679,
10572,62,6300001,0,user_25,661,679,10450
10569,61,6300001,0,user_20,661,679,10450
10473,63,6300001,0,user_23,660,679,10450
10476,64,6300001,0,user_23,660,679,10450
10478,66,6300001,0,user_25,660,679,10450
10477,65,6300001,0,user_24,660,679,10450
11192,58,6300001,0,user_3,664,679,10986
11196,59,6300001,0,user_9,664,679,10986
11193,60,6300001,0,user_6,664,679,10450
10740,73,6300000,0,user_34,662,679,
10468,70,6300000,0,user_20,660,679,
10453,71,6300000,0,user_12,660,679,
10456,72,6300000,0,user_15,660,679,
10973,74,6300000,0,user_29,663,679,
11216,69,6300000,0,user_32,664,679,
10725,81,6299999,0,user_18,662,679,10450
10729,82,6299999,0,user_24,662,679,10450
10943,83,6299999,0,user_1,663,679,10450
10562,78,6299999,0,user_13,661,679,10450
10474,79,6299999,0,user_23,660,679,10450
10475,80,6299999,0,user_23,660,679,10450
11197,76,6299999,0,user_10,664,679,10450
11207,77,6299999,0,user_20,664,679,10450
13633,60,6100001,0,builder_18,672,672,12227
12227,87,6100000,8520,user_49,668,679,
11001,89,6100000,0,user_44,663,679,
10497,88,6100000,0,user_45,660,679,
10975,90,6100000,0,user_31,663,679,
10585,94,5000000,6390,user_38,661,677,
13634,66,4999999,0,builder_18,672,672,10585
11709,86,5000000,0,user_40,666,676,
10742,87,5000000,0,user_36,662,676,
10748,88,5000000,0,user_41,662,676,
10749,96,5000000,0,user_43,662,677,
10445,98,5000000,0,user_4,660,677,
10462,99,5000000,0,user_17,660,677,
11226,97,5000000,0,user_45,664,677,
13408,93,5000000,0,user_41,672,676,
13413,95,4200000,545000,user_45,672,676,
13635,76,4199999,0,builder_18,672,672,13413
11456,96,4500000,121000,user_46,665,676,
13636,78,4499999,0,builder_18,672,672,11456
11446,96,4500000,0,user_31,665,675,
10448,98,4500000,0,user_6,660,675,
10576,97,4500000,0,user_28,661,675,
13122,99,4500000,0,user_46,671,675,
11213,96,4200000,0,user_31,664,674,
12220,94,4200000,0,user_37,668,674,
12215,95,4200000,0,user_30,668,674,
12521,97,4200000,0,user_47,669,674,
13405,91,3600000,0,user_39,672,673,
12510,93,3500000,31700,user_39,669,673,
13637,89,3499999,0,builder_18,672,672,12510
11949,94,3500000,0,user_28,667,673,
10575,96,3200000,0,user_27,661,673,
11959,95,3200000,0,user_36,667,673,
11716,93,2600000,0,user_47,666,672,
11954,99,2600000,0,user_33,667,673,
13399,98,2600000,0,user_37,672,673,
13638,96,1800001,0,builder_18,672,672,12518
12518,97,1800000,769000,user_44,669,672,
11454,98,2500000,0,user_40,665,672,
10455,99,2500000,0,user_14,660,672,
10444,2,43000000,0,user_2,660,679,
11448,3,30000000,11200,user_33,665,679,
13895,2,29999999,0,builder_18,673,673,11448
13118,9,30000000,0,user_41,671,679,
11969,8,30000000,0,user_45,667,679,
10484,6,30000000,0,user_34,660,679,
11457,5,30000000,0,user_47,665,679,
11715,7,30000000,0,user_46,666,679,
12221,12,27000000,779000,user_37,668,679,
13896,9,26999999,0,builder_18,673,673,12221
12783,20,27000001,0,user_0,670,679,12221
12796,19,27000001,0,user_11,670,679,12221
13075,21,27000001,0,user_0,671,679,12221
13091,22,27000001,0,user_15,671,679,12221
13101,23,27000001,0,user_25,671,679,12221
12494,18,27000001,0,user_20,669,679,12221
13653,16,27000001,0,user_10,673,679,12221
13115,31,27000000,0,user_38,671,679,
10988,29,27000000,0,user_40,663,679,
10747,28,27000000,0,user_41,662,679,
11455,27,27000000,0,user_46,665,679,
11710,30,27000000,0,user_42,666,679,
12785,36,26999999,0,user_0,670,679,12221
13087,37,26999999,0,user_11,671,679,12221
13099,38,26999999,0,user_23,671,679,12221
12482,35,26999999,0,user_11,669,679,12221
13380,39,26999999,0,user_14,672,679,12221
10588,46,19000000,13900,user_43,661,679,
13897,28,18999999,0,builder_18,673,673,10588
12830,49,19000000,0,user_45,670,679,
11960,50,19000000,0,user_38,667,679,
13406,51,19000000,0,user_41,672,679,
13117,52,73000,17700000,user_40,671,679,
13898,33,72999,0,builder_18,673,673,13117
10450,54,6300000,155000,user_8,660,679,
13899,35,6299999,0,builder_18,673,673,10450
10986,57,6300000,146000,user_39,663,679,
13900,37,6299999,0,builder_18,673,673,10986
10473,63,6300001,0,user_23,660,679,10450
10476,64,6300001,0,user_23,660,679,10450
10477,65,6300001,0,user_24,660,679,10450
10478,66,6300001,0,user_25,660,679,10450
10569,61,6300001,0,user_20,661,679,10450
10572,62,6300001,0,user_25,661,679,10450
11192,58,6300001,0,user_3,664,679,10986
11193,60,6300001,0,user_6,664,679,10450
11196,59,6300001,0,user_9,664,679,10986
10973,74,6300000,0,user_29,663,679,
10453,71,6300000,0,user_12,660,679,
10468,70,6300000,0,user_20,660,679,
10456,72,6300000,0,user_15,660,679,
10740,73,6300000,0,user_34,662,679,
11216,69,6300000,0,user_32,664,679,
13395,75,6300000,0,user_31,672,679,
13693,68,6300000,0,user_47,673,679,
10943,83,6299999,0,user_1,663,679,10450
11197,76,6299999,0,user_10,664,679,10450
11207,77,6299999,0,user_20,664,679,10450
10474,79,6299999,0,user_23,660,679,10450
10475,80,6299999,0,user_23,660,679,10450
10562,78,6299999,0,user_13,661,679,10450
10725,81,6299999,0,user_18,662,679,10450
10729,82,6299999,0,user_24,662,679,10450
12227,87,6100000,8520,user_49,668,679,
13901,64,6099999,0,builder_18,673,673,12227
11001,89,6100000,0,user_44,663,679,
10975,90,6100000,0,user_31,663,679,
10497,88,6100000,0,user_45,660,679,
10585,94,5000000,6390,user_38,661,677,
13902,69,4999999,0,builder_18,673,673,10585
10749,96,5000000,0,user_43,662,677,
11226,97,5000000,0,user_45,664,677,
10445,98,5000000,0,user_4,660,677,
10462,99,5000000,0,user_17,660,677,
10742,87,5000000,0,user_36,662,676,
10748,88,5000000,0,user_41,662,676,
11709,86,5000000,0,user_40,666,676,
13408,93,5000000,0,user_41,672,676,
13903,78,4200001,0,builder_18,673,673,13413
13413,95,4200000,545000,user_45,672,676,
11456,96,4500000,121000,user_46,665,676,
13904,81,4499999,0,builder_18,673,673,11456
13122,99,4500000,0,user_46,671,675,
10448,98,4500000,0,user_6,660,675,
10576,97,4500000,0,user_28,661,675,
11446,96,4500000,0,user_31,665,675,
13686,99,4500000,0,user_37,673,676,
12220,94,4200000,0,user_37,668,674,
11213,96,4200000,0,user_31,664,674,
12215,95,4200000,0,user_30,668,674,
12521,97,4200000,0,user_47,669,674,
13405,91,3600000,0,user_39,672,673,
13905,92,3500001,0,builder_18,673,673,12510
12510,93,3500000,31700,user_39,669,673,
11949,94,3500000,0,user_28,667,673,
11959,95,3200000,0,user_36,667,673,
10575,96,3200000,0,user_27,661,673,
13684,97,3200000,0,user_36,673,673,
13399,98,2600000,0,user_37,672,673,
11954,99,2600000,0,user_33,667,673,
10444,2,43000000,0,user_2,660,679,
14152,1,30000001,0,builder_18,674,674,11448
11448,3,30000000,11200,user_33,665,679,
13118,9,30000000,0,user_41,671,679,
11969,8,30000000,0,user_45,667,679,
10484,6,30000000,0,user_34,660,679,
11457,5,30000000,0,user_47,665,679,
11715,7,30000000,0,user_46,666,679,
13929,10,30000000,0,user_32,674,679,
14153,9,27000001,0,builder_18,674,674,12221
12221,12,27000000,779000,user_37,668,679,
13075,21,27000001,0,user_0,671,679,12221
13091,22,27000001,0,user_15,671,679,12221
13101,23,27000001,0,user_25,671,679,12221
13653,16,27000001,0,user_10,673,679,12221
12494,18,27000001,0,user_20,669,679,12221
12783,20,27000001,0,user_0,670,679,12221
12796,19,27000001,0,user_11,670,679,12221
13921,17,27000001,0,user_20,674,679,12221
13115,31,27000000,0,user_38,671,679,
10988,29,27000000,0,user_40,663,679,
10747,28,27000000,0,user_41,662,679,
11455,27,27000000,0,user_46,665,679,
11710,30,27000000,0,user_42,666,679,
13087,37,26999999,0,user_11,671,679,12221
13099,38,26999999,0,user_23,671,679,12221
13380,39,26999999,0,user_14,672,679,12221
13666,34,26999999,0,user_19,673,679,12221
12482,35,26999999,0,user_11,669,679,12221
12785,36,26999999,0,user_0,670,679,12221
10588,46,19000000,13900,user_43,661,679,
14154,31,18999999,0,builder_18,674,674,10588
13406,51,19000000,0,user_41,672,679,
11960,50,19000000,0,user_38,667,679,
12830,49,19000000,0,user_45,670,679,
13117,52,73000,17700000,user_40,671,679,
14155,36,72999,0,builder_18,674,674,13117
10450,54,6300000,155000,user_8,660,679,
14156,38,6299999,0,builder_18,674,674,10450
14157,39,6300001,0,builder_18,674,674,10986
10986,57,6300000,146000,user_39,663,679,
11192,58,6300001,0,user_3,664,679,10986
11193,60,6300001,0,user_6,664,679,10450
10473,63,6300001,0,user_23,660,679,10450
10476,64,6300001,0,user_23,660,679,10450
10477,65,6300001,0,user_24,660,679,10450
10572,62,6300001,0,user_25,661,679,10450
10569,61,6300001,0,user_20,661,679,10450
11196,59,6300001,0,user_9,664,679,10986
10478,66,6300001,0,user_25,660,679,10450
13395,75,6300000,0,user_31,672,679,
10973,74,6300000,0,user_29,663,679,
11216,69,6300000,0,user_32,664,679,
10453,71,6300000,0,user_12,660,679,
10456,72,6300000,0,user_15,660,679,
10468,70,6300000,0,user_20,660,679,
10740,73,6300000,0,user_34,662,679,
13693,68,6300000,0,user_47,673,679,
11207,77,6299999,0,user_20,664,679,10450
11197,76,6299999,0,user_10,664,679,10450
10474,79,6299999,0,user_23,660,679,10450
10475,80,6299999,0,user_23,660,679,10450
10562,78,6299999,0,user_13,661,679,10450
10725,81,6299999,0,user_18,662,679,10450
10729,82,6299999,0,user_24,662,679,10450
10943,83,6299999,0,user_1,663,679,10450
12227,87,6100000,8520,user_49,668,679,
14158,67,6099999,0,builder_18,674,674,12227
10975,90,6100000,0,user_31,663,679,
11001,89,6100000,0,user_44,663,679,
10497,88,6100000,0,user_45,660,679,
13942,91,6100000,0,user_40,674,679,
13925,95,5200000,285000,user_27,674,679,
14159,73,5199999,0,builder_18,674,674,13925
14160,74,5000001,0,builder_18,674,674,10585
10585,94,5000000,6390,user_38,661,677,
13408,93,5000000,0,user_41,672,676,
11226,97,5000000,0,user_45,664,677,
10462,99,5000000,0,user_17,660,677,
10749,96,5000000,0,user_43,662,677,
10445,98,5000000,0,user_4,660,677,
10742,87,5000000,0,user_36,662,676,
10748,88,5000000,0,user_41,662,676,
11709,86,5000000,0,user_40,666,676,
14161,84,4200001,0,builder_18,674,674,13413
13413,95,4200000,545000,user_45,672,676,
11456,96,4500000,121000,user_46,665,676,
14162,87,4499999,0,builder_18,674,674,11456
13122,99,4500000,0,user_46,671,675,
13686,99,4500000,0,user_37,673,676,
10448,98,4500000,0,user_6,660,675,
10576,97,4500000,0,user_28,661,675,
11446,96,4500000,0,user_31,665,675,
13948,98,4500000,0,user_47,674,676,
12220,94,4200000,0,user_37,668,674,
12215,95,4200000,0,user_30,668,674,
11213,96,4200000,0,user_31,664,674,
12521,97,4200000,0,user_47,669,674,
13951,98,3600000,7840,user_48,674,674,
14163,99,3599999,0,builder_18,674,674,13951
10444,2,43000000,0,user_2,660,679,
14432,1,30000001,0,builder_18,675,675,11448
11448,3,30000000,11200,user_33,665,679,
11457,5,30000000,0,user_47,665,679,
10484,6,30000000,0,user_34,660,679,
11715,7,30000000,0,user_46,666,679,
11969,8,30000000,0,user_45,667,679,
13118,9,30000000,0,user_41,671,679,
13929,10,30000000,0,user_32,674,679,
12221,12,27000000,779000,user_37,668,679,
14433,10,26999999,0,builder_18,675,675,12221
13653,16,27000001,0,user_10,673,679,12221
13921,17,27000001,0,user_20,674,679,12221
12494,18,27000001,0,user_20,669,679,12221
12796,19,27000001,0,user_11,670,679,12221
12783,20,27000001,0,user_0,670,679,12221
13075,21,27000001,0,user_0,671,679,12221
13091,22,27000001,0,user_15,671,679,12221
13101,23,27000001,0,user_25,671,679,12221
14173,24,27000001,0,user_7,675,679,12221
14164,25,27000001,0,user_0,675,679,12221
14171,26,27000001,0,user_5,675,679,12221
11455,27,27000000,0,user_46,665,679,
10747,28,27000000,0,user_41,662,679,
10988,29,27000000,0,user_40,663,679,
11710,30,27000000,0,user_42,666,679,
13115,31,27000000,0,user_38,671,679,
13666,34,26999999,0,user_19,673,679,12221
12482,35,26999999,0,user_11,669,679,12221
12785,36,26999999,0,user_0,670,679,12221
13087,37,26999999,0,user_11,671,679,12221
13099,38,26999999,0,user_23,671,679,12221
13380,39,26999999,0,user_14,672,679,12221
14177,40,26999999,0,user_11,675,679,12221
14178,41,26999999,0,user_12,675,679,12221
14434,35,19000001,0,builder_18,675,675,10588
10588,46,19000000,13900,user_43,661,679,
12830,49,19000000,0,user_45,670,679,
11960,50,19000000,0,user_38,667,679,
13406,51,19000000,0,user_41,672,679,
14435,40,73001,0,builder_18,675,675,13117
13117,52,73000,17700000,user_40,671,679,
14436,42,6300001,0,builder_18,675,675,10450
10450,54,6300000,155000,user_8,660,679,
10986,57,6300000,146000,user_39,663,679,
14437,45,6299999,0,builder_18,675,675,10986
11192,58,6300001,0,user_3,664,679,10986
11196,59,6300001,0,user_9,664,679,10986
11193,60,6300001,0,user_6,664,679,10450
10569,61,6300001,0,user_20,661,679,10450
10572,62,6300001,0,user_25,661,679,10450
10473,63,6300001,0,user_23,660,679,10450
10476,64,6300001,0,user_23,660,679,10450
10477,65,6300001,0,user_24,660,679,10450
10478,66,6300001,0,user_25,660,679,10450
13693,68,6300000,0,user_47,673,679,
11216,69,6300000,0,user_32,664,679,
10468,70,6300000,0,user_20,660,679,
10453,71,6300000,0,user_12,660,679,
10456,72,6300000,0,user_15,660,679,
10740,73,6300000,0,user_34,662,679,
10973,74,6300000,0,user_29,663,679,
13395,75,6300000,0,user_31,672,679,
11197,76,6299999,0,user_10,664,679,10450
11207,77,6299999,0,user_20,664,679,10450
10562,78,6299999,0,user_13,661,679,10450
10474,79,6299999,0,user_23,660,679,10450
10475,80,6299999,0,user_23,660,679,10450
10725,81,6299999,0,user_18,662,679,10450
10729,82,6299999,0,user_24,662,679,10450
10943,83,6299999,0,user_1,663,679,10450
12227,87,6100000,8520,user_49,668,679,
14438,72,6099999,0,builder_18,675,675,12227
10497,88,6100000,0,user_45,660,679,
11001,89,6100000,0,user_44,663,679,
10975,90,6100000,0,user_31,663,679,
13942,91,6100000,0,user_40,674,679,
14439,77,5000001,0,builder_18,675,675,13945
13945,92,5000000,594000,user_43,674,679,
13925,95,5200000,285000,user_27,674,679,
14440,80,5199999,0,builder_18,675,675,13925
14441,81,5000001,0,builder_18,675,675,10585
10585,94,5000000,6390,user_38,661,677,
11226,97,5000000,0,user_45,664,677,
10445,98,5000000,0,user_4,660,677,
10462,99,5000000,0,user_17,660,677,
10748,88,5000000,0,user_41,662,676,
10742,87,5000000,0,user_36,662,676,
10749,96,5000000,0,user_43,662,677,
11709,86,5000000,0,user_40,666,676,
13408,93,5000000,0,user_41,672,676,
13413,95,4200000,545000,user_45,672,676,
14442,92,4199999,0,builder_18,675,675,13413
11456,96,4500000,121000,user_46,665,676,
14443,94,4499999,0,builder_18,675,675,11456
13686,99,4500000,0,user_37,673,676,
11446,96,4500000,0,user_31,665,675,
10576,97,4500000,0,user_28,661,675,
10448,98,4500000,0,user_6,660,675,
13122,99,4500000,0,user_46,671,675,
10444,2,43000000,0,user_2,660,679,
14205,1,43000000,0,user_38,675,679,
11448,3,30000000,11200,user_33,665,679,
14698,3,29999999,0,builder_18,676,676,11448
13929,10,30000000,0,user_32,674,679,
11457,5,30000000,0,user_47,665,679,
11715,7,30000000,0,user_46,666,679,
11969,8,30000000,0,user_45,667,679,
10484,6,30000000,0,user_34,660,679,
13118,9,30000000,0,user_41,671,679,
12221,12,27000000,779000,user_37,668,679,
14699,11,26999999,0,builder_18,676,676,12221
13921,17,27000001,0,user_20,674,679,12221
14171,26,27000001,0,user_5,675,679,12221
13653,16,27000001,0,user_10,673,679,12221
12796,19,27000001,0,user_11,670,679,12221
12783,20,27000001,0,user_0,670,679,12221
13075,21,27000001,0,user_0,671,679,12221
12494,18,27000001,0,user_20,669,679,12221
13091,22,27000001,0,user_15,671,679,12221
13101,23,27000001,0,user_25,671,679,12221
14173,24,27000001,0,user_7,675,679,12221
14164,25,27000001,0,user_0,675,679,12221
14453,15,27000001,0,user_8,676,679,12221
11455,27,27000000,0,user_46,665,679,
11710,30,27000000,0,user_42,666,679,
10747,28,27000000,0,user_41,662,679,
10988,29,27000000,0,user_40,663,679,
13115,31,27000000,0,user_38,671,679,
12785,36,26999999,0,user_0,670,679,12221
13087,37,26999999,0,user_11,671,679,12221
12482,35,26999999,0,user_11,669,679,12221
13099,38,26999999,0,user_23,671,679,12221
13380,39,26999999,0,user_14,672,679,12221
13666,34,26999999,0,user_19,673,679,12221
14178,41,26999999,0,user_12,675,679,12221
14177,40,26999999,0,user_11,675,679,12221
14700,37,19000001,0,builder_18,676,676,10588
10588,46,19000000,13900,user_43,661,679,
12830,49,19000000,0,user_45,670,679,
11960,50,19000000,0,user_38,667,679,
13406,51,19000000,0,user_41,672,679,
13117,52,73000,17700000,user_40,671,679,
14701,43,72999,0,builder_18,676,676,13117
10450,54,6300000,155000,user_8,660,679,
14702,45,6299999,0,builder_18,676,676,10450
10986,57,6300000,146000,user_39,663,679,
14703,47,6299999,0,builder_18,676,676,10986
10572,62,6300001,0,user_25,661,679,10450
10569,61,6300001,0,user_20,661,679,10450
10473,63,6300001,0,user_23,660,679,10450
10476,64,6300001,0,user_23,660,679,10450
10478,66,6300001,0,user_25,660,679,10450
10477,65,6300001,0,user_24,660,679,10450
11192,58,6300001,0,user_3,664,679,10986
11196,59,6300001,0,user_9,664,679,10986
11193,60,6300001,0,user_6,664,679,10450
13693,68,6300000,0,user_47,673,679,
10740,73,6300000,0,user_34,662,679,
10468,70,6300000,0,user_20,660,679,
10453,71,6300000,0,user_12,660,679,
10456,72,6300000,0,user_15,660,679,
10973,74,6300000,0,user_29,663,679,
11216,69,6300000,0,user_32,664,679,
13395,75,6300000,0,user_31,672,679,
10725,81,6299999,0,user_18,662,679,10450
10729,82,6299999,0,user_24,662,679,10450
10943,83,6299999,0,user_1,663,679,10450
10562,78,6299999,0,user_13,661,679,10450
10474,79,6299999,0,user_23,660,679,10450
10475,80,6299999,0,user_23,660,679,10450
11197,76,6299999,0,user_10,664,679,10450
11207,77,6299999,0,user_20,664,679,10450
12227,87,6100000,8520,user_49,668,679,
14704,74,6099999,0,builder_18,676,676,12227
13942,91,6100000,0,user_40,674,679,
11001,89,6100000,0,user_44,663,679,
10497,88,6100000,0,user_45,660,679,
10975,90,6100000,0,user_31,663,679,
14705,79,5000001,0,builder_18,676,676,13945
13945,92,5000000,594000,user_43,674,679,
14706,81,5200001,0,builder_18,676,676,13925
13925,95,5200000,285000,user_27,674,679,
14481,99,5200000,0,user_45,676,679,
10585,94,5000000,6390,user_38,661,677,
14707,85,4999999,0,builder_18,676,676,10585
11709,86,5000000,0,user_40,666,676,
10742,87,5000000,0,user_36,662,676,
10748,88,5000000,0,user_41,662,676,
10749,96,5000000,0,user_43,662,677,
10445,98,5000000,0,user_4,660,677,
10462,99,5000000,0,user_17,660,677,
11226,97,5000000,0,user_45,664,677,
13408,93,5000000,0,user_41,672,676,
14708,94,4200001,0,builder_18,676,676,13413
13413,95,4200000,545000,user_45,672,676,
11456,96,4500000,121000,user_46,665,676,
14709,97,4499999,0,builder_18,676,676,11456
13948,98,4500000,0,user_47,674,676,
13686,99,4500000,0,user_37,673,676,
14205,1,43000000,0,user_38,675,679,
10444,2,43000000,0,user_2,660,679,
14754,0,43000000,0,user_39,677,679,
14955,3,30000001,0,builder_18,677,677,11448
11448,3,30000000,11200,user_33,665,679,
13929,10,30000000,0,user_32,674,679,
13118,9,30000000,0,user_41,671,679,
11969,8,30000000,0,user_45,667,679,
10484,6,30000000,0,user_34,660,679,
11457,5,30000000,0,user_47,665,679,
11715,7,30000000,0,user_46,666,679,
12221,12,27000000,779000,user_37,668,679,
14956,12,26999999,0,builder_18,677,677,12221
14164,25,27000001,0,user_0,675,679,12221
14173,24,27000001,0,user_7,675,679,12221
14171,26,27000001,0,user_5,675,679,12221
13921,17,27000001,0,user_20,674,679,12221
12783,20,27000001,0,user_0,670,679,12221
12796,19,27000001,0,user_11,670,679,12221
13075,21,27000001,0,user_0,671,679,12221
13091,22,27000001,0,user_15,671,679,12221
13101,23,27000001,0,user_25,671,679,12221
12494,18,27000001,0,user_20,669,679,12221
13653,16,27000001,0,user_10,673,679,12221
14453,15,27000001,0,user_8,676,679,12221
14711,14,27000001,0,user_1,677,679,12221
14731,13,27000001,0,user_17,677,679,12221
13115,31,27000000,0,user_38,671,679,
10988,29,27000000,0,user_40,663,679,
10747,28,27000000,0,user_41,662,679,
11455,27,27000000,0,user_46,665,679,
11710,30,27000000,0,user_42,666,679,
14177,40,26999999,0,user_11,675,679,12221
14178,41,26999999,0,user_12,675,679,12221
12785,36,26999999,0,user_0,670,679,12221
13087,37,26999999,0,user_11,671,679,12221
13099,38,26999999,0,user_23,671,679,12221
12482,35,26999999,0,user_11,669,679,12221
13380,39,26999999,0,user_14,672,679,12221
13666,34,26999999,0,user_19,673,679,12221
14719,33,26999999,0,user_7,677,679,12221
10588,46,19000000,13900,user_43,661,679,
14957,42,18999999,0,builder_18,677,677,10588
12830,49,19000000,0,user_45,670,679,
11960,50,19000000,0,user_38,667,679,
13406,51,19000000,0,user_41,672,679,
14488,48,19000000,0,user_49,676,679,
13117,52,73000,17700000,user_40,671,679,
14958,48,72999,0,builder_18,677,677,13117
14959,49,6300001,0,builder_18,677,677,10450
10450,54,6300000,155000,user_8,660,679,
10986,57,6300000,146000,user_39,663,679,
14960,52,6299999,0,builder_18,677,677,10986
10473,63,6300001,0,user_23,660,679,10450
10476,64,6300001,0,user_23,660,679,10450
10477,65,6300001,0,user_24,660,679,10450
10478,66,6300001,0,user_25,660,679,10450
10569,61,6300001,0,user_20,661,679,10450
10572,62,6300001,0,user_25,661,679,10450
11192,58,6300001,0,user_3,664,679,10986
11193,60,6300001,0,user_6,664,679,10450
11196,59,6300001,0,user_9,664,679,10986
13693,68,6300000,0,user_47,673,679,
10973,74,6300000,0,user_29,663,679,
10453,71,6300000,0,user_12,660,679,
10468,70,6300000,0,user_20,660,679,
10456,72,6300000,0,user_15,660,679,
10740,73,6300000,0,user_34,662,679,
11216,69,6300000,0,user_32,664,679,
13395,75,6300000,0,user_31,672,679,
14746,67,6300000,0,user_33,677,679,
10943,83,6299999,0,user_1,663,679,10450
11197,76,6299999,0,user_10,664,679,10450
11207,77,6299999,0,user_20,664,679,10450
10474,79,6299999,0,user_23,660,679,10450
10475,80,6299999,0,user_23,660,679,10450
10562,78,6299999,0,user_13,661,679,10450
10725,81,6299999,0,user_18,662,679,10450
10729,82,6299999,0,user_24,662,679,10450
14765,85,5200000,959000,user_46,677,679,
14961,80,5199999,0,builder_18,677,677,14765
12227,87,6100000,8520,user_49,668,679,
14962,82,6099999,0,builder_18,677,677,12227
13942,91,6100000,0,user_40,674,679,
11001,89,6100000,0,user_44,663,679,
10975,90,6100000,0,user_31,663,679,
10497,88,6100000,0,user_45,660,679,
14963,87,5000001,0,builder_18,677,677,13945
13945,92,5000000,594000,user_43,674,679,
14964,89,5200001,0,builder_18,677,677,13925
13925,95,5200000,285000,user_27,674,679,
14481,99,5200000,0,user_45,676,679,
14757,97,5000000,68100,user_41,677,678,
14965,93,4999999,0,builder_18,677,677,14757
10585,94,5000000,6390,user_38,661,677,
14966,95,4999999,0,builder_18,677,677,10585
10749,96,5000000,0,user_43,662,677,
11226,97,5000000,0,user_45,664,677,
10445,98,5000000,0,user_4,660,677,
10462,99,5000000,0,user_17,660,677,
14205,1,43000000,0,user_38,675,679,
10444,2,43000000,0,user_2,660,679,
14754,0,43000000,0,user_39,677,679,
11448,3,30000000,11200,user_33,665,679,
15232,4,29999999,0,builder_18,678,678,11448
13118,9,30000000,0,user_41,671,679,
11969,8,30000000,0,user_45,667,679,
10484,6,30000000,0,user_34,660,679,
11457,5,30000000,0,user_47,665,679,
11715,7,30000000,0,user_46,666,679,
13929,10,30000000,0,user_32,674,679,
15233,11,27000001,0,builder_18,678,678,12221
12221,12,27000000,779000,user_37,668,679,
14173,24,27000001,0,user_7,675,679,12221
14164,25,27000001,0,user_0,675,679,12221
14171,26,27000001,0,user_5,675,679,12221
14453,15,27000001,0,user_8,676,679,12221
14711,14,27000001,0,user_1,677,679,12221
13075,21,27000001,0,user_0,671,679,12221
13091,22,27000001,0,user_15,671,679,12221
13101,23,27000001,0,user_25,671,679,12221
13653,16,27000001,0,user_10,673,679,12221
12494,18,27000001,0,user_20,669,679,12221
12783,20,27000001,0,user_0,670,679,12221
12796,19,27000001,0,user_11,670,679,12221
13921,17,27000001,0,user_20,674,679,12221
14731,13,27000001,0,user_17,677,679,12221
13115,31,27000000,0,user_38,671,679,
10988,29,27000000,0,user_40,663,679,
10747,28,27000000,0,user_41,662,679,
11455,27,27000000,0,user_46,665,679,
11710,30,27000000,0,user_42,666,679,
14178,41,26999999,0,user_12,675,679,12221
14177,40,26999999,0,user_11,675,679,12221
14719,33,26999999,0,user_7,677,679,12221
13087,37,26999999,0,user_11,671,679,12221
13099,38,26999999,0,user_23,671,679,12221
13380,39,26999999,0,user_14,672,679,12221
13666,34,26999999,0,user_19,673,679,12221
12482,35,26999999,0,user_11,669,679,12221
12785,36,26999999,0,user_0,670,679,12221
10588,46,19000000,13900,user_43,661,679,
15234,42,18999999,0,builder_18,678,678,10588
14488,48,19000000,0,user_49,676,679,
13406,51,19000000,0,user_41,672,679,
11960,50,19000000,0,user_38,667,679,
12830,49,19000000,0,user_45,670,679,
15235,47,73001,0,builder_18,678,678,13117
13117,52,73000,17700000,user_40,671,679,
10450,54,6300000,155000,user_8,660,679,
15236,50,6299999,0,builder_18,678,678,10450
15237,51,6300001,0,builder_18,678,678,10986
10986,57,6300000,146000,user_39,663,679,
11192,58,6300001,0,user_3,664,679,10986
11193,60,6300001,0,user_6,664,679,10450
10473,63,6300001,0,user_23,660,679,10450
10476,64,6300001,0,user_23,660,679,10450
10477,65,6300001,0,user_24,660,679,10450
10572,62,6300001,0,user_25,661,679,10450
10569,61,6300001,0,user_20,661,679,10450
11196,59,6300001,0,user_9,664,679,10986
10478,66,6300001,0,user_25,660,679,10450
13395,75,6300000,0,user_31,672,679,
10973,74,6300000,0,user_29,663,679,
11216,69,6300000,0,user_32,664,679,
10453,71,6300000,0,user_12,660,679,
10456,72,6300000,0,user_15,660,679,
10468,70,6300000,0,user_20,660,679,
10740,73,6300000,0,user_34,662,679,
13693,68,6300000,0,user_47,673,679,
14746,67,6300000,0,user_33,677,679,
11207,77,6299999,0,user_20,664,679,10450
11197,76,6299999,0,user_10,664,679,10450
10474,79,6299999,0,user_23,660,679,10450
10475,80,6299999,0,user_23,660,679,10450
10562,78,6299999,0,user_13,661,679,10450
10725,81,6299999,0,user_18,662,679,10450
10729,82,6299999,0,user_24,662,679,10450
10943,83,6299999,0,user_1,663,679,10450
15238,79,5200001,0,builder_18,678,678,14765
14765,85,5200000,959000,user_46,677,679,
15239,81,6100001,0,builder_18,678,678,12227
12227,87,6100000,8520,user_49,668,679,
10975,90,6100000,0,user_31,663,679,
11001,89,6100000,0,user_44,663,679,
10497,88,6100000,0,user_45,660,679,
13942,91,6100000,0,user_40,674,679,
15240,87,5000001,0,builder_18,678,678,13945
13945,92,5000000,594000,user_43,674,679,
13925,95,5200000,285000,user_27,674,679,
15241,90,5199999,0,builder_18,678,678,13925
14982,96,5200001,0,user_14,678,679,14765
14976,97,5200001,0,user_9,678,679,14765
14481,99,5200000,0,user_45,676,679,
14970,94,5199999,0,user_1,678,678,14765
14974,95,5199999,0,user_7,678,678,14765
14986,96,5199999,0,user_20,678,678,14765
14757,97,5000000,68100,user_41,677,678,
15242,98,4999999,0,builder_18,678,678,14757
15243,99,5000001,0,builder_18,678,678,10585
14754,0,43000000,0,user_39,677,679,
14205,1,43000000,0,user_38,675,679,
10444,2,43000000,0,user_2,660,679,
11448,3,30000000,11200,user_33,665,679,
15498,4,29999999,0,builder_18,679,679,11448
11457,5,30000000,0,user_47,665,679,
10484,6,30000000,0,user_34,660,679,
11715,7,30000000,0,user_46,666,679,
11969,8,30000000,0,user_45,667,679,
13118,9,30000000,0,user_41,671,679,
13929,10,30000000,0,user_32,674,679,
15499,11,27000001,0,builder_18,679,679,12221
12221,12,27000000,779000,user_37,668,679,
14731,13,27000001,0,user_17,677,679,12221
14711,14,27000001,0,user_1,677,679,12221
14453,15,27000001,0,user_8,676,679,12221
13653,16,27000001,0,user_10,673,679,12221
13921,17,27000001,0,user_20,674,679,12221
12494,18,27000001,0,user_20,669,679,12221
12796,19,27000001,0,user_11,670,679,12221
12783,20,27000001,0,user_0,670,679,12221
13075,21,27000001,0,user_0,671,679,12221
13091,22,27000001,0,user_15,671,679,12221
13101,23,27000001,0,user_25,671,679,12221
14173,24,27000001,0,user_7,675,679,12221
14164,25,27000001,0,user_0,675,679,12221
14171,26,27000001,0,user_5,675,679,12221
11455,27,27000000,0,user_46,665,679,
10747,28,27000000,0,user_41,662,679,
10988,29,27000000,0,user_40,663,679,
11710,30,27000000,0,user_42,666,679,
13115,31,27000000,0,user_38,671,679,
15285,32,27000000,0,user_34,679,679,
14719,33,26999999,0,user_7,677,679,12221
13666,34,26999999,0,user_19,673,679,12221
12482,35,26999999,0,user_11,669,679,12221
12785,36,26999999,0,user_0,670,679,12221
13087,37,26999999,0,user_11,671,679,12221
13099,38,26999999,0,user_23,671,679,12221
13380,39,26999999,0,user_14,672,679,12221
14177,40,26999999,0,user_11,675,679,12221
14178,41,26999999,0,user_12,675,679,12221
15256,42,26999999,0,user_9,679,679,12221
15257,43,26999999,0,user_9,679,679,12221
15293,44,19000000,283000,user_42,679,679,
15500,45,18999999,0,builder_18,679,679,15293
10588,46,19000000,13900,user_43,661,679,
15501,47,18999999,0,builder_18,679,679,10588
14488,48,19000000,0,user_49,676,679,
12830,49,19000000,0,user_45,670,679,
11960,50,19000000,0,user_38,667,679,
13406,51,19000000,0,user_41,672,679,
13117,52,73000,17700000,user_40,671,679,
15502,53,72999,0,builder_18,679,679,13117
10450,54,6300000,155000,user_8,660,679,
15503,55,6299999,0,builder_18,679,679,10450
15504,56,6300001,0,builder_18,679,679,10986
10986,57,6300000,146000,user_39,663,679,
11192,58,6300001,0,user_3,664,679,10986
11196,59,6300001,0,user_9,664,679,10986
11193,60,6300001,0,user_6,664,679,10450
10569,61,6300001,0,user_20,661,679,10450
10572,62,6300001,0,user_25,661,679,10450
10473,63,6300001,0,user_23,660,679,10450
10476,64,6300001,0,user_23,660,679,10450
10477,65,6300001,0,user_24,660,679,10450
10478,66,6300001,0,user_25,660,679,10450
14746,67,6300000,0,user_33,677,679,
13693,68,6300000,0,user_47,673,679,
11216,69,6300000,0,user_32,664,679,
10468,70,6300000,0,user_20,660,679,
10453,71,6300000,0,user_12,660,679,
10456,72,6300000,0,user_15,660,679,
10740,73,6300000,0,user_34,662,679,
10973,74,6300000,0,user_29,663,679,
13395,75,6300000,0,user_31,672,679,
11197,76,6299999,0,user_10,664,679,10450
11207,77,6299999,0,user_20,664,679,10450
10562,78,6299999,0,user_13,661,679,10450
10474,79,6299999,0,user_23,660,679,10450
10475,80,6299999,0,user_23,660,679,10450
10725,81,6299999,0,user_18,662,679,10450
10729,82,6299999,0,user_24,662,679,10450
10943,83,6299999,0,user_1,663,679,10450
15505,84,5200001,0,builder_18,679,679,14765
14765,85,5200000,959000,user_46,677,679,
15506,86,6100001,0,builder_18,679,679,12227
12227,87,6100000,8520,user_49,668,679,
10497,88,6100000,0,user_45,660,679,
11001,89,6100000,0,user_44,663,679,
10975,90,6100000,0,user_31,663,679,
13942,91,6100000,0,user_40,674,679,
13945,92,5000000,594000,user_43,674,679,
15507,93,4999999,0,builder_18,679,679,13945
15508,94,5200001,0,builder_18,679,679,13925
13925,95,5200000,285000,user_27,674,679,
14982,96,5200001,0,user_14,678,679,14765
14976,97,5200001,0,user_9,678,679,14765
15245,98,5200001,0,user_3,679,679,14765
14481,99,5200000,0,user_45,676,679,
10444,2,43000000,0,user_2,680,699,
10484,6,30000000,0,user_34,680,699,
10450,54,6300000,155000,user_8,680,699,
10547,3,6299999,0,builder_18,680,680,10450
10473,63,6300001,0,user_23,680,699,10450
10476,64,6300001,0,user_23,680,699,10450
10477,65,6300001,0,user_24,680,699,10450
10478,66,6300001,0,user_25,680,699,10450
10453,71,6300000,0,user_12,680,699,
10468,70,6300000,0,user_20,680,699,
10456,72,6300000,0,user_15,680,699,
10474,79,6299999,0,user_23,680,699,10450
10475,80,6299999,0,user_23,680,699,10450
10497,88,6100000,0,user_45,680,699,
10445,98,5000000,0,user_4,680,697,
10462,99,5000000,0,user_17,680,697,
10448,98,4500000,0,user_6,680,695,
10455,99,2500000,0,user_14,680,692,
10485,92,2500000,0,user_34,680,691,
10465,94,2300000,0,user_17,680,691,
10454,99,2000000,0,user_13,680,690,
10494,94,2000000,0,user_42,680,689,
10548,22,1800001,0,builder_18,680,680,10496
10496,88,1800000,128000,user_44,680,688,
10493,94,1600000,0,user_42,680,686,
10490,92,1500000,0,user_41,680,685,
10460,96,1400000,0,user_16,680,685,
10469,90,1100000,0,user_21,680,684,
10481,92,970000,0,user_32,680,683,
10492,94,910000,0,user_42,680,683,
10461,96,870000,0,user_16,680,683,
10500,99,530000,11200,user_48,680,683,
10549,32,529999,0,builder_18,680,680,10500
10498,81,420000,67500,user_46,680,682,
10550,34,419999,0,builder_18,680,680,10498
10452,83,460000,0,user_10,680,682,
10495,84,460000,0,user_42,680,682,
10551,37,79001,0,builder_18,680,680,10480
10480,62,79000,296000,user_32,680,681,
10443,63,320000,0,user_1,680,681,
10458,64,310000,0,user_16,680,681,
10464,65,300000,0,user_17,680,681,
10491,66,300000,0,user_42,680,681,
10466,67,260000,0,user_18,680,681,
10499,69,220000,0,user_47,680,681,
10447,70,170000,0,user_5,680,681,
10488,72,170000,0,user_39,680,681,
10472,71,170000,0,user_22,680,681,
10457,75,160000,0,user_16,680,681,
10451,79,160000,0,user_9,680,681,
10463,77,160000,0,user_17,680,681,
10489,78,160000,0,user_40,680,681,
10482,76,160000,0,user_32,680,681,
10483,81,130000,0,user_32,680,681,
10459,82,120000,0,user_16,680,681,
10471,83,120000,0,user_22,680,681,
10449,88,87000,0,user_7,680,681,
10470,90,80000,0,user_21,680,681,
10487,89,80000,0,user_37,680,681,
10446,59,73000,0,user_4,680,680,
10444,2,43000000,0,user_2,680,699,
10484,6,30000000,0,user_34,680,699,
10699,2,6300001,0,builder_18,681,681,10450
10450,54,6300000,155000,user_8,680,699,
10473,63,6300001,0,user_23,680,699,10450
10476,64,6300001,0,user_23,680,699,10450
10477,65,6300001,0,user_24,680,699,10450
10478,66,6300001,0,user_25,680,699,10450
10569,61,6300001,0,user_20,681,699,10450
10572,62,6300001,0,user_25,681,699,10450
10453,71,6300000,0,user_12,680,699,
10468,70,6300000,0,user_20,680,699,
10456,72,6300000,0,user_15,680,699,
10474,79,6299999,0,user_23,680,699,10450
10475,80,6299999,0,user_23,680,699,10450
10562,78,6299999,0,user_13,681,699,10450
10497,88,6100000,0,user_45,680,699,
10445,98,5000000,0,user_4,680,697,
10462,99,5000000,0,user_17,680,697,
10448,98,4500000,0,user_6,680,695,
10575,96,3200000,0,user_27,681,693,
10455,99,2500000,0,user_14,680,692,
10485,92,2500000,0,user_34,680,691,
10465,94,2300000,0,user_17,680,691,
10586,91,2100000,0,user_41,681,690,
10454,99,2000000,0,user_13,680,690,
10494,94,2000000,0,user_42,680,689,
10496,88,1800000,128000,user_44,680,688,
10700,28,1799999,0,builder_18,681,681,10496
10565,96,1800001,0,user_16,681,688,10496
10554,97,1799999,0,user_2,681,688,10496
10558,98,1799999,0,user_10,681,688,10496
10566,89,1799999,0,user_17,681,687,10496
10493,94,1600000,0,user_42,680,686,
10579,95,1600000,0,user_33,681,686,
10490,92,1500000,0,user_41,680,685,
10701,36,1400001,0,builder_18,681,681,10580
10580,95,1400000,6390,user_34,681,685,
10460,96,1400000,0,user_16,680,685,
10577,99,1000000,381000,user_29,681,685,
10702,40,999999,0,builder_18,681,681,10577
10469,90,1100000,0,user_21,680,684,
10486,85,1000000,0,user_35,680,683,
10481,92,970000,0,user_32,680,683,
10492,94,910000,0,user_42,680,683,
10578,95,910000,0,user_32,681,683,
10461,96,870000,0,user_16,680,683,
10582,97,630000,0,user_36,681,683,
10500,99,530000,11200,user_48,680,683,
10703,49,529999,0,builder_18,681,681,10500
10563,77,530001,0,user_14,681,682,10500
10571,78,530001,0,user_24,681,682,10500
10567,79,529999,0,user_18,681,682,10500
10704,53,420001,0,builder_18,681,681,10498
10498,81,420000,67500,user_46,680,682,
10452,83,460000,0,user_10,680,682,
10495,84,460000,0,user_42,680,682,
10564,85,420001,0,user_15,681,682,10498
10573,86,420001,0,user_26,681,682,10498
10705,59,340001,0,builder_18,681,681,10589
10589,60,340000,60700,user_47,681,681,
10706,61,79001,0,builder_18,681,681,10480
10480,62,79000,296000,user_32,680,681,
10443,63,320000,0,user_1,680,681,
10458,64,310000,0,user_16,680,681,
10464,65,300000,0,user_17,680,681,
10491,66,300000,0,user_42,680,681,
10466,67,260000,0,user_18,680,681,
10504,68,240000,0,user_49,680,681,
10499,69,220000,0,user_47,680,681,
10447,70,170000,0,user_5,680,681,
10472,71,170000,0,user_22,680,681,
10488,72,170000,0,user_39,680,681,
10501,73,170000,0,user_49,680,681,
10479,74,160000,0,user_28,680,681,
10457,75,160000,0,user_16,680,681,
10482,76,160000,0,user_32,680,681,
10463,77,160000,0,user_17,680,681,
10489,78,160000,0,user_40,680,681,
10451,79,160000,0,user_9,680,681,
10505,80,150000,0,user_49,680,681,
10483,81,130000,0,user_32,680,681,
10459,82,120000,0,user_16,680,681,
10471,83,120000,0,user_22,680,681,
10502,84,120000,0,user_49,680,681,
10584,85,120000,0,user_37,681,681,
10574,86,110000,0,user_27,681,681,
10583,87,98000,0,user_36,681,681,
10449,88,87000,0,user_7,680,681,
10487,89,80000,0,user_37,680,681,
10470,90,80000,0,user_21,680,681,
10555,91,79001,0,user_3,681,681,10480
10561,92,79001,0,user_11,681,681,10480
10557,93,79001,0,user_10,681,681,10480
10552,94,78999,0,user_1,681,681,10480
10553,95,78999,0,user_2,681,681,10480
10560,96,78999,0,user_11,681,681,10480
10559,97,78999,0,user_10,681,681,10480
10570,98,78999,0,user_21,681,681,10480
10556,99,78999,0,user_9,681,681,10480
10444,2,43000000,0,user_2,680,699,
10484,6,30000000,0,user_34,680,699,
10747,28,27000000,0,user_41,682,699,
10915,3,19000001,0,builder_16,682,682,10588
10588,46,19000000,13900,user_43,681,699,
10916,5,6300001,0,builder_16,682,682,10450
10450,54,6300000,155000,user_8,680,699,
10473,63,6300001,0,user_23,680,699,10450
10476,64,6300001,0,user_23,680,699,10450
10477,65,6300001,0,user_24,680,699,10450
10478,66,6300001,0,user_25,680,699,10450
10569,61,6300001,0,user_20,681,699,10450
10572,62,6300001,0,user_25,681,699,10450
10453,71,6300000,0,user_12,680,699,
10468,70,6300000,0,user_20,680,699,
10456,72,6300000,0,user_15,680,699,
10740,73,6300000,0,user_34,682,699,
10474,79,6299999,0,user_23,680,699,10450
10475,80,6299999,0,user_23,680,699,10450
10562,78,6299999,0,user_13,681,699,10450
10725,81,6299999,0,user_18,682,699,10450
10729,82,6299999,0,user_24,682,699,10450
10497,88,6100000,0,user_45,680,699,
10917,23,5000001,0,builder_16,682,682,10585
10585,94,5000000,6390,user_38,681,697,
10445,98,5000000,0,user_4,680,697,
10462,99,5000000,0,user_17,680,697,
10748,88,5000000,0,user_41,682,696,
10742,87,5000000,0,user_36,682,696,
10448,98,4500000,0,user_6,680,695,
10576,97,4500000,0,user_28,681,695,
10575,96,3200000,0,user_27,681,693,
10455,99,2500000,0,user_14,680,692,
10485,92,2500000,0,user_34,680,691,
10465,94,2300000,0,user_17,680,691,
10586,91,2100000,0,user_41,681,690,
10454,99,2000000,0,user_13,680,690,
10494,94,2000000,0,user_42,680,689,
10737,95,2000000,0,user_32,682,689,
10496,88,1800000,128000,user_44,680,688,
10918,40,1799999,0,builder_16,682,682,10496
10565,96,1800001,0,user_16,681,688,10496
10732,95,1800001,0,user_26,682,688,10496
10554,97,1799999,0,user_2,681,688,10496
10558,98,1799999,0,user_10,681,688,10496
10566,89,1799999,0,user_17,681,687,10496
10710,99,1799999,0,user_2,682,688,10496
10493,94,1600000,0,user_42,680,686,
10579,95,1600000,0,user_33,681,686,
10754,96,1600000,0,user_46,682,686,
10490,92,1500000,0,user_41,680,685,
10739,91,1500000,0,user_32,682,685,
10919,52,1400001,0,builder_16,682,682,10580
10580,95,1400000,6390,user_34,681,685,
10460,96,1400000,0,user_16,680,685,
10577,99,1000000,381000,user_29,681,685,
10920,56,999999,0,builder_16,682,682,10577
10469,90,1100000,0,user_21,680,684,
10590,89,1100000,0,user_49,681,684,
10711,95,1000001,0,user_3,682,684,10577
10722,96,1000001,0,user_14,682,684,10577
10727,98,1000001,0,user_22,682,684,10577
10721,94,1000001,0,user_13,682,684,10577
10726,97,1000001,0,user_21,682,684,10577
10486,85,1000000,0,user_35,680,683,
10587,86,1000000,0,user_43,681,683,
10716,88,999999,0,user_9,682,683,10577
10718,87,999999,0,user_10,682,683,10577
10723,89,999999,0,user_15,682,683,10577
10481,92,970000,0,user_32,680,683,
10492,94,910000,0,user_42,680,683,
10578,95,910000,0,user_32,681,683,
10461,96,870000,0,user_16,680,683,
10582,97,630000,0,user_36,681,683,
10753,98,600000,0,user_46,682,683,
10921,75,530001,0,builder_16,682,682,10500
10500,99,530000,11200,user_48,680,683,
10563,77,530001,0,user_14,681,682,10500
10571,78,530001,0,user_24,681,682,10500
10567,79,529999,0,user_18,681,682,10500
10922,80,420001,0,builder_16,682,682,10498
10498,81,420000,67500,user_46,680,682,
10750,82,470000,0,user_45,682,682,
10452,83,460000,0,user_10,680,682,
10495,84,460000,0,user_42,680,682,
10564,85,420001,0,user_15,681,682,10498
10573,86,420001,0,user_26,681,682,10498
10730,87,420001,0,user_24,682,682,10498
10568,88,419999,0,user_19,681,682,10498
10712,89,419999,0,user_4,682,682,10498
10717,90,419999,0,user_9,682,682,10498
10708,91,419999,0,user_2,682,682,10498
10709,92,419999,0,user_2,682,682,10498
10719,93,419999,0,user_11,682,682,10498
10713,94,419999,0,user_6,682,682,10498
10724,95,419999,0,user_17,682,682,10498
10715,96,419999,0,user_7,682,682,10498
10728,97,419999,0,user_23,682,682,10498
10731,98,419999,0,user_24,682,682,10498
10923,99,340001,0,builder_16,682,682,10589
10444,2,43000000,0,user_2,680,699,
10484,6,30000000,0,user_34,680,699,
10747,28,27000000,0,user_41,682,699,
10988,29,27000000,0,user_40,683,699,
11161,4,19000001,0,builder_16,683,683,10588
10588,46,19000000,13900,user_43,681,699,
10450,54,6300000,155000,user_8,680,699,
11162,7,6299999,0,builder_16,683,683,10450
11163,8,6300001,0,builder_16,683,683,10986
10986,57,6300000,146000,user_39,683,699,
10473,63,6300001,0,user_23,680,699,10450
10476,64,6300001,0,user_23,680,699,10450
10477,65,6300001,0,user_24,680,699,10450
10478,66,6300001,0,user_25,680,699,10450
10569,61,6300001,0,user_20,681,699,10450
10572,62,6300001,0,user_25,681,699,10450
10453,71,6300000,0,user_12,680,699,
10468,70,6300000,0,user_20,680,699,
10456,72,6300000,0,user_15,680,699,
10740,73,6300000,0,user_34,682,699,
10973,74,6300000,0,user_29,683,699,
10474,79,6299999,0,user_23,680,699,10450
10475,80,6299999,0,user_23,680,699,10450
10562,78,6299999,0,user_13,681,699,10450
10725,81,6299999,0,user_18,682,699,10450
10943,83,6299999,0,user_1,683,699,10450
10729,82,6299999,0,user_24,682,699,10450
10497,88,6100000,0,user_45,680,699,
11001,89,6100000,0,user_44,683,699,
10585,94,5000000,6390,user_38,681,697,
11164,30,4999999,0,builder_16,683,683,10585
10445,98,5000000,0,user_4,680,697,
10462,99,5000000,0,user_17,680,697,
10749,96,5000000,0,user_43,682,697,
10742,87,5000000,0,user_36,682,696,
10748,88,5000000,0,user_41,682,696,
10448,98,4500000,0,user_6,680,695,
10576,97,4500000,0,user_28,681,695,
10575,96,3200000,0,user_27,681,693,
10455,99,2500000,0,user_14,680,692,
10485,92,2500000,0,user_34,680,691,
10465,94,2300000,0,user_17,680,691,
10984,95,2300000,0,user_37,683,691,
10586,91,2100000,0,user_41,681,690,
10733,93,2000000,49100,user_27,682,690,
11165,45,1999999,0,builder_16,683,683,10733
10454,99,2000000,0,user_13,680,690,
10494,94,2000000,0,user_42,680,689,
10737,95,2000000,0,user_32,682,689,
11000,95,2000000,0,user_44,683,690,
10991,96,2000000,0,user_40,683,690,
10996,97,2000000,0,user_41,683,690,
10496,88,1800000,128000,user_44,680,688,
11166,53,1799999,0,builder_16,683,683,10496
10995,90,1900000,0,user_41,683,688,
10565,96,1800001,0,user_16,681,688,10496
10732,95,1800001,0,user_26,682,688,10496
10554,97,1799999,0,user_2,681,688,10496
10558,98,1799999,0,user_10,681,688,10496
10566,89,1799999,0,user_17,681,687,10496
10710,99,1799999,0,user_2,682,688,10496
10947,92,1799999,0,user_6,683,687,10496
10493,94,1600000,0,user_42,680,686,
10579,95,1600000,0,user_33,681,686,
10754,96,1600000,0,user_46,682,686,
10490,92,1500000,0,user_41,680,685,
10739,91,1500000,0,user_32,682,685,
10994,93,1500000,0,user_41,683,685,
11167,68,1400001,0,builder_16,683,683,10580
10580,95,1400000,6390,user_34,681,685,
10460,96,1400000,0,user_16,680,685,
10577,99,1000000,381000,user_29,681,685,
11168,72,999999,0,builder_16,683,683,10577
10997,83,1300000,0,user_41,683,684,
10469,90,1100000,0,user_21,680,684,
10590,89,1100000,0,user_49,681,684,
10989,91,1100000,0,user_40,683,684,
11169,77,1000001,0,builder_16,683,683,10980
10980,93,1000000,15700,user_33,683,684,
10711,95,1000001,0,user_3,682,684,10577
10722,96,1000001,0,user_14,682,684,10577
10726,97,1000001,0,user_21,682,684,10577
10721,94,1000001,0,user_13,682,684,10577
10727,98,1000001,0,user_22,682,684,10577
10945,99,1000001,0,user_3,683,684,10577
10486,85,1000000,0,user_35,680,683,
10587,86,1000000,0,user_43,681,683,
10718,87,999999,0,user_10,682,683,10577
10716,88,999999,0,user_9,682,683,10577
10723,89,999999,0,user_15,682,683,10577
10955,90,999999,0,user_11,683,683,10577
10957,91,999999,0,user_12,683,683,10577
10481,92,970000,0,user_32,680,683,
10744,93,970000,0,user_38,682,683,
10492,94,910000,0,user_42,680,683,
10578,95,910000,0,user_32,681,683,
10461,96,870000,0,user_16,680,683,
10582,97,630000,0,user_36,681,683,
10753,98,600000,0,user_46,682,683,
10500,99,530000,11200,user_48,680,683,
10444,2,43000000,0,user_2,680,699,
10484,6,30000000,0,user_34,680,699,
10747,28,27000000,0,user_41,682,699,
10988,29,27000000,0,user_40,683,699,
11383,4,19000001,0,builder_16,684,684,10588
10588,46,19000000,13900,user_43,681,699,
11384,6,6300001,0,builder_16,684,684,10450
10450,54,6300000,155000,user_8,680,699,
10569,61,6300001,0,user_20,681,699,10450
10572,62,6300001,0,user_25,681,699,10450
10473,63,6300001,0,user_23,680,699,10450
10476,64,6300001,0,user_23,680,699,10450
10477,65,6300001,0,user_24,680,699,10450
10478,66,6300001,0,user_25,680,699,10450
11196,59,6300001,0,user_9,684,699,10986
11192,58,6300001,0,user_3,684,699,10986
11193,60,6300001,0,user_6,684,699,10450
10468,70,6300000,0,user_20,680,699,
10453,71,6300000,0,user_12,680,699,
10456,72,6300000,0,user_15,680,699,
10740,73,6300000,0,user_34,682,699,
10973,74,6300000,0,user_29,683,699,
11216,69,6300000,0,user_32,684,699,
10562,78,6299999,0,user_13,681,699,10450
10474,79,6299999,0,user_23,680,699,10450
10475,80,6299999,0,user_23,680,699,10450
10725,81,6299999,0,user_18,682,699,10450
10729,82,6299999,0,user_24,682,699,10450
10943,83,6299999,0,user_1,683,699,10450
11197,76,6299999,0,user_10,684,699,10450
11207,77,6299999,0,user_20,684,699,10450
10497,88,6100000,0,user_45,680,699,
11001,89,6100000,0,user_44,683,699,
10975,90,6100000,0,user_31,683,699,
11385,34,5000001,0,builder_16,684,684,10585
10585,94,5000000,6390,user_38,681,697,
10445,98,5000000,0,user_4,680,697,
10462,99,5000000,0,user_17,680,697,
10748,88,5000000,0,user_41,682,696,
10742,87,5000000,0,user_36,682,696,
10749,96,5000000,0,user_43,682,697,
11226,97,5000000,0,user_45,684,697,
10576,97,4500000,0,user_28,681,695,
10448,98,4500000,0,user_6,680,695,
10575,96,3200000,0,user_27,681,693,
10455,99,2500000,0,user_14,680,692,
10485,92,2500000,0,user_34,680,691,
10465,94,2300000,0,user_17,680,691,
10984,95,2300000,0,user_37,683,691,
11386,49,1200001,0,builder_16,684,684,10985
10985,98,1200000,959000,user_38,683,691,
10586,91,2100000,0,user_41,681,690,
10733,93,2000000,49100,user_27,682,690,
11387,53,1999999,0,builder_16,684,684,10733
10454,99,2000000,0,user_13,680,690,
10494,94,2000000,0,user_42,680,689,
10737,95,2000000,0,user_32,682,689,
11000,95,2000000,0,user_44,683,690,
10991,96,2000000,0,user_40,683,690,
10996,97,2000000,0,user_41,683,690,
10496,88,1800000,128000,user_44,680,688,
11388,61,1799999,0,builder_16,684,684,10496
10995,90,1900000,0,user_41,683,688,
11227,91,1600000,256000,user_46,684,688,
11389,64,1599999,0,builder_16,684,684,11227
10565,96,1800001,0,user_16,681,688,10496
10732,95,1800001,0,user_26,682,688,10496
10558,98,1799999,0,user_10,681,688,10496
10566,89,1799999,0,user_17,681,687,10496
10710,99,1799999,0,user_2,682,688,10496
10554,97,1799999,0,user_2,681,688,10496
10947,92,1799999,0,user_6,683,687,10496
10579,95,1600000,0,user_33,681,686,
10493,94,1600000,0,user_42,680,686,
10754,96,1600000,0,user_46,682,686,
10490,92,1500000,0,user_41,680,685,
10739,91,1500000,0,user_32,682,685,
10994,93,1500000,0,user_41,683,685,
11390,78,1400001,0,builder_16,684,684,10580
10580,95,1400000,6390,user_34,681,685,
10460,96,1400000,0,user_16,680,685,
11391,81,1000001,0,builder_16,684,684,10577
10577,99,1000000,381000,user_29,681,685,
10997,83,1300000,0,user_41,683,684,
11199,84,1200001,0,user_11,684,684,10985
11201,85,1200001,0,user_14,684,684,10985
11200,86,1200001,0,user_12,684,684,10985
11209,87,1199999,0,user_22,684,684,10985
11203,88,1199999,0,user_17,684,684,10985
10590,89,1100000,0,user_49,681,684,
10469,90,1100000,0,user_21,680,684,
10989,91,1100000,0,user_40,683,684,
11392,92,1000001,0,builder_16,684,684,10980
10980,93,1000000,15700,user_33,683,684,
10721,94,1000001,0,user_13,682,684,10577
10711,95,1000001,0,user_3,682,684,10577
10722,96,1000001,0,user_14,682,684,10577
10726,97,1000001,0,user_21,682,684,10577
10727,98,1000001,0,user_22,682,684,10577
10945,99,1000001,0,user_3,683,684,10577
10444,2,43000000,0,user_2,680,699,
11448,3,30000000,11200,user_33,685,699,
11638,2,29999999,0,builder_16,685,685,11448
10484,6,30000000,0,user_34,680,699,
11457,5,30000000,0,user_47,685,699,
10747,28,27000000,0,user_41,682,699,
10988,29,27000000,0,user_40,683,699,
11455,27,27000000,0,user_46,685,699,
11639,8,19000001,0,builder_16,685,685,10588
10588,46,19000000,13900,user_43,681,699,
10450,54,6300000,155000,user_8,680,699,
11640,11,6299999,0,builder_16,685,685,10450
11641,12,6300001,0,builder_16,685,685,10986
10986,57,6300000,146000,user_39,683,699,
10572,62,6300001,0,user_25,681,699,10450
10569,61,6300001,0,user_20,681,699,10450
10473,63,6300001,0,user_23,680,699,10450
10476,64,6300001,0,user_23,680,699,10450
10478,66,6300001,0,user_25,680,699,10450
10477,65,6300001,0,user_24,680,699,10450
11192,58,6300001,0,user_3,684,699,10986
11196,59,6300001,0,user_9,684,699,10986
11193,60,6300001,0,user_6,684,699,10450
10740,73,6300000,0,user_34,682,699,
10468,70,6300000,0,user_20,680,699,
10453,71,6300000,0,user_12,680,699,
10456,72,6300000,0,user_15,680,699,
10973,74,6300000,0,user_29,683,699,
11216,69,6300000,0,user_32,684,699,
10725,81,6299999,0,user_18,682,699,10450
10729,82,6299999,0,user_24,682,699,10450
10943,83,6299999,0,user_1,683,699,10450
10562,78,6299999,0,user_13,681,699,10450
10474,79,6299999,0,user_23,680,699,10450
10475,80,6299999,0,user_23,680,699,10450
11197,76,6299999,0,user_10,684,699,10450
11207,77,6299999,0,user_20,684,699,10450
11001,89,6100000,0,user_44,683,699,
10497,88,6100000,0,user_45,680,699,
10975,90,6100000,0,user_31,683,699,
11642,40,5000001,0,builder_16,685,685,10585
10585,94,5000000,6390,user_38,681,697,
10742,87,5000000,0,user_36,682,696,
10748,88,5000000,0,user_41,682,696,
10749,96,5000000,0,user_43,682,697,
10445,98,5000000,0,user_4,680,697,
10462,99,5000000,0,user_17,680,697,
11226,97,5000000,0,user_45,684,697,
11456,96,4500000,121000,user_46,685,696,
11643,49,4499999,0,builder_16,685,685,11456
10448,98,4500000,0,user_6,680,695,
10576,97,4500000,0,user_28,681,695,
11213,96,4200000,0,user_31,684,694,
10575,96,3200000,0,user_27,681,693,
10455,99,2500000,0,user_14,680,692,
10485,92,2500000,0,user_34,680,691,
11454,98,2500000,0,user_40,685,692,
10984,95,2300000,0,user_37,683,691,
10465,94,2300000,0,user_17,680,691,
11644,59,1200001,0,builder_16,685,685,10985
10985,98,1200000,959000,user_38,683,691,
10586,91,2100000,0,user_41,681,690,
11645,62,2000001,0,builder_16,685,685,10733
10733,93,2000000,49100,user_27,682,690,
10737,95,2000000,0,user_32,682,689,
11000,95,2000000,0,user_44,683,690,
10454,99,2000000,0,user_13,680,690,
10494,94,2000000,0,user_42,680,689,
10991,96,2000000,0,user_40,683,690,
10996,97,2000000,0,user_41,683,690,
11214,98,2000000,0,user_31,684,690,
10496,88,1800000,128000,user_44,680,688,
11646,72,1799999,0,builder_16,685,685,10496
10995,90,1900000,0,user_41,683,688,
11227,91,1600000,256000,user_46,684,688,
11647,75,1599999,0,builder_16,685,685,11227
10732,95,1800001,0,user_26,682,688,10496
10565,96,1800001,0,user_16,681,688,10496
10554,97,1799999,0,user_2,681,688,10496
10558,98,1799999,0,user_10,681,688,10496
10710,99,1799999,0,user_2,682,688,10496
10566,89,1799999,0,user_17,681,687,10496
10947,92,1799999,0,user_6,683,687,10496
11450,93,1600000,39400,user_36,685,687,
11648,84,1599999,0,builder_16,685,685,11450
11430,96,1600001,0,user_15,685,687,11227
11431,95,1600001,0,user_18,685,687,11227
10754,96,1600000,0,user_46,682,686,
10579,95,1600000,0,user_33,681,686,
10493,94,1600000,0,user_42,680,686,
11437,98,1599999,0,user_21,685,686,11227
10739,91,1500000,0,user_32,682,685,
10490,92,1500000,0,user_41,680,685,
10994,93,1500000,0,user_41,683,685,
11649,94,1400001,0,builder_16,685,685,10580
10580,95,1400000,6390,user_34,681,685,
10460,96,1400000,0,user_16,680,685,
11212,97,1400000,0,user_27,684,685,
11650,98,1000001,0,builder_16,685,685,10577
10577,99,1000000,381000,user_29,681,685,
10444,2,43000000,0,user_2,680,699,
11448,3,30000000,11200,user_33,685,699,
11895,2,29999999,0,builder_16,686,686,11448
10484,6,30000000,0,user_34,680,699,
11457,5,30000000,0,user_47,685,699,
11715,7,30000000,0,user_46,686,699,
10988,29,27000000,0,user_40,683,699,
10747,28,27000000,0,user_41,682,699,
11455,27,27000000,0,user_46,685,699,
11710,30,27000000,0,user_42,686,699,
10588,46,19000000,13900,user_43,681,699,
11896,11,18999999,0,builder_16,686,686,10588
11897,12,6300001,0,builder_16,686,686,10450
10450,54,6300000,155000,user_8,680,699,
11898,14,6300001,0,builder_16,686,686,10986
10986,57,6300000,146000,user_39,683,699,
10473,63,6300001,0,user_23,680,699,10450
10476,64,6300001,0,user_23,680,699,10450
10477,65,6300001,0,user_24,680,699,10450
10478,66,6300001,0,user_25,680,699,10450
10569,61,6300001,0,user_20,681,699,10450
10572,62,6300001,0,user_25,681,699,10450
11192,58,6300001,0,user_3,684,699,10986
11193,60,6300001,0,user_6,684,699,10450
11196,59,6300001,0,user_9,684,699,10986
10973,74,6300000,0,user_29,683,699,
10453,71,6300000,0,user_12,680,699,
10468,70,6300000,0,user_20,680,699,
10456,72,6300000,0,user_15,680,699,
10740,73,6300000,0,user_34,682,699,
11216,69,6300000,0,user_32,684,699,
10943,83,6299999,0,user_1,683,699,10450
11197,76,6299999,0,user_10,684,699,10450
11207,77,6299999,0,user_20,684,699,10450
10474,79,6299999,0,user_23,680,699,10450
10475,80,6299999,0,user_23,680,699,10450
10562,78,6299999,0,user_13,681,699,10450
10725,81,6299999,0,user_18,682,699,10450
10729,82,6299999,0,user_24,682,699,10450
11001,89,6100000,0,user_44,683,699,
10975,90,6100000,0,user_31,683,699,
10497,88,6100000,0,user_45,680,699,
10585,94,5000000,6390,user_38,681,697,
11899,43,4999999,0,builder_16,686,686,10585
10749,96,5000000,0,user_43,682,697,
11226,97,5000000,0,user_45,684,697,
10445,98,5000000,0,user_4,680,697,
10462,99,5000000,0,user_17,680,697,
10742,87,5000000,0,user_36,682,696,
10748,88,5000000,0,user_41,682,696,
11709,86,5000000,0,user_40,686,696,
11900,51,4500001,0,builder_16,686,686,11456
11456,96,4500000,121000,user_46,685,696,
10448,98,4500000,0,user_6,680,695,
10576,97,4500000,0,user_28,681,695,
11446,96,4500000,0,user_31,685,695,
11213,96,4200000,0,user_31,684,694,
10575,96,3200000,0,user_27,681,693,
11716,93,2600000,0,user_47,686,692,
10455,99,2500000,0,user_14,680,692,
10485,92,2500000,0,user_34,680,691,
11454,98,2500000,0,user_40,685,692,
10984,95,2300000,0,user_37,683,691,
10465,94,2300000,0,user_17,680,691,
10985,98,1200000,959000,user_38,683,691,
11901,65,1199999,0,builder_16,686,686,10985
10586,91,2100000,0,user_41,681,690,
10733,93,2000000,49100,user_27,682,690,
11902,68,1999999,0,builder_16,686,686,10733
11000,95,2000000,0,user_44,683,690,
10991,96,2000000,0,user_40,683,690,
10996,97,2000000,0,user_41,683,690,
10454,99,2000000,0,user_13,680,690,
10494,94,2000000,0,user_42,680,689,
10737,95,2000000,0,user_32,682,689,
11214,98,2000000,0,user_31,684,690,
11903,76,1800001,0,builder_16,686,686,10496
10496,88,1800000,128000,user_44,680,688,
10995,90,1900000,0,user_41,683,688,
11227,91,1600000,256000,user_46,684,688,
11904,80,1599999,0,builder_16,686,686,11227
10565,96,1800001,0,user_16,681,688,10496
10732,95,1800001,0,user_26,682,688,10496
10947,92,1799999,0,user_6,683,687,10496
10554,97,1799999,0,user_2,681,688,10496
10558,98,1799999,0,user_10,681,688,10496
10566,89,1799999,0,user_17,681,687,10496
10710,99,1799999,0,user_2,682,688,10496
11905,88,1600001,0,builder_16,686,686,11450
11450,93,1600000,39400,user_36,685,687,
11430,96,1600001,0,user_15,685,687,11227
11431,95,1600001,0,user_18,685,687,11227
11679,97,1600001,0,user_1,686,687,11227
11688,98,1600001,0,user_11,686,687,11227
10493,94,1600000,0,user_42,680,686,
10579,95,1600000,0,user_33,681,686,
10754,96,1600000,0,user_46,682,686,
11704,97,1600000,0,user_29,686,686,
11437,98,1599999,0,user_21,685,686,11227
11433,99,1599999,0,user_19,685,686,11227
10444,2,43000000,0,user_2,680,699,
11448,3,30000000,11200,user_33,685,699,
12166,2,29999999,0,builder_18,687,687,11448
11457,5,30000000,0,user_47,685,699,
10484,6,30000000,0,user_34,680,699,
11715,7,30000000,0,user_46,686,699,
11969,8,30000000,0,user_45,687,699,
11455,27,27000000,0,user_46,685,699,
10747,28,27000000,0,user_41,682,699,
10988,29,27000000,0,user_40,683,699,
11710,30,27000000,0,user_42,686,699,
10588,46,19000000,13900,user_43,681,699,
12167,12,18999999,0,builder_18,687,687,10588
12168,13,6300001,0,builder_18,687,687,10450
10450,54,6300000,155000,user_8,680,699,
12169,15,6300001,0,builder_18,687,687,10986
10986,57,6300000,146000,user_39,683,699,
11192,58,6300001,0,user_3,684,699,10986
11196,59,6300001,0,user_9,684,699,10986
11193,60,6300001,0,user_6,684,699,10450
10569,61,6300001,0,user_20,681,699,10450
10572,62,6300001,0,user_25,681,699,10450
10473,63,6300001,0,user_23,680,699,10450
10476,64,6300001,0,user_23,680,699,10450
10477,65,6300001,0,user_24,680,699,10450
10478,66,6300001,0,user_25,680,699,10450
11216,69,6300000,0,user_32,684,699,
10468,70,6300000,0,user_20,680,699,
10453,71,6300000,0,user_12,680,699,
10456,72,6300000,0,user_15,680,699,
10740,73,6300000,0,user_34,682,699,
10973,74,6300000,0,user_29,683,699,
11197,76,6299999,0,user_10,684,699,10450
11207,77,6299999,0,user_20,684,699,10450
10562,78,6299999,0,user_13,681,699,10450
10474,79,6299999,0,user_23,680,699,10450
10475,80,6299999,0,user_23,680,699,10450
10725,81,6299999,0,user_18,682,699,10450
10729,82,6299999,0,user_24,682,699,10450
10943,83,6299999,0,user_1,683,699,10450
10497,88,6100000,0,user_45,680,699,
11001,89,6100000,0,user_44,683,699,
10975,90,6100000,0,user_31,683,699,
12170,43,5000001,0,builder_18,687,687,10585
10585,94,5000000,6390,user_38,681,697,
11226,97,5000000,0,user_45,684,697,
10445,98,5000000,0,user_4,680,697,
10462,99,5000000,0,user_17,680,697,
10748,88,5000000,0,user_41,682,696,
10742,87,5000000,0,user_36,682,696,
10749,96,5000000,0,user_43,682,697,
11709,86,5000000,0,user_40,686,696,
11456,96,4500000,121000,user_46,685,696,
12171,53,4499999,0,builder_18,687,687,11456
11446,96,4500000,0,user_31,685,695,
10576,97,4500000,0,user_28,681,695,
10448,98,4500000,0,user_6,680,695,
11213,96,4200000,0,user_31,684,694,
10575,96,3200000,0,user_27,681,693,
11959,95,3200000,0,user_36,687,693,
11716,93,2600000,0,user_47,686,692,
11954,99,2600000,0,user_33,687,693,
11454,98,2500000,0,user_40,685,692,
10455,99,2500000,0,user_14,680,692,
10485,92,2500000,0,user_34,680,691,
10465,94,2300000,0,user_17,680,691,
10984,95,2300000,0,user_37,683,691,
10985,98,1200000,959000,user_38,683,691,
12172,68,1199999,0,builder_18,687,687,10985
10586,91,2100000,0,user_41,681,690,
12173,70,2000001,0,builder_18,687,687,10733
10733,93,2000000,49100,user_27,682,690,
11214,98,2000000,0,user_31,684,690,
10454,99,2000000,0,user_13,680,690,
10494,94,2000000,0,user_42,680,689,
10737,95,2000000,0,user_32,682,689,
11000,95,2000000,0,user_44,683,690,
10991,96,2000000,0,user_40,683,690,
10996,97,2000000,0,user_41,683,690,
12174,79,1800001,0,builder_18,687,687,10496
10496,88,1800000,128000,user_44,680,688,
10995,90,1900000,0,user_41,683,688,
12175,82,1600001,0,builder_18,687,687,11227
11227,91,1600000,256000,user_46,684,688,
12176,84,1300001,0,builder_18,687,687,11955
11955,94,1300000,510000,user_34,687,688,
10565,96,1800001,0,user_16,681,688,10496
10732,95,1800001,0,user_26,682,688,10496
10558,98,1799999,0,user_10,681,688,10496
10566,89,1799999,0,user_17,681,687,10496
10710,99,1799999,0,user_2,682,688,10496
10554,97,1799999,0,user_2,681,688,10496
10947,92,1799999,0,user_6,683,687,10496
11450,93,1600000,39400,user_36,685,687,
12177,94,1599999,0,builder_18,687,687,11450
11431,95,1600001,0,user_18,685,687,11227
11430,96,1600001,0,user_15,685,687,11227
11679,97,1600001,0,user_1,686,687,11227
11688,98,1600001,0,user_11,686,687,11227
11930,99,1600001,0,user_4,687,687,11227
10444,2,43000000,0,user_2,680,699,
11448,3,30000000,11200,user_33,685,699,
12451,2,29999999,0,builder_18,688,688,11448
11457,5,30000000,0,user_47,685,699,
11715,7,30000000,0,user_46,686,699,
11969,8,30000000,0,user_45,687,699,
10484,6,30000000,0,user_34,680,699,
12221,12,27000000,779000,user_37,688,699,
12452,8,26999999,0,builder_18,688,688,12221
11455,27,27000000,0,user_46,685,699,
11710,30,27000000,0,user_42,686,699,
10747,28,27000000,0,user_41,682,699,
10988,29,27000000,0,user_40,683,699,
10588,46,19000000,13900,user_43,681,699,
12453,14,18999999,0,builder_18,688,688,10588
11960,50,19000000,0,user_38,687,699,
12454,16,6300001,0,builder_18,688,688,10450
10450,54,6300000,155000,user_8,680,699,
10986,57,6300000,146000,user_39,683,699,
12455,19,6299999,0,builder_18,688,688,10986
10572,62,6300001,0,user_25,681,699,10450
10569,61,6300001,0,user_20,681,699,10450
10473,63,6300001,0,user_23,680,699,10450
10476,64,6300001,0,user_23,680,699,10450
10478,66,6300001,0,user_25,680,699,10450
10477,65,6300001,0,user_24,680,699,10450
11192,58,6300001,0,user_3,684,699,10986
11196,59,6300001,0,user_9,684,699,10986
11193,60,6300001,0,user_6,684,699,10450
10740,73,6300000,0,user_34,682,699,
10468,70,6300000,0,user_20,680,699,
10453,71,6300000,0,user_12,680,699,
10456,72,6300000,0,user_15,680,699,
10973,74,6300000,0,user_29,683,699,
11216,69,6300000,0,user_32,684,699,
10725,81,6299999,0,user_18,682,699,10450
10729,82,6299999,0,user_24,682,699,10450
10943,83,6299999,0,user_1,683,699,10450
10562,78,6299999,0,user_13,681,699,10450
10474,79,6299999,0,user_23,680,699,10450
10475,80,6299999,0,user_23,680,699,10450
11197,76,6299999,0,user_10,684,699,10450
11207,77,6299999,0,user_20,684,699,10450
11001,89,6100000,0,user_44,683,699,
10497,88,6100000,0,user_45,680,699,
10975,90,6100000,0,user_31,683,699,
10585,94,5000000,6390,user_38,681,697,
12456,47,4999999,0,builder_18,688,688,10585
11709,86,5000000,0,user_40,686,696,
10742,87,5000000,0,user_36,682,696,
10748,88,5000000,0,user_41,682,696,
10749,96,5000000,0,user_43,682,697,
10445,98,5000000,0,user_4,680,697,
10462,99,5000000,0,user_17,680,697,
11226,97,5000000,0,user_45,684,697,
11456,96,4500000,121000,user_46,685,696,
12457,56,4499999,0,builder_18,688,688,11456
11446,96,4500000,0,user_31,685,695,
10448,98,4500000,0,user_6,680,695,
10576,97,4500000,0,user_28,681,695,
11213,96,4200000,0,user_31,684,694,
12220,94,4200000,0,user_37,688,694,
12215,95,4200000,0,user_30,688,694,
11949,94,3500000,0,user_28,687,693,
10575,96,3200000,0,user_27,681,693,
11959,95,3200000,0,user_36,687,693,
11716,93,2600000,0,user_47,686,692,
11954,99,2600000,0,user_33,687,693,
11454,98,2500000,0,user_40,685,692,
10455,99,2500000,0,user_14,680,692,
10485,92,2500000,0,user_34,680,691,
10984,95,2300000,0,user_37,683,691,
10465,94,2300000,0,user_17,680,691,
12226,96,2300000,0,user_48,688,691,
12458,74,1200001,0,builder_18,688,688,10985
10985,98,1200000,959000,user_38,683,691,
12459,76,2100001,0,builder_18,688,688,11967
11967,99,2100000,33300,user_43,687,691,
10586,91,2100000,0,user_41,681,690,
10733,93,2000000,49100,user_27,682,690,
12460,80,1999999,0,builder_18,688,688,10733
10737,95,2000000,0,user_32,682,689,
11000,95,2000000,0,user_44,683,690,
10454,99,2000000,0,user_13,680,690,
10494,94,2000000,0,user_42,680,689,
10991,96,2000000,0,user_40,683,690,
10996,97,2000000,0,user_41,683,690,
11214,98,2000000,0,user_31,684,690,
10496,88,1800000,128000,user_44,680,688,
12461,89,1799999,0,builder_18,688,688,10496
10995,90,1900000,0,user_41,683,688,
11227,91,1600000,256000,user_46,684,688,
12462,92,1599999,0,builder_18,688,688,11227
12463,93,1300001,0,builder_18,688,688,11955
11955,94,1300000,510000,user_34,687,688,
10732,95,1800001,0,user_26,682,688,10496
10565,96,1800001,0,user_16,681,688,10496
10554,97,1799999,0,user_2,681,688,10496
10558,98,1799999,0,user_10,681,688,10496
10710,99,1799999,0,user_2,682,688,10496
10444,2,43000000,0,user_2,680,699,
11448,3,30000000,11200,user_33,685,699,
12768,2,29999999,0,builder_18,689,689,11448
11969,8,30000000,0,user_45,687,699,
10484,6,30000000,0,user_34,680,699,
11457,5,30000000,0,user_47,685,699,
11715,7,30000000,0,user_46,686,699,
12769,7,27000001,0,builder_18,689,689,12221
12221,12,27000000,779000,user_37,688,699,
12494,18,27000001,0,user_20,689,699,12221
10988,29,27000000,0,user_40,683,699,
10747,28,27000000,0,user_41,682,699,
11455,27,27000000,0,user_46,685,699,
11710,30,27000000,0,user_42,686,699,
12482,35,26999999,0,user_11,689,699,12221
12770,15,19000001,0,builder_18,689,689,10588
10588,46,19000000,13900,user_43,681,699,
11960,50,19000000,0,user_38,687,699,
12771,18,6300001,0,builder_18,689,689,10450
10450,54,6300000,155000,user_8,680,699,
12772,20,6300001,0,builder_18,689,689,10986
10986,57,6300000,146000,user_39,683,699,
10473,63,6300001,0,user_23,680,699,10450
10476,64,6300001,0,user_23,680,699,10450
10477,65,6300001,0,user_24,680,699,10450
10478,66,6300001,0,user_25,680,699,10450
10569,61,6300001,0,user_20,681,699,10450
10572,62,6300001,0,user_25,681,699,10450
11192,58,6300001,0,user_3,684,699,10986
11193,60,6300001,0,user_6,684,699,10450
11196,59,6300001,0,user_9,684,699,10986
10973,74,6300000,0,user_29,683,699,
10453,71,6300000,0,user_12,680,699,
10468,70,6300000,0,user_20,680,699,
10456,72,6300000,0,user_15,680,699,
10740,73,6300000,0,user_34,682,699,
11216,69,6300000,0,user_32,684,699,
10943,83,6299999,0,user_1,683,699,10450
11197,76,6299999,0,user_10,684,699,10450
11207,77,6299999,0,user_20,684,699,10450
10474,79,6299999,0,user_23,680,699,10450
10475,80,6299999,0,user_23,680,699,10450
10562,78,6299999,0,user_13,681,699,10450
10725,81,6299999,0,user_18,682,699,10450
10729,82,6299999,0,user_24,682,699,10450
12227,87,6100000,8520,user_49,688,699,
12773,46,6099999,0,builder_18,689,689,12227
11001,89,6100000,0,user_44,683,699,
10975,90,6100000,0,user_31,683,699,
10497,88,6100000,0,user_45,680,699,
12774,50,5000001,0,builder_18,689,689,10585
10585,94,5000000,6390,user_38,681,697,
10749,96,5000000,0,user_43,682,697,
11226,97,5000000,0,user_45,684,697,
10445,98,5000000,0,user_4,680,697,
10462,99,5000000,0,user_17,680,697,
10742,87,5000000,0,user_36,682,696,
10748,88,5000000,0,user_41,682,696,
11709,86,5000000,0,user_40,686,696,
11456,96,4500000,121000,user_46,685,696,
12775,60,4499999,0,builder_18,689,689,11456
10448,98,4500000,0,user_6,680,695,
10576,97,4500000,0,user_28,681,695,
11446,96,4500000,0,user_31,685,695,
12220,94,4200000,0,user_37,688,694,
11213,96,4200000,0,user_31,684,694,
12215,95,4200000,0,user_30,688,694,
12521,97,4200000,0,user_47,689,694,
12510,93,3500000,31700,user_39,689,693,
12776,69,3499999,0,builder_18,689,689,12510
11949,94,3500000,0,user_28,687,693,
11959,95,3200000,0,user_36,687,693,
10575,96,3200000,0,user_27,681,693,
11954,99,2600000,0,user_33,687,693,
11716,93,2600000,0,user_47,686,692,
12518,97,1800000,769000,user_44,689,692,
12777,76,1799999,0,builder_18,689,689,12518
10455,99,2500000,0,user_14,680,692,
10485,92,2500000,0,user_34,680,691,
11454,98,2500000,0,user_40,685,692,
10984,95,2300000,0,user_37,683,691,
10465,94,2300000,0,user_17,680,691,
12226,96,2300000,0,user_48,688,691,
10985,98,1200000,959000,user_38,683,691,
12778,84,1199999,0,builder_18,689,689,10985
11967,99,2100000,33300,user_43,687,691,
12779,86,2099999,0,builder_18,689,689,11967
10586,91,2100000,0,user_41,681,690,
10733,93,2000000,49100,user_27,682,690,
12780,89,1999999,0,builder_18,689,689,10733
11000,95,2000000,0,user_44,683,690,
10991,96,2000000,0,user_40,683,690,
10996,97,2000000,0,user_41,683,690,
10454,99,2000000,0,user_13,680,690,
10494,94,2000000,0,user_42,680,689,
10737,95,2000000,0,user_32,682,689,
11214,98,2000000,0,user_31,684,690,
12509,94,2000000,0,user_37,689,690,
12514,98,2000000,0,user_42,689,689,
12781,99,1800001,0,builder_18,689,689,10496
10444,2,43000000,0,user_2,680,699,
11448,3,30000000,11200,user_33,685,699,
13062,2,29999999,0,builder_18,690,690,11448
11969,8,30000000,0,user_45,687,699,
10484,6,30000000,0,user_34,680,699,
11457,5,30000000,0,user_47,685,699,
11715,7,30000000,0,user_46,686,699,
12221,12,27000000,779000,user_37,688,699,
13063,8,26999999,0,builder_18,690,690,12221
12494,18,27000001,0,user_20,689,699,12221
12783,20,27000001,0,user_0,690,699,12221
12796,19,27000001,0,user_11,690,699,12221
10988,29,27000000,0,user_40,683,699,
10747,28,27000000,0,user_41,682,699,
11455,27,27000000,0,user_46,685,699,
11710,30,27000000,0,user_42,686,699,
12482,35,26999999,0,user_11,689,699,12221
12785,36,26999999,0,user_0,690,699,12221
13064,18,19000001,0,builder_18,690,690,10588
10588,46,19000000,13900,user_43,681,699,
11960,50,19000000,0,user_38,687,699,
12830,49,19000000,0,user_45,690,699,
10450,54,6300000,155000,user_8,680,699,
13065,23,6299999,0,builder_18,690,690,10450
10986,57,6300000,146000,user_39,683,699,
13066,25,6299999,0,builder_18,690,690,10986
11192,58,6300001,0,user_3,684,699,10986
11193,60,6300001,0,user_6,684,699,10450
10473,63,6300001,0,user_23,680,699,10450
10476,64,6300001,0,user_23,680,699,10450
10477,65,6300001,0,user_24,680,699,10450
10572,62,6300001,0,user_25,681,699,10450
10569,61,6300001,0,user_20,681,699,10450
11196,59,6300001,0,user_9,684,699,10986
10478,66,6300001,0,user_25,680,699,10450
10973,74,6300000,0,user_29,683,699,
11216,69,6300000,0,user_32,684,699,
10453,71,6300000,0,user_12,680,699,
10456,72,6300000,0,user_15,680,699,
10468,70,6300000,0,user_20,680,699,
10740,73,6300000,0,user_34,682,699,
11207,77,6299999,0,user_20,684,699,10450
11197,76,6299999,0,user_10,684,699,10450
10474,79,6299999,0,user_23,680,699,10450
10475,80,6299999,0,user_23,680,699,10450
10562,78,6299999,0,user_13,681,699,10450
10725,81,6299999,0,user_18,682,699,10450
10729,82,6299999,0,user_24,682,699,10450
10943,83,6299999,0,user_1,683,699,10450
13067,49,6100001,0,builder_18,690,690,12227
12227,87,6100000,8520,user_49,688,699,
10975,90,6100000,0,user_31,683,699,
11001,89,6100000,0,user_44,683,699,
10497,88,6100000,0,user_45,680,699,
13068,54,5000001,0,builder_18,690,690,10585
10585,94,5000000,6390,user_38,681,697,
11226,97,5000000,0,user_45,684,697,
10462,99,5000000,0,user_17,680,697,
10749,96,5000000,0,user_43,682,697,
10445,98,5000000,0,user_4,680,697,
10742,87,5000000,0,user_36,682,696,
10748,88,5000000,0,user_41,682,696,
11709,86,5000000,0,user_40,686,696,
11456,96,4500000,121000,user_46,685,696,
13069,64,4499999,0,builder_18,690,690,11456
10448,98,4500000,0,user_6,680,695,
10576,97,4500000,0,user_28,681,695,
11446,96,4500000,0,user_31,685,695,
12220,94,4200000,0,user_37,688,694,
12215,95,4200000,0,user_30,688,694,
11213,96,4200000,0,user_31,684,694,
12521,97,4200000,0,user_47,689,694,
13070,72,3500001,0,builder_18,690,690,12510
12510,93,3500000,31700,user_39,689,693,
11949,94,3500000,0,user_28,687,693,
11959,95,3200000,0,user_36,687,693,
10575,96,3200000,0,user_27,681,693,
11954,99,2600000,0,user_33,687,693,
11716,93,2600000,0,user_47,686,692,
12518,97,1800000,769000,user_44,689,692,
13071,80,1799999,0,builder_18,690,690,12518
10455,99,2500000,0,user_14,680,692,
10485,92,2500000,0,user_34,680,691,
11454,98,2500000,0,user_40,685,692,
12226,96,2300000,0,user_48,688,691,
10984,95,2300000,0,user_37,683,691,
10465,94,2300000,0,user_17,680,691,
10985,98,1200000,959000,user_38,683,691,
13072,88,1199999,0,builder_18,690,690,10985
11967,99,2100000,33300,user_43,687,691,
13073,90,2099999,0,builder_18,690,690,11967
10586,91,2100000,0,user_41,681,690,
13074,92,2000001,0,builder_18,690,690,10733
10733,93,2000000,49100,user_27,682,690,
12509,94,2000000,0,user_37,689,690,
11000,95,2000000,0,user_44,683,690,
10991,96,2000000,0,user_40,683,690,
10996,97,2000000,0,user_41,683,690,
11214,98,2000000,0,user_31,684,690,
10454,99,2000000,0,user_13,680,690,
10444,2,43000000,0,user_2,680,699,
11448,3,30000000,11200,user_33,685,699,
13358,2,29999999,0,builder_18,691,691,11448
11457,5,30000000,0,user_47,685,699,
10484,6,30000000,0,user_34,680,699,
11715,7,30000000,0,user_46,686,699,
11969,8,30000000,0,user_45,687,699,
13118,9,30000000,0,user_41,691,699,
12221,12,27000000,779000,user_37,688,699,
13359,9,26999999,0,builder_18,691,691,12221
12494,18,27000001,0,user_20,689,699,12221
12796,19,27000001,0,user_11,690,699,12221
12783,20,27000001,0,user_0,690,699,12221
13075,21,27000001,0,user_0,691,699,12221
13091,22,27000001,0,user_15,691,699,12221
13101,23,27000001,0,user_25,691,699,12221
11455,27,27000000,0,user_46,685,699,
10747,28,27000000,0,user_41,682,699,
10988,29,27000000,0,user_40,683,699,
11710,30,27000000,0,user_42,686,699,
12482,35,26999999,0,user_11,689,699,12221
12785,36,26999999,0,user_0,690,699,12221
13087,37,26999999,0,user_11,691,699,12221
13099,38,26999999,0,user_23,691,699,12221
13360,24,19000001,0,builder_18,691,691,10588
10588,46,19000000,13900,user_43,681,699,
12830,49,19000000,0,user_45,690,699,
11960,50,19000000,0,user_38,687,699,
13117,52,73000,17700000,user_40,691,699,
13361,29,72999,0,builder_18,691,691,13117
10450,54,6300000,155000,user_8,680,699,
13362,31,6299999,0,builder_18,691,691,10450
10986,57,6300000,146000,user_39,683,699,
13363,33,6299999,0,builder_18,691,691,10986
11192,58,6300001,0,user_3,684,699,10986
11196,59,6300001,0,user_9,684,699,10986
11193,60,6300001,0,user_6,684,699,10450
10569,61,6300001,0,user_20,681,699,10450
10572,62,6300001,0,user_25,681,699,10450
10473,63,6300001,0,user_23,680,699,10450
10476,64,6300001,0,user_23,680,699,10450
10477,65,6300001,0,user_24,680,699,10450
10478,66,6300001,0,user_25,680,699,10450
11216,69,6300000,0,user_32,684,699,
10468,70,6300000,0,user_20,680,699,
10453,71,6300000,0,user_12,680,699,
10456,72,6300000,0,user_15,680,699,
10740,73,6300000,0,user_34,682,699,
10973,74,6300000,0,user_29,683,699,
11197,76,6299999,0,user_10,684,699,10450
11207,77,6299999,0,user_20,684,699,10450
10562,78,6299999,0,user_13,681,699,10450
10474,79,6299999,0,user_23,680,699,10450
10475,80,6299999,0,user_23,680,699,10450
10725,81,6299999,0,user_18,682,699,10450
10729,82,6299999,0,user_24,682,699,10450
10943,83,6299999,0,user_1,683,699,10450
13364,57,6100001,0,builder_18,691,691,12227
12227,87,6100000,8520,user_49,688,699,
10497,88,6100000,0,user_45,680,699,
11001,89,6100000,0,user_44,683,699,
10975,90,6100000,0,user_31,683,699,
13365,62,5000001,0,builder_18,691,691,10585
10585,94,5000000,6390,user_38,681,697,
11226,97,5000000,0,user_45,684,697,
10445,98,5000000,0,user_4,680,697,
10462,99,5000000,0,user_17,680,697,
10748,88,5000000,0,user_41,682,696,
10742,87,5000000,0,user_36,682,696,
10749,96,5000000,0,user_43,682,697,
11709,86,5000000,0,user_40,686,696,
13366,71,4500001,0,builder_18,691,691,11456
11456,96,4500000,121000,user_46,685,696,
11446,96,4500000,0,user_31,685,695,
10576,97,4500000,0,user_28,681,695,
10448,98,4500000,0,user_6,680,695,
13122,99,4500000,0,user_46,691,695,
12521,97,4200000,0,user_47,689,694,
12220,94,4200000,0,user_37,688,694,
11213,96,4200000,0,user_31,684,694,
12215,95,4200000,0,user_30,688,694,
12510,93,3500000,31700,user_39,689,693,
13367,82,3499999,0,builder_18,691,691,12510
11949,94,3500000,0,user_28,687,693,
10575,96,3200000,0,user_27,681,693,
11959,95,3200000,0,user_36,687,693,
11716,93,2600000,0,user_47,686,692,
11954,99,2600000,0,user_33,687,693,
12518,97,1800000,769000,user_44,689,692,
13368,89,1799999,0,builder_18,691,691,12518
11454,98,2500000,0,user_40,685,692,
10455,99,2500000,0,user_14,680,692,
10485,92,2500000,0,user_34,680,691,
13103,93,2400000,0,user_27,691,691,
10465,94,2300000,0,user_17,680,691,
10984,95,2300000,0,user_37,683,691,
12226,96,2300000,0,user_48,688,691,
13369,97,1200001,0,builder_18,691,691,10985
10985,98,1200000,959000,user_38,683,691,
11967,99,2100000,33300,user_43,687,691,
10444,2,43000000,0,user_2,680,699,
11448,3,30000000,11200,user_33,685,699,
13627,2,29999999,0,builder_18,692,692,11448
11457,5,30000000,0,user_47,685,699,
11715,7,30000000,0,user_46,686,699,
11969,8,30000000,0,user_45,687,699,
10484,6,30000000,0,user_34,680,699,
13118,9,30000000,0,user_41,691,699,
13628,8,27000001,0,builder_18,692,692,12221
12221,12,27000000,779000,user_37,688,699,
12796,19,27000001,0,user_11,690,699,12221
12783,20,27000001,0,user_0,690,699,12221
13075,21,27000001,0,user_0,691,699,12221
12494,18,27000001,0,user_20,689,699,12221
13091,22,27000001,0,user_15,691,699,12221
13101,23,27000001,0,user_25,691,699,12221
11455,27,27000000,0,user_46,685,699,
11710,30,27000000,0,user_42,686,699,
10747,28,27000000,0,user_41,682,699,
10988,29,27000000,0,user_40,683,699,
13115,31,27000000,0,user_38,691,699,
12785,36,26999999,0,user_0,690,699,12221
13087,37,26999999,0,user_11,691,699,12221
12482,35,26999999,0,user_11,689,699,12221
13099,38,26999999,0,user_23,691,699,12221
13380,39,26999999,0,user_14,692,699,12221
13629,26,19000001,0,builder_18,692,692,10588
10588,46,19000000,13900,user_43,681,699,
12830,49,19000000,0,user_45,690,699,
11960,50,19000000,0,user_38,687,699,
13406,51,19000000,0,user_41,692,699,
13630,31,73001,0,builder_18,692,692,13117
13117,52,73000,17700000,user_40,691,699,
13631,33,6300001,0,builder_18,692,692,10450
10450,54,6300000,155000,user_8,680,699,
13632,35,6300001,0,builder_18,692,692,10986
10986,57,6300000,146000,user_39,683,699,
10572,62,6300001,0,user_25,681,699,10450
10569,61,6300001,0,user_20,681,699,10450
10473,63,6300001,0,user_23,680,699,10450
10476,64,6300001,0,user_23,680,699,10450
10478,66,6300001,0,user_25,680,699,10450
10477,65,6300001,0,user_24,680,699,10450
11192,58,6300001,0,user_3,684,699,10986
11196,59,6300001,0,user_9,684,699,10986
11193,60,6300001,0,user_6,684,699,10450
10740,73,6300000,0,user_34,682,699,
10468,70,6300000,0,user_20,680,699,
10453,71,6300000,0,user_12,680,699,
10456,72,6300000,0,user_15,680,699,
10973,74,6300000,0,user_29,683,699,
11216,69,6300000,0,user_32,684,699,
10725,81,6299999,0,user_18,682,699,10450
10729,82,6299999,0,user_24,682,699,10450
10943,83,6299999,0,user_1,683,699,10450
10562,78,6299999,0,user_13,681,699,10450
10474,79,6299999,0,user_23,680,699,10450
10475,80,6299999,0,user_23,680,699,10450
11197,76,6299999,0,user_10,684,699,10450
11207,77,6299999,0,user_20,684,699,10450
13633,60,6100001,0,builder_18,692,692,12227
12227,87,6100000,8520,user_49,688,699,
11001,89,6100000,0,user_44,683,699,
10497,88,6100000,0,user_45,680,699,
10975,90,6100000,0,user_31,683,699,
10585,94,5000000,6390,user_38,681,697,
13634,66,4999999,0,builder_18,692,692,10585
11709,86,5000000,0,user_40,686,696,
10742,87,5000000,0,user_36,682,696,
10748,88,5000000,0,user_41,682,696,
10749,96,5000000,0,user_43,682,697,
10445,98,5000000,0,user_4,680,697,
10462,99,5000000,0,user_17,680,697,
11226,97,5000000,0,user_45,684,697,
13408,93,5000000,0,user_41,692,696,
13413,95,4200000,545000,user_45,692,696,
13635,76,4199999,0,builder_18,692,692,13413
11456,96,4500000,121000,user_46,685,696,
13636,78,4499999,0,builder_18,692,692,11456
11446,96,4500000,0,user_31,685,695,
10448,98,4500000,0,user_6,680,695,
10576,97,4500000,0,user_28,681,695,
13122,99,4500000,0,user_46,691,695,
11213,96,4200000,0,user_31,684,694,
12220,94,4200000,0,user_37,688,694,
12215,95,4200000,0,user_30,688,694,
12521,97,4200000,0,user_47,689,694,
13405,91,3600000,0,user_39,692,693,
12510,93,3500000,31700,user_39,689,693,
13637,89,3499999,0,builder_18,692,692,12510
11949,94,3500000,0,user_28,687,693,
10575,96,3200000,0,user_27,681,693,
11959,95,3200000,0,user_36,687,693,
11716,93,2600000,0,user_47,686,692,
11954,99,2600000,0,user_33,687,693,
13399,98,2600000,0,user_37,692,693,
13638,96,1800001,0,builder_18,692,692,12518
12518,97,1800000,769000,user_44,689,692,
11454,98,2500000,0,user_40,685,692,
10455,99,2500000,0,user_14,680,692,
10444,2,43000000,0,user_2,680,699,
11448,3,30000000,11200,user_33,685,699,
13895,2,29999999,0,builder_18,693,693,11448
13118,9,30000000,0,user_41,691,699,
11969,8,30000000,0,user_45,687,699,
10484,6,30000000,0,user_34,680,699,
11457,5,30000000,0,user_47,685,699,
11715,7,30000000,0,user_46,686,699,
12221,12,27000000,779000,user_37,688,699,
13896,9,26999999,0,builder_18,693,693,12221
12783,20,27000001,0,user_0,690,699,12221
12796,19,27000001,0,user_11,690,699,12221
13075,21,27000001,0,user_0,691,699,12221
13091,22,27000001,0,user_15,691,699,12221
13101,23,27000001,0,user_25,691,699,12221
12494,18,27000001,0,user_20,689,699,12221
13653,16,27000001,0,user_10,693,699,12221
13115,31,27000000,0,user_38,691,699,
10988,29,27000000,0,user_40,683,699,
10747,28,27000000,0,user_41,682,699,
11455,27,27000000,0,user_46,685,699,
11710,30,27000000,0,user_42,686,699,
12785,36,26999999,0,user_0,690,699,12221
13087,37,26999999,0,user_11,691,699,12221
13099,38,26999999,0,user_23,691,699,12221
12482,35,26999999,0,user_11,689,699,12221
13380,39,26999999,0,user_14,692,699,12221
10588,46,19000000,13900,user_43,681,699,
13897,28,18999999,0,builder_18,693,693,10588
12830,49,19000000,0,user_45,690,699,
11960,50,19000000,0,user_38,687,699,
13406,51,19000000,0,user_41,692,699,
13117,52,73000,17700000,user_40,691,699,
13898,33,72999,0,builder_18,693,693,13117
10450,54,6300000,155000,user_8,680,699,
13899,35,6299999,0,builder_18,693,693,10450
10986,57,6300000,146000,user_39,683,699,
13900,37,6299999,0,builder_18,693,693,10986
10473,63,6300001,0,user_23,680,699,10450
10476,64,6300001,0,user_23,680,699,10450
10477,65,6300001,0,user_24,680,699,10450
10478,66,6300001,0,user_25,680,699,10450
10569,61,6300001,0,user_20,681,699,10450
10572,62,6300001,0,user_25,681,699,10450
11192,58,6300001,0,user_3,684,699,10986
11193,60,6300001,0,user_6,684,699,10450
11196,59,6300001,0,user_9,684,699,10986
10973,74,6300000,0,user_29,683,699,
10453,71,6300000,0,user_12,680,699,
10468,70,6300000,0,user_20,680,699,
10456,72,6300000,0,user_15,680,699,
10740,73,6300000,0,user_34,682,699,
11216,69,6300000,0,user_32,684,699,
13395,75,6300000,0,user_31,692,699,
13693,68,6300000,0,user_47,693,699,
10943,83,6299999,0,user_1,683,699,10450
11197,76,6299999,0,user_10,684,699,10450
11207,77,6299999,0,user_20,684,699,10450
10474,79,6299999,0,user_23,680,699,10450
10475,80,6299999,0,user_23,680,699,10450
10562,78,6299999,0,user_13,681,699,10450
10725,81,6299999,0,user_18,682,699,10450
10729,82,6299999,0,user_24,682,699,10450
12227,87,6100000,8520,user_49,688,699,
13901,64,6099999,0,builder_18,693,693,12227
11001,89,6100000,0,user_44,683,699,
10975,90,6100000,0,user_31,683,699,
10497,88,6100000,0,user_45,680,699,
10585,94,5000000,6390,user_38,681,697,
13902,69,4999999,0,builder_18,693,693,10585
10749,96,5000000,0,user_43,682,697,
11226,97,5000000,0,user_45,684,697,
10445,98,5000000,0,user_4,680,697,
10462,99,5000000,0,user_17,680,697,
10742,87,5000000,0,user_36,682,696,
10748,88,5000000,0,user_41,682,696,
11709,86,5000000,0,user_40,686,696,
13408,93,5000000,0,user_41,692,696,
13903,78,4200001,0,builder_18,693,693,13413
13413,95,4200000,545000,user_45,692,696,
11456,96,4500000,121000,user_46,685,696,
13904,81,4499999,0,builder_18,693,693,11456
13122,99,4500000,0,user_46,691,695,
10448,98,4500000,0,user_6,680,695,
10576,97,4500000,0,user_28,681,695,
11446,96,4500000,0,user_31,685,695,
13686,99,4500000,0,user_37,693,696,
12220,94,4200000,0,user_37,688,694,
11213,96,4200000,0,user_31,684,694,
12215,95,4200000,0,user_30,688,694,
12521,97,4200000,0,user_47,689,694,
13405,91,3600000,0,user_39,692,693,
13905,92,3500001,0,builder_18,693,693,12510
12510,93,3500000,31700,user_39,689,693,
11949,94,3500000,0,user_28,687,693,
11959,95,3200000,0,user_36,687,693,
10575,96,3200000,0,user_27,681,693,
13684,97,3200000,0,user_36,693,693,
13399,98,2600000,0,user_37,692,693,
11954,99,2600000,0,user_33,687,693,
10444,2,43000000,0,user_2,680,699,
14152,1,30000001,0,builder_18,694,694,11448
11448,3,30000000,11200,user_33,685,699,
13118,9,30000000,0,user_41,691,699,
11969,8,30000000,0,user_45,687,699,
10484,6,30000000,0,user_34,680,699,
11457,5,30000000,0,user_47,685,699,
11715,7,30000000,0,user_46,686,699,
13929,10,30000000,0,user_32,694,699,
14153,9,27000001,0,builder_18,694,694,12221
12221,12,27000000,779000,user_37,688,699,
13075,21,27000001,0,user_0,691,699,12221
13091,22,27000001,0,user_15,691,699,12221
13101,23,27000001,0,user_25,691,699,12221
13653,16,27000001,0,user_10,693,699,12221
12494,18,27000001,0,user_20,689,699,12221
12783,20,27000001,0,user_0,690,699,12221
12796,19,27000001,0,user_11,690,699,12221
13921,17,27000001,0,user_20,694,699,12221
13115,31,27000000,0,user_38,691,699,
10988,29,27000000,0,user_40,683,699,
10747,28,27000000,0,user_41,682,699,
11455,27,27000000,0,user_46,685,699,
11710,30,27000000,0,user_42,686,699,
13087,37,26999999,0,user_11,691,699,12221
13099,38,26999999,0,user_23,691,699,12221
13380,39,26999999,0,user_14,692,699,12221
13666,34,26999999,0,user_19,693,699,12221
12482,35,26999999,0,user_11,689,699,12221
12785,36,26999999,0,user_0,690,699,12221
10588,46,19000000,13900,user_43,681,699,
14154,31,18999999,0,builder_18,694,694,10588
13406,51,19000000,0,user_41,692,699,
11960,50,19000000,0,user_38,687,699,
12830,49,19000000,0,user_45,690,699,
13117,52,73000,17700000,user_40,691,699,
14155,36,72999,0,builder_18,694,694,13117
10450,54,6300000,155000,user_8,680,699,
14156,38,6299999,0,builder_18,694,694,10450
14157,39,6300001,0,builder_18,694,694,10986
10986,57,6300000,146000,user_39,683,699,
11192,58,6300001,0,user_3,684,699,10986
11193,60,6300001,0,user_6,684,699,10450
10473,63,6300001,0,user_23,680,699,10450
10476,64,6300001,0,user_23,680,699,10450
10477,65,6300001,0,user_24,680,699,10450
10572,62,6300001,0,user_25,681,699,10450
10569,61,6300001,0,user_20,681,699,10450
11196,59,6300001,0,user_9,684,699,10986
10478,66,6300001,0,user_25,680,699,10450
13395,75,6300000,0,user_31,692,699,
10973,74,6300000,0,user_29,683,699,
11216,69,6300000,0,user_32,684,699,
10453,71,6300000,0,user_12,680,699,
10456,72,6300000,0,user_15,680,699,
10468,70,6300000,0,user_20,680,699,
10740,73,6300000,0,user_34,682,699,
13693,68,6300000,0,user_47,693,699,
11207,77,6299999,0,user_20,684,699,10450
11197,76,6299999,0,user_10,684,699,10450
10474,79,6299999,0,user_23,680,699,10450
10475,80,6299999,0,user_23,680,699,10450
10562,78,6299999,0,user_13,681,699,10450
10725,81,6299999,0,user_18,682,699,10450
10729,82,6299999,0,user_24,682,699,10450
10943,83,6299999,0,user_1,683,699,10450
12227,87,6100000,8520,user_49,688,699,
14158,67,6099999,0,builder_18,694,694,12227
10975,90,6100000,0,user_31,683,699,
11001,89,6100000,0,user_44,683,699,
10497,88,6100000,0,user_45,680,699,
13942,91,6100000,0,user_40,694,699,
13925,95,5200000,285000,user_27,694,699,
14159,73,5199999,0,builder_18,694,694,13925
14160,74,5000001,0,builder_18,694,694,10585
10585,94,5000000,6390,user_38,681,697,
13408,93,5000000,0,user_41,692,696,
11226,97,5000000,0,user_45,684,697,
10462,99,5000000,0,user_17,680,697,
10749,96,5000000,0,user_43,682,697,
10445,98,5000000,0,user_4,680,697,
10742,87,5000000,0,user_36,682,696,
10748,88,5000000,0,user_41,682,696,
11709,86,5000000,0,user_40,686,696,
14161,84,4200001,0,builder_18,694,694,13413
13413,95,4200000,545000,user_45,692,696,
11456,96,4500000,121000,user_46,685,696,
14162,87,4499999,0,builder_18,694,694,11456
13122,99,4500000,0,user_46,691,695,
13686,99,4500000,0,user_37,693,696,
10448,98,4500000,0,user_6,680,695,
10576,97,4500000,0,user_28,681,695,
11446,96,4500000,0,user_31,685,695,
13948,98,4500000,0,user_47,694,696,
12220,94,4200000,0,user_37,688,694,
12215,95,4200000,0,user_30,688,694,
11213,96,4200000,0,user_31,684,694,
12521,97,4200000,0,user_47,689,694,
13951,98,3600000,7840,user_48,694,694,
14163,99,3599999,0,builder_18,694,694,13951
10444,2,43000000,0,user_2,680,699,
14432,1,30000001,0,builder_18,695,695,11448
11448,3,30000000,11200,user_33,685,699,
11457,5,30000000,0,user_47,685,699,
10484,6,30000000,0,user_34,680,699,
11715,7,30000000,0,user_46,686,699,
11969,8,30000000,0,user_45,687,699,
13118,9,30000000,0,user_41,691,699,
13929,10,30000000,0,user_32,694,699,
12221,12,27000000,779000,user_37,688,699,
14433,10,26999999,0,builder_18,695,695,12221
13653,16,27000001,0,user_10,693,699,12221
13921,17,27000001,0,user_20,694,699,12221
12494,18,27000001,0,user_20,689,699,12221
12796,19,27000001,0,user_11,690,699,12221
12783,20,27000001,0,user_0,690,699,12221
13075,21,27000001,0,user_0,691,699,12221
13091,22,27000001,0,user_15,691,699,12221
13101,23,27000001,0,user_25,691,699,12221
14173,24,27000001,0,user_7,695,699,12221
14164,25,27000001,0,user_0,695,699,12221
14171,26,27000001,0,user_5,695,699,12221
11455,27,27000000,0,user_46,685,699,
10747,28,27000000,0,user_41,682,699,
10988,29,27000000,0,user_40,683,699,
11710,30,27000000,0,user_42,686,699,
13115,31,27000000,0,user_38,691,699,
13666,34,26999999,0,user_19,693,699,12221
12482,35,26999999,0,user_11,689,699,12221
12785,36,26999999,0,user_0,690,699,12221
13087,37,26999999,0,user_11,691,699,12221
13099,38,26999999,0,user_23,691,699,12221
13380,39,26999999,0,user_14,692,699,12221
14177,40,26999999,0,user_11,695,699,12221
14178,41,26999999,0,user_12,695,699,12221
14434,35,19000001,0,builder_18,695,695,10588
10588,46,19000000,13900,user_43,681,699,
12830,49,19000000,0,user_45,690,699,
11960,50,19000000,0,user_38,687,699,
13406,51,19000000,0,user_41,692,699,
14435,40,73001,0,builder_18,695,695,13117
13117,52,73000,17700000,user_40,691,699,
14436,42,6300001,0,builder_18,695,695,10450
10450,54,6300000,155000,user_8,680,699,
10986,57,6300000,146000,user_39,683,699,
14437,45,6299999,0,builder_18,695,695,10986
11192,58,6300001,0,user_3,684,699,10986
11196,59,6300001,0,user_9,684,699,10986
11193,60,6300001,0,user_6,684,699,10450
10569,61,6300001,0,user_20,681,699,10450
10572,62,6300001,0,user_25,681,699,10450
10473,63,6300001,0,user_23,680,699,10450
10476,64,6300001,0,user_23,680,699,10450
10477,65,6300001,0,user_24,680,699,10450
10478,66,6300001,0,user_25,680,699,10450
13693,68,6300000,0,user_47,693,699,
11216,69,6300000,0,user_32,684,699,
10468,70,6300000,0,user_20,680,699,
10453,71,6300000,0,user_12,680,699,
10456,72,6300000,0,user_15,680,699,
10740,73,6300000,0,user_34,682,699,
10973,74,6300000,0,user_29,683,699,
13395,75,6300000,0,user_31,692,699,
11197,76,6299999,0,user_10,684,699,10450
11207,77,6299999,0,user_20,684,699,10450
10562,78,6299999,0,user_13,681,699,10450
10474,79,6299999,0,user_23,680,699,10450
10475,80,6299999,0,user_23,680,699,10450
10725,81,6299999,0,user_18,682,699,10450
10729,82,6299999,0,user_24,682,699,10450
10943,83,6299999,0,user_1,683,699,10450
12227,87,6100000,8520,user_49,688,699,
14438,72,6099999,0,builder_18,695,695,12227
10497,88,6100000,0,user_45,680,699,
11001,89,6100000,0,user_44,683,699,
10975,90,6100000,0,user_31,683,699,
13942,91,6100000,0,user_40,694,699,
14439,77,5000001,0,builder_18,695,695,13945
13945,92,5000000,594000,user_43,694,699,
13925,95,5200000,285000,user_27,694,699,
14440,80,5199999,0,builder_18,695,695,13925
14441,81,5000001,0,builder_18,695,695,10585
10585,94,5000000,6390,user_38,681,697,
11226,97,5000000,0,user_45,684,697,
10445,98,5000000,0,user_4,680,697,
10462,99,5000000,0,user_17,680,697,
10748,88,5000000,0,user_41,682,696,
10742,87,5000000,0,user_36,682,696,
10749,96,5000000,0,user_43,682,697,
11709,86,5000000,0,user_40,686,696,
13408,93,5000000,0,user_41,692,696,
13413,95,4200000,545000,user_45,692,696,
14442,92,4199999,0,builder_18,695,695,13413
11456,96,4500000,121000,user_46,685,696,
14443,94,4499999,0,builder_18,695,695,11456
13686,99,4500000,0,user_37,693,696,
11446,96,4500000,0,user_31,685,695,
10576,97,4500000,0,user_28,681,695,
10448,98,4500000,0,user_6,680,695,
13122,99,4500000,0,user_46,691,695,
10444,2,43000000,0,user_2,680,699,
14205,1,43000000,0,user_38,695,699,
11448,3,30000000,11200,user_33,685,699,
14698,3,29999999,0,builder_18,696,696,11448
13929,10,30000000,0,user_32,694,699,
11457,5,30000000,0,user_47,685,699,
11715,7,30000000,0,user_46,686,699,
11969,8,30000000,0,user_45,687,699,
10484,6,30000000,0,user_34,680,699,
13118,9,30000000,0,user_41,691,699,
12221,12,27000000,779000,user_37,688,699,
14699,11,26999999,0,builder_18,696,696,12221
13921,17,27000001,0,user_20,694,699,12221
14171,26,27000001,0,user_5,695,699,12221
13653,16,27000001,0,user_10,693,699,12221
12796,19,27000001,0,user_11,690,699,12221
12783,20,27000001,0,user_0,690,699,12221
13075,21,27000001,0,user_0,691,699,12221
12494,18,27000001,0,user_20,689,699,12221
13091,22,27000001,0,user_15,691,699,12221
13101,23,27000001,0,user_25,691,699,12221
14173,24,27000001,0,user_7,695,699,12221
14164,25,27000001,0,user_0,695,699,12221
14453,15,27000001,0,user_8,696,699,12221
11455,27,27000000,0,user_46,685,699,
11710,30,27000000,0,user_42,686,699,
10747,28,27000000,0,user_41,682,699,
10988,29,27000000,0,user_40,683,699,
13115,31,27000000,0,user_38,691,699,
12785,36,26999999,0,user_0,690,699,12221
13087,37,26999999,0,user_11,691,699,12221
12482,35,26999999,0,user_11,689,699,12221
13099,38,26999999,0,user_23,691,699,12221
13380,39,26999999,0,user_14,692,699,12221
13666,34,26999999,0,user_19,693,699,12221
14178,41,26999999,0,user_12,695,699,12221
14177,40,26999999,0,user_11,695,699,12221
14700,37,19000001,0,builder_18,696,696,10588
10588,46,19000000,13900,user_43,681,699,
12830,49,19000000,0,user_45,690,699,
11960,50,19000000,0,user_38,687,699,
13406,51,19000000,0,user_41,692,699,
13117,52,73000,17700000,user_40,691,699,
14701,43,72999,0,builder_18,696,696,13117
10450,54,6300000,155000,user_8,680,699,
14702,45,6299999,0,builder_18,696,696,10450
10986,57,6300000,146000,user_39,683,699,
14703,47,6299999,0,builder_18,696,696,10986
10572,62,6300001,0,user_25,681,699,10450
10569,61,6300001,0,user_20,681,699,10450
10473,63,6300001,0,user_23,680,699,10450
10476,64,6300001,0,user_23,680,699,10450
10478,66,6300001,0,user_25,680,699,10450
10477,65,6300001,0,user_24,680,699,10450
11192,58,6300001,0,user_3,684,699,10986
11196,59,6300001,0,user_9,684,699,10986
11193,60,6300001,0,user_6,684,699,10450
13693,68,6300000,0,user_47,693,699,
10740,73,6300000,0,user_34,682,699,
10468,70,6300000,0,user_20,680,699,
10453,71,6300000,0,user_12,680,699,
10456,72,6300000,0,user_15,680,699,
10973,74,6300000,0,user_29,683,699,
11216,69,6300000,0,user_32,684,699,
13395,75,6300000,0,user_31,692,699,
10725,81,6299999,0,user_18,682,699,10450
10729,82,6299999,0,user_24,682,699,10450
10943,83,6299999,0,user_1,683,699,10450
10562,78,6299999,0,user_13,681,699,10450
10474,79,6299999,0,user_23,680,699,10450
10475,80,6299999,0,user_23,680,699,10450
11197,76,6299999,0,user_10,684,699,10450
11207,77,6299999,0,user_20,684,699,10450
12227,87,6100000,8520,user_49,688,699,
14704,74,6099999,0,builder_18,696,696,12227
13942,91,6100000,0,user_40,694,699,
11001,89,6100000,0,user_44,683,699,
10497,88,6100000,0,user_45,680,699,
10975,90,6100000,0,user_31,683,699,
14705,79,5000001,0,builder_18,696,696,13945
13945,92,5000000,594000,user_43,694,699,
14706,81,5200001,0,builder_18,696,696,13925
13925,95,5200000,285000,user_27,694,699,
14481,99,5200000,0,user_45,696,699,
10585,94,5000000,6390,user_38,681,697,
14707,85,4999999,0,builder_18,696,696,10585
11709,86,5000000,0,user_40,686,696,
10742,87,5000000,0,user_36,682,696,
10748,88,5000000,0,user_41,682,696,
10749,96,5000000,0,user_43,682,697,
10445,98,5000000,0,user_4,680,697,
10462,99,5000000,0,user_17,680,697,
11226,97,5000000,0,user_45,684,697,
13408,93,5000000,0,user_41,692,696,
14708,94,4200001,0,builder_18,696,696,13413
13413,95,4200000,545000,user_45,692,696,
11456,96,4500000,121000,user_46,685,696,
14709,97,4499999,0,builder_18,696,696,11456
13948,98,4500000,0,user_47,694,696,
13686,99,4500000,0,user_37,693,696,
14205,1,43000000,0,user_38,695,699,
10444,2,43000000,0,user_2,680,699,
14754,0,43000000,0,user_39,697,699,
14955,3,30000001,0,builder_18,697,697,11448
11448,3,30000000,11200,user_33,685,699,
13929,10,30000000,0,user_32,694,699,
13118,9,30000000,0,user_41,691,699,
11969,8,30000000,0,user_45,687,699,
10484,6,30000000,0,user_34,680,699,
11457,5,30000000,0,user_47,685,699,
11715,7,30000000,0,user_46,686,699,
12221,12,27000000,779000,user_37,688,699,
14956,12,26999999,0,builder_18,697,697,12221
14164,25,27000001,0,user_0,695,699,12221
14173,24,27000001,0,user_7,695,699,12221
14171,26,27000001,0,user_5,695,699,12221
13921,17,27000001,0,user_20,694,699,12221
12783,20,27000001,0,user_0,690,699,12221
12796,19,27000001,0,user_11,690,699,12221
13075,21,27000001,0,user_0,691,699,12221
13091,22,27000001,0,user_15,691,699,12221
13101,23,27000001,0,user_25,691,699,12221
12494,18,27000001,0,user_20,689,699,12221
13653,16,27000001,0,user_10,693,699,12221
14453,15,27000001,0,user_8,696,699,12221
14711,14,27000001,0,user_1,697,699,12221
14731,13,27000001,0,user_17,697,699,12221
13115,31,27000000,0,user_38,691,699,
10988,29,27000000,0,user_40,683,699,
10747,28,27000000,0,user_41,682,699,
11455,27,27000000,0,user_46,685,699,
11710,30,27000000,0,user_42,686,699,
14177,40,26999999,0,user_11,695,699,12221
14178,41,26999999,0,user_12,695,699,12221
12785,36,26999999,0,user_0,690,699,12221
13087,37,26999999,0,user_11,691,699,12221
13099,38,26999999,0,user_23,691,699,12221
12482,35,26999999,0,user_11,689,699,12221
13380,39,26999999,0,user_14,692,699,12221
13666,34,26999999,0,user_19,693,699,12221
14719,33,26999999,0,user_7,697,699,12221
10588,46,19000000,13900,user_43,681,699,
14957,42,18999999,0,builder_18,697,697,10588
12830,49,19000000,0,user_45,690,699,
11960,50,19000000,0,user_38,687,699,
13406,51,19000000,0,user_41,692,699,
14488,48,19000000,0,user_49,696,699,
13117,52,73000,17700000,user_40,691,699,
14958,48,72999,0,builder_18,697,697,13117
14959,49,6300001,0,builder_18,697,697,10450
10450,54,6300000,155000,user_8,680,699,
10986,57,6300000,146000,user_39,683,699,
14960,52,6299999,0,builder_18,697,697,10986
10473,63,6300001,0,user_23,680,699,10450
10476,64,6300001,0,user_23,680,699,10450
10477,65,6300001,0,user_24,680,699,10450
10478,66,6300001,0,user_25,680,699,10450
10569,61,6300001,0,user_20,681,699,10450
10572,62,6300001,0,user_25,681,699,10450
11192,58,6300001,0,user_3,684,699,10986
11193,60,6300001,0,user_6,684,699,10450
11196,59,6300001,0,user_9,684,699,10986
13693,68,6300000,0,user_47,693,699,
10973,74,6300000,0,user_29,683,699,
10453,71,6300000,0,user_12,680,699,
10468,70,6300000,0,user_20,680,699,
10456,72,6300000,0,user_15,680,699,
10740,73,6300000,0,user_34,682,699,
11216,69,6300000,0,user_32,684,699,
13395,75,6300000,0,user_31,692,699,
14746,67,6300000,0,user_33,697,699,
10943,83,6299999,0,user_1,683,699,10450
11197,76,6299999,0,user_10,684,699,10450
11207,77,6299999,0,user_20,684,699,10450
10474,79,6299999,0,user_23,680,699,10450
10475,80,6299999,0,user_23,680,699,10450
10562,78,6299999,0,user_13,681,699,10450
10725,81,6299999,0,user_18,682,699,10450
10729,82,6299999,0,user_24,682,699,10450
14765,85,5200000,959000,user_46,697,699,
14961,80,5199999,0,builder_18,697,697,14765
12227,87,6100000,8520,user_49,688,699,
14962,82,6099999,0,builder_18,697,697,12227
13942,91,6100000,0,user_40,694,699,
11001,89,6100000,0,user_44,683,699,
10975,90,6100000,0,user_31,683,699,
10497,88,6100000,0,user_45,680,699,
14963,87,5000001,0,builder_18,697,697,13945
13945,92,5000000,594000,user_43,694,699,
14964,89,5200001,0,builder_18,697,697,13925
13925,95,5200000,285000,user_27,694,699,
14481,99,5200000,0,user_45,696,699,
14757,97,5000000,68100,user_41,697,698,
14965,93,4999999,0,builder_18,697,697,14757
10585,94,5000000,6390,user_38,681,697,
14966,95,4999999,0,builder_18,697,697,10585
10749,96,5000000,0,user_43,682,697,
11226,97,5000000,0,user_45,684,697,
10445,98,5000000,0,user_4,680,697,
10462,99,5000000,0,user_17,680,697,
14205,1,43000000,0,user_38,695,699,
10444,2,43000000,0,user_2,680,699,
14754,0,43000000,0,user_39,697,699,
11448,3,30000000,11200,user_33,685,699,
15232,4,29999999,0,builder_18,698,698,11448
13118,9,30000000,0,user_41,691,699,
11969,8,30000000,0,user_45,687,699,
10484,6,30000000,0,user_34,680,699,
11457,5,30000000,0,user_47,685,699,
11715,7,30000000,0,user_46,686,699,
13929,10,30000000,0,user_32,694,699,
15233,11,27000001,0,builder_18,698,698,12221
12221,12,27000000,779000,user_37,688,699,
14173,24,27000001,0,user_7,695,699,12221
14164,25,27000001,0,user_0,695,699,12221
14171,26,27000001,0,user_5,695,699,12221
14453,15,27000001,0,user_8,696,699,12221
14711,14,27000001,0,user_1,697,699,12221
13075,21,27000001,0,user_0,691,699,12221
13091,22,27000001,0,user_15,691,699,12221
13101,23,27000001,0,user_25,691,699,12221
13653,16,27000001,0,user_10,693,699,12221
12494,18,27000001,0,user_20,689,699,12221
12783,20,27000001,0,user_0,690,699,12221
12796,19,27000001,0,user_11,690,699,12221
13921,17,27000001,0,user_20,694,699,12221
14731,13,27000001,0,user_17,697,699,12221
13115,31,27000000,0,user_38,691,699,
10988,29,27000000,0,user_40,683,699,
10747,28,27000000,0,user_41,682,699,
11455,27,27000000,0,user_46,685,699,
11710,30,27000000,0,user_42,686,699,
14178,41,26999999,0,user_12,695,699,12221
14177,40,26999999,0,user_11,695,699,12221
14719,33,26999999,0,user_7,697,699,12221
13087,37,26999999,0,user_11,691,699,12221
13099,38,26999999,0,user_23,691,699,12221
13380,39,26999999,0,user_14,692,699,12221
13666,34,26999999,0,user_19,693,699,12221
12482,35,26999999,0,user_11,689,699,12221
12785,36,26999999,0,user_0,690,699,12221
10588,46,19000000,13900,user_43,681,699,
15234,42,18999999,0,builder_18,698,698,10588
14488,48,19000000,0,user_49,696,699,
13406,51,19000000,0,user_41,692,699,
11960,50,19000000,0,user_38,687,699,
12830,49,19000000,0,user_45,690,699,
15235,47,73001,0,builder_18,698,698,13117
13117,52,73000,17700000,user_40,691,699,
10450,54,6300000,155000,user_8,680,699,
15236,50,6299999,0,builder_18,698,698,10450
15237,51,6300001,0,builder_18,698,698,10986
10986,57,6300000,146000,user_39,683,699,
11192,58,6300001,0,user_3,684,699,10986
11193,60,6300001,0,user_6,684,699,10450
10473,63,6300001,0,user_23,680,699,10450
10476,64,6300001,0,user_23,680,699,10450
10477,65,6300001,0,user_24,680,699,10450
10572,62,6300001,0,user_25,681,699,10450
10569,61,6300001,0,user_20,681,699,10450
11196,59,6300001,0,user_9,684,699,10986
10478,66,6300001,0,user_25,680,699,10450
13395,75,6300000,0,user_31,692,699,
10973,74,6300000,0,user_29,683,699,
11216,69,6300000,0,user_32,684,699,
10453,71,6300000,0,user_12,680,699,
10456,72,6300000,0,user_15,680,699,
10468,70,6300000,0,user_20,680,699,
10740,73,6300000,0,user_34,682,699,
13693,68,6300000,0,user_47,693,699,
14746,67,6300000,0,user_33,697,699,
11207,77,6299999,0,user_20,684,699,10450
11197,76,6299999,0,user_10,684,699,10450
10474,79,6299999,0,user_23,680,699,10450
10475,80,6299999,0,user_23,680,699,10450
10562,78,6299999,0,user_13,681,699,10450
10725,81,6299999,0,user_18,682,699,10450
10729,82,6299999,0,user_24,682,699,10450
10943,83,6299999,0,user_1,683,699,10450
15238,79,5200001,0,builder_18,698,698,14765
14765,85,5200000,959000,user_46,697,699,
15239,81,6100001,0,builder_18,698,698,12227
12227,87,6100000,8520,user_49,688,699,
10975,90,6100000,0,user_31,683,699,
11001,89,6100000,0,user_44,683,699,
10497,88,6100000,0,user_45,680,699,
13942,91,6100000,0,user_40,694,699,
15240,87,5000001,0,builder_18,698,698,13945
13945,92,5000000,594000,user_43,694,699,
13925,95,5200000,285000,user_27,694,699,
15241,90,5199999,0,builder_18,698,698,13925
14982,96,5200001,0,user_14,698,699,14765
14976,97,5200001,0,user_9,698,699,14765
14481,99,5200000,0,user_45,696,699,
14970,94,5199999,0,user_1,698,698,14765
14974,95,5199999,0,user_7,698,698,14765
14986,96,5199999,0,user_20,698,698,14765
14757,97,5000000,68100,user_41,697,698,
15242,98,4999999,0,builder_18,698,698,14757
15243,99,5000001,0,builder_18,698,698,10585
14754,0,43000000,0,user_39,697,699,
14205,1,43000000,0,user_38,695,699,
10444,2,43000000,0,user_2,680,699,
11448,3,30000000,11200,user_33,685,699,
15498,4,29999999,0,builder_18,699,699,11448
11457,5,30000000,0,user_47,685,699,
10484,6,30000000,0,user_34,680,699,
11715,7,30000000,0,user_46,686,699,
11969,8,30000000,0,user_45,687,699,
13118,9,30000000,0,user_41,691,699,
13929,10,30000000,0,user_32,694,699,
15499,11,27000001,0,builder_18,699,699,12221
12221,12,27000000,779000,user_37,688,699,
14731,13,27000001,0,user_17,697,699,12221
14711,14,27000001,0,user_1,697,699,12221
14453,15,27000001,0,user_8,696,699,12221
13653,16,27000001,0,user_10,693,699,12221
13921,17,27000001,0,user_20,694,699,12221
12494,18,27000001,0,user_20,689,699,12221
12796,19,27000001,0,user_11,690,699,12221
12783,20,27000001,0,user_0,690,699,12221
13075,21,27000001,0,user_0,691,699,12221
13091,22,27000001,0,user_15,691,699,12221
13101,23,27000001,0,user_25,691,699,12221
14173,24,27000001,0,user_7,695,699,12221
14164,25,27000001,0,user_0,695,699,12221
14171,26,27000001,0,user_5,695,699,12221
11455,27,27000000,0,user_46,685,699,
10747,28,27000000,0,user_41,682,699,
10988,29,27000000,0,user_40,683,699,
11710,30,27000000,0,user_42,686,699,
13115,31,27000000,0,user_38,691,699,
15285,32,27000000,0,user_34,699,699,
14719,33,26999999,0,user_7,697,699,12221
13666,34,26999999,0,user_19,693,699,12221
12482,35,26999999,0,user_11,689,699,12221
12785,36,26999999,0,user_0,690,699,12221
13087,37,26999999,0,user_11,691,699,12221
13099,38,26999999,0,user_23,691,699,12221
13380,39,26999999,0,user_14,692,699,12221
14177,40,26999999,0,user_11,695,699,12221
14178,41,26999999,0,user_12,695,699,12221
15256,42,26999999,0,user_9,699,699,12221
15257,43,26999999,0,user_9,699,699,12221
15293,44,19000000,283000,user_42,699,699,
15500,45,18999999,0,builder_18,699,699,15293
10588,46,19000000,13900,user_43,681,699,
15501,47,18999999,0,builder_18,699,699,10588
14488,48,19000000,0,user_49,696,699,
12830,49,19000000,0,user_45,690,699,
11960,50,19000000,0,user_38,687,699,
13406,51,19000000,0,user_41,692,699,
13117,52,73000,17700000,user_40,691,699,
15502,53,72999,0,builder_18,699,699,13117
10450,54,6300000,155000,user_8,680,699,
15503,55,6299999,0,builder_18,699,699,10450
15504,56,6300001,0,builder_18,699,699,10986
10986,57,6300000,146000,user_39,683,699,
11192,58,6300001,0,user_3,684,699,10986
11196,59,6300001,0,user_9,684,699,10986
11193,60,6300001,0,user_6,684,699,10450
10569,61,6300001,0,user_20,681,699,10450
10572,62,6300001,0,user_25,681,699,10450
10473,63,6300001,0,user_23,680,699,10450
10476,64,6300001,0,user_23,680,699,10450
10477,65,6300001,0,user_24,680,699,10450
10478,66,6300001,0,user_25,680,699,10450
14746,67,6300000,0,user_33,697,699,
13693,68,6300000,0,user_47,693,699,
11216,69,6300000,0,user_32,684,699,
10468,70,6300000,0,user_20,680,699,
10453,71,6300000,0,user_12,680,699,
10456,72,6300000,0,user_15,680,699,
10740,73,6300000,0,user_34,682,699,
10973,74,6300000,0,user_29,683,699,
13395,75,6300000,0,user_31,692,699,
11197,76,6299999,0,user_10,684,699,10450
11207,77,6299999,0,user_20,684,699,10450
10562,78,6299999,0,user_13,681,699,10450
10474,79,6299999,0,user_23,680,699,10450
10475,80,6299999,0,user_23,680,699,10450
10725,81,6299999,0,user_18,682,699,10450
10729,82,6299999,0,user_24,682,699,10450
10943,83,6299999,0,user_1,683,699,10450
15505,84,5200001,0,builder_18,699,699,14765
14765,85,5200000,959000,user_46,697,699,
15506,86,6100001,0,builder_18,699,699,12227
12227,87,6100000,8520,user_49,688,699,
10497,88,6100000,0,user_45,680,699,
11001,89,6100000,0,user_44,683,699,
10975,90,6100000,0,user_31,683,699,
13942,91,6100000,0,user_40,694,699,
13945,92,5000000,594000,user_43,694,699,
15507,93,4999999,0,builder_18,699,699,13945
15508,94,5200001,0,builder_18,699,699,13925
13925,95,5200000,285000,user_27,694,699,
14982,96,5200001,0,user_14,698,699,14765
14976,97,5200001,0,user_9,698,699,14765
15245,98,5200001,0,user_3,699,699,14765
14481,99,5200000,0,user_45,696,699,
10444,2,43000000,0,user_2,700,719,
10484,6,30000000,0,user_34,700,719,
10450,54,6300000,155000,user_8,700,719,
10547,3,6299999,0,builder_18,700,700,10450
10473,63,6300001,0,user_23,700,719,10450
10476,64,6300001,0,user_23,700,719,10450
10477,65,6300001,0,user_24,700,719,10450
10478,66,6300001,0,user_25,700,719,10450
10453,71,6300000,0,user_12,700,719,
10468,70,6300000,0,user_20,700,719,
10456,72,6300000,0,user_15,700,719,
10474,79,6299999,0,user_23,700,719,10450
10475,80,6299999,0,user_23,700,719,10450
10497,88,6100000,0,user_45,700,719,
10445,98,5000000,0,user_4,700,717,
10462,99,5000000,0,user_17,700,717,
10448,98,4500000,0,user_6,700,715,
10455,99,2500000,0,user_14,700,712,
10485,92,2500000,0,user_34,700,711,
10465,94,2300000,0,user_17,700,711,
10454,99,2000000,0,user_13,700,710,
10494,94,2000000,0,user_42,700,709,
10548,22,1800001,0,builder_18,700,700,10496
10496,88,1800000,128000,user_44,700,708,
10493,94,1600000,0,user_42,700,706,
10490,92,1500000,0,user_41,700,705,
10460,96,1400000,0,user_16,700,705,
10469,90,1100000,0,user_21,700,704,
10481,92,970000,0,user_32,700,703,
10492,94,910000,0,user_42,700,703,
10461,96,870000,0,user_16,700,703,
10500,99,530000,11200,user_48,700,703,
10549,32,529999,0,builder_18,700,700,10500
10498,81,420000,67500,user_46,700,702,
10550,34,419999,0,builder_18,700,700,10498
10452,83,460000,0,user_10,700,702,
10495,84,460000,0,user_42,700,702,
10551,37,79001,0,builder_18,700,700,10480
10480,62,79000,296000,user_32,700,701,
10443,63,320000,0,user_1,700,701,
10458,64,310000,0,user_16,700,701,
10464,65,300000,0,user_17,700,701,
10491,66,300000,0,user_42,700,701,
10466,67,260000,0,user_18,700,701,
10499,69,220000,0,user_47,700,701,
10447,70,170000,0,user_5,700,701,
10488,72,170000,0,user_39,700,701,
10472,71,170000,0,user_22,700,701,
10457,75,160000,0,user_16,700,701,
10451,79,160000,0,user_9,700,701,
10463,77,160000,0,user_17,700,701,
10489,78,160000,0,user_40,700,701,
10482,76,160000,0,user_32,700,701,
10483,81,130000,0,user_32,700,701,
10459,82,120000,0,user_16,700,701,
10471,83,120000,0,user_22,700,701,
10449,88,87000,0,user_7,700,701,
10470,90,80000,0,user_21,700,701,
10487,89,80000,0,user_37,700,701,
10446,59,73000,0,user_4,700,700,
10444,2,43000000,0,user_2,700,719,
10484,6,30000000,0,user_34,700,719,
10699,2,6300001,0,builder_18,701,701,10450
10450,54,6300000,155000,user_8,700,719,
10473,63,6300001,0,user_23,700,719,10450
10476,64,6300001,0,user_23,700,719,10450
10477,65,6300001,0,user_24,700,719,10450
10478,66,6300001,0,user_25,700,719,10450
10569,61,6300001,0,user_20,701,719,10450
10572,62,6300001,0,user_25,701,719,10450
10453,71,6300000,0,user_12,700,719,
10468,70,6300000,0,user_20,700,719,
10456,72,6300000,0,user_15,700,719,
10474,79,6299999,0,user_23,700,719,10450
10475,80,6299999,0,user_23,700,719,10450
10562,78,6299999,0,user_13,701,719,10450
10497,88,6100000,0,user_45,700,719,
10445,98,5000000,0,user_4,700,717,
10462,99,5000000,0,user_17,700,717,
10448,98,4500000,0,user_6,700,715,
10575,96,3200000,0,user_27,701,713,
10455,99,2500000,0,user_14,700,712,
10485,92,2500000,0,user_34,700,711,
10465,94,2300000,0,user_17,700,711,
10586,91,2100000,0,user_41,701,710,
10454,99,2000000,0,user_13,700,710,
10494,94,2000000,0,user_42,700,709,
10496,88,1800000,128000,user_44,700,708,
10700,28,1799999,0,builder_18,701,701,10496
10565,96,1800001,0,user_16,701,708,10496
10554,97,1799999,0,user_2,701,708,10496
10558,98,1799999,0,user_10,701,708,10496
10566,89,1799999,0,user_17,701,707,10496
10493,94,1600000,0,user_42,700,706,
10579,95,1600000,0,user_33,701,706,
10490,92,1500000,0,user_41,700,705,
10701,36,1400001,0,builder_18,701,701,10580
10580,95,1400000,6390,user_34,701,705,
10460,96,1400000,0,user_16,700,705,
10577,99,1000000,381000,user_29,701,705,
10702,40,999999,0,builder_18,701,701,10577
10469,90,1100000,0,user_21,700,704,
10486,85,1000000,0,user_35,700,703,
10481,92,970000,0,user_32,700,703,
10492,94,910000,0,user_42,700,703,
10578,95,910000,0,user_32,701,703,
10461,96,870000,0,user_16,700,703,
10582,97,630000,0,user_36,701,703,
10500,99,530000,11200,user_48,700,703,
10703,49,529999,0,builder_18,701,701,10500
10563,77,530001,0,user_14,701,702,10500
10571,78,530001,0,user_24,701,702,10500
10567,79,529999,0,user_18,701,702,10500
10704,53,420001,0,builder_18,701,701,10498
10498,81,420000,67500,user_46,700,702,
10452,83,460000,0,user_10,700,702,
10495,84,460000,0,user_42,700,702,
10564,85,420001,0,user_15,701,702,10498
10573,86,420001,0,user_26,701,702,10498
10705,59,340001,0,builder_18,701,701,10589
10589,60,340000,60700,user_47,701,701,
10706,61,79001,0,builder_18,701,701,10480
10480,62,79000,296000,user_32,700,701,
10443,63,320000,0,user_1,700,701,
10458,64,310000,0,user_16,700,701,
10464,65,300000,0,user_17,700,701,
10491,66,300000,0,user_42,700,701,
10466,67,260000,0,user_18,700,701,
10504,68,240000,0,user_49,700,701,
10499,69,220000,0,user_47,700,701,
10447,70,170000,0,user_5,700,701,
10472,71,170000,0,user_22,700,701,
10488,72,170000,0,user_39,700,701,
10501,73,170000,0,user_49,700,701,
10479,74,160000,0,user_28,700,701,
10457,75,160000,0,user_16,700,701,
10482,76,160000,0,user_32,700,701,
10463,77,160000,0,user_17,700,701,
10489,78,160000,0,user_40,700,701,
10451,79,160000,0,user_9,700,701,
10505,80,150000,0,user_49,700,701,
10483,81,130000,0,user_32,700,701,
10459,82,120000,0,user_16,700,701,
10471,83,120000,0,user_22,700,701,
10502,84,120000,0,user_49,700,701,
10584,85,120000,0,user_37,701,701,
10574,86,110000,0,user_27,701,701,
10583,87,98000,0,user_36,701,701,
10449,88,87000,0,user_7,700,701,
10487,89,80000,0,user_37,700,701,
10470,90,80000,0,user_21,700,701,
10555,91,79001,0,user_3,701,701,10480
10561,92,79001,0,user_11,701,701,10480
10557,93,79001,0,user_10,701,701,10480
10552,94,78999,0,user_1,701,701,10480
10553,95,78999,0,user_2,701,701,10480
10560,96,78999,0,user_11,701,701,10480
10559,97,78999,0,user_10,701,701,10480
10570,98,78999,0,user_21,701,701,10480
10556,99,78999,0,user_9,701,701,10480
10444,2,43000000,0,user_2,700,719,
10484,6,30000000,0,user_34,700,719,
10747,28,27000000,0,user_41,702,719,
10915,3,19000001,0,builder_16,702,702,10588
10588,46,19000000,13900,user_43,701,719,
10916,5,6300001,0,builder_16,702,702,10450
10450,54,6300000,155000,user_8,700,719,
10473,63,6300001,0,user_23,700,719,10450
10476,64,6300001,0,user_23,700,719,10450
10477,65,6300001,0,user_24,700,719,10450
10478,66,6300001,0,user_25,700,719,10450
10569,61,6300001,0,user_20,701,719,10450
10572,62,6300001,0,user_25,701,719,10450
10453,71,6300000,0,user_12,700,719,
10468,70,6300000,0,user_20,700,719,
10456,72,6300000,0,user_15,700,719,
10740,73,6300000,0,user_34,702,719,
10474,79,6299999,0,user_23,700,719,10450
10475,80,6299999,0,user_23,700,719,10450
10562,78,6299999,0,user_13,701,719,10450
10725,81,6299999,0,user_18,702,719,10450
10729,82,6299999,0,user_24,702,719,10450
10497,88,6100000,0,user_45,700,719,
10917,23,5000001,0,builder_16,702,702,10585
10585,94,5000000,6390,user_38,701,717,
10445,98,5000000,0,user_4,700,717,
10462,99,5000000,0,user_17,700,717,
10748,88,5000000,0,user_41,702,716,
10742,87,5000000,0,user_36,702,716,
10448,98,4500000,0,user_6,700,715,
10576,97,4500000,0,user_28,701,715,
10575,96,3200000,0,user_27,701,713,
10455,99,2500000,0,user_14,700,712,
10485,92,2500000,0,user_34,700,711,
10465,94,2300000,0,user_17,700,711,
10586,91,2100000,0,user_41,701,710,
10454,99,2000000,0,user_13,700,710,
10494,94,2000000,0,user_42,700,709,
10737,95,2000000,0,user_32,702,709,
10496,88,1800000,128000,user_44,700,708,
10918,40,1799999,0,builder_16,702,702,10496
10565,96,1800001,0,user_16,701,708,10496
10732,95,1800001,0,user_26,702,708,10496
10554,97,1799999,0,user_2,701,708,10496
10558,98,1799999,0,user_10,701,708,10496
10566,89,1799999,0,user_17,701,707,10496
10710,99,1799999,0,user_2,702,708,10496
10493,94,1600000,0,user_42,700,706,
10579,95,1600000,0,user_33,701,706,
10754,96,1600000,0,user_46,702,706,
10490,92,1500000,0,user_41,700,705,
10739,91,1500000,0,user_32,702,705,
10919,52,1400001,0,builder_16,702,702,10580
10580,95,1400000,6390,user_34,701,705,
10460,96,1400000,0,user_16,700,705,
10577,99,1000000,381000,user_29,701,705,
10920,56,999999,0,builder_16,702,702,10577
10469,90,1100000,0,user_21,700,704,
10590,89,1100000,0,user_49,701,704,
10711,95,1000001,0,user_3,702,704,10577
10722,96,1000001,0,user_14,702,704,10577
10727,98,1000001,0,user_22,702,704,10577
10721,94,1000001,0,user_13,702,704,10577
10726,97,1000001,0,user_21,702,704,10577
10486,85,1000000,0,user_35,700,703,
10587,86,1000000,0,user_43,701,703,
10716,88,999999,0,user_9,702,703,10577
10718,87,999999,0,user_10,702,703,10577
10723,89,999999,0,user_15,702,703,10577
10481,92,970000,0,user_32,700,703,
10492,94,910000,0,user_42,700,703,
10578,95,910000,0,user_32,701,703,
10461,96,870000,0,user_16,700,703,
10582,97,630000,0,user_36,701,703,
10753,98,600000,0,user_46,702,703,
10921,75,530001,0,builder_16,702,702,10500
10500,99,530000,11200,user_48,700,703,
10563,77,530001,0,user_14,701,702,10500
10571,78,530001,0,user_24,701,702,10500
10567,79,529999,0,user_18,701,702,10500
10922,80,420001,0,builder_16,702,702,10498
10498,81,420000,67500,user_46,700,702,
10750,82,470000,0,user_45,702,702,
10452,83,460000,0,user_10,700,702,
10495,84,460000,0,user_42,700,702,
10564,85,420001,0,user_15,701,702,10498
10573,86,420001,0,user_26,701,702,10498
10730,87,420001,0,user_24,702,702,10498
10568,88,419999,0,user_19,701,702,10498
10712,89,419999,0,user_4,702,702,10498
10717,90,419999,0,user_9,702,702,10498
10708,91,419999,0,user_2,702,702,10498
10709,92,419999,0,user_2,702,702,10498
10719,93,419999,0,user_11,702,702,10498
10713,94,419999,0,user_6,702,702,10498
10724,95,419999,0,user_17,702,702,10498
10715,96,419999,0,user_7,702,702,10498
10728,97,419999,0,user_23,702,702,10498
10731,98,419999,0,user_24,702,702,10498
10923,99,340001,0,builder_16,702,702,10589
10444,2,43000000,0,user_2,700,719,
10484,6,30000000,0,user_34,700,719,
10747,28,27000000,0,user_41,702,719,
10988,29,27000000,0,user_40,703,719,
11161,4,19000001,0,builder_16,703,703,10588
10588,46,19000000,13900,user_43,701,719,
10450,54,6300000,155000,user_8,700,719,
11162,7,6299999,0,builder_16,703,703,10450
11163,8,6300001,0,builder_16,703,703,10986
10986,57,6300000,146000,user_39,703,719,
10473,63,6300001,0,user_23,700,719,10450
10476,64,6300001,0,user_23,700,719,10450
10477,65,6300001,0,user_24,700,719,10450
10478,66,6300001,0,user_25,700,719,10450
10569,61,6300001,0,user_20,701,719,10450
10572,62,6300001,0,user_25,701,719,10450
10453,71,6300000,0,user_12,700,719,
10468,70,6300000,0,user_20,700,719,
10456,72,6300000,0,user_15,700,719,
10740,73,6300000,0,user_34,702,719,
10973,74,6300000,0,user_29,703,719,
10474,79,6299999,0,user_23,700,719,10450
10475,80,6299999,0,user_23,700,719,10450
10562,78,6299999,0,user_13,701,719,10450
10725,81,6299999,0,user_18,702,719,10450
10943,83,6299999,0,user_1,703,719,10450
10729,82,6299999,0,user_24,702,719,10450
10497,88,6100000,0,user_45,700,719,
11001,89,6100000,0,user_44,703,719,
10585,94,5000000,6390,user_38,701,717,
11164,30,4999999,0,builder_16,703,703,10585
10445,98,5000000,0,user_4,700,717,
10462,99,5000000,0,user_17,700,717,
10749,96,5000000,0,user_43,702,717,
10742,87,5000000,0,user_36,702,716,
10748,88,5000000,0,user_41,702,716,
10448,98,4500000,0,user_6,700,715,
10576,97,4500000,0,user_28,701,715,
10575,96,3200000,0,user_27,701,713,
10455,99,2500000,0,user_14,700,712,
10485,92,2500000,0,user_34,700,711,
10465,94,2300000,0,user_17,700,711,
10984,95,2300000,0,user_37,703,711,
10586,91,2100000,0,user_41,701,710,
10733,93,2000000,49100,user_27,702,710,
11165,45,1999999,0,builder_16,703,703,10733
10454,99,2000000,0,user_13,700,710,
10494,94,2000000,0,user_42,700,709,
10737,95,2000000,0,user_32,702,709,
11000,95,2000000,0,user_44,703,710,
10991,96,2000000,0,user_40,703,710,
10996,97,2000000,0,user_41,703,710,
10496,88,1800000,128000,user_44,700,708,
11166,53,1799999,0,builder_16,703,703,10496
10995,90,1900000,0,user_41,703,708,
10565,96,1800001,0,user_16,701,708,10496
10732,95,1800001,0,user_26,702,708,10496
10554,97,1799999,0,user_2,701,708,10496
10558,98,1799999,0,user_10,701,708,10496
10566,89,1799999,0,user_17,701,707,10496
10710,99,1799999,0,user_2,702,708,10496
10947,92,1799999,0,user_6,703,707,10496
10493,94,1600000,0,user_42,700,706,
10579,95,1600000,0,user_33,701,706,
10754,96,1600000,0,user_46,702,706,
10490,92,1500000,0,user_41,700,705,
10739,91,1500000,0,user_32,702,705,
10994,93,1500000,0,user_41,703,705,
11167,68,1400001,0,builder_16,703,703,10580
10580,95,1400000,6390,user_34,701,705,
10460,96,1400000,0,user_16,700,705,
10577,99,1000000,381000,user_29,701,705,
11168,72,999999,0,builder_16,703,703,10577
10997,83,1300000,0,user_41,703,704,
10469,90,1100000,0,user_21,700,704,
10590,89,1100000,0,user_49,701,704,
10989,91,1100000,0,user_40,703,704,
11169,77,1000001,0,builder_16,703,703,10980
10980,93,1000000,15700,user_33,703,704,
10711,95,1000001,0,user_3,702,704,10577
10722,96,1000001,0,user_14,702,704,10577
10726,97,1000001,0,user_21,702,704,10577
10721,94,1000001,0,user_13,702,704,10577
10727,98,1000001,0,user_22,702,704,10577
10945,99,1000001,0,user_3,703,704,10577
10486,85,1000000,0,user_35,700,703,
10587,86,1000000,0,user_43,701,703,
10718,87,999999,0,user_10,702,703,10577
10716,88,999999,0,user_9,702,703,10577
10723,89,999999,0,user_15,702,703,10577
10955,90,999999,0,user_11,703,703,10577
10957,91,999999,0,user_12,703,703,10577
10481,92,970000,0,user_32,700,703,
10744,93,970000,0,user_38,702,703,
10492,94,910000,0,user_42,700,703,
10578,95,910000,0,user_32,701,703,
10461,96,870000,0,user_16,700,703,
10582,97,630000,0,user_36,701,703,
10753,98,600000,0,user_46,702,703,
10500,99,530000,11200,user_48,700,703,
10444,2,43000000,0,user_2,700,719,
10484,6,30000000,0,user_34,700,719,
10747,28,27000000,0,user_41,702,719,
10988,29,27000000,0,user_40,703,719,
11383,4,19000001,0,builder_16,704,704,10588
10588,46,19000000,13900,user_43,701,719,
11384,6,6300001,0,builder_16,704,704,10450
10450,54,6300000,155000,user_8,700,719,
10569,61,6300001,0,user_20,701,719,10450
10572,62,6300001,0,user_25,701,719,10450
10473,63,6300001,0,user_23,700,719,10450
10476,64,6300001,0,user_23,700,719,10450
10477,65,6300001,0,user_24,700,719,10450
10478,66,6300001,0,user_25,700,719,10450
11196,59,6300001,0,user_9,704,719,10986
11192,58,6300001,0,user_3,704,719,10986
11193,60,6300001,0,user_6,704,719,10450
10468,70,6300000,0,user_20,700,719,
10453,71,6300000,0,user_12,700,719,
10456,72,6300000,0,user_15,700,719,
10740,73,6300000,0,user_34,702,719,
10973,74,6300000,0,user_29,703,719,
11216,69,6300000,0,user_32,704,719,
10562,78,6299999,0,user_13,701,719,10450
10474,79,6299999,0,user_23,700,719,10450
10475,80,6299999,0,user_23,700,719,10450
10725,81,6299999,0,user_18,702,719,10450
10729,82,6299999,0,user_24,702,719,10450
10943,83,6299999,0,user_1,703,719,10450
11197,76,6299999,0,user_10,704,719,10450
11207,77,6299999,0,user_20,704,719,10450
10497,88,6100000,0,user_45,700,719,
11001,89,6100000,0,user_44,703,719,
10975,90,6100000,0,user_31,703,719,
11385,34,5000001,0,builder_16,704,704,10585
10585,94,5000000,6390,user_38,701,717,
10445,98,5000000,0,user_4,700,717,
10462,99,5000000,0,user_17,700,717,
10748,88,5000000,0,user_41,702,716,
10742,87,5000000,0,user_36,702,716,
10749,96,5000000,0,user_43,702,717,
11226,97,5000000,0,user_45,704,717,
10576,97,4500000,0,user_28,701,715,
10448,98,4500000,0,user_6,700,715,
10575,96,3200000,0,user_27,701,713,
10455,99,2500000,0,user_14,700,712,
10485,92,2500000,0,user_34,700,711,
10465,94,2300000,0,user_17,700,711,
10984,95,2300000,0,user_37,703,711,
11386,49,1200001,0,builder_16,704,704,10985
10985,98,1200000,959000,user_38,703,711,
10586,91,2100000,0,user_41,701,710,
10733,93,2000000,49100,user_27,702,710,
11387,53,1999999,0,builder_16,704,704,10733
10454,99,2000000,0,user_13,700,710,
10494,94,2000000,0,user_42,700,709,
10737,95,2000000,0,user_32,702,709,
11000,95,2000000,0,user_44,703,710,
10991,96,2000000,0,user_40,703,710,
10996,97,2000000,0,user_41,703,710,
10496,88,1800000,128000,user_44,700,708,
11388,61,1799999,0,builder_16,704,704,10496
10995,90,1900000,0,user_41,703,708,
11227,91,1600000,256000,user_46,704,708,
11389,64,1599999,0,builder_16,704,704,11227
10565,96,1800001,0,user_16,701,708,10496
10732,95,1800001,0,user_26,702,708,10496
10558,98,1799999,0,user_10,701,708,10496
10566,89,1799999,0,user_17,701,707,10496
10710,99,1799999,0,user_2,702,708,10496
10554,97,1799999,0,user_2,701,708,10496
10947,92,1799999,0,user_6,703,707,10496
10579,95,1600000,0,user_33,701,706,
10493,94,1600000,0,user_42,700,706,
10754,96,1600000,0,user_46,702,706,
10490,92,1500000,0,user_41,700,705,
10739,91,1500000,0,user_32,702,705,
10994,93,1500000,0,user_41,703,705,
11390,78,1400001,0,builder_16,704,704,10580
10580,95,1400000,6390,user_34,701,705,
10460,96,1400000,0,user_16,700,705,
11391,81,1000001,0,builder_16,704,704,10577
10577,99,1000000,381000,user_29,701,705,
10997,83,1300000,0,user_41,703,704,
11199,84,1200001,0,user_11,704,704,10985
11201,85,1200001,0,user_14,704,704,10985
11200,86,1200001,0,user_12,704,704,10985
11209,87,1199999,0,user_22,704,704,10985
11203,88,1199999,0,user_17,704,704,10985
10590,89,1100000,0,user_49,701,704,
10469,90,1100000,0,user_21,700,704,
10989,91,1100000,0,user_40,703,704,
11392,92,1000001,0,builder_16,704,704,10980
10980,93,1000000,15700,user_33,703,704,
10721,94,1000001,0,user_13,702,704,10577
10711,95,1000001,0,user_3,702,704,10577
10722,96,1000001,0,user_14,702,704,10577
10726,97,1000001,0,user_21,702,704,10577
10727,98,1000001,0,user_22,702,704,10577
10945,99,1000001,0,user_3,703,704,10577
10444,2,43000000,0,user_2,700,719,
11448,3,30000000,11200,user_33,705,719,
11638,2,29999999,0,builder_16,705,705,11448
10484,6,30000000,0,user_34,700,719,
11457,5,30000000,0,user_47,705,719,
10747,28,27000000,0,user_41,702,719,
10988,29,27000000,0,user_40,703,719,
11455,27,27000000,0,user_46,705,719,
11639,8,19000001,0,builder_16,705,705,10588
10588,46,19000000,13900,user_43,701,719,
10450,54,6300000,155000,user_8,700,719,
11640,11,6299999,0,builder_16,705,705,10450
11641,12,6300001,0,builder_16,705,705,10986
10986,57,6300000,146000,user_39,703,719,
10572,62,6300001,0,user_25,701,719,10450
10569,61,6300001,0,user_20,701,719,10450
10473,63,6300001,0,user_23,700,719,10450
10476,64,6300001,0,user_23,700,719,10450
10478,66,6300001,0,user_25,700,719,10450
10477,65,6300001,0,user_24,700,719,10450
11192,58,6300001,0,user_3,704,719,10986
11196,59,6300001,0,user_9,704,719,10986
11193,60,6300001,0,user_6,704,719,10450
10740,73,6300000,0,user_34,702,719,
10468,70,6300000,0,user_20,700,719,
10453,71,6300000,0,user_12,700,719,
10456,72,6300000,0,user_15,700,719,
10973,74,6300000,0,user_29,703,719,
11216,69,6300000,0,user_32,704,719,
10725,81,6299999,0,user_18,702,719,10450
10729,82,6299999,0,user_24,702,719,10450
10943,83,6299999,0,user_1,703,719,10450
10562,78,6299999,0,user_13,701,719,10450
10474,79,6299999,0,user_23,700,719,10450
10475,80,6299999,0,user_23,700,719,10450
11197,76,6299999,0,user_10,704,719,10450
11207,77,6299999,0,user_20,704,719,10450
11001,89,6100000,0,user_44,703,719,
10497,88,6100000,0,user_45,700,719,
10975,90,6100000,0,user_31,703,719,
11642,40,5000001,0,builder_16,705,705,10585
10585,94,5000000,6390,user_38,701,717,
10742,87,5000000,0,user_36,702,716,
10748,88,5000000,0,user_41,702,716,
10749,96,5000000,0,user_43,702,717,
10445,98,5000000,0,user_4,700,717,
10462,99,5000000,0,user_17,700,717,
11226,97,5000000,0,user_45,704,717,
11456,96,4500000,121000,user_46,705,716,
11643,49,4499999,0,builder_16,705,705,11456
10448,98,4500000,0,user_6,700,715,
10576,97,4500000,0,user_28,701,715,
11213,96,4200000,0,user_31,704,714,
10575,96,3200000,0,user_27,701,713,
10455,99,2500000,0,user_14,700,712,
10485,92,2500000,0,user_34,700,711,
11454,98,2500000,0,user_40,705,712,
10984,95,2300000,0,user_37,703,711,
10465,94,2300000,0,user_17,700,711,
11644,59,1200001,0,builder_16,705,705,10985
10985,98,1200000,959000,user_38,703,711,
10586,91,2100000,0,user_41,701,710,
11645,62,2000001,0,builder_16,705,705,10733
10733,93,2000000,49100,user_27,702,710,
10737,95,2000000,0,user_32,702,709,
11000,95,2000000,0,user_44,703,710,
10454,99,2000000,0,user_13,700,710,
10494,94,2000000,0,user_42,700,709,
10991,96,2000000,0,user_40,703,710,
10996,97,2000000,0,user_41,703,710,
11214,98,2000000,0,user_31,704,710,
10496,88,1800000,128000,user_44,700,708,
11646,72,1799999,0,builder_16,705,705,10496
10995,90,1900000,0,user_41,703,708,
11227,91,1600000,256000,user_46,704,708,
11647,75,1599999,0,builder_16,705,705,11227
10732,95,1800001,0,user_26,702,708,10496
10565,96,1800001,0,user_16,701,708,10496
10554,97,1799999,0,user_2,701,708,10496
10558,98,1799999,0,user_10,701,708,10496
10710,99,1799999,0,user_2,702,708,10496
10566,89,1799999,0,user_17,701,707,10496
10947,92,1799999,0,user_6,703,707,10496
11450,93,1600000,39400,user_36,705,707,
11648,84,1599999,0,builder_16,705,705,11450
11430,96,1600001,0,user_15,705,707,11227
11431,95,1600001,0,user_18,705,707,11227
10754,96,1600000,0,user_46,702,706,
10579,95,1600000,0,user_33,701,706,
10493,94,1600000,0,user_42,700,706,
11437,98,1599999,0,user_21,705,706,11227
10739,91,1500000,0,user_32,702,705,
10490,92,1500000,0,user_41,700,705,
10994,93,1500000,0,user_41,703,705,
11649,94,1400001,0,builder_16,705,705,10580
10580,95,1400000,6390,user_34,701,705,
10460,96,1400000,0,user_16,700,705,
11212,97,1400000,0,user_27,704,705,
11650,98,1000001,0,builder_16,705,705,10577
10577,99,1000000,381000,user_29,701,705,
10444,2,43000000,0,user_2,700,719,
11448,3,30000000,11200,user_33,705,719,
11895,2,29999999,0,builder_16,706,706,11448
10484,6,30000000,0,user_34,700,719,
11457,5,30000000,0,user_47,705,719,
11715,7,30000000,0,user_46,706,719,
10988,29,27000000,0,user_40,703,719,
10747,28,27000000,0,user_41,702,719,
11455,27,27000000,0,user_46,705,719,
11710,30,27000000,0,user_42,706,719,
10588,46,19000000,13900,user_43,701,719,
11896,11,18999999,0,builder_16,706,706,10588
11897,12,6300001,0,builder_16,706,706,10450
10450,54,6300000,155000,user_8,700,719,
11898,14,6300001,0,builder_16,706,706,10986
10986,57,6300000,146000,user_39,703,719,
10473,63,6300001,0,user_23,700,719,10450
10476,64,6300001,0,user_23,700,719,10450
10477,65,6300001,0,user_24,700,719,10450
10478,66,6300001,0,user_25,700,719,10450
10569,61,6300001,0,user_20,701,719,10450
10572,62,6300001,0,user_25,701,719,10450
11192,58,6300001,0,user_3,704,719,10986
11193,60,6300001,0,user_6,704,719,10450
11196,59,6300001,0,user_9,704,719,10986
10973,74,6300000,0,user_29,703,719,
10453,71,6300000,0,user_12,700,719,
10468,70,6300000,0,user_20,700,719,
10456,72,6300000,0,user_15,700,719,
10740,73,6300000,0,user_34,702,719,
11216,69,6300000,0,user_32,704,719,
10943,83,6299999,0,user_1,703,719,10450
11197,76,6299999,0,user_10,704,719,10450
11207,77,6299999,0,user_20,704,719,10450
10474,79,6299999,0,user_23,700,719,10450
10475,80,6299999,0,user_23,700,719,10450
10562,78,6299999,0,user_13,701,719,10450
10725,81,6299999,0,user_18,702,719,10450
10729,82,6299999,0,user_24,702,719,10450
11001,89,6100000,0,user_44,703,719,
10975,90,6100000,0,user_31,703,719,
10497,88,6100000,0,user_45,700,719,
10585,94,5000000,6390,user_38,701,717,
11899,43,4999999,0,builder_16,706,706,10585
10749,96,5000000,0,user_43,702,717,
11226,97,5000000,0,user_45,704,717,
10445,98,5000000,0,user_4,700,717,
10462,99,5000000,0,user_17,700,717,
10742,87,5000000,0,user_36,702,716,
10748,88,5000000,0,user_41,702,716,
11709,86,5000000,0,user_40,706,716,
11900,51,4500001,0,builder_16,706,706,11456
11456,96,4500000,121000,user_46,705,716,
10448,98,4500000,0,user_6,700,715,
10576,97,4500000,0,user_28,701,715,
11446,96,4500000,0,user_31,705,715,
11213,96,4200000,0,user_31,704,714,
10575,96,3200000,0,user_27,701,713,
11716,93,2600000,0,user_47,706,712,
10455,99,2500000,0,user_14,700,712,
10485,92,2500000,0,user_34,700,711,
11454,98,2500000,0,user_40,705,712,
10984,95,2300000,0,user_37,703,711,
10465,94,2300000,0,user_17,700,711,
10985,98,1200000,959000,user_38,703,711,
11901,65,1199999,0,builder_16,706,706,10985
10586,91,2100000,0,user_41,701,710,
10733,93,2000000,49100,user_27,702,710,
11902,68,1999999,0,builder_16,706,706,10733
11000,95,2000000,0,user_44,703,710,
10991,96,2000000,0,user_40,703,710,
10996,97,2000000,0,user_41,703,710,
10454,99,2000000,0,user_13,700,710,
10494,94,2000000,0,user_42,700,709,
10737,95,2000000,0,user_32,702,709,
11214,98,2000000,0,user_31,704,710,
11903,76,1800001,0,builder_16,706,706,10496
10496,88,1800000,128000,user_44,700,708,
10995,90,1900000,0,user_41,703,708,
11227,91,1600000,256000,user_46,704,708,
11904,80,1599999,0,builder_16,706,706,11227
10565,96,1800001,0,user_16,701,708,10496
10732,95,1800001,0,user_26,702,708,10496
10947,92,1799999,0,user_6,703,707,10496
10554,97,1799999,0,user_2,701,708,10496
10558,98,1799999,0,user_10,701,708,10496
10566,89,1799999,0,user_17,701,707,10496
10710,99,1799999,0,user_2,702,708,10496
11905,88,1600001,0,builder_16,706,706,11450
11450,93,1600000,39400,user_36,705,707,
11430,96,1600001,0,user_15,705,707,11227
11431,95,1600001,0,user_18,705,707,11227
11679,97,1600001,0,user_1,706,707,11227
11688,98,1600001,0,user_11,706,707,11227
10493,94,1600000,0,user_42,700,706,
10579,95,1600000,0,user_33,701,706,
10754,96,1600000,0,user_46,702,706,
11704,97,1600000,0,user_29,706,706,
11437,98,1599999,0,user_21,705,706,11227
11433,99,1599999,0,user_19,705,706,11227
10444,2,43000000,0,user_2,700,719,
11448,3,30000000,11200,user_33,705,719,
12166,2,29999999,0,builder_18,707,707,11448
11457,5,30000000,0,user_47,705,719,
10484,6,30000000,0,user_34,700,719,
11715,7,30000000,0,user_46,706,719,
11969,8,30000000,0,user_45,707,719,
11455,27,27000000,0,user_46,705,719,
10747,28,27000000,0,user_41,702,719,
10988,29,27000000,0,user_40,703,719,
11710,30,27000000,0,user_42,706,719,
10588,46,19000000,13900,user_43,701,719,
12167,12,18999999,0,builder_18,707,707,10588
12168,13,6300001,0,builder_18,707,707,10450
10450,54,6300000,155000,user_8,700,719,
12169,15,6300001,0,builder_18,707,707,10986
10986,57,6300000,146000,user_39,703,719,
11192,58,6300001,0,user_3,704,719,10986
11196,59,6300001,0,user_9,704,719,10986
11193,60,6300001,0,user_6,704,719,10450
10569,61,6300001,0,user_20,701,719,10450
10572,62,6300001,0,user_25,701,719,10450
10473,63,6300001,0,user_23,700,719,10450
10476,64,6300001,0,user_23,700,719,10450
10477,65,6300001,0,user_24,700,719,10450
10478,66,6300001,0,user_25,700,719,10450
11216,69,6300000,0,user_32,704,719,
10468,70,6300000,0,user_20,700,719,
10453,71,6300000,0,user_12,700,719,
10456,72,6300000,0,user_15,700,719,
10740,73,6300000,0,user_34,702,719,
10973,74,6300000,0,user_29,703,719,
11197,76,6299999,0,user_10,704,719,10450
11207,77,6299999,0,user_20,704,719,10450
10562,78,6299999,0,user_13,701,719,10450
10474,79,6299999,0,user_23,700,719,10450
10475,80,6299999,0,user_23,700,719,10450
10725,81,6299999,0,user_18,702,719,10450
10729,82,6299999,0,user_24,702,719,10450
10943,83,6299999,0,user_1,703,719,10450
10497,88,6100000,0,user_45,700,719,
11001,89,6100000,0,user_44,703,719,
10975,90,6100000,0,user_31,703,719,
12170,43,5000001,0,builder_18,707,707,10585
10585,94,5000000,6390,user_38,701,717,
11226,97,5000000,0,user_45,704,717,
10445,98,5000000,0,user_4,700,717,
10462,99,5000000,0,user_17,700,717,
10748,88,5000000,0,user_41,702,716,
10742,87,5000000,0,user_36,702,716,
10749,96,5000000,0,user_43,702,717,
11709,86,5000000,0,user_40,706,716,
11456,96,4500000,121000,user_46,705,716,
12171,53,4499999,0,builder_18,707,707,11456
11446,96,4500000,0,user_31,705,715,
10576,97,4500000,0,user_28,701,715,
10448,98,4500000,0,user_6,700,715,
11213,96,4200000,0,user_31,704,714,
10575,96,3200000,0,user_27,701,713,
11959,95,3200000,0,user_36,707,713,
11716,93,2600000,0,user_47,706,712,
11954,99,2600000,0,user_33,707,713,
11454,98,2500000,0,user_40,705,712,
10455,99,2500000,0,user_14,700,712,
10485,92,2500000,0,user_34,700,711,
10465,94,2300000,0,user_17,700,711,
10984,95,2300000,0,user_37,703,711,
10985,98,1200000,959000,user_38,703,711,
12172,68,1199999,0,builder_18,707,707,10985
10586,91,2100000,0,user_41,701,710,
12173,70,2000001,0,builder_18,707,707,10733
10733,93,2000000,49100,user_27,702,710,
11214,98,2000000,0,user_31,704,710,
10454,99,2000000,0,user_13,700,710,
10494,94,2000000,0,user_42,700,709,
10737,95,2000000,0,user_32,702,709,
11000,95,2000000,0,user_44,703,710,
10991,96,2000000,0,user_40,703,710,
10996,97,2000000,0,user_41,703,710,
12174,79,1800001,0,builder_18,707,707,10496
10496,88,1800000,128000,user_44,700,708,
10995,90,1900000,0,user_41,703,708,
12175,82,1600001,0,builder_18,707,707,11227
11227,91,1600000,256000,user_46,704,708,
12176,84,1300001,0,builder_18,707,707,11955
11955,94,1300000,510000,user_34,707,708,
10565,96,1800001,0,user_16,701,708,10496
10732,95,1800001,0,user_26,702,708,10496
10558,98,1799999,0,user_10,701,708,10496
10566,89,1799999,0,user_17,701,707,10496
10710,99,1799999,0,user_2,702,708,10496
10554,97,1799999,0,user_2,701,708,10496
10947,92,1799999,0,user_6,703,707,10496
11450,93,1600000,39400,user_36,705,707,
12177,94,1599999,0,builder_18,707,707,11450
11431,95,1600001,0,user_18,705,707,11227
11430,96,1600001,0,user_15,705,707,11227
11679,97,1600001,0,user_1,706,707,11227
11688,98,1600001,0,user_11,706,707,11227
11930,99,1600001,0,user_4,707,707,11227
10444,2,43000000,0,user_2,700,719,
11448,3,30000000,11200,user_33,705,719,
12451,2,29999999,0,builder_18,708,708,11448
11457,5,30000000,0,user_47,705,719,
11715,7,30000000,0,user_46,706,719,
11969,8,30000000,0,user_45,707,719,
10484,6,30000000,0,user_34,700,719,
12221,12,27000000,779000,user_37,708,719,
12452,8,26999999,0,builder_18,708,708,12221
11455,27,27000000,0,user_46,705,719,
11710,30,27000000,0,user_42,706,719,
10747,28,27000000,0,user_41,702,719,
10988,29,27000000,0,user_40,703,719,
10588,46,19000000,13900,user_43,701,719,
12453,14,18999999,0,builder_18,708,708,10588
11960,50,19000000,0,user_38,707,719,
12454,16,6300001,0,builder_18,708,708,10450
10450,54,6300000,155000,user_8,700,719,
10986,57,6300000,146000,user_39,703,719,
12455,19,6299999,0,builder_18,708,708,10986
10572,62,6300001,0,user_25,701,719,10450
10569,61,6300001,0,user_20,701,719,10450
10473,63,6300001,0,user_23,700,719,10450
10476,64,6300001,0,user_23,700,719,10450
10478,66,6300001,0,user_25,700,719,10450
10477,65,6300001,0,user_24,700,719,10450
11192,58,6300001,0,user_3,704,719,10986
11196,59,6300001,0,user_9,704,719,10986
11193,60,6300001,0,user_6,704,719,10450
10740,73,6300000,0,user_34,702,719,
10468,70,6300000,0,user_20,700,719,
10453,71,6300000,0,user_12,700,719,
10456,72,6300000,0,user_15,700,719,
10973,74,6300000,0,user_29,703,719,
11216,69,6300000,0,user_32,704,719,
10725,81,6299999,0,user_18,702,719,10450
10729,82,6299999,0,user_24,702,719,10450
10943,83,6299999,0,user_1,703,719,10450
10562,78,6299999,0,user_13,701,719,10450
10474,79,6299999,0,user_23,700,719,10450
10475,80,6299999,0,user_23,700,719,10450
11197,76,6299999,0,user_10,704,719,10450
11207,77,6299999,0,user_20,704,719,10450
11001,89,6100000,0,user_44,703,719,
10497,88,6100000,0,user_45,700,719,
10975,90,6100000,0,user_31,703,719,
10585,94,5000000,6390,user_38,701,717,
12456,47,4999999,0,builder_18,708,708,10585
11709,86,5000000,0,user_40,706,716,
10742,87,5000000,0,user_36,702,716,
10748,88,5000000,0,user_41,702,716,
10749,96,5000000,0,user_43,702,717,
10445,98,5000000,0,user_4,700,717,
10462,99,5000000,0,user_17,700,717,
11226,97,5000000,0,user_45,704,717,
11456,96,4500000,121000,user_46,705,716,
12457,56,4499999,0,builder_18,708,708,11456
11446,96,4500000,0,user_31,705,715,
10448,98,4500000,0,user_6,700,715,
10576,97,4500000,0,user_28,701,715,
11213,96,4200000,0,user_31,704,714,
12220,94,4200000,0,user_37,708,714,
12215,95,4200000,0,user_30,708,714,
11949,94,3500000,0,user_28,707,713,
10575,96,3200000,0,user_27,701,713,
11959,95,3200000,0,user_36,707,713,
11716,93,2600000,0,user_47,706,712,
11954,99,2600000,0,user_33,707,713,
11454,98,2500000,0,user_40,705,712,
10455,99,2500000,0,user_14,700,712,
10485,92,2500000,0,user_34,700,711,
10984,95,2300000,0,user_37,703,711,
10465,94,2300000,0,user_17,700,711,
12226,96,2300000,0,user_48,708,711,
12458,74,1200001,0,builder_18,708,708,10985
10985,98,1200000,959000,user_38,703,711,
12459,76,2100001,0,builder_18,708,708,11967
11967,99,2100000,33300,user_43,707,711,
10586,91,2100000,0,user_41,701,710,
10733,93,2000000,49100,user_27,702,710,
12460,80,1999999,0,builder_18,708,708,10733
10737,95,2000000,0,user_32,702,709,
11000,95,2000000,0,user_44,703,710,
10454,99,2000000,0,user_13,700,710,
10494,94,2000000,0,user_42,700,709,
10991,96,2000000,0,user_40,703,710,
10996,97,2000000,0,user_41,703,710,
11214,98,2000000,0,user_31,704,710,
10496,88,1800000,128000,user_44,700,708,
12461,89,1799999,0,builder_18,708,708,10496
10995,90,1900000,0,user_41,703,708,
11227,91,1600000,256000,user_46,704,708,
12462,92,1599999,0,builder_18,708,708,11227
12463,93,1300001,0,builder_18,708,708,11955
11955,94,1300000,510000,user_34,707,708,
10732,95,1800001,0,user_26,702,708,10496
10565,96,1800001,0,user_16,701,708,10496
10554,97,1799999,0,user_2,701,708,10496
10558,98,1799999,0,user_10,701,708,10496
10710,99,1799999,0,user_2,702,708,10496
10444,2,43000000,0,user_2,700,719,
11448,3,30000000,11200,user_33,705,719,
12768,2,29999999,0,builder_18,709,709,11448
11969,8,30000000,0,user_45,707,719,
10484,6,30000000,0,user_34,700,719,
11457,5,30000000,0,user_47,705,719,
11715,7,30000000,0,user_46,706,719,
12769,7,27000001,0,builder_18,709,709,12221
12221,12,27000000,779000,user_37,708,719,
12494,18,27000001,0,user_20,709,719,12221
10988,29,27000000,0,user_40,703,719,
10747,28,27000000,0,user_41,702,719,
11455,27,27000000,0,user_46,705,719,
11710,30,27000000,0,user_42,706,719,
12482,35,26999999,0,user_11,709,719,12221
12770,15,19000001,0,builder_18,709,709,10588
10588,46,19000000,13900,user_43,701,719,
11960,50,19000000,0,user_38,707,719,
12771,18,6300001,0,builder_18,709,709,10450
10450,54,6300000,155000,user_8,700,719,
12772,20,6300001,0,builder_18,709,709,10986
10986,57,6300000,146000,user_39,703,719,
10473,63,6300001,0,user_23,700,719,10450
10476,64,6300001,0,user_23,700,719,10450
10477,65,6300001,0,user_24,700,719,10450
10478,66,6300001,0,user_25,700,719,10450
10569,61,6300001,0,user_20,701,719,10450
10572,62,6300001,0,user_25,701,719,10450
11192,58,6300001,0,user_3,704,719,10986
11193,60,6300001,0,user_6,704,719,10450
11196,59,6300001,0,user_9,704,719,10986
10973,74,6300000,0,user_29,703,719,
10453,71,6300000,0,user_12,700,719,
10468,70,6300000,0,user_20,700,719,
10456,72,6300000,0,user_15,700,719,
10740,73,6300000,0,user_34,702,719,
11216,69,6300000,0,user_32,704,719,
10943,83,6299999,0,user_1,703,719,10450
11197,76,6299999,0,user_10,704,719,10450
11207,77,6299999,0,user_20,704,719,10450
10474,79,6299999,0,user_23,700,719,10450
10475,80,6299999,0,user_23,700,719,10450
10562,78,6299999,0,user_13,701,719,10450
10725,81,6299999,0,user_18,702,719,10450
10729,82,6299999,0,user_24,702,719,10450
12227,87,6100000,8520,user_49,708,719,
12773,46,6099999,0,builder_18,709,709,12227
11001,89,6100000,0,user_44,703,719,
10975,90,6100000,0,user_31,703,719,
10497,88,6100000,0,user_45,700,719,
12774,50,5000001,0,builder_18,709,709,10585
10585,94,5000000,6390,user_38,701,717,
10749,96,5000000,0,user_43,702,717,
11226,97,5000000,0,user_45,704,717,
10445,98,5000000,0,user_4,700,717,
10462,99,5000000,0,user_17,700,717,
10742,87,5000000,0,user_36,702,716,
10748,88,5000000,0,user_41,702,716,
11709,86,5000000,0,user_40,706,716,
11456,96,4500000,121000,user_46,705,716,
12775,60,4499999,0,builder_18,709,709,11456
10448,98,4500000,0,user_6,700,715,
10576,97,4500000,0,user_28,701,715,
11446,96,4500000,0,user_31,705,715,
12220,94,4200000,0,user_37,708,714,
11213,96,4200000,0,user_31,704,714,
12215,95,4200000,0,user_30,708,714,
12521,97,4200000,0,user_47,709,714,
12510,93,3500000,31700,user_39,709,713,
12776,69,3499999,0,builder_18,709,709,12510
11949,94,3500000,0,user_28,707,713,
11959,95,3200000,0,user_36,707,713,
10575,96,3200000,0,user_27,701,713,
11954,99,2600000,0,user_33,707,713,
11716,93,2600000,0,user_47,706,712,
12518,97,1800000,769000,user_44,709,712,
12777,76,1799999,0,builder_18,709,709,12518
10455,99,2500000,0,user_14,700,712,
10485,92,2500000,0,user_34,700,711,
11454,98,2500000,0,user_40,705,712,
10984,95,2300000,0,user_37,703,711,
10465,94,2300000,0,user_17,700,711,
12226,96,2300000,0,user_48,708,711,
10985,98,1200000,959000,user_38,703,711,
12778,84,1199999,0,builder_18,709,709,10985
11967,99,2100000,33300,user_43,707,711,
12779,86,2099999,0,builder_18,709,709,11967
10586,91,2100000,0,user_41,701,710,
10733,93,2000000,49100,user_27,702,710,
12780,89,1999999,0,builder_18,709,709,10733
11000,95,2000000,0,user_44,703,710,
10991,96,2000000,0,user_40,703,710,
10996,97,2000000,0,user_41,703,710,
10454,99,2000000,0,user_13,700,710,
10494,94,2000000,0,user_42,700,709,
10737,95,2000000,0,user_32,702,709,
11214,98,2000000,0,user_31,704,710,
12509,94,2000000,0,user_37,709,710,
12514,98,2000000,0,user_42,709,709,
12781,99,1800001,0,builder_18,709,709,10496
10444,2,43000000,0,user_2,700,719,
11448,3,30000000,11200,user_33,705,719,
13062,2,29999999,0,builder_18,710,710,11448
11969,8,30000000,0,user_45,707,719,
10484,6,30000000,0,user_34,700,719,
11457,5,30000000,0,user_47,705,719,
11715,7,30000000,0,user_46,706,719,
12221,12,27000000,779000,user_37,708,719,
13063,8,26999999,0,builder_18,710,710,12221
12494,18,27000001,0,user_20,709,719,12221
12783,20,27000001,0,user_0,710,719,12221
12796,19,27000001,0,user_11,710,719,12221
10988,29,27000000,0,user_40,703,719,
10747,28,27000000,0,user_41,702,719,
11455,27,27000000,0,user_46,705,719,
11710,30,27000000,0,user_42,706,719,
12482,35,26999999,0,user_11,709,719,12221
12785,36,26999999,0,user_0,710,719,12221
13064,18,19000001,0,builder_18,710,710,10588
10588,46,19000000,13900,user_43,701,719,
11960,50,19000000,0,user_38,707,719,
12830,49,19000000,0,user_45,710,719,
10450,54,6300000,155000,user_8,700,719,
13065,23,6299999,0,builder_18,710,710,10450
10986,57,6300000,146000,user_39,703,719,
13066,25,6299999,0,builder_18,710,710,10986
11192,58,6300001,0,user_3,704,719,10986
11193,60,6300001,0,user_6,704,719,10450
10473,63,6300001,0,user_23,700,719,10450
10476,64,6300001,0,user_23,700,719,10450
10477,65,6300001,0,user_24,700,719,10450
10572,62,6300001,0,user_25,701,719,10450
10569,61,6300001,0,user_20,701,719,10450
11196,59,6300001,0,user_9,704,719,10986
10478,66,6300001,0,user_25,700,719,10450
10973,74,6300000,0,user_29,703,719,
11216,69,6300000,0,user_32,704,719,
10453,71,6300000,0,user_12,700,719,
10456,72,6300000,0,user_15,700,719,
10468,70,6300000,0,user_20,700,719,
10740,73,6300000,0,user_34,702,719,
11207,77,6299999,0,user_20,704,719,10450
11197,76,6299999,0,user_10,704,719,10450
10474,79,6299999,0,user_23,700,719,10450
10475,80,6299999,0,user_23,700,719,10450
10562,78,6299999,0,user_13,701,719,10450
10725,81,6299999,0,user_18,702,719,10450
10729,82,6299999,0,user_24,702,719,10450
10943,83,6299999,0,user_1,703,719,10450
13067,49,6100001,0,builder_18,710,710,12227
12227,87,6100000,8520,user_49,708,719,
10975,90,6100000,0,user_31,703,719,
11001,89,6100000,0,user_44,703,719,
10497,88,6100000,0,user_45,700,719,
13068,54,5000001,0,builder_18,710,710,10585
10585,94,5000000,6390,user_38,701,717,
11226,97,5000000,0,user_45,704,717,
10462,99,5000000,0,user_17,700,717,
10749,96,5000000,0,user_43,702,717,
10445,98,5000000,0,user_4,700,717,
10742,87,5000000,0,user_36,702,716,
10748,88,5000000,0,user_41,702,716,
11709,86,5000000,0,user_40,706,716,
11456,96,4500000,121000,user_46,705,716,
13069,64,4499999,0,builder_18,710,710,11456
10448,98,4500000,0,user_6,700,715,
10576,97,4500000,0,user_28,701,715,
11446,96,4500000,0,user_31,705,715,
12220,94,4200000,0,user_37,708,714,
12215,95,4200000,0,user_30,708,714,
11213,96,4200000,0,user_31,704,714,
12521,97,4200000,0,user_47,709,714,
13070,72,3500001,0,builder_18,710,710,12510
12510,93,3500000,31700,user_39,709,713,
11949,94,3500000,0,user_28,707,713,
11959,95,3200000,0,user_36,707,713,
10575,96,3200000,0,user_27,701,713,
11954,99,2600000,0,user_33,707,713,
11716,93,2600000,0,user_47,706,712,
12518,97,1800000,769000,user_44,709,712,
13071,80,1799999,0,builder_18,710,710,12518
10455,99,2500000,0,user_14,700,712,
10485,92,2500000,0,user_34,700,711,
11454,98,2500000,0,user_40,705,712,
12226,96,2300000,0,user_48,708,711,
10984,95,2300000,0,user_37,703,711,
10465,94,2300000,0,user_17,700,711,
10985,98,1200000,959000,user_38,703,711,
13072,88,1199999,0,builder_18,710,710,10985
11967,99,2100000,33300,user_43,707,711,
13073,90,2099999,0,builder_18,710,710,11967
10586,91,2100000,0,user_41,701,710,
13074,92,2000001,0,builder_18,710,710,10733
10733,93,2000000,49100,user_27,702,710,
12509,94,2000000,0,user_37,709,710,
11000,95,2000000,0,user_44,703,710,
10991,96,2000000,0,user_40,703,710,
10996,97,2000000,0,user_41,703,710,
11214,98,2000000,0,user_31,704,710,
10454,99,2000000,0,user_13,700,710,
10444,2,43000000,0,user_2,700,719,
11448,3,30000000,11200,user_33,705,719,
13358,2,29999999,0,builder_18,711,711,11448
11457,5,30000000,0,user_47,705,719,
10484,6,30000000,0,user_34,700,719,
11715,7,30000000,0,user_46,706,719,
11969,8,30000000,0,user_45,707,719,
13118,9,30000000,0,user_41,711,719,
12221,12,27000000,779000,user_37,708,719,
13359,9,26999999,0,builder_18,711,711,12221
12494,18,27000001,0,user_20,709,719,12221
12796,19,27000001,0,user_11,710,719,12221
12783,20,27000001,0,user_0,710,719,12221
13075,21,27000001,0,user_0,711,719,12221
13091,22,27000001,0,user_15,711,719,12221
13101,23,27000001,0,user_25,711,719,12221
11455,27,27000000,0,user_46,705,719,
10747,28,27000000,0,user_41,702,719,
10988,29,27000000,0,user_40,703,719,
11710,30,27000000,0,user_42,706,719,
12482,35,26999999,0,user_11,709,719,12221
12785,36,26999999,0,user_0,710,719,12221
13087,37,26999999,0,user_11,711,719,12221
13099,38,26999999,0,user_23,711,719,12221
13360,24,19000001,0,builder_18,711,711,10588
10588,46,19000000,13900,user_43,701,719,
12830,49,19000000,0,user_45,710,719,
11960,50,19000000,0,user_38,707,719,
13117,52,73000,17700000,user_40,711,719,
13361,29,72999,0,builder_18,711,711,13117
10450,54,6300000,155000,user_8,700,719,
13362,31,6299999,0,builder_18,711,711,10450
10986,57,6300000,146000,user_39,703,719,
13363,33,6299999,0,builder_18,711,711,10986
11192,58,6300001,0,user_3,704,719,10986
11196,59,6300001,0,user_9,704,719,10986
11193,60,6300001,0,user_6,704,719,10450
10569,61,6300001,0,user_20,701,719,10450
10572,62,6300001,0,user_25,701,719,10450
10473,63,6300001,0,user_23,700,719,10450
10476,64,6300001,0,user_23,700,719,10450
10477,65,6300001,0,user_24,700,719,10450
10478,66,6300001,0,user_25,700,719,10450
11216,69,6300000,0,user_32,704,719,
10468,70,6300000,0,user_20,700,719,
10453,71,6300000,0,user_12,700,719,
10456,72,6300000,0,user_15,700,719,
10740,73,6300000,0,user_34,702,719,
10973,74,6300000,0,user_29,703,719,
11197,76,6299999,0,user_10,704,719,10450
11207,77,6299999,0,user_20,704,719,10450
10562,78,6299999,0,user_13,701,719,10450
10474,79,6299999,0,user_23,700,719,10450
10475,80,6299999,0,user_23,700,719,10450
10725,81,6299999,0,user_18,702,719,10450
10729,82,6299999,0,user_24,702,719,10450
10943,83,6299999,0,user_1,703,719,10450
13364,57,6100001,0,builder_18,711,711,12227
12227,87,6100000,8520,user_49,708,719,
10497,88,6100000,0,user_45,700,719,
11001,89,6100000,0,user_44,703,719,
10975,90,6100000,0,user_31,703,719,
13365,62,5000001,0,builder_18,711,711,10585
10585,94,5000000,6390,user_38,701,717,
11226,97,5000000,0,user_45,704,717,
10445,98,5000000,0,user_4,700,717,
10462,99,5000000,0,user_17,700,717,
10748,88,5000000,0,user_41,702,716,
10742,87,5000000,0,user_36,702,716,
10749,96,5000000,0,user_43,702,717,
11709,86,5000000,0,user_40,706,716,
13366,71,4500001,0,builder_18,711,711,11456
11456,96,4500000,121000,user_46,705,716,
11446,96,4500000,0,user_31,705,715,
10576,97,4500000,0,user_28,701,715,
10448,98,4500000,0,user_6,700,715,
13122,99,4500000,0,user_46,711,715,
12521,97,4200000,0,user_47,709,714,
12220,94,4200000,0,user_37,708,714,
11213,96,4200000,0,user_31,704,714,
12215,95,4200000,0,user_30,708,714,
12510,93,3500000,31700,user_39,709,713,
13367,82,3499999,0,builder_18,711,711,12510
11949,94,3500000,0,user_28,707,713,
10575,96,3200000,0,user_27,701,713,
11959,95,3200000,0,user_36,707,713,
11716,93,2600000,0,user_47,706,712,
11954,99,2600000,0,user_33,707,713,
12518,97,1800000,769000,user_44,709,712,
13368,89,1799999,0,builder_18,711,711,12518
11454,98,2500000,0,user_40,705,712,
10455,99,2500000,0,user_14,700,712,
10485,92,2500000,0,user_34,700,711,
13103,93,2400000,0,user_27,711,711,
10465,94,2300000,0,user_17,700,711,
10984,95,2300000,0,user_37,703,711,
12226,96,2300000,0,user_48,708,711,
13369,97,1200001,0,builder_18,711,711,10985
10985,98,1200000,959000,user_38,703,711,
11967,99,2100000,33300,user_43,707,711,
10444,2,43000000,0,user_2,700,719,
11448,3,30000000,11200,user_33,705,719,
13627,2,29999999,0,builder_18,712,712,11448
11457,5,30000000,0,user_47,705,719,
11715,7,30000000,0,user_46,706,719,
11969,8,30000000,0,user_45,707,719,
10484,6,30000000,0,user_34,700,719,
13118,9,30000000,0,user_41,711,719,
13628,8,27000001,0,builder_18,712,712,12221
12221,12,27000000,779000,user_37,708,719,
12796,19,27000001,0,user_11,710,719,12221
12783,20,27000001,0,user_0,710,719,12221
13075,21,27000001,0,user_0,711,719,12221
12494,18,27000001,0,user_20,709,719,12221
13091,22,27000001,0,user_15,711,719,12221
13101,23,27000001,0,user_25,711,719,12221
11455,27,27000000,0,user_46,705,719,
11710,30,27000000,0,user_42,706,719,
10747,28,27000000,0,user_41,702,719,
10988,29,27000000,0,user_40,703,719,
13115,31,27000000,0,user_38,711,719,
12785,36,26999999,0,user_0,710,719,12221
13087,37,26999999,0,user_11,711,719,12221
12482,35,26999999,0,user_11,709,719,12221
13099,38,26999999,0,user_23,711,719,12221
13380,39,26999999,0,user_14,712,719,12221
13629,26,19000001,0,builder_18,712,712,10588
10588,46,19000000,13900,user_43,701,719,
12830,49,19000000,0,user_45,710,719,
11960,50,19000000,0,user_38,707,719,
13406,51,19000000,0,user_41,712,719,
13630,31,73001,0,builder_18,712,712,13117
13117,52,73000,17700000,user_40,711,719,
13631,33,6300001,0,builder_18,712,712,10450
10450,54,6300000,155000,user_8,700,719,
13632,35,6300001,0,builder_18,712,712,10986
10986,57,6300000,146000,user_39,703,719,
10572,62,6300001,0,user_25,701,719,10450
10569,61,6300001,0,user_20,701,719,10450
10473,63,6300001,0,user_23,700,719,10450
10476,64,6300001,0,user_23,700,719,10450
10478,66,6300001,0,user_25,700,719,10450
10477,65,6300001,0,user_24,700,719,10450
11192,58,6300001,0,user_3,704,719,10986
11196,59,6300001,0,user_9,704,719,10986
11193,60,6300001,0,user_6,704,719,10450
10740,73,6300000,0,user_34,702,719,
10468,70,6300000,0,user_20,700,719,
10453,71,6300000,0,user_12,700,719,
10456,72,6300000,0,user_15,700,719,
10973,74,6300000,0,user_29,703,719,
11216,69,6300000,0,user_32,704,719,
10725,81,6299999,0,user_18,702,719,10450
10729,82,6299999,0,user_24,702,719,10450
10943,83,6299999,0,user_1,703,719,10450
10562,78,6299999,0,user_13,701,719,10450
10474,79,6299999,0,user_23,700,719,10450
10475,80,6299999,0,user_23,700,719,10450
11197,76,6299999,0,user_10,704,719,10450
11207,77,6299999,0,user_20,704,719,10450
13633,60,6100001,0,builder_18,712,712,12227
12227,87,6100000,8520,user_49,708,719,
11001,89,6100000,0,user_44,703,719,
10497,88,6100000,0,user_45,700,719,
10975,90,6100000,0,user_31,703,719,
10585,94,5000000,6390,user_38,701,717,
13634,66,4999999,0,builder_18,712,712,10585
11709,86,5000000,0,user_40,706,716,
10742,87,5000000,0,user_36,702,716,
10748,88,5000000,0,user_41,702,716,
10749,96,5000000,0,user_43,702,717,
10445,98,5000000,0,user_4,700,717,
10462,99,5000000,0,user_17,700,717,
11226,97,5000000,0,user_45,704,717,
13408,93,5000000,0,user_41,712,716,
13413,95,4200000,545000,user_45,712,716,
13635,76,4199999,0,builder_18,712,712,13413
11456,96,4500000,121000,user_46,705,716,
13636,78,4499999,0,builder_18,712,712,11456
11446,96,4500000,0,user_31,705,715,
10448,98,4500000,0,user_6,700,715,
10576,97,4500000,0,user_28,701,715,
13122,99,4500000,0,user_46,711,715,
11213,96,4200000,0,user_31,704,714,
12220,94,4200000,0,user_37,708,714,
12215,95,4200000,0,user_30,708,714,
12521,97,4200000,0,user_47,709,714,
13405,91,3600000,0,user_39,712,713,
12510,93,3500000,31700,user_39,709,713,
13637,89,3499999,0,builder_18,712,712,12510
11949,94,3500000,0,user_28,707,713,
10575,96,3200000,0,user_27,701,713,
11959,95,3200000,0,user_36,707,713,
11716,93,2600000,0,user_47,706,712,
11954,99,2600000,0,user_33,707,713,
13399,98,2600000,0,user_37,712,713,
13638,96,1800001,0,builder_18,712,712,12518
12518,97,1800000,769000,user_44,709,712,
11454,98,2500000,0,user_40,705,712,
10455,99,2500000,0,user_14,700,712,
10444,2,43000000,0,user_2,700,719,
11448,3,30000000,11200,user_33,705,719,
13895,2,29999999,0,builder_18,713,713,11448
13118,9,30000000,0,user_41,711,719,
11969,8,30000000,0,user_45,707,719,
10484,6,30000000,0,user_34,700,719,
11457,5,30000000,0,user_47,705,719,
11715,7,30000000,0,user_46,706,719,
12221,12,27000000,779000,user_37,708,719,
13896,9,26999999,0,builder_18,713,713,12221
12783,20,27000001,0,user_0,710,719,12221
12796,19,27000001,0,user_11,710,719,12221
13075,21,27000001,0,user_0,711,719,12221
13091,22,27000001,0,user_15,711,719,12221
13101,23,27000001,0,user_25,711,719,12221
12494,18,27000001,0,user_20,709,719,12221
13653,16,27000001,0,user_10,713,719,12221
13115,31,27000000,0,user_38,711,719,
10988,29,27000000,0,user_40,703,719,
10747,28,27000000,0,user_41,702,719,
11455,27,27000000,0,user_46,705,719,
11710,30,27000000,0,user_42,706,719,
12785,36,26999999,0,user_0,710,719,12221
13087,37,26999999,0,user_11,711,719,12221
13099,38,26999999,0,user_23,711,719,12221
12482,35,26999999,0,user_11,709,719,12221
13380,39,26999999,0,user_14,712,719,12221
10588,46,19000000,13900,user_43,701,719,
13897,28,18999999,0,builder_18,713,713,10588
12830,49,19000000,0,user_45,710,719,
11960,50,19000000,0,user_38,707,719,
13406,51,19000000,0,user_41,712,719,
13117,52,73000,17700000,user_40,711,719,
13898,33,72999,0,builder_18,713,713,13117
10450,54,6300000,155000,user_8,700,719,
13899,35,6299999,0,builder_18,713,713,10450
10986,57,6300000,146000,user_39,703,719,
13900,37,6299999,0,builder_18,713,713,10986
10473,63,6300001,0,user_23,700,719,10450
10476,64,6300001,0,user_23,700,719,10450
10477,65,6300001,0,user_24,700,719,10450
10478,66,6300001,0,user_25,700,719,10450
10569,61,6300001,0,user_20,701,719,10450
10572,62,6300001,0,user_25,701,719,10450
11192,58,6300001,0,user_3,704,719,10986
11193,60,6300001,0,user_6,704,719,10450
11196,59,6300001,0,user_9,704,719,10986
10973,74,6300000,0,user_29,703,719,
10453,71,6300000,0,user_12,700,719,
10468,70,6300000,0,user_20,700,719,
10456,72,6300000,0,user_15,700,719,
10740,73,6300000,0,user_34,702,719,
11216,69,6300000,0,user_32,704,719,
13395,75,6300000,0,user_31,712,719,
13693,68,6300000,0,user_47,713,719,
10943,83,6299999,0,user_1,703,719,10450
11197,76,6299999,0,user_10,704,719,10450
11207,77,6299999,0,user_20,704,719,10450
10474,79,6299999,0,user_23,700,719,10450
10475,80,6299999,0,user_23,700,719,10450
10562,78,6299999,0,user_13,701,719,10450
10725,81,6299999,0,user_18,702,719,10450
10729,82,6299999,0,user_24,702,719,10450
12227,87,6100000,8520,user_49,708,719,
13901,64,6099999,0,builder_18,713,713,12227
11001,89,6100000,0,user_44,703,719,
10975,90,6100000,0,user_31,703,719,
10497,88,6100000,0,user_45,700,719,
10585,94,5000000,6390,user_38,701,717,
13902,69,4999999,0,builder_18,713,713,10585
10749,96,5000000,0,user_43,702,717,
11226,97,5000000,0,user_45,704,717,
10445,98,5000000,0,user_4,700,717,
10462,99,5000000,0,user_17,700,717,
10742,87,5000000,0,user_36,702,716,
10748,88,5000000,0,user_41,702,716,
11709,86,5000000,0,user_40,706,716,
13408,93,5000000,0,user_41,712,716,
13903,78,4200001,0,builder_18,713,713,13413
13413,95,4200000,545000,user_45,712,716,
11456,96,4500000,121000,user_46,705,716,
13904,81,4499999,0,builder_18,713,713,11456
13122,99,4500000,0,user_46,711,715,
10448,98,4500000,0,user_6,700,715,
10576,97,4500000,0,user_28,701,715,
11446,96,4500000,0,user_31,705,715,
13686,99,4500000,0,user_37,713,716,
12220,94,4200000,0,user_37,708,714,
11213,96,4200000,0,user_31,704,714,
12215,95,4200000,0,user_30,708,714,
12521,97,4200000,0,user_47,709,714,
13405,91,3600000,0,user_39,712,713,
13905,92,3500001,0,builder_18,713,713,12510
12510,93,3500000,31700,user_39,709,713,
11949,94,3500000,0,user_28,707,713,
11959,95,3200000,0,user_36,707,713,
10575,96,3200000,0,user_27,701,713,
13684,97,3200000,0,user_36,713,713,
13399,98,2600000,0,user_37,712,713,
11954,99,2600000,0,user_33,707,713,
10444,2,43000000,0,user_2,700,719,
14152,1,30000001,0,builder_18,714,714,11448
11448,3,30000000,11200,user_33,705,719,
13118,9,30000000,0,user_41,711,719,
11969,8,30000000,0,user_45,707,719,
10484,6,30000000,0,user_34,700,719,
11457,5,30000000,0,user_47,705,719,
11715,7,30000000,0,user_46,706,719,
13929,10,30000000,0,user_32,714,719,
14153,9,27000001,0,builder_18,714,714,12221
12221,12,27000000,779000,user_37,708,719,
13075,21,27000001,0,user_0,711,719,12221
13091,22,27000001,0,user_15,711,719,12221
13101,23,27000001,0,user_25,711,719,12221
13653,16,27000001,0,user_10,713,719,12221
12494,18,27000001,0,user_20,709,719,12221
12783,20,27000001,0,user_0,710,719,12221
12796,19,27000001,0,user_11,710,719,12221
13921,17,27000001,0,user_20,714,719,12221
13115,31,27000000,0,user_38,711,719,
10988,29,27000000,0,user_40,703,719,
10747,28,27000000,0,user_41,702,719,
11455,27,27000000,0,user_46,705,719,
11710,30,27000000,0,user_42,706,719,
13087,37,26999999,0,user_11,711,719,12221
13099,38,26999999,0,user_23,711,719,12221
13380,39,26999999,0,user_14,712,719,12221
13666,34,26999999,0,user_19,713,719,12221
12482,35,26999999,0,user_11,709,719,12221
12785,36,26999999,0,user_0,710,719,12221
10588,46,19000000,13900,user_43,701,719,
14154,31,18999999,0,builder_18,714,714,10588
13406,51,19000000,0,user_41,712,719,
11960,50,19000000,0,user_38,707,719,
12830,49,19000000,0,user_45,710,719,
13117,52,73000,17700000,user_40,711,719,
14155,36,72999,0,builder_18,714,714,13117
10450,54,6300000,155000,user_8,700,719,
14156,38,6299999,0,builder_18,714,714,10450
14157,39,6300001,0,builder_18,714,714,10986
10986,57,6300000,146000,user_39,703,719,
11192,58,6300001,0,user_3,704,719,10986
11193,60,6300001,0,user_6,704,719,10450
10473,63,6300001,0,user_23,700,719,10450
10476,64,6300001,0,user_23,700,719,10450
10477,65,6300001,0,user_24,700,719,10450
10572,62,6300001,0,user_25,701,719,10450
10569,61,6300001,0,user_20,701,719,10450
11196,59,6300001,0,user_9,704,719,10986
10478,66,6300001,0,user_25,700,719,10450
13395,75,6300000,0,user_31,712,719,
10973,74,6300000,0,user_29,703,719,
11216,69,6300000,0,user_32,704,719,
10453,71,6300000,0,user_12,700,719,
10456,72,6300000,0,user_15,700,719,
10468,70,6300000,0,user_20,700,719,
10740,73,6300000,0,user_34,702,719,
13693,68,6300000,0,user_47,713,719,
11207,77,6299999,0,user_20,704,719,10450
11197,76,6299999,0,user_10,704,719,10450
10474,79,6299999,0,user_23,700,719,10450
10475,80,6299999,0,user_23,700,719,10450
10562,78,6299999,0,user_13,701,719,10450
10725,81,6299999,0,user_18,702,719,10450
10729,82,6299999,0,user_24,702,719,10450
10943,83,6299999,0,user_1,703,719,10450
12227,87,6100000,8520,user_49,708,719,
14158,67,6099999,0,builder_18,714,714,12227
10975,90,6100000,0,user_31,703,719,
11001,89,6100000,0,user_44,703,719,
10497,88,6100000,0,user_45,700,719,
13942,91,6100000,0,user_40,714,719,
13925,95,5200000,285000,user_27,714,719,
14159,73,5199999,0,builder_18,714,714,13925
14160,74,5000001,0,builder_18,714,714,10585
10585,94,5000000,6390,user_38,701,717,
13408,93,5000000,0,user_41,712,716,
11226,97,5000000,0,user_45,704,717,
10462,99,5000000,0,user_17,700,717,
10749,96,5000000,0,user_43,702,717,
10445,98,5000000,0,user_4,700,717,
10742,87,5000000,0,user_36,702,716,
10748,88,5000000,0,user_41,702,716,
11709,86,5000000,0,user_40,706,716,
14161,84,4200001,0,builder_18,714,714,13413
13413,95,4200000,545000,user_45,712,716,
11456,96,4500000,121000,user_46,705,716,
14162,87,4499999,0,builder_18,714,714,11456
13122,99,4500000,0,user_46,711,715,
13686,99,4500000,0,user_37,713,716,
10448,98,4500000,0,user_6,700,715,
10576,97,4500000,0,user_28,701,715,
11446,96,4500000,0,user_31,705,715,
13948,98,4500000,0,user_47,714,716,
12220,94,4200000,0,user_37,708,714,
12215,95,4200000,0,user_30,708,714,
11213,96,4200000,0,user_31,704,714,
12521,97,4200000,0,user_47,709,714,
13951,98,3600000,7840,user_48,714,714,
14163,99,3599999,0,builder_18,714,714,13951
10444,2,43000000,0,user_2,700,719,
14432,1,30000001,0,builder_18,715,715,11448
11448,3,30000000,11200,user_33,705,719,
11457,5,30000000,0,user_47,705,719,
10484,6,30000000,0,user_34,700,719,
11715,7,30000000,0,user_46,706,719,
11969,8,30000000,0,user_45,707,719,
13118,9,30000000,0,user_41,711,719,
13929,10,30000000,0,user_32,714,719,
12221,12,27000000,779000,user_37,708,719,
14433,10,26999999,0,builder_18,715,715,12221
13653,16,27000001,0,user_10,713,719,12221
13921,17,27000001,0,user_20,714,719,12221
12494,18,27000001,0,user_20,709,719,12221
12796,19,27000001,0,user_11,710,719,12221
12783,20,27000001,0,user_0,710,719,12221
13075,21,27000001,0,user_0,711,719,12221
13091,22,27000001,0,user_15,711,719,12221
13101,23,27000001,0,user_25,711,719,12221
14173,24,27000001,0,user_7,715,719,12221
14164,25,27000001,0,user_0,715,719,12221
14171,26,27000001,0,user_5,715,719,12221
11455,27,27000000,0,user_46,705,719,
10747,28,27000000,0,user_41,702,719,
10988,29,27000000,0,user_40,703,719,
11710,30,27000000,0,user_42,706,719,
13115,31,27000000,0,user_38,711,719,
13666,34,26999999,0,user_19,713,719,12221
12482,35,26999999,0,user_11,709,719,12221
12785,36,26999999,0,user_0,710,719,12221
13087,37,26999999,0,user_11,711,719,12221
13099,38,26999999,0,user_23,711,719,12221
13380,39,26999999,0,user_14,712,719,12221
14177,40,26999999,0,user_11,715,719,12221
14178,41,26999999,0,user_12,715,719,12221
14434,35,19000001,0,builder_18,715,715,10588
10588,46,19000000,13900,user_43,701,719,
12830,49,19000000,0,user_45,710,719,
11960,50,19000000,0,user_38,707,719,
13406,51,19000000,0,user_41,712,719,
14435,40,73001,0,builder_18,715,715,13117
13117,52,73000,17700000,user_40,711,719,
14436,42,6300001,0,builder_18,715,715,10450
10450,54,6300000,155000,user_8,700,719,
10986,57,6300000,146000,user_39,703,719,
14437,45,6299999,0,builder_18,715,715,10986
11192,58,6300001,0,user_3,704,719,10986
11196,59,6300001,0,user_9,704,719,10986
11193,60,6300001,0,user_6,704,719,10450
10569,61,6300001,0,user_20,701,719,10450
10572,62,6300001,0,user_25,701,719,10450
10473,63,6300001,0,user_23,700,719,10450
10476,64,6300001,0,user_23,700,719,10450
10477,65,6300001,0,user_24,700,719,10450
10478,66,6300001,0,user_25,700,719,10450
13693,68,6300000,0,user_47,713,719,
11216,69,6300000,0,user_32,704,719,
10468,70,6300000,0,user_20,700,719,
10453,71,6300000,0,user_12,700,719,
10456,72,6300000,0,user_15,700,719,
10740,73,6300000,0,user_34,702,719,
10973,74,6300000,0,user_29,703,719,
13395,75,6300000,0,user_31,712,719,
11197,76,6299999,0,user_10,704,719,10450
11207,77,6299999,0,user_20,704,719,10450
10562,78,6299999,0,user_13,701,719,10450
10474,79,6299999,0,user_23,700,719,10450
10475,80,6299999,0,user_23,700,719,10450
10725,81,6299999,0,user_18,702,719,10450
10729,82,6299999,0,user_24,702,719,10450
10943,83,6299999,0,user_1,703,719,10450
12227,87,6100000,8520,user_49,708,719,
14438,72,6099999,0,builder_18,715,715,12227
10497,88,6100000,0,user_45,700,719,
11001,89,6100000,0,user_44,703,719,
10975,90,6100000,0,user_31,703,719,
13942,91,6100000,0,user_40,714,719,
14439,77,5000001,0,builder_18,715,715,13945
13945,92,5000000,594000,user_43,714,719,
13925,95,5200000,285000,user_27,714,719,
14440,80,5199999,0,builder_18,715,715,13925
14441,81,5000001,0,builder_18,715,715,10585
10585,94,5000000,6390,user_38,701,717,
11226,97,5000000,0,user_45,704,717,
10445,98,5000000,0,user_4,700,717,
10462,99,5000000,0,user_17,700,717,
10748,88,5000000,0,user_41,702,716,
10742,87,5000000,0,user_36,702,716,
10749,96,5000000,0,user_43,702,717,
11709,86,5000000,0,user_40,706,716,
13408,93,5000000,0,user_41,712,716,
13413,95,4200000,545000,user_45,712,716,
14442,92,4199999,0,builder_18,715,715,13413
11456,96,4500000,121000,user_46,705,716,
14443,94,4499999,0,builder_18,715,715,11456
13686,99,4500000,0,user_37,713,716,
11446,96,4500000,0,user_31,705,715,
10576,97,4500000,0,user_28,701,715,
10448,98,4500000,0,user_6,700,715,
13122,99,4500000,0,user_46,711,715,
10444,2,43000000,0,user_2,700,719,
14205,1,43000000,0,user_38,715,719,
11448,3,30000000,11200,user_33,705,719,
14698,3,29999999,0,builder_18,716,716,11448
13929,10,30000000,0,user_32,714,719,
11457,5,30000000,0,user_47,705,719,
11715,7,30000000,0,user_46,706,719,
11969,8,30000000,0,user_45,707,719,
10484,6,30000000,0,user_34,700,719,
13118,9,30000000,0,user_41,711,719,
12221,12,27000000,779000,user_37,708,719,
14699,11,26999999,0,builder_18,716,716,12221
13921,17,27000001,0,user_20,714,719,12221
14171,26,27000001,0,user_5,715,719,12221
13653,16,27000001,0,user_10,713,719,12221
12796,19,27000001,0,user_11,710,719,12221
12783,20,27000001,0,user_0,710,719,12221
13075,21,27000001,0,user_0,711,719,12221
12494,18,27000001,0,user_20,709,719,12221
13091,22,27000001,0,user_15,711,719,12221
13101,23,27000001,0,user_25,711,719,12221
14173,24,27000001,0,user_7,715,719,12221
14164,25,27000001,0,user_0,715,719,12221
14453,15,27000001,0,user_8,716,719,12221
11455,27,27000000,0,user_46,705,719,
11710,30,27000000,0,user_42,706,719,
10747,28,27000000,0,user_41,702,719,
10988,29,27000000,0,user_40,703,719,
13115,31,27000000,0,user_38,711,719,
12785,36,26999999,0,user_0,710,719,12221
13087,37,26999999,0,user_11,711,719,12221
12482,35,26999999,0,user_11,709,719,12221
13099,38,26999999,0,user_23,711,719,12221
13380,39,26999999,0,user_14,712,719,12221
13666,34,26999999,0,user_19,713,719,12221
14178,41,26999999,0,user_12,715,719,12221
14177,40,26999999,0,user_11,715,719,12221
14700,37,19000001,0,builder_18,716,716,10588
10588,46,19000000,13900,user_43,701,719,
12830,49,19000000,0,user_45,710,719,
11960,50,19000000,0,user_38,707,719,
13406,51,19000000,0,user_41,712,719,
13117,52,73000,17700000,user_40,711,719,
14701,43,72999,0,builder_18,716,716,13117
10450,54,6300000,155000,user_8,700,719,
14702,45,6299999,0,builder_18,716,716,10450
10986,57,6300000,146000,user_39,703,719,
14703,47,6299999,0,builder_18,716,716,10986
10572,62,6300001,0,user_25,701,719,10450
10569,61,6300001,0,user_20,701,719,10450
10473,63,6300001,0,user_23,700,719,10450
10476,64,6300001,0,user_23,700,719,10450
10478,66,6300001,0,user_25,700,719,10450
10477,65,6300001,0,user_24,700,719,10450
11192,58,6300001,0,user_3,704,719,10986
11196,59,6300001,0,user_9,704,719,10986
11193,60,6300001,0,user_6,704,719,10450
13693,68,6300000,0,user_47,713,719,
10740,73,6300000,0,user_34,702,719,
10468,70,6300000,0,user_20,700,719,
10453,71,6300000,0,user_12,700,719,
10456,72,6300000,0,user_15,700,719,
10973,74,6300000,0,user_29,703,719,
11216,69,6300000,0,user_32,704,719,
13395,75,6300000,0,user_31,712,719,
10725,81,6299999,0,user_18,702,719,10450
10729,82,6299999,0,user_24,702,719,10450
10943,83,6299999,0,user_1,703,719,10450
10562,78,6299999,0,user_13,701,719,10450
10474,79,6299999,0,user_23,700,719,10450
10475,80,6299999,0,user_23,700,719,10450
11197,76,6299999,0,user_10,704,719,10450
11207,77,6299999,0,user_20,704,719,10450
12227,87,6100000,8520,user_49,708,719,
14704,74,6099999,0,builder_18,716,716,12227
13942,91,6100000,0,user_40,714,719,
11001,89,6100000,0,user_44,703,719,
10497,88,6100000,0,user_45,700,719,
10975,90,6100000,0,user_31,703,719,
14705,79,5000001,0,builder_18,716,716,13945
13945,92,5000000,594000,user_43,714,719,
14706,81,5200001,0,builder_18,716,716,13925
13925,95,5200000,285000,user_27,714,719,
14481,99,5200000,0,user_45,716,719,
10585,94,5000000,6390,user_38,701,717,
14707,85,4999999,0,builder_18,716,716,10585
11709,86,5000000,0,user_40,706,716,
10742,87,5000000,0,user_36,702,716,
10748,88,5000000,0,user_41,702,716,
10749,96,5000000,0,user_43,702,717,
10445,98,5000000,0,user_4,700,717,
10462,99,5000000,0,user_17,700,717,
11226,97,5000000,0,user_45,704,717,
13408,93,5000000,0,user_41,712,716,
14708,94,4200001,0,builder_18,716,716,13413
13413,95,4200000,545000,user_45,712,716,
11456,96,4500000,121000,user_46,705,716,
14709,97,4499999,0,builder_18,716,716,11456
13948,98,4500000,0,user_47,714,716,
13686,99,4500000,0,user_37,713,716,
14205,1,43000000,0,user_38,715,719,
10444,2,43000000,0,user_2,700,719,
14754,0,43000000,0,user_39,717,719,
14955,3,30000001,0,builder_18,717,717,11448
11448,3,30000000,11200,user_33,705,719,
13929,10,30000000,0,user_32,714,719,
13118,9,30000000,0,user_41,711,719,
11969,8,30000000,0,user_45,707,719,
10484,6,30000000,0,user_34,700,719,
11457,5,30000000,0,user_47,705,719,
11715,7,30000000,0,user_46,706,719,
12221,12,27000000,779000,user_37,708,719,
14956,12,26999999,0,builder_18,717,717,12221
14164,25,27000001,0,user_0,715,719,12221
14173,24,27000001,0,user_7,715,719,12221
14171,26,27000001,0,user_5,715,719,12221
13921,17,27000001,0,user_20,714,719,12221
12783,20,27000001,0,user_0,710,719,12221
12796,19,27000001,0,user_11,710,719,12221
13075,21,27000001,0,user_0,711,719,12221
13091,22,27000001,0,user_15,711,719,12221
13101,23,27000001,0,user_25,711,719,12221
12494,18,27000001,0,user_20,709,719,12221
13653,16,27000001,0,user_10,713,719,12221
14453,15,27000001,0,user_8,716,719,12221
14711,14,27000001,0,user_1,717,719,12221
14731,13,27000001,0,user_17,717,719,12221
13115,31,27000000,0,user_38,711,719,
10988,29,27000000,0,user_40,703,719,
10747,28,27000000,0,user_41,702,719,
11455,27,27000000,0,user_46,705,719,
11710,30,27000000,0,user_42,706,719,
14177,40,26999999,0,user_11,715,719,12221
14178,41,26999999,0,user_12,715,719,12221
12785,36,26999999,0,user_0,710,719,12221
13087,37,26999999,0,user_11,711,719,12221
13099,38,26999999,0,user_23,711,719,12221
12482,35,26999999,0,user_11,709,719,12221
13380,39,26999999,0,user_14,712,719,12221
13666,34,26999999,0,user_19,713,719,12221
14719,33,26999999,0,user_7,717,719,12221
10588,46,19000000,13900,user_43,701,719,
14957,42,18999999,0,builder_18,717,717,10588
12830,49,19000000,0,user_45,710,719,
11960,50,19000000,0,user_38,707,719,
13406,51,19000000,0,user_41,712,719,
14488,48,19000000,0,user_49,716,719,
13117,52,73000,17700000,user_40,711,719,
14958,48,72999,0,builder_18,717,717,13117
14959,49,6300001,0,builder_18,717,717,10450
10450,54,6300000,155000,user_8,700,719,
10986,57,6300000,146000,user_39,703,719,
14960,52,6299999,0,builder_18,717,717,10986
10473,63,6300001,0,user_23,700,719,10450
10476,64,6300001,0,user_23,700,719,10450
10477,65,6300001,0,user_24,700,719,10450
10478,66,6300001,0,user_25,700,719,10450
10569,61,6300001,0,user_20,701,719,10450
10572,62,6300001,0,user_25,701,719,10450
11192,58,6300001,0,user_3,704,719,10986
11193,60,6300001,0,user_6,704,719,10450
11196,59,6300001,0,user_9,704,719,10986
13693,68,6300000,0,user_47,713,719,
10973,74,6300000,0,user_29,703,719,
10453,71,6300000,0,user_12,700,719,
10468,70,6300000,0,user_20,700,719,
10456,72,6300000,0,user_15,700,719,
10740,73,6300000,0,user_34,702,719,
11216,69,6300000,0,user_32,704,719,
13395,75,6300000,0,user_31,712,719,
14746,67,6300000,0,user_33,717,719,
10943,83,6299999,0,user_1,703,719,10450
11197,76,6299999,0,user_10,704,719,10450
11207,77,6299999,0,user_20,704,719,10450
10474,79,6299999,0,user_23,700,719,10450
10475,80,6299999,0,user_23,700,719,10450
10562,78,6299999,0,user_13,701,719,10450
10725,81,6299999,0,user_18,702,719,10450
10729,82,6299999,0,user_24,702,719,10450
14765,85,5200000,959000,user_46,717,719,
14961,80,5199999,0,builder_18,717,717,14765
12227,87,6100000,8520,user_49,708,719,
14962,82,6099999,0,builder_18,717,717,12227
13942,91,6100000,0,user_40,714,719,
11001,89,6100000,0,user_44,703,719,
10975,90,6100000,0,user_31,703,719,
10497,88,6100000,0,user_45,700,719,
14963,87,5000001,0,builder_18,717,717,13945
13945,92,5000000,594000,user_43,714,719,
14964,89,5200001,0,builder_18,717,717,13925
13925,95,5200000,285000,user_27,714,719,
14481,99,5200000,0,user_45,716,719,
14757,97,5000000,68100,user_41,717,718,
14965,93,4999999,0,builder_18,717,717,14757
10585,94,5000000,6390,user_38,701,717,
14966,95,4999999,0,builder_18,717,717,10585
10749,96,5000000,0,user_43,702,717,
11226,97,5000000,0,user_45,704,717,
10445,98,5000000,0,user_4,700,717,
10462,99,5000000,0,user_17,700,717,
14205,1,43000000,0,user_38,715,719,
10444,2,43000000,0,user_2,700,719,
14754,0,43000000,0,user_39,717,719,
11448,3,30000000,11200,user_33,705,719,
15232,4,29999999,0,builder_18,718,718,11448
13118,9,30000000,0,user_41,711,719,
11969,8,30000000,0,user_45,707,719,
10484,6,30000000,0,user_34,700,719,
11457,5,30000000,0,user_47,705,719,
11715,7,30000000,0,user_46,706,719,
13929,10,30000000,0,user_32,714,719,
15233,11,27000001,0,builder_18,718,718,12221
12221,12,27000000,779000,user_37,708,719,
14173,24,27000001,0,user_7,715,719,12221
14164,25,27000001,0,user_0,715,719,12221
14171,26,27000001,0,user_5,715,719,12221
14453,15,27000001,0,user_8,716,719,12221
14711,14,27000001,0,user_1,717,719,12221
13075,21,27000001,0,user_0,711,719,12221
13091,22,27000001,0,user_15,711,719,12221
13101,23,27000001,0,user_25,711,719,12221
13653,16,27000001,0,user_10,713,719,12221
12494,18,27000001,0,user_20,709,719,12221
12783,20,27000001,0,user_0,710,719,12221
12796,19,27000001,0,user_11,710,719,12221
13921,17,27000001,0,user_20,714,719,12221
14731,13,27000001,0,user_17,717,719,12221
13115,31,27000000,0,user_38,711,719,
10988,29,27000000,0,user_40,703,719,
10747,28,27000000,0,user_41,702,719,
11455,27,27000000,0,user_46,705,719,
11710,30,27000000,0,user_42,706,719,
14178,41,26999999,0,user_12,715,719,12221
14177,40,26999999,0,user_11,715,719,12221
14719,33,26999999,0,user_7,717,719,12221
13087,37,26999999,0,user_11,711,719,12221
13099,38,26999999,0,user_23,711,719,12221
13380,39,26999999,0,user_14,712,719,12221
13666,34,26999999,0,user_19,713,719,12221
12482,35,26999999,0,user_11,709,719,12221
12785,36,26999999,0,user_0,710,719,12221
10588,46,19000000,13900,user_43,701,719,
15234,42,18999999,0,builder_18,718,718,10588
14488,48,19000000,0,user_49,716,719,
13406,51,19000000,0,user_41,712,719,
11960,50,19000000,0,user_38,707,719,
12830,49,19000000,0,user_45,710,719,
15235,47,73001,0,builder_18,718,718,13117
13117,52,73000,17700000,user_40,711,719,
10450,54,6300000,155000,user_8,700,719,
15236,50,6299999,0,builder_18,718,718,10450
15237,51,6300001,0,builder_18,718,718,10986
10986,57,6300000,146000,user_39,703,719,
11192,58,6300001,0,user_3,704,719,10986
11193,60,6300001,0,user_6,704,719,10450
10473,63,6300001,0,user_23,700,719,10450
10476,64,6300001,0,user_23,700,719,10450
10477,65,6300001,0,user_24,700,719,10450
10572,62,6300001,0,user_25,701,719,10450
10569,61,6300001,0,user_20,701,719,10450
11196,59,6300001,0,user_9,704,719,10986
10478,66,6300001,0,user_25,700,719,10450
13395,75,6300000,0,user_31,712,719,
10973,74,6300000,0,user_29,703,719,
11216,69,6300000,0,user_32,704,719,
10453,71,6300000,0,user_12,700,719,
10456,72,6300000,0,user_15,700,719,
10468,70,6300000,0,user_20,700,719,
10740,73,6300000,0,user_34,702,719,
13693,68,6300000,0,user_47,713,719,
14746,67,6300000,0,user_33,717,719,
11207,77,6299999,0,user_20,704,719,10450
11197,76,6299999,0,user_10,704,719,10450
10474,79,6299999,0,user_23,700,719,10450
10475,80,6299999,0,user_23,700,719,10450
10562,78,6299999,0,user_13,701,719,10450
10725,81,6299999,0,user_18,702,719,10450
10729,82,6299999,0,user_24,702,719,10450
10943,83,6299999,0,user_1,703,719,10450
15238,79,5200001,0,builder_18,718,718,14765
14765,85,5200000,959000,user_46,717,719,
15239,81,6100001,0,builder_18,718,718,12227
12227,87,6100000,8520,user_49,708,719,
10975,90,6100000,0,user_31,703,719,
11001,89,6100000,0,user_44,703,719,
10497,88,6100000,0,user_45,700,719,
13942,91,6100000,0,user_40,714,719,
15240,87,5000001,0,builder_18,718,718,13945
13945,92,5000000,594000,user_43,714,719,
13925,95,5200000,285000,user_27,714,719,
15241,90,5199999,0,builder_18,718,718,13925
14982,96,5200001,0,user_14,718,719,14765
14976,97,5200001,0,user_9,718,719,14765
14481,99,5200000,0,user_45,716,719,
14970,94,5199999,0,user_1,718,718,14765
14974,95,5199999,0,user_7,718,718,14765
14986,96,5199999,0,user_20,718,718,14765
14757,97,5000000,68100,user_41,717,718,
15242,98,4999999,0,builder_18,718,718,14757
15243,99,5000001,0,builder_18,718,718,10585
14754,0,43000000,0,user_39,717,719,
14205,1,43000000,0,user_38,715,719,
10444,2,43000000,0,user_2,700,719,
11448,3,30000000,11200,user_33,705,719,
15498,4,29999999,0,builder_18,719,719,11448
11457,5,30000000,0,user_47,705,719,
10484,6,30000000,0,user_34,700,719,
11715,7,30000000,0,user_46,706,719,
11969,8,30000000,0,user_45,707,719,
13118,9,30000000,0,user_41,711,719,
13929,10,30000000,0,user_32,714,719,
15499,11,27000001,0,builder_18,719,719,12221
12221,12,27000000,779000,user_37,708,719,
14731,13,27000001,0,user_17,717,719,12221
14711,14,27000001,0,user_1,717,719,12221
14453,15,27000001,0,user_8,716,719,12221
13653,16,27000001,0,user_10,713,719,12221
13921,17,27000001,0,user_20,714,719,12221
12494,18,27000001,0,user_20,709,719,12221
12796,19,27000001,0,user_11,710,719,12221
12783,20,27000001,0,user_0,710,719,12221
13075,21,27000001,0,user_0,711,719,12221
13091,22,27000001,0,user_15,711,719,12221
13101,23,27000001,0,user_25,711,719,12221
14173,24,27000001,0,user_7,715,719,12221
14164,25,27000001,0,user_0,715,719,12221
14171,26,27000001,0,user_5,715,719,12221
11455,27,27000000,0,user_46,705,719,
10747,28,27000000,0,user_41,702,719,
10988,29,27000000,0,user_40,703,719,
11710,30,27000000,0,user_42,706,719,
13115,31,27000000,0,user_38,711,719,
15285,32,27000000,0,user_34,719,719,
14719,33,26999999,0,user_7,717,719,12221
13666,34,26999999,0,user_19,713,719,12221
12482,35,26999999,0,user_11,709,719,12221
12785,36,26999999,0,user_0,710,719,12221
13087,37,26999999,0,user_11,711,719,12221
13099,38,26999999,0,user_23,711,719,12221
13380,39,26999999,0,user_14,712,719,12221
14177,40,26999999,0,user_11,715,719,12221
14178,41,26999999,0,user_12,715,719,12221
15256,42,26999999,0,user_9,719,719,12221
15257,43,26999999,0,user_9,719,719,12221
15293,44,19000000,283000,user_42,719,719,
15500,45,18999999,0,builder_18,719,719,15293
10588,46,19000000,13900,user_43,701,719,
15501,47,18999999,0,builder_18,719,719,10588
14488,48,19000000,0,user_49,716,719,
12830,49,19000000,0,user_45,710,719,
11960,50,19000000,0,user_38,707,719,
13406,51,19000000,0,user_41,712,719,
13117,52,73000,17700000,user_40,711,719,
15502,53,72999,0,builder_18,719,719,13117
10450,54,6300000,155000,user_8,700,719,
15503,55,6299999,0,builder_18,719,719,10450
15504,56,6300001,0,builder_18,719,719,10986
10986,57,6300000,146000,user_39,703,719,
11192,58,6300001,0,user_3,704,719,10986
11196,59,6300001,0,user_9,704,719,10986
11193,60,6300001,0,user_6,704,719,10450
10569,61,6300001,0,user_20,701,719,10450
10572,62,6300001,0,user_25,701,719,10450
10473,63,6300001,0,user_23,700,719,10450
10476,64,6300001,0,user_23,700,719,10450
10477,65,6300001,0,user_24,700,719,10450
10478,66,6300001,0,user_25,700,719,10450
14746,67,6300000,0,user_33,717,719,
13693,68,6300000,0,user_47,713,719,
11216,69,6300000,0,user_32,704,719,
10468,70,6300000,0,user_20,700,719,
10453,71,6300000,0,user_12,700,719,
10456,72,6300000,0,user_15,700,719,
10740,73,6300000,0,user_34,702,719,
10973,74,6300000,0,user_29,703,719,
13395,75,6300000,0,user_31,712,719,
11197,76,6299999,0,user_10,704,719,10450
11207,77,6299999,0,user_20,704,719,10450
10562,78,6299999,0,user_13,701,719,10450
10474,79,6299999,0,user_23,700,719,10450
10475,80,6299999,0,user_23,700,719,10450
10725,81,6299999,0,user_18,702,719,10450
10729,82,6299999,0,user_24,702,719,10450
10943,83,6299999,0,user_1,703,719,10450
15505,84,5200001,0,builder_18,719,719,14765
14765,85,5200000,959000,user_46,717,719,
15506,86,6100001,0,builder_18,719,719,12227
12227,87,6100000,8520,user_49,708,719,
10497,88,6100000,0,user_45,700,719,
11001,89,6100000,0,user_44,703,719,
10975,90,6100000,0,user_31,703,719,
13942,91,6100000,0,user_40,714,719,
13945,92,5000000,594000,user_43,714,719,
15507,93,4999999,0,builder_18,719,719,13945
15508,94,5200001,0,builder_18,719,719,13925
13925,95,5200000,285000,user_27,714,719,
14982,96,5200001,0,user_14,718,719,14765
14976,97,5200001,0,user_9,718,719,14765
15245,98,5200001,0,user_3,719,719,14765
14481,99,5200000,0,user_45,716,719,
10444,2,43000000,0,user_2,720,739,
10484,6,30000000,0,user_34,720,739,
10450,54,6300000,155000,user_8,720,739,
10547,3,6299999,0,builder_18,720,720,10450
10473,63,6300001,0,user_23,720,739,10450
10476,64,6300001,0,user_23,720,739,10450
10477,65,6300001,0,user_24,720,739,10450
10478,66,6300001,0,user_25,720,739,10450
10453,71,6300000,0,user_12,720,739,
10468,70,6300000,0,user_20,720,739,
10456,72,6300000,0,user_15,720,739,
10474,79,6299999,0,user_23,720,739,10450
10475,80,6299999,0,user_23,720,739,10450
10497,88,6100000,0,user_45,720,739,
10445,98,5000000,0,user_4,720,737,
10462,99,5000000,0,user_17,720,737,
10448,98,4500000,0,user_6,720,735,
10455,99,2500000,0,user_14,720,732,
10485,92,2500000,0,user_34,720,731,
10465,94,2300000,0,user_17,720,731,
10454,99,2000000,0,user_13,720,730,
10494,94,2000000,0,user_42,720,729,
10548,22,1800001,0,builder_18,720,720,10496
10496,88,1800000,128000,user_44,720,728,
10493,94,1600000,0,user_42,720,726,
10490,92,1500000,0,user_41,720,725,
10460,96,1400000,0,user_16,720,725,
10469,90,1100000,0,user_21,720,724,
10481,92,970000,0,user_32,720,723,
10492,94,910000,0,user_42,720,723,
10461,96,870000,0,user_16,720,723,
10500,99,530000,11200,user_48,720,723,
10549,32,529999,0,builder_18,720,720,10500
10498,81,420000,67500,user_46,720,722,
10550,34,419999,0,builder_18,720,720,10498
10452,83,460000,0,user_10,720,722,
10495,84,460000,0,user_42,720,722,
10551,37,79001,0,builder_18,720,720,10480
10480,62,79000,296000,user_32,720,721,
10443,63,320000,0,user_1,720,721,
10458,64,310000,0,user_16,720,721,
10464,65,300000,0,user_17,720,721,
10491,66,300000,0,user_42,720,721,
10466,67,260000,0,user_18,720,721,
10499,69,220000,0,user_47,720,721,
10447,70,170000,0,user_5,720,721,
10488,72,170000,0,user_39,720,721,
10472,71,170000,0,user_22,720,721,
10457,75,160000,0,user_16,720,721,
10451,79,160000,0,user_9,720,721,
10463,77,160000,0,user_17,720,721,
10489,78,160000,0,user_40,720,721,
10482,76,160000,0,user_32,720,721,
10483,81,130000,0,user_32,720,721,
10459,82,120000,0,user_16,720,721,
10471,83,120000,0,user_22,720,721,
10449,88,87000,0,user_7,720,721,
10470,90,80000,0,user_21,720,721,
10487,89,80000,0,user_37,720,721,
10446,59,73000,0,user_4,720,720,
10444,2,43000000,0,user_2,720,739,
10484,6,30000000,0,user_34,720,739,
10699,2,6300001,0,builder_18,721,721,10450
10450,54,6300000,155000,user_8,720,739,
10473,63,6300001,0,user_23,720,739,10450
10476,64,6300001,0,user_23,720,739,10450
10477,65,6300001,0,user_24,720,739,10450
10478,66,6300001,0,user_25,720,739,10450
10569,61,6300001,0,user_20,721,739,10450
10572,62,6300001,0,user_25,721,739,10450
10453,71,6300000,0,user_12,720,739,
10468,70,6300000,0,user_20,720,739,
10456,72,6300000,0,user_15,720,739,
10474,79,6299999,0,user_23,720,739,10450
10475,80,6299999,0,user_23,720,739,10450
10562,78,6299999,0,user_13,721,739,10450
10497,88,6100000,0,user_45,720,739,
10445,98,5000000,0,user_4,720,737,
10462,99,5000000,0,user_17,720,737,
10448,98,4500000,0,user_6,720,735,
10575,96,3200000,0,user_27,721,733,
10455,99,2500000,0,user_14,720,732,
10485,92,2500000,0,user_34,720,731,
10465,94,2300000,0,user_17,720,731,
10586,91,2100000,0,user_41,721,730,
10454,99,2000000,0,user_13,720,730,
10494,94,2000000,0,user_42,720,729,
10496,88,1800000,128000,user_44,720,728,
10700,28,1799999,0,builder_18,721,721,10496
10565,96,1800001,0,user_16,721,728,10496
10554,97,1799999,0,user_2,721,728,10496
10558,98,1799999,0,user_10,721,728,10496
10566,89,1799999,0,user_17,721,727,10496
10493,94,1600000,0,user_42,720,726,
10579,95,1600000,0,user_33,721,726,
10490,92,1500000,0,user_41,720,725,
10701,36,1400001,0,builder_18,721,721,10580
10580,95,1400000,6390,user_34,721,725,
10460,96,1400000,0,user_16,720,725,
10577,99,1000000,381000,user_29,721,725,
10702,40,999999,0,builder_18,721,721,10577
10469,90,1100000,0,user_21,720,724,
10486,85,1000000,0,user_35,720,723,
10481,92,970000,0,user_32,720,723,
10492,94,910000,0,user_42,720,723,
10578,95,910000,0,user_32,721,723,
10461,96,870000,0,user_16,720,723,
10582,97,630000,0,user_36,721,723,
10500,99,530000,11200,user_48,720,723,
10703,49,529999,0,builder_18,721,721,10500
10563,77,530001,0,user_14,721,722,10500
10571,78,530001,0,user_24,721,722,10500
10567,79,529999,0,user_18,721,722,10500
10704,53,420001,0,builder_18,721,721,10498
10498,81,420000,67500,user_46,720,722,
10452,83,460000,0,user_10,720,722,
10495,84,460000,0,user_42,720,722,
10564,85,420001,0,user_15,721,722,10498
10573,86,420001,0,user_26,721,722,10498
10705,59,340001,0,builder_18,721,721,10589
10589,60,340000,60700,user_47,721,721,
10706,61,79001,0,builder_18,721,721,10480
10480,62,79000,296000,user_32,720,721,
10443,63,320000,0,user_1,720,721,
10458,64,310000,0,user_16,720,721,
10464,65,300000,0,user_17,720,721,
10491,66,300000,0,user_42,720,721,
10466,67,260000,0,user_18,720,721,
10504,68,240000,0,user_49,720,721,
10499,69,220000,0,user_47,720,721,
10447,70,170000,0,user_5,720,721,
10472,71,170000,0,user_22,720,721,
10488,72,170000,0,user_39,720,721,
10501,73,170000,0,user_49,720,721,
10479,74,160000,0,user_28,720,721,
10457,75,160000,0,user_16,720,721,
10482,76,160000,0,user_32,720,721,
10463,77,160000,0,user_17,720,721,
10489,78,160000,0,user_40,720,721,
10451,79,160000,0,user_9,720,721,
10505,80,150000,0,user_49,720,721,
10483,81,130000,0,user_32,720,721,
10459,82,120000,0,user_16,720,721,
10471,83,120000,0,user_22,720,721,
10502,84,120000,0,user_49,720,721,
10584,85,120000,0,user_37,721,721,
10574,86,110000,0,user_27,721,721,
10583,87,98000,0,user_36,721,721,
10449,88,87000,0,user_7,720,721,
10487,89,80000,0,user_37,720,721,
10470,90,80000,0,user_21,720,721,
10555,91,79001,0,user_3,721,721,10480
10561,92,79001,0,user_11,721,721,10480
10557,93,79001,0,user_10,721,721,10480
10552,94,78999,0,user_1,721,721,10480
10553,95,78999,0,user_2,721,721,10480
10560,96,78999,0,user_11,721,721,10480
10559,97,78999,0,user_10,721,721,10480
10570,98,78999,0,user_21,721,721,10480
10556,99,78999,0,user_9,721,721,10480
10444,2,43000000,0,user_2,720,739,
10484,6,30000000,0,user_34,720,739,
10747,28,27000000,0,user_41,722,739,
10915,3,19000001,0,builder_16,722,722,10588
10588,46,19000000,13900,user_43,721,739,
10916,5,6300001,0,builder_16,722,722,10450
10450,54,6300000,155000,user_8,720,739,
10473,63,6300001,0,user_23,720,739,10450
10476,64,6300001,0,user_23,720,739,10450
10477,65,6300001,0,user_24,720,739,10450
10478,66,6300001,0,user_25,720,739,10450
10569,61,6300001,0,user_20,721,739,10450
10572,62,6300001,0,user_25,721,739,10450
10453,71,6300000,0,user_12,720,739,
10468,70,6300000,0,user_20,720,739,
10456,72,6300000,0,user_15,720,739,
10740,73,6300000,0,user_34,722,739,
10474,79,6299999,0,user_23,720,739,10450
10475,80,6299999,0,user_23,720,739,10450
10562,78,6299999,0,user_13,721,739,10450
10725,81,6299999,0,user_18,722,739,10450
10729,82,6299999,0,user_24,722,739,10450
10497,88,6100000,0,user_45,720,739,
10917,23,5000001,0,builder_16,722,722,10585
10585,94,5000000,6390,user_38,721,737,
10445,98,5000000,0,user_4,720,737,
10462,99,5000000,0,user_17,720,737,
10748,88,5000000,0,user_41,722,736,
10742,87,5000000,0,user_36,722,736,
10448,98,4500000,0,user_6,720,735,
10576,97,4500000,0,user_28,721,735,
10575,96,3200000,0,user_27,721,733,
10455,99,2500000,0,user_14,720,732,
10485,92,2500000,0,user_34,720,731,
10465,94,2300000,0,user_17,720,731,
10586,91,2100000,0,user_41,721,730,
10454,99,2000000,0,user_13,720,730,
10494,94,2000000,0,user_42,720,729,
10737,95,2000000,0,user_32,722,729,
10496,88,1800000,128000,user_44,720,728,
10918,40,1799999,0,builder_16,722,722,10496
10565,96,1800001,0,user_16,721,728,10496
10732,95,1800001,0,user_26,722,728,10496
10554,97,1799999,0,user_2,721,728,10496
10558,98,1799999,0,user_10,721,728,10496
10566,89,1799999,0,user_17,721,727,10496
10710,99,1799999,0,user_2,722,728,10496
10493,94,1600000,0,user_42,720,726,
10579,95,1600000,0,user_33,721,726,
10754,96,1600000,0,user_46,722,726,
10490,92,1500000,0,user_41,720,725,
10739,91,1500000,0,user_32,722,725,
10919,52,1400001,0,builder_16,722,722,10580
10580,95,1400000,6390,user_34,721,725,
10460,96,1400000,0,user_16,720,725,
10577,99,1000000,381000,user_29,721,725,
10920,56,999999,0,builder_16,722,722,10577
10469,90,1100000,0,user_21,720,724,
10590,89,1100000,0,user_49,721,724,
10711,95,1000001,0,user_3,722,724,10577
10722,96,1000001,0,user_14,722,724,10577
10727,98,1000001,0,user_22,722,724,10577
10721,94,1000001,0,user_13,722,724,10577
10726,97,1000001,0,user_21,722,724,10577
10486,85,1000000,0,user_35,720,723,
10587,86,1000000,0,user_43,721,723,
10716,88,999999,0,user_9,722,723,10577
10718,87,999999,0,user_10,722,723,10577
10723,89,999999,0,user_15,722,723,10577
10481,92,970000,0,user_32,720,723,
10492,94,910000,0,user_42,720,723,
10578,95,910000,0,user_32,721,723,
10461,96,870000,0,user_16,720,723,
10582,97,630000,0,user_36,721,723,
10753,98,600000,0,user_46,722,723,
10921,75,530001,0,builder_16,722,722,10500
10500,99,530000,11200,user_48,720,723,
10563,77,530001,0,user_14,721,722,10500
10571,78,530001,0,user_24,721,722,10500
10567,79,529999,0,user_18,721,722,10500
10922,80,420001,0,builder_16,722,722,10498
10498,81,420000,67500,user_46,720,722,
10750,82,470000,0,user_45,722,722,
10452,83,460000,0,user_10,720,722,
10495,84,460000,0,user_42,720,722,
10564,85,420001,0,user_15,721,722,10498
10573,86,420001,0,user_26,721,722,10498
10730,87,420001,0,user_24,722,722,10498
10568,88,419999,0,user_19,721,722,10498
10712,89,419999,0,user_4,722,722,10498
10717,90,419999,0,user_9,722,722,10498
10708,91,419999,0,user_2,722,722,10498
10709,92,419999,0,user_2,722,722,10498
10719,93,419999,0,user_11,722,722,10498
10713,94,419999,0,user_6,722,722,10498
10724,95,419999,0,user_17,722,722,10498
10715,96,419999,0,user_7,722,722,10498
10728,97,419999,0,user_23,722,722,10498
10731,98,419999,0,user_24,722,722,10498
10923,99,340001,0,builder_16,722,722,10589
10444,2,43000000,0,user_2,720,739,
10484,6,30000000,0,user_34,720,739,
10747,28,27000000,0,user_41,722,739,
10988,29,27000000,0,user_40,723,739,
11161,4,19000001,0,builder_16,723,723,10588
10588,46,19000000,13900,user_43,721,739,
10450,54,6300000,155000,user_8,720,739,
11162,7,6299999,0,builder_16,723,723,10450
11163,8,6300001,0,builder_16,723,723,10986
10986,57,6300000,146000,user_39,723,739,
10473,63,6300001,0,user_23,720,739,10450
10476,64,6300001,0,user_23,720,739,10450
10477,65,6300001,0,user_24,720,739,10450
10478,66,6300001,0,user_25,720,739,10450
10569,61,6300001,0,user_20,721,739,10450
10572,62,6300001,0,user_25,721,739,10450
10453,71,6300000,0,user_12,720,739,
10468,70,6300000,0,user_20,720,739,
10456,72,6300000,0,user_15,720,739,
10740,73,6300000,0,user_34,722,739,
10973,74,6300000,0,user_29,723,739,
10474,79,6299999,0,user_23,720,739,10450
10475,80,6299999,0,user_23,720,739,10450
10562,78,6299999,0,user_13,721,739,10450
10725,81,6299999,0,user_18,722,739,10450
10943,83,6299999,0,user_1,723,739,10450
10729,82,6299999,0,user_24,722,739,10450
10497,88,6100000,0,user_45,720,739,
11001,89,6100000,0,user_44,723,739,
10585,94,5000000,6390,user_38,721,737,
11164,30,4999999,0,builder_16,723,723,10585
10445,98,5000000,0,user_4,720,737,
10462,99,5000000,0,user_17,720,737,
10749,96,5000000,0,user_43,722,737,
10742,87,5000000,0,user_36,722,736,
10748,88,5000000,0,user_41,722,736,
10448,98,4500000,0,user_6,720,735,
10576,97,4500000,0,user_28,721,735,
10575,96,3200000,0,user_27,721,733,
10455,99,2500000,0,user_14,720,732,
10485,92,2500000,0,user_34,720,731,
10465,94,2300000,0,user_17,720,731,
10984,95,2300000,0,user_37,723,731,
10586,91,2100000,0,user_41,721,730,
10733,93,2000000,49100,user_27,722,730,
11165,45,1999999,0,builder_16,723,723,10733
10454,99,2000000,0,user_13,720,730,
10494,94,2000000,0,user_42,720,729,
10737,95,2000000,0,user_32,722,729,
11000,95,2000000,0,user_44,723,730,
10991,96,2000000,0,user_40,723,730,
10996,97,2000000,0,user_41,723,730,
10496,88,1800000,128000,user_44,720,728,
11166,53,1799999,0,builder_16,723,723,10496
10995,90,1900000,0,user_41,723,728,
10565,96,1800001,0,user_16,721,728,10496
10732,95,1800001,0,user_26,722,728,10496
10554,97,1799999,0,user_2,721,728,10496
10558,98,1799999,0,user_10,721,728,10496
10566,89,1799999,0,user_17,721,727,10496
10710,99,1799999,0,user_2,722,728,10496
10947,92,1799999,0,user_6,723,727,10496
10493,94,1600000,0,user_42,720,726,
10579,95,1600000,0,user_33,721,726,
10754,96,1600000,0,user_46,722,726,
10490,92,1500000,0,user_41,720,725,
10739,91,1500000,0,user_32,722,725,
10994,93,1500000,0,user_41,723,725,
11167,68,1400001,0,builder_16,723,723,10580
10580,95,1400000,6390,user_34,721,725,
10460,96,1400000,0,user_16,720,725,
10577,99,1000000,381000,user_29,721,725,
11168,72,999999,0,builder_16,723,723,10577
10997,83,1300000,0,user_41,723,724,
10469,90,1100000,0,user_21,720,724,
10590,89,1100000,0,user_49,721,724,
10989,91,1100000,0,user_40,723,724,
11169,77,1000001,0,builder_16,723,723,10980
10980,93,1000000,15700,user_33,723,724,
10711,95,1000001,0,user_3,722,724,10577
10722,96,1000001,0,user_14,722,724,10577
10726,97,1000001,0,user_21,722,724,10577
10721,94,1000001,0,user_13,722,724,10577
10727,98,1000001,0,user_22,722,724,10577
10945,99,1000001,0,user_3,723,724,10577
10486,85,1000000,0,user_35,720,723,
10587,86,1000000,0,user_43,721,723,
10718,87,999999,0,user_10,722,723,10577
10716,88,999999,0,user_9,722,723,10577
10723,89,999999,0,user_15,722,723,10577
10955,90,999999,0,user_11,723,723,10577
10957,91,999999,0,user_12,723,723,10577
10481,92,970000,0,user_32,720,723,
10744,93,970000,0,user_38,722,723,
10492,94,910000,0,user_42,720,723,
10578,95,910000,0,user_32,721,723,
10461,96,870000,0,user_16,720,723,
10582,97,630000,0,user_36,721,723,
10753,98,600000,0,user_46,722,723,
10500,99,530000,11200,user_48,720,723,
10444,2,43000000,0,user_2,720,739,
10484,6,30000000,0,user_34,720,739,
10747,28,27000000,0,user_41,722,739,
10988,29,27000000,0,user_40,723,739,
11383,4,19000001,0,builder_16,724,724,10588
10588,46,19000000,13900,user_43,721,739,
11384,6,6300001,0,builder_16,724,724,10450
10450,54,6300000,155000,user_8,720,739,
10569,61,6300001,0,user_20,721,739,10450
10572,62,6300001,0,user_25,721,739,10450
10473,63,6300001,0,user_23,720,739,10450
10476,64,6300001,0,user_23,720,739,10450
10477,65,6300001,0,user_24,720,739,10450
10478,66,6300001,0,user_25,720,739,10450
11196,59,6300001,0,user_9,724,739,10986
11192,58,6300001,0,user_3,724,739,10986
11193,60,6300001,0,user_6,724,739,10450
10468,70,6300000,0,user_20,720,739,
10453,71,6300000,0,user_12,720,739,
10456,72,6300000,0,user_15,720,739,
10740,73,6300000,0,user_34,722,739,
10973,74,6300000,0,user_29,723,739,
11216,69,6300000,0,user_32,724,739,
10562,78,6299999,0,user_13,721,739,10450
10474,79,6299999,0,user_23,720,739,10450
10475,80,6299999,0,user_23,720,739,10450
10725,81,6299999,0,user_18,722,739,10450
10729,82,6299999,0,user_24,722,739,10450
10943,83,6299999,0,user_1,723,739,10450
11197,76,6299999,0,user_10,724,739,10450
11207,77,6299999,0,user_20,724,739,10450
10497,88,6100000,0,user_45,720,739,
11001,89,6100000,0,user_44,723,739,
10975,90,6100000,0,user_31,723,739,
11385,34,5000001,0,builder_16,724,724,10585
10585,94,5000000,6390,user_38,721,737,
10445,98,5000000,0,user_4,720,737,
10462,99,5000000,0,user_17,720,737,
10748,88,5000000,0,user_41,722,736,
10742,87,5000000,0,user_36,722,736,
10749,96,5000000,0,user_43,722,737,
11226,97,5000000,0,user_45,724,737,
10576,97,4500000,0,user_28,721,735,
10448,98,4500000,0,user_6,720,735,
10575,96,3200000,0,user_27,721,733,
10455,99,2500000,0,user_14,720,732,
10485,92,2500000,0,user_34,720,731,
10465,94,2300000,0,user_17,720,731,
10984,95,2300000,0,user_37,723,731,
11386,49,1200001,0,builder_16,724,724,10985
10985,98,1200000,959000,user_38,723,731,
10586,91,2100000,0,user_41,721,730,
10733,93,2000000,49100,user_27,722,730,
11387,53,1999999,0,builder_16,724,724,10733
10454,99,2000000,0,user_13,720,730,
10494,94,2000000,0,user_42,720,729,
10737,95,2000000,0,user_32,722,729,
11000,95,2000000,0,user_44,723,730,
10991,96,2000000,0,user_40,723,730,
10996,97,2000000,0,user_41,723,730,
10496,88,1800000,128000,user_44,720,728,
11388,61,1799999,0,builder_16,724,724,10496
10995,90,1900000,0,user_41,723,728,
11227,91,1600000,256000,user_46,724,728,
11389,64,1599999,0,builder_16,724,724,11227
10565,96,1800001,0,user_16,721,728,10496
10732,95,1800001,0,user_26,722,728,10496
10558,98,1799999,0,user_10,721,728,10496
10566,89,1799999,0,user_17,721,727,10496
10710,99,1799999,0,user_2,722,728,10496
10554,97,1799999,0,user_2,721,728,10496
10947,92,1799999,0,user_6,723,727,10496
10579,95,1600000,0,user_33,721,726,
10493,94,1600000,0,user_42,720,726,
10754,96,1600000,0,user_46,722,726,
10490,92,1500000,0,user_41,720,725,
10739,91,1500000,0,user_32,722,725,
10994,93,1500000,0,user_41,723,725,
11390,78,1400001,0,builder_16,724,724,10580
10580,95,1400000,6390,user_34,721,725,
10460,96,1400000,0,user_16,720,725,
11391,81,1000001,0,builder_16,724,724,10577
10577,99,1000000,381000,user_29,721,725,
10997,83,1300000,0,user_41,723,724,
11199,84,1200001,0,user_11,724,724,10985
11201,85,1200001,0,user_14,724,724,10985
11200,86,1200001,0,user_12,724,724,10985
11209,87,1199999,0,user_22,724,724,10985
11203,88,1199999,0,user_17,724,724,10985
10590,89,1100000,0,user_49,721,724,
10469,90,1100000,0,user_21,720,724,
10989,91,1100000,0,user_40,723,724,
11392,92,1000001,0,builder_16,724,724,10980
10980,93,1000000,15700,user_33,723,724,
10721,94,1000001,0,user_13,722,724,10577
10711,95,1000001,0,user_3,722,724,10577
10722,96,1000001,0,user_14,722,724,10577
10726,97,1000001,0,user_21,722,724,10577
10727,98,1000001,0,user_22,722,724,10577
10945,99,1000001,0,user_3,723,724,10577
10444,2,43000000,0,user_2,720,739,
11448,3,30000000,11200,user_33,725,739,
11638,2,29999999,0,builder_16,725,725,11448
10484,6,30000000,0,user_34,720,739,
11457,5,30000000,0,user_47,725,739,
10747,28,27000000,0,user_41,722,739,
10988,29,27000000,0,user_40,723,739,
11455,27,27000000,0,user_46,725,739,
11639,8,19000001,0,builder_16,725,725,10588
10588,46,19000000,13900,user_43,721,739,
10450,54,6300000,155000,user_8,720,739,
11640,11,6299999,0,builder_16,725,725,10450
11641,12,6300001,0,builder_16,725,725,10986
10986,57,6300000,146000,user_39,723,739,
10572,62,6300001,0,user_25,721,739,10450
10569,61,6300001,0,user_20,721,739,10450
10473,63,6300001,0,user_23,720,739,10450
10476,64,6300001,0,user_23,720,739,10450
10478,66,6300001,0,user_25,720,739,10450
10477,65,6300001,0,user_24,720,739,10450
11192,58,6300001,0,user_3,724,739,10986
11196,59,6300001,0,user_9,724,739,10986
11193,60,6300001,0,user_6,724,739,10450
10740,73,6300000,0,user_34,722,739,
10468,70,6300000,0,user_20,720,739,
10453,71,6300000,0,user_12,720,739,
10456,72,6300000,0,user_15,720,739,
10973,74,6300000,0,user_29,723,739,
11216,69,6300000,0,user_32,724,739,
10725,81,6299999,0,user_18,722,739,10450
10729,82,6299999,0,user_24,722,739,10450
10943,83,6299999,0,user_1,723,739,10450
10562,78,6299999,0,user_13,721,739,10450
10474,79,6299999,0,user_23,720,739,10450
10475,80,6299999,0,user_23,720,739,10450
11197,76,6299999,0,user_10,724,739,10450
11207,77,6299999,0,user_20,724,739,10450
11001,89,6100000,0,user_44,723,739,
10497,88,6100000,0,user_45,720,739,
10975,90,6100000,0,user_31,723,739,
11642,40,5000001,0,builder_16,725,725,10585
10585,94,5000000,6390,user_38,721,737,
10742,87,5000000,0,user_36,722,736,
10748,88,5000000,0,user_41,722,736,
10749,96,5000000,0,user_43,722,737,
10445,98,5000000,0,user_4,720,737,
10462,99,5000000,0,user_17,720,737,
11226,97,5000000,0,user_45,724,737,
11456,96,4500000,121000,user_46,725,736,
11643,49,4499999,0,builder_16,725,725,11456
10448,98,4500000,0,user_6,720,735,
10576,97,4500000,0,user_28,721,735,
11213,96,4200000,0,user_31,724,734,
10575,96,3200000,0,user_27,721,733,
10455,99,2500000,0,user_14,720,732,
10485,92,2500000,0,user_34,720,731,
11454,98,2500000,0,user_40,725,732,
10984,95,2300000,0,user_37,723,731,
10465,94,2300000,0,user_17,720,731,
11644,59,1200001,0,builder_16,725,725,10985
10985,98,1200000,959000,user_38,723,731,
10586,91,2100000,0,user_41,721,730,
11645,62,2000001,0,builder_16,725,725,10733
10733,93,2000000,49100,user_27,722,730,
10737,95,2000000,0,user_32,722,729,
11000,95,2000000,0,user_44,723,730,
10454,99,2000000,0,user_13,720,730,
10494,94,2000000,0,user_42,720,729,
10991,96,2000000,0,user_40,723,730,
10996,97,2000000,0,user_41,723,730,
11214,98,2000000,0,user_31,724,730,
10496,88,1800000,128000,user_44,720,728,
11646,72,1799999,0,builder_16,725,725,10496
10995,90,1900000,0,user_41,723,728,
11227,91,1600000,256000,user_46,724,728,
11647,75,1599999,0,builder_16,725,725,11227
10732,95,1800001,0,user_26,722,728,10496
10565,96,1800001,0,user_16,721,728,10496
10554,97,1799999,0,user_2,721,728,10496
10558,98,1799999,0,user_10,721,728,10496
10710,99,1799999,0,user_2,722,728,10496
10566,89,1799999,0,user_17,721,727,10496
10947,92,1799999,0,user_6,723,727,10496
11450,93,1600000,39400,user_36,725,727,
11648,84,1599999,0,builder_16,725,725,11450
11430,96,1600001,0,user_15,725,727,11227
11431,95,1600001,0,user_18,725,727,11227
10754,96,1600000,0,user_46,722,726,
10579,95,1600000,0,user_33,721,726,
10493,94,1600000,0,user_42,720,726,
11437,98,1599999,0,user_21,725,726,11227
10739,91,1500000,0,user_32,722,725,
10490,92,1500000,0,user_41,720,725,
10994,93,1500000,0,user_41,723,725,
11649,94,1400001,0,builder_16,725,725,10580
10580,95,1400000,6390,user_34,721,725,
10460,96,1400000,0,user_16,720,725,
11212,97,1400000,0,user_27,724,725,
11650,98,1000001,0,builder_16,725,725,10577
10577,99,1000000,381000,user_29,721,725,
10444,2,43000000,0,user_2,720,739,
11448,3,30000000,11200,user_33,725,739,
11895,2,29999999,0,builder_16,726,726,11448
10484,6,30000000,0,user_34,720,739,
11457,5,30000000,0,user_47,725,739,
11715,7,30000000,0,user_46,726,739,
10988,29,27000000,0,user_40,723,739,
10747,28,27000000,0,user_41,722,739,
11455,27,27000000,0,user_46,725,739,
11710,30,27000000,0,user_42,726,739,
10588,46,19000000,13900,user_43,721,739,
11896,11,18999999,0,builder_16,726,726,10588
11897,12,6300001,0,builder_16,726,726,10450
10450,54,6300000,155000,user_8,720,739,
11898,14,6300001,0,builder_16,726,726,10986
10986,57,6300000,146000,user_39,723,739,
10473,63,6300001,0,user_23,720,739,10450
10476,64,6300001,0,user_23,720,739,10450
10477,65,6300001,0,user_24,720,739,10450
10478,66,6300001,0,user_25,720,739,10450
10569,61,6300001,0,user_20,721,739,10450
10572,62,6300001,0,user_25,721,739,10450
11192,58,6300001,0,user_3,724,739,10986
11193,60,6300001,0,user_6,724,739,10450
11196,59,6300001,0,user_9,724,739,10986
10973,74,6300000,0,user_29,723,739,
10453,71,6300000,0,user_12,720,739,
10468,70,6300000,0,user_20,720,739,
10456,72,6300000,0,user_15,720,739,
10740,73,6300000,0,user_34,722,739,
11216,69,6300000,0,user_32,724,739,
10943,83,6299999,0,user_1,723,739,10450
11197,76,6299999,0,user_10,724,739,10450
11207,77,6299999,0,user_20,724,739,10450
10474,79,6299999,0,user_23,720,739,10450
10475,80,6299999,0,user_23,720,739,10450
10562,78,6299999,0,user_13,721,739,10450
10725,81,6299999,0,user_18,722,739,10450
10729,82,6299999,0,user_24,722,739,10450
11001,89,6100000,0,user_44,723,739,
10975,90,6100000,0,user_31,723,739,
10497,88,6100000,0,user_45,720,739,
10585,94,5000000,6390,user_38,721,737,
11899,43,4999999,0,builder_16,726,726,10585
10749,96,5000000,0,user_43,722,737,
11226,97,5000000,0,user_45,724,737,
10445,98,5000000,0,user_4,720,737,
10462,99,5000000,0,user_17,720,737,
10742,87,5000000,0,user_36,722,736,
10748,88,5000000,0,user_41,722,736,
11709,86,5000000,0,user_40,726,736,
11900,51,4500001,0,builder_16,726,726,11456
11456,96,4500000,121000,user_46,725,736,
10448,98,4500000,0,user_6,720,735,
10576,97,4500000,0,user_28,721,735,
11446,96,4500000,0,user_31,725,735,
11213,96,4200000,0,user_31,724,734,
10575,96,3200000,0,user_27,721,733,
11716,93,2600000,0,user_47,726,732,
10455,99,2500000,0,user_14,720,732,
10485,92,2500000,0,user_34,720,731,
11454,98,2500000,0,user_40,725,732,
10984,95,2300000,0,user_37,723,731,
10465,94,2300000,0,user_17,720,731,
10985,98,1200000,959000,user_38,723,731,
11901,65,1199999,0,builder_16,726,726,10985
10586,91,2100000,0,user_41,721,730,
10733,93,2000000,49100,user_27,722,730,
11902,68,1999999,0,builder_16,726,726,10733
11000,95,2000000,0,user_44,723,730,
10991,96,2000000,0,user_40,723,730,
10996,97,2000000,0,user_41,723,730,
10454,99,2000000,0,user_13,720,730,
10494,94,2000000,0,user_42,720,729,
10737,95,2000000,0,user_32,722,729,
11214,98,2000000,0,user_31,724,730,
11903,76,1800001,0,builder_16,726,726,10496
10496,88,1800000,128000,user_44,720,728,
10995,90,1900000,0,user_41,723,728,
11227,91,1600000,256000,user_46,724,728,
11904,80,1599999,0,builder_16,726,726,11227
10565,96,1800001,0,user_16,721,728,10496
10732,95,1800001,0,user_26,722,728,10496
10947,92,1799999,0,user_6,723,727,10496
10554,97,1799999,0,user_2,721,728,10496
10558,98,1799999,0,user_10,721,728,10496
10566,89,1799999,0,user_17,721,727,10496
10710,99,1799999,0,user_2,722,728,10496
11905,88,1600001,0,builder_16,726,726,11450
11450,93,1600000,39400,user_36,725,727,
11430,96,1600001,0,user_15,725,727,11227
11431,95,1600001,0,user_18,725,727,11227
11679,97,1600001,0,user_1,726,727,11227
11688,98,1600001,0,user_11,726,727,11227
10493,94,1600000,0,user_42,720,726,
10579,95,1600000,0,user_33,721,726,
10754,96,1600000,0,user_46,722,726,
11704,97,1600000,0,user_29,726,726,
11437,98,1599999,0,user_21,725,726,11227
11433,99,1599999,0,user_19,725,726,11227
10444,2,43000000,0,user_2,720,739,
11448,3,30000000,11200,user_33,725,739,
12166,2,29999999,0,builder_18,727,727,11448
11457,5,30000000,0,user_47,725,739,
10484,6,30000000,0,user_34,720,739,
11715,7,30000000,0,user_46,726,739,
11969,8,30000000,0,user_45,727,739,
11455,27,27000000,0,user_46,725,739,
10747,28,27000000,0,user_41,722,739,
10988,29,27000000,0,user_40,723,739,
11710,30,27000000,0,user_42,726,739,
10588,46,19000000,13900,user_43,721,739,
12167,12,18999999,0,builder_18,727,727,10588
12168,13,6300001,0,builder_18,727,727,10450
10450,54,6300000,155000,user_8,720,739,
12169,15,6300001,0,builder_18,727,727,10986
10986,57,6300000,146000,user_39,723,739,
11192,58,6300001,0,user_3,724,739,10986
11196,59,6300001,0,user_9,724,739,10986
11193,60,6300001,0,user_6,724,739,10450
10569,61,6300001,0,user_20,721,739,10450
10572,62,6300001,0,user_25,721,739,10450
10473,63,6300001,0,user_23,720,739,10450
10476,64,6300001,0,user_23,720,739,10450
10477,65,6300001,0,user_24,720,739,10450
10478,66,6300001,0,user_25,720,739,10450
11216,69,6300000,0,user_32,724,739,
10468,70,6300000,0,user_20,720,739,
10453,71,6300000,0,user_12,720,739,
10456,72,6300000,0,user_15,720,739,
10740,73,6300000,0,user_34,722,739,
10973,74,6300000,0,user_29,723,739,
11197,76,6299999,0,user_10,724,739,10450
11207,77,6299999,0,user_20,724,739,10450
10562,78,6299999,0,user_13,721,739,10450
10474,79,6299999,0,user_23,720,739,10450
10475,80,6299999,0,user_23,720,739,10450
10725,81,6299999,0,user_18,722,739,10450
10729,82,6299999,0,user_24,722,739,10450
10943,83,6299999,0,user_1,723,739,10450
10497,88,6100000,0,user_45,720,739,
11001,89,6100000,0,user_44,723,739,
10975,90,6100000,0,user_31,723,739,
12170,43,5000001,0,builder_18,727,727,10585
10585,94,5000000,6390,user_38,721,737,
11226,97,5000000,0,user_45,724,737,
10445,98,5000000,0,user_4,720,737,
10462,99,5000000,0,user_17,720,737,
10748,88,5000000,0,user_41,722,736,
10742,87,5000000,0,user_36,722,736,
10749,96,5000000,0,user_43,722,737,
11709,86,5000000,0,user_40,726,736,
11456,96,4500000,121000,user_46,725,736,
12171,53,4499999,0,builder_18,727,727,11456
11446,96,4500000,0,user_31,725,735,
10576,97,4500000,0,user_28,721,735,
10448,98,4500000,0,user_6,720,735,
11213,96,4200000,0,user_31,724,734,
10575,96,3200000,0,user_27,721,733,
11959,95,3200000,0,user_36,727,733,
11716,93,2600000,0,user_47,726,732,
11954,99,2600000,0,user_33,727,733,
11454,98,2500000,0,user_40,725,732,
10455,99,2500000,0,user_14,720,732,
10485,92,2500000,0,user_34,720,731,
10465,94,2300000,0,user_17,720,731,
10984,95,2300000,0,user_37,723,731,
10985,98,1200000,959000,user_38,723,731,
12172,68,1199999,0,builder_18,727,727,10985
10586,91,2100000,0,user_41,721,730,
12173,70,2000001,0,builder_18,727,727,10733
10733,93,2000000,49100,user_27,722,730,
11214,98,2000000,0,user_31,724,730,
10454,99,2000000,0,user_13,720,730,
10494,94,2000000,0,user_42,720,729,
10737,95,2000000,0,user_32,722,729,
11000,95,2000000,0,user_44,723,730,
10991,96,2000000,0,user_40,723,730,
10996,97,2000000,0,user_41,723,730,
12174,79,1800001,0,builder_18,727,727,10496
10496,88,1800000,128000,user_44,720,728,
10995,90,1900000,0,user_41,723,728,
12175,82,1600001,0,builder_18,727,727,11227
11227,91,1600000,256000,user_46,724,728,
12176,84,1300001,0,builder_18,727,727,11955
11955,94,1300000,510000,user_34,727,728,
10565,96,1800001,0,user_16,721,728,10496
10732,95,1800001,0,user_26,722,728,10496
10558,98,1799999,0,user_10,721,728,10496
10566,89,1799999,0,user_17,721,727,10496
10710,99,1799999,0,user_2,722,728,10496
10554,97,1799999,0,user_2,721,728,10496
10947,92,1799999,0,user_6,723,727,10496
11450,93,1600000,39400,user_36,725,727,
12177,94,1599999,0,builder_18,727,727,11450
11431,95,1600001,0,user_18,725,727,11227
11430,96,1600001,0,user_15,725,727,11227
11679,97,1600001,0,user_1,726,727,11227
11688,98,1600001,0,user_11,726,727,11227
11930,99,1600001,0,user_4,727,727,11227
10444,2,43000000,0,user_2,720,739,
11448,3,30000000,11200,user_33,725,739,
12451,2,29999999,0,builder_18,728,728,11448
11457,5,30000000,0,user_47,725,739,
11715,7,30000000,0,user_46,726,739,
11969,8,30000000,0,user_45,727,739,
10484,6,30000000,0,user_34,720,739,
12221,12,27000000,779000,user_37,728,739,
12452,8,26999999,0,builder_18,728,728,12221
11455,27,27000000,0,user_46,725,739,
11710,30,27000000,0,user_42,726,739,
10747,28,27000000,0,user_41,722,739,
10988,29,27000000,0,user_40,723,739,
10588,46,19000000,13900,user_43,721,739,
12453,14,18999999,0,builder_18,728,728,10588
11960,50,19000000,0,user_38,727,739,
12454,16,6300001,0,builder_18,728,728,10450
10450,54,6300000,155000,user_8,720,739,
10986,57,6300000,146000,user_39,723,739,
12455,19,6299999,0,builder_18,728,728,10986
10572,62,6300001,0,user_25,721,739,10450
10569,61,6300001,0,user_20,721,739,10450
10473,63,6300001,0,user_23,720,739,10450
10476,64,6300001,0,user_23,720,739,10450
10478,66,6300001,0,user_25,720,739,10450
10477,65,6300001,0,user_24,720,739,10450
11192,58,6300001,0,user_3,724,739,10986
11196,59,6300001,0,user_9,724,739,10986
11193,60,6300001,0,user_6,724,739,10450
10740,73,6300000,0,user_34,722,739,
10468,70,6300000,0,user_20,720,739,
10453,71,6300000,0,user_12,720,739,
10456,72,6300000,0,user_15,720,739,
10973,74,6300000,0,user_29,723,739,
11216,69,6300000,0,user_32,724,739,
10725,81,6299999,0,user_18,722,739,10450
10729,82,6299999,0,user_24,722,739,10450
10943,83,6299999,0,user_1,723,739,10450
10562,78,6299999,0,user_13,721,739,10450
10474,79,6299999,0,user_23,720,739,10450
10475,80,6299999,0,user_23,720,739,10450
11197,76,6299999,0,user_10,724,739,10450
11207,77,6299999,0,user_20,724,739,10450
11001,89,6100000,0,user_44,723,739,
10497,88,6100000,0,user_45,720,739,
10975,90,6100000,0,user_31,723,739,
10585,94,5000000,6390,user_38,721,737,
12456,47,4999999,0,builder_18,728,728,10585
11709,86,5000000,0,user_40,726,736,
10742,87,5000000,0,user_36,722,736,
10748,88,5000000,0,user_41,722,736,
10749,96,5000000,0,user_43,722,737,
10445,98,5000000,0,user_4,720,737,
10462,99,5000000,0,user_17,720,737,
11226,97,5000000,0,user_45,724,737,
11456,96,4500000,121000,user_46,725,736,
12457,56,4499999,0,builder_18,728,728,11456
11446,96,4500000,0,user_31,725,735,
10448,98,4500000,0,user_6,720,735,
10576,97,4500000,0,user_28,721,735,
11213,96,4200000,0,user_31,724,734,
12220,94,4200000,0,user_37,728,734,
12215,95,4200000,0,user_30,728,734,
11949,94,3500000,0,user_28,727,733,
10575,96,3200000,0,user_27,721,733,
11959,95,3200000,0,user_36,727,733,
11716,93,2600000,0,user_47,726,732,
11954,99,2600000,0,user_33,727,733,
11454,98,2500000,0,user_40,725,732,
10455,99,2500000,0,user_14,720,732,
10485,92,2500000,0,user_34,720,731,
10984,95,2300000,0,user_37,723,731,
10465,94,2300000,0,user_17,720,731,
12226,96,2300000,0,user_48,728,731,
12458,74,1200001,0,builder_18,728,728,10985
10985,98,1200000,959000,user_38,723,731,
12459,76,2100001,0,builder_18,728,728,11967
11967,99,2100000,33300,user_43,727,731,
10586,91,2100000,0,user_41,721,730,
10733,93,2000000,49100,user_27,722,730,
12460,80,1999999,0,builder_18,728,728,10733
10737,95,2000000,0,user_32,722,729,
11000,95,2000000,0,user_44,723,730,
10454,99,2000000,0,user_13,720,730,
10494,94,2000000,0,user_42,720,729,
10991,96,2000000,0,user_40,723,730,
10996,97,2000000,0,user_41,723,730,
11214,98,2000000,0,user_31,724,730,
10496,88,1800000,128000,user_44,720,728,
12461,89,1799999,0,builder_18,728,728,10496
10995,90,1900000,0,user_41,723,728,
11227,91,1600000,256000,user_46,724,728,
12462,92,1599999,0,builder_18,728,728,11227
12463,93,1300001,0,builder_18,728,728,11955
11955,94,1300000,510000,user_34,727,728,
10732,95,1800001,0,user_26,722,728,10496
10565,96,1800001,0,user_16,721,728,10496
10554,97,1799999,0,user_2,721,728,10496
10558,98,1799999,0,user_10,721,728,10496
10710,99,1799999,0,user_2,722,728,10496
10444,2,43000000,0,user_2,720,739,
11448,3,30000000,11200,user_33,725,739,
12768,2,29999999,0,builder_18,729,729,11448
11969,8,30000000,0,user_45,727,739,
10484,6,30000000,0,user_34,720,739,
11457,5,30000000,0,user_47,725,739,
11715,7,30000000,0,user_46,726,739,
12769,7,27000001,0,builder_18,729,729,12221
12221,12,27000000,779000,user_37,728,739,
12494,18,27000001,0,user_20,729,739,12221
10988,29,27000000,0,user_40,723,739,
10747,28,27000000,0,user_41,722,739,
11455,27,27000000,0,user_46,725,739,
11710,30,27000000,0,user_42,726,739,
12482,35,26999999,0,user_11,729,739,12221
12770,15,19000001,0,builder_18,729,729,10588
10588,46,19000000,13900,user_43,721,739,
11960,50,19000000,0,user_38,727,739,
12771,18,6300001,0,builder_18,729,729,10450
10450,54,6300000,155000,user_8,720,739,
12772,20,6300001,0,builder_18,729,729,10986
10986,57,6300000,146000,user_39,723,739,
10473,63,6300001,0,user_23,720,739,10450
10476,64,6300001,0,user_23,720,739,10450
10477,65,6300001,0,user_24,720,739,10450
10478,66,6300001,0,user_25,720,739,10450
10569,61,6300001,0,user_20,721,739,10450
10572,62,6300001,0,user_25,721,739,10450
11192,58,6300001,0,user_3,724,739,10986
11193,60,6300001,0,user_6,724,739,10450
11196,59,6300001,0,user_9,724,739,10986
10973,74,6300000,0,user_29,723,739,
10453,71,6300000,0,user_12,720,739,
10468,70,6300000,0,user_20,720,739,
10456,72,6300000,0,user_15,720,739,
10740,73,6300000,0,user_34,722,739,
11216,69,6300000,0,user_32,724,739,
10943,83,6299999,0,user_1,723,739,10450
11197,76,6299999,0,user_10,724,739,10450
11207,77,6299999,0,user_20,724,739,10450
10474,79,6299999,0,user_23,720,739,10450
10475,80,6299999,0,user_23,720,739,10450
10562,78,6299999,0,user_13,721,739,10450
10725,81,6299999,0,user_18,722,739,10450
10729,82,6299999,0,user_24,722,739,10450
12227,87,6100000,8520,user_49,728,739,
12773,46,6099999,0,builder_18,729,729,12227
11001,89,6100000,0,user_44,723,739,
10975,90,6100000,0,user_31,723,739,
10497,88,6100000,0,user_45,720,739,
12774,50,5000001,0,builder_18,729,729,10585
10585,94,5000000,6390,user_38,721,737,
10749,96,5000000,0,user_43,722,737,
11226,97,5000000,0,user_45,724,737,
10445,98,5000000,0,user_4,720,737,
10462,99,5000000,0,user_17,720,737,
10742,87,5000000,0,user_36,722,736,
10748,88,5000000,0,user_41,722,736,
11709,86,5000000,0,user_40,726,736,
11456,96,4500000,121000,user_46,725,736,
12775,60,4499999,0,builder_18,729,729,11456
10448,98,4500000,0,user_6,720,735,
10576,97,4500000,0,user_28,721,735,
11446,96,4500000,0,user_31,725,735,
12220,94,4200000,0,user_37,728,734,
11213,96,4200000,0,user_31,724,734,
12215,95,4200000,0,user_30,728,734,
12521,97,4200000,0,user_47,729,734,
12510,93,3500000,31700,user_39,729,733,
12776,69,3499999,0,builder_18,729,729,12510
11949,94,3500000,0,user_28,727,733,
11959,95,3200000,0,user_36,727,733,
10575,96,3200000,0,user_27,721,733,
11954,99,2600000,0,user_33,727,733,
11716,93,2600000,0,user_47,726,732,
12518,97,1800000,769000,user_44,729,732,
12777,76,1799999,0,builder_18,729,729,12518
10455,99,2500000,0,user_14,720,732,
10485,92,2500000,0,user_34,720,731,
11454,98,2500000,0,user_40,725,732,
10984,95,2300000,0,user_37,723,731,
10465,94,2300000,0,user_17,720,731,
12226,96,2300000,0,user_48,728,731,
10985,98,1200000,959000,user_38,723,731,
12778,84,1199999,0,builder_18,729,729,10985
11967,99,2100000,33300,user_43,727,731,
12779,86,2099999,0,builder_18,729,729,11967
10586,91,2100000,0,user_41,721,730,
10733,93,2000000,49100,user_27,722,730,
12780,89,1999999,0,builder_18,729,729,10733
11000,95,2000000,0,user_44,723,730,
10991,96,2000000,0,user_40,723,730,
10996,97,2000000,0,user_41,723,730,
10454,99,2000000,0,user_13,720,730,
10494,94,2000000,0,user_42,720,729,
10737,95,2000000,0,user_32,722,729,
11214,98,2000000,0,user_31,724,730,
12509,94,2000000,0,user_37,729,730,
12514,98,2000000,0,user_42,729,729,
12781,99,1800001,0,builder_18,729,729,10496
10444,2,43000000,0,user_2,720,739,
11448,3,30000000,11200,user_33,725,739,
13062,2,29999999,0,builder_18,730,730,11448
11969,8,30000000,0,user_45,727,739,
10484,6,30000000,0,user_34,720,739,
11457,5,30000000,0,user_47,725,739,
11715,7,30000000,0,user_46,726,739,
12221,12,27000000,779000,user_37,728,739,
13063,8,26999999,0,builder_18,730,730,12221
12494,18,27000001,0,user_20,729,739,12221
12783,20,27000001,0,user_0,730,739,12221
12796,19,27000001,0,user_11,730,739,12221
10988,29,27000000,0,user_40,723,739,
10747,28,27000000,0,user_41,722,739,
11455,27,27000000,0,user_46,725,739,
11710,30,27000000,0,user_42,726,739,
12482,35,26999999,0,user_11,729,739,12221
12785,36,26999999,0,user_0,730,739,12221
13064,18,19000001,0,builder_18,730,730,10588
10588,46,19000000,13900,user_43,721,739,
11960,50,19000000,0,user_38,727,739,
12830,49,19000000,0,user_45,730,739,
10450,54,6300000,155000,user_8,720,739,
13065,23,6299999,0,builder_18,730,730,10450
10986,57,6300000,146000,user_39,723,739,
13066,25,6299999,0,builder_18,730,730,10986
11192,58,6300001,0,user_3,724,739,10986
11193,60,6300001,0,user_6,724,739,10450
10473,63,6300001,0,user_23,720,739,10450
10476,64,6300001,0,user_23,720,739,10450
10477,65,6300001,0,user_24,720,739,10450
10572,62,6300001,0,user_25,721,739,10450
10569,61,6300001,0,user_20,721,739,10450
11196,59,6300001,0,user_9,724,739,10986
10478,66,6300001,0,user_25,720,739,10450
10973,74,6300000,0,user_29,723,739,
11216,69,6300000,0,user_32,724,739,
10453,71,6300000,0,user_12,720,739,
10456,72,6300000,0,user_15,720,739,
10468,70,6300000,0,user_20,720,739,
10740,73,6300000,0,user_34,722,739,
11207,77,6299999,0,user_20,724,739,10450
11197,76,6299999,0,user_10,724,739,10450
10474,79,6299999,0,user_23,720,739,10450
10475,80,6299999,0,user_23,720,739,10450
10562,78,6299999,0,user_13,721,739,10450
10725,81,6299999,0,user_18,722,739,10450
10729,82,6299999,0,user_24,722,739,10450
10943,83,6299999,0,user_1,723,739,10450
13067,49,6100001,0,builder_18,730,730,12227
12227,87,6100000,8520,user_49,728,739,
10975,90,6100000,0,user_31,723,739,
11001,89,6100000,0,user_44,723,739,
10497,88,6100000,0,user_45,720,739,
13068,54,5000001,0,builder_18,730,730,10585
10585,94,5000000,6390,user_38,721,737,
11226,97,5000000,0,user_45,724,737,
10462,99,5000000,0,user_17,720,737,
10749,96,5000000,0,user_43,722,737,
10445,98,5000000,0,user_4,720,737,
10742,87,5000000,0,user_36,722,736,
10748,88,5000000,0,user_41,722,736,
11709,86,5000000,0,user_40,726,736,
11456,96,4500000,121000,user_46,725,736,
13069,64,4499999,0,builder_18,730,730,11456
10448,98,4500000,0,user_6,720,735,
10576,97,4500000,0,user_28,721,735,
11446,96,4500000,0,user_31,725,735,
12220,94,4200000,0,user_37,728,734,
12215,95,4200000,0,user_30,728,734,
11213,96,4200000,0,user_31,724,734,
12521,97,4200000,0,user_47,729,734,
13070,72,3500001,0,builder_18,730,730,12510
12510,93,3500000,31700,user_39,729,733,
11949,94,3500000,0,user_28,727,733,
11959,95,3200000,0,user_36,727,733,
10575,96,3200000,0,user_27,721,733,
11954,99,2600000,0,user_33,727,733,
11716,93,2600000,0,user_47,726,732,
12518,97,1800000,769000,user_44,729,732,
13071,80,1799999,0,builder_18,730,730,12518
10455,99,2500000,0,user_14,720,732,
10485,92,2500000,0,user_34,720,731,
11454,98,2500000,0,user_40,725,732,
12226,96,2300000,0,user_48,728,731,
10984,95,2300000,0,user_37,723,731,
10465,94,2300000,0,user_17,720,731,
10985,98,1200000,959000,user_38,723,731,
13072,88,1199999,0,builder_18,730,730,10985
11967,99,2100000,33300,user_43,727,731,
13073,90,2099999,0,builder_18,730,730,11967
10586,91,2100000,0,user_41,721,730,
13074,92,2000001,0,builder_18,730,730,10733
10733,93,2000000,49100,user_27,722,730,
12509,94,2000000,0,user_37,729,730,
11000,95,2000000,0,user_44,723,730,
10991,96,2000000,0,user_40,723,730,
10996,97,2000000,0,user_41,723,730,
11214,98,2000000,0,user_31,724,730,
10454,99,2000000,0,user_13,720,730,
10444,2,43000000,0,user_2,720,739,
11448,3,30000000,11200,user_33,725,739,
13358,2,29999999,0,builder_18,731,731,11448
11457,5,30000000,0,user_47,725,739,
10484,6,30000000,0,user_34,720,739,
11715,7,30000000,0,user_46,726,739,
11969,8,30000000,0,user_45,727,739,
13118,9,30000000,0,user_41,731,739,
12221,12,27000000,779000,user_37,728,739,
13359,9,26999999,0,builder_18,731,731,12221
12494,18,27000001,0,user_20,729,739,12221
12796,19,27000001,0,user_11,730,739,12221
12783,20,27000001,0,user_0,730,739,12221
13075,21,27000001,0,user_0,731,739,12221
13091,22,27000001,0,user_15,731,739,12221
13101,23,27000001,0,user_25,731,739,12221
11455,27,27000000,0,user_46,725,739,
10747,28,27000000,0,user_41,722,739,
10988,29,27000000,0,user_40,723,739,
11710,30,27000000,0,user_42,726,739,
12482,35,26999999,0,user_11,729,739,12221
12785,36,26999999,0,user_0,730,739,12221
13087,37,26999999,0,user_11,731,739,12221
13099,38,26999999,0,user_23,731,739,12221
13360,24,19000001,0,builder_18,731,731,10588
10588,46,19000000,13900,user_43,721,739,
12830,49,19000000,0,user_45,730,739,
11960,50,19000000,0,user_38,727,739,
13117,52,73000,17700000,user_40,731,739,
13361,29,72999,0,builder_18,731,731,13117
10450,54,6300000,155000,user_8,720,739,
13362,31,6299999,0,builder_18,731,731,10450
10986,57,6300000,146000,user_39,723,739,
13363,33,6299999,0,builder_18,731,731,10986
11192,58,6300001,0,user_3,724,739,10986
11196,59,6300001,0,user_9,724,739,10986
11193,60,6300001,0,user_6,724,739,10450
10569,61,6300001,0,user_20,721,739,10450
10572,62,6300001,0,user_25,721,739,10450
10473,63,6300001,0,user_23,720,739,10450
10476,64,6300001,0,user_23,720,739,10450
10477,65,6300001,0,user_24,720,739,10450
10478,66,6300001,0,user_25,720,739,10450
11216,69,6300000,0,user_32,724,739,
10468,70,6300000,0,user_20,720,739,
10453,71,6300000,0,user_12,720,739,
10456,72,6300000,0,user_15,720,739,
10740,73,6300000,0,user_34,722,739,
10973,74,6300000,0,user_29,723,739,
11197,76,6299999,0,user_10,724,739,10450
11207,77,6299999,0,user_20,724,739,10450
10562,78,6299999,0,user_13,721,739,10450
10474,79,6299999,0,user_23,720,739,10450
10475,80,6299999,0,user_23,720,739,10450
10725,81,6299999,0,user_18,722,739,10450
10729,82,6299999,0,user_24,722,739,10450
10943,83,6299999,0,user_1,723,739,10450
13364,57,6100001,0,builder_18,731,731,12227
12227,87,6100000,8520,user_49,728,739,
10497,88,6100000,0,user_45,720,739,
11001,89,6100000,0,user_44,723,739,
10975,90,6100000,0,user_31,723,739,
13365,62,5000001,0,builder_18,731,731,10585
10585,94,5000000,6390,user_38,721,737,
11226,97,5000000,0,user_45,724,737,
10445,98,5000000,0,user_4,720,737,
10462,99,5000000,0,user_17,720,737,
10748,88,5000000,0,user_41,722,736,
10742,87,5000000,0,user_36,722,736,
10749,96,5000000,0,user_43,722,737,
11709,86,5000000,0,user_40,726,736,
13366,71,4500001,0,builder_18,731,731,11456
11456,96,4500000,121000,user_46,725,736,
11446,96,4500000,0,user_31,725,735,
10576,97,4500000,0,user_28,721,735,
10448,98,4500000,0,user_6,720,735,
13122,99,4500000,0,user_46,731,735,
12521,97,4200000,0,user_47,729,734,
12220,94,4200000,0,user_37,728,734,
11213,96,4200000,0,user_31,724,734,
12215,95,4200000,0,user_30,728,734,
12510,93,3500000,31700,user_39,729,733,
13367,82,3499999,0,builder_18,731,731,12510
11949,94,3500000,0,user_28,727,733,
10575,96,3200000,0,user_27,721,733,
11959,95,3200000,0,user_36,727,733,
11716,93,2600000,0,user_47,726,732,
11954,99,2600000,0,user_33,727,733,
12518,97,1800000,769000,user_44,729,732,
13368,89,1799999,0,builder_18,731,731,12518
11454,98,2500000,0,user_40,725,732,
10455,99,2500000,0,user_14,720,732,
10485,92,2500000,0,user_34,720,731,
13103,93,2400000,0,user_27,731,731,
10465,94,2300000,0,user_17,720,731,
10984,95,2300000,0,user_37,723,731,
12226,96,2300000,0,user_48,728,731,
13369,97,1200001,0,builder_18,731,731,10985
10985,98,1200000,959000,user_38,723,731,
11967,99,2100000,33300,user_43,727,731,
10444,2,43000000,0,user_2,720,739,
11448,3,30000000,11200,user_33,725,739,
13627,2,29999999,0,builder_18,732,732,11448
11457,5,30000000,0,user_47,725,739,
11715,7,30000000,0,user_46,726,739,
11969,8,30000000,0,user_45,727,739,
10484,6,30000000,0,user_34,720,739,
13118,9,30000000,0,user_41,731,739,
13628,8,27000001,0,builder_18,732,732,12221
12221,12,27000000,779000,user_37,728,739,
12796,19,27000001,0,user_11,730,739,12221
12783,20,27000001,0,user_0,730,739,12221
13075,21,27000001,0,user_0,731,739,12221
12494,18,27000001,0,user_20,729,739,12221
13091,22,27000001,0,user_15,731,739,12221
13101,23,27000001,0,user_25,731,739,12221
11455,27,27000000,0,user_46,725,739,
11710,30,27000000,0,user_42,726,739,
10747,28,27000000,0,user_41,722,739,
10988,29,27000000,0,user_40,723,739,
13115,31,27000000,0,user_38,731,739,
12785,36,26999999,0,user_0,730,739,12221
13087,37,26999999,0,user_11,731,739,12221
12482,35,26999999,0,user_11,729,739,12221
13099,38,26999999,0,user_23,731,739,12221
13380,39,26999999,0,user_14,732,739,12221
13629,26,19000001,0,builder_18,732,732,10588
10588,46,19000000,13900,user_43,721,739,
12830,49,19000000,0,user_45,730,739,
11960,50,19000000,0,user_38,727,739,
13406,51,19000000,0,user_41,732,739,
13630,31,73001,0,builder_18,732,732,13117
13117,52,73000,17700000,user_40,731,739,
13631,33,6300001,0,builder_18,732,732,10450
10450,54,6300000,155000,user_8,720,739,
13632,35,6300001,0,builder_18,732,732,10986
10986,57,6300000,146000,user_39,723,739,
10572,62,6300001,0,user_25,721,739,10450
10569,61,6300001,0,user_20,721,739,10450
10473,63,6300001,0,user_23,720,739,10450
10476,64,6300001,0,user_23,720,739,10450
10478,66,6300001,0,user_25,720,739,10450
10477,65,6300001,0,user_24,720,739,10450
11192,58,6300001,0,user_3,724,739,10986
11196,59,6300001,0,user_9,724,739,10986
11193,60,6300001,0,user_6,724,739,10450
10740,73,6300000,0,user_34,722,739,
10468,70,6300000,0,user_20,720,739,
10453,71,6300000,0,user_12,720,739,
10456,72,6300000,0,user_15,720,739,
10973,74,6300000,0,user_29,723,739,
11216,69,6300000,0,user_32,724,739,
10725,81,6299999,0,user_18,722,739,10450
10729,82,6299999,0,user_24,722,739,10450
10943,83,6299999,0,user_1,723,739,10450
10562,78,6299999,0,user_13,721,739,10450
10474,79,6299999,0,user_23,720,739,10450
10475,80,6299999,0,user_23,720,739,10450
11197,76,6299999,0,user_10,724,739,10450
11207,77,6299999,0,user_20,724,739,10450
13633,60,6100001,0,builder_18,732,732,12227
12227,87,6100000,8520,user_49,728,739,
11001,89,6100000,0,user_44,723,739,
10497,88,6100000,0,user_45,720,739,
10975,90,6100000,0,user_31,723,739,
10585,94,5000000,6390,user_38,721,737,
13634,66,4999999,0,builder_18,732,732,10585
11709,86,5000000,0,user_40,726,736,
10742,87,5000000,0,user_36,722,736,
10748,88,5000000,0,user_41,722,736,
10749,96,5000000,0,user_43,722,737,
10445,98,5000000,0,user_4,720,737,
10462,99,5000000,0,user_17,720,737,
11226,97,5000000,0,user_45,724,737,
13408,93,5000000,0,user_41,732,736,
13413,95,4200000,545000,user_45,732,736,
13635,76,4199999,0,builder_18,732,732,13413
11456,96,4500000,121000,user_46,725,736,
13636,78,4499999,0,builder_18,732,732,11456
11446,96,4500000,0,user_31,725,735,
10448,98,4500000,0,user_6,720,735,
10576,97,4500000,0,user_28,721,735,
13122,99,4500000,0,user_46,731,735,
11213,96,4200000,0,user_31,724,734,
12220,94,4200000,0,user_37,728,734,
12215,95,4200000,0,user_30,728,734,
12521,97,4200000,0,user_47,729,734,
13405,91,3600000,0,user_39,732,733,
12510,93,3500000,31700,user_39,729,733,
13637,89,3499999,0,builder_18,732,732,12510
11949,94,3500000,0,user_28,727,733,
10575,96,3200000,0,user_27,721,733,
11959,95,3200000,0,user_36,727,733,
11716,93,2600000,0,user_47,726,732,
11954,99,2600000,0,user_33,727,733,
13399,98,2600000,0,user_37,732,733,
13638,96,1800001,0,builder_18,732,732,12518
12518,97,1800000,769000,user_44,729,732,
11454,98,2500000,0,user_40,725,732,
10455,99,2500000,0,user_14,720,732,
10444,2,43000000,0,user_2,720,739,
11448,3,30000000,11200,user_33,725,739,
13895,2,29999999,0,builder_18,733,733,11448
13118,9,30000000,0,user_41,731,739,
11969,8,30000000,0,user_45,727,739,
10484,6,30000000,0,user_34,720,739,
11457,5,30000000,0,user_47,725,739,
11715,7,30000000,0,user_46,726,739,
12221,12,27000000,779000,user_37,728,739,
13896,9,26999999,0,builder_18,733,733,12221
12783,20,27000001,0,user_0,730,739,12221
12796,19,27000001,0,user_11,730,739,12221
13075,21,27000001,0,user_0,731,739,12221
13091,22,27000001,0,user_15,731,739,12221
13101,23,27000001,0,user_25,731,739,12221
12494,18,27000001,0,user_20,729,739,12221
13653,16,27000001,0,user_10,733,739,12221
13115,31,27000000,0,user_38,731,739,
10988,29,27000000,0,user_40,723,739,
10747,28,27000000,0,user_41,722,739,
11455,27,27000000,0,user_46,725,739,
11710,30,27000000,0,user_42,726,739,
12785,36,26999999,0,user_0,730,739,12221
13087,37,26999999,0,user_11,731,739,12221
13099,38,26999999,0,user_23,731,739,12221
12482,35,26999999,0,user_11,729,739,12221
13380,39,26999999,0,user_14,732,739,12221
10588,46,19000000,13900,user_43,721,739,
13897,28,18999999,0,builder_18,733,733,10588
12830,49,19000000,0,user_45,730,739,
11960,50,19000000,0,user_38,727,739,
13406,51,19000000,0,user_41,732,739,
13117,52,73000,17700000,user_40,731,739,
13898,33,72999,0,builder_18,733,733,13117
10450,54,6300000,155000,user_8,720,739,
13899,35,6299999,0,builder_18,733,733,10450
10986,57,6300000,146000,user_39,723,739,
13900,37,6299999,0,builder_18,733,733,10986
10473,63,6300001,0,user_23,720,739,10450
10476,64,6300001,0,user_23,720,739,10450
10477,65,6300001,0,user_24,720,739,10450
10478,66,6300001,0,user_25,720,739,10450
10569,61,6300001,0,user_20,721,739,10450
10572,62,6300001,0,user_25,721,739,10450
11192,58,6300001,0,user_3,724,739,10986
11193,60,6300001,0,user_6,724,739,10450
11196,59,6300001,0,user_9,724,739,10986
10973,74,6300000,0,user_29,723,739,
10453,71,6300000,0,user_12,720,739,
10468,70,6300000,0,user_20,720,739,
10456,72,6300000,0,user_15,720,739,
10740,73,6300000,0,user_34,722,739,
11216,69,6300000,0,user_32,724,739,
13395,75,6300000,0,user_31,732,739,
13693,68,6300000,0,user_47,733,739,
10943,83,6299999,0,user_1,723,739,10450
11197,76,6299999,0,user_10,724,739,10450
11207,77,6299999,0,user_20,724,739,10450
10474,79,6299999,0,user_23,720,739,10450
10475,80,6299999,0,user_23,720,739,10450
10562,78,6299999,0,user_13,721,739,10450
10725,81,6299999,0,user_18,722,739,10450
10729,82,6299999,0,user_24,722,739,10450
12227,87,6100000,8520,user_49,728,739,
13901,64,6099999,0,builder_18,733,733,12227
11001,89,6100000,0,user_44,723,739,
10975,90,6100000,0,user_31,723,739,
10497,88,6100000,0,user_45,720,739,
10585,94,5000000,6390,user_38,721,737,
13902,69,4999999,0,builder_18,733,733,10585
10749,96,5000000,0,user_43,722,737,
11226,97,5000000,0,user_45,724,737,
10445,98,5000000,0,user_4,720,737,
10462,99,5000000,0,user_17,720,737,
10742,87,5000000,0,user_36,722,736,
10748,88,5000000,0,user_41,722,736,
11709,86,5000000,0,user_40,726,736,
13408,93,5000000,0,user_41,732,736,
13903,78,4200001,0,builder_18,733,733,13413
13413,95,4200000,545000,user_45,732,736,
11456,96,4500000,121000,user_46,725,736,
13904,81,4499999,0,builder_18,733,733,11456
13122,99,4500000,0,user_46,731,735,
10448,98,4500000,0,user_6,720,735,
10576,97,4500000,0,user_28,721,735,
11446,96,4500000,0,user_31,725,735,
13686,99,4500000,0,user_37,733,736,
12220,94,4200000,0,user_37,728,734,
11213,96,4200000,0,user_31,724,734,
12215,95,4200000,0,user_30,728,734,
12521,97,4200000,0,user_47,729,734,
13405,91,3600000,0,user_39,732,733,
13905,92,3500001,0,builder_18,733,733,12510
12510,93,3500000,31700,user_39,729,733,
11949,94,3500000,0,user_28,727,733,
11959,95,3200000,0,user_36,727,733,
10575,96,3200000,0,user_27,721,733,
13684,97,3200000,0,user_36,733,733,
13399,98,2600000,0,user_37,732,733,
11954,99,2600000,0,user_33,727,733,
10444,2,43000000,0,user_2,720,739,
14152,1,30000001,0,builder_18,734,734,11448
11448,3,30000000,11200,user_33,725,739,
13118,9,30000000,0,user_41,731,739,
11969,8,30000000,0,user_45,727,739,
10484,6,30000000,0,user_34,720,739,
11457,5,30000000,0,user_47,725,739,
11715,7,30000000,0,user_46,726,739,
13929,10,30000000,0,user_32,734,739,
14153,9,27000001,0,builder_18,734,734,12221
12221,12,27000000,779000,user_37,728,739,
13075,21,27000001,0,user_0,731,739,12221
13091,22,27000001,0,user_15,731,739,12221
13101,23,27000001,0,user_25,731,739,12221
13653,16,27000001,0,user_10,733,739,12221
12494,18,27000001,0,user_20,729,739,12221
12783,20,27000001,0,user_0,730,739,12221
12796,19,27000001,0,user_11,730,739,12221
13921,17,27000001,0,user_20,734,739,12221
13115,31,27000000,0,user_38,731,739,
10988,29,27000000,0,user_40,723,739,
10747,28,27000000,0,user_41,722,739,
11455,27,27000000,0,user_46,725,739,
11710,30,27000000,0,user_42,726,739,
13087,37,26999999,0,user_11,731,739,12221
13099,38,26999999,0,user_23,731,739,12221
13380,39,26999999,0,user_14,732,739,12221
13666,34,26999999,0,user_19,733,739,12221
12482,35,26999999,0,user_11,729,739,12221
12785,36,26999999,0,user_0,730,739,12221
10588,46,19000000,13900,user_43,721,739,
14154,31,18999999,0,builder_18,734,734,10588
13406,51,19000000,0,user_41,732,739,
11960,50,19000000,0,user_38,727,739,
12830,49,19000000,0,user_45,730,739,
13117,52,73000,17700000,user_40,731,739,
14155,36,72999,0,builder_18,734,734,13117
10450,54,6300000,155000,user_8,720,739,
14156,38,6299999,0,builder_18,734,734,10450
14157,39,6300001,0,builder_18,734,734,10986
10986,57,6300000,146000,user_39,723,739,
11192,58,6300001,0,user_3,724,739,10986
11193,60,6300001,0,user_6,724,739,10450
10473,63,6300001,0,user_23,720,739,10450
10476,64,6300001,0,user_23,720,739,10450
10477,65,6300001,0,user_24,720,739,10450
10572,62,6300001,0,user_25,721,739,10450
10569,61,6300001,0,user_20,721,739,10450
11196,59,6300001,0,user_9,724,739,10986
10478,66,6300001,0,user_25,720,739,10450
13395,75,6300000,0,user_31,732,739,
10973,74,6300000,0,user_29,723,739,
11216,69,6300000,0,user_32,724,739,
10453,71,6300000,0,user_12,720,739,
10456,72,6300000,0,user_15,720,739,
10468,70,6300000,0,user_20,720,739,
10740,73,6300000,0,user_34,722,739,
13693,68,6300000,0,user_47,733,739,
11207,77,6299999,0,user_20,724,739,10450
11197,76,6299999,0,user_10,724,739,10450
10474,79,6299999,0,user_23,720,739,10450
10475,80,6299999,0,user_23,720,739,10450
10562,78,6299999,0,user_13,721,739,10450
10725,81,6299999,0,user_18,722,739,10450
10729,82,6299999,0,user_24,722,739,10450
10943,83,6299999,0,user_1,723,739,10450
12227,87,6100000,8520,user_49,728,739,
14158,67,6099999,0,builder_18,734,734,12227
10975,90,6100000,0,user_31,723,739,
11001,89,6100000,0,user_44,723,739,
10497,88,6100000,0,user_45,720,739,
13942,91,6100000,0,user_40,734,739,
13925,95,5200000,285000,user_27,734,739,
14159,73,5199999,0,builder_18,734,734,13925
14160,74,5000001,0,builder_18,734,734,10585
10585,94,5000000,6390,user_38,721,737,
13408,93,5000000,0,user_41,732,736,
11226,97,5000000,0,user_45,724,737,
10462,99,5000000,0,user_17,720,737,
10749,96,5000000,0,user_43,722,737,
10445,98,5000000,0,user_4,720,737,
10742,87,5000000,0,user_36,722,736,
10748,88,5000000,0,user_41,722,736,
11709,86,5000000,0,user_40,726,736,
14161,84,4200001,0,builder_18,734,734,13413
13413,95,4200000,545000,user_45,732,736,
11456,96,4500000,121000,user_46,725,736,
14162,87,4499999,0,builder_18,734,734,11456
13122,99,4500000,0,user_46,731,735,
13686,99,4500000,0,user_37,733,736,
10448,98,4500000,0,user_6,720,735,
10576,97,4500000,0,user_28,721,735,
11446,96,4500000,0,user_31,725,735,
13948,98,4500000,0,user_47,734,736,
12220,94,4200000,0,user_37,728,734,
12215,95,4200000,0,user_30,728,734,
11213,96,4200000,0,user_31,724,734,
12521,97,4200000,0,user_47,729,734,
13951,98,3600000,7840,user_48,734,734,
14163,99,3599999,0,builder_18,734,734,13951
10444,2,43000000,0,user_2,720,739,
14432,1,30000001,0,builder_18,735,735,11448
11448,3,30000000,11200,user_33,725,739,
11457,5,30000000,0,user_47,725,739,
10484,6,30000000,0,user_34,720,739,
11715,7,30000000,0,user_46,726,739,
11969,8,30000000,0,user_45,727,739,
13118,9,30000000,0,user_41,731,739,
13929,10,30000000,0,user_32,734,739,
12221,12,27000000,779000,user_37,728,739,
14433,10,26999999,0,builder_18,735,735,12221
13653,16,27000001,0,user_10,733,739,12221
13921,17,27000001,0,user_20,734,739,12221
12494,18,27000001,0,user_20,729,739,12221
12796,19,27000001,0,user_11,730,739,12221
12783,20,27000001,0,user_0,730,739,12221
13075,21,27000001,0,user_0,731,739,12221
13091,22,27000001,0,user_15,731,739,12221
13101,23,27000001,0,user_25,731,739,12221
14173,24,27000001,0,user_7,735,739,12221
14164,25,27000001,0,user_0,735,739,12221
14171,26,27000001,0,user_5,735,739,12221
11455,27,27000000,0,user_46,725,739,
10747,28,27000000,0,user_41,722,739,
10988,29,27000000,0,user_40,723,739,
11710,30,27000000,0,user_42,726,739,
13115,31,27000000,0,user_38,731,739,
13666,34,26999999,0,user_19,733,739,12221
12482,35,26999999,0,user_11,729,739,12221
12785,36,26999999,0,user_0,730,739,12221
13087,37,26999999,0,user_11,731,739,12221
13099,38,26999999,0,user_23,731,739,12221
13380,39,26999999,0,user_14,732,739,12221
14177,40,26999999,0,user_11,735,739,12221
14178,41,26999999,0,user_12,735,739,12221
14434,35,19000001,0,builder_18,735,735,10588
10588,46,19000000,13900,user_43,721,739,
12830,49,19000000,0,user_45,730,739,
11960,50,19000000,0,user_38,727,739,
13406,51,19000000,0,user_41,732,739,
14435,40,73001,0,builder_18,735,735,13117
13117,52,73000,17700000,user_40,731,739,
14436,42,6300001,0,builder_18,735,735,10450
10450,54,6300000,155000,user_8,720,739,
10986,57,6300000,146000,user_39,723,739,
14437,45,6299999,0,builder_18,735,735,10986
11192,58,6300001,0,user_3,724,739,10986
11196,59,6300001,0,user_9,724,739,10986
11193,60,6300001,0,user_6,724,739,10450
10569,61,6300001,0,user_20,721,739,10450
10572,62,6300001,0,user_25,721,739,10450
10473,63,6300001,0,user_23,720,739,10450
10476,64,6300001,0,user_23,720,739,10450
10477,65,6300001,0,user_24,720,739,10450
10478,66,6300001,0,user_25,720,739,10450
13693,68,6300000,0,user_47,733,739,
11216,69,6300000,0,user_32,724,739,
10468,70,6300000,0,user_20,720,739,
10453,71,6300000,0,user_12,720,739,
10456,72,6300000,0,user_15,720,739,
10740,73,6300000,0,user_34,722,739,
10973,74,6300000,0,user_29,723,739,
13395,75,6300000,0,user_31,732,739,
11197,76,6299999,0,user_10,724,739,10450
11207,77,6299999,0,user_20,724,739,10450
10562,78,6299999,0,user_13,721,739,10450
10474,79,6299999,0,user_23,720,739,10450
10475,80,6299999,0,user_23,720,739,10450
10725,81,6299999,0,user_18,722,739,10450
10729,82,6299999,0,user_24,722,739,10450
10943,83,6299999,0,user_1,723,739,10450
12227,87,6100000,8520,user_49,728,739,
14438,72,6099999,0,builder_18,735,735,12227
10497,88,6100000,0,user_45,720,739,
11001,89,6100000,0,user_44,723,739,
10975,90,6100000,0,user_31,723,739,
13942,91,6100000,0,user_40,734,739,
14439,77,5000001,0,builder_18,735,735,13945
13945,92,5000000,594000,user_43,734,739,
13925,95,5200000,285000,user_27,734,739,
14440,80,5199999,0,builder_18,735,735,13925
14441,81,5000001,0,builder_18,735,735,10585
10585,94,5000000,6390,user_38,721,737,
11226,97,5000000,0,user_45,724,737,
10445,98,5000000,0,user_4,720,737,
10462,99,5000000,0,user_17,720,737,
10748,88,5000000,0,user_41,722,736,
10742,87,5000000,0,user_36,722,736,
10749,96,5000000,0,user_43,722,737,
11709,86,5000000,0,user_40,726,736,
13408,93,5000000,0,user_41,732,736,
13413,95,4200000,545000,user_45,732,736,
14442,92,4199999,0,builder_18,735,735,13413
11456,96,4500000,121000,user_46,725,736,
14443,94,4499999,0,builder_18,735,735,11456
13686,99,4500000,0,user_37,733,736,
11446,96,4500000,0,user_31,725,735,
10576,97,4500000,0,user_28,721,735,
10448,98,4500000,0,user_6,720,735,
13122,99,4500000,0,user_46,731,735,
10444,2,43000000,0,user_2,720,739,
14205,1,43000000,0,user_38,735,739,
11448,3,30000000,11200,user_33,725,739,
14698,3,29999999,0,builder_18,736,736,11448
13929,10,30000000,0,user_32,734,739,
11457,5,30000000,0,user_47,725,739,
11715,7,30000000,0,user_46,726,739,
11969,8,30000000,0,user_45,727,739,
10484,6,30000000,0,user_34,720,739,
13118,9,30000000,0,user_41,731,739,
12221,12,27000000,779000,user_37,728,739,
14699,11,26999999,0,builder_18,736,736,12221
13921,17,27000001,0,user_20,734,739,12221
14171,26,27000001,0,user_5,735,739,12221
13653,16,27000001,0,user_10,733,739,12221
12796,19,27000001,0,user_11,730,739,12221
12783,20,27000001,0,user_0,730,739,12221
13075,21,27000001,0,user_0,731,739,12221
12494,18,27000001,0,user_20,729,739,12221
13091,22,27000001,0,user_15,731,739,12221
13101,23,27000001,0,user_25,731,739,12221
14173,24,27000001,0,user_7,735,739,12221
14164,25,27000001,0,user_0,735,739,12221
14453,15,27000001,0,user_8,736,739,12221
11455,27,27000000,0,user_46,725,739,
11710,30,27000000,0,user_42,726,739,
10747,28,27000000,0,user_41,722,739,
10988,29,27000000,0,user_40,723,739,
13115,31,27000000,0,user_38,731,739,
12785,36,26999999,0,user_0,730,739,12221
13087,37,26999999,0,user_11,731,739,12221
12482,35,26999999,0,user_11,729,739,12221
13099,38,26999999,0,user_23,731,739,12221
13380,39,26999999,0,user_14,732,739,12221
13666,34,26999999,0,user_19,733,739,12221
14178,41,26999999,0,user_12,735,739,12221
14177,40,26999999,0,user_11,735,739,12221
14700,37,19000001,0,builder_18,736,736,10588
10588,46,19000000,13900,user_43,721,739,
12830,49,19000000,0,user_45,730,739,
11960,50,19000000,0,user_38,727,739,
13406,51,19000000,0,user_41,732,739,
13117,52,73000,17700000,user_40,731,739,
14701,43,72999,0,builder_18,736,736,13117
10450,54,6300000,155000,user_8,720,739,
14702,45,6299999,0,builder_18,736,736,10450
10986,57,6300000,146000,user_39,723,739,
14703,47,6299999,0,builder_18,736,736,10986
10572,62,6300001,0,user_25,721,739,10450
10569,61,6300001,0,user_20,721,739,10450
10473,63,6300001,0,user_23,720,739,10450
10476,64,6300001,0,user_23,720,739,10450
10478,66,6300001,0,user_25,720,739,10450
10477,65,6300001,0,user_24,720,739,10450
11192,58,6300001,0,user_3,724,739,10986
11196,59,6300001,0,user_9,724,739,10986
11193,60,6300001,0,user_6,724,739,10450
13693,68,6300000,0,user_47,733,739,
10740,73,6300000,0,user_34,722,739,
10468,70,6300000,0,user_20,720,739,
10453,71,6300000,0,user_12,720,739,
10456,72,6300000,0,user_15,720,739,
10973,74,6300000,0,user_29,723,739,
11216,69,6300000,0,user_32,724,739,
13395,75,6300000,0,user_31,732,739,
10725,81,6299999,0,user_18,722,739,10450
10729,82,6299999,0,user_24,722,739,10450
10943,83,6299999,0,user_1,723,739,10450
10562,78,6299999,0,user_13,721,739,10450
10474,79,6299999,0,user_23,720,739,10450
10475,80,6299999,0,user_23,720,739,10450
11197,76,6299999,0,user_10,724,739,10450
11207,77,6299999,0,user_20,724,739,10450
12227,87,6100000,8520,user_49,728,739,
14704,74,6099999,0,builder_18,736,736,12227
13942,91,6100000,0,user_40,734,739,
11001,89,6100000,0,user_44,723,739,
10497,88,6100000,0,user_45,720,739,
10975,90,6100000,0,user_31,723,739,
14705,79,5000001,0,builder_18,736,736,13945
13945,92,5000000,594000,user_43,734,739,
14706,81,5200001,0,builder_18,736,736,13925
13925,95,5200000,285000,user_27,734,739,
14481,99,5200000,0,user_45,736,739,
10585,94,5000000,6390,user_38,721,737,
14707,85,4999999,0,builder_18,736,736,10585
11709,86,5000000,0,user_40,726,736,
10742,87,5000000,0,user_36,722,736,
10748,88,5000000,0,user_41,722,736,
10749,96,5000000,0,user_43,722,737,
10445,98,5000000,0,user_4,720,737,
10462,99,5000000,0,user_17,720,737,
11226,97,5000000,0,user_45,724,737,
13408,93,5000000,0,user_41,732,736,
14708,94,4200001,0,builder_18,736,736,13413
13413,95,4200000,545000,user_45,732,736,
11456,96,4500000,121000,user_46,725,736,
14709,97,4499999,0,builder_18,736,736,11456
13948,98,4500000,0,user_47,734,736,
13686,99,4500000,0,user_37,733,736,
14205,1,43000000,0,user_38,735,739,
10444,2,43000000,0,user_2,720,739,
14754,0,43000000,0,user_39,737,739,
14955,3,30000001,0,builder_18,737,737,11448
11448,3,30000000,11200,user_33,725,739,
13929,10,30000000,0,user_32,734,739,
13118,9,30000000,0,user_41,731,739,
11969,8,30000000,0,user_45,727,739,
10484,6,30000000,0,user_34,720,739,
11457,5,30000000,0,user_47,725,739,
11715,7,30000000,0,user_46,726,739,
12221,12,27000000,779000,user_37,728,739,
14956,12,26999999,0,builder_18,737,737,12221
14164,25,27000001,0,user_0,735,739,12221
14173,24,27000001,0,user_7,735,739,12221
14171,26,27000001,0,user_5,735,739,12221
13921,17,27000001,0,user_20,734,739,12221
12783,20,27000001,0,user_0,730,739,12221
12796,19,27000001,0,user_11,730,739,12221
13075,21,27000001,0,user_0,731,739,12221
13091,22,27000001,0,user_15,731,739,12221
13101,23,27000001,0,user_25,731,739,12221
12494,18,27000001,0,user_20,729,739,12221
13653,16,27000001,0,user_10,733,739,12221
14453,15,27000001,0,user_8,736,739,12221
14711,14,27000001,0,user_1,737,739,12221
14731,13,27000001,0,user_17,737,739,12221
13115,31,27000000,0,user_38,731,739,
10988,29,27000000,0,user_40,723,739,
10747,28,27000000,0,user_41,722,739,
11455,27,27000000,0,user_46,725,739,
11710,30,27000000,0,user_42,726,739,
14177,40,26999999,0,user_11,735,739,12221
14178,41,26999999,0,user_12,735,739,12221
12785,36,26999999,0,user_0,730,739,12221
13087,37,26999999,0,user_11,731,739,12221
13099,38,26999999,0,user_23,731,739,12221
12482,35,26999999,0,user_11,729,739,12221
13380,39,26999999,0,user_14,732,739,12221
13666,34,26999999,0,user_19,733,739,12221
14719,33,26999999,0,user_7,737,739,12221
10588,46,19000000,13900,user_43,721,739,
14957,42,18999999,0,builder_18,737,737,10588
12830,49,19000000,0,user_45,730,739,
11960,50,19000000,0,user_38,727,739,
13406,51,19000000,0,user_41,732,739,
14488,48,19000000,0,user_49,736,739,
13117,52,73000,17700000,user_40,731,739,
14958,48,72999,0,builder_18,737,737,13117
14959,49,6300001,0,builder_18,737,737,10450
10450,54,6300000,155000,user_8,720,739,
10986,57,6300000,146000,user_39,723,739,
14960,52,6299999,0,builder_18,737,737,10986
10473,63,6300001,0,user_23,720,739,10450
10476,64,6300001,0,user_23,720,739,10450
10477,65,6300001,0,user_24,720,739,10450
10478,66,6300001,0,user_25,720,739,10450
10569,61,6300001,0,user_20,721,739,10450
10572,62,6300001,0,user_25,721,739,10450
11192,58,6300001,0,user_3,724,739,10986
11193,60,6300001,0,user_6,724,739,10450
11196,59,6300001,0,user_9,724,739,10986
13693,68,6300000,0,user_47,733,739,
10973,74,6300000,0,user_29,723,739,
10453,71,6300000,0,user_12,720,739,
10468,70,6300000,0,user_20,720,739,
10456,72,6300000,0,user_15,720,739,
10740,73,6300000,0,user_34,722,739,
11216,69,6300000,0,user_32,724,739,
13395,75,6300000,0,user_31,732,739,
14746,67,6300000,0,user_33,737,739,
10943,83,6299999,0,user_1,723,739,10450
11197,76,6299999,0,user_10,724,739,10450
11207,77,6299999,0,user_20,724,739,10450
10474,79,6299999,0,user_23,720,739,10450
10475,80,6299999,0,user_23,720,739,10450
10562,78,6299999,0,user_13,721,739,10450
10725,81,6299999,0,user_18,722,739,10450
10729,82,6299999,0,user_24,722,739,10450
14765,85,5200000,959000,user_46,737,739,
14961,80,5199999,0,builder_18,737,737,14765
12227,87,6100000,8520,user_49,728,739,
14962,82,6099999,0,builder_18,737,737,12227
13942,91,6100000,0,user_40,734,739,
11001,89,6100000,0,user_44,723,739,
10975,90,6100000,0,user_31,723,739,
10497,88,6100000,0,user_45,720,739,
14963,87,5000001,0,builder_18,737,737,13945
13945,92,5000000,594000,user_43,734,739,
14964,89,5200001,0,builder_18,737,737,13925
13925,95,5200000,285000,user_27,734,739,
14481,99,5200000,0,user_45,736,739,
14757,97,5000000,68100,user_41,737,738,
14965,93,4999999,0,builder_18,737,737,14757
10585,94,5000000,6390,user_38,721,737,
14966,95,4999999,0,builder_18,737,737,10585
10749,96,5000000,0,user_43,722,737,
11226,97,5000000,0,user_45,724,737,
10445,98,5000000,0,user_4,720,737,
10462,99,5000000,0,user_17,720,737,
14205,1,43000000,0,user_38,735,739,
10444,2,43000000,0,user_2,720,739,
14754,0,43000000,0,user_39,737,739,
11448,3,30000000,11200,user_33,725,739,
15232,4,29999999,0,builder_18,738,738,11448
13118,9,30000000,0,user_41,731,739,
11969,8,30000000,0,user_45,727,739,
10484,6,30000000,0,user_34,720,739,
11457,5,30000000,0,user_47,725,739,
11715,7,30000000,0,user_46,726,739,
13929,10,30000000,0,user_32,734,739,
15233,11,27000001,0,builder_18,738,738,12221
12221,12,27000000,779000,user_37,728,739,
14173,24,27000001,0,user_7,735,739,12221
14164,25,27000001,0,user_0,735,739,12221
14171,26,27000001,0,user_5,735,739,12221
14453,15,27000001,0,user_8,736,739,12221
14711,14,27000001,0,user_1,737,739,12221
13075,21,27000001,0,user_0,731,739,12221
13091,22,27000001,0,user_15,731,739,12221
13101,23,27000001,0,user_25,731,739,12221
13653,16,27000001,0,user_10,733,739,12221
12494,18,27000001,0,user_20,729,739,12221
12783,20,27000001,0,user_0,730,739,12221
12796,19,27000001,0,user_11,730,739,12221
13921,17,27000001,0,user_20,734,739,12221
14731,13,27000001,0,user_17,737,739,12221
13115,31,27000000,0,user_38,731,739,
10988,29,27000000,0,user_40,723,739,
10747,28,27000000,0,user_41,722,739,
11455,27,27000000,0,user_46,725,739,
11710,30,27000000,0,user_42,726,739,
14178,41,26999999,0,user_12,735,739,12221
14177,40,26999999,0,user_11,735,739,12221
14719,33,26999999,0,user_7,737,739,12221
13087,37,26999999,0,user_11,731,739,12221
13099,38,26999999,0,user_23,731,739,12221
13380,39,26999999,0,user_14,732,739,12221
13666,34,26999999,0,user_19,733,739,12221
12482,35,26999999,0,user_11,729,739,12221
12785,36,26999999,0,user_0,730,739,12221
10588,46,19000000,13900,user_43,721,739,
15234,42,18999999,0,builder_18,738,738,10588
14488,48,19000000,0,user_49,736,739,
13406,51,19000000,0,user_41,732,739,
11960,50,19000000,0,user_38,727,739,
12830,49,19000000,0,user_45,730,739,
15235,47,73001,0,builder_18,738,738,13117
13117,52,73000,17700000,user_40,731,739,
10450,54,6300000,155000,user_8,720,739,
15236,50,6299999,0,builder_18,738,738,10450
15237,51,6300001,0,builder_18,738,738,10986
10986,57,6300000,146000,user_39,723,739,
11192,58,6300001,0,user_3,724,739,10986
11193,60,6300001,0,user_6,724,739,10450
10473,63,6300001,0,user_23,720,739,10450
10476,64,6300001,0,user_23,720,739,10450
10477,65,6300001,0,user_24,720,739,10450
10572,62,6300001,0,user_25,721,739,10450
10569,61,6300001,0,user_20,721,739,10450
11196,59,6300001,0,user_9,724,739,10986
10478,66,6300001,0,user_25,720,739,10450
13395,75,6300000,0,user_31,732,739,
10973,74,6300000,0,user_29,723,739,
11216,69,6300000,0,user_32,724,739,
10453,71,6300000,0,user_12,720,739,
10456,72,6300000,0,user_15,720,739,
10468,70,6300000,0,user_20,720,739,
10740,73,6300000,0,user_34,722,739,
13693,68,6300000,0,user_47,733,739,
14746,67,6300000,0,user_33,737,739,
11207,77,6299999,0,user_20,724,739,10450
11197,76,6299999,0,user_10,724,739,10450
10474,79,6299999,0,user_23,720,739,10450
10475,80,6299999,0,user_23,720,739,10450
10562,78,6299999,0,user_13,721,739,10450
10725,81,6299999,0,user_18,722,739,10450
10729,82,6299999,0,user_24,722,739,10450
10943,83,6299999,0,user_1,723,739,10450
15238,79,5200001,0,builder_18,738,738,14765
14765,85,5200000,959000,user_46,737,739,
15239,81,6100001,0,builder_18,738,738,12227
12227,87,6100000,8520,user_49,728,739,
10975,90,6100000,0,user_31,723,739,
11001,89,6100000,0,user_44,723,739,
10497,88,6100000,0,user_45,720,739,
13942,91,6100000,0,user_40,734,739,
15240,87,5000001,0,builder_18,738,738,13945
13945,92,5000000,594000,user_43,734,739,
13925,95,5200000,285000,user_27,734,739,
15241,90,5199999,0,builder_18,738,738,13925
14982,96,5200001,0,user_14,738,739,14765
14976,97,5200001,0,user_9,738,739,14765
14481,99,5200000,0,user_45,736,739,
14970,94,5199999,0,user_1,738,738,14765
14974,95,5199999,0,user_7,738,738,14765
14986,96,5199999,0,user_20,738,738,14765
14757,97,5000000,68100,user_41,737,738,
15242,98,4999999,0,builder_18,738,738,14757
15243,99,5000001,0,builder_18,738,738,10585
14754,0,43000000,0,user_39,737,739,
14205,1,43000000,0,user_38,735,739,
10444,2,43000000,0,user_2,720,739,
11448,3,30000000,11200,user_33,725,739,
15498,4,29999999,0,builder_18,739,739,11448
11457,5,30000000,0,user_47,725,739,
10484,6,30000000,0,user_34,720,739,
11715,7,30000000,0,user_46,726,739,
11969,8,30000000,0,user_45,727,739,
13118,9,30000000,0,user_41,731,739,
13929,10,30000000,0,user_32,734,739,
15499,11,27000001,0,builder_18,739,739,12221
12221,12,27000000,779000,user_37,728,739,
14731,13,27000001,0,user_17,737,739,12221
14711,14,27000001,0,user_1,737,739,12221
14453,15,27000001,0,user_8,736,739,12221
13653,16,27000001,0,user_10,733,739,12221
13921,17,27000001,0,user_20,734,739,12221
12494,18,27000001,0,user_20,729,739,12221
12796,19,27000001,0,user_11,730,739,12221
12783,20,27000001,0,user_0,730,739,12221
13075,21,27000001,0,user_0,731,739,12221
13091,22,27000001,0,user_15,731,739,12221
13101,23,27000001,0,user_25,731,739,12221
14173,24,27000001,0,user_7,735,739,12221
14164,25,27000001,0,user_0,735,739,12221
14171,26,27000001,0,user_5,735,739,12221
11455,27,27000000,0,user_46,725,739,
10747,28,27000000,0,user_41,722,739,
10988,29,27000000,0,user_40,723,739,
11710,30,27000000,0,user_42,726,739,
13115,31,27000000,0,user_38,731,739,
15285,32,27000000,0,user_34,739,739,
14719,33,26999999,0,user_7,737,739,12221
13666,34,26999999,0,user_19,733,739,12221
12482,35,26999999,0,user_11,729,739,12221
12785,36,26999999,0,user_0,730,739,12221
13087,37,26999999,0,user_11,731,739,12221
13099,38,26999999,0,user_23,731,739,12221
13380,39,26999999,0,user_14,732,739,12221
14177,40,26999999,0,user_11,735,739,12221
14178,41,26999999,0,user_12,735,739,12221
15256,42,26999999,0,user_9,739,739,12221
15257,43,26999999,0,user_9,739,739,12221
15293,44,19000000,283000,user_42,739,739,
15500,45,18999999,0,builder_18,739,739,15293
10588,46,19000000,13900,user_43,721,739,
15501,47,18999999,0,builder_18,739,739,10588
14488,48,19000000,0,user_49,736,739,
12830,49,19000000,0,user_45,730,739,
11960,50,19000000,0,user_38,727,739,
13406,51,19000000,0,user_41,732,739,
13117,52,73000,17700000,user_40,731,739,
15502,53,72999,0,builder_18,739,739,13117
10450,54,6300000,155000,user_8,720,739,
15503,55,6299999,0,builder_18,739,739,10450
15504,56,6300001,0,builder_18,739,739,10986
10986,57,6300000,146000,user_39,723,739,
11192,58,6300001,0,user_3,724,739,10986
11196,59,6300001,0,user_9,724,739,10986
11193,60,6300001,0,user_6,724,739,10450
10569,61,6300001,0,user_20,721,739,10450
10572,62,6300001,0,user_25,721,739,10450
10473,63,6300001,0,user_23,720,739,10450
10476,64,6300001,0,user_23,720,739,10450
10477,65,6300001,0,user_24,720,739,10450
10478,66,6300001,0,user_25,720,739,10450
14746,67,6300000,0,user_33,737,739,
13693,68,6300000,0,user_47,733,739,
11216,69,6300000,0,user_32,724,739,
10468,70,6300000,0,user_20,720,739,
10453,71,6300000,0,user_12,720,739,
10456,72,6300000,0,user_15,720,739,
10740,73,6300000,0,user_34,722,739,
10973,74,6300000,0,user_29,723,739,
13395,75,6300000,0,user_31,732,739,
11197,76,6299999,0,user_10,724,739,10450
11207,77,6299999,0,user_20,724,739,10450
10562,78,6299999,0,user_13,721,739,10450
10474,79,6299999,0,user_23,720,739,10450
10475,80,6299999,0,user_23,720,739,10450
10725,81,6299999,0,user_18,722,739,10450
10729,82,6299999,0,user_24,722,739,10450
10943,83,6299999,0,user_1,723,739,10450
15505,84,5200001,0,builder_18,739,739,14765
14765,85,5200000,959000,user_46,737,739,
15506,86,6100001,0,builder_18,739,739,12227
12227,87,6100000,8520,user_49,728,739,
10497,88,6100000,0,user_45,720,739,
11001,89,6100000,0,user_44,723,739,
10975,90,6100000,0,user_31,723,739,
13942,91,6100000,0,user_40,734,739,
13945,92,5000000,594000,user_43,734,739,
15507,93,4999999,0,builder_18,739,739,13945
15508,94,5200001,0,builder_18,739,739,13925
13925,95,5200000,285000,user_27,734,739,
14982,96,5200001,0,user_14,738,739,14765
14976,97,5200001,0,user_9,738,739,14765
15245,98,5200001,0,user_3,739,739,14765
14481,99,5200000,0,user_45,736,739,
10444,2,43000000,0,user_2,740,759,
10484,6,30000000,0,user_34,740,759,
10450,54,6300000,155000,user_8,740,759,
10547,3,6299999,0,builder_18,740,740,10450
10473,63,6300001,0,user_23,740,759,10450
10476,64,6300001,0,user_23,740,759,10450
10477,65,6300001,0,user_24,740,759,10450
10478,66,6300001,0,user_25,740,759,10450
10453,71,6300000,0,user_12,740,759,
10468,70,6300000,0,user_20,740,759,
10456,72,6300000,0,user_15,740,759,
10474,79,6299999,0,user_23,740,759,10450
10475,80,6299999,0,user_23,740,759,10450
10497,88,6100000,0,user_45,740,759,
10445,98,5000000,0,user_4,740,757,
10462,99,5000000,0,user_17,740,757,
10448,98,4500000,0,user_6,740,755,
10455,99,2500000,0,user_14,740,752,
10485,92,2500000,0,user_34,740,751,
10465,94,2300000,0,user_17,740,751,
10454,99,2000000,0,user_13,740,750,
10494,94,2000000,0,user_42,740,749,
10548,22,1800001,0,builder_18,740,740,10496
10496,88,1800000,128000,user_44,740,748,
10493,94,1600000,0,user_42,740,746,
10490,92,1500000,0,user_41,740,745,
10460,96,1400000,0,user_16,740,745,
10469,90,1100000,0,user_21,740,744,
10481,92,970000,0,user_32,740,743,
10492,94,910000,0,user_42,740,743,
10461,96,870000,0,user_16,740,743,
10500,99,530000,11200,user_48,740,743,
10549,32,529999,0,builder_18,740,740,10500
10498,81,420000,67500,user_46,740,742,
10550,34,419999,0,builder_18,740,740,10498
10452,83,460000,0,user_10,740,742,
10495,84,460000,0,user_42,740,742,
10551,37,79001,0,builder_18,740,740,10480
10480,62,79000,296000,user_32,740,741,
10443,63,320000,0,user_1,740,741,
10458,64,310000,0,user_16,740,741,
10464,65,300000,0,user_17,740,741,
10491,66,300000,0,user_42,740,741,
10466,67,260000,0,user_18,740,741,
10499,69,220000,0,user_47,740,741,
10447,70,170000,0,user_5,740,741,
10488,72,170000,0,user_39,740,741,
10472,71,170000,0,user_22,740,741,
10457,75,160000,0,user_16,740,741,
10451,79,160000,0,user_9,740,741,
10463,77,160000,0,user_17,740,741,
10489,78,160000,0,user_40,740,741,
10482,76,160000,0,user_32,740,741,
10483,81,130000,0,user_32,740,741,
10459,82,120000,0,user_16,740,741,
10471,83,120000,0,user_22,740,741,
10449,88,87000,0,user_7,740,741,
10470,90,80000,0,user_21,740,741,
10487,89,80000,0,user_37,740,741,
10446,59,73000,0,user_4,740,740,
10444,2,43000000,0,user_2,740,759,
10484,6,30000000,0,user_34,740,759,
10699,2,6300001,0,builder_18,741,741,10450
10450,54,6300000,155000,user_8,740,759,
10473,63,6300001,0,user_23,740,759,10450
10476,64,6300001,0,user_23,740,759,10450
10477,65,6300001,0,user_24,740,759,10450
10478,66,6300001,0,user_25,740,759,10450
10569,61,6300001,0,user_20,741,759,10450
10572,62,6300001,0,user_25,741,759,10450
10453,71,6300000,0,user_12,740,759,
10468,70,6300000,0,user_20,740,759,
10456,72,6300000,0,user_15,740,759,
10474,79,6299999,0,user_23,740,759,10450
10475,80,6299999,0,user_23,740,759,10450
10562,78,6299999,0,user_13,741,759,10450
10497,88,6100000,0,user_45,740,759,
10445,98,5000000,0,user_4,740,757,
10462,99,5000000,0,user_17,740,757,
10448,98,4500000,0,user_6,740,755,
10575,96,3200000,0,user_27,741,753,
10455,99,2500000,0,user_14,740,752,
10485,92,2500000,0,user_34,740,751,
10465,94,2300000,0,user_17,740,751,
10586,91,2100000,0,user_41,741,750,
10454,99,2000000,0,user_13,740,750,
10494,94,2000000,0,user_42,740,749,
10496,88,1800000,128000,user_44,740,748,
10700,28,1799999,0,builder_18,741,741,10496
10565,96,1800001,0,user_16,741,748,10496
10554,97,1799999,0,user_2,741,748,10496
10558,98,1799999,0,user_10,741,748,10496
10566,89,1799999,0,user_17,741,747,10496
10493,94,1600000,0,user_42,740,746,
10579,95,1600000,0,user_33,741,746,
10490,92,1500000,0,user_41,740,745,
10701,36,1400001,0,builder_18,741,741,10580
10580,95,1400000,6390,user_34,741,745,
10460,96,1400000,0,user_16,740,745,
10577,99,1000000,381000,user_29,741,745,
10702,40,999999,0,builder_18,741,741,10577
10469,90,1100000,0,user_21,740,744,
10486,85,1000000,0,user_35,740,743,
10481,92,970000,0,user_32,740,743,
10492,94,910000,0,user_42,740,743,
10578,95,910000,0,user_32,741,743,
10461,96,870000,0,user_16,740,743,
10582,97,630000,0,user_36,741,743,
10500,99,530000,11200,user_48,740,743,
10703,49,529999,0,builder_18,741,741,10500
10563,77,530001,0,user_14,741,742,10500
10571,78,530001,0,user_24,741,742,10500
10567,79,529999,0,user_18,741,742,10500
10704,53,420001,0,builder_18,741,741,10498
10498,81,420000,67500,user_46,740,742,
10452,83,460000,0,user_10,740,742,
10495,84,460000,0,user_42,740,742,
10564,85,420001,0,user_15,741,742,10498
10573,86,420001,0,user_26,741,742,10498
10705,59,340001,0,builder_18,741,741,10589
10589,60,340000,60700,user_47,741,741,
10706,61,79001,0,builder_18,741,741,10480
10480,62,79000,296000,user_32,740,741,
10443,63,320000,0,user_1,740,741,
10458,64,310000,0,user_16,740,741,
10464,65,300000,0,user_17,740,741,
10491,66,300000,0,user_42,740,741,
10466,67,260000,0,user_18,740,741,
10504,68,240000,0,user_49,740,741,
10499,69,220000,0,user_47,740,741,
10447,70,170000,0,user_5,740,741,
10472,71,170000,0,user_22,740,741,
10488,72,170000,0,user_39,740,741,
10501,73,170000,0,user_49,740,741,
10479,74,160000,0,user_28,740,741,
10457,75,160000,0,user_16,740,741,
10482,76,160000,0,user_32,740,741,
10463,77,160000,0,user_17,740,741,
10489,78,160000,0,user_40,740,741,
10451,79,160000,0,user_9,740,741,
10505,80,150000,0,user_49,740,741,
10483,81,130000,0,user_32,740,741,
10459,82,120000,0,user_16,740,741,
10471,83,120000,0,user_22,740,741,
10502,84,120000,0,user_49,740,741,
10584,85,120000,0,user_37,741,741,
10574,86,110000,0,user_27,741,741,
10583,87,98000,0,user_36,741,741,
10449,88,87000,0,user_7,740,741,
10487,89,80000,0,user_37,740,741,
10470,90,80000,0,user_21,740,741,
10555,91,79001,0,user_3,741,741,10480
10561,92,79001,0,user_11,741,741,10480
10557,93,79001,0,user_10,741,741,10480
10552,94,78999,0,user_1,741,741,10480
10553,95,78999,0,user_2,741,741,10480
10560,96,78999,0,user_11,741,741,10480
10559,97,78999,0,user_10,741,741,10480
10570,98,78999,0,user_21,741,741,10480
10556,99,78999,0,user_9,741,741,10480
10444,2,43000000,0,user_2,740,759,
10484,6,30000000,0,user_34,740,759,
10747,28,27000000,0,user_41,742,759,
10915,3,19000001,0,builder_16,742,742,10588
10588,46,19000000,13900,user_43,741,759,
10916,5,6300001,0,builder_16,742,742,10450
10450,54,6300000,155000,user_8,740,759,
10473,63,6300001,0,user_23,740,759,10450
10476,64,6300001,0,user_23,740,759,10450
10477,65,6300001,0,user_24,740,759,10450
10478,66,6300001,0,user_25,740,759,10450
10569,61,6300001,0,user_20,741,759,10450
10572,62,6300001,0,user_25,741,759,10450
10453,71,6300000,0,user_12,740,759,
10468,70,6300000,0,user_20,740,759,
10456,72,6300000,0,user_15,740,759,
10740,73,6300000,0,user_34,742,759,
10474,79,6299999,0,user_23,740,759,10450
10475,80,6299999,0,user_23,740,759,10450
10562,78,6299999,0,user_13,741,759,10450
10725,81,6299999,0,user_18,742,759,10450
10729,82,6299999,0,user_24,742,759,10450
10497,88,6100000,0,user_45,740,759,
10917,23,5000001,0,builder_16,742,742,10585
10585,94,5000000,6390,user_38,741,757,
10445,98,5000000,0,user_4,740,757,
10462,99,5000000,0,user_17,740,757,
10748,88,5000000,0,user_41,742,756,
10742,87,5000000,0,user_36,742,756,
10448,98,4500000,0,user_6,740,755,
10576,97,4500000,0,user_28,741,755,
10575,96,3200000,0,user_27,741,753,
10455,99,2500000,0,user_14,740,752,
10485,92,2500000,0,user_34,740,751,
10465,94,2300000,0,user_17,740,751,
10586,91,2100000,0,user_41,741,750,
10454,99,2000000,0,user_13,740,750,
10494,94,2000000,0,user_42,740,749,
10737,95,2000000,0,user_32,742,749,
10496,88,1800000,128000,user_44,740,748,
10918,40,1799999,0,builder_16,742,742,10496
10565,96,1800001,0,user_16,741,748,10496
10732,95,1800001,0,user_26,742,748,10496
10554,97,1799999,0,user_2,741,748,10496
10558,98,1799999,0,user_10,741,748,10496
10566,89,1799999,0,user_17,741,747,10496
10710,99,1799999,0,user_2,742,748,10496
10493,94,1600000,0,user_42,740,746,
10579,95,1600000,0,user_33,741,746,
10754,96,1600000,0,user_46,742,746,
10490,92,1500000,0,user_41,740,745,
10739,91,1500000,0,user_32,742,745,
10919,52,1400001,0,builder_16,742,742,10580
10580,95,1400000,6390,user_34,741,745,
10460,96,1400000,0,user_16,740,745,
10577,99,1000000,381000,user_29,741,745,
10920,56,999999,0,builder_16,742,742,10577
10469,90,1100000,0,user_21,740,744,
10590,89,1100000,0,user_49,741,744,
10711,95,1000001,0,user_3,742,744,10577
10722,96,1000001,0,user_14,742,744,10577
10727,98,1000001,0,user_22,742,744,10577
10721,94,1000001,0,user_13,742,744,10577
10726,97,1000001,0,user_21,742,744,10577
10486,85,1000000,0,user_35,740,743,
10587,86,1000000,0,user_43,741,743,
10716,88,999999,0,user_9,742,743,10577
10718,87,999999,0,user_10,742,743,10577
10723,89,999999,0,user_15,742,743,10577
10481,92,970000,0,user_32,740,743,
10492,94,910000,0,user_42,740,743,
10578,95,910000,0,user_32,741,743,
10461,96,870000,0,user_16,740,743,
10582,97,630000,0,user_36,741,743,
10753,98,600000,0,user_46,742,743,
10921,75,530001,0,builder_16,742,742,10500
10500,99,530000,11200,user_48,740,743,
10563,77,530001,0,user_14,741,742,10500
10571,78,530001,0,user_24,741,742,10500
10567,79,529999,0,user_18,741,742,10500
10922,80,420001,0,builder_16,742,742,10498
10498,81,420000,67500,user_46,740,742,
10750,82,470000,0,user_45,742,742,
10452,83,460000,0,user_10,740,742,
10495,84,460000,0,user_42,740,742,
10564,85,420001,0,user_15,741,742,10498
10573,86,420001,0,user_26,741,742,10498
10730,87,420001,0,user_24,742,742,10498
10568,88,419999,0,user_19,741,742,10498
10712,89,419999,0,user_4,742,742,10498
10717,90,419999,0,user_9,742,742,10498
10708,91,419999,0,user_2,742,742,10498
10709,92,419999,0,user_2,742,742,10498
10719,93,419999,0,user_11,742,742,10498
10713,94,419999,0,user_6,742,742,10498
10724,95,419999,0,user_17,742,742,10498
10715,96,419999,0,user_7,742,742,10498
10728,97,419999,0,user_23,742,742,10498
10731,98,419999,0,user_24,742,742,10498
10923,99,340001,0,builder_16,742,742,10589
10444,2,43000000,0,user_2,740,759,
10484,6,30000000,0,user_34,740,759,
10747,28,27000000,0,user_41,742,759,
10988,29,27000000,0,user_40,743,759,
11161,4,19000001,0,builder_16,743,743,10588
10588,46,19000000,13900,user_43,741,759,
10450,54,6300000,155000,user_8,740,759,
11162,7,6299999,0,builder_16,743,743,10450
11163,8,6300001,0,builder_16,743,743,10986
10986,57,6300000,146000,user_39,743,759,
10473,63,6300001,0,user_23,740,759,10450
10476,64,6300001,0,user_23,740,759,10450
10477,65,6300001,0,user_24,740,759,10450
10478,66,6300001,0,user_25,740,759,10450
10569,61,6300001,0,user_20,741,759,10450
10572,62,6300001,0,user_25,741,759,10450
10453,71,6300000,0,user_12,740,759,
10468,70,6300000,0,user_20,740,759,
10456,72,6300000,0,user_15,740,759,
10740,73,6300000,0,user_34,742,759,
10973,74,6300000,0,user_29,743,759,
10474,79,6299999,0,user_23,740,759,10450
10475,80,6299999,0,user_23,740,759,10450
10562,78,6299999,0,user_13,741,759,10450
10725,81,6299999,0,user_18,742,759,10450
10943,83,6299999,0,user_1,743,759,10450
10729,82,6299999,0,user_24,742,759,10450
10497,88,6100000,0,user_45,740,759,
11001,89,6100000,0,user_44,743,759,
10585,94,5000000,6390,user_38,741,757,
11164,30,4999999,0,builder_16,743,743,10585
10445,98,5000000,0,user_4,740,757,
10462,99,5000000,0,user_17,740,757,
10749,96,5000000,0,user_43,742,757,
10742,87,5000000,0,user_36,742,756,
10748,88,5000000,0,user_41,742,756,
10448,98,4500000,0,user_6,740,755,
10576,97,4500000,0,user_28,741,755,
10575,96,3200000,0,user_27,741,753,
10455,99,2500000,0,user_14,740,752,
10485,92,2500000,0,user_34,740,751,
10465,94,2300000,0,user_17,740,751,
10984,95,2300000,0,user_37,743,751,
10586,91,2100000,0,user_41,741,750,
10733,93,2000000,49100,user_27,742,750,
11165,45,1999999,0,builder_16,743,743,10733
10454,99,2000000,0,user_13,740,750,
10494,94,2000000,0,user_42,740,749,
10737,95,2000000,0,user_32,742,749,
11000,95,2000000,0,user_44,743,750,
10991,96,2000000,0,user_40,743,750,
10996,97,2000000,0,user_41,743,750,
10496,88,1800000,128000,user_44,740,748,
11166,53,1799999,0,builder_16,743,743,10496
10995,90,1900000,0,user_41,743,748,
10565,96,1800001,0,user_16,741,748,10496
10732,95,1800001,0,user_26,742,748,10496
10554,97,1799999,0,user_2,741,748,10496
10558,98,1799999,0,user_10,741,748,10496
10566,89,1799999,0,user_17,741,747,10496
10710,99,1799999,0,user_2,742,748,10496
10947,92,1799999,0,user_6,743,747,10496
10493,94,1600000,0,user_42,740,746,
10579,95,1600000,0,user_33,741,746,
10754,96,1600000,0,user_46,742,746,
10490,92,1500000,0,user_41,740,745,
10739,91,1500000,0,user_32,742,745,
10994,93,1500000,0,user_41,743,745,
11167,68,1400001,0,builder_16,743,743,10580
10580,95,1400000,6390,user_34,741,745,
10460,96,1400000,0,user_16,740,745,
10577,99,1000000,381000,user_29,741,745,
11168,72,999999,0,builder_16,743,743,10577
10997,83,1300000,0,user_41,743,744,
10469,90,1100000,0,user_21,740,744,
10590,89,1100000,0,user_49,741,744,
10989,91,1100000,0,user_40,743,744,
11169,77,1000001,0,builder_16,743,743,10980
10980,93,1000000,15700,user_33,743,744,
10711,95,1000001,0,user_3,742,744,10577
10722,96,1000001,0,user_14,742,744,10577
10726,97,1000001,0,user_21,742,744,10577
10721,94,1000001,0,user_13,742,744,10577
10727,98,1000001,0,user_22,742,744,10577
10945,99,1000001,0,user_3,743,744,10577
10486,85,1000000,0,user_35,740,743,
10587,86,1000000,0,user_43,741,743,
10718,87,999999,0,user_10,742,743,10577
10716,88,999999,0,user_9,742,743,10577
10723,89,999999,0,user_15,742,743,10577
10955,90,999999,0,user_11,743,743,10577
10957,91,999999,0,user_12,743,743,10577
10481,92,970000,0,user_32,740,743,
10744,93,970000,0,user_38,742,743,
10492,94,910000,0,user_42,740,743,
10578,95,910000,0,user_32,741,743,
10461,96,870000,0,user_16,740,743,
10582,97,630000,0,user_36,741,743,
10753,98,600000,0,user_46,742,743,
10500,99,530000,11200,user_48,740,743,
10444,2,43000000,0,user_2,740,759,
10484,6,30000000,0,user_34,740,759,
10747,28,27000000,0,user_41,742,759,
10988,29,27000000,0,user_40,743,759,
11383,4,19000001,0,builder_16,744,744,10588
10588,46,19000000,13900,user_43,741,759,
11384,6,6300001,0,builder_16,744,744,10450
10450,54,6300000,155000,user_8,740,759,
10569,61,6300001,0,user_20,741,759,10450
10572,62,6300001,0,user_25,741,759,10450
10473,63,6300001,0,user_23,740,759,10450
10476,64,6300001,0,user_23,740,759,10450
10477,65,6300001,0,user_24,740,759,10450
10478,66,6300001,0,user_25,740,759,10450
11196,59,6300001,0,user_9,744,759,10986
11192,58,6300001,0,user_3,744,759,10986
11193,60,6300001,0,user_6,744,759,10450
10468,70,6300000,0,user_20,740,759,
10453,71,6300000,0,user_12,740,759,
10456,72,6300000,0,user_15,740,759,
10740,73,6300000,0,user_34,742,759,
10973,74,6300000,0,user_29,743,759,
11216,69,6300000,0,user_32,744,759,
10562,78,6299999,0,user_13,741,759,10450
10474,79,6299999,0,user_23,740,759,10450
10475,80,6299999,0,user_23,740,759,10450
10725,81,6299999,0,user_18,742,759,10450
10729,82,6299999,0,user_24,742,759,10450
10943,83,6299999,0,user_1,743,759,10450
11197,76,6299999,0,user_10,744,759,10450
11207,77,6299999,0,user_20,744,759,10450
10497,88,6100000,0,user_45,740,759,
11001,89,6100000,0,user_44,743,759,
10975,90,6100000,0,user_31,743,759,
11385,34,5000001,0,builder_16,744,744,10585
10585,94,5000000,6390,user_38,741,757,
10445,98,5000000,0,user_4,740,757,
10462,99,5000000,0,user_17,740,757,
10748,88,5000000,0,user_41,742,756,
10742,87,5000000,0,user_36,742,756,
10749,96,5000000,0,user_43,742,757,
11226,97,5000000,0,user_45,744,757,
10576,97,4500000,0,user_28,741,755,
10448,98,4500000,0,user_6,740,755,
10575,96,3200000,0,user_27,741,753,
10455,99,2500000,0,user_14,740,752,
10485,92,2500000,0,user_34,740,751,
10465,94,2300000,0,user_17,740,751,
10984,95,2300000,0,user_37,743,751,
11386,49,1200001,0,builder_16,744,744,10985
10985,98,1200000,959000,user_38,743,751,
10586,91,2100000,0,user_41,741,750,
10733,93,2000000,49100,user_27,742,750,
11387,53,1999999,0,builder_16,744,744,10733
10454,99,2000000,0,user_13,740,750,
10494,94,2000000,0,user_42,740,749,
10737,95,2000000,0,user_32,742,749,
11000,95,2000000,0,user_44,743,750,
10991,96,2000000,0,user_40,743,750,
10996,97,2000000,0,user_41,743,750,
10496,88,1800000,128000,user_44,740,748,
11388,61,1799999,0,builder_16,744,744,10496
10995,90,1900000,0,user_41,743,748,
11227,91,1600000,256000,user_46,744,748,
11389,64,1599999,0,builder_16,744,744,11227
10565,96,1800001,0,user_16,741,748,10496
10732,95,1800001,0,user_26,742,748,10496
10558,98,1799999,0,user_10,741,748,10496
10566,89,1799999,0,user_17,741,747,10496
10710,99,1799999,0,user_2,742,748,10496
10554,97,1799999,0,user_2,741,748,10496
10947,92,1799999,0,user_6,743,747,10496
10579,95,1600000,0,user_33,741,746,
10493,94,1600000,0,user_42,740,746,
10754,96,1600000,0,user_46,742,746,
10490,92,1500000,0,user_41,740,745,
10739,91,1500000,0,user_32,742,745,
10994,93,1500000,0,user_41,743,745,
11390,78,1400001,0,builder_16,744,744,10580
10580,95,1400000,6390,user_34,741,745,
10460,96,1400000,0,user_16,740,745,
11391,81,1000001,0,builder_16,744,744,10577
10577,99,1000000,381000,user_29,741,745,
10997,83,1300000,0,user_41,743,744,
11199,84,1200001,0,user_11,744,744,10985
11201,85,1200001,0,user_14,744,744,10985
11200,86,1200001,0,user_12,744,744,10985
11209,87,1199999,0,user_22,744,744,10985
11203,88,1199999,0,user_17,744,744,10985
10590,89,1100000,0,user_49,741,744,
10469,90,1100000,0,user_21,740,744,
10989,91,1100000,0,user_40,743,744,
11392,92,1000001,0,builder_16,744,744,10980
10980,93,1000000,15700,user_33,743,744,
10721,94,1000001,0,user_13,742,744,10577
10711,95,1000001,0,user_3,742,744,10577
10722,96,1000001,0,user_14,742,744,10577
10726,97,1000001,0,user_21,742,744,10577
10727,98,1000001,0,user_22,742,744,10577
10945,99,1000001,0,user_3,743,744,10577
10444,2,43000000,0,user_2,740,759,
11448,3,30000000,11200,user_33,745,759,
11638,2,29999999,0,builder_16,745,745,11448
10484,6,30000000,0,user_34,740,759,
11457,5,30000000,0,user_47,745,759,
10747,28,27000000,0,user_41,742,759,
10988,29,27000000,0,user_40,743,759,
11455,27,27000000,0,user_46,745,759,
11639,8,19000001,0,builder_16,745,745,10588
10588,46,19000000,13900,user_43,741,759,
10450,54,6300000,155000,user_8,740,759,
11640,11,6299999,0,builder_16,745,745,10450
11641,12,6300001,0,builder_16,745,745,10986
10986,57,6300000,146000,user_39,743,759,
10572,62,6300001,0,user_25,741,759,10450
10569,61,6300001,0,user_20,741,759,10450
10473,63,6300001,0,user_23,740,759,10450
10476,64,6300001,0,user_23,740,759,10450
10478,66,6300001,0,user_25,740,759,10450
10477,65,6300001,0,user_24,740,759,10450
11192,58,6300001,0,user_3,744,759,10986
11196,59,6300001,0,user_9,744,759,10986
11193,60,6300001,0,user_6,744,759,10450
10740,73,6300000,0,user_34,742,759,
10468,70,6300000,0,user_20,740,759,
10453,71,6300000,0,user_12,740,759,
10456,72,6300000,0,user_15,740,759,
10973,74,6300000,0,user_29,743,759,
11216,69,6300000,0,user_32,744,759,
10725,81,6299999,0,user_18,742,759,10450
10729,82,6299999,0,user_24,742,759,10450
10943,83,6299999,0,user_1,743,759,10450
10562,78,6299999,0,user_13,741,759,10450
10474,79,6299999,0,user_23,740,759,10450
10475,80,6299999,0,user_23,740,759,10450
11197,76,6299999,0,user_10,744,759,10450
11207,77,6299999,0,user_20,744,759,10450
11001,89,6100000,0,user_44,743,759,
10497,88,6100000,0,user_45,740,759,
10975,90,6100000,0,user_31,743,759,
11642,40,5000001,0,builder_16,745,745,10585
10585,94,5000000,6390,user_38,741,757,
10742,87,5000000,0,user_36,742,756,
10748,88,5000000,0,user_41,742,756,
10749,96,5000000,0,user_43,742,757,
10445,98,5000000,0,user_4,740,757,
10462,99,5000000,0,user_17,740,757,
11226,97,5000000,0,user_45,744,757,
11456,96,4500000,121000,user_46,745,756,
11643,49,4499999,0,builder_16,745,745,11456
10448,98,4500000,0,user_6,740,755,
10576,97,4500000,0,user_28,741,755,
11213,96,4200000,0,user_31,744,754,
10575,96,3200000,0,user_27,741,753,
10455,99,2500000,0,user_14,740,752,
10485,92,2500000,0,user_34,740,751,
11454,98,2500000,0,user_40,745,752,
10984,95,2300000,0,user_37,743,751,
10465,94,2300000,0,user_17,740,751,
11644,59,1200001,0,builder_16,745,745,10985
10985,98,1200000,959000,user_38,743,751,
10586,91,2100000,0,user_41,741,750,
11645,62,2000001,0,builder_16,745,745,10733
10733,93,2000000,49100,user_27,742,750,
10737,95,2000000,0,user_32,742,749,
11000,95,2000000,0,user_44,743,750,
10454,99,2000000,0,user_13,740,750,
10494,94,2000000,0,user_42,740,749,
10991,96,2000000,0,user_40,743,750,
10996,97,2000000,0,user_41,743,750,
11214,98,2000000,0,user_31,744,750,
10496,88,1800000,128000,user_44,740,748,
11646,72,1799999,0,builder_16,745,745,10496
10995,90,1900000,0,user_41,743,748,
11227,91,1600000,256000,user_46,744,748,
11647,75,1599999,0,builder_16,745,745,11227
10732,95,1800001,0,user_26,742,748,10496
10565,96,1800001,0,user_16,741,748,10496
10554,97,1799999,0,user_2,741,748,10496
10558,98,1799999,0,user_10,741,748,10496
10710,99,1799999,0,user_2,742,748,10496
10566,89,1799999,0,user_17,741,747,10496
10947,92,1799999,0,user_6,743,747,10496
11450,93,1600000,39400,user_36,745,747,
11648,84,1599999,0,builder_16,745,745,11450
11430,96,1600001,0,user_15,745,747,11227
11431,95,1600001,0,user_18,745,747,11227
10754,96,1600000,0,user_46,742,746,
10579,95,1600000,0,user_33,741,746,
10493,94,1600000,0,user_42,740,746,
11437,98,1599999,0,user_21,745,746,11227
10739,91,1500000,0,user_32,742,745,
10490,92,1500000,0,user_41,740,745,
10994,93,1500000,0,user_41,743,745,
11649,94,1400001,0,builder_16,745,745,10580
10580,95,1400000,6390,user_34,741,745,
10460,96,1400000,0,user_16,740,745,
11212,97,1400000,0,user_27,744,745,
11650,98,1000001,0,builder_16,745,745,10577
10577,99,1000000,381000,user_29,741,745,
10444,2,43000000,0,user_2,740,759,
11448,3,30000000,11200,user_33,745,759,
11895,2,29999999,0,builder_16,746,746,11448
10484,6,30000000,0,user_34,740,759,
11457,5,30000000,0,user_47,745,759,
11715,7,30000000,0,user_46,746,759,
10988,29,27000000,0,user_40,743,759,
10747,28,27000000,0,user_41,742,759,
11455,27,27000000,0,user_46,745,759,
11710,30,27000000,0,user_42,746,759,
10588,46,19000000,13900,user_43,741,759,
11896,11,18999999,0,builder_16,746,746,10588
11897,12,6300001,0,builder_16,746,746,10450
10450,54,6300000,155000,user_8,740,759,
11898,14,6300001,0,builder_16,746,746,10986
10986,57,6300000,146000,user_39,743,759,
10473,63,6300001,0,user_23,740,759,10450
10476,64,6300001,0,user_23,740,759,10450
10477,65,6300001,0,user_24,740,759,10450
10478,66,6300001,0,user_25,740,759,10450
10569,61,6300001,0,user_20,741,759,10450
10572,62,6300001,0,user_25,741,759,10450
11192,58,6300001,0,user_3,744,759,10986
11193,60,6300001,0,user_6,744,759,10450
11196,59,6300001,0,user_9,744,759,10986
10973,74,6300000,0,user_29,743,759,
10453,71,6300000,0,user_12,740,759,
10468,70,6300000,0,user_20,740,759,
10456,72,6300000,0,user_15,740,759,
10740,73,6300000,0,user_34,742,759,
11216,69,6300000,0,user_32,744,759,
10943,83,6299999,0,user_1,743,759,10450
11197,76,6299999,0,user_10,744,759,10450
11207,77,6299999,0,user_20,744,759,10450
10474,79,6299999,0,user_23,740,759,10450
10475,80,6299999,0,user_23,740,759,10450
10562,78,6299999,0,user_13,741,759,10450
10725,81,6299999,0,user_18,742,759,10450
10729,82,6299999,0,user_24,742,759,10450
11001,89,6100000,0,user_44,743,759,
10975,90,6100000,0,user_31,743,759,
10497,88,6100000,0,user_45,740,759,
10585,94,5000000,6390,user_38,741,757,
11899,43,4999999,0,builder_16,746,746,10585
10749,96,5000000,0,user_43,742,757,
11226,97,5000000,0,user_45,744,757,
10445,98,5000000,0,user_4,740,757,
10462,99,5000000,0,user_17,740,757,
10742,87,5000000,0,user_36,742,756,
10748,88,5000000,0,user_41,742,756,
11709,86,5000000,0,user_40,746,756,
11900,51,4500001,0,builder_16,746,746,11456
11456,96,4500000,121000,user_46,745,756,
10448,98,4500000,0,user_6,740,755,
10576,97,4500000,0,user_28,741,755,
11446,96,4500000,0,user_31,745,755,
11213,96,4200000,0,user_31,744,754,
10575,96,3200000,0,user_27,741,753,
11716,93,2600000,0,user_47,746,752,
10455,99,2500000,0,user_14,740,752,
10485,92,2500000,0,user_34,740,751,
11454,98,2500000,0,user_40,745,752,
10984,95,2300000,0,user_37,743,751,
10465,94,2300000,0,user_17,740,751,
10985,98,1200000,959000,user_38,743,751,
11901,65,1199999,0,builder_16,746,746,10985
10586,91,2100000,0,user_41,741,750,
10733,93,2000000,49100,user_27,742,750,
11902,68,1999999,0,builder_16,746,746,10733
11000,95,2000000,0,user_44,743,750,
10991,96,2000000,0,user_40,743,750,
10996,97,2000000,0,user_41,743,750,
10454,99,2000000,0,user_13,740,750,
10494,94,2000000,0,user_42,740,749,
10737,95,2000000,0,user_32,742,749,
11214,98,2000000,0,user_31,744,750,
11903,76,1800001,0,builder_16,746,746,10496
10496,88,1800000,128000,user_44,740,748,
10995,90,1900000,0,user_41,743,748,
11227,91,1600000,256000,user_46,744,748,
11904,80,1599999,0,builder_16,746,746,11227
10565,96,1800001,0,user_16,741,748,10496
10732,95,1800001,0,user_26,742,748,10496
10947,92,1799999,0,user_6,743,747,10496
10554,97,1799999,0,user_2,741,748,10496
10558,98,1799999,0,user_10,741,748,10496
10566,89,1799999,0,user_17,741,747,10496
10710,99,1799999,0,user_2,742,748,10496
11905,88,1600001,0,builder_16,746,746,11450
11450,93,1600000,39400,user_36,745,747,
11430,96,1600001,0,user_15,745,747,11227
11431,95,1600001,0,user_18,745,747,11227
11679,97,1600001,0,user_1,746,747,11227
11688,98,1600001,0,user_11,746,747,11227
10493,94,1600000,0,user_42,740,746,
10579,95,1600000,0,user_33,741,746,
10754,96,1600000,0,user_46,742,746,
11704,97,1600000,0,user_29,746,746,
11437,98,1599999,0,user_21,745,746,11227
11433,99,1599999,0,user_19,745,746,11227
10444,2,43000000,0,user_2,740,759,
11448,3,30000000,11200,user_33,745,759,
12166,2,29999999,0,builder_18,747,747,11448
11457,5,30000000,0,user_47,745,759,
10484,6,30000000,0,user_34,740,759,
11715,7,30000000,0,user_46,746,759,
11969,8,30000000,0,user_45,747,759,
11455,27,27000000,0,user_46,745,759,
10747,28,27000000,0,user_41,742,759,
10988,29,27000000,0,user_40,743,759,
11710,30,27000000,0,user_42,746,759,
10588,46,19000000,13900,user_43,741,759,
12167,12,18999999,0,builder_18,747,747,10588
12168,13,6300001,0,builder_18,747,747,10450
10450,54,6300000,155000,user_8,740,759,
12169,15,6300001,0,builder_18,747,747,10986
10986,57,6300000,146000,user_39,743,759,
11192,58,6300001,0,user_3,744,759,10986
11196,59,6300001,0,user_9,744,759,10986
11193,60,6300001,0,user_6,744,759,10450
10569,61,6300001,0,user_20,741,759,10450
10572,62,6300001,0,user_25,741,759,10450
10473,63,6300001,0,user_23,740,759,10450
10476,64,6300001,0,user_23,740,759,10450
10477,65,6300001,0,user_24,740,759,10450
10478,66,6300001,0,user_25,740,759,10450
11216,69,6300000,0,user_32,744,759,
10468,70,6300000,0,user_20,740,759,
10453,71,6300000,0,user_12,740,759,
10456,72,6300000,0,user_15,740,759,
10740,73,6300000,0,user_34,742,759,
10973,74,6300000,0,user_29,743,759,
11197,76,6299999,0,user_10,744,759,10450
11207,77,6299999,0,user_20,744,759,10450
10562,78,6299999,0,user_13,741,759,10450
10474,79,6299999,0,user_23,740,759,10450
10475,80,6299999,0,user_23,740,759,10450
10725,81,6299999,0,user_18,742,759,10450
10729,82,6299999,0,user_24,742,759,10450
10943,83,6299999,0,user_1,743,759,10450
10497,88,6100000,0,user_45,740,759,
11001,89,6100000,0,user_44,743,759,
10975,90,6100000,0,user_31,743,759,
12170,43,5000001,0,builder_18,747,747,10585
10585,94,5000000,6390,user_38,741,757,
11226,97,5000000,0,user_45,744,757,
10445,98,5000000,0,user_4,740,757,
10462,99,5000000,0,user_17,740,757,
10748,88,5000000,0,user_41,742,756,
10742,87,5000000,0,user_36,742,756,
10749,96,5000000,0,user_43,742,757,
11709,86,5000000,0,user_40,746,756,
11456,96,4500000,121000,user_46,745,756,
12171,53,4499999,0,builder_18,747,747,11456
11446,96,4500000,0,user_31,745,755,
10576,97,4500000,0,user_28,741,755,
10448,98,4500000,0,user_6,740,755,
11213,96,4200000,0,user_31,744,754,
10575,96,3200000,0,user_27,741,753,
11959,95,3200000,0,user_36,747,753,
11716,93,2600000,0,user_47,746,752,
11954,99,2600000,0,user_33,747,753,
11454,98,2500000,0,user_40,745,752,
10455,99,2500000,0,user_14,740,752,
10485,92,2500000,0,user_34,740,751,
10465,94,2300000,0,user_17,740,751,
10984,95,2300000,0,user_37,743,751,
10985,98,1200000,959000,user_38,743,751,
12172,68,1199999,0,builder_18,747,747,10985
10586,91,2100000,0,user_41,741,750,
12173,70,2000001,0,builder_18,747,747,10733
10733,93,2000000,49100,user_27,742,750,
11214,98,2000000,0,user_31,744,750,
10454,99,2000000,0,user_13,740,750,
10494,94,2000000,0,user_42,740,749,
10737,95,2000000,0,user_32,742,749,
11000,95,2000000,0,user_44,743,750,
10991,96,2000000,0,user_40,743,750,
10996,97,2000000,0,user_41,743,750,
12174,79,1800001,0,builder_18,747,747,10496
10496,88,1800000,128000,user_44,740,748,
10995,90,1900000,0,user_41,743,748,
12175,82,1600001,0,builder_18,747,747,11227
11227,91,1600000,256000,user_46,744,748,
12176,84,1300001,0,builder_18,747,747,11955
11955,94,1300000,510000,user_34,747,748,
10565,96,1800001,0,user_16,741,748,10496
10732,95,1800001,0,user_26,742,748,10496
10558,98,1799999,0,user_10,741,748,10496
10566,89,1799999,0,user_17,741,747,10496
10710,99,1799999,0,user_2,742,748,10496
10554,97,1799999,0,user_2,741,748,10496
10947,92,1799999,0,user_6,743,747,10496
11450,93,1600000,39400,user_36,745,747,
12177,94,1599999,0,builder_18,747,747,11450
11431,95,1600001,0,user_18,745,747,11227
11430,96,1600001,0,user_15,745,747,11227
11679,97,1600001,0,user_1,746,747,11227
11688,98,1600001,0,user_11,746,747,11227
11930,99,1600001,0,user_4,747,747,11227
10444,2,43000000,0,user_2,740,759,
11448,3,30000000,11200,user_33,745,759,
12451,2,29999999,0,builder_18,748,748,11448
11457,5,30000000,0,user_47,745,759,
11715,7,30000000,0,user_46,746,759,
11969,8,30000000,0,user_45,747,759,
10484,6,30000000,0,user_34,740,759,
12221,12,27000000,779000,user_37,748,759,
12452,8,26999999,0,builder_18,748,748,12221
11455,27,27000000,0,user_46,745,759,
11710,30,27000000,0,user_42,746,759,
10747,28,27000000,0,user_41,742,759,
10988,29,27000000,0,user_40,743,759,
10588,46,19000000,13900,user_43,741,759,
12453,14,18999999,0,builder_18,748,748,10588
11960,50,19000000,0,user_38,747,759,
12454,16,6300001,0,builder_18,748,748,10450
10450,54,6300000,155000,user_8,740,759,
10986,57,6300000,146000,user_39,743,759,
12455,19,6299999,0,builder_18,748,748,10986
10572,62,6300001,0,user_25,741,759,10450
10569,61,6300001,0,user_20,741,759,10450
10473,63,6300001,0,user_23,740,759,10450
10476,64,6300001,0,user_23,740,759,10450
10478,66,6300001,0,user_25,740,759,10450
10477,65,6300001,0,user_24,740,759,10450
11192,58,6300001,0,user_3,744,759,10986
11196,59,6300001,0,user_9,744,759,10986
11193,60,6300001,0,user_6,744,759,10450
10740,73,6300000,0,user_34,742,759,
10468,70,6300000,0,user_20,740,759,
10453,71,6300000,0,user_12,740,759,
10456,72,6300000,0,user_15,740,759,
10973,74,6300000,0,user_29,743,759,
11216,69,6300000,0,user_32,744,759,
10725,81,6299999,0,user_18,742,759,10450
10729,82,6299999,0,user_24,742,759,10450
10943,83,6299999,0,user_1,743,759,10450
10562,78,6299999,0,user_13,741,759,10450
10474,79,6299999,0,user_23,740,759,10450
10475,80,6299999,0,user_23,740,759,10450
11197,76,6299999,0,user_10,744,759,10450
11207,77,6299999,0,user_20,744,759,10450
11001,89,6100000,0,user_44,743,759,
10497,88,6100000,0,user_45,740,759,
10975,90,6100000,0,user_31,743,759,
10585,94,5000000,6390,user_38,741,757,
12456,47,4999999,0,builder_18,748,748,10585
11709,86,5000000,0,user_40,746,756,
10742,87,5000000,0,user_36,742,756,
10748,88,5000000,0,user_41,742,756,
10749,96,5000000,0,user_43,742,757,
10445,98,5000000,0,user_4,740,757,
10462,99,5000000,0,user_17,740,757,
11226,97,5000000,0,user_45,744,757,
11456,96,4500000,121000,user_46,745,756,
12457,56,4499999,0,builder_18,748,748,11456
11446,96,4500000,0,user_31,745,755,
10448,98,4500000,0,user_6,740,755,
10576,97,4500000,0,user_28,741,755,
11213,96,4200000,0,user_31,744,754,
12220,94,4200000,0,user_37,748,754,
12215,95,4200000,0,user_30,748,754,
11949,94,3500000,0,user_28,747,753,
10575,96,3200000,0,user_27,741,753,
11959,95,3200000,0,user_36,747,753,
11716,93,2600000,0,user_47,746,752,
11954,99,2600000,0,user_33,747,753,
11454,98,2500000,0,user_40,745,752,
10455,99,2500000,0,user_14,740,752,
10485,92,2500000,0,user_34,740,751,
10984,95,2300000,0,user_37,743,751,
10465,94,2300000,0,user_17,740,751,
12226,96,2300000,0,user_48,748,751,
12458,74,1200001,0,builder_18,748,748,10985
10985,98,1200000,959000,user_38,743,751,
12459,76,2100001,0,builder_18,748,748,11967
11967,99,2100000,33300,user_43,747,751,
10586,91,2100000,0,user_41,741,750,
10733,93,2000000,49100,user_27,742,750,
12460,80,1999999,0,builder_18,748,748,10733
10737,95,2000000,0,user_32,742,749,
11000,95,2000000,0,user_44,743,750,
10454,99,2000000,0,user_13,740,750,
10494,94,2000000,0,user_42,740,749,
10991,96,2000000,0,user_40,743,750,
10996,97,2000000,0,user_41,743,750,
11214,98,2000000,0,user_31,744,750,
10496,88,1800000,128000,user_44,740,748,
12461,89,1799999,0,builder_18,748,748,10496
10995,90,1900000,0,user_41,743,748,
11227,91,1600000,256000,user_46,744,748,
12462,92,1599999,0,builder_18,748,748,11227
12463,93,1300001,0,builder_18,748,748,11955
11955,94,1300000,510000,user_34,747,748,
10732,95,1800001,0,user_26,742,748,10496
10565,96,1800001,0,user_16,741,748,10496
10554,97,1799999,0,user_2,741,748,10496
10558,98,1799999,0,user_10,741,748,10496
10710,99,1799999,0,user_2,742,748,10496
10444,2,43000000,0,user_2,740,759,
11448,3,30000000,11200,user_33,745,759,
12768,2,29999999,0,builder_18,749,749,11448
11969,8,30000000,0,user_45,747,759,
10484,6,30000000,0,user_34,740,759,
11457,5,30000000,0,user_47,745,759,
11715,7,30000000,0,user_46,746,759,
12769,7,27000001,0,builder_18,749,749,12221
12221,12,27000000,779000,user_37,748,759,
12494,18,27000001,0,user_20,749,759,12221
10988,29,27000000,0,user_40,743,759,
10747,28,27000000,0,user_41,742,759,
11455,27,27000000,0,user_46,745,759,
11710,30,27000000,0,user_42,746,759,
12482,35,26999999,0,user_11,749,759,12221
12770,15,19000001,0,builder_18,749,749,10588
10588,46,19000000,13900,user_43,741,759,
11960,50,19000000,0,user_38,747,759,
12771,18,6300001,0,builder_18,749,749,10450
10450,54,6300000,155000,user_8,740,759,
12772,20,6300001,0,builder_18,749,749,10986
10986,57,6300000,146000,user_39,743,759,
10473,63,6300001,0,user_23,740,759,10450
10476,64,6300001,0,user_23,740,759,10450
10477,65,6300001,0,user_24,740,759,10450
10478,66,6300001,0,user_25,740,759,10450
10569,61,6300001,0,user_20,741,759,10450
10572,62,6300001,0,user_25,741,759,10450
11192,58,6300001,0,user_3,744,759,10986
11193,60,6300001,0,user_6,744,759,10450
11196,59,6300001,0,user_9,744,759,10986
10973,74,6300000,0,user_29,743,759,
10453,71,6300000,0,user_12,740,759,
10468,70,6300000,0,user_20,740,759,
10456,72,6300000,0,user_15,740,759,
10740,73,6300000,0,user_34,742,759,
11216,69,6300000,0,user_32,744,759,
10943,83,6299999,0,user_1,743,759,10450
11197,76,6299999,0,user_10,744,759,10450
11207,77,6299999,0,user_20,744,759,10450
10474,79,6299999,0,user_23,740,759,10450
10475,80,6299999,0,user_23,740,759,10450
10562,78,6299999,0,user_13,741,759,10450
10725,81,6299999,0,user_18,742,759,10450
10729,82,6299999,0,user_24,742,759,10450
12227,87,6100000,8520,user_49,748,759,
12773,46,6099999,0,builder_18,749,749,12227
11001,89,6100000,0,user_44,743,759,
10975,90,6100000,0,user_31,743,759,
10497,88,6100000,0,user_45,740,759,
12774,50,5000001,0,builder_18,749,749,10585
10585,94,5000000,6390,user_38,741,757,
10749,96,5000000,0,user_43,742,757,
11226,97,5000000,0,user_45,744,757,
10445,98,5000000,0,user_4,740,757,
10462,99,5000000,0,user_17,740,757,
10742,87,5000000,0,user_36,742,756,
10748,88,5000000,0,user_41,742,756,
11709,86,5000000,0,user_40,746,756,
11456,96,4500000,121000,user_46,745,756,
12775,60,4499999,0,builder_18,749,749,11456
10448,98,4500000,0,user_6,740,755,
10576,97,4500000,0,user_28,741,755,
11446,96,4500000,0,user_31,745,755,
12220,94,4200000,0,user_37,748,754,
11213,96,4200000,0,user_31,744,754,
12215,95,4200000,0,user_30,748,754,
12521,97,4200000,0,user_47,749,754,
12510,93,3500000,31700,user_39,749,753,
12776,69,3499999,0,builder_18,749,749,12510
11949,94,3500000,0,user_28,747,753,
11959,95,3200000,0,user_36,747,753,
10575,96,3200000,0,user_27,741,753,
11954,99,2600000,0,user_33,747,753,
11716,93,2600000,0,user_47,746,752,
12518,97,1800000,769000,user_44,749,752,
12777,76,1799999,0,builder_18,749,749,12518
10455,99,2500000,0,user_14,740,752,
10485,92,2500000,0,user_34,740,751,
11454,98,2500000,0,user_40,745,752,
10984,95,2300000,0,user_37,743,751,
10465,94,2300000,0,user_17,740,751,
12226,96,2300000,0,user_48,748,751,
10985,98,1200000,959000,user_38,743,751,
12778,84,1199999,0,builder_18,749,749,10985
11967,99,2100000,33300,user_43,747,751,
12779,86,2099999,0,builder_18,749,749,11967
10586,91,2100000,0,user_41,741,750,
10733,93,2000000,49100,user_27,742,750,
12780,89,1999999,0,builder_18,749,749,10733
11000,95,2000000,0,user_44,743,750,
10991,96,2000000,0,user_40,743,750,
10996,97,2000000,0,user_41,743,750,
10454,99,2000000,0,user_13,740,750,
10494,94,2000000,0,user_42,740,749,
10737,95,2000000,0,user_32,742,749,
11214,98,2000000,0,user_31,744,750,
12509,94,2000000,0,user_37,749,750,
12514,98,2000000,0,user_42,749,749,
12781,99,1800001,0,builder_18,749,749,10496
10444,2,43000000,0,user_2,740,759,
11448,3,30000000,11200,user_33,745,759,
13062,2,29999999,0,builder_18,750,750,11448
11969,8,30000000,0,user_45,747,759,
10484,6,30000000,0,user_34,740,759,
11457,5,30000000,0,user_47,745,759,
11715,7,30000000,0,user_46,746,759,
12221,12,27000000,779000,user_37,748,759,
13063,8,26999999,0,builder_18,750,750,12221
12494,18,27000001,0,user_20,749,759,12221
12783,20,27000001,0,user_0,750,759,12221
12796,19,27000001,0,user_11,750,759,12221
10988,29,27000000,0,user_40,743,759,
10747,28,27000000,0,user_41,742,759,
11455,27,27000000,0,user_46,745,759,
11710,30,27000000,0,user_42,746,759,
12482,35,26999999,0,user_11,749,759,12221
12785,36,26999999,0,user_0,750,759,12221
13064,18,19000001,0,builder_18,750,750,10588
10588,46,19000000,13900,user_43,741,759,
11960,50,19000000,0,user_38,747,759,
12830,49,19000000,0,user_45,750,759,
10450,54,6300000,155000,user_8,740,759,
13065,23,6299999,0,builder_18,750,750,10450
10986,57,6300000,146000,user_39,743,759,
13066,25,6299999,0,builder_18,750,750,10986
11192,58,6300001,0,user_3,744,759,10986
11193,60,6300001,0,user_6,744,759,10450
10473,63,6300001,0,user_23,740,759,10450
10476,64,6300001,0,user_23,740,759,10450
10477,65,6300001,0,user_24,740,759,10450
10572,62,6300001,0,user_25,741,759,10450
10569,61,6300001,0,user_20,741,759,10450
11196,59,6300001,0,user_9,744,759,10986
10478,66,6300001,0,user_25,740,759,10450
10973,74,6300000,0,user_29,743,759,
11216,69,6300000,0,user_32,744,759,
10453,71,6300000,0,user_12,740,759,
10456,72,6300000,0,user_15,740,759,
10468,70,6300000,0,user_20,740,759,
10740,73,6300000,0,user_34,742,759,
11207,77,6299999,0,user_20,744,759,10450
11197,76,6299999,0,user_10,744,759,10450
10474,79,6299999,0,user_23,740,759,10450
10475,80,6299999,0,user_23,740,759,10450
10562,78,6299999,0,user_13,741,759,10450
10725,81,6299999,0,user_18,742,759,10450
10729,82,6299999,0,user_24,742,759,10450
10943,83,6299999,0,user_1,743,759,10450
13067,49,6100001,0,builder_18,750,750,12227
12227,87,6100000,8520,user_49,748,759,
10975,90,6100000,0,user_31,743,759,
11001,89,6100000,0,user_44,743,759,
10497,88,6100000,0,user_45,740,759,
13068,54,5000001,0,builder_18,750,750,10585
10585,94,5000000,6390,user_38,741,757,
11226,97,5000000,0,user_45,744,757,
10462,99,5000000,0,user_17,740,757,
10749,96,5000000,0,user_43,742,757,
10445,98,5000000,0,user_4,740,757,
10742,87,5000000,0,user_36,742,756,
10748,88,5000000,0,user_41,742,756,
11709,86,5000000,0,user_40,746,756,
11456,96,4500000,121000,user_46,745,756,
13069,64,4499999,0,builder_18,750,750,11456
10448,98,4500000,0,user_6,740,755,
10576,97,4500000,0,user_28,741,755,
11446,96,4500000,0,user_31,745,755,
12220,94,4200000,0,user_37,748,754,
12215,95,4200000,0,user_30,748,754,
11213,96,4200000,0,user_31,744,754,
12521,97,4200000,0,user_47,749,754,
13070,72,3500001,0,builder_18,750,750,12510
12510,93,3500000,31700,user_39,749,753,
11949,94,3500000,0,user_28,747,753,
11959,95,3200000,0,user_36,747,753,
10575,96,3200000,0,user_27,741,753,
11954,99,2600000,0,user_33,747,753,
11716,93,2600000,0,user_47,746,752,
12518,97,1800000,769000,user_44,749,752,
13071,80,1799999,0,builder_18,750,750,12518
10455,99,2500000,0,user_14,740,752,
10485,92,2500000,0,user_34,740,751,
11454,98,2500000,0,user_40,745,752,
12226,96,2300000,0,user_48,748,751,
10984,95,2300000,0,user_37,743,751,
10465,94,2300000,0,user_17,740,751,
10985,98,1200000,959000,user_38,743,751,
13072,88,1199999,0,builder_18,750,750,10985
11967,99,2100000,33300,user_43,747,751,
13073,90,2099999,0,builder_18,750,750,11967
10586,91,2100000,0,user_41,741,750,
13074,92,2000001,0,builder_18,750,750,10733
10733,93,2000000,49100,user_27,742,750,
12509,94,2000000,0,user_37,749,750,
11000,95,2000000,0,user_44,743,750,
10991,96,2000000,0,user_40,743,750,
10996,97,2000000,0,user_41,743,750,
11214,98,2000000,0,user_31,744,750,
10454,99,2000000,0,user_13,740,750,
10444,2,43000000,0,user_2,740,759,
11448,3,30000000,11200,user_33,745,759,
13358,2,29999999,0,builder_18,751,751,11448
11457,5,30000000,0,user_47,745,759,
10484,6,30000000,0,user_34,740,759,
11715,7,30000000,0,user_46,746,759,
11969,8,30000000,0,user_45,747,759,
13118,9,30000000,0,user_41,751,759,
12221,12,27000000,779000,user_37,748,759,
13359,9,26999999,0,builder_18,751,751,12221
12494,18,27000001,0,user_20,749,759,12221
12796,19,27000001,0,user_11,750,759,12221
12783,20,27000001,0,user_0,750,759,12221
13075,21,27000001,0,user_0,751,759,12221
13091,22,27000001,0,user_15,751,759,12221
13101,23,27000001,0,user_25,751,759,12221
11455,27,27000000,0,user_46,745,759,
10747,28,27000000,0,user_41,742,759,
10988,29,27000000,0,user_40,743,759,
11710,30,27000000,0,user_42,746,759,
12482,35,26999999,0,user_11,749,759,12221
12785,36,26999999,0,user_0,750,759,12221
13087,37,26999999,0,user_11,751,759,12221
13099,38,26999999,0,user_23,751,759,12221
13360,24,19000001,0,builder_18,751,751,10588
10588,46,19000000,13900,user_43,741,759,
12830,49,19000000,0,user_45,750,759,
11960,50,19000000,0,user_38,747,759,
13117,52,73000,17700000,user_40,751,759,
13361,29,72999,0,builder_18,751,751,13117
10450,54,6300000,155000,user_8,740,759,
13362,31,6299999,0,builder_18,751,751,10450
10986,57,6300000,146000,user_39,743,759,
13363,33,6299999,0,builder_18,751,751,10986
11192,58,6300001,0,user_3,744,759,10986
11196,59,6300001,0,user_9,744,759,10986
11193,60,6300001,0,user_6,744,759,10450
10569,61,6300001,0,user_20,741,759,10450
10572,62,6300001,0,user_25,741,759,10450
10473,63,6300001,0,user_23,740,759,10450
10476,64,6300001,0,user_23,740,759,10450
10477,65,6300001,0,user_24,740,759,10450
10478,66,6300001,0,user_25,740,759,10450
11216,69,6300000,0,user_32,744,759,
10468,70,6300000,0,user_20,740,759,
10453,71,6300000,0,user_12,740,759,
10456,72,6300000,0,user_15,740,759,
10740,73,6300000,0,user_34,742,759,
10973,74,6300000,0,user_29,743,759,
11197,76,6299999,0,user_10,744,759,10450
11207,77,6299999,0,user_20,744,759,10450
10562,78,6299999,0,user_13,741,759,10450
10474,79,6299999,0,user_23,740,759,10450
10475,80,6299999,0,user_23,740,759,10450
10725,81,6299999,0,user_18,742,759,10450
10729,82,6299999,0,user_24,742,759,10450
10943,83,6299999,0,user_1,743,759,10450
13364,57,6100001,0,builder_18,751,751,12227
12227,87,6100000,8520,user_49,748,759,
10497,88,6100000,0,user_45,740,759,
11001,89,6100000,0,user_44,743,759,
10975,90,6100000,0,user_31,743,759,
13365,62,5000001,0,builder_18,751,751,10585
10585,94,5000000,6390,user_38,741,757,
11226,97,5000000,0,user_45,744,757,
10445,98,5000000,0,user_4,740,757,
10462,99,5000000,0,user_17,740,757,
10748,88,5000000,0,user_41,742,756,
10742,87,5000000,0,user_36,742,756,
10749,96,5000000,0,user_43,742,757,
11709,86,5000000,0,user_40,746,756,
13366,71,4500001,0,builder_18,751,751,11456
11456,96,4500000,121000,user_46,745,756,
11446,96,4500000,0,user_31,745,755,
10576,97,4500000,0,user_28,741,755,
10448,98,4500000,0,user_6,740,755,
13122,99,4500000,0,user_46,751,755,
12521,97,4200000,0,user_47,749,754,
12220,94,4200000,0,user_37,748,754,
11213,96,4200000,0,user_31,744,754,
12215,95,4200000,0,user_30,748,754,
12510,93,3500000,31700,user_39,749,753,
13367,82,3499999,0,builder_18,751,751,12510
11949,94,3500000,0,user_28,747,753,
10575,96,3200000,0,user_27,741,753,
11959,95,3200000,0,user_36,747,753,
11716,93,2600000,0,user_47,746,752,
11954,99,2600000,0,user_33,747,753,
12518,97,1800000,769000,user_44,749,752,
13368,89,1799999,0,builder_18,751,751,12518
11454,98,2500000,0,user_40,745,752,
10455,99,2500000,0,user_14,740,752,
10485,92,2500000,0,user_34,740,751,
13103,93,2400000,0,user_27,751,751,
10465,94,2300000,0,user_17,740,751,
10984,95,2300000,0,user_37,743,751,
12226,96,2300000,0,user_48,748,751,
13369,97,1200001,0,builder_18,751,751,10985
10985,98,1200000,959000,user_38,743,751,
11967,99,2100000,33300,user_43,747,751,
10444,2,43000000,0,user_2,740,759,
11448,3,30000000,11200,user_33,745,759,
13627,2,29999999,0,builder_18,752,752,11448
11457,5,30000000,0,user_47,745,759,
11715,7,30000000,0,user_46,746,759,
11969,8,30000000,0,user_45,747,759,
10484,6,30000000,0,user_34,740,759,
13118,9,30000000,0,user_41,751,759,
13628,8,27000001,0,builder_18,752,752,12221
12221,12,27000000,779000,user_37,748,759,
12796,19,27000001,0,user_11,750,759,12221
12783,20,27000001,0,user_0,750,759,12221
13075,21,27000001,0,user_0,751,759,12221
12494,18,27000001,0,user_20,749,759,12221
13091,22,27000001,0,user_15,751,759,12221
13101,23,27000001,0,user_25,751,759,12221
11455,27,27000000,0,user_46,745,759,
11710,30,27000000,0,user_42,746,759,
10747,28,27000000,0,user_41,742,759,
10988,29,27000000,0,user_40,743,759,
13115,31,27000000,0,user_38,751,759,
12785,36,26999999,0,user_0,750,759,12221
13087,37,26999999,0,user_11,751,759,12221
12482,35,26999999,0,user_11,749,759,12221
13099,38,26999999,0,user_23,751,759,12221
13380,39,26999999,0,user_14,752,759,12221
13629,26,19000001,0,builder_18,752,752,10588
10588,46,19000000,13900,user_43,741,759,
12830,49,19000000,0,user_45,750,759,
11960,50,19000000,0,user_38,747,759,
13406,51,19000000,0,user_41,752,759,
13630,31,73001,0,builder_18,752,752,13117
13117,52,73000,17700000,user_40,751,759,
13631,33,6300001,0,builder_18,752,752,10450
10450,54,6300000,155000,user_8,740,759,
13632,35,6300001,0,builder_18,752,752,10986
10986,57,6300000,146000,user_39,743,759,
10572,62,6300001,0,user_25,741,759,10450
10569,61,6300001,0,user_20,741,759,10450
10473,63,6300001,0,user_23,740,759,10450
10476,64,6300001,0,user_23,740,759,10450
10478,66,6300001,0,user_25,740,759,10450
10477,65,6300001,0,user_24,740,759,10450
11192,58,6300001,0,user_3,744,759,10986
11196,59,6300001,0,user_9,744,759,10986
11193,60,6300001,0,user_6,744,759,10450
10740,73,6300000,0,user_34,742,759,
10468,70,6300000,0,user_20,740,759,
10453,71,6300000,0,user_12,740,759,
10456,72,6300000,0,user_15,740,759,
10973,74,6300000,0,user_29,743,759,
11216,69,6300000,0,user_32,744,759,
10725,81,6299999,0,user_18,742,759,10450
10729,82,6299999,0,user_24,742,759,10450
10943,83,6299999,0,user_1,743,759,10450
10562,78,6299999,0,user_13,741,759,10450
10474,79,6299999,0,user_23,740,759,10450
10475,80,6299999,0,user_23,740,759,10450
11197,76,6299999,0,user_10,744,759,10450
11207,77,6299999,0,user_20,744,759,10450
13633,60,6100001,0,builder_18,752,752,12227
12227,87,6100000,8520,user_49,748,759,
11001,89,6100000,0,user_44,743,759,
10497,88,6100000,0,user_45,740,759,
10975,90,6100000,0,user_31,743,759,
10585,94,5000000,6390,user_38,741,757,
13634,66,4999999,0,builder_18,752,752,10585
11709,86,5000000,0,user_40,746,756,
10742,87,5000000,0,user_36,742,756,
10748,88,5000000,0,user_41,742,756,
10749,96,5000000,0,user_43,742,757,
10445,98,5000000,0,user_4,740,757,
10462,99,5000000,0,user_17,740,757,
11226,97,5000000,0,user_45,744,757,
13408,93,5000000,0,user_41,752,756,
13413,95,4200000,545000,user_45,752,756,
13635,76,4199999,0,builder_18,752,752,13413
11456,96,4500000,121000,user_46,745,756,
13636,78,4499999,0,builder_18,752,752,11456
11446,96,4500000,0,user_31,745,755,
10448,98,4500000,0,user_6,740,755,
10576,97,4500000,0,user_28,741,755,
13122,99,4500000,0,user_46,751,755,
11213,96,4200000,0,user_31,744,754,
12220,94,4200000,0,user_37,748,754,
12215,95,4200000,0,user_30,748,754,
12521,97,4200000,0,user_47,749,754,
13405,91,3600000,0,user_39,752,753,
12510,93,3500000,31700,user_39,749,753,
13637,89,3499999,0,builder_18,752,752,12510
11949,94,3500000,0,user_28,747,753,
10575,96,3200000,0,user_27,741,753,
11959,95,3200000,0,user_36,747,753,
11716,93,2600000,0,user_47,746,752,
11954,99,2600000,0,user_33,747,753,
13399,98,2600000,0,user_37,752,753,
13638,96,1800001,0,builder_18,752,752,12518
12518,97,1800000,769000,user_44,749,752,
11454,98,2500000,0,user_40,745,752,
10455,99,2500000,0,user_14,740,752,
10444,2,43000000,0,user_2,740,759,
11448,3,30000000,11200,user_33,745,759,
13895,2,29999999,0,builder_18,753,753,11448
13118,9,30000000,0,user_41,751,759,
11969,8,30000000,0,user_45,747,759,
10484,6,30000000,0,user_34,740,759,
11457,5,30000000,0,user_47,745,759,
11715,7,30000000,0,user_46,746,759,
12221,12,27000000,779000,user_37,748,759,
13896,9,26999999,0,builder_18,753,753,12221
12783,20,27000001,0,user_0,750,759,12221
12796,19,27000001,0,user_11,750,759,12221
13075,21,27000001,0,user_0,751,759,12221
13091,22,27000001,0,user_15,751,759,12221
13101,23,27000001,0,user_25,751,759,12221
12494,18,27000001,0,user_20,749,759,12221
13653,16,27000001,0,user_10,753,759,12221
13115,31,27000000,0,user_38,751,759,
10988,29,27000000,0,user_40,743,759,
10747,28,27000000,0,user_41,742,759,
11455,27,27000000,0,user_46,745,759,
11710,30,27000000,0,user_42,746,759,
12785,36,26999999,0,user_0,750,759,12221
13087,37,26999999,0,user_11,751,759,12221
13099,38,26999999,0,user_23,751,759,12221
12482,35,26999999,0,user_11,749,759,12221
13380,39,26999999,0,user_14,752,759,12221
10588,46,19000000,13900,user_43,741,759,
13897,28,18999999,0,builder_18,753,753,10588
12830,49,19000000,0,user_45,750,759,
11960,50,19000000,0,user_38,747,759,
13406,51,19000000,0,user_41,752,759,
13117,52,73000,17700000,user_40,751,759,
13898,33,72999,0,builder_18,753,753,13117
10450,54,6300000,155000,user_8,740,759,
13899,35,6299999,0,builder_18,753,753,10450
10986,57,6300000,146000,user_39,743,759,
13900,37,6299999,0,builder_18,753,753,10986
10473,63,6300001,0,user_23,740,759,10450
10476,64,6300001,0,user_23,740,759,10450
10477,65,6300001,0,user_24,740,759,10450
10478,66,6300001,0,user_25,740,759,10450
10569,61,6300001,0,user_20,741,759,10450
10572,62,6300001,0,user_25,741,759,10450
11192,58,6300001,0,user_3,744,759,10986
11193,60,6300001,0,user_6,744,759,10450
11196,59,6300001,0,user_9,744,759,10986
10973,74,6300000,0,user_29,743,759,
10453,71,6300000,0,user_12,740,759,
10468,70,6300000,0,user_20,740,759,
10456,72,6300000,0,user_15,740,759,
10740,73,6300000,0,user_34,742,759,
11216,69,6300000,0,user_32,744,759,
13395,75,6300000,0,user_31,752,759,
13693,68,6300000,0,user_47,753,759,
10943,83,6299999,0,user_1,743,759,10450
11197,76,6299999,0,user_10,744,759,10450
11207,77,6299999,0,user_20,744,759,10450
10474,79,6299999,0,user_23,740,759,10450
10475,80,6299999,0,user_23,740,759,10450
10562,78,6299999,0,user_13,741,759,10450
10725,81,6299999,0,user_18,742,759,10450
10729,82,6299999,0,user_24,742,759,10450
12227,87,6100000,8520,user_49,748,759,
13901,64,6099999,0,builder_18,753,753,12227
11001,89,6100000,0,user_44,743,759,
10975,90,6100000,0,user_31,743,759,
10497,88,6100000,0,user_45,740,759,
10585,94,5000000,6390,user_38,741,757,
13902,69,4999999,0,builder_18,753,753,10585
10749,96,5000000,0,user_43,742,757,
11226,97,5000000,0,user_45,744,757,
10445,98,5000000,0,user_4,740,757,
10462,99,5000000,0,user_17,740,757,
10742,87,5000000,0,user_36,742,756,
10748,88,5000000,0,user_41,742,756,
11709,86,5000000,0,user_40,746,756,
13408,93,5000000,0,user_41,752,756,
13903,78,4200001,0,builder_18,753,753,13413
13413,95,4200000,545000,user_45,752,756,
11456,96,4500000,121000,user_46,745,756,
13904,81,4499999,0,builder_18,753,753,11456
13122,99,4500000,0,user_46,751,755,
10448,98,4500000,0,user_6,740,755,
10576,97,4500000,0,user_28,741,755,
11446,96,4500000,0,user_31,745,755,
13686,99,4500000,0,user_37,753,756,
12220,94,4200000,0,user_37,748,754,
11213,96,4200000,0,user_31,744,754,
12215,95,4200000,0,user_30,748,754,
12521,97,4200000,0,user_47,749,754,
13405,91,3600000,0,user_39,752,753,
13905,92,3500001,0,builder_18,753,753,12510
12510,93,3500000,31700,user_39,749,753,
11949,94,3500000,0,user_28,747,753,
11959,95,3200000,0,user_36,747,753,
10575,96,3200000,0,user_27,741,753,
13684,97,3200000,0,user_36,753,753,
13399,98,2600000,0,user_37,752,753,
11954,99,2600000,0,user_33,747,753,
10444,2,43000000,0,user_2,740,759,
14152,1,30000001,0,builder_18,754,754,11448
11448,3,30000000,11200,user_33,745,759,
13118,9,30000000,0,user_41,751,759,
11969,8,30000000,0,user_45,747,759,
10484,6,30000000,0,user_34,740,759,
11457,5,30000000,0,user_47,745,759,
11715,7,30000000,0,user_46,746,759,
13929,10,30000000,0,user_32,754,759,
14153,9,27000001,0,builder_18,754,754,12221
12221,12,27000000,779000,user_37,748,759,
13075,21,27000001,0,user_0,751,759,12221
13091,22,27000001,0,user_15,751,759,12221
13101,23,27000001,0,user_25,751,759,12221
13653,16,27000001,0,user_10,753,759,12221
12494,18,27000001,0,user_20,749,759,12221
12783,20,27000001,0,user_0,750,759,12221
12796,19,27000001,0,user_11,750,759,12221
13921,17,27000001,0,user_20,754,759,12221
13115,31,27000000,0,user_38,751,759,
10988,29,27000000,0,user_40,743,759,
10747,28,27000000,0,user_41,742,759,
11455,27,27000000,0,user_46,745,759,
11710,30,27000000,0,user_42,746,759,
13087,37,26999999,0,user_11,751,759,12221
13099,38,26999999,0,user_23,751,759,12221
13380,39,26999999,0,user_14,752,759,12221
13666,34,26999999,0,user_19,753,759,12221
12482,35,26999999,0,user_11,749,759,12221
12785,36,26999999,0,user_0,750,759,12221
10588,46,19000000,13900,user_43,741,759,
14154,31,18999999,0,builder_18,754,754,10588
13406,51,19000000,0,user_41,752,759,
11960,50,19000000,0,user_38,747,759,
12830,49,19000000,0,user_45,750,759,
13117,52,73000,17700000,user_40,751,759,
14155,36,72999,0,builder_18,754,754,13117
10450,54,6300000,155000,user_8,740,759,
14156,38,6299999,0,builder_18,754,754,10450
14157,39,6300001,0,builder_18,754,754,10986
10986,57,6300000,146000,user_39,743,759,
11192,58,6300001,0,user_3,744,759,10986
11193,60,6300001,0,user_6,744,759,10450
10473,63,6300001,0,user_23,740,759,10450
10476,64,6300001,0,user_23,740,759,10450
10477,65,6300001,0,user_24,740,759,10450
10572,62,6300001,0,user_25,741,759,10450
10569,61,6300001,0,user_20,741,759,10450
11196,59,6300001,0,user_9,744,759,10986
10478,66,6300001,0,user_25,740,759,10450
13395,75,6300000,0,user_31,752,759,
10973,74,6300000,0,user_29,743,759,
11216,69,6300000,0,user_32,744,759,
10453,71,6300000,0,user_12,740,759,
10456,72,6300000,0,user_15,740,759,
10468,70,6300000,0,user_20,740,759,
10740,73,6300000,0,user_34,742,759,
13693,68,6300000,0,user_47,753,759,
11207,77,6299999,0,user_20,744,759,10450
11197,76,6299999,0,user_10,744,759,10450
10474,79,6299999,0,user_23,740,759,10450
10475,80,6299999,0,user_23,740,759,10450
10562,78,6299999,0,user_13,741,759,10450
10725,81,6299999,0,user_18,742,759,10450
10729,82,6299999,0,user_24,742,759,10450
10943,83,6299999,0,user_1,743,759,10450
12227,87,6100000,8520,user_49,748,759,
14158,67,6099999,0,builder_18,754,754,12227
10975,90,6100000,0,user_31,743,759,
11001,89,6100000,0,user_44,743,759,
10497,88,6100000,0,user_45,740,759,
13942,91,6100000,0,user_40,754,759,
13925,95,5200000,285000,user_27,754,759,
14159,73,5199999,0,builder_18,754,754,13925
14160,74,5000001,0,builder_18,754,754,10585
10585,94,5000000,6390,user_38,741,757,
13408,93,5000000,0,user_41,752,756,
11226,97,5000000,0,user_45,744,757,
10462,99,5000000,0,user_17,740,757,
10749,96,5000000,0,user_43,742,757,
10445,98,5000000,0,user_4,740,757,
10742,87,5000000,0,user_36,742,756,
10748,88,5000000,0,user_41,742,756,
11709,86,5000000,0,user_40,746,756,
14161,84,4200001,0,builder_18,754,754,13413
13413,95,4200000,545000,user_45,752,756,
11456,96,4500000,121000,user_46,745,756,
14162,87,4499999,0,builder_18,754,754,11456
13122,99,4500000,0,user_46,751,755,
13686,99,4500000,0,user_37,753,756,
10448,98,4500000,0,user_6,740,755,
10576,97,4500000,0,user_28,741,755,
11446,96,4500000,0,user_31,745,755,
13948,98,4500000,0,user_47,754,756,
12220,94,4200000,0,user_37,748,754,
12215,95,4200000,0,user_30,748,754,
11213,96,4200000,0,user_31,744,754,
12521,97,4200000,0,user_47,749,754,
13951,98,3600000,7840,user_48,754,754,
14163,99,3599999,0,builder_18,754,754,13951
10444,2,43000000,0,user_2,740,759,
14432,1,30000001,0,builder_18,755,755,11448
11448,3,30000000,11200,user_33,745,759,
11457,5,30000000,0,user_47,745,759,
10484,6,30000000,0,user_34,740,759,
11715,7,30000000,0,user_46,746,759,
11969,8,30000000,0,user_45,747,759,
13118,9,30000000,0,user_41,751,759,
13929,10,30000000,0,user_32,754,759,
12221,12,27000000,779000,user_37,748,759,
14433,10,26999999,0,builder_18,755,755,12221
13653,16,27000001,0,user_10,753,759,12221
13921,17,27000001,0,user_20,754,759,12221
12494,18,27000001,0,user_20,749,759,12221
12796,19,27000001,0,user_11,750,759,12221
12783,20,27000001,0,user_0,750,759,12221
13075,21,27000001,0,user_0,751,759,12221
13091,22,27000001,0,user_15,751,759,12221
13101,23,27000001,0,user_25,751,759,12221
14173,24,27000001,0,user_7,755,759,12221
14164,25,27000001,0,user_0,755,759,12221
14171,26,27000001,0,user_5,755,759,12221
11455,27,27000000,0,user_46,745,759,
10747,28,27000000,0,user_41,742,759,
10988,29,27000000,0,user_40,743,759,
11710,30,27000000,0,user_42,746,759,
13115,31,27000000,0,user_38,751,759,
13666,34,26999999,0,user_19,753,759,12221
12482,35,26999999,0,user_11,749,759,12221
12785,36,26999999,0,user_0,750,759,12221
13087,37,26999999,0,user_11,751,759,12221
13099,38,26999999,0,user_23,751,759,12221
13380,39,26999999,0,user_14,752,759,12221
14177,40,26999999,0,user_11,755,759,12221
14178,41,26999999,0,user_12,755,759,12221
14434,35,19000001,0,builder_18,755,755,10588
10588,46,19000000,13900,user_43,741,759,
12830,49,19000000,0,user_45,750,759,
11960,50,19000000,0,user_38,747,759,
13406,51,19000000,0,user_41,752,759,
14435,40,73001,0,builder_18,755,755,13117
13117,52,73000,17700000,user_40,751,759,
14436,42,6300001,0,builder_18,755,755,10450
10450,54,6300000,155000,user_8,740,759,
10986,57,6300000,146000,user_39,743,759,
14437,45,6299999,0,builder_18,755,755,10986
11192,58,6300001,0,user_3,744,759,10986
11196,59,6300001,0,user_9,744,759,10986
11193,60,6300001,0,user_6,744,759,10450
10569,61,6300001,0,user_20,741,759,10450
10572,62,6300001,0,user_25,741,759,10450
10473,63,6300001,0,user_23,740,759,10450
10476,64,6300001,0,user_23,740,759,10450
10477,65,6300001,0,user_24,740,759,10450
10478,66,6300001,0,user_25,740,759,10450
13693,68,6300000,0,user_47,753,759,
11216,69,6300000,0,user_32,744,759,
10468,70,6300000,0,user_20,740,759,
10453,71,6300000,0,user_12,740,759,
10456,72,6300000,0,user_15,740,759,
10740,73,6300000,0,user_34,742,759,
10973,74,6300000,0,user_29,743,759,
13395,75,6300000,0,user_31,752,759,
11197,76,6299999,0,user_10,744,759,10450
11207,77,6299999,0,user_20,744,759,10450
10562,78,6299999,0,user_13,741,759,10450
10474,79,6299999,0,user_23,740,759,10450
10475,80,6299999,0,user_23,740,759,10450
10725,81,6299999,0,user_18,742,759,10450
10729,82,6299999,0,user_24,742,759,10450
10943,83,6299999,0,user_1,743,759,10450
12227,87,6100000,8520,user_49,748,759,
14438,72,6099999,0,builder_18,755,755,12227
10497,88,6100000,0,user_45,740,759,
11001,89,6100000,0,user_44,743,759,
10975,90,6100000,0,user_31,743,759,
13942,91,6100000,0,user_40,754,759,
14439,77,5000001,0,builder_18,755,755,13945
13945,92,5000000,594000,user_43,754,759,
13925,95,5200000,285000,user_27,754,759,
14440,80,5199999,0,builder_18,755,755,13925
14441,81,5000001,0,builder_18,755,755,10585
10585,94,5000000,6390,user_38,741,757,
11226,97,5000000,0,user_45,744,757,
10445,98,5000000,0,user_4,740,757,
10462,99,5000000,0,user_17,740,757,
10748,88,5000000,0,user_41,742,756,
10742,87,5000000,0,user_36,742,756,
10749,96,5000000,0,user_43,742,757,
11709,86,5000000,0,user_40,746,756,
13408,93,5000000,0,user_41,752,756,
13413,95,4200000,545000,user_45,752,756,
14442,92,4199999,0,builder_18,755,755,13413
11456,96,4500000,121000,user_46,745,756,
14443,94,4499999,0,builder_18,755,755,11456
13686,99,4500000,0,user_37,753,756,
11446,96,4500000,0,user_31,745,755,
10576,97,4500000,0,user_28,741,755,
10448,98,4500000,0,user_6,740,755,
13122,99,4500000,0,user_46,751,755,
10444,2,43000000,0,user_2,740,759,
14205,1,43000000,0,user_38,755,759,
11448,3,30000000,11200,user_33,745,759,
14698,3,29999999,0,builder_18,756,756,11448
13929,10,30000000,0,user_32,754,759,
11457,5,30000000,0,user_47,745,759,
11715,7,30000000,0,user_46,746,759,
11969,8,30000000,0,user_45,747,759,
10484,6,30000000,0,user_34,740,759,
13118,9,30000000,0,user_41,751,759,
12221,12,27000000,779000,user_37,748,759,
14699,11,26999999,0,builder_18,756,756,12221
13921,17,27000001,0,user_20,754,759,12221
14171,26,27000001,0,user_5,755,759,12221
13653,16,27000001,0,user_10,753,759,12221
12796,19,27000001,0,user_11,750,759,12221
12783,20,27000001,0,user_0,750,759,12221
13075,21,27000001,0,user_0,751,759,12221
12494,18,27000001,0,user_20,749,759,12221
13091,22,27000001,0,user_15,751,759,12221
13101,23,27000001,0,user_25,751,759,12221
14173,24,27000001,0,user_7,755,759,12221
14164,25,27000001,0,user_0,755,759,12221
14453,15,27000001,0,user_8,756,759,12221
11455,27,27000000,0,user_46,745,759,
11710,30,27000000,0,user_42,746,759,
10747,28,27000000,0,user_41,742,759,
10988,29,27000000,0,user_40,743,759,
13115,31,27000000,0,user_38,751,759,
12785,36,26999999,0,user_0,750,759,12221
13087,37,26999999,0,user_11,751,759,12221
12482,35,26999999,0,user_11,749,759,12221
13099,38,26999999,0,user_23,751,759,12221
13380,39,26999999,0,user_14,752,759,12221
13666,34,26999999,0,user_19,753,759,12221
14178,41,26999999,0,user_12,755,759,12221
14177,40,26999999,0,user_11,755,759,12221
14700,37,19000001,0,builder_18,756,756,10588
10588,46,19000000,13900,user_43,741,759,
12830,49,19000000,0,user_45,750,759,
11960,50,19000000,0,user_38,747,759,
13406,51,19000000,0,user_41,752,759,
13117,52,73000,17700000,user_40,751,759,
14701,43,72999,0,builder_18,756,756,13117
10450,54,6300000,155000,user_8,740,759,
14702,45,6299999,0,builder_18,756,756,10450
10986,57,6300000,146000,user_39,743,759,
14703,47,6299999,0,builder_18,756,756,10986
10572,62,6300001,0,user_25,741,759,10450
10569,61,6300001,0,user_20,741,759,10450
10473,63,6300001,0,user_23,740,759,10450
10476,64,6300001,0,user_23,740,759,10450
10478,66,6300001,0,user_25,740,759,10450
10477,65,6300001,0,user_24,740,759,10450
11192,58,6300001,0,user_3,744,759,10986
11196,59,6300001,0,user_9,744,759,10986
11193,60,6300001,0,user_6,744,759,10450
13693,68,6300000,0,user_47,753,759,
10740,73,6300000,0,user_34,742,759,
10468,70,6300000,0,user_20,740,759,
10453,71,6300000,0,user_12,740,759,
10456,72,6300000,0,user_15,740,759,
10973,74,6300000,0,user_29,743,759,
11216,69,6300000,0,user_32,744,759,
13395,75,6300000,0,user_31,752,759,
10725,81,6299999,0,user_18,742,759,10450
10729,82,6299999,0,user_24,742,759,10450
10943,83,6299999,0,user_1,743,759,10450
10562,78,6299999,0,user_13,741,759,10450
10474,79,6299999,0,user_23,740,759,10450
10475,80,6299999,0,user_23,740,759,10450
11197,76,6299999,0,user_10,744,759,10450
11207,77,6299999,0,user_20,744,759,10450
12227,87,6100000,8520,user_49,748,759,
14704,74,6099999,0,builder_18,756,756,12227
13942,91,6100000,0,user_40,754,759,
11001,89,6100000,0,user_44,743,759,
10497,88,6100000,0,user_45,740,759,
10975,90,6100000,0,user_31,743,759,
14705,79,5000001,0,builder_18,756,756,13945
13945,92,5000000,594000,user_43,754,759,
14706,81,5200001,0,builder_18,756,756,13925
13925,95,5200000,285000,user_27,754,759,
14481,99,5200000,0,user_45,756,759,
10585,94,5000000,6390,user_38,741,757,
14707,85,4999999,0,builder_18,756,756,10585
11709,86,5000000,0,user_40,746,756,
10742,87,5000000,0,user_36,742,756,
10748,88,5000000,0,user_41,742,756,
10749,96,5000000,0,user_43,742,757,
10445,98,5000000,0,user_4,740,757,
10462,99,5000000,0,user_17,740,757,
11226,97,5000000,0,user_45,744,757,
13408,93,5000000,0,user_41,752,756,
14708,94,4200001,0,builder_18,756,756,13413
13413,95,4200000,545000,user_45,752,756,
11456,96,4500000,121000,user_46,745,756,
14709,97,4499999,0,builder_18,756,756,11456
13948,98,4500000,0,user_47,754,756,
13686,99,4500000,0,user_37,753,756,
14205,1,43000000,0,user_38,755,759,
10444,2,43000000,0,user_2,740,759,
14754,0,43000000,0,user_39,757,759,
14955,3,30000001,0,builder_18,757,757,11448
11448,3,30000000,11200,user_33,745,759,
13929,10,30000000,0,user_32,754,759,
13118,9,30000000,0,user_41,751,759,
11969,8,30000000,0,user_45,747,759,
10484,6,30000000,0,user_34,740,759,
11457,5,30000000,0,user_47,745,759,
11715,7,30000000,0,user_46,746,759,
12221,12,27000000,779000,user_37,748,759,
14956,12,26999999,0,builder_18,757,757,12221
14164,25,27000001,0,user_0,755,759,12221
14173,24,27000001,0,user_7,755,759,12221
14171,26,27000001,0,user_5,755,759,12221
13921,17,27000001,0,user_20,754,759,12221
12783,20,27000001,0,user_0,750,759,12221
12796,19,27000001,0,user_11,750,759,12221
13075,21,27000001,0,user_0,751,759,12221
13091,22,27000001,0,user_15,751,759,12221
13101,23,27000001,0,user_25,751,759,12221
12494,18,27000001,0,user_20,749,759,12221
13653,16,27000001,0,user_10,753,759,12221
14453,15,27000001,0,user_8,756,759,12221
14711,14,27000001,0,user_1,757,759,12221
14731,13,27000001,0,user_17,757,759,12221
13115,31,27000000,0,user_38,751,759,
10988,29,27000000,0,user_40,743,759,
10747,28,27000000,0,user_41,742,759,
11455,27,27000000,0,user_46,745,759,
11710,30,27000000,0,user_42,746,759,
14177,40,26999999,0,user_11,755,759,12221
14178,41,26999999,0,user_12,755,759,12221
12785,36,26999999,0,user_0,750,759,12221
13087,37,26999999,0,user_11,751,759,12221
13099,38,26999999,0,user_23,751,759,12221
12482,35,26999999,0,user_11,749,759,12221
13380,39,26999999,0,user_14,752,759,12221
13666,34,26999999,0,user_19,753,759,12221
14719,33,26999999,0,user_7,757,759,12221
10588,46,19000000,13900,user_43,741,759,
14957,42,18999999,0,builder_18,757,757,10588
12830,49,19000000,0,user_45,750,759,
11960,50,19000000,0,user_38,747,759,
13406,51,19000000,0,user_41,752,759,
14488,48,19000000,0,user_49,756,759,
13117,52,73000,17700000,user_40,751,759,
14958,48,72999,0,builder_18,757,757,13117
14959,49,6300001,0,builder_18,757,757,10450
10450,54,6300000,155000,user_8,740,759,
10986,57,6300000,146000,user_39,743,759,
14960,52,6299999,0,builder_18,757,757,10986
10473,63,6300001,0,user_23,740,759,10450
10476,64,6300001,0,user_23,740,759,10450
10477,65,6300001,0,user_24,740,759,10450
10478,66,6300001,0,user_25,740,759,10450
10569,61,6300001,0,user_20,741,759,10450
10572,62,6300001,0,user_25,741,759,10450
11192,58,6300001,0,user_3,744,759,10986
11193,60,6300001,0,user_6,744,759,10450
11196,59,6300001,0,user_9,744,759,10986
13693,68,6300000,0,user_47,753,759,
10973,74,6300000,0,user_29,743,759,
10453,71,6300000,0,user_12,740,759,
10468,70,6300000,0,user_20,740,759,
10456,72,6300000,0,user_15,740,759,
10740,73,6300000,0,user_34,742,759,
11216,69,6300000,0,user_32,744,759,
13395,75,6300000,0,user_31,752,759,
14746,67,6300000,0,user_33,757,759,
10943,83,6299999,0,user_1,743,759,10450
11197,76,6299999,0,user_10,744,759,10450
11207,77,6299999,0,user_20,744,759,10450
10474,79,6299999,0,user_23,740,759,10450
10475,80,6299999,0,user_23,740,759,10450
10562,78,6299999,0,user_13,741,759,10450
10725,81,6299999,0,user_18,742,759,10450
10729,82,6299999,0,user_24,742,759,10450
14765,85,5200000,959000,user_46,757,759,
14961,80,5199999,0,builder_18,757,757,14765
12227,87,6100000,8520,user_49,748,759,
14962,82,6099999,0,builder_18,757,757,12227
13942,91,6100000,0,user_40,754,759,
11001,89,6100000,0,user_44,743,759,
10975,90,6100000,0,user_31,743,759,
10497,88,6100000,0,user_45,740,759,
14963,87,5000001,0,builder_18,757,757,13945
13945,92,5000000,594000,user_43,754,759,
14964,89,5200001,0,builder_18,757,757,13925
13925,95,5200000,285000,user_27,754,759,
14481,99,5200000,0,user_45,756,759,
14757,97,5000000,68100,user_41,757,758,
14965,93,4999999,0,builder_18,757,757,14757
10585,94,5000000,6390,user_38,741,757,
14966,95,4999999,0,builder_18,757,757,10585
10749,96,5000000,0,user_43,742,757,
11226,97,5000000,0,user_45,744,757,
10445,98,5000000,0,user_4,740,757,
10462,99,5000000,0,user_17,740,757,
14205,1,43000000,0,user_38,755,759,
10444,2,43000000,0,user_2,740,759,
14754,0,43000000,0,user_39,757,759,
11448,3,30000000,11200,user_33,745,759,
15232,4,29999999,0,builder_18,758,758,11448
13118,9,30000000,0,user_41,751,759,
11969,8,30000000,0,user_45,747,759,
10484,6,30000000,0,user_34,740,759,
11457,5,30000000,0,user_47,745,759,
11715,7,30000000,0,user_46,746,759,
13929,10,30000000,0,user_32,754,759,
15233,11,27000001,0,builder_18,758,758,12221
12221,12,27000000,779000,user_37,748,759,
14173,24,27000001,0,user_7,755,759,12221
14164,25,27000001,0,user_0,755,759,12221
14171,26,27000001,0,user_5,755,759,12221
14453,15,27000001,0,user_8,756,759,12221
14711,14,27000001,0,user_1,757,759,12221
13075,21,27000001,0,user_0,751,759,12221
13091,22,27000001,0,user_15,751,759,12221
13101,23,27000001,0,user_25,751,759,12221
13653,16,27000001,0,user_10,753,759,12221
12494,18,27000001,0,user_20,749,759,12221
12783,20,27000001,0,user_0,750,759,12221
12796,19,27000001,0,user_11,750,759,12221
13921,17,27000001,0,user_20,754,759,12221
14731,13,27000001,0,user_17,757,759,12221
13115,31,27000000,0,user_38,751,759,
10988,29,27000000,0,user_40,743,759,
10747,28,27000000,0,user_41,742,759,
11455,27,27000000,0,user_46,745,759,
11710,30,27000000,0,user_42,746,759,
14178,41,26999999,0,user_12,755,759,12221
14177,40,26999999,0,user_11,755,759,12221
14719,33,26999999,0,user_7,757,759,12221
13087,37,26999999,0,user_11,751,759,12221
13099,38,26999999,0,user_23,751,759,12221
13380,39,26999999,0,user_14,752,759,12221
13666,34,26999999,0,user_19,753,759,12221
12482,35,26999999,0,user_11,749,759,12221
12785,36,26999999,0,user_0,750,759,12221
10588,46,19000000,13900,user_43,741,759,
15234,42,18999999,0,builder_18,758,758,10588
14488,48,19000000,0,user_49,756,759,
13406,51,19000000,0,user_41,752,759,
11960,50,19000000,0,user_38,747,759,
12830,49,19000000,0,user_45,750,759,
15235,47,73001,0,builder_18,758,758,13117
13117,52,73000,17700000,user_40,751,759,
10450,54,6300000,155000,user_8,740,759,
15236,50,6299999,0,builder_18,758,758,10450
15237,51,6300001,0,builder_18,758,758,10986
10986,57,6300000,146000,user_39,743,759,
11192,58,6300001,0,user_3,744,759,10986
11193,60,6300001,0,user_6,744,759,10450
10473,63,6300001,0,user_23,740,759,10450
10476,64,6300001,0,user_23,740,759,10450
10477,65,6300001,0,user_24,740,759,10450
10572,62,6300001,0,user_25,741,759,10450
10569,61,6300001,0,user_20,741,759,10450
11196,59,6300001,0,user_9,744,759,10986
10478,66,6300001,0,user_25,740,759,10450
13395,75,6300000,0,user_31,752,759,
10973,74,6300000,0,user_29,743,759,
11216,69,6300000,0,user_32,744,759,
10453,71,6300000,0,user_12,740,759,
10456,72,6300000,0,user_15,740,759,
10468,70,6300000,0,user_20,740,759,
10740,73,6300000,0,user_34,742,759,
13693,68,6300000,0,user_47,753,759,
14746,67,6300000,0,user_33,757,759,
11207,77,6299999,0,user_20,744,759,10450
11197,76,6299999,0,user_10,744,759,10450
10474,79,6299999,0,user_23,740,759,10450
10475,80,6299999,0,user_23,740,759,10450
10562,78,6299999,0,user_13,741,759,10450
10725,81,6299999,0,user_18,742,759,10450
10729,82,6299999,0,user_24,742,759,10450
10943,83,6299999,0,user_1,743,759,10450
15238,79,5200001,0,builder_18,758,758,14765
14765,85,5200000,959000,user_46,757,759,
15239,81,6100001,0,builder_18,758,758,12227
12227,87,6100000,8520,user_49,748,759,
10975,90,6100000,0,user_31,743,759,
11001,89,6100000,0,user_44,743,759,
10497,88,6100000,0,user_45,740,759,
13942,91,6100000,0,user_40,754,759,
15240,87,5000001,0,builder_18,758,758,13945
13945,92,5000000,594000,user_43,754,759,
13925,95,5200000,285000,user_27,754,759,
15241,90,5199999,0,builder_18,758,758,13925
14982,96,5200001,0,user_14,758,759,14765
14976,97,5200001,0,user_9,758,759,14765
14481,99,5200000,0,user_45,756,759,
14970,94,5199999,0,user_1,758,758,14765
14974,95,5199999,0,user_7,758,758,14765
14986,96,5199999,0,user_20,758,758,14765
14757,97,5000000,68100,user_41,757,758,
15242,98,4999999,0,builder_18,758,758,14757
15243,99,5000001,0,builder_18,758,758,10585
14754,0,43000000,0,user_39,757,759,
14205,1,43000000,0,user_38,755,759,
10444,2,43000000,0,user_2,740,759,
11448,3,30000000,11200,user_33,745,759,
15498,4,29999999,0,builder_18,759,759,11448
11457,5,30000000,0,user_47,745,759,
10484,6,30000000,0,user_34,740,759,
11715,7,30000000,0,user_46,746,759,
11969,8,30000000,0,user_45,747,759,
13118,9,30000000,0,user_41,751,759,
13929,10,30000000,0,user_32,754,759,
15499,11,27000001,0,builder_18,759,759,12221
12221,12,27000000,779000,user_37,748,759,
14731,13,27000001,0,user_17,757,759,12221
14711,14,27000001,0,user_1,757,759,12221
14453,15,27000001,0,user_8,756,759,12221
13653,16,27000001,0,user_10,753,759,12221
13921,17,27000001,0,user_20,754,759,12221
12494,18,27000001,0,user_20,749,759,12221
12796,19,27000001,0,user_11,750,759,12221
12783,20,27000001,0,user_0,750,759,12221
13075,21,27000001,0,user_0,751,759,12221
13091,22,27000001,0,user_15,751,759,12221
13101,23,27000001,0,user_25,751,759,12221
14173,24,27000001,0,user_7,755,759,12221
14164,25,27000001,0,user_0,755,759,12221
14171,26,27000001,0,user_5,755,759,12221
11455,27,27000000,0,user_46,745,759,
10747,28,27000000,0,user_41,742,759,
10988,29,27000000,0,user_40,743,759,
11710,30,27000000,0,user_42,746,759,
13115,31,27000000,0,user_38,751,759,
15285,32,27000000,0,user_34,759,759,
14719,33,26999999,0,user_7,757,759,12221
13666,34,26999999,0,user_19,753,759,12221
12482,35,26999999,0,user_11,749,759,12221
12785,36,26999999,0,user_0,750,759,12221
13087,37,26999999,0,user_11,751,759,12221
13099,38,26999999,0,user_23,751,759,12221
13380,39,26999999,0,user_14,752,759,12221
14177,40,26999999,0,user_11,755,759,12221
14178,41,26999999,0,user_12,755,759,12221
15256,42,26999999,0,user_9,759,759,12221
15257,43,26999999,0,user_9,759,759,12221
15293,44,19000000,283000,user_42,759,759,
15500,45,18999999,0,builder_18,759,759,15293
10588,46,19000000,13900,user_43,741,759,
15501,47,18999999,0,builder_18,759,759,10588
14488,48,19000000,0,user_49,756,759,
12830,49,19000000,0,user_45,750,759,
11960,50,19000000,0,user_38,747,759,
13406,51,19000000,0,user_41,752,759,
13117,52,73000,17700000,user_40,751,759,
15502,53,72999,0,builder_18,759,759,13117
10450,54,6300000,155000,user_8,740,759,
15503,55,6299999,0,builder_18,759,759,10450
15504,56,6300001,0,builder_18,759,759,10986
10986,57,6300000,146000,user_39,743,759,
11192,58,6300001,0,user_3,744,759,10986
11196,59,6300001,0,user_9,744,759,10986
11193,60,6300001,0,user_6,744,759,10450
10569,61,6300001,0,user_20,741,759,10450
10572,62,6300001,0,user_25,741,759,10450
10473,63,6300001,0,user_23,740,759,10450
10476,64,6300001,0,user_23,740,759,10450
10477,65,6300001,0,user_24,740,759,10450
10478,66,6300001,0,user_25,740,759,10450
14746,67,6300000,0,user_33,757,759,
13693,68,6300000,0,user_47,753,759,
11216,69,6300000,0,user_32,744,759,
10468,70,6300000,0,user_20,740,759,
10453,71,6300000,0,user_12,740,759,
10456,72,6300000,0,user_15,740,759,
10740,73,6300000,0,user_34,742,759,
10973,74,6300000,0,user_29,743,759,
13395,75,6300000,0,user_31,752,759,
11197,76,6299999,0,user_10,744,759,10450
11207,77,6299999,0,user_20,744,759,10450
10562,78,6299999,0,user_13,741,759,10450
10474,79,6299999,0,user_23,740,759,10450
10475,80,6299999,0,user_23,740,759,10450
10725,81,6299999,0,user_18,742,759,10450
10729,82,6299999,0,user_24,742,759,10450
10943,83,6299999,0,user_1,743,759,10450
15505,84,5200001,0,builder_18,759,759,14765
14765,85,5200000,959000,user_46,757,759,
15506,86,6100001,0,builder_18,759,759,12227
12227,87,6100000,8520,user_49,748,759,
10497,88,6100000,0,user_45,740,759,
11001,89,6100000,0,user_44,743,759,
10975,90,6100000,0,user_31,743,759,
13942,91,6100000,0,user_40,754,759,
13945,92,5000000,594000,user_43,754,759,
15507,93,4999999,0,builder_18,759,759,13945
15508,94,5200001,0,builder_18,759,759,13925
13925,95,5200000,285000,user_27,754,759,
14982,96,5200001,0,user_14,758,759,14765
14976,97,5200001,0,user_9,758,759,14765
15245,98,5200001,0,user_3,759,759,14765
14481,99,5200000,0,user_45,756,759,
10444,2,43000000,0,user_2,760,779,
10484,6,30000000,0,user_34,760,779,
10450,54,6300000,155000,user_8,760,779,
10547,3,6299999,0,builder_18,760,760,10450
10473,63,6300001,0,user_23,760,779,10450
10476,64,6300001,0,user_23,760,779,10450
10477,65,6300001,0,user_24,760,779,10450
10478,66,6300001,0,user_25,760,779,10450
10453,71,6300000,0,user_12,760,779,
10468,70,6300000,0,user_20,760,779,
10456,72,6300000,0,user_15,760,779,
10474,79,6299999,0,user_23,760,779,10450
10475,80,6299999,0,user_23,760,779,10450
10497,88,6100000,0,user_45,760,779,
10445,98,5000000,0,user_4,760,777,
10462,99,5000000,0,user_17,760,777,
10448,98,4500000,0,user_6,760,775,
10455,99,2500000,0,user_14,760,772,
10485,92,2500000,0,user_34,760,771,
10465,94,2300000,0,user_17,760,771,
10454,99,2000000,0,user_13,760,770,
10494,94,2000000,0,user_42,760,769,
10548,22,1800001,0,builder_18,760,760,10496
10496,88,1800000,128000,user_44,760,768,
10493,94,1600000,0,user_42,760,766,
10490,92,1500000,0,user_41,760,765,
10460,96,1400000,0,user_16,760,765,
10469,90,1100000,0,user_21,760,764,
10481,92,970000,0,user_32,760,763,
10492,94,910000,0,user_42,760,763,
10461,96,870000,0,user_16,760,763,
10500,99,530000,11200,user_48,760,763,
10549,32,529999,0,builder_18,760,760,10500
10498,81,420000,67500,user_46,760,762,
10550,34,419999,0,builder_18,760,760,10498
10452,83,460000,0,user_10,760,762,
10495,84,460000,0,user_42,760,762,
10551,37,79001,0,builder_18,760,760,10480
10480,62,79000,296000,user_32,760,761,
10443,63,320000,0,user_1,760,761,
10458,64,310000,0,user_16,760,761,
10464,65,300000,0,user_17,760,761,
10491,66,300000,0,user_42,760,761,
10466,67,260000,0,user_18,760,761,
10499,69,220000,0,user_47,760,761,
10447,70,170000,0,user_5,760,761,
10488,72,170000,0,user_39,760,761,
10472,71,170000,0,user_22,760,761,
10457,75,160000,0,user_16,760,761,
10451,79,160000,0,user_9,760,761,
10463,77,160000,0,user_17,760,761,
10489,78,160000,0,user_40,760,761,
10482,76,160000,0,user_32,760,761,
10483,81,130000,0,user_32,760,761,
10459,82,120000,0,user_16,760,761,
10471,83,120000,0,user_22,760,761,
10449,88,87000,0,user_7,760,761,
10470,90,80000,0,user_21,760,761,
10487,89,80000,0,user_37,760,761,
10446,59,73000,0,user_4,760,760,
10444,2,43000000,0,user_2,760,779,
10484,6,30000000,0,user_34,760,779,
10699,2,6300001,0,builder_18,761,761,10450
10450,54,6300000,155000,user_8,760,779,
10473,63,6300001,0,user_23,760,779,10450
10476,64,6300001,0,user_23,760,779,10450
10477,65,6300001,0,user_24,760,779,10450
10478,66,6300001,0,user_25,760,779,10450
10569,61,6300001,0,user_20,761,779,10450
10572,62,6300001,0,user_25,761,779,10450
10453,71,6300000,0,user_12,760,779,
10468,70,6300000,0,user_20,760,779,
10456,72,6300000,0,user_15,760,779,
10474,79,6299999,0,user_23,760,779,10450
10475,80,6299999,0,user_23,760,779,10450
10562,78,6299999,0,user_13,761,779,10450
10497,88,6100000,0,user_45,760,779,
10445,98,5000000,0,user_4,760,777,
10462,99,5000000,0,user_17,760,777,
10448,98,4500000,0,user_6,760,775,
10575,96,3200000,0,user_27,761,773,
10455,99,2500000,0,user_14,760,772,
10485,92,2500000,0,user_34,760,771,
10465,94,2300000,0,user_17,760,771,
10586,91,2100000,0,user_41,761,770,
10454,99,2000000,0,user_13,760,770,
10494,94,2000000,0,user_42,760,769,
10496,88,1800000,128000,user_44,760,768,
10700,28,1799999,0,builder_18,761,761,10496
10565,96,1800001,0,user_16,761,768,10496
10554,97,1799999,0,user_2,761,768,10496
10558,98,1799999,0,user_10,761,768,10496
10566,89,1799999,0,user_17,761,767,10496
10493,94,1600000,0,user_42,760,766,
10579,95,1600000,0,user_33,761,766,
10490,92,1500000,0,user_41,760,765,
10701,36,1400001,0,builder_18,761,761,10580
10580,95,1400000,6390,user_34,761,765,
10460,96,1400000,0,user_16,760,765,
10577,99,1000000,381000,user_29,761,765,
10702,40,999999,0,builder_18,761,761,10577
10469,90,1100000,0,user_21,760,764,
10486,85,1000000,0,user_35,760,763,
10481,92,970000,0,user_32,760,763,
10492,94,910000,0,user_42,760,763,
10578,95,910000,0,user_32,761,763,
10461,96,870000,0,user_16,760,763,
10582,97,630000,0,user_36,761,763,
10500,99,530000,11200,user_48,760,763,
10703,49,529999,0,builder_18,761,761,10500
10563,77,530001,0,user_14,761,762,10500
10571,78,530001,0,user_24,761,762,10500
10567,79,529999,0,user_18,761,762,10500
10704,53,420001,0,builder_18,761,761,10498
10498,81,420000,67500,user_46,760,762,
10452,83,460000,0,user_10,760,762,
10495,84,460000,0,user_42,760,762,
10564,85,420001,0,user_15,761,762,10498
10573,86,420001,0,user_26,761,762,10498
10705,59,340001,0,builder_18,761,761,10589
10589,60,340000,60700,user_47,761,761,
10706,61,79001,0,builder_18,761,761,10480
10480,62,79000,296000,user_32,760,761,
10443,63,320000,0,user_1,760,761,
10458,64,310000,0,user_16,760,761,
10464,65,300000,0,user_17,760,761,
10491,66,300000,0,user_42,760,761,
10466,67,260000,0,user_18,760,761,
10504,68,240000,0,user_49,760,761,
10499,69,220000,0,user_47,760,761,
10447,70,170000,0,user_5,760,761,
10472,71,170000,0,user_22,760,761,
10488,72,170000,0,user_39,760,761,
10501,73,170000,0,user_49,760,761,
10479,74,160000,0,user_28,760,761,
10457,75,160000,0,user_16,760,761,
10482,76,160000,0,user_32,760,761,
10463,77,160000,0,user_17,760,761,
10489,78,160000,0,user_40,760,761,
10451,79,160000,0,user_9,760,761,
10505,80,150000,0,user_49,760,761,
10483,81,130000,0,user_32,760,761,
10459,82,120000,0,user_16,760,761,
10471,83,120000,0,user_22,760,761,
10502,84,120000,0,user_49,760,761,
10584,85,120000,0,user_37,761,761,
10574,86,110000,0,user_27,761,761,
10583,87,98000,0,user_36,761,761,
10449,88,87000,0,user_7,760,761,
10487,89,80000,0,user_37,760,761,
10470,90,80000,0,user_21,760,761,
10555,91,79001,0,user_3,761,761,10480
10561,92,79001,0,user_11,761,761,10480
10557,93,79001,0,user_10,761,761,10480
10552,94,78999,0,user_1,761,761,10480
10553,95,78999,0,user_2,761,761,10480
10560,96,78999,0,user_11,761,761,10480
10559,97,78999,0,user_10,761,761,10480
10570,98,78999,0,user_21,761,761,10480
10556,99,78999,0,user_9,761,761,10480
10444,2,43000000,0,user_2,760,779,
10484,6,30000000,0,user_34,760,779,
10747,28,27000000,0,user_41,762,779,
10915,3,19000001,0,builder_16,762,762,10588
10588,46,19000000,13900,user_43,761,779,
10916,5,6300001,0,builder_16,762,762,10450
10450,54,6300000,155000,user_8,760,779,
10473,63,6300001,0,user_23,760,779,10450
10476,64,6300001,0,user_23,760,779,10450
10477,65,6300001,0,user_24,760,779,10450
10478,66,6300001,0,user_25,760,779,10450
10569,61,6300001,0,user_20,761,779,10450
10572,62,6300001,0,user_25,761,779,10450
10453,71,6300000,0,user_12,760,779,
10468,70,6300000,0,user_20,760,779,
10456,72,6300000,0,user_15,760,779,
10740,73,6300000,0,user_34,762,779,
10474,79,6299999,0,user_23,760,779,10450
10475,80,6299999,0,user_23,760,779,10450
10562,78,6299999,0,user_13,761,779,10450
10725,81,6299999,0,user_18,762,779,10450
10729,82,6299999,0,user_24,762,779,10450
10497,88,6100000,0,user_45,760,779,
10917,23,5000001,0,builder_16,762,762,10585
10585,94,5000000,6390,user_38,761,777,
10445,98,5000000,0,user_4,760,777,
10462,99,5000000,0,user_17,760,777,
10748,88,5000000,0,user_41,762,776,
10742,87,5000000,0,user_36,762,776,
10448,98,4500000,0,user_6,760,775,
10576,97,4500000,0,user_28,761,775,
10575,96,3200000,0,user_27,761,773,
10455,99,2500000,0,user_14,760,772,
10485,92,2500000,0,user_34,760,771,
10465,94,2300000,0,user_17,760,771,
10586,91,2100000,0,user_41,761,770,
10454,99,2000000,0,user_13,760,770,
10494,94,2000000,0,user_42,760,769,
10737,95,2000000,0,user_32,762,769,
10496,88,1800000,128000,user_44,760,768,
10918,40,1799999,0,builder_16,762,762,10496
10565,96,1800001,0,user_16,761,768,10496
10732,95,1800001,0,user_26,762,768,10496
10554,97,1799999,0,user_2,761,768,10496
10558,98,1799999,0,user_10,761,768,10496
10566,89,1799999,0,user_17,761,767,10496
10710,99,1799999,0,user_2,762,768,10496
10493,94,1600000,0,user_42,760,766,
10579,95,1600000,0,user_33,761,766,
10754,96,1600000,0,user_46,762,766,
10490,92,1500000,0,user_41,760,765,
10739,91,1500000,0,user_32,762,765,
10919,52,1400001,0,builder_16,762,762,10580
10580,95,1400000,6390,user_34,761,765,
10460,96,1400000,0,user_16,760,765,
10577,99,1000000,381000,user_29,761,765,
10920,56,999999,0,builder_16,762,762,10577
10469,90,1100000,0,user_21,760,764,
10590,89,1100000,0,user_49,761,764,
10711,95,1000001,0,user_3,762,764,10577
10722,96,1000001,0,user_14,762,764,10577
10727,98,1000001,0,user_22,762,764,10577
10721,94,1000001,0,user_13,762,764,10577
10726,97,1000001,0,user_21,762,764,10577
10486,85,1000000,0,user_35,760,763,
10587,86,1000000,0,user_43,761,763,
10716,88,999999,0,user_9,762,763,10577
10718,87,999999,0,user_10,762,763,10577
10723,89,999999,0,user_15,762,763,10577
10481,92,970000,0,user_32,760,763,
10492,94,910000,0,user_42,760,763,
10578,95,910000,0,user_32,761,763,
10461,96,870000,0,user_16,760,763,
10582,97,630000,0,user_36,761,763,
10753,98,600000,0,user_46,762,763,
10921,75,530001,0,builder_16,762,762,10500
10500,99,530000,11200,user_48,760,763,
10563,77,530001,0,user_14,761,762,10500
10571,78,530001,0,user_24,761,762,10500
10567,79,529999,0,user_18,761,762,10500
10922,80,420001,0,builder_16,762,762,10498
10498,81,420000,67500,user_46,760,762,
10750,82,470000,0,user_45,762,762,
10452,83,460000,0,user_10,760,762,
10495,84,460000,0,user_42,760,762,
10564,85,420001,0,user_15,761,762,10498
10573,86,420001,0,user_26,761,762,10498
10730,87,420001,0,user_24,762,762,10498
10568,88,419999,0,user_19,761,762,10498
10712,89,419999,0,user_4,762,762,10498
10717,90,419999,0,user_9,762,762,10498
10708,91,419999,0,user_2,762,762,10498
10709,92,419999,0,user_2,762,762,10498
10719,93,419999,0,user_11,762,762,10498
10713,94,419999,0,user_6,762,762,10498
10724,95,419999,0,user_17,762,762,10498
10715,96,419999,0,user_7,762,762,10498
10728,97,419999,0,user_23,762,762,10498
10731,98,419999,0,user_24,762,762,10498
10923,99,340001,0,builder_16,762,762,10589
10444,2,43000000,0,user_2,760,779,
10484,6,30000000,0,user_34,760,779,
10747,28,27000000,0,user_41,762,779,
10988,29,27000000,0,user_40,763,779,
11161,4,19000001,0,builder_16,763,763,10588
10588,46,19000000,13900,user_43,761,779,
10450,54,6300000,155000,user_8,760,779,
11162,7,6299999,0,builder_16,763,763,10450
11163,8,6300001,0,builder_16,763,763,10986
10986,57,6300000,146000,user_39,763,779,
10473,63,6300001,0,user_23,760,779,10450
10476,64,6300001,0,user_23,760,779,10450
10477,65,6300001,0,user_24,760,779,10450
10478,66,6300001,0,user_25,760,779,10450
10569,61,6300001,0,user_20,761,779,10450
10572,62,6300001,0,user_25,761,779,10450
10453,71,6300000,0,user_12,760,779,
10468,70,6300000,0,user_20,760,779,
10456,72,6300000,0,user_15,760,779,
10740,73,6300000,0,user_34,762,779,
10973,74,6300000,0,user_29,763,779,
10474,79,6299999,0,user_23,760,779,10450
10475,80,6299999,0,user_23,760,779,10450
10562,78,6299999,0,user_13,761,779,10450
10725,81,6299999,0,user_18,762,779,10450
10943,83,6299999,0,user_1,763,779,10450
10729,82,6299999,0,user_24,762,779,10450
10497,88,6100000,0,user_45,760,779,
11001,89,6100000,0,user_44,763,779,
10585,94,5000000,6390,user_38,761,777,
11164,30,4999999,0,builder_16,763,763,10585
10445,98,5000000,0,user_4,760,777,
10462,99,5000000,0,user_17,760,777,
10749,96,5000000,0,user_43,762,777,
10742,87,5000000,0,user_36,762,776,
10748,88,5000000,0,user_41,762,776,
10448,98,4500000,0,user_6,760,775,
10576,97,4500000,0,user_28,761,775,
10575,96,3200000,0,user_27,761,773,
10455,99,2500000,0,user_14,760,772,
10485,92,2500000,0,user_34,760,771,
10465,94,2300000,0,user_17,760,771,
10984,95,2300000,0,user_37,763,771,
10586,91,2100000,0,user_41,761,770,
10733,93,2000000,49100,user_27,762,770,
11165,45,1999999,0,builder_16,763,763,10733
10454,99,2000000,0,user_13,760,770,
10494,94,2000000,0,user_42,760,769,
10737,95,2000000,0,user_32,762,769,
11000,95,2000000,0,user_44,763,770,
10991,96,2000000,0,user_40,763,770,
10996,97,2000000,0,user_41,763,770,
10496,88,1800000,128000,user_44,760,768,
11166,53,1799999,0,builder_16,763,763,10496
10995,90,1900000,0,user_41,763,768,
10565,96,1800001,0,user_16,761,768,10496
10732,95,1800001,0,user_26,762,768,10496
10554,97,1799999,0,user_2,761,768,10496
10558,98,1799999,0,user_10,761,768,10496
10566,89,1799999,0,user_17,761,767,10496
10710,99,1799999,0,user_2,762,768,10496
10947,92,1799999,0,user_6,763,767,10496
10493,94,1600000,0,user_42,760,766,
10579,95,1600000,0,user_33,761,766,
10754,96,1600000,0,user_46,762,766,
10490,92,1500000,0,user_41,760,765,
10739,91,1500000,0,user_32,762,765,
10994,93,1500000,0,user_41,763,765,
11167,68,1400001,0,builder_16,763,763,10580
10580,95,1400000,6390,user_34,761,765,
10460,96,1400000,0,user_16,760,765,
10577,99,1000000,381000,user_29,761,765,
11168,72,999999,0,builder_16,763,763,10577
10997,83,1300000,0,user_41,763,764,
10469,90,1100000,0,user_21,760,764,
10590,89,1100000,0,user_49,761,764,
10989,91,1100000,0,user_40,763,764,
11169,77,1000001,0,builder_16,763,763,10980
10980,93,1000000,15700,user_33,763,764,
10711,95,1000001,0,user_3,762,764,10577
10722,96,1000001,0,user_14,762,764,10577
10726,97,1000001,0,user_21,762,764,10577
10721,94,1000001,0,user_13,762,764,10577
10727,98,1000001,0,user_22,762,764,10577
10945,99,1000001,0,user_3,763,764,10577
10486,85,1000000,0,user_35,760,763,
10587,86,1000000,0,user_43,761,763,
10718,87,999999,0,user_10,762,763,10577
10716,88,999999,0,user_9,762,763,10577
10723,89,999999,0,user_15,762,763,10577
10955,90,999999,0,user_11,763,763,10577
10957,91,999999,0,user_12,763,763,10577
10481,92,970000,0,user_32,760,763,
10744,93,970000,0,user_38,762,763,
10492,94,910000,0,user_42,760,763,
10578,95,910000,0,user_32,761,763,
10461,96,870000,0,user_16,760,763,
10582,97,630000,0,user_36,761,763,
10753,98,600000,0,user_46,762,763,
10500,99,530000,11200,user_48,760,763,
10444,2,43000000,0,user_2,760,779,
10484,6,30000000,0,user_34,760,779,
10747,28,27000000,0,user_41,762,779,
10988,29,27000000,0,user_40,763,779,
11383,4,19000001,0,builder_16,764,764,10588
10588,46,19000000,13900,user_43,761,779,
11384,6,6300001,0,builder_16,764,764,10450
10450,54,6300000,155000,user_8,760,779,
10569,61,6300001,0,user_20,761,779,10450
10572,62,6300001,0,user_25,761,779,10450
10473,63,6300001,0,user_23,760,779,10450
10476,64,6300001,0,user_23,760,779,10450
10477,65,6300001,0,user_24,760,779,10450
10478,66,6300001,0,user_25,760,779,10450
11196,59,6300001,0,user_9,764,779,10986
11192,58,6300001,0,user_3,764,779,10986
11193,60,6300001,0,user_6,764,779,10450
10468,70,6300000,0,user_20,760,779,
10453,71,6300000,0,user_12,760,779,
10456,72,6300000,0,user_15,760,779,
10740,73,6300000,0,user_34,762,779,
10973,74,6300000,0,user_29,763,779,
11216,69,6300000,0,user_32,764,779,
10562,78,6299999,0,user_13,761,779,10450
10474,79,6299999,0,user_23,760,779,10450
10475,80,6299999,0,user_23,760,779,10450
10725,81,6299999,0,user_18,762,779,10450
10729,82,6299999,0,user_24,762,779,10450
10943,83,6299999,0,user_1,763,779,10450
11197,76,6299999,0,user_10,764,779,10450
11207,77,6299999,0,user_20,764,779,10450
10497,88,6100000,0,user_45,760,779,
11001,89,6100000,0,user_44,763,779,
10975,90,6100000,0,user_31,763,779,
11385,34,5000001,0,builder_16,764,764,10585
10585,94,5000000,6390,user_38,761,777,
10445,98,5000000,0,user_4,760,777,
10462,99,5000000,0,user_17,760,777,
10748,88,5000000,0,user_41,762,776,
10742,87,5000000,0,user_36,762,776,
10749,96,5000000,0,user_43,762,777,
11226,97,5000000,0,user_45,764,777,
10576,97,4500000,0,user_28,761,775,
10448,98,4500000,0,user_6,760,775,
10575,96,3200000,0,user_27,761,773,
10455,99,2500000,0,user_14,760,772,
10485,92,2500000,0,user_34,760,771,
10465,94,2300000,0,user_17,760,771,
10984,95,2300000,0,user_37,763,771,
11386,49,1200001,0,builder_16,764,764,10985
10985,98,1200000,959000,user_38,763,771,
10586,91,2100000,0,user_41,761,770,
10733,93,2000000,49100,user_27,762,770,
11387,53,1999999,0,builder_16,764,764,10733
10454,99,2000000,0,user_13,760,770,
10494,94,2000000,0,user_42,760,769,
10737,95,2000000,0,user_32,762,769,
11000,95,2000000,0,user_44,763,770,
10991,96,2000000,0,user_40,763,770,
10996,97,2000000,0,user_41,763,770,
10496,88,1800000,128000,user_44,760,768,
11388,61,1799999,0,builder_16,764,764,10496
10995,90,1900000,0,user_41,763,768,
11227,91,1600000,256000,user_46,764,768,
11389,64,1599999,0,builder_16,764,764,11227
10565,96,1800001,0,user_16,761,768,10496
10732,95,1800001,0,user_26,762,768,10496
10558,98,1799999,0,user_10,761,768,10496
10566,89,1799999,0,user_17,761,767,10496
10710,99,1799999,0,user_2,762,768,10496
10554,97,1799999,0,user_2,761,768,10496
10947,92,1799999,0,user_6,763,767,10496
10579,95,1600000,0,user_33,761,766,
10493,94,1600000,0,user_42,760,766,
10754,96,1600000,0,user_46,762,766,
10490,92,1500000,0,user_41,760,765,
10739,91,1500000,0,user_32,762,765,
10994,93,1500000,0,user_41,763,765,
11390,78,1400001,0,builder_16,764,764,10580
10580,95,1400000,6390,user_34,761,765,
10460,96,1400000,0,user_16,760,765,
11391,81,1000001,0,builder_16,764,764,10577
10577,99,1000000,381000,user_29,761,765,
10997,83,1300000,0,user_41,763,764,
11199,84,1200001,0,user_11,764,764,10985
11201,85,1200001,0,user_14,764,764,10985
11200,86,1200001,0,user_12,764,764,10985
11209,87,1199999,0,user_22,764,764,10985
11203,88,1199999,0,user_17,764,764,10985
10590,89,1100000,0,user_49,761,764,
10469,90,1100000,0,user_21,760,764,
10989,91,1100000,0,user_40,763,764,
11392,92,1000001,0,builder_16,764,764,10980
10980,93,1000000,15700,user_33,763,764,
10721,94,1000001,0,user_13,762,764,10577
10711,95,1000001,0,user_3,762,764,10577
10722,96,1000001,0,user_14,762,764,10577
10726,97,1000001,0,user_21,762,764,10577
10727,98,1000001,0,user_22,762,764,10577
10945,99,1000001,0,user_3,763,764,10577
10444,2,43000000,0,user_2,760,779,
11448,3,30000000,11200,user_33,765,779,
11638,2,29999999,0,builder_16,765,765,11448
10484,6,30000000,0,user_34,760,779,
11457,5,30000000,0,user_47,765,779,
10747,28,27000000,0,user_41,762,779,
10988,29,27000000,0,user_40,763,779,
11455,27,27000000,0,user_46,765,779,
11639,8,19000001,0,builder_16,765,765,10588
10588,46,19000000,13900,user_43,761,779,
10450,54,6300000,155000,user_8,760,779,
11640,11,6299999,0,builder_16,765,765,10450
11641,12,6300001,0,builder_16,765,765,10986
10986,57,6300000,146000,user_39,763,779,
10572,62,6300001,0,user_25,761,779,10450
10569,61,6300001,0,user_20,761,779,10450
10473,63,6300001,0,user_23,760,779,10450
10476,64,6300001,0,user_23,760,779,10450
10478,66,6300001,0,user_25,760,779,10450
10477,65,6300001,0,user_24,760,779,10450
11192,58,6300001,0,user_3,764,779,10986
11196,59,6300001,0,user_9,764,779,10986
11193,60,6300001,0,user_6,764,779,10450
10740,73,6300000,0,user_34,762,779,
10468,70,6300000,0,user_20,760,779,
10453,71,6300000,0,user_12,760,779,
10456,72,6300000,0,user_15,760,779,
10973,74,6300000,0,user_29,763,779,
11216,69,6300000,0,user_32,764,779,
10725,81,6299999,0,user_18,762,779,10450
10729,82,6299999,0,user_24,762,779,10450
10943,83,6299999,0,user_1,763,779,10450
10562,78,6299999,0,user_13,761,779,10450
10474,79,6299999,0,user_23,760,779,10450
10475,80,6299999,0,user_23,760,779,10450
11197,76,6299999,0,user_10,764,779,10450
11207,77,6299999,0,user_20,764,779,10450
11001,89,6100000,0,user_44,763,779,
10497,88,6100000,0,user_45,760,779,
10975,90,6100000,0,user_31,763,779,
11642,40,5000001,0,builder_16,765,765,10585
10585,94,5000000,6390,user_38,761,777,
10742,87,5000000,0,user_36,762,776,
10748,88,5000000,0,user_41,762,776,
10749,96,5000000,0,user_43,762,777,
10445,98,5000000,0,user_4,760,777,
10462,99,5000000,0,user_17,760,777,
11226,97,5000000,0,user_45,764,777,
11456,96,4500000,121000,user_46,765,776,
11643,49,4499999,0,builder_16,765,765,11456
10448,98,4500000,0,user_6,760,775,
10576,97,4500000,0,user_28,761,775,
11213,96,4200000,0,user_31,764,774,
10575,96,3200000,0,user_27,761,773,
10455,99,2500000,0,user_14,760,772,
10485,92,2500000,0,user_34,760,771,
11454,98,2500000,0,user_40,765,772,
10984,95,2300000,0,user_37,763,771,
10465,94,2300000,0,user_17,760,771,
11644,59,1200001,0,builder_16,765,765,10985
10985,98,1200000,959000,user_38,763,771,
10586,91,2100000,0,user_41,761,770,
11645,62,2000001,0,builder_16,765,765,10733
10733,93,2000000,49100,user_27,762,770,
10737,95,2000000,0,user_32,762,769,
11000,95,2000000,0,user_44,763,770,
10454,99,2000000,0,user_13,760,770,
10494,94,2000000,0,user_42,760,769,
10991,96,2000000,0,user_40,763,770,
10996,97,2000000,0,user_41,763,770,
11214,98,2000000,0,user_31,764,770,
10496,88,1800000,128000,user_44,760,768,
11646,72,1799999,0,builder_16,765,765,10496
10995,90,1900000,0,user_41,763,768,
11227,91,1600000,256000,user_46,764,768,
11647,75,1599999,0,builder_16,765,765,11227
10732,95,1800001,0,user_26,762,768,10496
10565,96,1800001,0,user_16,761,768,10496
10554,97,1799999,0,user_2,761,768,10496
10558,98,1799999,0,user_10,761,768,10496
10710,99,1799999,0,user_2,762,768,10496
10566,89,1799999,0,user_17,761,767,10496
10947,92,1799999,0,user_6,763,767,10496
11450,93,1600000,39400,user_36,765,767,
11648,84,1599999,0,builder_16,765,765,11450
11430,96,1600001,0,user_15,765,767,11227
11431,95,1600001,0,user_18,765,767,11227
10754,96,1600000,0,user_46,762,766,
10579,95,1600000,0,user_33,761,766,
10493,94,1600000,0,user_42,760,766,
11437,98,1599999,0,user_21,765,766,11227
10739,91,1500000,0,user_32,762,765,
10490,92,1500000,0,user_41,760,765,
10994,93,1500000,0,user_41,763,765,
11649,94,1400001,0,builder_16,765,765,10580
10580,95,1400000,6390,user_34,761,765,
10460,96,1400000,0,user_16,760,765,
11212,97,1400000,0,user_27,764,765,
11650,98,1000001,0,builder_16,765,765,10577
10577,99,1000000,381000,user_29,761,765,
10444,2,43000000,0,user_2,760,779,
11448,3,30000000,11200,user_33,765,779,
11895,2,29999999,0,builder_16,766,766,11448
10484,6,30000000,0,user_34,760,779,
11457,5,30000000,0,user_47,765,779,
11715,7,30000000,0,user_46,766,779,
10988,29,27000000,0,user_40,763,779,
10747,28,27000000,0,user_41,762,779,
11455,27,27000000,0,user_46,765,779,
11710,30,27000000,0,user_42,766,779,
10588,46,19000000,13900,user_43,761,779,
11896,11,18999999,0,builder_16,766,766,10588
11897,12,6300001,0,builder_16,766,766,10450
10450,54,6300000,155000,user_8,760,779,
11898,14,6300001,0,builder_16,766,766,10986
10986,57,6300000,146000,user_39,763,779,
10473,63,6300001,0,user_23,760,779,10450
10476,64,6300001,0,user_23,760,779,10450
10477,65,6300001,0,user_24,760,779,10450
10478,66,6300001,0,user_25,760,779,10450
10569,61,6300001,0,user_20,761,779,10450
10572,62,6300001,0,user_25,761,779,10450
11192,58,6300001,0,user_3,764,779,10986
11193,60,6300001,0,user_6,764,779,10450
11196,59,6300001,0,user_9,764,779,10986
10973,74,6300000,0,user_29,763,779,
10453,71,6300000,0,user_12,760,779,
10468,70,6300000,0,user_20,760,779,
10456,72,6300000,0,user_15,760,779,
10740,73,6300000,0,user_34,762,779,
11216,69,6300000,0,user_32,764,779,
10943,83,6299999,0,user_1,763,779,10450
11197,76,6299999,0,user_10,764,779,10450
11207,77,6299999,0,user_20,764,779,10450
10474,79,6299999,0,user_23,760,779,10450
10475,80,6299999,0,user_23,760,779,10450
10562,78,6299999,0,user_13,761,779,10450
10725,81,6299999,0,user_18,762,779,10450
10729,82,6299999,0,user_24,762,779,10450
11001,89,6100000,0,user_44,763,779,
10975,90,6100000,0,user_31,763,779,
10497,88,6100000,0,user_45,760,779,
10585,94,5000000,6390,user_38,761,777,
11899,43,4999999,0,builder_16,766,766,10585
10749,96,5000000,0,user_43,762,777,
11226,97,5000000,0,user_45,764,777,
10445,98,5000000,0,user_4,760,777,
10462,99,5000000,0,user_17,760,777,
10742,87,5000000,0,user_36,762,776,
10748,88,5000000,0,user_41,762,776,
11709,86,5000000,0,user_40,766,776,
11900,51,4500001,0,builder_16,766,766,11456
11456,96,4500000,121000,user_46,765,776,
10448,98,4500000,0,user_6,760,775,
10576,97,4500000,0,user_28,761,775,
11446,96,4500000,0,user_31,765,775,
11213,96,4200000,0,user_31,764,774,
10575,96,3200000,0,user_27,761,773,
11716,93,2600000,0,user_47,766,772,
10455,99,2500000,0,user_14,760,772,
10485,92,2500000,0,user_34,760,771,
11454,98,2500000,0,user_40,765,772,
10984,95,2300000,0,user_37,763,771,
10465,94,2300000,0,user_17,760,771,
10985,98,1200000,959000,user_38,763,771,
11901,65,1199999,0,builder_16,766,766,10985
10586,91,2100000,0,user_41,761,770,
10733,93,2000000,49100,user_27,762,770,
11902,68,1999999,0,builder_16,766,766,10733
11000,95,2000000,0,user_44,763,770,
10991,96,2000000,0,user_40,763,770,
10996,97,2000000,0,user_41,763,770,
10454,99,2000000,0,user_13,760,770,
10494,94,2000000,0,user_42,760,769,
10737,95,2000000,0,user_32,762,769,
11214,98,2000000,0,user_31,764,770,
11903,76,1800001,0,builder_16,766,766,10496
10496,88,1800000,128000,user_44,760,768,
10995,90,1900000,0,user_41,763,768,
11227,91,1600000,256000,user_46,764,768,
11904,80,1599999,0,builder_16,766,766,11227
10565,96,1800001,0,user_16,761,768,10496
10732,95,1800001,0,user_26,762,768,10496
10947,92,1799999,0,user_6,763,767,10496
10554,97,1799999,0,user_2,761,768,10496
10558,98,1799999,0,user_10,761,768,10496
10566,89,1799999,0,user_17,761,767,10496
10710,99,1799999,0,user_2,762,768,10496
11905,88,1600001,0,builder_16,766,766,11450
11450,93,1600000,39400,user_36,765,767,
11430,96,1600001,0,user_15,765,767,11227
11431,95,1600001,0,user_18,765,767,11227
11679,97,1600001,0,user_1,766,767,11227
11688,98,1600001,0,user_11,766,767,11227
10493,94,1600000,0,user_42,760,766,
10579,95,1600000,0,user_33,761,766,
10754,96,1600000,0,user_46,762,766,
11704,97,1600000,0,user_29,766,766,
11437,98,1599999,0,user_21,765,766,11227
11433,99,1599999,0,user_19,765,766,11227
10444,2,43000000,0,user_2,760,779,
11448,3,30000000,11200,user_33,765,779,
12166,2,29999999,0,builder_18,767,767,11448
11457,5,30000000,0,user_47,765,779,
10484,6,30000000,0,user_34,760,779,
11715,7,30000000,0,user_46,766,779,
11969,8,30000000,0,user_45,767,779,
11455,27,27000000,0,user_46,765,779,
10747,28,27000000,0,user_41,762,779,
10988,29,27000000,0,user_40,763,779,
11710,30,27000000,0,user_42,766,779,
10588,46,19000000,13900,user_43,761,779,
12167,12,18999999,0,builder_18,767,767,10588
12168,13,6300001,0,builder_18,767,767,10450
10450,54,6300000,155000,user_8,760,779,
12169,15,6300001,0,builder_18,767,767,10986
10986,57,6300000,146000,user_39,763,779,
11192,58,6300001,0,user_3,764,779,10986
11196,59,6300001,0,user_9,764,779,10986
11193,60,6300001,0,user_6,764,779,10450
10569,61,6300001,0,user_20,761,779,10450
10572,62,6300001,0,user_25,761,779,10450
10473,63,6300001,0,user_23,760,779,10450
10476,64,6300001,0,user_23,760,779,10450
10477,65,6300001,0,user_24,760,779,10450
10478,66,6300001,0,user_25,760,779,10450
11216,69,6300000,0,user_32,764,779,
10468,70,6300000,0,user_20,760,779,
10453,71,6300000,0,user_12,760,779,
10456,72,6300000,0,user_15,760,779,
10740,73,6300000,0,user_34,762,779,
10973,74,6300000,0,user_29,763,779,
11197,76,6299999,0,user_10,764,779,10450
11207,77,6299999,0,user_20,764,779,10450
10562,78,6299999,0,user_13,761,779,10450
10474,79,6299999,0,user_23,760,779,10450
10475,80,6299999,0,user_23,760,779,10450
10725,81,6299999,0,user_18,762,779,10450
10729,82,6299999,0,user_24,762,779,10450
10943,83,6299999,0,user_1,763,779,10450
10497,88,6100000,0,user_45,760,779,
11001,89,6100000,0,user_44,763,779,
10975,90,6100000,0,user_31,763,779,
12170,43,5000001,0,builder_18,767,767,10585
10585,94,5000000,6390,user_38,761,777,
11226,97,5000000,0,user_45,764,777,
10445,98,5000000,0,user_4,760,777,
10462,99,5000000,0,user_17,760,777,
10748,88,5000000,0,user_41,762,776,
10742,87,5000000,0,user_36,762,776,
10749,96,5000000,0,user_43,762,777,
11709,86,5000000,0,user_40,766,776,
11456,96,4500000,121000,user_46,765,776,
12171,53,4499999,0,builder_18,767,767,11456
11446,96,4500000,0,user_31,765,775,
10576,97,4500000,0,user_28,761,775,
10448,98,4500000,0,user_6,760,775,
11213,96,4200000,0,user_31,764,774,
10575,96,3200000,0,user_27,761,773,
11959,95,3200000,0,user_36,767,773,
11716,93,2600000,0,user_47,766,772,
11954,99,2600000,0,user_33,767,773,
11454,98,2500000,0,user_40,765,772,
10455,99,2500000,0,user_14,760,772,
10485,92,2500000,0,user_34,760,771,
10465,94,2300000,0,user_17,760,771,
10984,95,2300000,0,user_37,763,771,
10985,98,1200000,959000,user_38,763,771,
12172,68,1199999,0,builder_18,767,767,10985
10586,91,2100000,0,user_41,761,770,
12173,70,2000001,0,builder_18,767,767,10733
10733,93,2000000,49100,user_27,762,770,
11214,98,2000000,0,user_31,764,770,
10454,99,2000000,0,user_13,760,770,
10494,94,2000000,0,user_42,760,769,
10737,95,2000000,0,user_32,762,769,
11000,95,2000000,0,user_44,763,770,
10991,96,2000000,0,user_40,763,770,
10996,97,2000000,0,user_41,763,770,
12174,79,1800001,0,builder_18,767,767,10496
10496,88,1800000,128000,user_44,760,768,
10995,90,1900000,0,user_41,763,768,
12175,82,1600001,0,builder_18,767,767,11227
11227,91,1600000,256000,user_46,764,768,
12176,84,1300001,0,builder_18,767,767,11955
11955,94,1300000,510000,user_34,767,768,
10565,96,1800001,0,user_16,761,768,10496
10732,95,1800001,0,user_26,762,768,10496
10558,98,1799999,0,user_10,761,768,10496
10566,89,1799999,0,user_17,761,767,10496
10710,99,1799999,0,user_2,762,768,10496
10554,97,1799999,0,user_2,761,768,10496
10947,92,1799999,0,user_6,763,767,10496
11450,93,1600000,39400,user_36,765,767,
12177,94,1599999,0,builder_18,767,767,11450
11431,95,1600001,0,user_18,765,767,11227
11430,96,1600001,0,user_15,765,767,11227
11679,97,1600001,0,user_1,766,767,11227
11688,98,1600001,0,user_11,766,767,11227
11930,99,1600001,0,user_4,767,767,11227
10444,2,43000000,0,user_2,760,779,
11448,3,30000000,11200,user_33,765,779,
12451,2,29999999,0,builder_18,768,768,11448
11457,5,30000000,0,user_47,765,779,
11715,7,30000000,0,user_46,766,779,
11969,8,30000000,0,user_45,767,779,
10484,6,30000000,0,user_34,760,779,
12221,12,27000000,779000,user_37,768,779,
12452,8,26999999,0,builder_18,768,768,12221
11455,27,27000000,0,user_46,765,779,
11710,30,27000000,0,user_42,766,779,
10747,28,27000000,0,user_41,762,779,
10988,29,27000000,0,user_40,763,779,
10588,46,19000000,13900,user_43,761,779,
12453,14,18999999,0,builder_18,768,768,10588
11960,50,19000000,0,user_38,767,779,
12454,16,6300001,0,builder_18,768,768,10450
10450,54,6300000,155000,user_8,760,779,
10986,57,6300000,146000,user_39,763,779,
12455,19,6299999,0,builder_18,768,768,10986
10572,62,6300001,0,user_25,761,779,10450
10569,61,6300001,0,user_20,761,779,10450
10473,63,6300001,0,user_23,760,779,10450
10476,64,6300001,0,user_23,760,779,10450
10478,66,6300001,0,user_25,760,779,10450
10477,65,6300001,0,user_24,760,779,10450
11192,58,6300001,0,user_3,764,779,10986
11196,59,6300001,0,user_9,764,779,10986
11193,60,6300001,0,user_6,764,779,10450
10740,73,6300000,0,user_34,762,779,
10468,70,6300000,0,user_20,760,779,
10453,71,6300000,0,user_12,760,779,
10456,72,6300000,0,user_15,760,779,
10973,74,6300000,0,user_29,763,779,
11216,69,6300000,0,user_32,764,779,
10725,81,6299999,0,user_18,762,779,10450
10729,82,6299999,0,user_24,762,779,10450
10943,83,6299999,0,user_1,763,779,10450
10562,78,6299999,0,user_13,761,779,10450
10474,79,6299999,0,user_23,760,779,10450
10475,80,6299999,0,user_23,760,779,10450
11197,76,6299999,0,user_10,764,779,10450
11207,77,6299999,0,user_20,764,779,10450
11001,89,6100000,0,user_44,763,779,
10497,88,6100000,0,user_45,760,779,
10975,90,6100000,0,user_31,763,779,
10585,94,5000000,6390,user_38,761,777,
12456,47,4999999,0,builder_18,768,768,10585
11709,86,5000000,0,user_40,766,776,
10742,87,5000000,0,user_36,762,776,
10748,88,5000000,0,user_41,762,776,
10749,96,5000000,0,user_43,762,777,
10445,98,5000000,0,user_4,760,777,
10462,99,5000000,0,user_17,760,777,
11226,97,5000000,0,user_45,764,777,
11456,96,4500000,121000,user_46,765,776,
12457,56,4499999,0,builder_18,768,768,11456
11446,96,4500000,0,user_31,765,775,
10448,98,4500000,0,user_6,760,775,
10576,97,4500000,0,user_28,761,775,
11213,96,4200000,0,user_31,764,774,
12220,94,4200000,0,user_37,768,774,
12215,95,4200000,0,user_30,768,774,
11949,94,3500000,0,user_28,767,773,
10575,96,3200000,0,user_27,761,773,
11959,95,3200000,0,user_36,767,773,
11716,93,2600000,0,user_47,766,772,
11954,99,2600000,0,user_33,767,773,
11454,98,2500000,0,user_40,765,772,
10455,99,2500000,0,user_14,760,772,
10485,92,2500000,0,user_34,760,771,
10984,95,2300000,0,user_37,763,771,
10465,94,2300000,0,user_17,760,771,
12226,96,2300000,0,user_48,768,771,
12458,74,1200001,0,builder_18,768,768,10985
10985,98,1200000,959000,user_38,763,771,
12459,76,2100001,0,builder_18,768,768,11967
11967,99,2100000,33300,user_43,767,771,
10586,91,2100000,0,user_41,761,770,
10733,93,2000000,49100,user_27,762,770,
12460,80,1999999,0,builder_18,768,768,10733
10737,95,2000000,0,user_32,762,769,
11000,95,2000000,0,user_44,763,770,
10454,99,2000000,0,user_13,760,770,
10494,94,2000000,0,user_42,760,769,
10991,96,2000000,0,user_40,763,770,
10996,97,2000000,0,user_41,763,770,
11214,98,2000000,0,user_31,764,770,
10496,88,1800000,128000,user_44,760,768,
12461,89,1799999,0,builder_18,768,768,10496
10995,90,1900000,0,user_41,763,768,
11227,91,1600000,256000,user_46,764,768,
12462,92,1599999,0,builder_18,768,768,11227
12463,93,1300001,0,builder_18,768,768,11955
11955,94,1300000,510000,user_34,767,768,
10732,95,1800001,0,user_26,762,768,10496
10565,96,1800001,0,user_16,761,768,10496
10554,97,1799999,0,user_2,761,768,10496
10558,98,1799999,0,user_10,761,768,10496
10710,99,1799999,0,user_2,762,768,10496
10444,2,43000000,0,user_2,760,779,
11448,3,30000000,11200,user_33,765,779,
12768,2,29999999,0,builder_18,769,769,11448
11969,8,30000000,0,user_45,767,779,
10484,6,30000000,0,user_34,760,779,
11457,5,30000000,0,user_47,765,779,
11715,7,30000000,0,user_46,766,779,
12769,7,27000001,0,builder_18,769,769,12221
12221,12,27000000,779000,user_37,768,779,
12494,18,27000001,0,user_20,769,779,12221
10988,29,27000000,0,user_40,763,779,
10747,28,27000000,0,user_41,762,779,
11455,27,27000000,0,user_46,765,779,
11710,30,27000000,0,user_42,766,779,
12482,35,26999999,0,user_11,769,779,12221
12770,15,19000001,0,builder_18,769,769,10588
10588,46,19000000,13900,user_43,761,779,
11960,50,19000000,0,user_38,767,779,
12771,18,6300001,0,builder_18,769,769,10450
10450,54,6300000,155000,user_8,760,779,
12772,20,6300001,0,builder_18,769,769,10986
10986,57,6300000,146000,user_39,763,779,
10473,63,6300001,0,user_23,760,779,10450
10476,64,6300001,0,user_23,760,779,10450
10477,65,6300001,0,user_24,760,779,10450
10478,66,6300001,0,user_25,760,779,10450
10569,61,6300001,0,user_20,761,779,10450
10572,62,6300001,0,user_25,761,779,10450
11192,58,6300001,0,user_3,764,779,10986
11193,60,6300001,0,user_6,764,779,10450
11196,59,6300001,0,user_9,764,779,10986
10973,74,6300000,0,user_29,763,779,
10453,71,6300000,0,user_12,760,779,
10468,70,6300000,0,user_20,760,779,
10456,72,6300000,0,user_15,760,779,
10740,73,6300000,0,user_34,762,779,
11216,69,6300000,0,user_32,764,779,
10943,83,6299999,0,user_1,763,779,10450
11197,76,6299999,0,user_10,764,779,10450
11207,77,6299999,0,user_20,764,779,10450
10474,79,6299999,0,user_23,760,779,10450
10475,80,6299999,0,user_23,760,779,10450
10562,78,6299999,0,user_13,761,779,10450
10725,81,6299999,0,user_18,762,779,10450
10729,82,6299999,0,user_24,762,779,10450
12227,87,6100000,8520,user_49,768,779,
12773,46,6099999,0,builder_18,769,769,12227
11001,89,6100000,0,user_44,763,779,
10975,90,6100000,0,user_31,763,779,
10497,88,6100000,0,user_45,760,779,
12774,50,5000001,0,builder_18,769,769,10585
10585,94,5000000,6390,user_38,761,777,
10749,96,5000000,0,user_43,762,777,
11226,97,5000000,0,user_45,764,777,
10445,98,5000000,0,user_4,760,777,
10462,99,5000000,0,user_17,760,777,
10742,87,5000000,0,user_36,762,776,
10748,88,5000000,0,user_41,762,776,
11709,86,5000000,0,user_40,766,776,
11456,96,4500000,121000,user_46,765,776,
12775,60,4499999,0,builder_18,769,769,11456
10448,98,4500000,0,user_6,760,775,
10576,97,4500000,0,user_28,761,775,
11446,96,4500000,0,user_31,765,775,
12220,94,4200000,0,user_37,768,774,
11213,96,4200000,0,user_31,764,774,
12215,95,4200000,0,user_30,768,774,
12521,97,4200000,0,user_47,769,774,
12510,93,3500000,31700,user_39,769,773,
12776,69,3499999,0,builder_18,769,769,12510
11949,94,3500000,0,user_28,767,773,
11959,95,3200000,0,user_36,767,773,
10575,96,3200000,0,user_27,761,773,
11954,99,2600000,0,user_33,767,773,
11716,93,2600000,0,user_47,766,772,
12518,97,1800000,769000,user_44,769,772,
12777,76,1799999,0,builder_18,769,769,12518
10455,99,2500000,0,user_14,760,772,
10485,92,2500000,0,user_34,760,771,
11454,98,2500000,0,user_40,765,772,
10984,95,2300000,0,user_37,763,771,
10465,94,2300000,0,user_17,760,771,
12226,96,2300000,0,user_48,768,771,
10985,98,1200000,959000,user_38,763,771,
12778,84,1199999,0,builder_18,769,769,10985
11967,99,2100000,33300,user_43,767,771,
12779,86,2099999,0,builder_18,769,769,11967
10586,91,2100000,0,user_41,761,770,
10733,93,2000000,49100,user_27,762,770,
12780,89,1999999,0,builder_18,769,769,10733
11000,95,2000000,0,user_44,763,770,
10991,96,2000000,0,user_40,763,770,
10996,97,2000000,0,user_41,763,770,
10454,99,2000000,0,user_13,760,770,
10494,94,2000000,0,user_42,760,769,
10737,95,2000000,0,user_32,762,769,
11214,98,2000000,0,user_31,764,770,
12509,94,2000000,0,user_37,769,770,
12514,98,2000000,0,user_42,769,769,
12781,99,1800001,0,builder_18,769,769,10496
10444,2,43000000,0,user_2,760,779,
11448,3,30000000,11200,user_33,765,779,
13062,2,29999999,0,builder_18,770,770,11448
11969,8,30000000,0,user_45,767,779,
10484,6,30000000,0,user_34,760,779,
11457,5,30000000,0,user_47,765,779,
11715,7,30000000,0,user_46,766,779,
12221,12,27000000,779000,user_37,768,779,
13063,8,26999999,0,builder_18,770,770,12221
12494,18,27000001,0,user_20,769,779,12221
12783,20,27000001,0,user_0,770,779,12221
12796,19,27000001,0,user_11,770,779,12221
10988,29,27000000,0,user_40,763,779,
10747,28,27000000,0,user_41,762,779,
11455,27,27000000,0,user_46,765,779,
11710,30,27000000,0,user_42,766,779,
12482,35,26999999,0,user_11,769,779,12221
12785,36,26999999,0,user_0,770,779,12221
13064,18,19000001,0,builder_18,770,770,10588
10588,46,19000000,13900,user_43,761,779,
11960,50,19000000,0,user_38,767,779,
12830,49,19000000,0,user_45,770,779,
10450,54,6300000,155000,user_8,760,779,
13065,23,6299999,0,builder_18,770,770,10450
10986,57,6300000,146000,user_39,763,779,
13066,25,6299999,0,builder_18,770,770,10986
11192,58,6300001,0,user_3,764,779,10986
11193,60,6300001,0,user_6,764,779,10450
10473,63,6300001,0,user_23,760,779,10450
10476,64,6300001,0,user_23,760,779,10450
10477,65,6300001,0,user_24,760,779,10450
10572,62,6300001,0,user_25,761,779,10450
10569,61,6300001,0,user_20,761,779,10450
11196,59,6300001,0,user_9,764,779,10986
10478,66,6300001,0,user_25,760,779,10450
10973,74,6300000,0,user_29,763,779,
11216,69,6300000,0,user_32,764,779,
10453,71,6300000,0,user_12,760,779,
10456,72,6300000,0,user_15,760,779,
10468,70,6300000,0,user_20,760,779,
10740,73,6300000,0,user_34,762,779,
11207,77,6299999,0,user_20,764,779,10450
11197,76,6299999,0,user_10,764,779,10450
10474,79,6299999,0,user_23,760,779,10450
10475,80,6299999,0,user_23,760,779,10450
10562,78,6299999,0,user_13,761,779,10450
10725,81,6299999,0,user_18,762,779,10450
10729,82,6299999,0,user_24,762,779,10450
10943,83,6299999,0,user_1,763,779,10450
13067,49,6100001,0,builder_18,770,770,12227
12227,87,6100000,8520,user_49,768,779,
10975,90,6100000,0,user_31,763,779,
11001,89,6100000,0,user_44,763,779,
10497,88,6100000,0,user_45,760,779,
13068,54,5000001,0,builder_18,770,770,10585
10585,94,5000000,6390,user_38,761,777,
11226,97,5000000,0,user_45,764,777,
10462,99,5000000,0,user_17,760,777,
10749,96,5000000,0,user_43,762,777,
10445,98,5000000,0,user_4,760,777,
10742,87,5000000,0,user_36,762,776,
10748,88,5000000,0,user_41,762,776,
11709,86,5000000,0,user_40,766,776,
11456,96,4500000,121000,user_46,765,776,
13069,64,4499999,0,builder_18,770,770,11456
10448,98,4500000,0,user_6,760,775,
10576,97,4500000,0,user_28,761,775,
11446,96,4500000,0,user_31,765,775,
12220,94,4200000,0,user_37,768,774,
12215,95,4200000,0,user_30,768,774,
11213,96,4200000,0,user_31,764,774,
12521,97,4200000,0,user_47,769,774,
13070,72,3500001,0,builder_18,770,770,12510
12510,93,3500000,31700,user_39,769,773,
11949,94,3500000,0,user_28,767,773,
11959,95,3200000,0,user_36,767,773,
10575,96,3200000,0,user_27,761,773,
11954,99,2600000,0,user_33,767,773,
11716,93,2600000,0,user_47,766,772,
12518,97,1800000,769000,user_44,769,772,
13071,80,1799999,0,builder_18,770,770,12518
10455,99,2500000,0,user_14,760,772,
10485,92,2500000,0,user_34,760,771,
11454,98,2500000,0,user_40,765,772,
12226,96,2300000,0,user_48,768,771,
10984,95,2300000,0,user_37,763,771,
10465,94,2300000,0,user_17,760,771,
10985,98,1200000,959000,user_38,763,771,
13072,88,1199999,0,builder_18,770,770,10985
11967,99,2100000,33300,user_43,767,771,
13073,90,2099999,0,builder_18,770,770,11967
10586,91,2100000,0,user_41,761,770,
13074,92,2000001,0,builder_18,770,770,10733
10733,93,2000000,49100,user_27,762,770,
12509,94,2000000,0,user_37,769,770,
11000,95,2000000,0,user_44,763,770,
10991,96,2000000,0,user_40,763,770,
10996,97,2000000,0,user_41,763,770,
11214,98,2000000,0,user_31,764,770,
10454,99,2000000,0,user_13,760,770,
10444,2,43000000,0,user_2,760,779,
11448,3,30000000,11200,user_33,765,779,
13358,2,29999999,0,builder_18,771,771,11448
11457,5,30000000,0,user_47,765,779,
10484,6,30000000,0,user_34,760,779,
11715,7,30000000,0,user_46,766,779,
11969,8,30000000,0,user_45,767,779,
13118,9,30000000,0,user_41,771,779,
12221,12,27000000,779000,user_37,768,779,
13359,9,26999999,0,builder_18,771,771,12221
12494,18,27000001,0,user_20,769,779,12221
12796,19,27000001,0,user_11,770,779,12221
12783,20,27000001,0,user_0,770,779,12221
13075,21,27000001,0,user_0,771,779,12221
13091,22,27000001,0,user_15,771,779,12221
13101,23,27000001,0,user_25,771,779,12221
11455,27,27000000,0,user_46,765,779,
10747,28,27000000,0,user_41,762,779,
10988,29,27000000,0,user_40,763,779,
11710,30,27000000,0,user_42,766,779,
12482,35,26999999,0,user_11,769,779,12221
12785,36,26999999,0,user_0,770,779,12221
13087,37,26999999,0,user_11,771,779,12221
13099,38,26999999,0,user_23,771,779,12221
13360,24,19000001,0,builder_18,771,771,10588
10588,46,19000000,13900,user_43,761,779,
12830,49,19000000,0,user_45,770,779,
11960,50,19000000,0,user_38,767,779,
13117,52,73000,17700000,user_40,771,779,
13361,29,72999,0,builder_18,771,771,13117
10450,54,6300000,155000,user_8,760,779,
13362,31,6299999,0,builder_18,771,771,10450
10986,57,6300000,146000,user_39,763,779,
13363,33,6299999,0,builder_18,771,771,10986
11192,58,6300001,0,user_3,764,779,10986
11196,59,6300001,0,user_9,764,779,10986
11193,60,6300001,0,user_6,764,779,10450
10569,61,6300001,0,user_20,761,779,10450
10572,62,6300001,0,user_25,761,779,10450
10473,63,6300001,0,user_23,760,779,10450
10476,64,6300001,0,user_23,760,779,10450
10477,65,6300001,0,user_24,760,779,10450
10478,66,6300001,0,user_25,760,779,10450
11216,69,6300000,0,user_32,764,779,
10468,70,6300000,0,user_20,760,779,
10453,71,6300000,0,user_12,760,779,
10456,72,6300000,0,user_15,760,779,
10740,73,6300000,0,user_34,762,779,
10973,74,6300000,0,user_29,763,779,
11197,76,6299999,0,user_10,764,779,10450
11207,77,6299999,0,user_20,764,779,10450
10562,78,6299999,0,user_13,761,779,10450
10474,79,6299999,0,user_23,760,779,10450
10475,80,6299999,0,user_23,760,779,10450
10725,81,6299999,0,user_18,762,779,10450
10729,82,6299999,0,user_24,762,779,10450
10943,83,6299999,0,user_1,763,779,10450
13364,57,6100001,0,builder_18,771,771,12227
12227,87,6100000,8520,user_49,768,779,
10497,88,6100000,0,user_45,760,779,
11001,89,6100000,0,user_44,763,779,
10975,90,6100000,0,user_31,763,779,
13365,62,5000001,0,builder_18,771,771,10585
10585,94,5000000,6390,user_38,761,777,
11226,97,5000000,0,user_45,764,777,
10445,98,5000000,0,user_4,760,777,
10462,99,5000000,0,user_17,760,777,
10748,88,5000000,0,user_41,762,776,
10742,87,5000000,0,user_36,762,776,
10749,96,5000000,0,user_43,762,777,
11709,86,5000000,0,user_40,766,776,
13366,71,4500001,0,builder_18,771,771,11456
11456,96,4500000,121000,user_46,765,776,
11446,96,4500000,0,user_31,765,775,
10576,97,4500000,0,user_28,761,775,
10448,98,4500000,0,user_6,760,775,
13122,99,4500000,0,user_46,771,775,
12521,97,4200000,0,user_47,769,774,
12220,94,4200000,0,user_37,768,774,
11213,96,4200000,0,user_31,764,774,
12215,95,4200000,0,user_30,768,774,
12510,93,3500000,31700,user_39,769,773,
13367,82,3499999,0,builder_18,771,771,12510
11949,94,3500000,0,user_28,767,773,
10575,96,3200000,0,user_27,761,773,
11959,95,3200000,0,user_36,767,773,
11716,93,2600000,0,user_47,766,772,
11954,99,2600000,0,user_33,767,773,
12518,97,1800000,769000,user_44,769,772,
13368,89,1799999,0,builder_18,771,771,12518
11454,98,2500000,0,user_40,765,772,
10455,99,2500000,0,user_14,760,772,
10485,92,2500000,0,user_34,760,771,
13103,93,2400000,0,user_27,771,771,
10465,94,2300000,0,user_17,760,771,
10984,95,2300000,0,user_37,763,771,
12226,96,2300000,0,user_48,768,771,
13369,97,1200001,0,builder_18,771,771,10985
10985,98,1200000,959000,user_38,763,771,
11967,99,2100000,33300,user_43,767,771,
10444,2,43000000,0,user_2,760,779,
11448,3,30000000,11200,user_33,765,779,
13627,2,29999999,0,builder_18,772,772,11448
11457,5,30000000,0,user_47,765,779,
11715,7,30000000,0,user_46,766,779,
11969,8,30000000,0,user_45,767,779,
10484,6,30000000,0,user_34,760,779,
13118,9,30000000,0,user_41,771,779,
13628,8,27000001,0,builder_18,772,772,12221
12221,12,27000000,779000,user_37,768,779,
12796,19,27000001,0,user_11,770,779,12221
12783,20,27000001,0,user_0,770,779,12221
13075,21,27000001,0,user_0,771,779,12221
12494,18,27000001,0,user_20,769,779,12221
13091,22,27000001,0,user_15,771,779,12221
13101,23,27000001,0,user_25,771,779,12221
11455,27,27000000,0,user_46,765,779,
11710,30,27000000,0,user_42,766,779,
10747,28,27000000,0,user_41,762,779,
10988,29,27000000,0,user_40,763,779,
13115,31,27000000,0,user_38,771,779,
12785,36,26999999,0,user_0,770,779,12221
13087,37,26999999,0,user_11,771,779,12221
12482,35,26999999,0,user_11,769,779,12221
13099,38,26999999,0,user_23,771,779,12221
13380,39,26999999,0,user_14,772,779,12221
13629,26,19000001,0,builder_18,772,772,10588
10588,46,19000000,13900,user_43,761,779,
12830,49,19000000,0,user_45,770,779,
11960,50,19000000,0,user_38,767,779,
13406,51,19000000,0,user_41,772,779,
13630,31,73001,0,builder_18,772,772,13117
13117,52,73000,17700000,user_40,771,779,
13631,33,6300001,0,builder_18,772,772,10450
10450,54,6300000,155000,user_8,760,779,
13632,35,6300001,0,builder_18,772,772,10986
10986,57,6300000,146000,user_39,763,779,
10572,62,6300001,0,user_25,761,779,10450
10569,61,6300001,0,user_20,761,779,10450
10473,63,6300001,0,user_23,760,779,10450
10476,64,6300001,0,user_23,760,779,10450
10478,66,6300001,0,user_25,760,779,10450
10477,65,6300001,0,user_24,760,779,10450
11192,58,6300001,0,user_3,764,779,10986
11196,59,6300001,0,user_9,764,779,10986
11193,60,6300001,0,user_6,764,779,10450
10740,73,6300000,0,user_34,762,779,
10468,70,6300000,0,user_20,760,779,
10453,71,6300000,0,user_12,760,779,
10456,72,6300000,0,user_15,760,779,
10973,74,6300000,0,user_29,763,779,
11216,69,6300000,0,user_32,764,779,
10725,81,6299999,0,user_18,762,779,10450
10729,82,6299999,0,user_24,762,779,10450
10943,83,6299999,0,user_1,763,779,10450
10562,78,6299999,0,user_13,761,779,10450
10474,79,6299999,0,user_23,760,779,10450
10475,80,6299999,0,user_23,760,779,10450
11197,76,6299999,0,user_10,764,779,10450
11207,77,6299999,0,user_20,764,779,10450
13633,60,6100001,0,builder_18,772,772,12227
12227,87,6100000,8520,user_49,768,779,
11001,89,6100000,0,user_44,763,779,
10497,88,6100000,0,user_45,760,779,
10975,90,6100000,0,user_31,763,779,
10585,94,5000000,6390,user_38,761,777,
13634,66,4999999,0,builder_18,772,772,10585
11709,86,5000000,0,user_40,766,776,
10742,87,5000000,0,user_36,762,776,
10748,88,5000000,0,user_41,762,776,
10749,96,5000000,0,user_43,762,777,
10445,98,5000000,0,user_4,760,777,
10462,99,5000000,0,user_17,760,777,
11226,97,5000000,0,user_45,764,777,
13408,93,5000000,0,user_41,772,776,
13413,95,4200000,545000,user_45,772,776,
13635,76,4199999,0,builder_18,772,772,13413
11456,96,4500000,121000,user_46,765,776,
13636,78,4499999,0,builder_18,772,772,11456
11446,96,4500000,0,user_31,765,775,
10448,98,4500000,0,user_6,760,775,
10576,97,4500000,0,user_28,761,775,
13122,99,4500000,0,user_46,771,775,
11213,96,4200000,0,user_31,764,774,
12220,94,4200000,0,user_37,768,774,
12215,95,4200000,0,user_30,768,774,
12521,97,4200000,0,user_47,769,774,
13405,91,3600000,0,user_39,772,773,
12510,93,3500000,31700,user_39,769,773,
13637,89,3499999,0,builder_18,772,772,12510
11949,94,3500000,0,user_28,767,773,
10575,96,3200000,0,user_27,761,773,
11959,95,3200000,0,user_36,767,773,
11716,93,2600000,0,user_47,766,772,
11954,99,2600000,0,user_33,767,773,
13399,98,2600000,0,user_37,772,773,
13638,96,1800001,0,builder_18,772,772,12518
12518,97,1800000,769000,user_44,769,772,
11454,98,2500000,0,user_40,765,772,
10455,99,2500000,0,user_14,760,772,
10444,2,43000000,0,user_2,760,779,
11448,3,30000000,11200,user_33,765,779,
13895,2,29999999,0,builder_18,773,773,11448
13118,9,30000000,0,user_41,771,779,
11969,8,30000000,0,user_45,767,779,
10484,6,30000000,0,user_34,760,779,
11457,5,30000000,0,user_47,765,779,
11715,7,30000000,0,user_46,766,779,
12221,12,27000000,779000,user_37,768,779,
13896,9,26999999,0,builder_18,773,773,12221
12783,20,27000001,0,user_0,770,779,12221
12796,19,27000001,0,user_11,770,779,12221
13075,21,27000001,0,user_0,771,779,12221
13091,22,27000001,0,user_15,771,779,12221
13101,23,27000001,0,user_25,771,779,12221
12494,18,27000001,0,user_20,769,779,12221
13653,16,27000001,0,user_10,773,779,12221
13115,31,27000000,0,user_38,771,779,
10988,29,27000000,0,user_40,763,779,
10747,28,27000000,0,user_41,762,779,
11455,27,27000000,0,user_46,765,779,
11710,30,27000000,0,user_42,766,779,
12785,36,26999999,0,user_0,770,779,12221
13087,37,26999999,0,user_11,771,779,12221
13099,38,26999999,0,user_23,771,779,12221
12482,35,26999999,0,user_11,769,779,12221
13380,39,26999999,0,user_14,772,779,12221
10588,46,19000000,13900,user_43,761,779,
13897,28,18999999,0,builder_18,773,773,10588
12830,49,19000000,0,user_45,770,779,
11960,50,19000000,0,user_38,767,779,
13406,51,19000000,0,user_41,772,779,
13117,52,73000,17700000,user_40,771,779,
13898,33,72999,0,builder_18,773,773,13117
10450,54,6300000,155000,user_8,760,779,
13899,35,6299999,0,builder_18,773,773,10450
10986,57,6300000,146000,user_39,763,779,
13900,37,6299999,0,builder_18,773,773,10986
10473,63,6300001,0,user_23,760,779,10450
10476,64,6300001,0,user_23,760,779,10450
10477,65,6300001,0,user_24,760,779,10450
10478,66,6300001,0,user_25,760,779,10450
10569,61,6300001,0,user_20,761,779,10450
10572,62,6300001,0,user_25,761,779,10450
11192,58,6300001,0,user_3,764,779,10986
11193,60,6300001,0,user_6,764,779,10450
11196,59,6300001,0,user_9,764,779,10986
10973,74,6300000,0,user_29,763,779,
10453,71,6300000,0,user_12,760,779,
10468,70,6300000,0,user_20,760,779,
10456,72,6300000,0,user_15,760,779,
10740,73,6300000,0,user_34,762,779,
11216,69,6300000,0,user_32,764,779,
13395,75,6300000,0,user_31,772,779,
13693,68,6300000,0,user_47,773,779,
10943,83,6299999,0,user_1,763,779,10450
11197,76,6299999,0,user_10,764,779,10450
11207,77,6299999,0,user_20,764,779,10450
10474,79,6299999,0,user_23,760,779,10450
10475,80,6299999,0,user_23,760,779,10450
10562,78,6299999,0,user_13,761,779,10450
10725,81,6299999,0,user_18,762,779,10450
10729,82,6299999,0,user_24,762,779,10450
12227,87,6100000,8520,user_49,768,779,
13901,64,6099999,0,builder_18,773,773,12227
11001,89,6100000,0,user_44,763,779,
10975,90,6100000,0,user_31,763,779,
10497,88,6100000,0,user_45,760,779,
10585,94,5000000,6390,user_38,761,777,
13902,69,4999999,0,builder_18,773,773,10585
10749,96,5000000,0,user_43,762,777,
11226,97,5000000,0,user_45,764,777,
10445,98,5000000,0,user_4,760,777,
10462,99,5000000,0,user_17,760,777,
10742,87,5000000,0,user_36,762,776,
10748,88,5000000,0,user_41,762,776,
11709,86,5000000,0,user_40,766,776,
13408,93,5000000,0,user_41,772,776,
13903,78,4200001,0,builder_18,773,773,13413
13413,95,4200000,545000,user_45,772,776,
11456,96,4500000,121000,user_46,765,776,
13904,81,4499999,0,builder_18,773,773,11456
13122,99,4500000,0,user_46,771,775,
10448,98,4500000,0,user_6,760,775,
10576,97,4500000,0,user_28,761,775,
11446,96,4500000,0,user_31,765,775,
13686,99,4500000,0,user_37,773,776,
12220,94,4200000,0,user_37,768,774,
11213,96,4200000,0,user_31,764,774,
12215,95,4200000,0,user_30,768,774,
12521,97,4200000,0,user_47,769,774,
13405,91,3600000,0,user_39,772,773,
13905,92,3500001,0,builder_18,773,773,12510
12510,93,3500000,31700,user_39,769,773,
11949,94,3500000,0,user_28,767,773,
11959,95,3200000,0,user_36,767,773,
10575,96,3200000,0,user_27,761,773,
13684,97,3200000,0,user_36,773,773,
13399,98,2600000,0,user_37,772,773,
11954,99,2600000,0,user_33,767,773,
10444,2,43000000,0,user_2,760,779,
14152,1,30000001,0,builder_18,774,774,11448
11448,3,30000000,11200,user_33,765,779,
13118,9,30000000,0,user_41,771,779,
11969,8,30000000,0,user_45,767,779,
10484,6,30000000,0,user_34,760,779,
11457,5,30000000,0,user_47,765,779,
11715,7,30000000,0,user_46,766,779,
13929,10,30000000,0,user_32,774,779,
14153,9,27000001,0,builder_18,774,774,12221
12221,12,27000000,779000,user_37,768,779,
13075,21,27000001,0,user_0,771,779,12221
13091,22,27000001,0,user_15,771,779,12221
13101,23,27000001,0,user_25,771,779,12221
13653,16,27000001,0,user_10,773,779,12221
12494,18,27000001,0,user_20,769,779,12221
12783,20,27000001,0,user_0,770,779,12221
12796,19,27000001,0,user_11,770,779,12221
13921,17,27000001,0,user_20,774,779,12221
13115,31,27000000,0,user_38,771,779,
10988,29,27000000,0,user_40,763,779,
10747,28,27000000,0,user_41,762,779,
11455,27,27000000,0,user_46,765,779,
11710,30,27000000,0,user_42,766,779,
13087,37,26999999,0,user_11,771,779,12221
13099,38,26999999,0,user_23,771,779,12221
13380,39,26999999,0,user_14,772,779,12221
13666,34,26999999,0,user_19,773,779,12221
12482,35,26999999,0,user_11,769,779,12221
12785,36,26999999,0,user_0,770,779,12221
10588,46,19000000,13900,user_43,761,779,
14154,31,18999999,0,builder_18,774,774,10588
13406,51,19000000,0,user_41,772,779,
11960,50,19000000,0,user_38,767,779,
12830,49,19000000,0,user_45,770,779,
13117,52,73000,17700000,user_40,771,779,
14155,36,72999,0,builder_18,774,774,13117
10450,54,6300000,155000,user_8,760,779,
14156,38,6299999,0,builder_18,774,774,10450
14157,39,6300001,0,builder_18,774,774,10986
10986,57,6300000,146000,user_39,763,779,
11192,58,6300001,0,user_3,764,779,10986
11193,60,6300001,0,user_6,764,779,10450
10473,63,6300001,0,user_23,760,779,10450
10476,64,6300001,0,user_23,760,779,10450
10477,65,6300001,0,user_24,760,779,10450
10572,62,6300001,0,user_25,761,779,10450
10569,61,6300001,0,user_20,761,779,10450
11196,59,6300001,0,user_9,764,779,10986
10478,66,6300001,0,user_25,760,779,10450
13395,75,6300000,0,user_31,772,779,
10973,74,6300000,0,user_29,763,779,
11216,69,6300000,0,user_32,764,779,
10453,71,6300000,0,user_12,760,779,
10456,72,6300000,0,user_15,760,779,
10468,70,6300000,0,user_20,760,779,
10740,73,6300000,0,user_34,762,779,
13693,68,6300000,0,user_47,773,779,
11207,77,6299999,0,user_20,764,779,10450
11197,76,6299999,0,user_10,764,779,10450
10474,79,6299999,0,user_23,760,779,10450
10475,80,6299999,0,user_23,760,779,10450
10562,78,6299999,0,user_13,761,779,10450
10725,81,6299999,0,user_18,762,779,10450
10729,82,6299999,0,user_24,762,779,10450
10943,83,6299999,0,user_1,763,779,10450
12227,87,6100000,8520,user_49,768,779,
14158,67,6099999,0,builder_18,774,774,12227
10975,90,6100000,0,user_31,763,779,
11001,89,6100000,0,user_44,763,779,
10497,88,6100000,0,user_45,760,779,
13942,91,6100000,0,user_40,774,779,
13925,95,5200000,285000,user_27,774,779,
14159,73,5199999,0,builder_18,774,774,13925
14160,74,5000001,0,builder_18,774,774,10585
10585,94,5000000,6390,user_38,761,777,
13408,93,5000000,0,user_41,772,776,
11226,97,5000000,0,user_45,764,777,
10462,99,5000000,0,user_17,760,777,
10749,96,5000000,0,user_43,762,777,
10445,98,5000000,0,user_4,760,777,
10742,87,5000000,0,user_36,762,776,
10748,88,5000000,0,user_41,762,776,
11709,86,5000000,0,user_40,766,776,
14161,84,4200001,0,builder_18,774,774,13413
13413,95,4200000,545000,user_45,772,776,
11456,96,4500000,121000,user_46,765,776,
14162,87,4499999,0,builder_18,774,774,11456
13122,99,4500000,0,user_46,771,775,
13686,99,4500000,0,user_37,773,776,
10448,98,4500000,0,user_6,760,775,
10576,97,4500000,0,user_28,761,775,
11446,96,4500000,0,user_31,765,775,
13948,98,4500000,0,user_47,774,776,
12220,94,4200000,0,user_37,768,774,
12215,95,4200000,0,user_30,768,774,
11213,96,4200000,0,user_31,764,774,
12521,97,4200000,0,user_47,769,774,
13951,98,3600000,7840,user_48,774,774,
14163,99,3599999,0,builder_18,774,774,13951
10444,2,43000000,0,user_2,760,779,
14432,1,30000001,0,builder_18,775,775,11448
11448,3,30000000,11200,user_33,765,779,
11457,5,30000000,0,user_47,765,779,
10484,6,30000000,0,user_34,760,779,
11715,7,30000000,0,user_46,766,779,
11969,8,30000000,0,user_45,767,779,
13118,9,30000000,0,user_41,771,779,
13929,10,30000000,0,user_32,774,779,
12221,12,27000000,779000,user_37,768,779,
14433,10,26999999,0,builder_18,775,775,12221
13653,16,27000001,0,user_10,773,779,12221
13921,17,27000001,0,user_20,774,779,12221
12494,18,27000001,0,user_20,769,779,12221
12796,19,27000001,0,user_11,770,779,12221
12783,20,27000001,0,user_0,770,779,12221
13075,21,27000001,0,user_0,771,779,12221
13091,22,27000001,0,user_15,771,779,12221
13101,23,27000001,0,user_25,771,779,12221
14173,24,27000001,0,user_7,775,779,12221
14164,25,27000001,0,user_0,775,779,12221
14171,26,27000001,0,user_5,775,779,12221
11455,27,27000000,0,user_46,765,779,
10747,28,27000000,0,user_41,762,779,
10988,29,27000000,0,user_40,763,779,
11710,30,27000000,0,user_42,766,779,
13115,31,27000000,0,user_38,771,779,
13666,34,26999999,0,user_19,773,779,12221
12482,35,26999999,0,user_11,769,779,12221
12785,36,26999999,0,user_0,770,779,12221
13087,37,26999999,0,user_11,771,779,12221
13099,38,26999999,0,user_23,771,779,12221
13380,39,26999999,0,user_14,772,779,12221
14177,40,26999999,0,user_11,775,779,12221
14178,41,26999999,0,user_12,775,779,12221
14434,35,19000001,0,builder_18,775,775,10588
10588,46,19000000,13900,user_43,761,779,
12830,49,19000000,0,user_45,770,779,
11960,50,19000000,0,user_38,767,779,
13406,51,19000000,0,user_41,772,779,
14435,40,73001,0,builder_18,775,775,13117
13117,52,73000,17700000,user_40,771,779,
14436,42,6300001,0,builder_18,775,775,10450
10450,54,6300000,155000,user_8,760,779,
10986,57,6300000,146000,user_39,763,779,
14437,45,6299999,0,builder_18,775,775,10986
11192,58,6300001,0,user_3,764,779,10986
11196,59,6300001,0,user_9,764,779,10986
11193,60,6300001,0,user_6,764,779,10450
10569,61,6300001,0,user_20,761,779,10450
10572,62,6300001,0,user_25,761,779,10450
10473,63,6300001,0,user_23,760,779,10450
10476,64,6300001,0,user_23,760,779,10450
10477,65,6300001,0,user_24,760,779,10450
10478,66,6300001,0,user_25,760,779,10450
13693,68,6300000,0,user_47,773,779,
11216,69,6300000,0,user_32,764,779,
10468,70,6300000,0,user_20,760,779,
10453,71,6300000,0,user_12,760,779,
10456,72,6300000,0,user_15,760,779,
10740,73,6300000,0,user_34,762,779,
10973,74,6300000,0,user_29,763,779,
13395,75,6300000,0,user_31,772,779,
11197,76,6299999,0,user_10,764,779,10450
11207,77,6299999,0,user_20,764,779,10450
10562,78,6299999,0,user_13,761,779,10450
10474,79,6299999,0,user_23,760,779,10450
10475,80,6299999,0,user_23,760,779,10450
10725,81,6299999,0,user_18,762,779,10450
10729,82,6299999,0,user_24,762,779,10450
10943,83,6299999,0,user_1,763,779,10450
12227,87,6100000,8520,user_49,768,779,
14438,72,6099999,0,builder_18,775,775,12227
10497,88,6100000,0,user_45,760,779,
11001,89,6100000,0,user_44,763,779,
10975,90,6100000,0,user_31,763,779,
13942,91,6100000,0,user_40,774,779,
14439,77,5000001,0,builder_18,775,775,13945
13945,92,5000000,594000,user_43,774,779,
13925,95,5200000,285000,user_27,774,779,
14440,80,5199999,0,builder_18,775,775,13925
14441,81,5000001,0,builder_18,775,775,10585
10585,94,5000000,6390,user_38,761,777,
11226,97,5000000,0,user_45,764,777,
10445,98,5000000,0,user_4,760,777,
10462,99,5000000,0,user_17,760,777,
10748,88,5000000,0,user_41,762,776,
10742,87,5000000,0,user_36,762,776,
10749,96,5000000,0,user_43,762,777,
11709,86,5000000,0,user_40,766,776,
13408,93,5000000,0,user_41,772,776,
13413,95,4200000,545000,user_45,772,776,
14442,92,4199999,0,builder_18,775,775,13413
11456,96,4500000,121000,user_46,765,776,
14443,94,4499999,0,builder_18,775,775,11456
13686,99,4500000,0,user_37,773,776,
11446,96,4500000,0,user_31,765,775,
10576,97,4500000,0,user_28,761,775,
10448,98,4500000,0,user_6,760,775,
13122,99,4500000,0,user_46,771,775,
10444,2,43000000,0,user_2,760,779,
14205,1,43000000,0,user_38,775,779,
11448,3,30000000,11200,user_33,765,779,
14698,3,29999999,0,builder_18,776,776,11448
13929,10,30000000,0,user_32,774,779,
11457,5,30000000,0,user_47,765,779,
11715,7,30000000,0,user_46,766,779,
11969,8,30000000,0,user_45,767,779,
10484,6,30000000,0,user_34,760,779,
13118,9,30000000,0,user_41,771,779,
12221,12,27000000,779000,user_37,768,779,
14699,11,26999999,0,builder_18,776,776,12221
13921,17,27000001,0,user_20,774,779,12221
14171,26,27000001,0,user_5,775,779,12221
13653,16,27000001,0,user_10,773,779,12221
12796,19,27000001,0,user_11,770,779,12221
12783,20,27000001,0,user_0,770,779,12221
13075,21,27000001,0,user_0,771,779,12221
12494,18,27000001,0,user_20,769,779,12221
13091,22,27000001,0,user_15,771,779,12221
13101,23,27000001,0,user_25,771,779,12221
14173,24,27000001,0,user_7,775,779,12221
14164,25,27000001,0,user_0,775,779,12221
14453,15,27000001,0,user_8,776,779,12221
11455,27,27000000,0,user_46,765,779,
11710,30,27000000,0,user_42,766,779,
10747,28,27000000,0,user_41,762,779,
10988,29,27000000,0,user_40,763,779,
13115,31,27000000,0,user_38,771,779,
12785,36,26999999,0,user_0,770,779,12221
13087,37,26999999,0,user_11,771,779,12221
12482,35,26999999,0,user_11,769,779,12221
13099,38,26999999,0,user_23,771,779,12221
13380,39,26999999,0,user_14,772,779,12221
13666,34,26999999,0,user_19,773,779,12221
14178,41,26999999,0,user_12,775,779,12221
14177,40,26999999,0,user_11,775,779,12221
14700,37,19000001,0,builder_18,776,776,10588
10588,46,19000000,13900,user_43,761,779,
12830,49,19000000,0,user_45,770,779,
11960,50,19000000,0,user_38,767,779,
13406,51,19000000,0,user_41,772,779,
13117,52,73000,17700000,user_40,771,779,
14701,43,72999,0,builder_18,776,776,13117
10450,54,6300000,155000,user_8,760,779,
14702,45,6299999,0,builder_18,776,776,10450
10986,57,6300000,146000,user_39,763,779,
14703,47,6299999,0,builder_18,776,776,10986
10572,62,6300001,0,user_25,761,779,10450
10569,61,6300001,0,user_20,761,779,10450
10473,63,6300001,0,user_23,760,779,10450
10476,64,6300001,0,user_23,760,779,10450
10478,66,6300001,0,user_25,760,779,10450
10477,65,6300001,0,user_24,760,779,10450
11192,58,6300001,0,user_3,764,779,10986
11196,59,6300001,0,user_9,764,779,10986
11193,60,6300001,0,user_6,764,779,10450
13693,68,6300000,0,user_47,773,779,
10740,73,6300000,0,user_34,762,779,
10468,70,6300000,0,user_20,760,779,
10453,71,6300000,0,user_12,760,779,
10456,72,6300000,0,user_15,760,779,
10973,74,6300000,0,user_29,763,779,
11216,69,6300000,0,user_32,764,779,
13395,75,6300000,0,user_31,772,779,
10725,81,6299999,0,user_18,762,779,10450
10729,82,6299999,0,user_24,762,779,10450
10943,83,6299999,0,user_1,763,779,10450
10562,78,6299999,0,user_13,761,779,10450
10474,79,6299999,0,user_23,760,779,10450
10475,80,6299999,0,user_23,760,779,10450
11197,76,6299999,0,user_10,764,779,10450
11207,77,6299999,0,user_20,764,779,10450
12227,87,6100000,8520,user_49,768,779,
14704,74,6099999,0,builder_18,776,776,12227
13942,91,6100000,0,user_40,774,779,
11001,89,6100000,0,user_44,763,779,
10497,88,6100000,0,user_45,760,779,
10975,90,6100000,0,user_31,763,779,
14705,79,5000001,0,builder_18,776,776,13945
13945,92,5000000,594000,user_43,774,779,
14706,81,5200001,0,builder_18,776,776,13925
13925,95,5200000,285000,user_27,774,779,
14481,99,5200000,0,user_45,776,779,
10585,94,5000000,6390,user_38,761,777,
14707,85,4999999,0,builder_18,776,776,10585
11709,86,5000000,0,user_40,766,776,
10742,87,5000000,0,user_36,762,776,
10748,88,5000000,0,user_41,762,776,
10749,96,5000000,0,user_43,762,777,
10445,98,5000000,0,user_4,760,777,
10462,99,5000000,0,user_17,760,777,
11226,97,5000000,0,user_45,764,777,
13408,93,5000000,0,user_41,772,776,
14708,94,4200001,0,builder_18,776,776,13413
13413,95,4200000,545000,user_45,772,776,
11456,96,4500000,121000,user_46,765,776,
14709,97,4499999,0,builder_18,776,776,11456
13948,98,4500000,0,user_47,774,776,
13686,99,4500000,0,user_37,773,776,
14205,1,43000000,0,user_38,775,779,
10444,2,43000000,0,user_2,760,779,
14754,0,43000000,0,user_39,777,779,
14955,3,30000001,0,builder_18,777,777,11448
11448,3,30000000,11200,user_33,765,779,
13929,10,30000000,0,user_32,774,779,
13118,9,30000000,0,user_41,771,779,
11969,8,30000000,0,user_45,767,779,
10484,6,30000000,0,user_34,760,779,
11457,5,30000000,0,user_47,765,779,
11715,7,30000000,0,user_46,766,779,
12221,12,27000000,779000,user_37,768,779,
14956,12,26999999,0,builder_18,777,777,12221
14164,25,27000001,0,user_0,775,779,12221
14173,24,27000001,0,user_7,775,779,12221
14171,26,27000001,0,user_5,775,779,12221
13921,17,27000001,0,user_20,774,779,12221
12783,20,27000001,0,user_0,770,779,12221
12796,19,27000001,0,user_11,770,779,12221
13075,21,27000001,0,user_0,771,779,12221
13091,22,27000001,0,user_15,771,779,12221
13101,23,27000001,0,user_25,771,779,12221
12494,18,27000001,0,user_20,769,779,12221
13653,16,27000001,0,user_10,773,779,12221
14453,15,27000001,0,user_8,776,779,12221
14711,14,27000001,0,user_1,777,779,12221
14731,13,27000001,0,user_17,777,779,12221
13115,31,27000000,0,user_38,771,779,
10988,29,27000000,0,user_40,763,779,
10747,28,27000000,0,user_41,762,779,
11455,27,27000000,0,user_46,765,779,
11710,30,27000000,0,user_42,766,779,
14177,40,26999999,0,user_11,775,779,12221
14178,41,26999999,0,user_12,775,779,12221
12785,36,26999999,0,user_0,770,779,12221
13087,37,26999999,0,user_11,771,779,12221
13099,38,26999999,0,user_23,771,779,12221
12482,35,26999999,0,user_11,769,779,12221
13380,39,26999999,0,user_14,772,779,12221
13666,34,26999999,0,user_19,773,779,12221
14719,33,26999999,0,user_7,777,779,12221
10588,46,19000000,13900,user_43,761,779,
14957,42,18999999,0,builder_18,777,777,10588
12830,49,19000000,0,user_45,770,779,
11960,50,19000000,0,user_38,767,779,
13406,51,19000000,0,user_41,772,779,
14488,48,19000000,0,user_49,776,779,
13117,52,73000,17700000,user_40,771,779,
14958,48,72999,0,builder_18,777,777,13117
14959,49,6300001,0,builder_18,777,777,10450
10450,54,6300000,155000,user_8,760,779,
10986,57,6300000,146000,user_39,763,779,
14960,52,6299999,0,builder_18,777,777,10986
10473,63,6300001,0,user_23,760,779,10450
10476,64,6300001,0,user_23,760,779,10450
10477,65,6300001,0,user_24,760,779,10450
10478,66,6300001,0,user_25,760,779,10450
10569,61,6300001,0,user_20,761,779,10450
10572,62,6300001,0,user_25,761,779,10450
11192,58,6300001,0,user_3,764,779,10986
11193,60,6300001,0,user_6,764,779,10450
11196,59,6300001,0,user_9,764,779,10986
13693,68,6300000,0,user_47,773,779,
10973,74,6300000,0,user_29,763,779,
10453,71,6300000,0,user_12,760,779,
10468,70,6300000,0,user_20,760,779,
10456,72,6300000,0,user_15,760,779,
10740,73,6300000,0,user_34,762,779,
11216,69,6300000,0,user_32,764,779,
13395,75,6300000,0,user_31,772,779,
14746,67,6300000,0,user_33,777,779,
10943,83,6299999,0,user_1,763,779,10450
11197,76,6299999,0,user_10,764,779,10450
11207,77,6299999,0,user_20,764,779,10450
10474,79,6299999,0,user_23,760,779,10450
10475,80,6299999,0,user_23,760,779,10450
10562,78,6299999,0,user_13,761,779,10450
10725,81,6299999,0,user_18,762,779,10450
10729,82,6299999,0,user_24,762,779,10450
14765,85,5200000,959000,user_46,777,779,
14961,80,5199999,0,builder_18,777,777,14765
12227,87,6100000,8520,user_49,768,779,
14962,82,6099999,0,builder_18,777,777,12227
13942,91,6100000,0,user_40,774,779,
11001,89,6100000,0,user_44,763,779,
10975,90,6100000,0,user_31,763,779,
10497,88,6100000,0,user_45,760,779,
14963,87,5000001,0,builder_18,777,777,13945
13945,92,5000000,594000,user_43,774,779,
14964,89,5200001,0,builder_18,777,777,13925
13925,95,5200000,285000,user_27,774,779,
14481,99,5200000,0,user_45,776,779,
14757,97,5000000,68100,user_41,777,778,
14965,93,4999999,0,builder_18,777,777,14757
10585,94,5000000,6390,user_38,761,777,
14966,95,4999999,0,builder_18,777,777,10585
10749,96,5000000,0,user_43,762,777,
11226,97,5000000,0,user_45,764,777,
10445,98,5000000,0,user_4,760,777,
10462,99,5000000,0,user_17,760,777,
14205,1,43000000,0,user_38,775,779,
10444,2,43000000,0,user_2,760,779,
14754,0,43000000,0,user_39,777,779,
11448,3,30000000,11200,user_33,765,779,
15232,4,29999999,0,builder_18,778,778,11448
13118,9,30000000,0,user_41,771,779,
11969,8,30000000,0,user_45,767,779,
10484,6,30000000,0,user_34,760,779,
11457,5,30000000,0,user_47,765,779,
11715,7,30000000,0,user_46,766,779,
13929,10,30000000,0,user_32,774,779,
15233,11,27000001,0,builder_18,778,778,12221
12221,12,27000000,779000,user_37,768,779,
14173,24,27000001,0,user_7,775,779,12221
14164,25,27000001,0,user_0,775,779,12221
14171,26,27000001,0,user_5,775,779,12221
14453,15,27000001,0,user_8,776,779,12221
14711,14,27000001,0,user_1,777,779,12221
13075,21,27000001,0,user_0,771,779,12221
13091,22,27000001,0,user_15,771,779,12221
13101,23,27000001,0,user_25,771,779,12221
13653,16,27000001,0,user_10,773,779,12221
12494,18,27000001,0,user_20,769,779,12221
12783,20,27000001,0,user_0,770,779,12221
12796,19,27000001,0,user_11,770,779,12221
13921,17,27000001,0,user_20,774,779,12221
14731,13,27000001,0,user_17,777,779,12221
13115,31,27000000,0,user_38,771,779,
10988,29,27000000,0,user_40,763,779,
10747,28,27000000,0,user_41,762,779,
11455,27,27000000,0,user_46,765,779,
11710,30,27000000,0,user_42,766,779,
14178,41,26999999,0,user_12,775,779,12221
14177,40,26999999,0,user_11,775,779,12221
14719,33,26999999,0,user_7,777,779,12221
13087,37,26999999,0,user_11,771,779,12221
13099,38,26999999,0,user_23,771,779,12221
13380,39,26999999,0,user_14,772,779,12221
13666,34,26999999,0,user_19,773,779,12221
12482,35,26999999,0,user_11,769,779,12221
12785,36,26999999,0,user_0,770,779,12221
10588,46,19000000,13900,user_43,761,779,
15234,42,18999999,0,builder_18,778,778,10588
14488,48,19000000,0,user_49,776,779,
13406,51,19000000,0,user_41,772,779,
11960,50,19000000,0,user_38,767,779,
12830,49,19000000,0,user_45,770,779,
15235,47,73001,0,builder_18,778,778,13117
13117,52,73000,17700000,user_40,771,779,
10450,54,6300000,155000,user_8,760,779,
15236,50,6299999,0,builder_18,778,778,10450
15237,51,6300001,0,builder_18,778,778,10986
10986,57,6300000,146000,user_39,763,779,
11192,58,6300001,0,user_3,764,779,10986
11193,60,6300001,0,user_6,764,779,10450
10473,63,6300001,0,user_23,760,779,10450
10476,64,6300001,0,user_23,760,779,10450
10477,65,6300001,0,user_24,760,779,10450
10572,62,6300001,0,user_25,761,779,10450
10569,61,6300001,0,user_20,761,779,10450
11196,59,6300001,0,user_9,764,779,10986
10478,66,6300001,0,user_25,760,779,10450
13395,75,6300000,0,user_31,772,779,
10973,74,6300000,0,user_29,763,779,
11216,69,6300000,0,user_32,764,779,
10453,71,6300000,0,user_12,760,779,
10456,72,6300000,0,user_15,760,779,
10468,70,6300000,0,user_20,760,779,
10740,73,6300000,0,user_34,762,779,
13693,68,6300000,0,user_47,773,779,
14746,67,6300000,0,user_33,777,779,
11207,77,6299999,0,user_20,764,779,10450
11197,76,6299999,0,user_10,764,779,10450
10474,79,6299999,0,user_23,760,779,10450
10475,80,6299999,0,user_23,760,779,10450
10562,78,6299999,0,user_13,761,779,10450
10725,81,6299999,0,user_18,762,779,10450
10729,82,6299999,0,user_24,762,779,10450
10943,83,6299999,0,user_1,763,779,10450
15238,79,5200001,0,builder_18,778,778,14765
14765,85,5200000,959000,user_46,777,779,
15239,81,6100001,0,builder_18,778,778,12227
12227,87,6100000,8520,user_49,768,779,
10975,90,6100000,0,user_31,763,779,
11001,89,6100000,0,user_44,763,779,
10497,88,6100000,0,user_45,760,779,
13942,91,6100000,0,user_40,774,779,
15240,87,5000001,0,builder_18,778,778,13945
13945,92,5000000,594000,user_43,774,779,
13925,95,5200000,285000,user_27,774,779,
15241,90,5199999,0,builder_18,778,778,13925
14982,96,5200001,0,user_14,778,779,14765
14976,97,5200001,0,user_9,778,779,14765
14481,99,5200000,0,user_45,776,779,
14970,94,5199999,0,user_1,778,778,14765
14974,95,5199999,0,user_7,778,778,14765
14986,96,5199999,0,user_20,778,778,14765
14757,97,5000000,68100,user_41,777,778,
15242,98,4999999,0,builder_18,778,778,14757
15243,99,5000001,0,builder_18,778,778,10585
14754,0,43000000,0,user_39,777,779,
14205,1,43000000,0,user_38,775,779,
10444,2,43000000,0,user_2,760,779,
11448,3,30000000,11200,user_33,765,779,
15498,4,29999999,0,builder_18,779,779,11448
11457,5,30000000,0,user_47,765,779,
10484,6,30000000,0,user_34,760,779,
11715,7,30000000,0,user_46,766,779,
11969,8,30000000,0,user_45,767,779,
13118,9,30000000,0,user_41,771,779,
13929,10,30000000,0,user_32,774,779,
15499,11,27000001,0,builder_18,779,779,12221
12221,12,27000000,779000,user_37,768,779,
14731,13,27000001,0,user_17,777,779,12221
14711,14,27000001,0,user_1,777,779,12221
14453,15,27000001,0,user_8,776,779,12221
13653,16,27000001,0,user_10,773,779,12221
13921,17,27000001,0,user_20,774,779,12221
12494,18,27000001,0,user_20,769,779,12221
12796,19,27000001,0,user_11,770,779,12221
12783,20,27000001,0,user_0,770,779,12221
13075,21,27000001,0,user_0,771,779,12221
13091,22,27000001,0,user_15,771,779,12221
13101,23,27000001,0,user_25,771,779,12221
14173,24,27000001,0,user_7,775,779,12221
14164,25,27000001,0,user_0,775,779,12221
14171,26,27000001,0,user_5,775,779,12221
11455,27,27000000,0,user_46,765,779,
10747,28,27000000,0,user_41,762,779,
10988,29,27000000,0,user_40,763,779,
11710,30,27000000,0,user_42,766,779,
13115,31,27000000,0,user_38,771,779,
15285,32,27000000,0,user_34,779,779,
14719,33,26999999,0,user_7,777,779,12221
13666,34,26999999,0,user_19,773,779,12221
12482,35,26999999,0,user_11,769,779,12221
12785,36,26999999,0,user_0,770,779,12221
13087,37,26999999,0,user_11,771,779,12221
13099,38,26999999,0,user_23,771,779,12221
13380,39,26999999,0,user_14,772,779,12221
14177,40,26999999,0,user_11,775,779,12221
14178,41,26999999,0,user_12,775,779,12221
15256,42,26999999,0,user_9,779,779,12221
15257,43,26999999,0,user_9,779,779,12221
15293,44,19000000,283000,user_42,779,779,
15500,45,18999999,0,builder_18,779,779,15293
10588,46,19000000,13900,user_43,761,779,
15501,47,18999999,0,builder_18,779,779,10588
14488,48,19000000,0,user_49,776,779,
12830,49,19000000,0,user_45,770,779,
11960,50,19000000,0,user_38,767,779,
13406,51,19000000,0,user_41,772,779,
13117,52,73000,17700000,user_40,771,779,
15502,53,72999,0,builder_18,779,779,13117
10450,54,6300000,155000,user_8,760,779,
15503,55,6299999,0,builder_18,779,779,10450
15504,56,6300001,0,builder_18,779,779,10986
10986,57,6300000,146000,user_39,763,779,
11192,58,6300001,0,user_3,764,779,10986
11196,59,6300001,0,user_9,764,779,10986
11193,60,6300001,0,user_6,764,779,10450
10569,61,6300001,0,user_20,761,779,10450
10572,62,6300001,0,user_25,761,779,10450
10473,63,6300001,0,user_23,760,779,10450
10476,64,6300001,0,user_23,760,779,10450
10477,65,6300001,0,user_24,760,779,10450
10478,66,6300001,0,user_25,760,779,10450
14746,67,6300000,0,user_33,777,779,
13693,68,6300000,0,user_47,773,779,
11216,69,6300000,0,user_32,764,779,
10468,70,6300000,0,user_20,760,779,
10453,71,6300000,0,user_12,760,779,
10456,72,6300000,0,user_15,760,779,
10740,73,6300000,0,user_34,762,779,
10973,74,6300000,0,user_29,763,779,
13395,75,6300000,0,user_31,772,779,
11197,76,6299999,0,user_10,764,779,10450
11207,77,6299999,0,user_20,764,779,10450
10562,78,6299999,0,user_13,761,779,10450
10474,79,6299999,0,user_23,760,779,10450
10475,80,6299999,0,user_23,760,779,10450
10725,81,6299999,0,user_18,762,779,10450
10729,82,6299999,0,user_24,762,779,10450
10943,83,6299999,0,user_1,763,779,10450
15505,84,5200001,0,builder_18,779,779,14765
14765,85,5200000,959000,user_46,777,779,
15506,86,6100001,0,builder_18,779,779,12227
12227,87,6100000,8520,user_49,768,779,
10497,88,6100000,0,user_45,760,779,
11001,89,6100000,0,user_44,763,779,
10975,90,6100000,0,user_31,763,779,
13942,91,6100000,0,user_40,774,779,
13945,92,5000000,594000,user_43,774,779,
15507,93,4999999,0,builder_18,779,779,13945
15508,94,5200001,0,builder_18,779,779,13925
13925,95,5200000,285000,user_27,774,779,
14982,96,5200001,0,user_14,778,779,14765
14976,97,5200001,0,user_9,778,779,14765
15245,98,5200001,0,user_3,779,779,14765
14481,99,5200000,0,user_45,776,779,
15543,86,3200000,17700000,user_39,780,791,
15604,1,3199999,0,builder_15,780,780,15543
15511,84,5200000,181000,user_1,780,790,
15605,3,5199999,0,builder_15,780,780,15511
15526,95,5200001,0,user_12,780,790,15511
15532,98,5200001,0,user_19,780,790,15511
15530,96,5200001,0,user_15,780,790,15511
15517,97,5200001,0,user_6,780,790,15511
15537,99,5200001,0,user_26,780,790,15511
15527,83,5199999,0,user_12,780,789,15511
15519,84,5199999,0,user_7,780,789,15511
15520,85,5199999,0,user_7,780,789,15511
15533,80,5199999,0,user_19,780,789,15511
15531,86,5199999,0,user_15,780,789,15511
15518,81,5199999,0,user_6,780,789,15511
15534,82,5199999,0,user_22,780,789,15511
15541,85,2600000,0,user_37,780,785,
15544,91,2000000,15100,user_40,780,785,
15606,18,1999999,0,builder_15,780,780,15544
15553,94,2000000,0,user_44,780,785,
15557,97,1900000,0,user_47,780,785,
15556,93,1500000,0,user_47,780,784,
15559,95,1300000,13800,user_47,780,784,
15607,23,1299999,0,builder_15,780,780,15559
15560,82,1000000,0,user_48,780,782,
15525,86,910000,0,user_11,780,782,
15515,87,870000,0,user_4,780,782,
15535,89,670000,0,user_23,780,782,
15524,88,670000,0,user_10,780,782,
15523,92,470000,0,user_10,780,782,
15510,96,460000,0,user_1,780,782,
15522,93,460000,0,user_9,780,782,
15550,94,460000,0,user_44,780,782,
15552,97,420000,18600,user_44,780,782,
15608,34,419999,0,builder_15,780,780,15552
15558,64,420000,0,user_47,780,781,
15514,70,300000,0,user_1,780,781,
15516,71,260000,0,user_5,780,781,
15609,38,150001,0,builder_15,780,780,15549
15549,73,150000,75000,user_44,780,781,
15529,74,220000,0,user_14,780,781,
15610,41,170001,0,builder_15,780,780,15528
15528,42,170000,24700,user_13,780,780,
15512,76,190000,0,user_1,780,781,
15509,80,170000,0,user_0,780,781,
15513,83,160000,0,user_1,780,781,
15554,84,160000,0,user_45,780,781,
15551,96,120000,0,user_44,780,781,
15536,97,110000,0,user_24,780,781,
15521,49,98000,0,user_8,780,780,
15555,50,80000,0,user_47,780,780,
15545,51,77000,0,user_40,780,780,
15679,9,43000000,0,user_47,781,799,
15812,1,3200001,0,builder_15,781,781,15543
15543,86,3200000,17700000,user_39,780,791,
15676,93,6300000,0,user_45,781,791,
15677,94,6300000,0,user_45,781,791,
15813,5,5200001,0,builder_15,781,781,15511
15511,84,5200000,181000,user_1,780,790,
15526,95,5200001,0,user_12,780,790,15511
15532,98,5200001,0,user_19,780,790,15511
15517,97,5200001,0,user_6,780,790,15511
15530,96,5200001,0,user_15,780,790,15511
15537,99,5200001,0,user_26,780,790,15511
15645,64,5200001,0,user_13,781,789,15511
15654,94,5200001,0,user_18,781,790,15511
15519,84,5199999,0,user_7,780,789,15511
15520,85,5199999,0,user_7,780,789,15511
15527,83,5199999,0,user_12,780,789,15511
15533,80,5199999,0,user_19,780,789,15511
15518,81,5199999,0,user_6,780,789,15511
15531,86,5199999,0,user_15,780,789,15511
15534,82,5199999,0,user_22,780,789,15511
15641,88,5199999,0,user_11,781,789,15511
15647,89,5199999,0,user_14,781,789,15511
15651,78,5199999,0,user_18,781,789,15511
15665,96,4500000,0,user_31,781,789,
15666,78,3600000,0,user_32,781,787,
15664,79,3500000,0,user_31,781,787,
15643,92,3200001,0,user_11,781,787,15543
15629,83,3200001,0,user_1,781,787,15543
15634,90,3200001,0,user_7,781,787,15543
15636,91,3200001,0,user_7,781,787,15543
15632,84,3200001,0,user_5,781,787,15543
15640,72,3199999,0,user_11,781,785,15543
15630,71,3199999,0,user_2,781,785,15543
15644,76,3199999,0,user_13,781,785,15543
15635,73,3199999,0,user_7,781,785,15543
15656,69,3199999,0,user_19,781,785,15543
15639,74,3199999,0,user_10,781,785,15543
15649,70,3199999,0,user_15,781,785,15543
15541,85,2600000,0,user_37,780,785,
15539,84,2600000,0,user_29,780,785,
15542,90,2100000,0,user_38,780,785,
15814,42,2000001,0,builder_15,781,781,15544
15544,91,2000000,15100,user_40,780,785,
15627,93,2000001,0,user_0,781,785,15544
15553,94,2000000,0,user_44,780,785,
15557,97,1900000,0,user_47,780,785,
15556,93,1500000,0,user_47,780,784,
15559,95,1300000,13800,user_47,780,784,
15815,49,1299999,0,builder_15,781,781,15559
15560,82,1000000,0,user_48,780,782,
15525,86,910000,0,user_11,780,782,
15515,87,870000,0,user_4,780,782,
15535,89,670000,0,user_23,780,782,
15524,88,670000,0,user_10,780,782,
15523,92,470000,0,user_10,780,782,
15510,96,460000,0,user_1,780,782,
15547,95,460000,0,user_41,780,782,
15550,94,460000,0,user_44,780,782,
15522,93,460000,0,user_9,780,782,
15552,97,420000,18600,user_44,780,782,
15816,61,419999,0,builder_15,781,781,15552
15637,99,420001,0,user_7,781,782,15552
15660,63,420001,0,user_25,781,781,15552
15558,64,420000,0,user_47,780,781,
15642,65,419999,0,user_11,781,781,15552
15661,66,419999,0,user_25,781,781,15552
15817,67,360001,0,builder_15,781,781,15671
15671,68,360000,56200,user_39,781,781,
15540,69,340000,0,user_34,780,781,
15514,70,300000,0,user_1,780,781,
15516,71,260000,0,user_5,780,781,
15818,72,150001,0,builder_15,781,781,15549
15549,73,150000,75000,user_44,780,781,
15529,74,220000,0,user_14,780,781,
15561,75,220000,0,user_49,780,781,
15512,76,190000,0,user_1,780,781,
15658,77,170001,0,user_21,781,781,15528
15659,78,170001,0,user_24,781,781,15528
15648,79,170001,0,user_15,781,781,15528
15509,80,170000,0,user_0,780,781,
15663,81,150000,14200,user_30,781,781,
15819,82,149999,0,builder_15,781,781,15663
15513,83,160000,0,user_1,780,781,
15554,84,160000,0,user_45,780,781,
15631,85,150001,0,user_4,781,781,15549
15652,86,150001,0,user_18,781,781,15549
15655,87,150001,0,user_18,781,781,15549
15628,88,150001,0,user_0,781,781,15549
15667,89,150000,0,user_32,781,781,
15646,90,149999,0,user_14,781,781,15549
15650,91,149999,0,user_16,781,781,15549
15653,92,149999,0,user_18,781,781,15549
15548,93,130000,18600,user_43,780,781,
15820,94,129999,0,builder_15,781,781,15548
15638,95,129999,0,user_8,781,781,15548
15551,96,120000,0,user_44,780,781,
15536,97,110000,0,user_24,780,781,
15546,98,110000,0,user_41,780,781,
15538,99,110000,0,user_27,780,781,
15679,9,43000000,0,user_47,781,799,
15902,6,43000000,0,user_45,782,799,
16036,2,3200001,0,builder_15,782,782,15543
15543,86,3200000,17700000,user_39,780,791,
15676,93,6300000,0,user_45,781,791,
15677,94,6300000,0,user_45,781,791,
15900,96,6100000,0,user_40,782,791,
16037,7,5200001,0,builder_15,782,782,15511
15511,84,5200000,181000,user_1,780,790,
15532,98,5200001,0,user_19,780,790,15511
15517,97,5200001,0,user_6,780,790,15511
15530,96,5200001,0,user_15,780,790,15511
15537,99,5200001,0,user_26,780,790,15511
15526,95,5200001,0,user_12,780,790,15511
15654,94,5200001,0,user_18,781,790,15511
15866,93,5200001,0,user_10,782,790,15511
15903,66,5200000,0,user_45,782,789,
15647,89,5199999,0,user_14,781,789,15511
15519,84,5199999,0,user_7,780,789,15511
15520,85,5199999,0,user_7,780,789,15511
15533,80,5199999,0,user_19,780,789,15511
15518,81,5199999,0,user_6,780,789,15511
15531,86,5199999,0,user_15,780,789,15511
15534,82,5199999,0,user_22,780,789,15511
15641,88,5199999,0,user_11,781,789,15511
15527,83,5199999,0,user_12,780,789,15511
15651,78,5199999,0,user_18,781,789,15511
15863,79,5199999,0,user_10,782,789,15511
15895,91,5000000,0,user_36,782,789,
15665,96,4500000,0,user_31,781,789,
15666,78,3600000,0,user_32,781,787,
15664,79,3500000,0,user_31,781,787,
15629,83,3200001,0,user_1,781,787,15543
15634,90,3200001,0,user_7,781,787,15543
15636,91,3200001,0,user_7,781,787,15543
15632,84,3200001,0,user_5,781,787,15543
15633,93,3200001,0,user_6,781,787,15543
15643,92,3200001,0,user_11,781,787,15543
15854,94,3200001,0,user_1,782,787,15543
15859,85,3200001,0,user_5,782,787,15543
15865,86,3200001,0,user_10,782,787,15543
15630,71,3199999,0,user_2,781,785,15543
15635,73,3199999,0,user_7,781,785,15543
15656,69,3199999,0,user_19,781,785,15543
15639,74,3199999,0,user_10,781,785,15543
15657,94,3199999,0,user_20,781,786,15543
15649,70,3199999,0,user_15,781,785,15543
15640,72,3199999,0,user_11,781,785,15543
15857,95,3199999,0,user_3,782,786,15543
15861,96,3199999,0,user_7,782,786,15543
15874,99,3199999,0,user_18,782,786,15543
15878,97,3199999,0,user_21,782,786,15543
15879,98,3199999,0,user_21,782,786,15543
15881,81,3199999,0,user_24,782,785,15543
15539,84,2600000,0,user_29,780,785,
15541,85,2600000,0,user_37,780,785,
15542,90,2100000,0,user_38,780,785,
15544,91,2000000,15100,user_40,780,785,
16038,58,1999999,0,builder_15,782,782,15544
15627,93,2000001,0,user_0,781,785,15544
15553,94,2000000,0,user_44,780,785,
15557,97,1900000,0,user_47,780,785,
15898,99,1700000,0,user_39,782,785,
15896,90,1600000,0,user_37,782,784,
15556,93,1500000,0,user_47,780,784,
15559,95,1300000,13800,user_47,780,784,
16039,66,1299999,0,builder_15,782,782,15559
15907,82,1200000,0,user_48,782,783,
15891,84,1100000,0,user_32,782,783,
16040,69,1000001,0,builder_15,782,782,15673
15673,86,1000000,66100,user_42,781,783,
16041,71,1000001,0,builder_15,782,782,15888
15888,88,1000000,3130,user_32,782,783,
15855,99,1000001,0,user_1,782,783,15673
15870,91,1000001,0,user_14,782,783,15673
15877,92,1000001,0,user_21,782,783,15673
15882,95,1000001,0,user_25,782,783,15673
15875,90,1000001,0,user_19,782,783,15673
15880,94,1000001,0,user_23,782,783,15673
15864,93,1000001,0,user_10,782,783,15673
15862,97,1000001,0,user_9,782,783,15673
15883,96,1000001,0,user_26,782,783,15673
15560,82,1000000,0,user_48,780,782,
15867,83,999999,0,user_11,782,782,15673
15873,84,999999,0,user_17,782,782,15673
15871,85,999999,0,user_15,782,782,15673
15525,86,910000,0,user_11,780,782,
15515,87,870000,0,user_4,780,782,
15524,88,670000,0,user_10,780,782,
15535,89,670000,0,user_23,780,782,
16042,90,190001,0,builder_15,782,782,15670
15670,91,190000,381000,user_38,781,782,
15523,92,470000,0,user_10,780,782,
15522,93,460000,0,user_9,780,782,
15550,94,460000,0,user_44,780,782,
15547,95,460000,0,user_41,780,782,
15510,96,460000,0,user_1,780,782,
15552,97,420000,18600,user_44,780,782,
16043,98,419999,0,builder_15,782,782,15552
15637,99,420001,0,user_7,781,782,15552
15902,6,43000000,0,user_45,782,799,
15679,9,43000000,0,user_47,781,799,
16205,2,3200001,0,builder_15,783,783,15543
15543,86,3200000,17700000,user_39,780,791,
15676,93,6300000,0,user_45,781,791,
15677,94,6300000,0,user_45,781,791,
15900,96,6100000,0,user_40,782,791,
16111,97,6100000,0,user_45,783,791,
15511,84,5200000,181000,user_1,780,790,
16206,9,5199999,0,builder_15,783,783,15511
15866,93,5200001,0,user_10,782,790,15511
15645,64,5200001,0,user_13,781,789,15511
15654,94,5200001,0,user_18,781,790,15511
15526,95,5200001,0,user_12,780,790,15511
15532,98,5200001,0,user_19,780,790,15511
15517,97,5200001,0,user_6,780,790,15511
15530,96,5200001,0,user_15,780,790,15511
15537,99,5200001,0,user_26,780,790,15511
15903,66,5200000,0,user_45,782,789,
16087,67,5200000,0,user_28,783,789,
15863,79,5199999,0,user_10,782,789,15511
15641,88,5199999,0,user_11,781,789,15511
15647,89,5199999,0,user_14,781,789,15511
15651,78,5199999,0,user_18,781,789,15511
15527,83,5199999,0,user_12,780,789,15511
15519,84,5199999,0,user_7,780,789,15511
15520,85,5199999,0,user_7,780,789,15511
15533,80,5199999,0,user_19,780,789,15511
15518,81,5199999,0,user_6,780,789,15511
15531,86,5199999,0,user_15,780,789,15511
15534,82,5199999,0,user_22,780,789,15511
15895,91,5000000,0,user_36,782,789,
15665,96,4500000,0,user_31,781,789,
16101,97,4500000,0,user_37,783,789,
15666,78,3600000,0,user_32,781,787,
15664,79,3500000,0,user_31,781,787,
15865,86,3200001,0,user_10,782,787,15543
15633,93,3200001,0,user_6,781,787,15543
15643,92,3200001,0,user_11,781,787,15543
15634,90,3200001,0,user_7,781,787,15543
15636,91,3200001,0,user_7,781,787,15543
15854,94,3200001,0,user_1,782,787,15543
15859,85,3200001,0,user_5,782,787,15543
16077,87,3200001,0,user_16,783,787,15543
15629,83,3200001,0,user_1,781,787,15543
15632,84,3200001,0,user_5,781,787,15543
15861,96,3199999,0,user_7,782,786,15543
15857,95,3199999,0,user_3,782,786,15543
15878,97,3199999,0,user_21,782,786,15543
15879,98,3199999,0,user_21,782,786,15543
15874,99,3199999,0,user_18,782,786,15543
15881,81,3199999,0,user_24,782,785,15543
16066,82,3199999,0,user_1,783,785,15543
15640,72,3199999,0,user_11,781,785,15543
15635,73,3199999,0,user_7,781,785,15543
15639,74,3199999,0,user_10,781,785,15543
15657,94,3199999,0,user_20,781,786,15543
15644,76,3199999,0,user_13,781,785,15543
16078,68,3199999,0,user_17,783,785,15543
15630,71,3199999,0,user_2,781,785,15543
15656,69,3199999,0,user_19,781,785,15543
15649,70,3199999,0,user_15,781,785,15543
15541,85,2600000,0,user_37,780,785,
15539,84,2600000,0,user_29,780,785,
16097,89,2300000,0,user_35,783,785,
15542,90,2100000,0,user_38,780,785,
15544,91,2000000,15100,user_40,780,785,
16207,67,1999999,0,builder_15,783,783,15544
15627,93,2000001,0,user_0,781,785,15544
15553,94,2000000,0,user_44,780,785,
16100,96,1900000,0,user_36,783,785,
15557,97,1900000,0,user_47,780,785,
15898,99,1700000,0,user_39,782,785,
16113,98,1700000,0,user_47,783,785,
15896,90,1600000,0,user_37,782,784,
16096,92,1500000,0,user_33,783,784,
15556,93,1500000,0,user_47,780,784,
15559,95,1300000,13800,user_47,780,784,
16208,78,1299999,0,builder_15,783,783,15559
15904,97,1300000,0,user_46,782,784,
16098,98,1300000,0,user_35,783,784,
16103,99,1300000,0,user_39,783,784,
15907,82,1200000,0,user_48,782,783,
16108,83,1200000,0,user_40,783,783,
15891,84,1100000,0,user_32,782,783,
16106,85,1100000,0,user_39,783,783,
15673,86,1000000,66100,user_42,781,783,
16209,87,999999,0,builder_15,783,783,15673
15888,88,1000000,3130,user_32,782,783,
16210,89,999999,0,builder_15,783,783,15888
15875,90,1000001,0,user_19,782,783,15673
15870,91,1000001,0,user_14,782,783,15673
15877,92,1000001,0,user_21,782,783,15673
15864,93,1000001,0,user_10,782,783,15673
15880,94,1000001,0,user_23,782,783,15673
15882,95,1000001,0,user_25,782,783,15673
15883,96,1000001,0,user_26,782,783,15673
15862,97,1000001,0,user_9,782,783,15673
16068,98,1000001,0,user_4,783,783,15673
15855,99,1000001,0,user_1,782,783,15673
15902,6,43000000,0,user_45,782,799,
15679,9,43000000,0,user_47,781,799,
16112,94,27000000,0,user_46,783,792,
15543,86,3200000,17700000,user_39,780,791,
16386,4,3199999,0,builder_15,784,784,15543
16387,5,6300001,0,builder_15,784,784,16282
16282,91,6300000,5630,user_32,784,791,
15676,93,6300000,0,user_45,781,791,
15677,94,6300000,0,user_45,781,791,
16111,97,6100000,0,user_45,783,791,
15900,96,6100000,0,user_40,782,791,
16388,11,5200001,0,builder_15,784,784,15511
15511,84,5200000,181000,user_1,780,790,
15866,93,5200001,0,user_10,782,790,15511
16263,85,5200001,0,user_17,784,790,15511
16264,86,5200001,0,user_18,784,790,15511
15654,94,5200001,0,user_18,781,790,15511
15517,97,5200001,0,user_6,780,790,15511
15537,99,5200001,0,user_26,780,790,15511
15532,98,5200001,0,user_19,780,790,15511
15530,96,5200001,0,user_15,780,790,15511
15526,95,5200001,0,user_12,780,790,15511
15645,64,5200001,0,user_13,781,789,15511
15903,66,5200000,0,user_45,782,789,
16087,67,5200000,0,user_28,783,789,
16299,65,5200000,0,user_48,784,789,
15641,88,5199999,0,user_11,781,789,15511
15863,79,5199999,0,user_10,782,789,15511
15651,78,5199999,0,user_18,781,789,15511
15518,81,5199999,0,user_6,780,789,15511
15534,82,5199999,0,user_22,780,789,15511
15533,80,5199999,0,user_19,780,789,15511
15519,84,5199999,0,user_7,780,789,15511
15520,85,5199999,0,user_7,780,789,15511
15531,86,5199999,0,user_15,780,789,15511
15527,83,5199999,0,user_12,780,789,15511
15647,89,5199999,0,user_14,781,789,15511
16243,87,5199999,0,user_9,784,789,15511
15895,91,5000000,0,user_36,782,789,
16101,97,4500000,0,user_37,783,789,
15665,96,4500000,0,user_31,781,789,
15666,78,3600000,0,user_32,781,787,
15664,79,3500000,0,user_31,781,787,
15854,94,3200001,0,user_1,782,787,15543
15859,85,3200001,0,user_5,782,787,15543
15643,92,3200001,0,user_11,781,787,15543
15865,86,3200001,0,user_10,782,787,15543
16077,87,3200001,0,user_16,783,787,15543
16245,95,3200001,0,user_11,784,787,15543
16229,89,3200001,0,user_0,784,787,15543
16235,88,3200001,0,user_2,784,787,15543
16259,96,3200001,0,user_16,784,787,15543
15629,83,3200001,0,user_1,781,787,15543
15632,84,3200001,0,user_5,781,787,15543
15633,93,3200001,0,user_6,781,787,15543
15634,90,3200001,0,user_7,781,787,15543
15636,91,3200001,0,user_7,781,787,15543
16301,98,3200000,0,user_48,784,787,
15857,95,3199999,0,user_3,782,786,15543
15861,96,3199999,0,user_7,782,786,15543
15874,99,3199999,0,user_18,782,786,15543
15881,81,3199999,0,user_24,782,785,15543
15640,72,3199999,0,user_11,781,785,15543
15878,97,3199999,0,user_21,782,786,15543
15879,98,3199999,0,user_21,782,786,15543
16066,82,3199999,0,user_1,783,785,15543
16078,68,3199999,0,user_17,783,785,15543
16232,64,3199999,0,user_2,784,785,15543
16271,65,3199999,0,user_25,784,785,15543
15630,71,3199999,0,user_2,781,785,15543
15649,70,3199999,0,user_15,781,785,15543
15656,69,3199999,0,user_19,781,785,15543
15639,74,3199999,0,user_10,781,785,15543
15635,73,3199999,0,user_7,781,785,15543
15644,76,3199999,0,user_13,781,785,15543
15657,94,3199999,0,user_20,781,786,15543
15539,84,2600000,0,user_29,780,785,
15541,85,2600000,0,user_37,780,785,
16102,87,2400000,0,user_38,783,785,
16296,86,2400000,0,user_47,784,785,
16097,89,2300000,0,user_35,783,785,
15542,90,2100000,0,user_38,780,785,
16389,82,2000001,0,builder_15,784,784,15544
15544,91,2000000,15100,user_40,780,785,
15627,93,2000001,0,user_0,781,785,15544
15553,94,2000000,0,user_44,780,785,
16100,96,1900000,0,user_36,783,785,
15557,97,1900000,0,user_47,780,785,
16113,98,1700000,0,user_47,783,785,
15898,99,1700000,0,user_39,782,785,
15896,90,1600000,0,user_37,782,784,
16110,91,1600000,0,user_42,783,784,
16096,92,1500000,0,user_33,783,784,
15556,93,1500000,0,user_47,780,784,
16288,94,1400000,0,user_39,784,784,
15559,95,1300000,13800,user_47,780,784,
16390,96,1299999,0,builder_15,784,784,15559
15904,97,1300000,0,user_46,782,784,
16098,98,1300000,0,user_35,783,784,
16103,99,1300000,0,user_39,783,784,
15679,9,43000000,0,user_47,781,799,
15902,6,43000000,0,user_45,782,799,
16292,58,30000000,0,user_42,784,799,
16112,94,27000000,0,user_46,783,792,
15543,86,3200000,17700000,user_39,780,791,
16544,5,3199999,0,builder_15,785,785,15543
16282,91,6300000,5630,user_32,784,791,
16545,7,6299999,0,builder_15,785,785,16282
16445,92,6300000,0,user_28,785,791,
15676,93,6300000,0,user_45,781,791,
15677,94,6300000,0,user_45,781,791,
16111,97,6100000,0,user_45,783,791,
15900,96,6100000,0,user_40,782,791,
16546,13,5200001,0,builder_15,785,785,16457
16457,99,5200000,215000,user_37,785,791,
15511,84,5200000,181000,user_1,780,790,
16547,16,5199999,0,builder_15,785,785,15511
16263,85,5200001,0,user_17,784,790,15511
16264,86,5200001,0,user_18,784,790,15511
16443,87,5200001,0,user_24,785,790,15511
15517,97,5200001,0,user_6,780,790,15511
15537,99,5200001,0,user_26,780,790,15511
15526,95,5200001,0,user_12,780,790,15511
15530,96,5200001,0,user_15,780,790,15511
15532,98,5200001,0,user_19,780,790,15511
15654,94,5200001,0,user_18,781,790,15511
15645,64,5200001,0,user_13,781,789,15511
15866,93,5200001,0,user_10,782,790,15511
16299,65,5200000,0,user_48,784,789,
16087,67,5200000,0,user_28,783,789,
15903,66,5200000,0,user_45,782,789,
16243,87,5199999,0,user_9,784,789,15511
15518,81,5199999,0,user_6,780,789,15511
15534,82,5199999,0,user_22,780,789,15511
15519,84,5199999,0,user_7,780,789,15511
15520,85,5199999,0,user_7,780,789,15511
15527,83,5199999,0,user_12,780,789,15511
15531,86,5199999,0,user_15,780,789,15511
15533,80,5199999,0,user_19,780,789,15511
15651,78,5199999,0,user_18,781,789,15511
15641,88,5199999,0,user_11,781,789,15511
15647,89,5199999,0,user_14,781,789,15511
15863,79,5199999,0,user_10,782,789,15511
15895,91,5000000,0,user_36,782,789,
16101,97,4500000,0,user_37,783,789,
15665,96,4500000,0,user_31,781,789,
15666,78,3600000,0,user_32,781,787,
15664,79,3500000,0,user_31,781,787,
16235,88,3200001,0,user_2,784,787,15543
16259,96,3200001,0,user_16,784,787,15543
16229,89,3200001,0,user_0,784,787,15543
16245,95,3200001,0,user_11,784,787,15543
16410,82,3200001,0,user_1,785,787,15543
16077,87,3200001,0,user_16,783,787,15543
15629,83,3200001,0,user_1,781,787,15543
15632,84,3200001,0,user_5,781,787,15543
15643,92,3200001,0,user_11,781,787,15543
15634,90,3200001,0,user_7,781,787,15543
15636,91,3200001,0,user_7,781,787,15543
15633,93,3200001,0,user_6,781,787,15543
15854,94,3200001,0,user_1,782,787,15543
15859,85,3200001,0,user_5,782,787,15543
15865,86,3200001,0,user_10,782,787,15543
16301,98,3200000,0,user_48,784,787,
16232,64,3199999,0,user_2,784,785,15543
16271,65,3199999,0,user_25,784,785,15543
16433,99,3199999,0,user_18,785,787,15543
15874,99,3199999,0,user_18,782,786,15543
16078,68,3199999,0,user_17,783,785,15543
15656,69,3199999,0,user_19,781,785,15543
15649,70,3199999,0,user_15,781,785,15543
15630,71,3199999,0,user_2,781,785,15543
15640,72,3199999,0,user_11,781,785,15543
15635,73,3199999,0,user_7,781,785,15543
15639,74,3199999,0,user_10,781,785,15543
15657,94,3199999,0,user_20,781,786,15543
15644,76,3199999,0,user_13,781,785,15543
15857,95,3199999,0,user_3,782,786,15543
15861,96,3199999,0,user_7,782,786,15543
15878,97,3199999,0,user_21,782,786,15543
15879,98,3199999,0,user_21,782,786,15543
15881,81,3199999,0,user_24,782,785,15543
16066,82,3199999,0,user_1,783,785,15543
16421,92,3199999,0,user_9,785,786,15543
15539,84,2600000,0,user_29,780,785,
15541,85,2600000,0,user_37,780,785,
16296,86,2400000,0,user_47,784,785,
16102,87,2400000,0,user_38,783,785,
16463,88,2300000,0,user_39,785,785,
16097,89,2300000,0,user_35,783,785,
15542,90,2100000,0,user_38,780,785,
15544,91,2000000,15100,user_40,780,785,
16548,92,1999999,0,builder_15,785,785,15544
15627,93,2000001,0,user_0,781,785,15544
15553,94,2000000,0,user_44,780,785,
16456,95,1900000,0,user_36,785,785,
16100,96,1900000,0,user_36,783,785,
15557,97,1900000,0,user_47,780,785,
16113,98,1700000,0,user_47,783,785,
15898,99,1700000,0,user_39,782,785,
15902,6,43000000,0,user_45,782,799,
15679,9,43000000,0,user_47,781,799,
16695,2,30000001,0,builder_15,786,786,16613
16613,11,30000000,769000,user_45,786,799,
16468,59,30000000,0,user_43,785,799,
16292,58,30000000,0,user_42,784,799,
16603,60,30000000,0,user_31,786,799,
16112,94,27000000,0,user_46,783,792,
16696,8,3200001,0,builder_15,786,786,15543
15543,86,3200000,17700000,user_39,780,791,
16697,10,6300001,0,builder_15,786,786,16282
16282,91,6300000,5630,user_32,784,791,
16445,92,6300000,0,user_28,785,791,
15676,93,6300000,0,user_45,781,791,
15677,94,6300000,0,user_45,781,791,
16111,97,6100000,0,user_45,783,791,
15900,96,6100000,0,user_40,782,791,
16457,99,5200000,215000,user_37,785,791,
16698,18,5199999,0,builder_15,786,786,16457
15511,84,5200000,181000,user_1,780,790,
16699,20,5199999,0,builder_15,786,786,15511
16443,87,5200001,0,user_24,785,790,15511
16568,90,5200001,0,user_5,786,790,16457
16584,92,5200001,0,user_13,786,790,16457
16587,88,5200001,0,user_14,786,790,16457
16591,89,5200001,0,user_16,786,790,16457
16264,86,5200001,0,user_18,784,790,15511
15866,93,5200001,0,user_10,782,790,15511
16263,85,5200001,0,user_17,784,790,15511
15526,95,5200001,0,user_12,780,790,15511
15530,96,5200001,0,user_15,780,790,15511
15517,97,5200001,0,user_6,780,790,15511
15532,98,5200001,0,user_19,780,790,15511
15537,99,5200001,0,user_26,780,790,15511
15654,94,5200001,0,user_18,781,790,15511
16598,50,5200001,0,user_23,786,789,16457
15645,64,5200001,0,user_13,781,789,15511
16589,91,5200001,0,user_15,786,790,16457
16299,65,5200000,0,user_48,784,789,
15903,66,5200000,0,user_45,782,789,
16087,67,5200000,0,user_28,783,789,
16563,75,5199999,0,user_1,786,789,16457
16566,76,5199999,0,user_1,786,789,16457
16569,77,5199999,0,user_5,786,789,16457
16581,74,5199999,0,user_12,786,789,16457
16585,69,5199999,0,user_14,786,789,16457
16571,68,5199999,0,user_7,786,789,16457
16243,87,5199999,0,user_9,784,789,15511
15863,79,5199999,0,user_10,782,789,15511
15519,84,5199999,0,user_7,780,789,15511
15520,85,5199999,0,user_7,780,789,15511
15527,83,5199999,0,user_12,780,789,15511
15531,86,5199999,0,user_15,780,789,15511
15518,81,5199999,0,user_6,780,789,15511
15533,80,5199999,0,user_19,780,789,15511
15534,82,5199999,0,user_22,780,789,15511
15651,78,5199999,0,user_18,781,789,15511
15641,88,5199999,0,user_11,781,789,15511
15647,89,5199999,0,user_14,781,789,15511
16577,73,5199999,0,user_9,786,789,16457
16590,71,5199999,0,user_15,786,789,16457
16570,70,5199999,0,user_6,786,789,16457
16599,72,5199999,0,user_26,786,789,16457
16600,90,5000000,0,user_28,786,789,
15895,91,5000000,0,user_36,782,789,
16609,94,4200000,410000,user_39,786,789,
16700,66,4199999,0,builder_15,786,786,16609
16101,97,4500000,0,user_37,783,789,
15665,96,4500000,0,user_31,781,789,
15666,78,3600000,0,user_32,781,787,
15664,79,3500000,0,user_31,781,787,
16410,82,3200001,0,user_1,785,787,15543
16245,95,3200001,0,user_11,784,787,15543
16259,96,3200001,0,user_16,784,787,15543
16229,89,3200001,0,user_0,784,787,15543
15865,86,3200001,0,user_10,782,787,15543
15859,85,3200001,0,user_5,782,787,15543
16077,87,3200001,0,user_16,783,787,15543
16235,88,3200001,0,user_2,784,787,15543
15629,83,3200001,0,user_1,781,787,15543
15632,84,3200001,0,user_5,781,787,15543
15634,90,3200001,0,user_7,781,787,15543
15636,91,3200001,0,user_7,781,787,15543
15643,92,3200001,0,user_11,781,787,15543
15633,93,3200001,0,user_6,781,787,15543
15854,94,3200001,0,user_1,782,787,15543
16596,80,3200001,0,user_22,786,787,15543
16453,97,3200000,0,user_34,785,787,
16301,98,3200000,0,user_48,784,787,
16433,99,3199999,0,user_18,785,787,15543
16436,90,3199999,0,user_20,785,786,15543
16580,91,3199999,0,user_11,786,786,15543
16421,92,3199999,0,user_9,785,786,15543
16586,93,3199999,0,user_14,786,786,15543
15657,94,3199999,0,user_20,781,786,15543
15857,95,3199999,0,user_3,782,786,15543
15861,96,3199999,0,user_7,782,786,15543
15878,97,3199999,0,user_21,782,786,15543
15879,98,3199999,0,user_21,782,786,15543
15874,99,3199999,0,user_18,782,786,15543
15902,6,43000000,0,user_45,782,799,
15679,9,43000000,0,user_47,781,799,
16848,2,30000001,0,builder_15,787,787,16613
16613,11,30000000,769000,user_45,786,799,
16719,41,30000001,0,user_0,787,799,16613
16603,60,30000000,0,user_31,786,799,
16468,59,30000000,0,user_43,785,799,
16292,58,30000000,0,user_42,784,799,
16112,94,27000000,0,user_46,783,792,
16849,9,3200001,0,builder_15,787,787,15543
15543,86,3200000,17700000,user_39,780,791,
16850,11,6300001,0,builder_15,787,787,16282
16282,91,6300000,5630,user_32,784,791,
16445,92,6300000,0,user_28,785,791,
15676,93,6300000,0,user_45,781,791,
15677,94,6300000,0,user_45,781,791,
15900,96,6100000,0,user_40,782,791,
16111,97,6100000,0,user_45,783,791,
16457,99,5200000,215000,user_37,785,791,
16851,19,5199999,0,builder_15,787,787,16457
16852,20,5200001,0,builder_15,787,787,15511
15511,84,5200000,181000,user_1,780,790,
16568,90,5200001,0,user_5,786,790,16457
16598,50,5200001,0,user_23,786,789,16457
16587,88,5200001,0,user_14,786,790,16457
16589,91,5200001,0,user_15,786,790,16457
16591,89,5200001,0,user_16,786,790,16457
16264,86,5200001,0,user_18,784,790,15511
16443,87,5200001,0,user_24,785,790,15511
15526,95,5200001,0,user_12,780,790,15511
15532,98,5200001,0,user_19,780,790,15511
15517,97,5200001,0,user_6,780,790,15511
15530,96,5200001,0,user_15,780,790,15511
15537,99,5200001,0,user_26,780,790,15511
15654,94,5200001,0,user_18,781,790,15511
15866,93,5200001,0,user_10,782,790,15511
16263,85,5200001,0,user_17,784,790,15511
15645,64,5200001,0,user_13,781,789,15511
16299,65,5200000,0,user_48,784,789,
15903,66,5200000,0,user_45,782,789,
16087,67,5200000,0,user_28,783,789,
16569,77,5199999,0,user_5,786,789,16457
16581,74,5199999,0,user_12,786,789,16457
16571,68,5199999,0,user_7,786,789,16457
16570,70,5199999,0,user_6,786,789,16457
16599,72,5199999,0,user_26,786,789,16457
16577,73,5199999,0,user_9,786,789,16457
16585,69,5199999,0,user_14,786,789,16457
16590,71,5199999,0,user_15,786,789,16457
16563,75,5199999,0,user_1,786,789,16457
16566,76,5199999,0,user_1,786,789,16457
16243,87,5199999,0,user_9,784,789,15511
15519,84,5199999,0,user_7,780,789,15511
15520,85,5199999,0,user_7,780,789,15511
15527,83,5199999,0,user_12,780,789,15511
15533,80,5199999,0,user_19,780,789,15511
15518,81,5199999,0,user_6,780,789,15511
15531,86,5199999,0,user_15,780,789,15511
15534,82,5199999,0,user_22,780,789,15511
15651,78,5199999,0,user_18,781,789,15511
15863,79,5199999,0,user_10,782,789,15511
15641,88,5199999,0,user_11,781,789,15511
15647,89,5199999,0,user_14,781,789,15511
16600,90,5000000,0,user_28,786,789,
15895,91,5000000,0,user_36,782,789,
15665,96,4500000,0,user_31,781,789,
16101,97,4500000,0,user_37,783,789,
16728,99,4200001,0,user_17,787,789,16609
16721,98,4200001,0,user_5,787,789,16609
16737,79,4200001,0,user_24,787,788,16609
16727,88,4199999,0,user_16,787,788,16609
16731,92,4199999,0,user_18,787,788,16609
16720,89,4199999,0,user_2,787,788,16609
16732,90,4199999,0,user_19,787,788,16609
16733,91,4199999,0,user_19,787,788,16609
16736,93,4199999,0,user_23,787,788,16609
16738,95,4199999,0,user_26,787,788,16609
16751,77,3600000,0,user_40,787,787,
15666,78,3600000,0,user_32,781,787,
15664,79,3500000,0,user_31,781,787,
16596,80,3200001,0,user_22,786,787,15543
16730,81,3200001,0,user_17,787,787,15543
16410,82,3200001,0,user_1,785,787,15543
15629,83,3200001,0,user_1,781,787,15543
15632,84,3200001,0,user_5,781,787,15543
15859,85,3200001,0,user_5,782,787,15543
15865,86,3200001,0,user_10,782,787,15543
16077,87,3200001,0,user_16,783,787,15543
16235,88,3200001,0,user_2,784,787,15543
16229,89,3200001,0,user_0,784,787,15543
15634,90,3200001,0,user_7,781,787,15543
15636,91,3200001,0,user_7,781,787,15543
15643,92,3200001,0,user_11,781,787,15543
15633,93,3200001,0,user_6,781,787,15543
15854,94,3200001,0,user_1,782,787,15543
16245,95,3200001,0,user_11,784,787,15543
16259,96,3200001,0,user_16,784,787,15543
16453,97,3200000,0,user_34,785,787,
16301,98,3200000,0,user_48,784,787,
16433,99,3199999,0,user_18,785,787,15543
15902,6,43000000,0,user_45,782,799,
15679,9,43000000,0,user_47,781,799,
17008,2,30000001,0,builder_15,788,788,16613
16613,11,30000000,769000,user_45,786,799,
16719,41,30000001,0,user_0,787,799,16613
16468,59,30000000,0,user_43,785,799,
16603,60,30000000,0,user_31,786,799,
16292,58,30000000,0,user_42,784,799,
16873,86,29999999,0,user_7,788,799,16613
16874,87,29999999,0,user_8,788,799,16613
16902,90,27000000,779000,user_36,788,799,
17009,11,26999999,0,builder_15,788,788,16902
16112,94,27000000,0,user_46,783,792,
17010,13,3200001,0,builder_15,788,788,15543
15543,86,3200000,17700000,user_39,780,791,
16903,87,19000000,0,user_37,788,791,
17011,16,6300001,0,builder_15,788,788,16282
16282,91,6300000,5630,user_32,784,791,
16445,92,6300000,0,user_28,785,791,
15676,93,6300000,0,user_45,781,791,
15677,94,6300000,0,user_45,781,791,
15900,96,6100000,0,user_40,782,791,
16111,97,6100000,0,user_45,783,791,
17012,23,5200001,0,builder_15,788,788,16457
16457,99,5200000,215000,user_37,785,791,
17013,25,5200001,0,builder_15,788,788,15511
15511,84,5200000,181000,user_1,780,790,
16587,88,5200001,0,user_14,786,790,16457
16591,89,5200001,0,user_16,786,790,16457
16568,90,5200001,0,user_5,786,790,16457
16598,50,5200001,0,user_23,786,789,16457
16589,91,5200001,0,user_15,786,790,16457
16584,92,5200001,0,user_13,786,790,16457
16264,86,5200001,0,user_18,784,790,15511
16443,87,5200001,0,user_24,785,790,15511
16263,85,5200001,0,user_17,784,790,15511
15526,95,5200001,0,user_12,780,790,15511
15532,98,5200001,0,user_19,780,790,15511
15517,97,5200001,0,user_6,780,790,15511
15530,96,5200001,0,user_15,780,790,15511
15537,99,5200001,0,user_26,780,790,15511
15654,94,5200001,0,user_18,781,790,15511
15866,93,5200001,0,user_10,782,790,15511
15645,64,5200001,0,user_13,781,789,15511
16299,65,5200000,0,user_48,784,789,
15903,66,5200000,0,user_45,782,789,
16087,67,5200000,0,user_28,783,789,
16585,69,5199999,0,user_14,786,789,16457
16563,75,5199999,0,user_1,786,789,16457
16566,76,5199999,0,user_1,786,789,16457
16571,68,5199999,0,user_7,786,789,16457
16569,77,5199999,0,user_5,786,789,16457
16581,74,5199999,0,user_12,786,789,16457
16570,70,5199999,0,user_6,786,789,16457
16590,71,5199999,0,user_15,786,789,16457
16599,72,5199999,0,user_26,786,789,16457
16243,87,5199999,0,user_9,784,789,15511
16577,73,5199999,0,user_9,786,789,16457
15519,84,5199999,0,user_7,780,789,15511
15520,85,5199999,0,user_7,780,789,15511
15527,83,5199999,0,user_12,780,789,15511
15533,80,5199999,0,user_19,780,789,15511
15518,81,5199999,0,user_6,780,789,15511
15531,86,5199999,0,user_15,780,789,15511
15534,82,5199999,0,user_22,780,789,15511
15651,78,5199999,0,user_18,781,789,15511
15863,79,5199999,0,user_10,782,789,15511
15641,88,5199999,0,user_11,781,789,15511
15647,89,5199999,0,user_14,781,789,15511
16600,90,5000000,0,user_28,786,789,
15895,91,5000000,0,user_36,782,789,
16911,93,630000,4320000,user_48,788,789,
17014,72,629999,0,builder_15,788,788,16911
17015,73,4200001,0,builder_15,788,788,16609
16609,94,4200000,410000,user_39,786,789,
15665,96,4500000,0,user_31,781,789,
16101,97,4500000,0,user_37,783,789,
16728,99,4200001,0,user_17,787,789,16609
16721,98,4200001,0,user_5,787,789,16609
16737,79,4200001,0,user_24,787,788,16609
16734,80,4200001,0,user_20,787,788,16609
16880,81,4200001,0,user_11,788,788,16609
16870,82,4200001,0,user_2,788,788,16609
16881,83,4200001,0,user_14,788,788,16609
16885,84,4200001,0,user_18,788,788,16609
16886,85,4200001,0,user_18,788,788,16609
16872,86,4200001,0,user_5,788,788,16609
16876,87,4200001,0,user_8,788,788,16609
16727,88,4199999,0,user_16,787,788,16609
16720,89,4199999,0,user_2,787,788,16609
16732,90,4199999,0,user_19,787,788,16609
16733,91,4199999,0,user_19,787,788,16609
16731,92,4199999,0,user_18,787,788,16609
16736,93,4199999,0,user_23,787,788,16609
16735,94,4199999,0,user_21,787,788,16609
16738,95,4199999,0,user_26,787,788,16609
16879,96,4199999,0,user_11,788,788,16609
16871,97,4199999,0,user_3,788,788,16609
16888,98,4199999,0,user_23,788,788,16609
16877,99,4199999,0,user_9,788,788,16609
16896,8,43000000,0,user_29,788,799,
15902,6,43000000,0,user_45,782,799,
15679,9,43000000,0,user_47,781,799,
16613,11,30000000,769000,user_45,786,799,
17207,4,29999999,0,builder_15,789,789,16613
16719,41,30000001,0,user_0,787,799,16613
17054,44,30000001,0,user_17,789,799,16613
17056,45,30000001,0,user_18,789,799,16613
17059,46,30000001,0,user_18,789,799,16613
17060,47,30000001,0,user_18,789,799,16613
17064,16,30000001,0,user_21,789,799,16613
17069,48,30000001,0,user_25,789,799,16613
17061,15,30000001,0,user_19,789,799,16613
17053,43,30000001,0,user_15,789,799,16613
17070,49,30000001,0,user_26,789,799,16613
16603,60,30000000,0,user_31,786,799,
16292,58,30000000,0,user_42,784,799,
16468,59,30000000,0,user_43,785,799,
16874,87,29999999,0,user_8,788,799,16613
16873,86,29999999,0,user_7,788,799,16613
17050,88,29999999,0,user_13,789,799,16613
17055,81,29999999,0,user_17,789,799,16613
17063,62,29999999,0,user_21,789,799,16613
17066,82,29999999,0,user_23,789,799,16613
16902,90,27000000,779000,user_36,788,799,
17208,25,26999999,0,builder_15,789,789,16902
17051,91,27000001,0,user_14,789,799,16902
16112,94,27000000,0,user_46,783,792,
17043,82,26999999,0,user_4,789,791,16902
17044,79,26999999,0,user_5,789,791,16902
17046,81,26999999,0,user_7,789,791,16902
17058,83,26999999,0,user_18,789,791,16902
17052,80,26999999,0,user_14,789,791,16902
15543,86,3200000,17700000,user_39,780,791,
17209,34,3199999,0,builder_15,789,789,15543
16903,87,19000000,0,user_37,788,791,
16282,91,6300000,5630,user_32,784,791,
17210,37,6299999,0,builder_15,789,789,16282
16912,95,6300000,0,user_49,788,791,
16445,92,6300000,0,user_28,785,791,
15676,93,6300000,0,user_45,781,791,
15677,94,6300000,0,user_45,781,791,
15900,96,6100000,0,user_40,782,791,
16111,97,6100000,0,user_45,783,791,
16457,99,5200000,215000,user_37,785,791,
17211,45,5199999,0,builder_15,789,789,16457
17212,46,5200001,0,builder_15,789,789,15511
15511,84,5200000,181000,user_1,780,790,
16587,88,5200001,0,user_14,786,790,16457
16591,89,5200001,0,user_16,786,790,16457
16598,50,5200001,0,user_23,786,789,16457
16589,91,5200001,0,user_15,786,790,16457
16568,90,5200001,0,user_5,786,790,16457
16584,92,5200001,0,user_13,786,790,16457
16263,85,5200001,0,user_17,784,790,15511
16264,86,5200001,0,user_18,784,790,15511
16443,87,5200001,0,user_24,785,790,15511
15654,94,5200001,0,user_18,781,790,15511
15866,93,5200001,0,user_10,782,790,15511
15532,98,5200001,0,user_19,780,790,15511
15517,97,5200001,0,user_6,780,790,15511
15537,99,5200001,0,user_26,780,790,15511
15526,95,5200001,0,user_12,780,790,15511
15530,96,5200001,0,user_15,780,790,15511
15645,64,5200001,0,user_13,781,789,15511
16299,65,5200000,0,user_48,784,789,
15903,66,5200000,0,user_45,782,789,
16087,67,5200000,0,user_28,783,789,
16571,68,5199999,0,user_7,786,789,16457
16585,69,5199999,0,user_14,786,789,16457
16570,70,5199999,0,user_6,786,789,16457
16590,71,5199999,0,user_15,786,789,16457
16599,72,5199999,0,user_26,786,789,16457
16577,73,5199999,0,user_9,786,789,16457
16581,74,5199999,0,user_12,786,789,16457
16563,75,5199999,0,user_1,786,789,16457
16566,76,5199999,0,user_1,786,789,16457
16569,77,5199999,0,user_5,786,789,16457
15651,78,5199999,0,user_18,781,789,15511
15863,79,5199999,0,user_10,782,789,15511
15533,80,5199999,0,user_19,780,789,15511
15518,81,5199999,0,user_6,780,789,15511
15534,82,5199999,0,user_22,780,789,15511
15527,83,5199999,0,user_12,780,789,15511
15519,84,5199999,0,user_7,780,789,15511
15520,85,5199999,0,user_7,780,789,15511
15531,86,5199999,0,user_15,780,789,15511
16243,87,5199999,0,user_9,784,789,15511
15641,88,5199999,0,user_11,781,789,15511
15647,89,5199999,0,user_14,781,789,15511
16600,90,5000000,0,user_28,786,789,
15895,91,5000000,0,user_36,782,789,
17213,92,630001,0,builder_15,789,789,16911
16911,93,630000,4320000,user_48,788,789,
16609,94,4200000,410000,user_39,786,789,
17214,95,4199999,0,builder_15,789,789,16609
15665,96,4500000,0,user_31,781,789,
16101,97,4500000,0,user_37,783,789,
16721,98,4200001,0,user_5,787,789,16609
16728,99,4200001,0,user_17,787,789,16609
17398,0,43000001,0,builder_15,790,790,17076
17076,0,43000000,545000,user_38,789,799,
16896,8,43000000,0,user_29,788,799,
17300,4,43000000,0,user_48,790,799,
15902,6,43000000,0,user_45,782,799,
15679,9,43000000,0,user_47,781,799,
17399,6,30000001,0,builder_15,790,790,16613
16613,11,30000000,769000,user_45,786,799,
17054,44,30000001,0,user_17,789,799,16613
17061,15,30000001,0,user_19,789,799,16613
17056,45,30000001,0,user_18,789,799,16613
17059,46,30000001,0,user_18,789,799,16613
17060,47,30000001,0,user_18,789,799,16613
17062,42,30000001,0,user_20,789,799,16613
17053,43,30000001,0,user_15,789,799,16613
17064,16,30000001,0,user_21,789,799,16613
17069,48,30000001,0,user_25,789,799,16613
17070,49,30000001,0,user_26,789,799,16613
17261,32,30000001,0,user_11,790,799,16613
17239,28,30000001,0,user_0,790,799,16613
17240,14,30000001,0,user_1,790,799,16613
17247,29,30000001,0,user_4,790,799,16613
17262,30,30000001,0,user_12,790,799,16613
17265,31,30000001,0,user_12,790,799,16613
17241,34,30000001,0,user_2,790,799,16613
17242,35,30000001,0,user_2,790,799,16613
17268,50,30000001,0,user_13,790,799,16613
17269,51,30000001,0,user_13,790,799,16613
17271,52,30000001,0,user_13,790,799,16613
17275,33,30000001,0,user_18,790,799,16613
17244,36,30000001,0,user_3,790,799,16613
17245,37,30000001,0,user_3,790,799,16613
17276,53,30000001,0,user_19,790,799,16613
17277,54,30000001,0,user_19,790,799,16613
16719,41,30000001,0,user_0,787,799,16613
17256,40,30000001,0,user_9,790,799,16613
17283,38,30000001,0,user_26,790,799,16613
16292,58,30000000,0,user_42,784,799,
16468,59,30000000,0,user_43,785,799,
16603,60,30000000,0,user_31,786,799,
16874,87,29999999,0,user_8,788,799,16613
16873,86,29999999,0,user_7,788,799,16613
17050,88,29999999,0,user_13,789,799,16613
17055,81,29999999,0,user_17,789,799,16613
17066,82,29999999,0,user_23,789,799,16613
17063,62,29999999,0,user_21,789,799,16613
17249,68,29999999,0,user_5,790,799,16613
17266,70,29999999,0,user_12,790,799,16613
17267,83,29999999,0,user_13,790,799,16613
17270,84,29999999,0,user_13,790,799,16613
17273,71,29999999,0,user_16,790,799,16613
17274,72,29999999,0,user_16,790,799,16613
17253,61,29999999,0,user_7,790,799,16613
17255,73,29999999,0,user_8,790,799,16613
17258,78,29999999,0,user_10,790,799,16613
17259,79,29999999,0,user_10,790,799,16613
17280,74,29999999,0,user_23,790,799,16613
17272,77,29999999,0,user_15,790,799,16613
17279,75,29999999,0,user_22,790,799,16613
17282,76,29999999,0,user_26,790,799,16613
16902,90,27000000,779000,user_36,788,799,
17400,61,26999999,0,builder_15,790,790,16902
17051,91,27000001,0,user_14,789,799,16902
16112,94,27000000,0,user_46,783,792,
17043,82,26999999,0,user_4,789,791,16902
17052,80,26999999,0,user_14,789,791,16902
17046,81,26999999,0,user_7,789,791,16902
17044,79,26999999,0,user_5,789,791,16902
17058,83,26999999,0,user_18,789,791,16902
17257,77,26999999,0,user_10,790,791,16902
15543,86,3200000,17700000,user_39,780,791,
17401,71,3199999,0,builder_15,790,790,15543
16903,87,19000000,0,user_37,788,791,
17402,73,6300001,0,builder_15,790,790,16282
16282,91,6300000,5630,user_32,784,791,
16912,95,6300000,0,user_49,788,791,
16445,92,6300000,0,user_28,785,791,
15676,93,6300000,0,user_45,781,791,
15677,94,6300000,0,user_45,781,791,
15900,96,6100000,0,user_40,782,791,
16111,97,6100000,0,user_45,783,791,
17403,81,5200001,0,builder_15,790,790,16457
16457,99,5200000,215000,user_37,785,791,
17404,83,5200001,0,builder_15,790,790,15511
15511,84,5200000,181000,user_1,780,790,
16263,85,5200001,0,user_17,784,790,15511
16264,86,5200001,0,user_18,784,790,15511
16443,87,5200001,0,user_24,785,790,15511
16587,88,5200001,0,user_14,786,790,16457
16591,89,5200001,0,user_16,786,790,16457
16568,90,5200001,0,user_5,786,790,16457
16589,91,5200001,0,user_15,786,790,16457
16584,92,5200001,0,user_13,786,790,16457
15866,93,5200001,0,user_10,782,790,15511
15654,94,5200001,0,user_18,781,790,15511
15526,95,5200001,0,user_12,780,790,15511
15530,96,5200001,0,user_15,780,790,15511
15517,97,5200001,0,user_6,780,790,15511
15532,98,5200001,0,user_19,780,790,15511
15537,99,5200001,0,user_26,780,790,15511
17576,0,43000001,0,builder_15,791,791,17076
17076,0,43000000,545000,user_38,789,799,
17300,4,43000000,0,user_48,790,799,
15902,6,43000000,0,user_45,782,799,
15679,9,43000000,0,user_47,781,799,
16896,8,43000000,0,user_29,788,799,
16613,11,30000000,769000,user_45,786,799,
17577,7,29999999,0,builder_15,791,791,16613
17240,14,30000001,0,user_1,790,799,16613
17241,34,30000001,0,user_2,790,799,16613
17242,35,30000001,0,user_2,790,799,16613
17247,29,30000001,0,user_4,790,799,16613
17239,28,30000001,0,user_0,790,799,16613
17262,30,30000001,0,user_12,790,799,16613
17265,31,30000001,0,user_12,790,799,16613
17276,53,30000001,0,user_19,790,799,16613
17277,54,30000001,0,user_19,790,799,16613
17275,33,30000001,0,user_18,790,799,16613
17278,39,30000001,0,user_20,790,799,16613
17244,36,30000001,0,user_3,790,799,16613
17245,37,30000001,0,user_3,790,799,16613
17283,38,30000001,0,user_26,790,799,16613
17435,20,30000001,0,user_11,791,799,16613
17436,21,30000001,0,user_11,791,799,16613
17261,32,30000001,0,user_11,790,799,16613
17256,40,30000001,0,user_9,790,799,16613
17427,17,30000001,0,user_2,791,799,16613
17428,18,30000001,0,user_2,791,799,16613
17429,19,30000001,0,user_2,791,799,16613
17438,22,30000001,0,user_13,791,799,16613
17069,48,30000001,0,user_25,789,799,16613
17434,24,30000001,0,user_7,791,799,16613
17448,25,30000001,0,user_21,791,799,16613
17452,26,30000001,0,user_25,791,799,16613
17053,43,30000001,0,user_15,789,799,16613
17061,15,30000001,0,user_19,789,799,16613
17070,49,30000001,0,user_26,789,799,16613
17064,16,30000001,0,user_21,789,799,16613
17054,44,30000001,0,user_17,789,799,16613
17056,45,30000001,0,user_18,789,799,16613
17059,46,30000001,0,user_18,789,799,16613
17060,47,30000001,0,user_18,789,799,16613
17062,42,30000001,0,user_20,789,799,16613
17444,23,30000001,0,user_17,791,799,16613
16719,41,30000001,0,user_0,787,799,16613
17440,27,30000001,0,user_15,791,799,16613
16292,58,30000000,0,user_42,784,799,
16468,59,30000000,0,user_43,785,799,
16603,60,30000000,0,user_31,786,799,
17273,71,29999999,0,user_16,790,799,16613
17274,72,29999999,0,user_16,790,799,16613
17253,61,29999999,0,user_7,790,799,16613
17249,68,29999999,0,user_5,790,799,16613
17266,70,29999999,0,user_12,790,799,16613
17258,78,29999999,0,user_10,790,799,16613
17259,79,29999999,0,user_10,790,799,16613
17255,73,29999999,0,user_8,790,799,16613
17280,74,29999999,0,user_23,790,799,16613
17272,77,29999999,0,user_15,790,799,16613
17279,75,29999999,0,user_22,790,799,16613
17282,76,29999999,0,user_26,790,799,16613
17426,63,29999999,0,user_0,791,799,16613
17050,88,29999999,0,user_13,789,799,16613
17431,65,29999999,0,user_3,791,799,16613
17442,66,29999999,0,user_16,791,799,16613
17443,67,29999999,0,user_16,791,799,16613
17445,80,29999999,0,user_19,791,799,16613
17066,82,29999999,0,user_23,789,799,16613
17063,62,29999999,0,user_21,789,799,16613
17055,81,29999999,0,user_17,789,799,16613
16874,87,29999999,0,user_8,788,799,16613
16873,86,29999999,0,user_7,788,799,16613
17449,64,29999999,0,user_22,791,799,16613
16902,90,27000000,779000,user_36,788,799,
17578,74,26999999,0,builder_15,791,791,16902
17051,91,27000001,0,user_14,789,799,16902
16112,94,27000000,0,user_46,783,792,
17257,77,26999999,0,user_10,790,791,16902
17430,95,26999999,0,user_2,791,792,16902
17044,79,26999999,0,user_5,789,791,16902
17052,80,26999999,0,user_14,789,791,16902
17046,81,26999999,0,user_7,789,791,16902
17043,82,26999999,0,user_4,789,791,16902
17058,83,26999999,0,user_18,789,791,16902
17441,97,26999999,0,user_15,791,792,16902
17579,85,3200001,0,builder_15,791,791,15543
15543,86,3200000,17700000,user_39,780,791,
16903,87,19000000,0,user_37,788,791,
17580,88,870001,0,builder_15,791,791,17462
17462,89,870000,7190000,user_36,791,791,
17581,90,6300001,0,builder_15,791,791,16282
16282,91,6300000,5630,user_32,784,791,
16445,92,6300000,0,user_28,785,791,
15676,93,6300000,0,user_45,781,791,
15677,94,6300000,0,user_45,781,791,
16912,95,6300000,0,user_49,788,791,
15900,96,6100000,0,user_40,782,791,
16111,97,6100000,0,user_45,783,791,
17582,98,5200001,0,builder_15,791,791,16457
16457,99,5200000,215000,user_37,785,791,
17076,0,43000000,545000,user_38,789,799,
17714,1,42999999,0,builder_15,792,792,17076
17300,4,43000000,0,user_48,790,799,
15902,6,43000000,0,user_45,782,799,
15679,9,43000000,0,user_47,781,799,
16896,8,43000000,0,user_29,788,799,
17648,5,43000000,0,user_44,792,799,
16613,11,30000000,769000,user_45,786,799,
17715,8,29999999,0,builder_15,792,792,16613
17427,17,30000001,0,user_2,791,799,16613
17428,18,30000001,0,user_2,791,799,16613
17429,19,30000001,0,user_2,791,799,16613
17438,22,30000001,0,user_13,791,799,16613
17444,23,30000001,0,user_17,791,799,16613
17434,24,30000001,0,user_7,791,799,16613
17261,32,30000001,0,user_11,790,799,16613
17440,27,30000001,0,user_15,791,799,16613
17448,25,30000001,0,user_21,791,799,16613
17452,26,30000001,0,user_25,791,799,16613
17435,20,30000001,0,user_11,791,799,16613
17436,21,30000001,0,user_11,791,799,16613
17268,50,30000001,0,user_13,790,799,16613
17269,51,30000001,0,user_13,790,799,16613
17271,52,30000001,0,user_13,790,799,16613
17056,45,30000001,0,user_18,789,799,16613
17059,46,30000001,0,user_18,789,799,16613
17060,47,30000001,0,user_18,789,799,16613
17061,15,30000001,0,user_19,789,799,16613
17053,43,30000001,0,user_15,789,799,16613
17070,49,30000001,0,user_26,789,799,16613
17240,14,30000001,0,user_1,790,799,16613
17241,34,30000001,0,user_2,790,799,16613
17242,35,30000001,0,user_2,790,799,16613
17247,29,30000001,0,user_4,790,799,16613
17275,33,30000001,0,user_18,790,799,16613
17054,44,30000001,0,user_17,789,799,16613
17239,28,30000001,0,user_0,790,799,16613
17262,30,30000001,0,user_12,790,799,16613
17265,31,30000001,0,user_12,790,799,16613
17276,53,30000001,0,user_19,790,799,16613
17277,54,30000001,0,user_19,790,799,16613
17244,36,30000001,0,user_3,790,799,16613
17245,37,30000001,0,user_3,790,799,16613
17283,38,30000001,0,user_26,790,799,16613
17256,40,30000001,0,user_9,790,799,16613
17062,42,30000001,0,user_20,789,799,16613
17278,39,30000001,0,user_20,790,799,16613
17069,48,30000001,0,user_25,789,799,16613
17064,16,30000001,0,user_21,789,799,16613
16719,41,30000001,0,user_0,787,799,16613
16292,58,30000000,0,user_42,784,799,
16468,59,30000000,0,user_43,785,799,
16603,60,30000000,0,user_31,786,799,
17431,65,29999999,0,user_3,791,799,16613
17442,66,29999999,0,user_16,791,799,16613
17443,67,29999999,0,user_16,791,799,16613
17426,63,29999999,0,user_0,791,799,16613
17445,80,29999999,0,user_19,791,799,16613
17446,69,29999999,0,user_20,791,799,16613
17449,64,29999999,0,user_22,791,799,16613
17267,83,29999999,0,user_13,790,799,16613
17270,84,29999999,0,user_13,790,799,16613
17607,85,29999999,0,user_8,792,799,16613
17066,82,29999999,0,user_23,789,799,16613
17273,71,29999999,0,user_16,790,799,16613
17274,72,29999999,0,user_16,790,799,16613
17253,61,29999999,0,user_7,790,799,16613
17055,81,29999999,0,user_17,789,799,16613
17258,78,29999999,0,user_10,790,799,16613
17259,79,29999999,0,user_10,790,799,16613
17249,68,29999999,0,user_5,790,799,16613
17266,70,29999999,0,user_12,790,799,16613
17255,73,29999999,0,user_8,790,799,16613
17280,74,29999999,0,user_23,790,799,16613
17272,77,29999999,0,user_15,790,799,16613
17279,75,29999999,0,user_22,790,799,16613
17282,76,29999999,0,user_26,790,799,16613
17063,62,29999999,0,user_21,789,799,16613
16873,86,29999999,0,user_7,788,799,16613
16874,87,29999999,0,user_8,788,799,16613
17050,88,29999999,0,user_13,789,799,16613
16902,90,27000000,779000,user_36,788,799,
17716,82,26999999,0,builder_15,792,792,16902
17612,94,27000001,0,user_13,792,799,16902
17601,95,27000001,0,user_1,792,799,16902
17602,96,27000001,0,user_1,792,799,16902
17615,98,27000001,0,user_21,792,799,16902
17623,97,27000001,0,user_25,792,797,16902
17051,91,27000001,0,user_14,789,799,16902
17610,93,27000001,0,user_10,792,799,16902
17609,97,27000001,0,user_9,792,798,16902
17614,97,27000001,0,user_15,792,799,16902
17618,99,27000001,0,user_22,792,799,16902
17624,98,27000001,0,user_26,792,797,16902
16112,94,27000000,0,user_46,783,792,
17430,95,26999999,0,user_2,791,792,16902
17447,96,26999999,0,user_20,791,792,16902
17441,97,26999999,0,user_15,791,792,16902
17611,98,26999999,0,user_11,792,792,16902
17606,99,26999999,0,user_7,792,792,16902
17076,0,43000000,545000,user_38,789,799,
17829,1,42999999,0,builder_15,793,793,17076
17648,5,43000000,0,user_44,792,799,
17652,7,43000000,0,user_49,792,799,
17300,4,43000000,0,user_48,790,799,
15902,6,43000000,0,user_45,782,799,
15679,9,43000000,0,user_47,781,799,
16896,8,43000000,0,user_29,788,799,
17830,8,30000001,0,builder_15,793,793,16613
16613,11,30000000,769000,user_45,786,799,
17427,17,30000001,0,user_2,791,799,16613
17428,18,30000001,0,user_2,791,799,16613
17429,19,30000001,0,user_2,791,799,16613
17434,24,30000001,0,user_7,791,799,16613
17435,20,30000001,0,user_11,791,799,16613
17436,21,30000001,0,user_11,791,799,16613
17448,25,30000001,0,user_21,791,799,16613
17438,22,30000001,0,user_13,791,799,16613
17444,23,30000001,0,user_17,791,799,16613
17262,30,30000001,0,user_12,790,799,16613
17265,31,30000001,0,user_12,790,799,16613
17440,27,30000001,0,user_15,791,799,16613
17452,26,30000001,0,user_25,791,799,16613
17061,15,30000001,0,user_19,789,799,16613
17240,14,30000001,0,user_1,790,799,16613
17241,34,30000001,0,user_2,790,799,16613
17242,35,30000001,0,user_2,790,799,16613
17244,36,30000001,0,user_3,790,799,16613
17245,37,30000001,0,user_3,790,799,16613
17275,33,30000001,0,user_18,790,799,16613
17247,29,30000001,0,user_4,790,799,16613
17278,39,30000001,0,user_20,790,799,16613
17283,38,30000001,0,user_26,790,799,16613
17256,40,30000001,0,user_9,790,799,16613
17276,53,30000001,0,user_19,790,799,16613
17277,54,30000001,0,user_19,790,799,16613
17064,16,30000001,0,user_21,789,799,16613
16719,41,30000001,0,user_0,787,799,16613
17053,43,30000001,0,user_15,789,799,16613
17054,44,30000001,0,user_17,789,799,16613
17056,45,30000001,0,user_18,789,799,16613
17059,46,30000001,0,user_18,789,799,16613
17060,47,30000001,0,user_18,789,799,16613
17069,48,30000001,0,user_25,789,799,16613
17070,49,30000001,0,user_26,789,799,16613
17062,42,30000001,0,user_20,789,799,16613
17239,28,30000001,0,user_0,790,799,16613
17261,32,30000001,0,user_11,790,799,16613
17268,50,30000001,0,user_13,790,799,16613
17269,51,30000001,0,user_13,790,799,16613
17271,52,30000001,0,user_13,790,799,16613
16468,59,30000000,0,user_43,785,799,
16292,58,30000000,0,user_42,784,799,
16603,60,30000000,0,user_31,786,799,
17445,80,29999999,0,user_19,791,799,16613
17431,65,29999999,0,user_3,791,799,16613
17442,66,29999999,0,user_16,791,799,16613
17443,67,29999999,0,user_16,791,799,16613
17266,70,29999999,0,user_12,790,799,16613
17449,64,29999999,0,user_22,791,799,16613
17446,69,29999999,0,user_20,791,799,16613
17607,85,29999999,0,user_8,792,799,16613
17426,63,29999999,0,user_0,791,799,16613
17273,71,29999999,0,user_16,790,799,16613
17274,72,29999999,0,user_16,790,799,16613
17280,74,29999999,0,user_23,790,799,16613
17272,77,29999999,0,user_15,790,799,16613
17253,61,29999999,0,user_7,790,799,16613
17258,78,29999999,0,user_10,790,799,16613
17259,79,29999999,0,user_10,790,799,16613
17249,68,29999999,0,user_5,790,799,16613
17255,73,29999999,0,user_8,790,799,16613
17279,75,29999999,0,user_22,790,799,16613
17282,76,29999999,0,user_26,790,799,16613
17063,62,29999999,0,user_21,789,799,16613
17055,81,29999999,0,user_17,789,799,16613
17066,82,29999999,0,user_23,789,799,16613
16873,86,29999999,0,user_7,788,799,16613
16874,87,29999999,0,user_8,788,799,16613
17050,88,29999999,0,user_13,789,799,16613
17267,83,29999999,0,user_13,790,799,16613
17270,84,29999999,0,user_13,790,799,16613
17831,82,27000001,0,builder_15,793,793,16902
16902,90,27000000,779000,user_36,788,799,
17601,95,27000001,0,user_1,792,799,16902
17602,96,27000001,0,user_1,792,799,16902
17615,98,27000001,0,user_21,792,799,16902
17610,93,27000001,0,user_10,792,799,16902
17614,97,27000001,0,user_15,792,799,16902
17618,99,27000001,0,user_22,792,799,16902
17623,97,27000001,0,user_25,792,797,16902
17624,98,27000001,0,user_26,792,797,16902
17609,97,27000001,0,user_9,792,798,16902
17740,90,27000001,0,user_12,793,798,16902
17728,95,27000001,0,user_2,793,795,16902
17741,87,27000001,0,user_13,793,796,16902
17731,97,27000001,0,user_3,793,795,16902
17732,98,27000001,0,user_3,793,795,16902
17743,99,27000001,0,user_14,793,795,16902
17751,88,27000001,0,user_25,793,797,16902
17937,0,43000001,0,builder_15,794,794,17076
17076,0,43000000,545000,user_38,789,799,
17648,5,43000000,0,user_44,792,799,
17652,7,43000000,0,user_49,792,799,
17300,4,43000000,0,user_48,790,799,
15902,6,43000000,0,user_45,782,799,
16896,8,43000000,0,user_29,788,799,
15679,9,43000000,0,user_47,781,799,
17938,8,30000001,0,builder_15,794,794,16613
16613,11,30000000,769000,user_45,786,799,
17435,20,30000001,0,user_11,791,799,16613
17436,21,30000001,0,user_11,791,799,16613
17247,29,30000001,0,user_4,790,799,16613
17056,45,30000001,0,user_18,789,799,16613
17059,46,30000001,0,user_18,789,799,16613
17060,47,30000001,0,user_18,789,799,16613
17239,28,30000001,0,user_0,790,799,16613
17241,34,30000001,0,user_2,790,799,16613
17242,35,30000001,0,user_2,790,799,16613
17244,36,30000001,0,user_3,790,799,16613
17245,37,30000001,0,user_3,790,799,16613
17256,40,30000001,0,user_9,790,799,16613
17261,32,30000001,0,user_11,790,799,16613
17262,30,30000001,0,user_12,790,799,16613
17265,31,30000001,0,user_12,790,799,16613
17278,39,30000001,0,user_20,790,799,16613
17434,24,30000001,0,user_7,791,799,16613
17427,17,30000001,0,user_2,791,799,16613
17428,18,30000001,0,user_2,791,799,16613
17429,19,30000001,0,user_2,791,799,16613
17438,22,30000001,0,user_13,791,799,16613
17444,23,30000001,0,user_17,791,799,16613
17275,33,30000001,0,user_18,790,799,16613
17440,27,30000001,0,user_15,791,799,16613
17448,25,30000001,0,user_21,791,799,16613
17452,26,30000001,0,user_25,791,799,16613
17061,15,30000001,0,user_19,789,799,16613
17064,16,30000001,0,user_21,789,799,16613
17240,14,30000001,0,user_1,790,799,16613
17276,53,30000001,0,user_19,790,799,16613
17277,54,30000001,0,user_19,790,799,16613
17283,38,30000001,0,user_26,790,799,16613
16719,41,30000001,0,user_0,787,799,16613
17069,48,30000001,0,user_25,789,799,16613
17070,49,30000001,0,user_26,789,799,16613
17054,44,30000001,0,user_17,789,799,16613
17053,43,30000001,0,user_15,789,799,16613
17062,42,30000001,0,user_20,789,799,16613
17268,50,30000001,0,user_13,790,799,16613
17269,51,30000001,0,user_13,790,799,16613
17271,52,30000001,0,user_13,790,799,16613
16292,58,30000000,0,user_42,784,799,
16468,59,30000000,0,user_43,785,799,
16603,60,30000000,0,user_31,786,799,
17607,85,29999999,0,user_8,792,799,16613
17249,68,29999999,0,user_5,790,799,16613
17255,73,29999999,0,user_8,790,799,16613
17280,74,29999999,0,user_23,790,799,16613
17272,77,29999999,0,user_15,790,799,16613
17258,78,29999999,0,user_10,790,799,16613
17259,79,29999999,0,user_10,790,799,16613
17266,70,29999999,0,user_12,790,799,16613
17273,71,29999999,0,user_16,790,799,16613
17274,72,29999999,0,user_16,790,799,16613
17431,65,29999999,0,user_3,791,799,16613
17442,66,29999999,0,user_16,791,799,16613
17443,67,29999999,0,user_16,791,799,16613
17426,63,29999999,0,user_0,791,799,16613
17446,69,29999999,0,user_20,791,799,16613
17445,80,29999999,0,user_19,791,799,16613
17449,64,29999999,0,user_22,791,799,16613
17063,62,29999999,0,user_21,789,799,16613
17253,61,29999999,0,user_7,790,799,16613
17279,75,29999999,0,user_22,790,799,16613
17282,76,29999999,0,user_26,790,799,16613
17055,81,29999999,0,user_17,789,799,16613
17066,82,29999999,0,user_23,789,799,16613
16874,87,29999999,0,user_8,788,799,16613
16873,86,29999999,0,user_7,788,799,16613
17050,88,29999999,0,user_13,789,799,16613
17267,83,29999999,0,user_13,790,799,16613
17270,84,29999999,0,user_13,790,799,16613
17939,82,27000001,0,builder_15,794,794,16902
16902,90,27000000,779000,user_36,788,799,
17601,95,27000001,0,user_1,792,799,16902
17602,96,27000001,0,user_1,792,799,16902
17610,93,27000001,0,user_10,792,799,16902
17614,97,27000001,0,user_15,792,799,16902
17615,98,27000001,0,user_21,792,799,16902
17618,99,27000001,0,user_22,792,799,16902
17623,97,27000001,0,user_25,792,797,16902
17624,98,27000001,0,user_26,792,797,16902
17728,95,27000001,0,user_2,793,795,16902
17731,97,27000001,0,user_3,793,795,16902
17732,98,27000001,0,user_3,793,795,16902
17743,99,27000001,0,user_14,793,795,16902
17741,87,27000001,0,user_13,793,796,16902
17740,90,27000001,0,user_12,793,798,16902
17739,92,27000001,0,user_9,793,799,16902
17612,94,27000001,0,user_13,792,799,16902
17076,0,43000000,545000,user_38,789,799,
18053,1,42999999,0,builder_15,795,795,17076
17996,3,43000000,0,user_47,795,799,
17300,4,43000000,0,user_48,790,799,
17648,5,43000000,0,user_44,792,799,
17652,7,43000000,0,user_49,792,799,
15902,6,43000000,0,user_45,782,799,
16896,8,43000000,0,user_29,788,799,
15679,9,43000000,0,user_47,781,799,
18054,9,30000001,0,builder_15,795,795,16613
16613,11,30000000,769000,user_45,786,799,
17247,29,30000001,0,user_4,790,799,16613
17056,45,30000001,0,user_18,789,799,16613
17059,46,30000001,0,user_18,789,799,16613
17060,47,30000001,0,user_18,789,799,16613
17239,28,30000001,0,user_0,790,799,16613
17241,34,30000001,0,user_2,790,799,16613
17242,35,30000001,0,user_2,790,799,16613
17244,36,30000001,0,user_3,790,799,16613
17245,37,30000001,0,user_3,790,799,16613
17256,40,30000001,0,user_9,790,799,16613
17261,32,30000001,0,user_11,790,799,16613
17262,30,30000001,0,user_12,790,799,16613
17265,31,30000001,0,user_12,790,799,16613
17268,50,30000001,0,user_13,790,799,16613
17269,51,30000001,0,user_13,790,799,16613
17271,52,30000001,0,user_13,790,799,16613
17276,53,30000001,0,user_19,790,799,16613
17277,54,30000001,0,user_19,790,799,16613
17283,38,30000001,0,user_26,790,799,16613
17434,24,30000001,0,user_7,791,799,16613
17435,20,30000001,0,user_11,791,799,16613
17436,21,30000001,0,user_11,791,799,16613
17427,17,30000001,0,user_2,791,799,16613
17428,18,30000001,0,user_2,791,799,16613
17429,19,30000001,0,user_2,791,799,16613
17438,22,30000001,0,user_13,791,799,16613
17444,23,30000001,0,user_17,791,799,16613
17275,33,30000001,0,user_18,790,799,16613
17440,27,30000001,0,user_15,791,799,16613
17278,39,30000001,0,user_20,790,799,16613
17448,25,30000001,0,user_21,791,799,16613
17452,26,30000001,0,user_25,791,799,16613
17240,14,30000001,0,user_1,790,799,16613
17061,15,30000001,0,user_19,789,799,16613
17064,16,30000001,0,user_21,789,799,16613
16719,41,30000001,0,user_0,787,799,16613
17062,42,30000001,0,user_20,789,799,16613
17053,43,30000001,0,user_15,789,799,16613
17054,44,30000001,0,user_17,789,799,16613
17069,48,30000001,0,user_25,789,799,16613
17070,49,30000001,0,user_26,789,799,16613
16292,58,30000000,0,user_42,784,799,
16468,59,30000000,0,user_43,785,799,
16603,60,30000000,0,user_31,786,799,
17249,68,29999999,0,user_5,790,799,16613
17255,73,29999999,0,user_8,790,799,16613
17280,74,29999999,0,user_23,790,799,16613
17272,77,29999999,0,user_15,790,799,16613
17258,78,29999999,0,user_10,790,799,16613
17259,79,29999999,0,user_10,790,799,16613
17266,70,29999999,0,user_12,790,799,16613
17273,71,29999999,0,user_16,790,799,16613
17274,72,29999999,0,user_16,790,799,16613
17267,83,29999999,0,user_13,790,799,16613
17270,84,29999999,0,user_13,790,799,16613
17279,75,29999999,0,user_22,790,799,16613
17282,76,29999999,0,user_26,790,799,16613
17431,65,29999999,0,user_3,791,799,16613
17442,66,29999999,0,user_16,791,799,16613
17443,67,29999999,0,user_16,791,799,16613
17426,63,29999999,0,user_0,791,799,16613
17445,80,29999999,0,user_19,791,799,16613
17449,64,29999999,0,user_22,791,799,16613
17607,85,29999999,0,user_8,792,799,16613
17446,69,29999999,0,user_20,791,799,16613
17253,61,29999999,0,user_7,790,799,16613
17063,62,29999999,0,user_21,789,799,16613
17055,81,29999999,0,user_17,789,799,16613
17066,82,29999999,0,user_23,789,799,16613
16873,86,29999999,0,user_7,788,799,16613
16874,87,29999999,0,user_8,788,799,16613
17050,88,29999999,0,user_13,789,799,16613
18055,83,27000001,0,builder_15,795,795,16902
16902,90,27000000,779000,user_36,788,799,
17740,90,27000001,0,user_12,793,798,16902
17739,92,27000001,0,user_9,793,799,16902
17601,95,27000001,0,user_1,792,799,16902
17602,96,27000001,0,user_1,792,799,16902
17609,97,27000001,0,user_9,792,798,16902
17614,97,27000001,0,user_15,792,799,16902
17610,93,27000001,0,user_10,792,799,16902
17612,94,27000001,0,user_13,792,799,16902
17618,99,27000001,0,user_22,792,799,16902
17624,98,27000001,0,user_26,792,797,16902
17728,95,27000001,0,user_2,793,795,16902
17741,87,27000001,0,user_13,793,796,16902
17731,97,27000001,0,user_3,793,795,16902
17732,98,27000001,0,user_3,793,795,16902
17743,99,27000001,0,user_14,793,795,16902
17076,0,43000000,545000,user_38,789,799,
18170,1,42999999,0,builder_15,796,796,17076
17996,3,43000000,0,user_47,795,799,
18097,2,43000000,0,user_30,796,799,
15902,6,43000000,0,user_45,782,799,
17300,4,43000000,0,user_48,790,799,
17648,5,43000000,0,user_44,792,799,
17652,7,43000000,0,user_49,792,799,
15679,9,43000000,0,user_47,781,799,
16896,8,43000000,0,user_29,788,799,
16613,11,30000000,769000,user_45,786,799,
18171,11,29999999,0,builder_15,796,796,16613
17240,14,30000001,0,user_1,790,799,16613
17064,16,30000001,0,user_21,789,799,16613
17061,15,30000001,0,user_19,789,799,16613
16719,41,30000001,0,user_0,787,799,16613
17062,42,30000001,0,user_20,789,799,16613
17053,43,30000001,0,user_15,789,799,16613
17069,48,30000001,0,user_25,789,799,16613
17070,49,30000001,0,user_26,789,799,16613
17054,44,30000001,0,user_17,789,799,16613
17056,45,30000001,0,user_18,789,799,16613
17059,46,30000001,0,user_18,789,799,16613
17060,47,30000001,0,user_18,789,799,16613
17247,29,30000001,0,user_4,790,799,16613
17241,34,30000001,0,user_2,790,799,16613
17242,35,30000001,0,user_2,790,799,16613
17244,36,30000001,0,user_3,790,799,16613
17245,37,30000001,0,user_3,790,799,16613
17239,28,30000001,0,user_0,790,799,16613
17262,30,30000001,0,user_12,790,799,16613
17265,31,30000001,0,user_12,790,799,16613
17278,39,30000001,0,user_20,790,799,16613
17256,40,30000001,0,user_9,790,799,16613
17275,33,30000001,0,user_18,790,799,16613
17261,32,30000001,0,user_11,790,799,16613
17268,50,30000001,0,user_13,790,799,16613
17269,51,30000001,0,user_13,790,799,16613
17271,52,30000001,0,user_13,790,799,16613
17276,53,30000001,0,user_19,790,799,16613
17277,54,30000001,0,user_19,790,799,16613
17283,38,30000001,0,user_26,790,799,16613
17427,17,30000001,0,user_2,791,799,16613
17428,18,30000001,0,user_2,791,799,16613
17429,19,30000001,0,user_2,791,799,16613
17435,20,30000001,0,user_11,791,799,16613
17436,21,30000001,0,user_11,791,799,16613
17434,24,30000001,0,user_7,791,799,16613
17448,25,30000001,0,user_21,791,799,16613
17452,26,30000001,0,user_25,791,799,16613
17438,22,30000001,0,user_13,791,799,16613
17444,23,30000001,0,user_17,791,799,16613
17440,27,30000001,0,user_15,791,799,16613
17972,57,30000000,0,user_29,795,799,
16603,60,30000000,0,user_31,786,799,
16292,58,30000000,0,user_42,784,799,
16468,59,30000000,0,user_43,785,799,
17253,61,29999999,0,user_7,790,799,16613
17063,62,29999999,0,user_21,789,799,16613
17055,81,29999999,0,user_17,789,799,16613
17066,82,29999999,0,user_23,789,799,16613
17258,78,29999999,0,user_10,790,799,16613
17259,79,29999999,0,user_10,790,799,16613
17249,68,29999999,0,user_5,790,799,16613
17266,70,29999999,0,user_12,790,799,16613
17272,77,29999999,0,user_15,790,799,16613
17273,71,29999999,0,user_16,790,799,16613
17274,72,29999999,0,user_16,790,799,16613
17255,73,29999999,0,user_8,790,799,16613
17280,74,29999999,0,user_23,790,799,16613
17267,83,29999999,0,user_13,790,799,16613
17270,84,29999999,0,user_13,790,799,16613
17279,75,29999999,0,user_22,790,799,16613
17282,76,29999999,0,user_26,790,799,16613
17431,65,29999999,0,user_3,791,799,16613
17449,64,29999999,0,user_22,791,799,16613
17442,66,29999999,0,user_16,791,799,16613
17443,67,29999999,0,user_16,791,799,16613
17426,63,29999999,0,user_0,791,799,16613
17445,80,29999999,0,user_19,791,799,16613
17446,69,29999999,0,user_20,791,799,16613
17607,85,29999999,0,user_8,792,799,16613
17050,88,29999999,0,user_13,789,799,16613
16873,86,29999999,0,user_7,788,799,16613
16874,87,29999999,0,user_8,788,799,16613
18172,85,27000001,0,builder_15,796,796,16902
16902,90,27000000,779000,user_36,788,799,
17741,87,27000001,0,user_13,793,796,16902
17739,92,27000001,0,user_9,793,799,16902
17740,90,27000001,0,user_12,793,798,16902
17051,91,27000001,0,user_14,789,799,16902
17601,95,27000001,0,user_1,792,799,16902
17602,96,27000001,0,user_1,792,799,16902
17609,97,27000001,0,user_9,792,798,16902
17614,97,27000001,0,user_15,792,799,16902
17610,93,27000001,0,user_10,792,799,16902
17618,99,27000001,0,user_22,792,799,16902
17623,97,27000001,0,user_25,792,797,16902
17624,98,27000001,0,user_26,792,797,16902
17612,94,27000001,0,user_13,792,799,16902
18281,0,43000001,0,builder_15,797,797,17076
17076,0,43000000,545000,user_38,789,799,
18097,2,43000000,0,user_30,796,799,
17996,3,43000000,0,user_47,795,799,
15902,6,43000000,0,user_45,782,799,
17300,4,43000000,0,user_48,790,799,
17648,5,43000000,0,user_44,792,799,
17652,7,43000000,0,user_49,792,799,
15679,9,43000000,0,user_47,781,799,
16896,8,43000000,0,user_29,788,799,
16613,11,30000000,769000,user_45,786,799,
18282,11,29999999,0,builder_15,797,797,16613
17061,15,30000001,0,user_19,789,799,16613
17064,16,30000001,0,user_21,789,799,16613
17240,14,30000001,0,user_1,790,799,16613
17062,42,30000001,0,user_20,789,799,16613
17053,43,30000001,0,user_15,789,799,16613
17069,48,30000001,0,user_25,789,799,16613
17070,49,30000001,0,user_26,789,799,16613
17054,44,30000001,0,user_17,789,799,16613
17056,45,30000001,0,user_18,789,799,16613
17059,46,30000001,0,user_18,789,799,16613
17060,47,30000001,0,user_18,789,799,16613
17241,34,30000001,0,user_2,790,799,16613
17242,35,30000001,0,user_2,790,799,16613
17247,29,30000001,0,user_4,790,799,16613
17268,50,30000001,0,user_13,790,799,16613
17269,51,30000001,0,user_13,790,799,16613
17271,52,30000001,0,user_13,790,799,16613
17261,32,30000001,0,user_11,790,799,16613
17239,28,30000001,0,user_0,790,799,16613
17262,30,30000001,0,user_12,790,799,16613
17265,31,30000001,0,user_12,790,799,16613
17276,53,30000001,0,user_19,790,799,16613
17277,54,30000001,0,user_19,790,799,16613
17278,39,30000001,0,user_20,790,799,16613
16719,41,30000001,0,user_0,787,799,16613
17244,36,30000001,0,user_3,790,799,16613
17245,37,30000001,0,user_3,790,799,16613
17283,38,30000001,0,user_26,790,799,16613
17275,33,30000001,0,user_18,790,799,16613
17256,40,30000001,0,user_9,790,799,16613
17427,17,30000001,0,user_2,791,799,16613
17428,18,30000001,0,user_2,791,799,16613
17429,19,30000001,0,user_2,791,799,16613
17435,20,30000001,0,user_11,791,799,16613
17436,21,30000001,0,user_11,791,799,16613
17434,24,30000001,0,user_7,791,799,16613
17448,25,30000001,0,user_21,791,799,16613
17440,27,30000001,0,user_15,791,799,16613
17438,22,30000001,0,user_13,791,799,16613
17444,23,30000001,0,user_17,791,799,16613
17452,26,30000001,0,user_25,791,799,16613
18220,56,30000000,0,user_39,797,799,
17972,57,30000000,0,user_29,795,799,
16468,59,30000000,0,user_43,785,799,
16292,58,30000000,0,user_42,784,799,
16603,60,30000000,0,user_31,786,799,
17063,62,29999999,0,user_21,789,799,16613
17253,61,29999999,0,user_7,790,799,16613
17055,81,29999999,0,user_17,789,799,16613
17066,82,29999999,0,user_23,789,799,16613
17249,68,29999999,0,user_5,790,799,16613
17258,78,29999999,0,user_10,790,799,16613
17259,79,29999999,0,user_10,790,799,16613
17267,83,29999999,0,user_13,790,799,16613
17270,84,29999999,0,user_13,790,799,16613
17266,70,29999999,0,user_12,790,799,16613
17255,73,29999999,0,user_8,790,799,16613
17272,77,29999999,0,user_15,790,799,16613
17279,75,29999999,0,user_22,790,799,16613
17273,71,29999999,0,user_16,790,799,16613
17274,72,29999999,0,user_16,790,799,16613
17282,76,29999999,0,user_26,790,799,16613
17280,74,29999999,0,user_23,790,799,16613
17431,65,29999999,0,user_3,791,799,16613
17426,63,29999999,0,user_0,791,799,16613
17446,69,29999999,0,user_20,791,799,16613
17442,66,29999999,0,user_16,791,799,16613
17443,67,29999999,0,user_16,791,799,16613
17445,80,29999999,0,user_19,791,799,16613
17607,85,29999999,0,user_8,792,799,16613
17449,64,29999999,0,user_22,791,799,16613
16873,86,29999999,0,user_7,788,799,16613
16874,87,29999999,0,user_8,788,799,16613
17050,88,29999999,0,user_13,789,799,16613
16902,90,27000000,779000,user_36,788,799,
18283,87,26999999,0,builder_15,797,797,16902
17751,88,27000001,0,user_25,793,797,16902
17051,91,27000001,0,user_14,789,799,16902
17740,90,27000001,0,user_12,793,798,16902
17739,92,27000001,0,user_9,793,799,16902
17601,95,27000001,0,user_1,792,799,16902
17602,96,27000001,0,user_1,792,799,16902
17609,97,27000001,0,user_9,792,798,16902
17618,99,27000001,0,user_22,792,799,16902
17615,98,27000001,0,user_21,792,799,16902
17623,97,27000001,0,user_25,792,797,16902
17624,98,27000001,0,user_26,792,797,16902
17610,93,27000001,0,user_10,792,799,16902
17076,0,43000000,545000,user_38,789,799,
18404,1,42999999,0,builder_15,798,798,17076
18097,2,43000000,0,user_30,796,799,
17996,3,43000000,0,user_47,795,799,
17300,4,43000000,0,user_48,790,799,
15902,6,43000000,0,user_45,782,799,
17648,5,43000000,0,user_44,792,799,
17652,7,43000000,0,user_49,792,799,
16896,8,43000000,0,user_29,788,799,
15679,9,43000000,0,user_47,781,799,
18405,10,30000001,0,builder_15,798,798,16613
16613,11,30000000,769000,user_45,786,799,
18406,12,30000001,0,builder_15,798,798,18340
18340,12,30000000,322000,user_44,798,799,
17061,15,30000001,0,user_19,789,799,16613
17064,16,30000001,0,user_21,789,799,16613
17240,14,30000001,0,user_1,790,799,16613
17244,36,30000001,0,user_3,790,799,16613
17245,37,30000001,0,user_3,790,799,16613
17247,29,30000001,0,user_4,790,799,16613
17268,50,30000001,0,user_13,790,799,16613
17269,51,30000001,0,user_13,790,799,16613
17271,52,30000001,0,user_13,790,799,16613
17261,32,30000001,0,user_11,790,799,16613
17239,28,30000001,0,user_0,790,799,16613
17262,30,30000001,0,user_12,790,799,16613
17265,31,30000001,0,user_12,790,799,16613
17276,53,30000001,0,user_19,790,799,16613
17277,54,30000001,0,user_19,790,799,16613
17278,39,30000001,0,user_20,790,799,16613
17283,38,30000001,0,user_26,790,799,16613
17275,33,30000001,0,user_18,790,799,16613
17427,17,30000001,0,user_2,791,799,16613
17428,18,30000001,0,user_2,791,799,16613
17429,19,30000001,0,user_2,791,799,16613
17241,34,30000001,0,user_2,790,799,16613
17242,35,30000001,0,user_2,790,799,16613
17256,40,30000001,0,user_9,790,799,16613
17438,22,30000001,0,user_13,791,799,16613
17434,24,30000001,0,user_7,791,799,16613
17435,20,30000001,0,user_11,791,799,16613
17436,21,30000001,0,user_11,791,799,16613
17062,42,30000001,0,user_20,789,799,16613
16719,41,30000001,0,user_0,787,799,16613
17069,48,30000001,0,user_25,789,799,16613
17070,49,30000001,0,user_26,789,799,16613
17054,44,30000001,0,user_17,789,799,16613
17056,45,30000001,0,user_18,789,799,16613
17059,46,30000001,0,user_18,789,799,16613
17060,47,30000001,0,user_18,789,799,16613
17053,43,30000001,0,user_15,789,799,16613
17440,27,30000001,0,user_15,791,799,16613
17448,25,30000001,0,user_21,791,799,16613
17452,26,30000001,0,user_25,791,799,16613
17444,23,30000001,0,user_17,791,799,16613
17972,57,30000000,0,user_29,795,799,
18336,55,30000000,0,user_40,798,799,
16292,58,30000000,0,user_42,784,799,
16468,59,30000000,0,user_43,785,799,
16603,60,30000000,0,user_31,786,799,
17063,62,29999999,0,user_21,789,799,16613
17253,61,29999999,0,user_7,790,799,16613
17267,83,29999999,0,user_13,790,799,16613
17270,84,29999999,0,user_13,790,799,16613
17249,68,29999999,0,user_5,790,799,16613
17266,70,29999999,0,user_12,790,799,16613
17255,73,29999999,0,user_8,790,799,16613
17272,77,29999999,0,user_15,790,799,16613
17279,75,29999999,0,user_22,790,799,16613
17273,71,29999999,0,user_16,790,799,16613
17274,72,29999999,0,user_16,790,799,16613
17282,76,29999999,0,user_26,790,799,16613
17258,78,29999999,0,user_10,790,799,16613
17259,79,29999999,0,user_10,790,799,16613
17280,74,29999999,0,user_23,790,799,16613
17426,63,29999999,0,user_0,791,799,16613
17445,80,29999999,0,user_19,791,799,16613
17446,69,29999999,0,user_20,791,799,16613
17055,81,29999999,0,user_17,789,799,16613
17066,82,29999999,0,user_23,789,799,16613
17431,65,29999999,0,user_3,791,799,16613
17442,66,29999999,0,user_16,791,799,16613
17443,67,29999999,0,user_16,791,799,16613
17449,64,29999999,0,user_22,791,799,16613
17607,85,29999999,0,user_8,792,799,16613
16874,87,29999999,0,user_8,788,799,16613
16873,86,29999999,0,user_7,788,799,16613
17050,88,29999999,0,user_13,789,799,16613
18407,88,27000001,0,builder_15,798,798,16902
16902,90,27000000,779000,user_36,788,799,
17740,90,27000001,0,user_12,793,798,16902
17739,92,27000001,0,user_9,793,799,16902
17051,91,27000001,0,user_14,789,799,16902
17601,95,27000001,0,user_1,792,799,16902
17602,96,27000001,0,user_1,792,799,16902
17610,93,27000001,0,user_10,792,799,16902
17615,98,27000001,0,user_21,792,799,16902
17609,97,27000001,0,user_9,792,798,16902
17614,97,27000001,0,user_15,792,799,16902
17612,94,27000001,0,user_13,792,799,16902
17076,0,43000000,545000,user_38,789,799,
18535,1,42999999,0,builder_15,799,799,17076
18097,2,43000000,0,user_30,796,799,
17996,3,43000000,0,user_47,795,799,
17300,4,43000000,0,user_48,790,799,
17648,5,43000000,0,user_44,792,799,
15902,6,43000000,0,user_45,782,799,
17652,7,43000000,0,user_49,792,799,
16896,8,43000000,0,user_29,788,799,
15679,9,43000000,0,user_47,781,799,
18536,10,30000001,0,builder_15,799,799,16613
16613,11,30000000,769000,user_45,786,799,
18340,12,30000000,322000,user_44,798,799,
18537,13,29999999,0,builder_15,799,799,18340
17240,14,30000001,0,user_1,790,799,16613
17061,15,30000001,0,user_19,789,799,16613
17064,16,30000001,0,user_21,789,799,16613
17427,17,30000001,0,user_2,791,799,16613
17428,18,30000001,0,user_2,791,799,16613
17429,19,30000001,0,user_2,791,799,16613
17435,20,30000001,0,user_11,791,799,16613
17436,21,30000001,0,user_11,791,799,16613
17438,22,30000001,0,user_13,791,799,16613
17444,23,30000001,0,user_17,791,799,16613
17434,24,30000001,0,user_7,791,799,16613
17448,25,30000001,0,user_21,791,799,16613
17452,26,30000001,0,user_25,791,799,16613
17440,27,30000001,0,user_15,791,799,16613
17239,28,30000001,0,user_0,790,799,16613
17247,29,30000001,0,user_4,790,799,16613
17262,30,30000001,0,user_12,790,799,16613
17265,31,30000001,0,user_12,790,799,16613
17261,32,30000001,0,user_11,790,799,16613
17275,33,30000001,0,user_18,790,799,16613
17241,34,30000001,0,user_2,790,799,16613
17242,35,30000001,0,user_2,790,799,16613
17244,36,30000001,0,user_3,790,799,16613
17245,37,30000001,0,user_3,790,799,16613
17283,38,30000001,0,user_26,790,799,16613
17278,39,30000001,0,user_20,790,799,16613
17256,40,30000001,0,user_9,790,799,16613
16719,41,30000001,0,user_0,787,799,16613
17062,42,30000001,0,user_20,789,799,16613
17053,43,30000001,0,user_15,789,799,16613
17054,44,30000001,0,user_17,789,799,16613
17056,45,30000001,0,user_18,789,799,16613
17059,46,30000001,0,user_18,789,799,16613
17060,47,30000001,0,user_18,789,799,16613
17069,48,30000001,0,user_25,789,799,16613
17070,49,30000001,0,user_26,789,799,16613
17268,50,30000001,0,user_13,790,799,16613
17269,51,30000001,0,user_13,790,799,16613
17271,52,30000001,0,user_13,790,799,16613
17276,53,30000001,0,user_19,790,799,16613
17277,54,30000001,0,user_19,790,799,16613
18336,55,30000000,0,user_40,798,799,
18220,56,30000000,0,user_39,797,799,
17972,57,30000000,0,user_29,795,799,
16292,58,30000000,0,user_42,784,799,
16468,59,30000000,0,user_43,785,799,
16603,60,30000000,0,user_31,786,799,
17253,61,29999999,0,user_7,790,799,16613
17063,62,29999999,0,user_21,789,799,16613
17426,63,29999999,0,user_0,791,799,16613
17449,64,29999999,0,user_22,791,799,16613
17431,65,29999999,0,user_3,791,799,16613
17442,66,29999999,0,user_16,791,799,16613
17443,67,29999999,0,user_16,791,799,16613
17249,68,29999999,0,user_5,790,799,16613
17446,69,29999999,0,user_20,791,799,16613
17266,70,29999999,0,user_12,790,799,16613
17273,71,29999999,0,user_16,790,799,16613
17274,72,29999999,0,user_16,790,799,16613
17255,73,29999999,0,user_8,790,799,16613
17280,74,29999999,0,user_23,790,799,16613
17279,75,29999999,0,user_22,790,799,16613
17282,76,29999999,0,user_26,790,799,16613
17272,77,29999999,0,user_15,790,799,16613
17258,78,29999999,0,user_10,790,799,16613
17259,79,29999999,0,user_10,790,799,16613
17445,80,29999999,0,user_19,791,799,16613
17055,81,29999999,0,user_17,789,799,16613
17066,82,29999999,0,user_23,789,799,16613
17267,83,29999999,0,user_13,790,799,16613
17270,84,29999999,0,user_13,790,799,16613
17607,85,29999999,0,user_8,792,799,16613
16873,86,29999999,0,user_7,788,799,16613
16874,87,29999999,0,user_8,788,799,16613
17050,88,29999999,0,user_13,789,799,16613
18538,89,27000001,0,builder_15,799,799,16902
16902,90,27000000,779000,user_36,788,799,
17051,91,27000001,0,user_14,789,799,16902
17739,92,27000001,0,user_9,793,799,16902
17610,93,27000001,0,user_10,792,799,16902
17612,94,27000001,0,user_13,792,799,16902
17601,95,27000001,0,user_1,792,799,16902
17602,96,27000001,0,user_1,792,799,16902
17614,97,27000001,0,user_15,792,799,16902
17615,98,27000001,0,user_21,792,799,16902
17618,99,27000001,0,user_22,792,799,16902
15543,86,3200000,17700000,user_39,800,811,
15604,1,3199999,0,builder_15,800,800,15543
15511,84,5200000,181000,user_1,800,810,
15605,3,5199999,0,builder_15,800,800,15511
15526,95,5200001,0,user_12,800,810,15511
15532,98,5200001,0,user_19,800,810,15511
15530,96,5200001,0,user_15,800,810,15511
15517,97,5200001,0,user_6,800,810,15511
15537,99,5200001,0,user_26,800,810,15511
15527,83,5199999,0,user_12,800,809,15511
15519,84,5199999,0,user_7,800,809,15511
15520,85,5199999,0,user_7,800,809,15511
15533,80,5199999,0,user_19,800,809,15511
15531,86,5199999,0,user_15,800,809,15511
15518,81,5199999,0,user_6,800,809,15511
15534,82,5199999,0,user_22,800,809,15511
15541,85,2600000,0,user_37,800,805,
15544,91,2000000,15100,user_40,800,805,
15606,18,1999999,0,builder_15,800,800,15544
15553,94,2000000,0,user_44,800,805,
15557,97,1900000,0,user_47,800,805,
15556,93,1500000,0,user_47,800,804,
15559,95,1300000,13800,user_47,800,804,
15607,23,1299999,0,builder_15,800,800,15559
15560,82,1000000,0,user_48,800,802,
15525,86,910000,0,user_11,800,802,
15515,87,870000,0,user_4,800,802,
15535,89,670000,0,user_23,800,802,
15524,88,670000,0,user_10,800,802,
15523,92,470000,0,user_10,800,802,
15510,96,460000,0,user_1,800,802,
15522,93,460000,0,user_9,800,802,
15550,94,460000,0,user_44,800,802,
15552,97,420000,18600,user_44,800,802,
15608,34,419999,0,builder_15,800,800,15552
15558,64,420000,0,user_47,800,801,
15514,70,300000,0,user_1,800,801,
15516,71,260000,0,user_5,800,801,
15609,38,150001,0,builder_15,800,800,15549
15549,73,150000,75000,user_44,800,801,
15529,74,220000,0,user_14,800,801,
15610,41,170001,0,builder_15,800,800,15528
15528,42,170000,24700,user_13,800,800,
15512,76,190000,0,user_1,800,801,
15509,80,170000,0,user_0,800,801,
15513,83,160000,0,user_1,800,801,
15554,84,160000,0,user_45,800,801,
15551,96,120000,0,user_44,800,801,
15536,97,110000,0,user_24,800,801,
15521,49,98000,0,user_8,800,800,
15555,50,80000,0,user_47,800,800,
15545,51,77000,0,user_40,800,800,
15679,9,43000000,0,user_47,801,819,
15812,1,3200001,0,builder_15,801,801,15543
15543,86,3200000,17700000,user_39,800,811,
15676,93,6300000,0,user_45,801,811,
15677,94,6300000,0,user_45,801,811,
15813,5,5200001,0,builder_15,801,801,15511
15511,84,5200000,181000,user_1,800,810,
15526,95,5200001,0,user_12,800,810,15511
15532,98,5200001,0,user_19,800,810,15511
15517,97,5200001,0,user_6,800,810,15511
15530,96,5200001,0,user_15,800,810,15511
15537,99,5200001,0,user_26,800,810,15511
15645,64,5200001,0,user_13,801,809,15511
15654,94,5200001,0,user_18,801,810,15511
15519,84,5199999,0,user_7,800,809,15511
15520,85,5199999,0,user_7,800,809,15511
15527,83,5199999,0,user_12,800,809,15511
15533,80,5199999,0,user_19,800,809,15511
15518,81,5199999,0,user_6,800,809,15511
15531,86,5199999,0,user_15,800,809,15511
15534,82,5199999,0,user_22,800,809,15511
15641,88,5199999,0,user_11,801,809,15511
15647,89,5199999,0,user_14,801,809,15511
15651,78,5199999,0,user_18,801,809,15511
15665,96,4500000,0,user_31,801,809,
15666,78,3600000,0,user_32,801,807,
15664,79,3500000,0,user_31,801,807,
15643,92,3200001,0,user_11,801,807,15543
15629,83,3200001,0,user_1,801,807,15543
15634,90,3200001,0,user_7,801,807,15543
15636,91,3200001,0,user_7,801,807,15543
15632,84,3200001,0,user_5,801,807,15543
15640,72,3199999,0,user_11,801,805,15543
15630,71,3199999,0,user_2,801,805,15543
15644,76,3199999,0,user_13,801,805,15543
15635,73,3199999,0,user_7,801,805,15543
15656,69,3199999,0,user_19,801,805,15543
15639,74,3199999,0,user_10,801,805,15543
15649,70,3199999,0,user_15,801,805,15543
15541,85,2600000,0,user_37,800,805,
15539,84,2600000,0,user_29,800,805,
15542,90,2100000,0,user_38,800,805,
15814,42,2000001,0,builder_15,801,801,15544
15544,91,2000000,15100,user_40,800,805,
15627,93,2000001,0,user_0,801,805,15544
15553,94,2000000,0,user_44,800,805,
15557,97,1900000,0,user_47,800,805,
15556,93,1500000,0,user_47,800,804,
15559,95,1300000,13800,user_47,800,804,
15815,49,1299999,0,builder_15,801,801,15559
15560,82,1000000,0,user_48,800,802,
15525,86,910000,0,user_11,800,802,
15515,87,870000,0,user_4,800,802,
15535,89,670000,0,user_23,800,802,
15524,88,670000,0,user_10,800,802,
15523,92,470000,0,user_10,800,802,
15510,96,460000,0,user_1,800,802,
15547,95,460000,0,user_41,800,802,
15550,94,460000,0,user_44,800,802,
15522,93,460000,0,user_9,800,802,
15552,97,420000,18600,user_44,800,802,
15816,61,419999,0,builder_15,801,801,15552
15637,99,420001,0,user_7,801,802,15552
15660,63,420001,0,user_25,801,801,15552
15558,64,420000,0,user_47,800,801,
15642,65,419999,0,user_11,801,801,15552
15661,66,419999,0,user_25,801,801,15552
15817,67,360001,0,builder_15,801,801,15671
15671,68,360000,56200,user_39,801,801,
15540,69,340000,0,user_34,800,801,
15514,70,300000,0,user_1,800,801,
15516,71,260000,0,user_5,800,801,
15818,72,150001,0,builder_15,801,801,15549
15549,73,150000,75000,user_44,800,801,
15529,74,220000,0,user_14,800,801,
15561,75,220000,0,user_49,800,801,
15512,76,190000,0,user_1,800,801,
15658,77,170001,0,user_21,801,801,15528
15659,78,170001,0,user_24,801,801,15528
15648,79,170001,0,user_15,801,801,15528
15509,80,170000,0,user_0,800,801,
15663,81,150000,14200,user_30,801,801,
15819,82,149999,0,builder_15,801,801,15663
15513,83,160000,0,user_1,800,801,
15554,84,160000,0,user_45,800,801,
15631,85,150001,0,user_4,801,801,15549
15652,86,150001,0,user_18,801,801,15549
15655,87,150001,0,user_18,801,801,15549
15628,88,150001,0,user_0,801,801,15549
15667,89,150000,0,user_32,801,801,
15646,90,149999,0,user_14,801,801,15549
15650,91,149999,0,user_16,801,801,15549
15653,92,149999,0,user_18,801,801,15549
15548,93,130000,18600,user_43,800,801,
15820,94,129999,0,builder_15,801,801,15548
15638,95,129999,0,user_8,801,801,15548
15551,96,120000,0,user_44,800,801,
15536,97,110000,0,user_24,800,801,
15546,98,110000,0,user_41,800,801,
15538,99,110000,0,user_27,800,801,
15679,9,43000000,0,user_47,801,819,
15902,6,43000000,0,user_45,802,819,
16036,2,3200001,0,builder_15,802,802,15543
15543,86,3200000,17700000,user_39,800,811,
15676,93,6300000,0,user_45,801,811,
15677,94,6300000,0,user_45,801,811,
15900,96,6100000,0,user_40,802,811,
16037,7,5200001,0,builder_15,802,802,15511
15511,84,5200000,181000,user_1,800,810,
15532,98,5200001,0,user_19,800,810,15511
15517,97,5200001,0,user_6,800,810,15511
15530,96,5200001,0,user_15,800,810,15511
15537,99,5200001,0,user_26,800,810,15511
15526,95,5200001,0,user_12,800,810,15511
15654,94,5200001,0,user_18,801,810,15511
15866,93,5200001,0,user_10,802,810,15511
15903,66,5200000,0,user_45,802,809,
15647,89,5199999,0,user_14,801,809,15511
15519,84,5199999,0,user_7,800,809,15511
15520,85,5199999,0,user_7,800,809,15511
15533,80,5199999,0,user_19,800,809,15511
15518,81,5199999,0,user_6,800,809,15511
15531,86,5199999,0,user_15,800,809,15511
15534,82,5199999,0,user_22,800,809,15511
15641,88,5199999,0,user_11,801,809,15511
15527,83,5199999,0,user_12,800,809,15511
15651,78,5199999,0,user_18,801,809,15511
15863,79,5199999,0,user_10,802,809,15511
15895,91,5000000,0,user_36,802,809,
15665,96,4500000,0,user_31,801,809,
15666,78,3600000,0,user_32,801,807,
15664,79,3500000,0,user_31,801,807,
15629,83,3200001,0,user_1,801,807,15543
15634,90,3200001,0,user_7,801,807,15543
15636,91,3200001,0,user_7,801,807,15543
15632,84,3200001,0,user_5,801,807,15543
15633,93,3200001,0,user_6,801,807,15543
15643,92,3200001,0,user_11,801,807,15543
15854,94,3200001,0,user_1,802,807,15543
15859,85,3200001,0,user_5,802,807,15543
15865,86,3200001,0,user_10,802,807,15543
15630,71,3199999,0,user_2,801,805,15543
15635,73,3199999,0,user_7,801,805,15543
15656,69,3199999,0,user_19,801,805,15543
15639,74,3199999,0,user_10,801,805,15543
15657,94,3199999,0,user_20,801,806,15543
15649,70,3199999,0,user_15,801,805,15543
15640,72,3199999,0,user_11,801,805,15543
15857,95,3199999,0,user_3,802,806,15543
15861,96,3199999,0,user_7,802,806,15543
15874,99,3199999,0,user_18,802,806,15543
15878,97,3199999,0,user_21,802,806,15543
15879,98,3199999,0,user_21,802,806,15543
15881,81,3199999,0,user_24,802,805,15543
15539,84,2600000,0,user_29,800,805,
15541,85,2600000,0,user_37,800,805,
15542,90,2100000,0,user_38,800,805,
15544,91,2000000,15100,user_40,800,805,
16038,58,1999999,0,builder_15,802,802,15544
15627,93,2000001,0,user_0,801,805,15544
15553,94,2000000,0,user_44,800,805,
15557,97,1900000,0,user_47,800,805,
15898,99,1700000,0,user_39,802,805,
15896,90,1600000,0,user_37,802,804,
15556,93,1500000,0,user_47,800,804,
15559,95,1300000,13800,user_47,800,804,
16039,66,1299999,0,builder_15,802,802,15559
15907,82,1200000,0,user_48,802,803,
15891,84,1100000,0,user_32,802,803,
16040,69,1000001,0,builder_15,802,802,15673
15673,86,1000000,66100,user_42,801,803,
16041,71,1000001,0,builder_15,802,802,15888
15888,88,1000000,3130,user_32,802,803,
15855,99,1000001,0,user_1,802,803,15673
15870,91,1000001,0,user_14,802,803,15673
15877,92,1000001,0,user_21,802,803,15673
15882,95,1000001,0,user_25,802,803,15673
15875,90,1000001,0,user_19,802,803,15673
15880,94,1000001,0,user_23,802,803,15673
15864,93,1000001,0,user_10,802,803,15673
15862,97,1000001,0,user_9,802,803,15673
15883,96,1000001,0,user_26,802,803,15673
15560,82,1000000,0,user_48,800,802,
15867,83,999999,0,user_11,802,802,15673
15873,84,999999,0,user_17,802,802,15673
15871,85,999999,0,user_15,802,802,15673
15525,86,910000,0,user_11,800,802,
15515,87,870000,0,user_4,800,802,
15524,88,670000,0,user_10,800,802,
15535,89,670000,0,user_23,800,802,
16042,90,190001,0,builder_15,802,802,15670
15670,91,190000,381000,user_38,801,802,
15523,92,470000,0,user_10,800,802,
15522,93,460000,0,user_9,800,802,
15550,94,460000,0,user_44,800,802,
15547,95,460000,0,user_41,800,802,
15510,96,460000,0,user_1,800,802,
15552,97,420000,18600,user_44,800,802,
16043,98,419999,0,builder_15,802,802,15552
15637,99,420001,0,user_7,801,802,15552
15902,6,43000000,0,user_45,802,819,
15679,9,43000000,0,user_47,801,819,
16205,2,3200001,0,builder_15,803,803,15543
15543,86,3200000,17700000,user_39,800,811,
15676,93,6300000,0,user_45,801,811,
15677,94,6300000,0,user_45,801,811,
15900,96,6100000,0,user_40,802,811,
16111,97,6100000,0,user_45,803,811,
15511,84,5200000,181000,user_1,800,810,
16206,9,5199999,0,builder_15,803,803,15511
15866,93,5200001,0,user_10,802,810,15511
15645,64,5200001,0,user_13,801,809,15511
15654,94,5200001,0,user_18,801,810,15511
15526,95,5200001,0,user_12,800,810,15511
15532,98,5200001,0,user_19,800,810,15511
15517,97,5200001,0,user_6,800,810,15511
15530,96,5200001,0,user_15,800,810,15511
15537,99,5200001,0,user_26,800,810,15511
15903,66,5200000,0,user_45,802,809,
16087,67,5200000,0,user_28,803,809,
15863,79,5199999,0,user_10,802,809,15511
15641,88,5199999,0,user_11,801,809,15511
15647,89,5199999,0,user_14,801,809,15511
15651,78,5199999,0,user_18,801,809,15511
15527,83,5199999,0,user_12,800,809,15511
15519,84,5199999,0,user_7,800,809,15511
15520,85,5199999,0,user_7,800,809,15511
15533,80,5199999,0,user_19,800,809,15511
15518,81,5199999,0,user_6,800,809,15511
15531,86,5199999,0,user_15,800,809,15511
15534,82,5199999,0,user_22,800,809,15511
15895,91,5000000,0,user_36,802,809,
15665,96,4500000,0,user_31,801,809,
16101,97,4500000,0,user_37,803,809,
15666,78,3600000,0,user_32,801,807,
15664,79,3500000,0,user_31,801,807,
15865,86,3200001,0,user_10,802,807,15543
15633,93,3200001,0,user_6,801,807,15543
15643,92,3200001,0,user_11,801,807,15543
15634,90,3200001,0,user_7,801,807,15543
15636,91,3200001,0,user_7,801,807,15543
15854,94,3200001,0,user_1,802,807,15543
15859,85,3200001,0,user_5,802,807,15543
16077,87,3200001,0,user_16,803,807,15543
15629,83,3200001,0,user_1,801,807,15543
15632,84,3200001,0,user_5,801,807,15543
15861,96,3199999,0,user_7,802,806,15543
15857,95,3199999,0,user_3,802,806,15543
15878,97,3199999,0,user_21,802,806,15543
15879,98,3199999,0,user_21,802,806,15543
15874,99,3199999,0,user_18,802,806,15543
15881,81,3199999,0,user_24,802,805,15543
16066,82,3199999,0,user_1,803,805,15543
15640,72,3199999,0,user_11,801,805,15543
15635,73,3199999,0,user_7,801,805,15543
15639,74,3199999,0,user_10,801,805,15543
15657,94,3199999,0,user_20,801,806,15543
15644,76,3199999,0,user_13,801,805,15543
16078,68,3199999,0,user_17,803,805,15543
15630,71,3199999,0,user_2,801,805,15543
15656,69,3199999,0,user_19,801,805,15543
15649,70,3199999,0,user_15,801,805,15543
15541,85,2600000,0,user_37,800,805,
15539,84,2600000,0,user_29,800,805,
16097,89,2300000,0,user_35,803,805,
15542,90,2100000,0,user_38,800,805,
15544,91,2000000,15100,user_40,800,805,
16207,67,1999999,0,builder_15,803,803,15544
15627,93,2000001,0,user_0,801,805,15544
15553,94,2000000,0,user_44,800,805,
16100,96,1900000,0,user_36,803,805,
15557,97,1900000,0,user_47,800,805,
15898,99,1700000,0,user_39,802,805,
16113,98,1700000,0,user_47,803,805,
15896,90,1600000,0,user_37,802,804,
16096,92,1500000,0,user_33,803,804,
15556,93,1500000,0,user_47,800,804,
15559,95,1300000,13800,user_47,800,804,
16208,78,1299999,0,builder_15,803,803,15559
15904,97,1300000,0,user_46,802,804,
16098,98,1300000,0,user_35,803,804,
16103,99,1300000,0,user_39,803,804,
15907,82,1200000,0,user_48,802,803,
16108,83,1200000,0,user_40,803,803,
15891,84,1100000,0,user_32,802,803,
16106,85,1100000,0,user_39,803,803,
15673,86,1000000,66100,user_42,801,803,
16209,87,999999,0,builder_15,803,803,15673
15888,88,1000000,3130,user_32,802,803,
16210,89,999999,0,builder_15,803,803,15888
15875,90,1000001,0,user_19,802,803,15673
15870,91,1000001,0,user_14,802,803,15673
15877,92,1000001,0,user_21,802,803,15673
15864,93,1000001,0,user_10,802,803,15673
15880,94,1000001,0,user_23,802,803,15673
15882,95,1000001,0,user_25,802,803,15673
15883,96,1000001,0,user_26,802,803,15673
15862,97,1000001,0,user_9,802,803,15673
16068,98,1000001,0,user_4,803,803,15673
15855,99,1000001,0,user_1,802,803,15673
15902,6,43000000,0,user_45,802,819,
15679,9,43000000,0,user_47,801,819,
16112,94,27000000,0,user_46,803,812,
15543,86,3200000,17700000,user_39,800,811,
16386,4,3199999,0,builder_15,804,804,15543
16387,5,6300001,0,builder_15,804,804,16282
16282,91,6300000,5630,user_32,804,811,
15676,93,6300000,0,user_45,801,811,
15677,94,6300000,0,user_45,801,811,
16111,97,6100000,0,user_45,803,811,
15900,96,6100000,0,user_40,802,811,
16388,11,5200001,0,builder_15,804,804,15511
15511,84,5200000,181000,user_1,800,810,
15866,93,5200001,0,user_10,802,810,15511
16263,85,5200001,0,user_17,804,810,15511
16264,86,5200001,0,user_18,804,810,15511
15654,94,5200001,0,user_18,801,810,15511
15517,97,5200001,0,user_6,800,810,15511
15537,99,5200001,0,user_26,800,810,15511
15532,98,5200001,0,user_19,800,810,15511
15530,96,5200001,0,user_15,800,810,15511
15526,95,5200001,0,user_12,800,810,15511
15645,64,5200001,0,user_13,801,809,15511
15903,66,5200000,0,user_45,802,809,
16087,67,5200000,0,user_28,803,809,
16299,65,5200000,0,user_48,804,809,
15641,88,5199999,0,user_11,801,809,15511
15863,79,5199999,0,user_10,802,809,15511
15651,78,5199999,0,user_18,801,809,15511
15518,81,5199999,0,user_6,800,809,15511
15534,82,5199999,0,user_22,800,809,15511
15533,80,5199999,0,user_19,800,809,15511
15519,84,5199999,0,user_7,800,809,15511
15520,85,5199999,0,user_7,800,809,15511
15531,86,5199999,0,user_15,800,809,15511
15527,83,5199999,0,user_12,800,809,15511
15647,89,5199999,0,user_14,801,809,15511
16243,87,5199999,0,user_9,804,809,15511
15895,91,5000000,0,user_36,802,809,
16101,97,4500000,0,user_37,803,809,
15665,96,4500000,0,user_31,801,809,
15666,78,3600000,0,user_32,801,807,
15664,79,3500000,0,user_31,801,807,
15854,94,3200001,0,user_1,802,807,15543
15859,85,3200001,0,user_5,802,807,15543
15643,92,3200001,0,user_11,801,807,15543
15865,86,3200001,0,user_10,802,807,15543
16077,87,3200001,0,user_16,803,807,15543
16245,95,3200001,0,user_11,804,807,15543
16229,89,3200001,0,user_0,804,807,15543
16235,88,3200001,0,user_2,804,807,15543
16259,96,3200001,0,user_16,804,807,15543
15629,83,3200001,0,user_1,801,807,15543
15632,84,3200001,0,user_5,801,807,15543
15633,93,3200001,0,user_6,801,807,15543
15634,90,3200001,0,user_7,801,807,15543
15636,91,3200001,0,user_7,801,807,15543
16301,98,3200000,0,user_48,804,807,
15857,95,3199999,0,user_3,802,806,15543
15861,96,3199999,0,user_7,802,806,15543
15874,99,3199999,0,user_18,802,806,15543
15881,81,3199999,0,user_24,802,805,15543
15640,72,3199999,0,user_11,801,805,15543
15878,97,3199999,0,user_21,802,806,15543
15879,98,3199999,0,user_21,802,806,15543
16066,82,3199999,0,user_1,803,805,15543
16078,68,3199999,0,user_17,803,805,15543
16232,64,3199999,0,user_2,804,805,15543
16271,65,3199999,0,user_25,804,805,15543
15630,71,3199999,0,user_2,801,805,15543
15649,70,3199999,0,user_15,801,805,15543
15656,69,3199999,0,user_19,801,805,15543
15639,74,3199999,0,user_10,801,805,15543
15635,73,3199999,0,user_7,801,805,15543
15644,76,3199999,0,user_13,801,805,15543
15657,94,3199999,0,user_20,801,806,15543
15539,84,2600000,0,user_29,800,805,
15541,85,2600000,0,user_37,800,805,
16102,87,2400000,0,user_38,803,805,
16296,86,2400000,0,user_47,804,805,
16097,89,2300000,0,user_35,803,805,
15542,90,2100000,0,user_38,800,805,
16389,82,2000001,0,builder_15,804,804,15544
15544,91,2000000,15100,user_40,800,805,
15627,93,2000001,0,user_0,801,805,15544
15553,94,2000000,0,user_44,800,805,
16100,96,1900000,0,user_36,803,805,
15557,97,1900000,0,user_47,800,805,
16113,98,1700000,0,user_47,803,805,
15898,99,1700000,0,user_39,802,805,
15896,90,1600000,0,user_37,802,804,
16110,91,1600000,0,user_42,803,804,
16096,92,1500000,0,user_33,803,804,
15556,93,1500000,0,user_47,800,804,
16288,94,1400000,0,user_39,804,804,
15559,95,1300000,13800,user_47,800,804,
16390,96,1299999,0,builder_15,804,804,15559
15904,97,1300000,0,user_46,802,804,
16098,98,1300000,0,user_35,803,804,
16103,99,1300000,0,user_39,803,804,
15679,9,43000000,0,user_47,801,819,
15902,6,43000000,0,user_45,802,819,
16292,58,30000000,0,user_42,804,819,
16112,94,27000000,0,user_46,803,812,
15543,86,3200000,17700000,user_39,800,811,
16544,5,3199999,0,builder_15,805,805,15543
16282,91,6300000,5630,user_32,804,811,
16545,7,6299999,0,builder_15,805,805,16282
16445,92,6300000,0,user_28,805,811,
15676,93,6300000,0,user_45,801,811,
15677,94,6300000,0,user_45,801,811,
16111,97,6100000,0,user_45,803,811,
15900,96,6100000,0,user_40,802,811,
16546,13,5200001,0,builder_15,805,805,16457
16457,99,5200000,215000,user_37,805,811,
15511,84,5200000,181000,user_1,800,810,
16547,16,5199999,0,builder_15,805,805,15511
16263,85,5200001,0,user_17,804,810,15511
16264,86,5200001,0,user_18,804,810,15511
16443,87,5200001,0,user_24,805,810,15511
15517,97,5200001,0,user_6,800,810,15511
15537,99,5200001,0,user_26,800,810,15511
15526,95,5200001,0,user_12,800,810,15511
15530,96,5200001,0,user_15,800,810,15511
15532,98,5200001,0,user_19,800,810,15511
15654,94,5200001,0,user_18,801,810,15511
15645,64,5200001,0,user_13,801,809,15511
15866,93,5200001,0,user_10,802,810,15511
16299,65,5200000,0,user_48,804,809,
16087,67,5200000,0,user_28,803,809,
15903,66,5200000,0,user_45,802,809,
16243,87,5199999,0,user_9,804,809,15511
15518,81,5199999,0,user_6,800,809,15511
15534,82,5199999,0,user_22,800,809,15511
15519,84,5199999,0,user_7,800,809,15511
15520,85,5199999,0,user_7,800,809,15511
15527,83,5199999,0,user_12,800,809,15511
15531,86,5199999,0,user_15,800,809,15511
15533,80,5199999,0,user_19,800,809,15511
15651,78,5199999,0,user_18,801,809,15511
15641,88,5199999,0,user_11,801,809,15511
15647,89,5199999,0,user_14,801,809,15511
15863,79,5199999,0,user_10,802,809,15511
15895,91,5000000,0,user_36,802,809,
16101,97,4500000,0,user_37,803,809,
15665,96,4500000,0,user_31,801,809,
15666,78,3600000,0,user_32,801,807,
15664,79,3500000,0,user_31,801,807,
16235,88,3200001,0,user_2,804,807,15543
16259,96,3200001,0,user_16,804,807,15543
16229,89,3200001,0,user_0,804,807,15543
16245,95,3200001,0,user_11,804,807,15543
16410,82,3200001,0,user_1,805,807,15543
16077,87,3200001,0,user_16,803,807,15543
15629,83,3200001,0,user_1,801,807,15543
15632,84,3200001,0,user_5,801,807,15543
15643,92,3200001,0,user_11,801,807,15543
15634,90,3200001,0,user_7,801,807,15543
15636,91,3200001,0,user_7,801,807,15543
15633,93,3200001,0,user_6,801,807,15543
15854,94,3200001,0,user_1,802,807,15543
15859,85,3200001,0,user_5,802,807,15543
15865,86,3200001,0,user_10,802,807,15543
16301,98,3200000,0,user_48,804,807,
16232,64,3199999,0,user_2,804,805,15543
16271,65,3199999,0,user_25,804,805,15543
16433,99,3199999,0,user_18,805,807,15543
15874,99,3199999,0,user_18,802,806,15543
16078,68,3199999,0,user_17,803,805,15543
15656,69,3199999,0,user_19,801,805,15543
15649,70,3199999,0,user_15,801,805,15543
15630,71,3199999,0,user_2,801,805,15543
15640,72,3199999,0,user_11,801,805,15543
15635,73,3199999,0,user_7,801,805,15543
15639,74,3199999,0,user_10,801,805,15543
15657,94,3199999,0,user_20,801,806,15543
15644,76,3199999,0,user_13,801,805,15543
15857,95,3199999,0,user_3,802,806,15543
15861,96,3199999,0,user_7,802,806,15543
15878,97,3199999,0,user_21,802,806,15543
15879,98,3199999,0,user_21,802,806,15543
15881,81,3199999,0,user_24,802,805,15543
16066,82,3199999,0,user_1,803,805,15543
16421,92,3199999,0,user_9,805,806,15543
15539,84,2600000,0,user_29,800,805,
15541,85,2600000,0,user_37,800,805,
16296,86,2400000,0,user_47,804,805,
16102,87,2400000,0,user_38,803,805,
16463,88,2300000,0,user_39,805,805,
16097,89,2300000,0,user_35,803,805,
15542,90,2100000,0,user_38,800,805,
15544,91,2000000,15100,user_40,800,805,
16548,92,1999999,0,builder_15,805,805,15544
15627,93,2000001,0,user_0,801,805,15544
15553,94,2000000,0,user_44,800,805,
16456,95,1900000,0,user_36,805,805,
16100,96,1900000,0,user_36,803,805,
15557,97,1900000,0,user_47,800,805,
16113,98,1700000,0,user_47,803,805,
15898,99,1700000,0,user_39,802,805,
15902,6,43000000,0,user_45,802,819,
15679,9,43000000,0,user_47,801,819,
16695,2,30000001,0,builder_15,806,806,16613
16613,11,30000000,769000,user_45,806,819,
16468,59,30000000,0,user_43,805,819,
16292,58,30000000,0,user_42,804,819,
16603,60,30000000,0,user_31,806,819,
16112,94,27000000,0,user_46,803,812,
16696,8,3200001,0,builder_15,806,806,15543
15543,86,3200000,17700000,user_39,800,811,
16697,10,6300001,0,builder_15,806,806,16282
16282,91,6300000,5630,user_32,804,811,
16445,92,6300000,0,user_28,805,811,
15676,93,6300000,0,user_45,801,811,
15677,94,6300000,0,user_45,801,811,
16111,97,6100000,0,user_45,803,811,
15900,96,6100000,0,user_40,802,811,
16457,99,5200000,215000,user_37,805,811,
16698,18,5199999,0,builder_15,806,806,16457
15511,84,5200000,181000,user_1,800,810,
16699,20,5199999,0,builder_15,806,806,15511
16443,87,5200001,0,user_24,805,810,15511
16568,90,5200001,0,user_5,806,810,16457
16584,92,5200001,0,user_13,806,810,16457
16587,88,5200001,0,user_14,806,810,16457
16591,89,5200001,0,user_16,806,810,16457
16264,86,5200001,0,user_18,804,810,15511
15866,93,5200001,0,user_10,802,810,15511
16263,85,5200001,0,user_17,804,810,15511
15526,95,5200001,0,user_12,800,810,15511
15530,96,5200001,0,user_15,800,810,15511
15517,97,5200001,0,user_6,800,810,15511
15532,98,5200001,0,user_19,800,810,15511
15537,99,5200001,0,user_26,800,810,15511
15654,94,5200001,0,user_18,801,810,15511
16598,50,5200001,0,user_23,806,809,16457
15645,64,5200001,0,user_13,801,809,15511
16589,91,5200001,0,user_15,806,810,16457
16299,65,5200000,0,user_48,804,809,
15903,66,5200000,0,user_45,802,809,
16087,67,5200000,0,user_28,803,809,
16563,75,5199999,0,user_1,806,809,16457
16566,76,5199999,0,user_1,806,809,16457
16569,77,5199999,0,user_5,806,809,16457
16581,74,5199999,0,user_12,806,809,16457
16585,69,5199999,0,user_14,806,809,16457
16571,68,5199999,0,user_7,806,809,16457
16243,87,5199999,0,user_9,804,809,15511
15863,79,5199999,0,user_10,802,809,15511
15519,84,5199999,0,user_7,800,809,15511
15520,85,5199999,0,user_7,800,809,15511
15527,83,5199999,0,user_12,800,809,15511
15531,86,5199999,0,user_15,800,809,15511
15518,81,5199999,0,user_6,800,809,15511
15533,80,5199999,0,user_19,800,809,15511
15534,82,5199999,0,user_22,800,809,15511
15651,78,5199999,0,user_18,801,809,15511
15641,88,5199999,0,user_11,801,809,15511
15647,89,5199999,0,user_14,801,809,15511
16577,73,5199999,0,user_9,806,809,16457
16590,71,5199999,0,user_15,806,809,16457
16570,70,5199999,0,user_6,806,809,16457
16599,72,5199999,0,user_26,806,809,16457
16600,90,5000000,0,user_28,806,809,
15895,91,5000000,0,user_36,802,809,
16609,94,4200000,410000,user_39,806,809,
16700,66,4199999,0,builder_15,806,806,16609
16101,97,4500000,0,user_37,803,809,
15665,96,4500000,0,user_31,801,809,
15666,78,3600000,0,user_32,801,807,
15664,79,3500000,0,user_31,801,807,
16410,82,3200001,0,user_1,805,807,15543
16245,95,3200001,0,user_11,804,807,15543
16259,96,3200001,0,user_16,804,807,15543
16229,89,3200001,0,user_0,804,807,15543
15865,86,3200001,0,user_10,802,807,15543
15859,85,3200001,0,user_5,802,807,15543
16077,87,3200001,0,user_16,803,807,15543
16235,88,3200001,0,user_2,804,807,15543
15629,83,3200001,0,user_1,801,807,15543
15632,84,3200001,0,user_5,801,807,15543
15634,90,3200001,0,user_7,801,807,15543
15636,91,3200001,0,user_7,801,807,15543
15643,92,3200001,0,user_11,801,807,15543
15633,93,3200001,0,user_6,801,807,15543
15854,94,3200001,0,user_1,802,807,15543
16596,80,3200001,0,user_22,806,807,15543
16453,97,3200000,0,user_34,805,807,
16301,98,3200000,0,user_48,804,807,
16433,99,3199999,0,user_18,805,807,15543
16436,90,3199999,0,user_20,805,806,15543
16580,91,3199999,0,user_11,806,806,15543
16421,92,3199999,0,user_9,805,806,15543
16586,93,3199999,0,user_14,806,806,15543
15657,94,3199999,0,user_20,801,806,15543
15857,95,3199999,0,user_3,802,806,15543
15861,96,3199999,0,user_7,802,806,15543
15878,97,3199999,0,user_21,802,806,15543
15879,98,3199999,0,user_21,802,806,15543
15874,99,3199999,0,user_18,802,806,15543
15902,6,43000000,0,user_45,802,819,
15679,9,43000000,0,user_47,801,819,
16848,2,30000001,0,builder_15,807,807,16613
16613,11,30000000,769000,user_45,806,819,
16719,41,30000001,0,user_0,807,819,16613
16603,60,30000000,0,user_31,806,819,
16468,59,30000000,0,user_43,805,819,
16292,58,30000000,0,user_42,804,819,
16112,94,27000000,0,user_46,803,812,
16849,9,3200001,0,builder_15,807,807,15543
15543,86,3200000,17700000,user_39,800,811,
16850,11,6300001,0,builder_15,807,807,16282
16282,91,6300000,5630,user_32,804,811,
16445,92,6300000,0,user_28,805,811,
15676,93,6300000,0,user_45,801,811,
15677,94,6300000,0,user_45,801,811,
15900,96,6100000,0,user_40,802,811,
16111,97,6100000,0,user_45,803,811,
16457,99,5200000,215000,user_37,805,811,
16851,19,5199999,0,builder_15,807,807,16457
16852,20,5200001,0,builder_15,807,807,15511
15511,84,5200000,181000,user_1,800,810,
16568,90,5200001,0,user_5,806,810,16457
16598,50,5200001,0,user_23,806,809,16457
16587,88,5200001,0,user_14,806,810,16457
16589,91,5200001,0,user_15,806,810,16457
16591,89,5200001,0,user_16,806,810,16457
16264,86,5200001,0,user_18,804,810,15511
16443,87,5200001,0,user_24,805,810,15511
15526,95,5200001,0,user_12,800,810,15511
15532,98,5200001,0,user_19,800,810,15511
15517,97,5200001,0,user_6,800,810,15511
15530,96,5200001,0,user_15,800,810,15511
15537,99,5200001,0,user_26,800,810,15511
15654,94,5200001,0,user_18,801,810,15511
15866,93,5200001,0,user_10,802,810,15511
16263,85,5200001,0,user_17,804,810,15511
15645,64,5200001,0,user_13,801,809,15511
16299,65,5200000,0,user_48,804,809,
15903,66,5200000,0,user_45,802,809,
16087,67,5200000,0,user_28,803,809,
16569,77,5199999,0,user_5,806,809,16457
16581,74,5199999,0,user_12,806,809,16457
16571,68,5199999,0,user_7,806,809,16457
16570,70,5199999,0,user_6,806,809,16457
16599,72,5199999,0,user_26,806,809,16457
16577,73,5199999,0,user_9,806,809,16457
16585,69,5199999,0,user_14,806,809,16457
16590,71,5199999,0,user_15,806,809,16457
16563,75,5199999,0,user_1,806,809,16457
16566,76,5199999,0,user_1,806,809,16457
16243,87,5199999,0,user_9,804,809,15511
15519,84,5199999,0,user_7,800,809,15511
15520,85,5199999,0,user_7,800,809,15511
15527,83,5199999,0,user_12,800,809,15511
15533,80,5199999,0,user_19,800,809,15511
15518,81,5199999,0,user_6,800,809,15511
15531,86,5199999,0,user_15,800,809,15511
15534,82,5199999,0,user_22,800,809,15511
15651,78,5199999,0,user_18,801,809,15511
15863,79,5199999,0,user_10,802,809,15511
15641,88,5199999,0,user_11,801,809,15511
15647,89,5199999,0,user_14,801,809,15511
16600,90,5000000,0,user_28,806,809,
15895,91,5000000,0,user_36,802,809,
15665,96,4500000,0,user_31,801,809,
16101,97,4500000,0,user_37,803,809,
16728,99,4200001,0,user_17,807,809,16609
16721,98,4200001,0,user_5,807,809,16609
16737,79,4200001,0,user_24,807,808,16609
16727,88,4199999,0,user_16,807,808,16609
16731,92,4199999,0,user_18,807,808,16609
16720,89,4199999,0,user_2,807,808,16609
16732,90,4199999,0,user_19,807,808,16609
16733,91,4199999,0,user_19,807,808,16609
16736,93,4199999,0,user_23,807,808,16609
16738,95,4199999,0,user_26,807,808,16609
16751,77,3600000,0,user_40,807,807,
15666,78,3600000,0,user_32,801,807,
15664,79,3500000,0,user_31,801,807,
16596,80,3200001,0,user_22,806,807,15543
16730,81,3200001,0,user_17,807,807,15543
16410,82,3200001,0,user_1,805,807,15543
15629,83,3200001,0,user_1,801,807,15543
15632,84,3200001,0,user_5,801,807,15543
15859,85,3200001,0,user_5,802,807,15543
15865,86,3200001,0,user_10,802,807,15543
16077,87,3200001,0,user_16,803,807,15543
16235,88,3200001,0,user_2,804,807,15543
16229,89,3200001,0,user_0,804,807,15543
15634,90,3200001,0,user_7,801,807,15543
15636,91,3200001,0,user_7,801,807,15543
15643,92,3200001,0,user_11,801,807,15543
15633,93,3200001,0,user_6,801,807,15543
15854,94,3200001,0,user_1,802,807,15543
16245,95,3200001,0,user_11,804,807,15543
16259,96,3200001,0,user_16,804,807,15543
16453,97,3200000,0,user_34,805,807,
16301,98,3200000,0,user_48,804,807,
16433,99,3199999,0,user_18,805,807,15543
15902,6,43000000,0,user_45,802,819,
15679,9,43000000,0,user_47,801,819,
17008,2,30000001,0,builder_15,808,808,16613
16613,11,30000000,769000,user_45,806,819,
16719,41,30000001,0,user_0,807,819,16613
16468,59,30000000,0,user_43,805,819,
16603,60,30000000,0,user_31,806,819,
16292,58,30000000,0,user_42,804,819,
16873,86,29999999,0,user_7,808,819,16613
16874,87,29999999,0,user_8,808,819,16613
16902,90,27000000,779000,user_36,808,819,
17009,11,26999999,0,builder_15,808,808,16902
16112,94,27000000,0,user_46,803,812,
17010,13,3200001,0,builder_15,808,808,15543
15543,86,3200000,17700000,user_39,800,811,
16903,87,19000000,0,user_37,808,811,
17011,16,6300001,0,builder_15,808,808,16282
16282,91,6300000,5630,user_32,804,811,
16445,92,6300000,0,user_28,805,811,
15676,93,6300000,0,user_45,801,811,
15677,94,6300000,0,user_45,801,811,
15900,96,6100000,0,user_40,802,811,
16111,97,6100000,0,user_45,803,811,
17012,23,5200001,0,builder_15,808,808,16457
16457,99,5200000,215000,user_37,805,811,
17013,25,5200001,0,builder_15,808,808,15511
15511,84,5200000,181000,user_1,800,810,
16587,88,5200001,0,user_14,806,810,16457
16591,89,5200001,0,user_16,806,810,16457
16568,90,5200001,0,user_5,806,810,16457
16598,50,5200001,0,user_23,806,809,16457
16589,91,5200001,0,user_15,806,810,16457
16584,92,5200001,0,user_13,806,810,16457
16264,86,5200001,0,user_18,804,810,15511
16443,87,5200001,0,user_24,805,810,15511
16263,85,5200001,0,user_17,804,810,15511
15526,95,5200001,0,user_12,800,810,15511
15532,98,5200001,0,user_19,800,810,15511
15517,97,5200001,0,user_6,800,810,15511
15530,96,5200001,0,user_15,800,810,15511
15537,99,5200001,0,user_26,800,810,15511
15654,94,5200001,0,user_18,801,810,15511
15866,93,5200001,0,user_10,802,810,15511
15645,64,5200001,0,user_13,801,809,15511
16299,65,5200000,0,user_48,804,809,
15903,66,5200000,0,user_45,802,809,
16087,67,5200000,0,user_28,803,809,
16585,69,5199999,0,user_14,806,809,16457
16563,75,5199999,0,user_1,806,809,16457
16566,76,5199999,0,user_1,806,809,16457
16571,68,5199999,0,user_7,806,809,16457
16569,77,5199999,0,user_5,806,809,16457
16581,74,5199999,0,user_12,806,809,16457
16570,70,5199999,0,user_6,806,809,16457
16590,71,5199999,0,user_15,806,809,16457
16599,72,5199999,0,user_26,806,809,16457
16243,87,5199999,0,user_9,804,809,15511
16577,73,5199999,0,user_9,806,809,16457
15519,84,5199999,0,user_7,800,809,15511
15520,85,5199999,0,user_7,800,809,15511
15527,83,5199999,0,user_12,800,809,15511
15533,80,5199999,0,user_19,800,809,15511
15518,81,5199999,0,user_6,800,809,15511
15531,86,5199999,0,user_15,800,809,15511
15534,82,5199999,0,user_22,800,809,15511
15651,78,5199999,0,user_18,801,809,15511
15863,79,5199999,0,user_10,802,809,15511
15641,88,5199999,0,user_11,801,809,15511
15647,89,5199999,0,user_14,801,809,15511
16600,90,5000000,0,user_28,806,809,
15895,91,5000000,0,user_36,802,809,
16911,93,630000,4320000,user_48,808,809,
17014,72,629999,0,builder_15,808,808,16911
17015,73,4200001,0,builder_15,808,808,16609
16609,94,4200000,410000,user_39,806,809,
15665,96,4500000,0,user_31,801,809,
16101,97,4500000,0,user_37,803,809,
16728,99,4200001,0,user_17,807,809,16609
16721,98,4200001,0,user_5,807,809,16609
16737,79,4200001,0,user_24,807,808,16609
16734,80,4200001,0,user_20,807,808,16609
16880,81,4200001,0,user_11,808,808,16609
16870,82,4200001,0,user_2,808,808,16609
16881,83,4200001,0,user_14,808,808,16609
16885,84,4200001,0,user_18,808,808,16609
16886,85,4200001,0,user_18,808,808,16609
16872,86,4200001,0,user_5,808,808,16609
16876,87,4200001,0,user_8,808,808,16609
16727,88,4199999,0,user_16,807,808,16609
16720,89,4199999,0,user_2,807,808,16609
16732,90,4199999,0,user_19,807,808,16609
16733,91,4199999,0,user_19,807,808,16609
16731,92,4199999,0,user_18,807,808,16609
16736,93,4199999,0,user_23,807,808,16609
16735,94,4199999,0,user_21,807,808,16609
16738,95,4199999,0,user_26,807,808,16609
16879,96,4199999,0,user_11,808,808,16609
16871,97,4199999,0,user_3,808,808,16609
16888,98,4199999,0,user_23,808,808,16609
16877,99,4199999,0,user_9,808,808,16609
16896,8,43000000,0,user_29,808,819,
15902,6,43000000,0,user_45,802,819,
15679,9,43000000,0,user_47,801,819,
16613,11,30000000,769000,user_45,806,819,
17207,4,29999999,0,builder_15,809,809,16613
16719,41,30000001,0,user_0,807,819,16613
17054,44,30000001,0,user_17,809,819,16613
17056,45,30000001,0,user_18,809,819,16613
17059,46,30000001,0,user_18,809,819,16613
17060,47,30000001,0,user_18,809,819,16613
17064,16,30000001,0,user_21,809,819,16613
17069,48,30000001,0,user_25,809,819,16613
17061,15,30000001,0,user_19,809,819,16613
17053,43,30000001,0,user_15,809,819,16613
17070,49,30000001,0,user_26,809,819,16613
16603,60,30000000,0,user_31,806,819,
16292,58,30000000,0,user_42,804,819,
16468,59,30000000,0,user_43,805,819,
16874,87,29999999,0,user_8,808,819,16613
16873,86,29999999,0,user_7,808,819,16613
17050,88,29999999,0,user_13,809,819,16613
17055,81,29999999,0,user_17,809,819,16613
17063,62,29999999,0,user_21,809,819,16613
17066,82,29999999,0,user_23,809,819,16613
16902,90,27000000,779000,user_36,808,819,
17208,25,26999999,0,builder_15,809,809,16902
17051,91,27000001,0,user_14,809,819,16902
16112,94,27000000,0,user_46,803,812,
17043,82,26999999,0,user_4,809,811,16902
17044,79,26999999,0,user_5,809,811,16902
17046,81,26999999,0,user_7,809,811,16902
17058,83,26999999,0,user_18,809,811,16902
17052,80,26999999,0,user_14,809,811,16902
15543,86,3200000,17700000,user_39,800,811,
17209,34,3199999,0,builder_15,809,809,15543
16903,87,19000000,0,user_37,808,811,
16282,91,6300000,5630,user_32,804,811,
17210,37,6299999,0,builder_15,809,809,16282
16912,95,6300000,0,user_49,808,811,
16445,92,6300000,0,user_28,805,811,
15676,93,6300000,0,user_45,801,811,
15677,94,6300000,0,user_45,801,811,
15900,96,6100000,0,user_40,802,811,
16111,97,6100000,0,user_45,803,811,
16457,99,5200000,215000,user_37,805,811,
17211,45,5199999,0,builder_15,809,809,16457
17212,46,5200001,0,builder_15,809,809,15511
15511,84,5200000,181000,user_1,800,810,
16587,88,5200001,0,user_14,806,810,16457
16591,89,5200001,0,user_16,806,810,16457
16598,50,5200001,0,user_23,806,809,16457
16589,91,5200001,0,user_15,806,810,16457
16568,90,5200001,0,user_5,806,810,16457
16584,92,5200001,0,user_13,806,810,16457
16263,85,5200001,0,user_17,804,810,15511
16264,86,5200001,0,user_18,804,810,15511
16443,87,5200001,0,user_24,805,810,15511
15654,94,5200001,0,user_18,801,810,15511
15866,93,5200001,0,user_10,802,810,15511
15532,98,5200001,0,user_19,800,810,15511
15517,97,5200001,0,user_6,800,810,15511
15537,99,5200001,0,user_26,800,810,15511
15526,95,5200001,0,user_12,800,810,15511
15530,96,5200001,0,user_15,800,810,15511
15645,64,5200001,0,user_13,801,809,15511
16299,65,5200000,0,user_48,804,809,
15903,66,5200000,0,user_45,802,809,
16087,67,5200000,0,user_28,803,809,
16571,68,5199999,0,user_7,806,809,16457
16585,69,5199999,0,user_14,806,809,16457
16570,70,5199999,0,user_6,806,809,16457
16590,71,5199999,0,user_15,806,809,16457
16599,72,5199999,0,user_26,806,809,16457
16577,73,5199999,0,user_9,806,809,16457
16581,74,5199999,0,user_12,806,809,16457
16563,75,5199999,0,user_1,806,809,16457
16566,76,5199999,0,user_1,806,809,16457
16569,77,5199999,0,user_5,806,809,16457
15651,78,5199999,0,user_18,801,809,15511
15863,79,5199999,0,user_10,802,809,15511
15533,80,5199999,0,user_19,800,809,15511
15518,81,5199999,0,user_6,800,809,15511
15534,82,5199999,0,user_22,800,809,15511
15527,83,5199999,0,user_12,800,809,15511
15519,84,5199999,0,user_7,800,809,15511
15520,85,5199999,0,user_7,800,809,15511
15531,86,5199999,0,user_15,800,809,15511
16243,87,5199999,0,user_9,804,809,15511
15641,88,5199999,0,user_11,801,809,15511
15647,89,5199999,0,user_14,801,809,15511
16600,90,5000000,0,user_28,806,809,
15895,91,5000000,0,user_36,802,809,
17213,92,630001,0,builder_15,809,809,16911
16911,93,630000,4320000,user_48,808,809,
16609,94,4200000,410000,user_39,806,809,
17214,95,4199999,0,builder_15,809,809,16609
15665,96,4500000,0,user_31,801,809,
16101,97,4500000,0,user_37,803,809,
16721,98,4200001,0,user_5,807,809,16609
16728,99,4200001,0,user_17,807,809,16609
17398,0,43000001,0,builder_15,810,810,17076
17076,0,43000000,545000,user_38,809,819,
16896,8,43000000,0,user_29,808,819,
17300,4,43000000,0,user_48,810,819,
15902,6,43000000,0,user_45,802,819,
15679,9,43000000,0,user_47,801,819,
17399,6,30000001,0,builder_15,810,810,16613
16613,11,30000000,769000,user_45,806,819,
17054,44,30000001,0,user_17,809,819,16613
17061,15,30000001,0,user_19,809,819,16613
17056,45,30000001,0,user_18,809,819,16613
17059,46,30000001,0,user_18,809,819,16613
17060,47,30000001,0,user_18,809,819,16613
17062,42,30000001,0,user_20,809,819,16613
17053,43,30000001,0,user_15,809,819,16613
17064,16,30000001,0,user_21,809,819,16613
17069,48,30000001,0,user_25,809,819,16613
17070,49,30000001,0,user_26,809,819,16613
17261,32,30000001,0,user_11,810,819,16613
17239,28,30000001,0,user_0,810,819,16613
17240,14,30000001,0,user_1,810,819,16613
17247,29,30000001,0,user_4,810,819,16613
17262,30,30000001,0,user_12,810,819,16613
17265,31,30000001,0,user_12,810,819,16613
17241,34,30000001,0,user_2,810,819,16613
17242,35,30000001,0,user_2,810,819,16613
17268,50,30000001,0,user_13,810,819,16613
17269,51,30000001,0,user_13,810,819,16613
17271,52,30000001,0,user_13,810,819,16613
17275,33,30000001,0,user_18,810,819,16613
17244,36,30000001,0,user_3,810,819,16613
17245,37,30000001,0,user_3,810,819,16613
17276,53,30000001,0,user_19,810,819,16613
17277,54,30000001,0,user_19,810,819,16613
16719,41,30000001,0,user_0,807,819,16613
17256,40,30000001,0,user_9,810,819,16613
17283,38,30000001,0,user_26,810,819,16613
16292,58,30000000,0,user_42,804,819,
16468,59,30000000,0,user_43,805,819,
16603,60,30000000,0,user_31,806,819,
16874,87,29999999,0,user_8,808,819,16613
16873,86,29999999,0,user_7,808,819,16613
17050,88,29999999,0,user_13,809,819,16613
17055,81,29999999,0,user_17,809,819,16613
17066,82,29999999,0,user_23,809,819,16613
17063,62,29999999,0,user_21,809,819,16613
17249,68,29999999,0,user_5,810,819,16613
17266,70,29999999,0,user_12,810,819,16613
17267,83,29999999,0,user_13,810,819,16613
17270,84,29999999,0,user_13,810,819,16613
17273,71,29999999,0,user_16,810,819,16613
17274,72,29999999,0,user_16,810,819,16613
17253,61,29999999,0,user_7,810,819,16613
17255,73,29999999,0,user_8,810,819,16613
17258,78,29999999,0,user_10,810,819,16613
17259,79,29999999,0,user_10,810,819,16613
17280,74,29999999,0,user_23,810,819,16613
17272,77,29999999,0,user_15,810,819,16613
17279,75,29999999,0,user_22,810,819,16613
17282,76,29999999,0,user_26,810,819,16613
16902,90,27000000,779000,user_36,808,819,
17400,61,26999999,0,builder_15,810,810,16902
17051,91,27000001,0,user_14,809,819,16902
16112,94,27000000,0,user_46,803,812,
17043,82,26999999,0,user_4,809,811,16902
17052,80,26999999,0,user_14,809,811,16902
17046,81,26999999,0,user_7,809,811,16902
17044,79,26999999,0,user_5,809,811,16902
17058,83,26999999,0,user_18,809,811,16902
17257,77,26999999,0,user_10,810,811,16902
15543,86,3200000,17700000,user_39,800,811,
17401,71,3199999,0,builder_15,810,810,15543
16903,87,19000000,0,user_37,808,811,
17402,73,6300001,0,builder_15,810,810,16282
16282,91,6300000,5630,user_32,804,811,
16912,95,6300000,0,user_49,808,811,
16445,92,6300000,0,user_28,805,811,
15676,93,6300000,0,user_45,801,811,
15677,94,6300000,0,user_45,801,811,
15900,96,6100000,0,user_40,802,811,
16111,97,6100000,0,user_45,803,811,
17403,81,5200001,0,builder_15,810,810,16457
16457,99,5200000,215000,user_37,805,811,
17404,83,5200001,0,builder_15,810,810,15511
15511,84,5200000,181000,user_1,800,810,
16263,85,5200001,0,user_17,804,810,15511
16264,86,5200001,0,user_18,804,810,15511
16443,87,5200001,0,user_24,805,810,15511
16587,88,5200001,0,user_14,806,810,16457
16591,89,5200001,0,user_16,806,810,16457
16568,90,5200001,0,user_5,806,810,16457
16589,91,5200001,0,user_15,806,810,16457
16584,92,5200001,0,user_13,806,810,16457
15866,93,5200001,0,user_10,802,810,15511
15654,94,5200001,0,user_18,801,810,15511
15526,95,5200001,0,user_12,800,810,15511
15530,96,5200001,0,user_15,800,810,15511
15517,97,5200001,0,user_6,800,810,15511
15532,98,5200001,0,user_19,800,810,15511
15537,99,5200001,0,user_26,800,810,15511
17576,0,43000001,0,builder_15,811,811,17076
17076,0,43000000,545000,user_38,809,819,
17300,4,43000000,0,user_48,810,819,
15902,6,43000000,0,user_45,802,819,
15679,9,43000000,0,user_47,801,819,
16896,8,43000000,0,user_29,808,819,
16613,11,30000000,769000,user_45,806,819,
17577,7,29999999,0,builder_15,811,811,16613
17240,14,30000001,0,user_1,810,819,16613
17241,34,30000001,0,user_2,810,819,16613
17242,35,30000001,0,user_2,810,819,16613
17247,29,30000001,0,user_4,810,819,16613
17239,28,30000001,0,user_0,810,819,16613
17262,30,30000001,0,user_12,810,819,16613
17265,31,30000001,0,user_12,810,819,16613
17276,53,30000001,0,user_19,810,819,16613
17277,54,30000001,0,user_19,810,819,16613
17275,33,30000001,0,user_18,810,819,16613
17278,39,30000001,0,user_20,810,819,16613
17244,36,30000001,0,user_3,810,819,16613
17245,37,30000001,0,user_3,810,819,16613
17283,38,30000001,0,user_26,810,819,16613
17435,20,30000001,0,user_11,811,819,16613
17436,21,30000001,0,user_11,811,819,16613
17261,32,30000001,0,user_11,810,819,16613
17256,40,30000001,0,user_9,810,819,16613
17427,17,30000001,0,user_2,811,819,16613
17428,18,30000001,0,user_2,811,819,16613
17429,19,30000001,0,user_2,811,819,16613
17438,22,30000001,0,user_13,811,819,16613
17069,48,30000001,0,user_25,809,819,16613
17434,24,30000001,0,user_7,811,819,16613
17448,25,30000001,0,user_21,811,819,16613
17452,26,30000001,0,user_25,811,819,16613
17053,43,30000001,0,user_15,809,819,16613
17061,15,30000001,0,user_19,809,819,16613
17070,49,30000001,0,user_26,809,819,16613
17064,16,30000001,0,user_21,809,819,16613
17054,44,30000001,0,user_17,809,819,16613
17056,45,30000001,0,user_18,809,819,16613
17059,46,30000001,0,user_18,809,819,16613
17060,47,30000001,0,user_18,809,819,16613
17062,42,30000001,0,user_20,809,819,16613
17444,23,30000001,0,user_17,811,819,16613
16719,41,30000001,0,user_0,807,819,16613
17440,27,30000001,0,user_15,811,819,16613
16292,58,30000000,0,user_42,804,819,
16468,59,30000000,0,user_43,805,819,
16603,60,30000000,0,user_31,806,819,
17273,71,29999999,0,user_16,810,819,16613
17274,72,29999999,0,user_16,810,819,16613
17253,61,29999999,0,user_7,810,819,16613
17249,68,29999999,0,user_5,810,819,16613
17266,70,29999999,0,user_12,810,819,16613
17258,78,29999999,0,user_10,810,819,16613
17259,79,29999999,0,user_10,810,819,16613
17255,73,29999999,0,user_8,810,819,16613
17280,74,29999999,0,user_23,810,819,16613
17272,77,29999999,0,user_15,810,819,16613
17279,75,29999999,0,user_22,810,819,16613
17282,76,29999999,0,user_26,810,819,16613
17426,63,29999999,0,user_0,811,819,16613
17050,88,29999999,0,user_13,809,819,16613
17431,65,29999999,0,user_3,811,819,16613
17442,66,29999999,0,user_16,811,819,16613
17443,67,29999999,0,user_16,811,819,16613
17445,80,29999999,0,user_19,811,819,16613
17066,82,29999999,0,user_23,809,819,16613
17063,62,29999999,0,user_21,809,819,16613
17055,81,29999999,0,user_17,809,819,16613
16874,87,29999999,0,user_8,808,819,16613
16873,86,29999999,0,user_7,808,819,16613
17449,64,29999999,0,user_22,811,819,16613
16902,90,27000000,779000,user_36,808,819,
17578,74,26999999,0,builder_15,811,811,16902
17051,91,27000001,0,user_14,809,819,16902
16112,94,27000000,0,user_46,803,812,
17257,77,26999999,0,user_10,810,811,16902
17430,95,26999999,0,user_2,811,812,16902
17044,79,26999999,0,user_5,809,811,16902
17052,80,26999999,0,user_14,809,811,16902
17046,81,26999999,0,user_7,809,811,16902
17043,82,26999999,0,user_4,809,811,16902
17058,83,26999999,0,user_18,809,811,16902
17441,97,26999999,0,user_15,811,812,16902
17579,85,3200001,0,builder_15,811,811,15543
15543,86,3200000,17700000,user_39,800,811,
16903,87,19000000,0,user_37,808,811,
17580,88,870001,0,builder_15,811,811,17462
17462,89,870000,7190000,user_36,811,811,
17581,90,6300001,0,builder_15,811,811,16282
16282,91,6300000,5630,user_32,804,811,
16445,92,6300000,0,user_28,805,811,
15676,93,6300000,0,user_45,801,811,
15677,94,6300000,0,user_45,801,811,
16912,95,6300000,0,user_49,808,811,
15900,96,6100000,0,user_40,802,811,
16111,97,6100000,0,user_45,803,811,
17582,98,5200001,0,builder_15,811,811,16457
16457,99,5200000,215000,user_37,805,811,
17076,0,43000000,545000,user_38,809,819,
17714,1,42999999,0,builder_15,812,812,17076
17300,4,43000000,0,user_48,810,819,
15902,6,43000000,0,user_45,802,819,
15679,9,43000000,0,user_47,801,819,
16896,8,43000000,0,user_29,808,819,
17648,5,43000000,0,user_44,812,819,
16613,11,30000000,769000,user_45,806,819,
17715,8,29999999,0,builder_15,812,812,16613
17427,17,30000001,0,user_2,811,819,16613
17428,18,30000001,0,user_2,811,819,16613
17429,19,30000001,0,user_2,811,819,16613
17438,22,30000001,0,user_13,811,819,16613
17444,23,30000001,0,user_17,811,819,16613
17434,24,30000001,0,user_7,811,819,16613
17261,32,30000001,0,user_11,810,819,16613
17440,27,30000001,0,user_15,811,819,16613
17448,25,30000001,0,user_21,811,819,16613
17452,26,30000001,0,user_25,811,819,16613
17435,20,30000001,0,user_11,811,819,16613
17436,21,30000001,0,user_11,811,819,16613
17268,50,30000001,0,user_13,810,819,16613
17269,51,30000001,0,user_13,810,819,16613
17271,52,30000001,0,user_13,810,819,16613
17056,45,30000001,0,user_18,809,819,16613
17059,46,30000001,0,user_18,809,819,16613
17060,47,30000001,0,user_18,809,819,16613
17061,15,30000001,0,user_19,809,819,16613
17053,43,30000001,0,user_15,809,819,16613
17070,49,30000001,0,user_26,809,819,16613
17240,14,30000001,0,user_1,810,819,16613
17241,34,30000001,0,user_2,810,819,16613
17242,35,30000001,0,user_2,810,819,16613
17247,29,30000001,0,user_4,810,819,16613
17275,33,30000001,0,user_18,810,819,16613
17054,44,30000001,0,user_17,809,819,16613
17239,28,30000001,0,user_0,810,819,16613
17262,30,30000001,0,user_12,810,819,16613
17265,31,30000001,0,user_12,810,819,16613
17276,53,30000001,0,user_19,810,819,16613
17277,54,30000001,0,user_19,810,819,16613
17244,36,30000001,0,user_3,810,819,16613
17245,37,30000001,0,user_3,810,819,16613
17283,38,30000001,0,user_26,810,819,16613
17256,40,30000001,0,user_9,810,819,16613
17062,42,30000001,0,user_20,809,819,16613
17278,39,30000001,0,user_20,810,819,16613
17069,48,30000001,0,user_25,809,819,16613
17064,16,30000001,0,user_21,809,819,16613
16719,41,30000001,0,user_0,807,819,16613
16292,58,30000000,0,user_42,804,819,
16468,59,30000000,0,user_43,805,819,
16603,60,30000000,0,user_31,806,819,
17431,65,29999999,0,user_3,811,819,16613
17442,66,29999999,0,user_16,811,819,16613
17443,67,29999999,0,user_16,811,819,16613
17426,63,29999999,0,user_0,811,819,16613
17445,80,29999999,0,user_19,811,819,16613
17446,69,29999999,0,user_20,811,819,16613
17449,64,29999999,0,user_22,811,819,16613
17267,83,29999999,0,user_13,810,819,16613
17270,84,29999999,0,user_13,810,819,16613
17607,85,29999999,0,user_8,812,819,16613
17066,82,29999999,0,user_23,809,819,16613
17273,71,29999999,0,user_16,810,819,16613
17274,72,29999999,0,user_16,810,819,16613
17253,61,29999999,0,user_7,810,819,16613
17055,81,29999999,0,user_17,809,819,16613
17258,78,29999999,0,user_10,810,819,16613
17259,79,29999999,0,user_10,810,819,16613
17249,68,29999999,0,user_5,810,819,16613
17266,70,29999999,0,user_12,810,819,16613
17255,73,29999999,0,user_8,810,819,16613
17280,74,29999999,0,user_23,810,819,16613
17272,77,29999999,0,user_15,810,819,16613
17279,75,29999999,0,user_22,810,819,16613
17282,76,29999999,0,user_26,810,819,16613
17063,62,29999999,0,user_21,809,819,16613
16873,86,29999999,0,user_7,808,819,16613
16874,87,29999999,0,user_8,808,819,16613
17050,88,29999999,0,user_13,809,819,16613
16902,90,27000000,779000,user_36,808,819,
17716,82,26999999,0,builder_15,812,812,16902
17612,94,27000001,0,user_13,812,819,16902
17601,95,27000001,0,user_1,812,819,16902
17602,96,27000001,0,user_1,812,819,16902
17615,98,27000001,0,user_21,812,819,16902
17623,97,27000001,0,user_25,812,817,16902
17051,91,27000001,0,user_14,809,819,16902
17610,93,27000001,0,user_10,812,819,16902
17609,97,27000001,0,user_9,812,818,16902
17614,97,27000001,0,user_15,812,819,16902
17618,99,27000001,0,user_22,812,819,16902
17624,98,27000001,0,user_26,812,817,16902
16112,94,27000000,0,user_46,803,812,
17430,95,26999999,0,user_2,811,812,16902
17447,96,26999999,0,user_20,811,812,16902
17441,97,26999999,0,user_15,811,812,16902
17611,98,26999999,0,user_11,812,812,16902
17606,99,26999999,0,user_7,812,812,16902
17076,0,43000000,545000,user_38,809,819,
17829,1,42999999,0,builder_15,813,813,17076
17648,5,43000000,0,user_44,812,819,
17652,7,43000000,0,user_49,812,819,
17300,4,43000000,0,user_48,810,819,
15902,6,43000000,0,user_45,802,819,
15679,9,43000000,0,user_47,801,819,
16896,8,43000000,0,user_29,808,819,
17830,8,30000001,0,builder_15,813,813,16613
16613,11,30000000,769000,user_45,806,819,
17427,17,30000001,0,user_2,811,819,16613
17428,18,30000001,0,user_2,811,819,16613
17429,19,30000001,0,user_2,811,819,16613
17434,24,30000001,0,user_7,811,819,16613
17435,20,30000001,0,user_11,811,819,16613
17436,21,30000001,0,user_11,811,819,16613
17448,25,30000001,0,user_21,811,819,16613
17438,22,30000001,0,user_13,811,819,16613
17444,23,30000001,0,user_17,811,819,16613
17262,30,30000001,0,user_12,810,819,16613
17265,31,30000001,0,user_12,810,819,16613
17440,27,30000001,0,user_15,811,819,16613
17452,26,30000001,0,user_25,811,819,16613
17061,15,30000001,0,user_19,809,819,16613
17240,14,30000001,0,user_1,810,819,16613
17241,34,30000001,0,user_2,810,819,16613
17242,35,30000001,0,user_2,810,819,16613
17244,36,30000001,0,user_3,810,819,16613
17245,37,30000001,0,user_3,810,819,16613
17275,33,30000001,0,user_18,810,819,16613
17247,29,30000001,0,user_4,810,819,16613
17278,39,30000001,0,user_20,810,819,16613
17283,38,30000001,0,user_26,810,819,16613
17256,40,30000001,0,user_9,810,819,16613
17276,53,30000001,0,user_19,810,819,16613
17277,54,30000001,0,user_19,810,819,16613
17064,16,30000001,0,user_21,809,819,16613
16719,41,30000001,0,user_0,807,819,16613
17053,43,30000001,0,user_15,809,819,16613
17054,44,30000001,0,user_17,809,819,16613
17056,45,30000001,0,user_18,809,819,16613
17059,46,30000001,0,user_18,809,819,16613
17060,47,30000001,0,user_18,809,819,16613
17069,48,30000001,0,user_25,809,819,16613
17070,49,30000001,0,user_26,809,819,16613
17062,42,30000001,0,user_20,809,819,16613
17239,28,30000001,0,user_0,810,819,16613
17261,32,30000001,0,user_11,810,819,16613
17268,50,30000001,0,user_13,810,819,16613
17269,51,30000001,0,user_13,810,819,16613
17271,52,30000001,0,user_13,810,819,16613
16468,59,30000000,0,user_43,805,819,
16292,58,30000000,0,user_42,804,819,
16603,60,30000000,0,user_31,806,819,
17445,80,29999999,0,user_19,811,819,16613
17431,65,29999999,0,user_3,811,819,16613
17442,66,29999999,0,user_16,811,819,16613
17443,67,29999999,0,user_16,811,819,16613
17266,70,29999999,0,user_12,810,819,16613
17449,64,29999999,0,user_22,811,819,16613
17446,69,29999999,0,user_20,811,819,16613
17607,85,29999999,0,user_8,812,819,16613
17426,63,29999999,0,user_0,811,819,16613
17273,71,29999999,0,user_16,810,819,16613
17274,72,29999999,0,user_16,810,819,16613
17280,74,29999999,0,user_23,810,819,16613
17272,77,29999999,0,user_15,810,819,16613
17253,61,29999999,0,user_7,810,819,16613
17258,78,29999999,0,user_10,810,819,16613
17259,79,29999999,0,user_10,810,819,16613
17249,68,29999999,0,user_5,810,819,16613
17255,73,29999999,0,user_8,810,819,16613
17279,75,29999999,0,user_22,810,819,16613
17282,76,29999999,0,user_26,810,819,16613
17063,62,29999999,0,user_21,809,819,16613
17055,81,29999999,0,user_17,809,819,16613
17066,82,29999999,0,user_23,809,819,16613
16873,86,29999999,0,user_7,808,819,16613
16874,87,29999999,0,user_8,808,819,16613
17050,88,29999999,0,user_13,809,819,16613
17267,83,29999999,0,user_13,810,819,16613
17270,84,29999999,0,user_13,810,819,16613
17831,82,27000001,0,builder_15,813,813,16902
16902,90,27000000,779000,user_36,808,819,
17601,95,27000001,0,user_1,812,819,16902
17602,96,27000001,0,user_1,812,819,16902
17615,98,27000001,0,user_21,812,819,16902
17610,93,27000001,0,user_10,812,819,16902
17614,97,27000001,0,user_15,812,819,16902
17618,99,27000001,0,user_22,812,819,16902
17623,97,27000001,0,user_25,812,817,16902
17624,98,27000001,0,user_26,812,817,16902
17609,97,27000001,0,user_9,812,818,16902
17740,90,27000001,0,user_12,813,818,16902
17728,95,27000001,0,user_2,813,815,16902
17741,87,27000001,0,user_13,813,816,16902
17731,97,27000001,0,user_3,813,815,16902
17732,98,27000001,0,user_3,813,815,16902
17743,99,27000001,0,user_14,813,815,16902
17751,88,27000001,0,user_25,813,817,16902
17937,0,43000001,0,builder_15,814,814,17076
17076,0,43000000,545000,user_38,809,819,
17648,5,43000000,0,user_44,812,819,
17652,7,43000000,0,user_49,812,819,
17300,4,43000000,0,user_48,810,819,
15902,6,43000000,0,user_45,802,819,
16896,8,43000000,0,user_29,808,819,
15679,9,43000000,0,user_47,801,819,
17938,8,30000001,0,builder_15,814,814,16613
16613,11,30000000,769000,user_45,806,819,
17435,20,30000001,0,user_11,811,819,16613
17436,21,30000001,0,user_11,811,819,16613
17247,29,30000001,0,user_4,810,819,16613
17056,45,30000001,0,user_18,809,819,16613
17059,46,30000001,0,user_18,809,819,16613
17060,47,30000001,0,user_18,809,819,16613
17239,28,30000001,0,user_0,810,819,16613
17241,34,30000001,0,user_2,810,819,16613
17242,35,30000001,0,user_2,810,819,16613
17244,36,30000001,0,user_3,810,819,16613
17245,37,30000001,0,user_3,810,819,16613
17256,40,30000001,0,user_9,810,819,16613
17261,32,30000001,0,user_11,810,819,16613
17262,30,30000001,0,user_12,810,819,16613
17265,31,30000001,0,user_12,810,819,16613
17278,39,30000001,0,user_20,810,819,16613
17434,24,30000001,0,user_7,811,819,16613
17427,17,30000001,0,user_2,811,819,16613
17428,18,30000001,0,user_2,811,819,16613
17429,19,30000001,0,user_2,811,819,16613
17438,22,30000001,0,user_13,811,819,16613
17444,23,30000001,0,user_17,811,819,16613
17275,33,30000001,0,user_18,810,819,16613
17440,27,30000001,0,user_15,811,819,16613
17448,25,30000001,0,user_21,811,819,16613
17452,26,30000001,0,user_25,811,819,16613
17061,15,30000001,0,user_19,809,819,16613
17064,16,30000001,0,user_21,809,819,16613
17240,14,30000001,0,user_1,810,819,16613
17276,53,30000001,0,user_19,810,819,16613
17277,54,30000001,0,user_19,810,819,16613
17283,38,30000001,0,user_26,810,819,16613
16719,41,30000001,0,user_0,807,819,16613
17069,48,30000001,0,user_25,809,819,16613
17070,49,30000001,0,user_26,809,819,16613
17054,44,30000001,0,user_17,809,819,16613
17053,43,30000001,0,user_15,809,819,16613
17062,42,30000001,0,user_20,809,819,16613
17268,50,30000001,0,user_13,810,819,16613
17269,51,30000001,0,user_13,810,819,16613
17271,52,30000001,0,user_13,810,819,16613
16292,58,30000000,0,user_42,804,819,
16468,59,30000000,0,user_43,805,819,
16603,60,30000000,0,user_31,806,819,
17607,85,29999999,0,user_8,812,819,16613
17249,68,29999999,0,user_5,810,819,16613
17255,73,29999999,0,user_8,810,819,16613
17280,74,29999999,0,user_23,810,819,16613
17272,77,29999999,0,user_15,810,819,16613
17258,78,29999999,0,user_10,810,819,16613
17259,79,29999999,0,user_10,810,819,16613
17266,70,29999999,0,user_12,810,819,16613
17273,71,29999999,0,user_16,810,819,16613
17274,72,29999999,0,user_16,810,819,16613
17431,65,29999999,0,user_3,811,819,16613
17442,66,29999999,0,user_16,811,819,16613
17443,67,29999999,0,user_16,811,819,16613
17426,63,29999999,0,user_0,811,819,16613
17446,69,29999999,0,user_20,811,819,16613
17445,80,29999999,0,user_19,811,819,16613
17449,64,29999999,0,user_22,811,819,16613
17063,62,29999999,0,user_21,809,819,16613
17253,61,29999999,0,user_7,810,819,16613
17279,75,29999999,0,user_22,810,819,16613
17282,76,29999999,0,user_26,810,819,16613
17055,81,29999999,0,user_17,809,819,16613
17066,82,29999999,0,user_23,809,819,16613
16874,87,29999999,0,user_8,808,819,16613
16873,86,29999999,0,user_7,808,819,16613
17050,88,29999999,0,user_13,809,819,16613
17267,83,29999999,0,user_13,810,819,16613
17270,84,29999999,0,user_13,810,819,16613
17939,82,27000001,0,builder_15,814,814,16902
16902,90,27000000,779000,user_36,808,819,
17601,95,27000001,0,user_1,812,819,16902
17602,96,27000001,0,user_1,812,819,16902
17610,93,27000001,0,user_10,812,819,16902
17614,97,27000001,0,user_15,812,819,16902
17615,98,27000001,0,user_21,812,819,16902
17618,99,27000001,0,user_22,812,819,16902
17623,97,27000001,0,user_25,812,817,16902
17624,98,27000001,0,user_26,812,817,16902
17728,95,27000001,0,user_2,813,815,16902
17731,97,27000001,0,user_3,813,815,16902
17732,98,27000001,0,user_3,813,815,16902
17743,99,27000001,0,user_14,813,815,16902
17741,87,27000001,0,user_13,813,816,16902
17740,90,27000001,0,user_12,813,818,16902
17739,92,27000001,0,user_9,813,819,16902
17612,94,27000001,0,user_13,812,819,16902
17076,0,43000000,545000,user_38,809,819,
18053,1,42999999,0,builder_15,815,815,17076
17996,3,43000000,0,user_47,815,819,
17300,4,43000000,0,user_48,810,819,
17648,5,43000000,0,user_44,812,819,
17652,7,43000000,0,user_49,812,819,
15902,6,43000000,0,user_45,802,819,
16896,8,43000000,0,user_29,808,819,
15679,9,43000000,0,user_47,801,819,
18054,9,30000001,0,builder_15,815,815,16613
16613,11,30000000,769000,user_45,806,819,
17247,29,30000001,0,user_4,810,819,16613
17056,45,30000001,0,user_18,809,819,16613
17059,46,30000001,0,user_18,809,819,16613
17060,47,30000001,0,user_18,809,819,16613
17239,28,30000001,0,user_0,810,819,16613
17241,34,30000001,0,user_2,810,819,16613
17242,35,30000001,0,user_2,810,819,16613
17244,36,30000001,0,user_3,810,819,16613
17245,37,30000001,0,user_3,810,819,16613
17256,40,30000001,0,user_9,810,819,16613
17261,32,30000001,0,user_11,810,819,16613
17262,30,30000001,0,user_12,810,819,16613
17265,31,30000001,0,user_12,810,819,16613
17268,50,30000001,0,user_13,810,819,16613
17269,51,30000001,0,user_13,810,819,16613
17271,52,30000001,0,user_13,810,819,16613
17276,53,30000001,0,user_19,810,819,16613
17277,54,30000001,0,user_19,810,819,16613
17283,38,30000001,0,user_26,810,819,16613
17434,24,30000001,0,user_7,811,819,16613
17435,20,30000001,0,user_11,811,819,16613
17436,21,30000001,0,user_11,811,819,16613
17427,17,30000001,0,user_2,811,819,16613
17428,18,30000001,0,user_2,811,819,16613
17429,19,30000001,0,user_2,811,819,16613
17438,22,30000001,0,user_13,811,819,16613
17444,23,30000001,0,user_17,811,819,16613
17275,33,30000001,0,user_18,810,819,16613
17440,27,30000001,0,user_15,811,819,16613
17278,39,30000001,0,user_20,810,819,16613
17448,25,30000001,0,user_21,811,819,16613
17452,26,30000001,0,user_25,811,819,16613
17240,14,30000001,0,user_1,810,819,16613
17061,15,30000001,0,user_19,809,819,16613
17064,16,30000001,0,user_21,809,819,16613
16719,41,30000001,0,user_0,807,819,16613
17062,42,30000001,0,user_20,809,819,16613
17053,43,30000001,0,user_15,809,819,16613
17054,44,30000001,0,user_17,809,819,16613
17069,48,30000001,0,user_25,809,819,16613
17070,49,30000001,0,user_26,809,819,16613
16292,58,30000000,0,user_42,804,819,
16468,59,30000000,0,user_43,805,819,
16603,60,30000000,0,user_31,806,819,
17249,68,29999999,0,user_5,810,819,16613
17255,73,29999999,0,user_8,810,819,16613
17280,74,29999999,0,user_23,810,819,16613
17272,77,29999999,0,user_15,810,819,16613
17258,78,29999999,0,user_10,810,819,16613
17259,79,29999999,0,user_10,810,819,16613
17266,70,29999999,0,user_12,810,819,16613
17273,71,29999999,0,user_16,810,819,16613
17274,72,29999999,0,user_16,810,819,16613
17267,83,29999999,0,user_13,810,819,16613
17270,84,29999999,0,user_13,810,819,16613
17279,75,29999999,0,user_22,810,819,16613
17282,76,29999999,0,user_26,810,819,16613
17431,65,29999999,0,user_3,811,819,16613
17442,66,29999999,0,user_16,811,819,16613
17443,67,29999999,0,user_16,811,819,16613
17426,63,29999999,0,user_0,811,819,16613
17445,80,29999999,0,user_19,811,819,16613
17449,64,29999999,0,user_22,811,819,16613
17607,85,29999999,0,user_8,812,819,16613
17446,69,29999999,0,user_20,811,819,16613
17253,61,29999999,0,user_7,810,819,16613
17063,62,29999999,0,user_21,809,819,16613
17055,81,29999999,0,user_17,809,819,16613
17066,82,29999999,0,user_23,809,819,16613
16873,86,29999999,0,user_7,808,819,16613
16874,87,29999999,0,user_8,808,819,16613
17050,88,29999999,0,user_13,809,819,16613
18055,83,27000001,0,builder_15,815,815,16902
16902,90,27000000,779000,user_36,808,819,
17740,90,27000001,0,user_12,813,818,16902
17739,92,27000001,0,user_9,813,819,16902
17601,95,27000001,0,user_1,812,819,16902
17602,96,27000001,0,user_1,812,819,16902
17609,97,27000001,0,user_9,812,818,16902
17614,97,27000001,0,user_15,812,819,16902
17610,93,27000001,0,user_10,812,819,16902
17612,94,27000001,0,user_13,812,819,16902
17618,99,27000001,0,user_22,812,819,16902
17624,98,27000001,0,user_26,812,817,16902
17728,95,27000001,0,user_2,813,815,16902
17741,87,27000001,0,user_13,813,816,16902
17731,97,27000001,0,user_3,813,815,16902
17732,98,27000001,0,user_3,813,815,16902
17743,99,27000001,0,user_14,813,815,16902
17076,0,43000000,545000,user_38,809,819,
18170,1,42999999,0,builder_15,816,816,17076
17996,3,43000000,0,user_47,815,819,
18097,2,43000000,0,user_30,816,819,
15902,6,43000000,0,user_45,802,819,
17300,4,43000000,0,user_48,810,819,
17648,5,43000000,0,user_44,812,819,
17652,7,43000000,0,user_49,812,819,
15679,9,43000000,0,user_47,801,819,
16896,8,43000000,0,user_29,808,819,
16613,11,30000000,769000,user_45,806,819,
18171,11,29999999,0,builder_15,816,816,16613
17240,14,30000001,0,user_1,810,819,16613
17064,16,30000001,0,user_21,809,819,16613
17061,15,30000001,0,user_19,809,819,16613
16719,41,30000001,0,user_0,807,819,16613
17062,42,30000001,0,user_20,809,819,16613
17053,43,30000001,0,user_15,809,819,16613
17069,48,30000001,0,user_25,809,819,16613
17070,49,30000001,0,user_26,809,819,16613
17054,44,30000001,0,user_17,809,819,16613
17056,45,30000001,0,user_18,809,819,16613
17059,46,30000001,0,user_18,809,819,16613
17060,47,30000001,0,user_18,809,819,16613
17247,29,30000001,0,user_4,810,819,16613
17241,34,30000001,0,user_2,810,819,16613
17242,35,30000001,0,user_2,810,819,16613
17244,36,30000001,0,user_3,810,819,16613
17245,37,30000001,0,user_3,810,819,16613
17239,28,30000001,0,user_0,810,819,16613
17262,30,30000001,0,user_12,810,819,16613
17265,31,30000001,0,user_12,810,819,16613
17278,39,30000001,0,user_20,810,819,16613
17256,40,30000001,0,user_9,810,819,16613
17275,33,30000001,0,user_18,810,819,16613
17261,32,30000001,0,user_11,810,819,16613
17268,50,30000001,0,user_13,810,819,16613
17269,51,30000001,0,user_13,810,819,16613
17271,52,30000001,0,user_13,810,819,16613
17276,53,30000001,0,user_19,810,819,16613
17277,54,30000001,0,user_19,810,819,16613
17283,38,30000001,0,user_26,810,819,16613
17427,17,30000001,0,user_2,811,819,16613
17428,18,30000001,0,user_2,811,819,16613
17429,19,30000001,0,user_2,811,819,16613
17435,20,30000001,0,user_11,811,819,16613
17436,21,30000001,0,user_11,811,819,16613
17434,24,30000001,0,user_7,811,819,16613
17448,25,30000001,0,user_21,811,819,16613
17452,26,30000001,0,user_25,811,819,16613
17438,22,30000001,0,user_13,811,819,16613
17444,23,30000001,0,user_17,811,819,16613
17440,27,30000001,0,user_15,811,819,16613
17972,57,30000000,0,user_29,815,819,
16603,60,30000000,0,user_31,806,819,
16292,58,30000000,0,user_42,804,819,
16468,59,30000000,0,user_43,805,819,
17253,61,29999999,0,user_7,810,819,16613
17063,62,29999999,0,user_21,809,819,16613
17055,81,29999999,0,user_17,809,819,16613
17066,82,29999999,0,user_23,809,819,16613
17258,78,29999999,0,user_10,810,819,16613
17259,79,29999999,0,user_10,810,819,16613
17249,68,29999999,0,user_5,810,819,16613
17266,70,29999999,0,user_12,810,819,16613
17272,77,29999999,0,user_15,810,819,16613
17273,71,29999999,0,user_16,810,819,16613
17274,72,29999999,0,user_16,810,819,16613
17255,73,29999999,0,user_8,810,819,16613
17280,74,29999999,0,user_23,810,819,16613
17267,83,29999999,0,user_13,810,819,16613
17270,84,29999999,0,user_13,810,819,16613
17279,75,29999999,0,user_22,810,819,16613
17282,76,29999999,0,user_26,810,819,16613
17431,65,29999999,0,user_3,811,819,16613
17449,64,29999999,0,user_22,811,819,16613
17442,66,29999999,0,user_16,811,819,16613
17443,67,29999999,0,user_16,811,819,16613
17426,63,29999999,0,user_0,811,819,16613
17445,80,29999999,0,user_19,811,819,16613
17446,69,29999999,0,user_20,811,819,16613
17607,85,29999999,0,user_8,812,819,16613
17050,88,29999999,0,user_13,809,819,16613
16873,86,29999999,0,user_7,808,819,16613
16874,87,29999999,0,user_8,808,819,16613
18172,85,27000001,0,builder_15,816,816,16902
16902,90,27000000,779000,user_36,808,819,
17741,87,27000001,0,user_13,813,816,16902
17739,92,27000001,0,user_9,813,819,16902
17740,90,27000001,0,user_12,813,818,16902
17051,91,27000001,0,user_14,809,819,16902
17601,95,27000001,0,user_1,812,819,16902
17602,96,27000001,0,user_1,812,819,16902
17609,97,27000001,0,user_9,812,818,16902
17614,97,27000001,0,user_15,812,819,16902
17610,93,27000001,0,user_10,812,819,16902
17618,99,27000001,0,user_22,812,819,16902
17623,97,27000001,0,user_25,812,817,16902
17624,98,27000001,0,user_26,812,817,16902
17612,94,27000001,0,user_13,812,819,16902
18281,0,43000001,0,builder_15,817,817,17076
17076,0,43000000,545000,user_38,809,819,
18097,2,43000000,0,user_30,816,819,
17996,3,43000000,0,user_47,815,819,
15902,6,43000000,0,user_45,802,819,
17300,4,43000000,0,user_48,810,819,
17648,5,43000000,0,user_44,812,819,
17652,7,43000000,0,user_49,812,819,
15679,9,43000000,0,user_47,801,819,
16896,8,43000000,0,user_29,808,819,
16613,11,30000000,769000,user_45,806,819,
18282,11,29999999,0,builder_15,817,817,16613
17061,15,30000001,0,user_19,809,819,16613
17064,16,30000001,0,user_21,809,819,16613
17240,14,30000001,0,user_1,810,819,16613
17062,42,30000001,0,user_20,809,819,16613
17053,43,30000001,0,user_15,809,819,16613
17069,48,30000001,0,user_25,809,819,16613
17070,49,30000001,0,user_26,809,819,16613
17054,44,30000001,0,user_17,809,819,16613
17056,45,30000001,0,user_18,809,819,16613
17059,46,30000001,0,user_18,809,819,16613
17060,47,30000001,0,user_18,809,819,16613
17241,34,30000001,0,user_2,810,819,16613
17242,35,30000001,0,user_2,810,819,16613
17247,29,30000001,0,user_4,810,819,16613
17268,50,30000001,0,user_13,810,819,16613
17269,51,30000001,0,user_13,810,819,16613
17271,52,30000001,0,user_13,810,819,16613
17261,32,30000001,0,user_11,810,819,16613
17239,28,30000001,0,user_0,810,819,16613
17262,30,30000001,0,user_12,810,819,16613
17265,31,30000001,0,user_12,810,819,16613
17276,53,30000001,0,user_19,810,819,16613
17277,54,30000001,0,user_19,810,819,16613
17278,39,30000001,0,user_20,810,819,16613
16719,41,30000001,0,user_0,807,819,16613
17244,36,30000001,0,user_3,810,819,16613
17245,37,30000001,0,user_3,810,819,16613
17283,38,30000001,0,user_26,810,819,16613
17275,33,30000001,0,user_18,810,819,16613
17256,40,30000001,0,user_9,810,819,16613
17427,17,30000001,0,user_2,811,819,16613
17428,18,30000001,0,user_2,811,819,16613
17429,19,30000001,0,user_2,811,819,16613
17435,20,30000001,0,user_11,811,819,16613
17436,21,30000001,0,user_11,811,819,16613
17434,24,30000001,0,user_7,811,819,16613
17448,25,30000001,0,user_21,811,819,16613
17440,27,30000001,0,user_15,811,819,16613
17438,22,30000001,0,user_13,811,819,16613
17444,23,30000001,0,user_17,811,819,16613
17452,26,30000001,0,user_25,811,819,16613
18220,56,30000000,0,user_39,817,819,
17972,57,30000000,0,user_29,815,819,
16468,59,30000000,0,user_43,805,819,
16292,58,30000000,0,user_42,804,819,
16603,60,30000000,0,user_31,806,819,
17063,62,29999999,0,user_21,809,819,16613
17253,61,29999999,0,user_7,810,819,16613
17055,81,29999999,0,user_17,809,819,16613
17066,82,29999999,0,user_23,809,819,16613
17249,68,29999999,0,user_5,810,819,16613
17258,78,29999999,0,user_10,810,819,16613
17259,79,29999999,0,user_10,810,819,16613
17267,83,29999999,0,user_13,810,819,16613
17270,84,29999999,0,user_13,810,819,16613
17266,70,29999999,0,user_12,810,819,16613
17255,73,29999999,0,user_8,810,819,16613
17272,77,29999999,0,user_15,810,819,16613
17279,75,29999999,0,user_22,810,819,16613
17273,71,29999999,0,user_16,810,819,16613
17274,72,29999999,0,user_16,810,819,16613
17282,76,29999999,0,user_26,810,819,16613
17280,74,29999999,0,user_23,810,819,16613
17431,65,29999999,0,user_3,811,819,16613
17426,63,29999999,0,user_0,811,819,16613
17446,69,29999999,0,user_20,811,819,16613
17442,66,29999999,0,user_16,811,819,16613
17443,67,29999999,0,user_16,811,819,16613
17445,80,29999999,0,user_19,811,819,16613
17607,85,29999999,0,user_8,812,819,16613
17449,64,29999999,0,user_22,811,819,16613
16873,86,29999999,0,user_7,808,819,16613
16874,87,29999999,0,user_8,808,819,16613
17050,88,29999999,0,user_13,809,819,16613
16902,90,27000000,779000,user_36,808,819,
18283,87,26999999,0,builder_15,817,817,16902
17751,88,27000001,0,user_25,813,817,16902
17051,91,27000001,0,user_14,809,819,16902
17740,90,27000001,0,user_12,813,818,16902
17739,92,27000001,0,user_9,813,819,16902
17601,95,27000001,0,user_1,812,819,16902
17602,96,27000001,0,user_1,812,819,16902
17609,97,27000001,0,user_9,812,818,16902
17618,99,27000001,0,user_22,812,819,16902
17615,98,27000001,0,user_21,812,819,16902
17623,97,27000001,0,user_25,812,817,16902
17624,98,27000001,0,user_26,812,817,16902
17610,93,27000001,0,user_10,812,819,16902
17076,0,43000000,545000,user_38,809,819,
18404,1,42999999,0,builder_15,818,818,17076
18097,2,43000000,0,user_30,816,819,
17996,3,43000000,0,user_47,815,819,
17300,4,43000000,0,user_48,810,819,
15902,6,43000000,0,user_45,802,819,
17648,5,43000000,0,user_44,812,819,
17652,7,43000000,0,user_49,812,819,
16896,8,43000000,0,user_29,808,819,
15679,9,43000000,0,user_47,801,819,
18405,10,30000001,0,builder_15,818,818,16613
16613,11,30000000,769000,user_45,806,819,
18406,12,30000001,0,builder_15,818,818,18340
18340,12,30000000,322000,user_44,818,819,
17061,15,30000001,0,user_19,809,819,16613
17064,16,30000001,0,user_21,809,819,16613
17240,14,30000001,0,user_1,810,819,16613
17244,36,30000001,0,user_3,810,819,16613
17245,37,30000001,0,user_3,810,819,16613
17247,29,30000001,0,user_4,810,819,16613
17268,50,30000001,0,user_13,810,819,16613
17269,51,30000001,0,user_13,810,819,16613
17271,52,30000001,0,user_13,810,819,16613
17261,32,30000001,0,user_11,810,819,16613
17239,28,30000001,0,user_0,810,819,16613
17262,30,30000001,0,user_12,810,819,16613
17265,31,30000001,0,user_12,810,819,16613
17276,53,30000001,0,user_19,810,819,16613
17277,54,30000001,0,user_19,810,819,16613
17278,39,30000001,0,user_20,810,819,16613
17283,38,30000001,0,user_26,810,819,16613
17275,33,30000001,0,user_18,810,819,16613
17427,17,30000001,0,user_2,811,819,16613
17428,18,30000001,0,user_2,811,819,16613
17429,19,30000001,0,user_2,811,819,16613
17241,34,30000001,0,user_2,810,819,16613
17242,35,30000001,0,user_2,810,819,16613
17256,40,30000001,0,user_9,810,819,16613
17438,22,30000001,0,user_13,811,819,16613
17434,24,30000001,0,user_7,811,819,16613
17435,20,30000001,0,user_11,811,819,16613
17436,21,30000001,0,user_11,811,819,16613
17062,42,30000001,0,user_20,809,819,16613
16719,41,30000001,0,user_0,807,819,16613
17069,48,30000001,0,user_25,809,819,16613
17070,49,30000001,0,user_26,809,819,16613
17054,44,30000001,0,user_17,809,819,16613
17056,45,30000001,0,user_18,809,819,16613
17059,46,30000001,0,user_18,809,819,16613
17060,47,30000001,0,user_18,809,819,16613
17053,43,30000001,0,user_15,809,819,16613
17440,27,30000001,0,user_15,811,819,16613
17448,25,30000001,0,user_21,811,819,16613
17452,26,30000001,0,user_25,811,819,16613
17444,23,30000001,0,user_17,811,819,16613
17972,57,30000000,0,user_29,815,819,
18336,55,30000000,0,user_40,818,819,
16292,58,30000000,0,user_42,804,819,
16468,59,30000000,0,user_43,805,819,
16603,60,30000000,0,user_31,806,819,
17063,62,29999999,0,user_21,809,819,16613
17253,61,29999999,0,user_7,810,819,16613
17267,83,29999999,0,user_13,810,819,16613
17270,84,29999999,0,user_13,810,819,16613
17249,68,29999999,0,user_5,810,819,16613
17266,70,29999999,0,user_12,810,819,16613
17255,73,29999999,0,user_8,810,819,16613
17272,77,29999999,0,user_15,810,819,16613
17279,75,29999999,0,user_22,810,819,16613
17273,71,29999999,0,user_16,810,819,16613
17274,72,29999999,0,user_16,810,819,16613
17282,76,29999999,0,user_26,810,819,16613
17258,78,29999999,0,user_10,810,819,16613
17259,79,29999999,0,user_10,810,819,16613
17280,74,29999999,0,user_23,810,819,16613
17426,63,29999999,0,user_0,811,819,16613
17445,80,29999999,0,user_19,811,819,16613
17446,69,29999999,0,user_20,811,819,16613
17055,81,29999999,0,user_17,809,819,16613
17066,82,29999999,0,user_23,809,819,16613
17431,65,29999999,0,user_3,811,819,16613
17442,66,29999999,0,user_16,811,819,16613
17443,67,29999999,0,user_16,811,819,16613
17449,64,29999999,0,user_22,811,819,16613
17607,85,29999999,0,user_8,812,819,16613
16874,87,29999999,0,user_8,808,819,16613
16873,86,29999999,0,user_7,808,819,16613
17050,88,29999999,0,user_13,809,819,16613
18407,88,27000001,0,builder_15,818,818,16902
16902,90,27000000,779000,user_36,808,819,
17740,90,27000001,0,user_12,813,818,16902
17739,92,27000001,0,user_9,813,819,16902
17051,91,27000001,0,user_14,809,819,16902
17601,95,27000001,0,user_1,812,819,16902
17602,96,27000001,0,user_1,812,819,16902
17610,93,27000001,0,user_10,812,819,16902
17615,98,27000001,0,user_21,812,819,16902
17609,97,27000001,0,user_9,812,818,16902
17614,97,27000001,0,user_15,812,819,16902
17612,94,27000001,0,user_13,812,819,16902
17076,0,43000000,545000,user_38,809,819,
18535,1,42999999,0,builder_15,819,819,17076
18097,2,43000000,0,user_30,816,819,
17996,3,43000000,0,user_47,815,819,
17300,4,43000000,0,user_48,810,819,
17648,5,43000000,0,user_44,812,819,
15902,6,43000000,0,user_45,802,819,
17652,7,43000000,0,user_49,812,819,
16896,8,43000000,0,user_29,808,819,
15679,9,43000000,0,user_47,801,819,
18536,10,30000001,0,builder_15,819,819,16613
16613,11,30000000,769000,user_45,806,819,
18340,12,30000000,322000,user_44,818,819,
18537,13,29999999,0,builder_15,819,819,18340
17240,14,30000001,0,user_1,810,819,16613
17061,15,30000001,0,user_19,809,819,16613
17064,16,30000001,0,user_21,809,819,16613
17427,17,30000001,0,user_2,811,819,16613
17428,18,30000001,0,user_2,811,819,16613
17429,19,30000001,0,user_2,811,819,16613
17435,20,30000001,0,user_11,811,819,16613
17436,21,30000001,0,user_11,811,819,16613
17438,22,30000001,0,user_13,811,819,16613
17444,23,30000001,0,user_17,811,819,16613
17434,24,30000001,0,user_7,811,819,16613
17448,25,30000001,0,user_21,811,819,16613
17452,26,30000001,0,user_25,811,819,16613
17440,27,30000001,0,user_15,811,819,16613
17239,28,30000001,0,user_0,810,819,16613
17247,29,30000001,0,user_4,810,819,16613
17262,30,30000001,0,user_12,810,819,16613
17265,31,30000001,0,user_12,810,819,16613
17261,32,30000001,0,user_11,810,819,16613
17275,33,30000001,0,user_18,810,819,16613
17241,34,30000001,0,user_2,810,819,16613
17242,35,30000001,0,user_2,810,819,16613
17244,36,30000001,0,user_3,810,819,16613
17245,37,30000001,0,user_3,810,819,16613
17283,38,30000001,0,user_26,810,819,16613
17278,39,30000001,0,user_20,810,819,16613
17256,40,30000001,0,user_9,810,819,16613
16719,41,30000001,0,user_0,807,819,16613
17062,42,30000001,0,user_20,809,819,16613
17053,43,30000001,0,user_15,809,819,16613
17054,44,30000001,0,user_17,809,819,16613
17056,45,30000001,0,user_18,809,819,16613
17059,46,30000001,0,user_18,809,819,16613
17060,47,30000001,0,user_18,809,819,16613
17069,48,30000001,0,user_25,809,819,16613
17070,49,30000001,0,user_26,809,819,16613
17268,50,30000001,0,user_13,810,819,16613
17269,51,30000001,0,user_13,810,819,16613
17271,52,30000001,0,user_13,810,819,16613
17276,53,30000001,0,user_19,810,819,16613
17277,54,30000001,0,user_19,810,819,16613
18336,55,30000000,0,user_40,818,819,
18220,56,30000000,0,user_39,817,819,
17972,57,30000000,0,user_29,815,819,
16292,58,30000000,0,user_42,804,819,
16468,59,30000000,0,user_43,805,819,
16603,60,30000000,0,user_31,806,819,
17253,61,29999999,0,user_7,810,819,16613
17063,62,29999999,0,user_21,809,819,16613
17426,63,29999999,0,user_0,811,819,16613
17449,64,29999999,0,user_22,811,819,16613
17431,65,29999999,0,user_3,811,819,16613
17442,66,29999999,0,user_16,811,819,16613
17443,67,29999999,0,user_16,811,819,16613
17249,68,29999999,0,user_5,810,819,16613
17446,69,29999999,0,user_20,811,819,16613
17266,70,29999999,0,user_12,810,819,16613
17273,71,29999999,0,user_16,810,819,16613
17274,72,29999999,0,user_16,810,819,16613
17255,73,29999999,0,user_8,810,819,16613
17280,74,29999999,0,user_23,810,819,16613
17279,75,29999999,0,user_22,810,819,16613
17282,76,29999999,0,user_26,810,819,16613
17272,77,29999999,0,user_15,810,819,16613
17258,78,29999999,0,user_10,810,819,16613
17259,79,29999999,0,user_10,810,819,16613
17445,80,29999999,0,user_19,811,819,16613
17055,81,29999999,0,user_17,809,819,16613
17066,82,29999999,0,user_23,809,819,16613
17267,83,29999999,0,user_13,810,819,16613
17270,84,29999999,0,user_13,810,819,16613
17607,85,29999999,0,user_8,812,819,16613
16873,86,29999999,0,user_7,808,819,16613
16874,87,29999999,0,user_8,808,819,16613
17050,88,29999999,0,user_13,809,819,16613
18538,89,27000001,0,builder_15,819,819,16902
16902,90,27000000,779000,user_36,808,819,
17051,91,27000001,0,user_14,809,819,16902
17739,92,27000001,0,user_9,813,819,16902
17610,93,27000001,0,user_10,812,819,16902
17612,94,27000001,0,user_13,812,819,16902
17601,95,27000001,0,user_1,812,819,16902
17602,96,27000001,0,user_1,812,819,16902
17614,97,27000001,0,user_15,812,819,16902
17615,98,27000001,0,user_21,812,819,16902
17618,99,27000001,0,user_22,812,819,16902
15543,86,3200000,17700000,user_39,820,831,
15604,1,3199999,0,builder_15,820,820,15543
15511,84,5200000,181000,user_1,820,830,
15605,3,5199999,0,builder_15,820,820,15511
15526,95,5200001,0,user_12,820,830,15511
15532,98,5200001,0,user_19,820,830,15511
15530,96,5200001,0,user_15,820,830,15511
15517,97,5200001,0,user_6,820,830,15511
15537,99,5200001,0,user_26,820,830,15511
15527,83,5199999,0,user_12,820,829,15511
15519,84,5199999,0,user_7,820,829,15511
15520,85,5199999,0,user_7,820,829,15511
15533,80,5199999,0,user_19,820,829,15511
15531,86,5199999,0,user_15,820,829,15511
15518,81,5199999,0,user_6,820,829,15511
15534,82,5199999,0,user_22,820,829,15511
15541,85,2600000,0,user_37,820,825,
15544,91,2000000,15100,user_40,820,825,
15606,18,1999999,0,builder_15,820,820,15544
15553,94,2000000,0,user_44,820,825,
15557,97,1900000,0,user_47,820,825,
15556,93,1500000,0,user_47,820,824,
15559,95,1300000,13800,user_47,820,824,
15607,23,1299999,0,builder_15,820,820,15559
15560,82,1000000,0,user_48,820,822,
15525,86,910000,0,user_11,820,822,
15515,87,870000,0,user_4,820,822,
15535,89,670000,0,user_23,820,822,
15524,88,670000,0,user_10,820,822,
15523,92,470000,0,user_10,820,822,
15510,96,460000,0,user_1,820,822,
15522,93,460000,0,user_9,820,822,
15550,94,460000,0,user_44,820,822,
15552,97,420000,18600,user_44,820,822,
15608,34,419999,0,builder_15,820,820,15552
15558,64,420000,0,user_47,820,821,
15514,70,300000,0,user_1,820,821,
15516,71,260000,0,user_5,820,821,
15609,38,150001,0,builder_15,820,820,15549
15549,73,150000,75000,user_44,820,821,
15529,74,220000,0,user_14,820,821,
15610,41,170001,0,builder_15,820,820,15528
15528,42,170000,24700,user_13,820,820,
15512,76,190000,0,user_1,820,821,
15509,80,170000,0,user_0,820,821,
15513,83,160000,0,user_1,820,821,
15554,84,160000,0,user_45,820,821,
15551,96,120000,0,user_44,820,821,
15536,97,110000,0,user_24,820,821,
15521,49,98000,0,user_8,820,820,
15555,50,80000,0,user_47,820,820,
15545,51,77000,0,user_40,820,820,
15679,9,43000000,0,user_47,821,839,
15812,1,3200001,0,builder_15,821,821,15543
15543,86,3200000,17700000,user_39,820,831,
15676,93,6300000,0,user_45,821,831,
15677,94,6300000,0,user_45,821,831,
15813,5,5200001,0,builder_15,821,821,15511
15511,84,5200000,181000,user_1,820,830,
15526,95,5200001,0,user_12,820,830,15511
15532,98,5200001,0,user_19,820,830,15511
15517,97,5200001,0,user_6,820,830,15511
15530,96,5200001,0,user_15,820,830,15511
15537,99,5200001,0,user_26,820,830,15511
15645,64,5200001,0,user_13,821,829,15511
15654,94,5200001,0,user_18,821,830,15511
15519,84,5199999,0,user_7,820,829,15511
15520,85,5199999,0,user_7,820,829,15511
15527,83,5199999,0,user_12,820,829,15511
15533,80,5199999,0,user_19,820,829,15511
15518,81,5199999,0,user_6,820,829,15511
15531,86,5199999,0,user_15,820,829,15511
15534,82,5199999,0,user_22,820,829,15511
15641,88,5199999,0,user_11,821,829,15511
15647,89,5199999,0,user_14,821,829,15511
15651,78,5199999,0,user_18,821,829,15511
15665,96,4500000,0,user_31,821,829,
15666,78,3600000,0,user_32,821,827,
15664,79,3500000,0,user_31,821,827,
15643,92,3200001,0,user_11,821,827,15543
15629,83,3200001,0,user_1,821,827,15543
15634,90,3200001,0,user_7,821,827,15543
15636,91,3200001,0,user_7,821,827,15543
15632,84,3200001,0,user_5,821,827,15543
15640,72,3199999,0,user_11,821,825,15543
15630,71,3199999,0,user_2,821,825,15543
15644,76,3199999,0,user_13,821,825,15543
15635,73,3199999,0,user_7,821,825,15543
15656,69,3199999,0,user_19,821,825,15543
15639,74,3199999,0,user_10,821,825,15543
15649,70,3199999,0,user_15,821,825,15543
15541,85,2600000,0,user_37,820,825,
15539,84,2600000,0,user_29,820,825,
15542,90,2100000,0,user_38,820,825,
15814,42,2000001,0,builder_15,821,821,15544
15544,91,2000000,15100,user_40,820,825,
15627,93,2000001,0,user_0,821,825,15544
15553,94,2000000,0,user_44,820,825,
15557,97,1900000,0,user_47,820,825,
15556,93,1500000,0,user_47,820,824,
15559,95,1300000,13800,user_47,820,824,
15815,49,1299999,0,builder_15,821,821,15559
15560,82,1000000,0,user_48,820,822,
15525,86,910000,0,user_11,820,822,
15515,87,870000,0,user_4,820,822,
15535,89,670000,0,user_23,820,822,
15524,88,670000,0,user_10,820,822,
15523,92,470000,0,user_10,820,822,
15510,96,460000,0,user_1,820,822,
15547,95,460000,0,user_41,820,822,
15550,94,460000,0,user_44,820,822,
15522,93,460000,0,user_9,820,822,
15552,97,420000,18600,user_44,820,822,
15816,61,419999,0,builder_15,821,821,15552
15637,99,420001,0,user_7,821,822,15552
15660,63,420001,0,user_25,821,821,15552
15558,64,420000,0,user_47,820,821,
15642,65,419999,0,user_11,821,821,15552
15661,66,419999,0,user_25,821,821,15552
15817,67,360001,0,builder_15,821,821,15671
15671,68,360000,56200,user_39,821,821,
15540,69,340000,0,user_34,820,821,
15514,70,300000,0,user_1,820,821,
15516,71,260000,0,user_5,820,821,
15818,72,150001,0,builder_15,821,821,15549
15549,73,150000,75000,user_44,820,821,
15529,74,220000,0,user_14,820,821,
15561,75,220000,0,user_49,820,821,
15512,76,190000,0,user_1,820,821,
15658,77,170001,0,user_21,821,821,15528
15659,78,170001,0,user_24,821,821,15528
15648,79,170001,0,user_15,821,821,15528
15509,80,170000,0,user_0,820,821,
15663,81,150000,14200,user_30,821,821,
15819,82,149999,0,builder_15,821,821,15663
15513,83,160000,0,user_1,820,821,
15554,84,160000,0,user_45,820,821,
15631,85,150001,0,user_4,821,821,15549
15652,86,150001,0,user_18,821,821,15549
15655,87,150001,0,user_18,821,821,15549
15628,88,150001,0,user_0,821,821,15549
15667,89,150000,0,user_32,821,821,
15646,90,149999,0,user_14,821,821,15549
15650,91,149999,0,user_16,821,821,15549
15653,92,149999,0,user_18,821,821,15549
15548,93,130000,18600,user_43,820,821,
15820,94,129999,0,builder_15,821,821,15548
15638,95,129999,0,user_8,821,821,15548
15551,96,120000,0,user_44,820,821,
15536,97,110000,0,user_24,820,821,
15546,98,110000,0,user_41,820,821,
15538,99,110000,0,user_27,820,821,
15679,9,43000000,0,user_47,821,839,
15902,6,43000000,0,user_45,822,839,
16036,2,3200001,0,builder_15,822,822,15543
15543,86,3200000,17700000,user_39,820,831,
15676,93,6300000,0,user_45,821,831,
15677,94,6300000,0,user_45,821,831,
15900,96,6100000,0,user_40,822,831,
16037,7,5200001,0,builder_15,822,822,15511
15511,84,5200000,181000,user_1,820,830,
15532,98,5200001,0,user_19,820,830,15511
15517,97,5200001,0,user_6,820,830,15511
15530,96,5200001,0,user_15,820,830,15511
15537,99,5200001,0,user_26,820,830,15511
15526,95,5200001,0,user_12,820,830,15511
15654,94,5200001,0,user_18,821,830,15511
15866,93,5200001,0,user_10,822,830,15511
15903,66,5200000,0,user_45,822,829,
15647,89,5199999,0,user_14,821,829,15511
15519,84,5199999,0,user_7,820,829,15511
15520,85,5199999,0,user_7,820,829,15511
15533,80,5199999,0,user_19,820,829,15511
15518,81,5199999,0,user_6,820,829,15511
15531,86,5199999,0,user_15,820,829,15511
15534,82,5199999,0,user_22,820,829,15511
15641,88,5199999,0,user_11,821,829,15511
15527,83,5199999,0,user_12,820,829,15511
15651,78,5199999,0,user_18,821,829,15511
15863,79,5199999,0,user_10,822,829,15511
15895,91,5000000,0,user_36,822,829,
15665,96,4500000,0,user_31,821,829,
15666,78,3600000,0,user_32,821,827,
15664,79,3500000,0,user_31,821,827,
15629,83,3200001,0,user_1,821,827,15543
15634,90,3200001,0,user_7,821,827,15543
15636,91,3200001,0,user_7,821,827,15543
15632,84,3200001,0,user_5,821,827,15543
15633,93,3200001,0,user_6,821,827,15543
15643,92,3200001,0,user_11,821,827,15543
15854,94,3200001,0,user_1,822,827,15543
15859,85,3200001,0,user_5,822,827,15543
15865,86,3200001,0,user_10,822,827,15543
15630,71,3199999,0,user_2,821,825,15543
15635,73,3199999,0,user_7,821,825,15543
15656,69,3199999,0,user_19,821,825,15543
15639,74,3199999,0,user_10,821,825,15543
15657,94,3199999,0,user_20,821,826,15543
15649,70,3199999,0,user_15,821,825,15543
15640,72,3199999,0,user_11,821,825,15543
15857,95,3199999,0,user_3,822,826,15543
15861,96,3199999,0,user_7,822,826,15543
15874,99,3199999,0,user_18,822,826,15543
15878,97,3199999,0,user_21,822,826,15543
15879,98,3199999,0,user_21,822,826,15543
15881,81,3199999,0,user_24,822,825,15543
15539,84,2600000,0,user_29,820,825,
15541,85,2600000,0,user_37,820,825,
15542,90,2100000,0,user_38,820,825,
15544,91,2000000,15100,user_40,820,825,
16038,58,1999999,0,builder_15,822,822,15544
15627,93,2000001,0,user_0,821,825,15544
15553,94,2000000,0,user_44,820,825,
15557,97,1900000,0,user_47,820,825,
15898,99,1700000,0,user_39,822,825,
15896,90,1600000,0,user_37,822,824,
15556,93,1500000,0,user_47,820,824,
15559,95,1300000,13800,user_47,820,824,
16039,66,1299999,0,builder_15,822,822,15559
15907,82,1200000,0,user_48,822,823,
15891,84,1100000,0,user_32,822,823,
16040,69,1000001,0,builder_15,822,822,15673
15673,86,1000000,66100,user_42,821,823,
16041,71,1000001,0,builder_15,822,822,15888
15888,88,1000000,3130,user_32,822,823,
15855,99,1000001,0,user_1,822,823,15673
15870,91,1000001,0,user_14,822,823,15673
15877,92,1000001,0,user_21,822,823,15673
15882,95,1000001,0,user_25,822,823,15673
15875,90,1000001,0,user_19,822,823,15673
15880,94,1000001,0,user_23,822,823,15673
15864,93,1000001,0,user_10,822,823,15673
15862,97,1000001,0,user_9,822,823,15673
15883,96,1000001,0,user_26,822,823,15673
15560,82,1000000,0,user_48,820,822,
15867,83,999999,0,user_11,822,822,15673
15873,84,999999,0,user_17,822,822,15673
15871,85,999999,0,user_15,822,822,15673
15525,86,910000,0,user_11,820,822,
15515,87,870000,0,user_4,820,822,
15524,88,670000,0,user_10,820,822,
15535,89,670000,0,user_23,820,822,
16042,90,190001,0,builder_15,822,822,15670
15670,91,190000,381000,user_38,821,822,
15523,92,470000,0,user_10,820,822,
15522,93,460000,0,user_9,820,822,
15550,94,460000,0,user_44,820,822,
15547,95,460000,0,user_41,820,822,
15510,96,460000,0,user_1,820,822,
15552,97,420000,18600,user_44,820,822,
16043,98,419999,0,builder_15,822,822,15552
15637,99,420001,0,user_7,821,822,15552
15902,6,43000000,0,user_45,822,839,
15679,9,43000000,0,user_47,821,839,
16205,2,3200001,0,builder_15,823,823,15543
15543,86,3200000,17700000,user_39,820,831,
15676,93,6300000,0,user_45,821,831,
15677,94,6300000,0,user_45,821,831,
15900,96,6100000,0,user_40,822,831,
16111,97,6100000,0,user_45,823,831,
15511,84,5200000,181000,user_1,820,830,
16206,9,5199999,0,builder_15,823,823,15511
15866,93,5200001,0,user_10,822,830,15511
15645,64,5200001,0,user_13,821,829,15511
15654,94,5200001,0,user_18,821,830,15511
15526,95,5200001,0,user_12,820,830,15511
15532,98,5200001,0,user_19,820,830,15511
15517,97,5200001,0,user_6,820,830,15511
15530,96,5200001,0,user_15,820,830,15511
15537,99,5200001,0,user_26,820,830,15511
15903,66,5200000,0,user_45,822,829,
16087,67,5200000,0,user_28,823,829,
15863,79,5199999,0,user_10,822,829,15511
15641,88,5199999,0,user_11,821,829,15511
15647,89,5199999,0,user_14,821,829,15511
15651,78,5199999,0,user_18,821,829,15511
15527,83,5199999,0,user_12,820,829,15511
15519,84,5199999,0,user_7,820,829,15511
15520,85,5199999,0,user_7,820,829,15511
15533,80,5199999,0,user_19,820,829,15511
15518,81,5199999,0,user_6,820,829,15511
15531,86,5199999,0,user_15,820,829,15511
15534,82,5199999,0,user_22,820,829,15511
15895,91,5000000,0,user_36,822,829,
15665,96,4500000,0,user_31,821,829,
16101,97,4500000,0,user_37,823,829,
15666,78,3600000,0,user_32,821,827,
15664,79,3500000,0,user_31,821,827,
15865,86,3200001,0,user_10,822,827,15543
15633,93,3200001,0,user_6,821,827,15543
15643,92,3200001,0,user_11,821,827,15543
15634,90,3200001,0,user_7,821,827,15543
15636,91,3200001,0,user_7,821,827,15543
15854,94,3200001,0,user_1,822,827,15543
15859,85,3200001,0,user_5,822,827,15543
16077,87,3200001,0,user_16,823,827,15543
15629,83,3200001,0,user_1,821,827,15543
15632,84,3200001,0,user_5,821,827,15543
15861,96,3199999,0,user_7,822,826,15543
15857,95,3199999,0,user_3,822,826,15543
15878,97,3199999,0,user_21,822,826,15543
15879,98,3199999,0,user_21,822,826,15543
15874,99,3199999,0,user_18,822,826,15543
15881,81,3199999,0,user_24,822,825,15543
16066,82,3199999,0,user_1,823,825,15543
15640,72,3199999,0,user_11,821,825,15543
15635,73,3199999,0,user_7,821,825,15543
15639,74,3199999,0,user_10,821,825,15543
15657,94,3199999,0,user_20,821,826,15543
15644,76,3199999,0,user_13,821,825,15543
16078,68,3199999,0,user_17,823,825,15543
15630,71,3199999,0,user_2,821,825,15543
15656,69,3199999,0,user_19,821,825,15543
15649,70,3199999,0,user_15,821,825,15543
15541,85,2600000,0,user_37,820,825,
15539,84,2600000,0,user_29,820,825,
16097,89,2300000,0,user_35,823,825,
15542,90,2100000,0,user_38,820,825,
15544,91,2000000,15100,user_40,820,825,
16207,67,1999999,0,builder_15,823,823,15544
15627,93,2000001,0,user_0,821,825,15544
15553,94,2000000,0,user_44,820,825,
16100,96,1900000,0,user_36,823,825,
15557,97,1900000,0,user_47,820,825,
15898,99,1700000,0,user_39,822,825,
16113,98,1700000,0,user_47,823,825,
15896,90,1600000,0,user_37,822,824,
16096,92,1500000,0,user_33,823,824,
15556,93,1500000,0,user_47,820,824,
15559,95,1300000,13800,user_47,820,824,
16208,78,1299999,0,builder_15,823,823,15559
15904,97,1300000,0,user_46,822,824,
16098,98,1300000,0,user_35,823,824,
16103,99,1300000,0,user_39,823,824,
15907,82,1200000,0,user_48,822,823,
16108,83,1200000,0,user_40,823,823,
15891,84,1100000,0,user_32,822,823,
16106,85,1100000,0,user_39,823,823,
15673,86,1000000,66100,user_42,821,823,
16209,87,999999,0,builder_15,823,823,15673
15888,88,1000000,3130,user_32,822,823,
16210,89,999999,0,builder_15,823,823,15888
15875,90,1000001,0,user_19,822,823,15673
15870,91,1000001,0,user_14,822,823,15673
15877,92,1000001,0,user_21,822,823,15673
15864,93,1000001,0,user_10,822,823,15673
15880,94,1000001,0,user_23,822,823,15673
15882,95,1000001,0,user_25,822,823,15673
15883,96,1000001,0,user_26,822,823,15673
15862,97,1000001,0,user_9,822,823,15673
16068,98,1000001,0,user_4,823,823,15673
15855,99,1000001,0,user_1,822,823,15673
15902,6,43000000,0,user_45,822,839,
15679,9,43000000,0,user_47,821,839,
16112,94,27000000,0,user_46,823,832,
15543,86,3200000,17700000,user_39,820,831,
16386,4,3199999,0,builder_15,824,824,15543
16387,5,6300001,0,builder_15,824,824,16282
16282,91,6300000,5630,user_32,824,831,
15676,93,6300000,0,user_45,821,831,
15677,94,6300000,0,user_45,821,831,
16111,97,6100000,0,user_45,823,831,
15900,96,6100000,0,user_40,822,831,
16388,11,5200001,0,builder_15,824,824,15511
15511,84,5200000,181000,user_1,820,830,
15866,93,5200001,0,user_10,822,830,15511
16263,85,5200001,0,user_17,824,830,15511
16264,86,5200001,0,user_18,824,830,15511
15654,94,5200001,0,user_18,821,830,15511
15517,97,5200001,0,user_6,820,830,15511
15537,99,5200001,0,user_26,820,830,15511
15532,98,5200001,0,user_19,820,830,15511
15530,96,5200001,0,user_15,820,830,15511
15526,95,5200001,0,user_12,820,830,15511
15645,64,5200001,0,user_13,821,829,15511
15903,66,5200000,0,user_45,822,829,
16087,67,5200000,0,user_28,823,829,
16299,65,5200000,0,user_48,824,829,
15641,88,5199999,0,user_11,821,829,15511
15863,79,5199999,0,user_10,822,829,15511
15651,78,5199999,0,user_18,821,829,15511
15518,81,5199999,0,user_6,820,829,15511
15534,82,5199999,0,user_22,820,829,15511
15533,80,5199999,0,user_19,820,829,15511
15519,84,5199999,0,user_7,820,829,15511
15520,85,5199999,0,user_7,820,829,15511
15531,86,5199999,0,user_15,820,829,15511
15527,83,5199999,0,user_12,820,829,15511
15647,89,5199999,0,user_14,821,829,15511
16243,87,5199999,0,user_9,824,829,15511
15895,91,5000000,0,user_36,822,829,
16101,97,4500000,0,user_37,823,829,
15665,96,4500000,0,user_31,821,829,
15666,78,3600000,0,user_32,821,827,
15664,79,3500000,0,user_31,821,827,
15854,94,3200001,0,user_1,822,827,15543
15859,85,3200001,0,user_5,822,827,15543
15643,92,3200001,0,user_11,821,827,15543
15865,86,3200001,0,user_10,822,827,15543
16077,87,3200001,0,user_16,823,827,15543
16245,95,3200001,0,user_11,824,827,15543
16229,89,3200001,0,user_0,824,827,15543
16235,88,3200001,0,user_2,824,827,15543
16259,96,3200001,0,user_16,824,827,15543
15629,83,3200001,0,user_1,821,827,15543
15632,84,3200001,0,user_5,821,827,15543
15633,93,3200001,0,user_6,821,827,15543
15634,90,3200001,0,user_7,821,827,15543
15636,91,3200001,0,user_7,821,827,15543
16301,98,3200000,0,user_48,824,827,
15857,95,3199999,0,user_3,822,826,15543
15861,96,3199999,0,user_7,822,826,15543
15874,99,3199999,0,user_18,822,826,15543
15881,81,3199999,0,user_24,822,825,15543
15640,72,3199999,0,user_11,821,825,15543
15878,97,3199999,0,user_21,822,826,15543
15879,98,3199999,0,user_21,822,826,15543
16066,82,3199999,0,user_1,823,825,15543
16078,68,3199999,0,user_17,823,825,15543
16232,64,3199999,0,user_2,824,825,15543
16271,65,3199999,0,user_25,824,825,15543
15630,71,3199999,0,user_2,821,825,15543
15649,70,3199999,0,user_15,821,825,15543
15656,69,3199999,0,user_19,821,825,15543
15639,74,3199999,0,user_10,821,825,15543
15635,73,3199999,0,user_7,821,825,15543
15644,76,3199999,0,user_13,821,825,15543
15657,94,3199999,0,user_20,821,826,15543
15539,84,2600000,0,user_29,820,825,
15541,85,2600000,0,user_37,820,825,
16102,87,2400000,0,user_38,823,825,
16296,86,2400000,0,user_47,824,825,
16097,89,2300000,0,user_35,823,825,
15542,90,2100000,0,user_38,820,825,
16389,82,2000001,0,builder_15,824,824,15544
15544,91,2000000,15100,user_40,820,825,
15627,93,2000001,0,user_0,821,825,15544
15553,94,2000000,0,user_44,820,825,
16100,96,1900000,0,user_36,823,825,
15557,97,1900000,0,user_47,820,825,
16113,98,1700000,0,user_47,823,825,
15898,99,1700000,0,user_39,822,825,
15896,90,1600000,0,user_37,822,824,
16110,91,1600000,0,user_42,823,824,
16096,92,1500000,0,user_33,823,824,
15556,93,1500000,0,user_47,820,824,
16288,94,1400000,0,user_39,824,824,
15559,95,1300000,13800,user_47,820,824,
16390,96,1299999,0,builder_15,824,824,15559
15904,97,1300000,0,user_46,822,824,
16098,98,1300000,0,user_35,823,824,
16103,99,1300000,0,user_39,823,824,
15679,9,43000000,0,user_47,821,839,
15902,6,43000000,0,user_45,822,839,
16292,58,30000000,0,user_42,824,839,
16112,94,27000000,0,user_46,823,832,
15543,86,3200000,17700000,user_39,820,831,
16544,5,3199999,0,builder_15,825,825,15543
16282,91,6300000,5630,user_32,824,831,
16545,7,6299999,0,builder_15,825,825,16282
16445,92,6300000,0,user_28,825,831,
15676,93,6300000,0,user_45,821,831,
15677,94,6300000,0,user_45,821,831,
16111,97,6100000,0,user_45,823,831,
15900,96,6100000,0,user_40,822,831,
16546,13,5200001,0,builder_15,825,825,16457
16457,99,5200000,215000,user_37,825,831,
15511,84,5200000,181000,user_1,820,830,
16547,16,5199999,0,builder_15,825,825,15511
16263,85,5200001,0,user_17,824,830,15511
16264,86,5200001,0,user_18,824,830,15511
16443,87,5200001,0,user_24,825,830,15511
15517,97,5200001,0,user_6,820,830,15511
15537,99,5200001,0,user_26,820,830,15511
15526,95,5200001,0,user_12,820,830,15511
15530,96,5200001,0,user_15,820,830,15511
15532,98,5200001,0,user_19,820,830,15511
15654,94,5200001,0,user_18,821,830,15511
15645,64,5200001,0,user_13,821,829,15511
15866,93,5200001,0,user_10,822,830,15511
16299,65,5200000,0,user_48,824,829,
16087,67,5200000,0,user_28,823,829,
15903,66,5200000,0,user_45,822,829,
16243,87,5199999,0,user_9,824,829,15511
15518,81,5199999,0,user_6,820,829,15511
15534,82,5199999,0,user_22,820,829,15511
15519,84,5199999,0,user_7,820,829,15511
15520,85,5199999,0,user_7,820,829,15511
15527,83,5199999,0,user_12,820,829,15511
15531,86,5199999,0,user_15,820,829,15511
15533,80,5199999,0,user_19,820,829,15511
15651,78,5199999,0,user_18,821,829,15511
15641,88,5199999,0,user_11,821,829,15511
15647,89,5199999,0,user_14,821,829,15511
15863,79,5199999,0,user_10,822,829,15511
15895,91,5000000,0,user_36,822,829,
16101,97,4500000,0,user_37,823,829,
15665,96,4500000,0,user_31,821,829,
15666,78,3600000,0,user_32,821,827,
15664,79,3500000,0,user_31,821,827,
16235,88,3200001,0,user_2,824,827,15543
16259,96,3200001,0,user_16,824,827,15543
16229,89,3200001,0,user_0,824,827,15543
16245,95,3200001,0,user_11,824,827,15543
16410,82,3200001,0,user_1,825,827,15543
16077,87,3200001,0,user_16,823,827,15543
15629,83,3200001,0,user_1,821,827,15543
15632,84,3200001,0,user_5,821,827,15543
15643,92,3200001,0,user_11,821,827,15543
15634,90,3200001,0,user_7,821,827,15543
15636,91,3200001,0,user_7,821,827,15543
15633,93,3200001,0,user_6,821,827,15543
15854,94,3200001,0,user_1,822,827,15543
15859,85,3200001,0,user_5,822,827,15543
15865,86,3200001,0,user_10,822,827,15543
16301,98,3200000,0,user_48,824,827,
16232,64,3199999,0,user_2,824,825,15543
16271,65,3199999,0,user_25,824,825,15543
16433,99,3199999,0,user_18,825,827,15543
15874,99,3199999,0,user_18,822,826,15543
16078,68,3199999,0,user_17,823,825,15543
15656,69,3199999,0,user_19,821,825,15543
15649,70,3199999,0,user_15,821,825,15543
15630,71,3199999,0,user_2,821,825,15543
15640,72,3199999,0,user_11,821,825,15543
15635,73,3199999,0,user_7,821,825,15543
15639,74,3199999,0,user_10,821,825,15543
15657,94,3199999,0,user_20,821,826,15543
15644,76,3199999,0,user_13,821,825,15543
15857,95,3199999,0,user_3,822,826,15543
15861,96,3199999,0,user_7,822,826,15543
15878,97,3199999,0,user_21,822,826,15543
15879,98,3199999,0,user_21,822,826,15543
15881,81,3199999,0,user_24,822,825,15543
16066,82,3199999,0,user_1,823,825,15543
16421,92,3199999,0,user_9,825,826,15543
15539,84,2600000,0,user_29,820,825,
15541,85,2600000,0,user_37,820,825,
16296,86,2400000,0,user_47,824,825,
16102,87,2400000,0,user_38,823,825,
16463,88,2300000,0,user_39,825,825,
16097,89,2300000,0,user_35,823,825,
15542,90,2100000,0,user_38,820,825,
15544,91,2000000,15100,user_40,820,825,
16548,92,1999999,0,builder_15,825,825,15544
15627,93,2000001,0,user_0,821,825,15544
15553,94,2000000,0,user_44,820,825,
16456,95,1900000,0,user_36,825,825,
16100,96,1900000,0,user_36,823,825,
15557,97,1900000,0,user_47,820,825,
16113,98,1700000,0,user_47,823,825,
15898,99,1700000,0,user_39,822,825,
15902,6,43000000,0,user_45,822,839,
15679,9,43000000,0,user_47,821,839,
16695,2,30000001,0,builder_15,826,826,16613
16613,11,30000000,769000,user_45,826,839,
16468,59,30000000,0,user_43,825,839,
16292,58,30000000,0,user_42,824,839,
16603,60,30000000,0,user_31,826,839,
16112,94,27000000,0,user_46,823,832,
16696,8,3200001,0,builder_15,826,826,15543
15543,86,3200000,17700000,user_39,820,831,
16697,10,6300001,0,builder_15,826,826,16282
16282,91,6300000,5630,user_32,824,831,
16445,92,6300000,0,user_28,825,831,
15676,93,6300000,0,user_45,821,831,
15677,94,6300000,0,user_45,821,831,
16111,97,6100000,0,user_45,823,831,
15900,96,6100000,0,user_40,822,831,
16457,99,5200000,215000,user_37,825,831,
16698,18,5199999,0,builder_15,826,826,16457
15511,84,5200000,181000,user_1,820,830,
16699,20,5199999,0,builder_15,826,826,15511
16443,87,5200001,0,user_24,825,830,15511
16568,90,5200001,0,user_5,826,830,16457
16584,92,5200001,0,user_13,826,830,16457
16587,88,5200001,0,user_14,826,830,16457
16591,89,5200001,0,user_16,826,830,16457
16264,86,5200001,0,user_18,824,830,15511
15866,93,5200001,0,user_10,822,830,15511
16263,85,5200001,0,user_17,824,830,15511
15526,95,5200001,0,user_12,820,830,15511
15530,96,5200001,0,user_15,820,830,15511
15517,97,5200001,0,user_6,820,830,15511
15532,98,5200001,0,user_19,820,830,15511
15537,99,5200001,0,user_26,820,830,15511
15654,94,5200001,0,user_18,821,830,15511
16598,50,5200001,0,user_23,826,829,16457
15645,64,5200001,0,user_13,821,829,15511
16589,91,5200001,0,user_15,826,830,16457
16299,65,5200000,0,user_48,824,829,
15903,66,5200000,0,user_45,822,829,
16087,67,5200000,0,user_28,823,829,
16563,75,5199999,0,user_1,826,829,16457
16566,76,5199999,0,user_1,826,829,16457
16569,77,5199999,0,user_5,826,829,16457
16581,74,5199999,0,user_12,826,829,16457
16585,69,5199999,0,user_14,826,829,16457
16571,68,5199999,0,user_7,826,829,16457
16243,87,5199999,0,user_9,824,829,15511
15863,79,5199999,0,user_10,822,829,15511
15519,84,5199999,0,user_7,820,829,15511
15520,85,5199999,0,user_7,820,829,15511
15527,83,5199999,0,user_12,820,829,15511
15531,86,5199999,0,user_15,820,829,15511
15518,81,5199999,0,user_6,820,829,15511
15533,80,5199999,0,user_19,820,829,15511
15534,82,5199999,0,user_22,820,829,15511
15651,78,5199999,0,user_18,821,829,15511
15641,88,5199999,0,user_11,821,829,15511
15647,89,5199999,0,user_14,821,829,15511
16577,73,5199999,0,user_9,826,829,16457
16590,71,5199999,0,user_15,826,829,16457
16570,70,5199999,0,user_6,826,829,16457
16599,72,5199999,0,user_26,826,829,16457
16600,90,5000000,0,user_28,826,829,
15895,91,5000000,0,user_36,822,829,
16609,94,4200000,410000,user_39,826,829,
16700,66,4199999,0,builder_15,826,826,16609
16101,97,4500000,0,user_37,823,829,
15665,96,4500000,0,user_31,821,829,
15666,78,3600000,0,user_32,821,827,
15664,79,3500000,0,user_31,821,827,
16410,82,3200001,0,user_1,825,827,15543
16245,95,3200001,0,user_11,824,827,15543
16259,96,3200001,0,user_16,824,827,15543
16229,89,3200001,0,user_0,824,827,15543
15865,86,3200001,0,user_10,822,827,15543
15859,85,3200001,0,user_5,822,827,15543
16077,87,3200001,0,user_16,823,827,15543
16235,88,3200001,0,user_2,824,827,15543
15629,83,3200001,0,user_1,821,827,15543
15632,84,3200001,0,user_5,821,827,15543
15634,90,3200001,0,user_7,821,827,15543
15636,91,3200001,0,user_7,821,827,15543
15643,92,3200001,0,user_11,821,827,15543
15633,93,3200001,0,user_6,821,827,15543
15854,94,3200001,0,user_1,822,827,15543
16596,80,3200001,0,user_22,826,827,15543
16453,97,3200000,0,user_34,825,827,
16301,98,3200000,0,user_48,824,827,
16433,99,3199999,0,user_18,825,827,15543
16436,90,3199999,0,user_20,825,826,15543
16580,91,3199999,0,user_11,826,826,15543
16421,92,3199999,0,user_9,825,826,15543
16586,93,3199999,0,user_14,826,826,15543
15657,94,3199999,0,user_20,821,826,15543
15857,95,3199999,0,user_3,822,826,15543
15861,96,3199999,0,user_7,822,826,15543
15878,97,3199999,0,user_21,822,826,15543
15879,98,3199999,0,user_21,822,826,15543
15874,99,3199999,0,user_18,822,826,15543
15902,6,43000000,0,user_45,822,839,
15679,9,43000000,0,user_47,821,839,
16848,2,30000001,0,builder_15,827,827,16613
16613,11,30000000,769000,user_45,826,839,
16719,41,30000001,0,user_0,827,839,16613
16603,60,30000000,0,user_31,826,839,
16468,59,30000000,0,user_43,825,839,
16292,58,30000000,0,user_42,824,839,
16112,94,27000000,0,user_46,823,832,
16849,9,3200001,0,builder_15,827,827,15543
15543,86,3200000,17700000,user_39,820,831,
16850,11,6300001,0,builder_15,827,827,16282
16282,91,6300000,5630,user_32,824,831,
16445,92,6300000,0,user_28,825,831,
15676,93,6300000,0,user_45,821,831,
15677,94,6300000,0,user_45,821,831,
15900,96,6100000,0,user_40,822,831,
16111,97,6100000,0,user_45,823,831,
16457,99,5200000,215000,user_37,825,831,
16851,19,5199999,0,builder_15,827,827,16457
16852,20,5200001,0,builder_15,827,827,15511
15511,84,5200000,181000,user_1,820,830,
16568,90,5200001,0,user_5,826,830,16457
16598,50,5200001,0,user_23,826,829,16457
16587,88,5200001,0,user_14,826,830,16457
16589,91,5200001,0,user_15,826,830,16457
16591,89,5200001,0,user_16,826,830,16457
16264,86,5200001,0,user_18,824,830,15511
16443,87,5200001,0,user_24,825,830,15511
15526,95,5200001,0,user_12,820,830,15511
15532,98,5200001,0,user_19,820,830,15511
15517,97,5200001,0,user_6,820,830,15511
15530,96,5200001,0,user_15,820,830,15511
15537,99,5200001,0,user_26,820,830,15511
15654,94,5200001,0,user_18,821,830,15511
15866,93,5200001,0,user_10,822,830,15511
16263,85,5200001,0,user_17,824,830,15511
15645,64,5200001,0,user_13,821,829,15511
16299,65,5200000,0,user_48,824,829,
15903,66,5200000,0,user_45,822,829,
16087,67,5200000,0,user_28,823,829,
16569,77,5199999,0,user_5,826,829,16457
16581,74,5199999,0,user_12,826,829,16457
16571,68,5199999,0,user_7,826,829,16457
16570,70,5199999,0,user_6,826,829,16457
16599,72,5199999,0,user_26,826,829,16457
16577,73,5199999,0,user_9,826,829,16457
16585,69,5199999,0,user_14,826,829,16457
16590,71,5199999,0,user_15,826,829,16457
16563,75,5199999,0,user_1,826,829,16457
16566,76,5199999,0,user_1,826,829,16457
16243,87,5199999,0,user_9,824,829,15511
15519,84,5199999,0,user_7,820,829,15511
15520,85,5199999,0,user_7,820,829,15511
15527,83,5199999,0,user_12,820,829,15511
15533,80,5199999,0,user_19,820,829,15511
15518,81,5199999,0,user_6,820,829,15511
15531,86,5199999,0,user_15,820,829,15511
15534,82,5199999,0,user_22,820,829,15511
15651,78,5199999,0,user_18,821,829,15511
15863,79,5199999,0,user_10,822,829,15511
15641,88,5199999,0,user_11,821,829,15511
15647,89,5199999,0,user_14,821,829,15511
16600,90,5000000,0,user_28,826,829,
15895,91,5000000,0,user_36,822,829,
15665,96,4500000,0,user_31,821,829,
16101,97,4500000,0,user_37,823,829,
16728,99,4200001,0,user_17,827,829,16609
16721,98,4200001,0,user_5,827,829,16609
16737,79,4200001,0,user_24,827,828,16609
16727,88,4199999,0,user_16,827,828,16609
16731,92,4199999,0,user_18,827,828,16609
16720,89,4199999,0,user_2,827,828,16609
16732,90,4199999,0,user_19,827,828,16609
16733,91,4199999,0,user_19,827,828,16609
16736,93,4199999,0,user_23,827,828,16609
16738,95,4199999,0,user_26,827,828,16609
16751,77,3600000,0,user_40,827,827,
15666,78,3600000,0,user_32,821,827,
15664,79,3500000,0,user_31,821,827,
16596,80,3200001,0,user_22,826,827,15543
16730,81,3200001,0,user_17,827,827,15543
16410,82,3200001,0,user_1,825,827,15543
15629,83,3200001,0,user_1,821,827,15543
15632,84,3200001,0,user_5,821,827,15543
15859,85,3200001,0,user_5,822,827,15543
15865,86,3200001,0,user_10,822,827,15543
16077,87,3200001,0,user_16,823,827,15543
16235,88,3200001,0,user_2,824,827,15543
16229,89,3200001,0,user_0,824,827,15543
15634,90,3200001,0,user_7,821,827,15543
15636,91,3200001,0,user_7,821,827,15543
15643,92,3200001,0,user_11,821,827,15543
15633,93,3200001,0,user_6,821,827,15543
15854,94,3200001,0,user_1,822,827,15543
16245,95,3200001,0,user_11,824,827,15543
16259,96,3200001,0,user_16,824,827,15543
16453,97,3200000,0,user_34,825,827,
16301,98,3200000,0,user_48,824,827,
16433,99,3199999,0,user_18,825,827,15543
15902,6,43000000,0,user_45,822,839,
15679,9,43000000,0,user_47,821,839,
17008,2,30000001,0,builder_15,828,828,16613
16613,11,30000000,769000,user_45,826,839,
16719,41,30000001,0,user_0,827,839,16613
16468,59,30000000,0,user_43,825,839,
16603,60,30000000,0,user_31,826,839,
16292,58,30000000,0,user_42,824,839,
16873,86,29999999,0,user_7,828,839,16613
16874,87,29999999,0,user_8,828,839,16613
16902,90,27000000,779000,user_36,828,839,
17009,11,26999999,0,builder_15,828,828,16902
16112,94,27000000,0,user_46,823,832,
17010,13,3200001,0,builder_15,828,828,15543
15543,86,3200000,17700000,user_39,820,831,
16903,87,19000000,0,user_37,828,831,
17011,16,6300001,0,builder_15,828,828,16282
16282,91,6300000,5630,user_32,824,831,
16445,92,6300000,0,user_28,825,831,
15676,93,6300000,0,user_45,821,831,
15677,94,6300000,0,user_45,821,831,
15900,96,6100000,0,user_40,822,831,
16111,97,6100000,0,user_45,823,831,
17012,23,5200001,0,builder_15,828,828,16457
16457,99,5200000,215000,user_37,825,831,
17013,25,5200001,0,builder_15,828,828,15511
15511,84,5200000,181000,user_1,820,830,
16587,88,5200001,0,user_14,826,830,16457
16591,89,5200001,0,user_16,826,830,16457
16568,90,5200001,0,user_5,826,830,16457
16598,50,5200001,0,user_23,826,829,16457
16589,91,5200001,0,user_15,826,830,16457
16584,92,5200001,0,user_13,826,830,16457
16264,86,5200001,0,user_18,824,830,15511
16443,87,5200001,0,user_24,825,830,15511
16263,85,5200001,0,user_17,824,830,15511
15526,95,5200001,0,user_12,820,830,15511
15532,98,5200001,0,user_19,820,830,15511
15517,97,5200001,0,user_6,820,830,15511
15530,96,5200001,0,user_15,820,830,15511
15537,99,5200001,0,user_26,820,830,15511
15654,94,5200001,0,user_18,821,830,15511
15866,93,5200001,0,user_10,822,830,15511
15645,64,5200001,0,user_13,821,829,15511
16299,65,5200000,0,user_48,824,829,
15903,66,5200000,0,user_45,822,829,
16087,67,5200000,0,user_28,823,829,
16585,69,5199999,0,user_14,826,829,16457
16563,75,5199999,0,user_1,826,829,16457
16566,76,5199999,0,user_1,826,829,16457
16571,68,5199999,0,user_7,826,829,16457
16569,77,5199999,0,user_5,826,829,16457
16581,74,5199999,0,user_12,826,829,16457
16570,70,5199999,0,user_6,826,829,16457
16590,71,5199999,0,user_15,826,829,16457
16599,72,5199999,0,user_26,826,829,16457
16243,87,5199999,0,user_9,824,829,15511
16577,73,5199999,0,user_9,826,829,16457
15519,84,5199999,0,user_7,820,829,15511
15520,85,5199999,0,user_7,820,829,15511
15527,83,5199999,0,user_12,820,829,15511
15533,80,5199999,0,user_19,820,829,15511
15518,81,5199999,0,user_6,820,829,15511
15531,86,5199999,0,user_15,820,829,15511
15534,82,5199999,0,user_22,820,829,15511
15651,78,5199999,0,user_18,821,829,15511
15863,79,5199999,0,user_10,822,829,15511
15641,88,5199999,0,user_11,821,829,15511
15647,89,5199999,0,user_14,821,829,15511
16600,90,5000000,0,user_28,826,829,
15895,91,5000000,0,user_36,822,829,
16911,93,630000,4320000,user_48,828,829,
17014,72,629999,0,builder_15,828,828,16911
17015,73,4200001,0,builder_15,828,828,16609
16609,94,4200000,410000,user_39,826,829,
15665,96,4500000,0,user_31,821,829,
16101,97,4500000,0,user_37,823,829,
16728,99,4200001,0,user_17,827,829,16609
16721,98,4200001,0,user_5,827,829,16609
16737,79,4200001,0,user_24,827,828,16609
16734,80,4200001,0,user_20,827,828,16609
16880,81,4200001,0,user_11,828,828,16609
16870,82,4200001,0,user_2,828,828,16609
16881,83,4200001,0,user_14,828,828,16609
16885,84,4200001,0,user_18,828,828,16609
16886,85,4200001,0,user_18,828,828,16609
16872,86,4200001,0,user_5,828,828,16609
16876,87,4200001,0,user_8,828,828,16609
16727,88,4199999,0,user_16,827,828,16609
16720,89,4199999,0,user_2,827,828,16609
16732,90,4199999,0,user_19,827,828,16609
16733,91,4199999,0,user_19,827,828,16609
16731,92,4199999,0,user_18,827,828,16609
16736,93,4199999,0,user_23,827,828,16609
16735,94,4199999,0,user_21,827,828,16609
16738,95,4199999,0,user_26,827,828,16609
16879,96,4199999,0,user_11,828,828,16609
16871,97,4199999,0,user_3,828,828,16609
16888,98,4199999,0,user_23,828,828,16609
16877,99,4199999,0,user_9,828,828,16609
16896,8,43000000,0,user_29,828,839,
15902,6,43000000,0,user_45,822,839,
15679,9,43000000,0,user_47,821,839,
16613,11,30000000,769000,user_45,826,839,
17207,4,29999999,0,builder_15,829,829,16613
16719,41,30000001,0,user_0,827,839,16613
17054,44,30000001,0,user_17,829,839,16613
17056,45,30000001,0,user_18,829,839,16613
17059,46,30000001,0,user_18,829,839,16613
17060,47,30000001,0,user_18,829,839,16613
17064,16,30000001,0,user_21,829,839,16613
17069,48,30000001,0,user_25,829,839,16613
17061,15,30000001,0,user_19,829,839,16613
17053,43,30000001,0,user_15,829,839,16613
17070,49,30000001,0,user_26,829,839,16613
16603,60,30000000,0,user_31,826,839,
16292,58,30000000,0,user_42,824,839,
16468,59,30000000,0,user_43,825,839,
16874,87,29999999,0,user_8,828,839,16613
16873,86,29999999,0,user_7,828,839,16613
17050,88,29999999,0,user_13,829,839,16613
17055,81,29999999,0,user_17,829,839,16613
17063,62,29999999,0,user_21,829,839,16613
17066,82,29999999,0,user_23,829,839,16613
16902,90,27000000,779000,user_36,828,839,
17208,25,26999999,0,builder_15,829,829,16902
17051,91,27000001,0,user_14,829,839,16902
16112,94,27000000,0,user_46,823,832,
17043,82,26999999,0,user_4,829,831,16902
17044,79,26999999,0,user_5,829,831,16902
17046,81,26999999,0,user_7,829,831,16902
17058,83,26999999,0,user_18,829,831,16902
17052,80,26999999,0,user_14,829,831,16902
15543,86,3200000,17700000,user_39,820,831,
17209,34,3199999,0,builder_15,829,829,15543
16903,87,19000000,0,user_37,828,831,
16282,91,6300000,5630,user_32,824,831,
17210,37,6299999,0,builder_15,829,829,16282
16912,95,6300000,0,user_49,828,831,
16445,92,6300000,0,user_28,825,831,
15676,93,6300000,0,user_45,821,831,
15677,94,6300000,0,user_45,821,831,
15900,96,6100000,0,user_40,822,831,
16111,97,6100000,0,user_45,823,831,
16457,99,5200000,215000,user_37,825,831,
17211,45,5199999,0,builder_15,829,829,16457
17212,46,5200001,0,builder_15,829,829,15511
15511,84,5200000,181000,user_1,820,830,
16587,88,5200001,0,user_14,826,830,16457
16591,89,5200001,0,user_16,826,830,16457
16598,50,5200001,0,user_23,826,829,16457
16589,91,5200001,0,user_15,826,830,16457
16568,90,5200001,0,user_5,826,830,16457
16584,92,5200001,0,user_13,826,830,16457
16263,85,5200001,0,user_17,824,830,15511
16264,86,5200001,0,user_18,824,830,15511
16443,87,5200001,0,user_24,825,830,15511
15654,94,5200001,0,user_18,821,830,15511
15866,93,5200001,0,user_10,822,830,15511
15532,98,5200001,0,user_19,820,830,15511
15517,97,5200001,0,user_6,820,830,15511
15537,99,5200001,0,user_26,820,830,15511
15526,95,5200001,0,user_12,820,830,15511
15530,96,5200001,0,user_15,820,830,15511
15645,64,5200001,0,user_13,821,829,15511
16299,65,5200000,0,user_48,824,829,
15903,66,5200000,0,user_45,822,829,
16087,67,5200000,0,user_28,823,829,
16571,68,5199999,0,user_7,826,829,16457
16585,69,5199999,0,user_14,826,829,16457
16570,70,5199999,0,user_6,826,829,16457
16590,71,5199999,0,user_15,826,829,16457
16599,72,5199999,0,user_26,826,829,16457
16577,73,5199999,0,user_9,826,829,16457
16581,74,5199999,0,user_12,826,829,16457
16563,75,5199999,0,user_1,826,829,16457
16566,76,5199999,0,user_1,826,829,16457
16569,77,5199999,0,user_5,826,829,16457
15651,78,5199999,0,user_18,821,829,15511
15863,79,5199999,0,user_10,822,829,15511
15533,80,5199999,0,user_19,820,829,15511
15518,81,5199999,0,user_6,820,829,15511
15534,82,5199999,0,user_22,820,829,15511
15527,83,5199999,0,user_12,820,829,15511
15519,84,5199999,0,user_7,820,829,15511
15520,85,5199999,0,user_7,820,829,15511
15531,86,5199999,0,user_15,820,829,15511
16243,87,5199999,0,user_9,824,829,15511
15641,88,5199999,0,user_11,821,829,15511
15647,89,5199999,0,user_14,821,829,15511
16600,90,5000000,0,user_28,826,829,
15895,91,5000000,0,user_36,822,829,
17213,92,630001,0,builder_15,829,829,16911
16911,93,630000,4320000,user_48,828,829,
16609,94,4200000,410000,user_39,826,829,
17214,95,4199999,0,builder_15,829,829,16609
15665,96,4500000,0,user_31,821,829,
16101,97,4500000,0,user_37,823,829,
16721,98,4200001,0,user_5,827,829,16609
16728,99,4200001,0,user_17,827,829,16609
17398,0,43000001,0,builder_15,830,830,17076
17076,0,43000000,545000,user_38,829,839,
16896,8,43000000,0,user_29,828,839,
17300,4,43000000,0,user_48,830,839,
15902,6,43000000,0,user_45,822,839,
15679,9,43000000,0,user_47,821,839,
17399,6,30000001,0,builder_15,830,830,16613
16613,11,30000000,769000,user_45,826,839,
17054,44,30000001,0,user_17,829,839,16613
17061,15,30000001,0,user_19,829,839,16613
17056,45,30000001,0,user_18,829,839,16613
17059,46,30000001,0,user_18,829,839,16613
17060,47,30000001,0,user_18,829,839,16613
17062,42,30000001,0,user_20,829,839,16613
17053,43,30000001,0,user_15,829,839,16613
17064,16,30000001,0,user_21,829,839,16613
17069,48,30000001,0,user_25,829,839,16613
17070,49,30000001,0,user_26,829,839,16613
17261,32,30000001,0,user_11,830,839,16613
17239,28,30000001,0,user_0,830,839,16613
17240,14,30000001,0,user_1,830,839,16613
17247,29,30000001,0,user_4,830,839,16613
17262,30,30000001,0,user_12,830,839,16613
17265,31,30000001,0,user_12,830,839,16613
17241,34,30000001,0,user_2,830,839,16613
17242,35,30000001,0,user_2,830,839,16613
17268,50,30000001,0,user_13,830,839,16613
17269,51,30000001,0,user_13,830,839,16613
17271,52,30000001,0,user_13,830,839,16613
17275,33,30000001,0,user_18,830,839,16613
17244,36,30000001,0,user_3,830,839,16613
17245,37,30000001,0,user_3,830,839,16613
17276,53,30000001,0,user_19,830,839,16613
17277,54,30000001,0,user_19,830,839,16613
16719,41,30000001,0,user_0,827,839,16613
17256,40,30000001,0,user_9,830,839,16613
17283,38,30000001,0,user_26,830,839,16613
16292,58,30000000,0,user_42,824,839,
16468,59,30000000,0,user_43,825,839,
16603,60,30000000,0,user_31,826,839,
16874,87,29999999,0,user_8,828,839,16613
16873,86,29999999,0,user_7,828,839,16613
17050,88,29999999,0,user_13,829,839,16613
17055,81,29999999,0,user_17,829,839,16613
17066,82,29999999,0,user_23,829,839,16613
17063,62,29999999,0,user_21,829,839,16613
17249,68,29999999,0,user_5,830,839,16613
17266,70,29999999,0,user_12,830,839,16613
17267,83,29999999,0,user_13,830,839,16613
17270,84,29999999,0,user_13,830,839,16613
17273,71,29999999,0,user_16,830,839,16613
17274,72,29999999,0,user_16,830,839,16613
17253,61,29999999,0,user_7,830,839,16613
17255,73,29999999,0,user_8,830,839,16613
17258,78,29999999,0,user_10,830,839,16613
17259,79,29999999,0,user_10,830,839,16613
17280,74,29999999,0,user_23,830,839,16613
17272,77,29999999,0,user_15,830,839,16613
17279,75,29999999,0,user_22,830,839,16613
17282,76,29999999,0,user_26,830,839,16613
16902,90,27000000,779000,user_36,828,839,
17400,61,26999999,0,builder_15,830,830,16902
17051,91,27000001,0,user_14,829,839,16902
16112,94,27000000,0,user_46,823,832,
17043,82,26999999,0,user_4,829,831,16902
17052,80,26999999,0,user_14,829,831,16902
17046,81,26999999,0,user_7,829,831,16902
17044,79,26999999,0,user_5,829,831,16902
17058,83,26999999,0,user_18,829,831,16902
17257,77,26999999,0,user_10,830,831,16902
15543,86,3200000,17700000,user_39,820,831,
17401,71,3199999,0,builder_15,830,830,15543
16903,87,19000000,0,user_37,828,831,
17402,73,6300001,0,builder_15,830,830,16282
16282,91,6300000,5630,user_32,824,831,
16912,95,6300000,0,user_49,828,831,
16445,92,6300000,0,user_28,825,831,
15676,93,6300000,0,user_45,821,831,
15677,94,6300000,0,user_45,821,831,
15900,96,6100000,0,user_40,822,831,
16111,97,6100000,0,user_45,823,831,
17403,81,5200001,0,builder_15,830,830,16457
16457,99,5200000,215000,user_37,825,831,
17404,83,5200001,0,builder_15,830,830,15511
15511,84,5200000,181000,user_1,820,830,
16263,85,5200001,0,user_17,824,830,15511
16264,86,5200001,0,user_18,824,830,15511
16443,87,5200001,0,user_24,825,830,15511
16587,88,5200001,0,user_14,826,830,16457
16591,89,5200001,0,user_16,826,830,16457
16568,90,5200001,0,user_5,826,830,16457
16589,91,5200001,0,user_15,826,830,16457
16584,92,5200001,0,user_13,826,830,16457
15866,93,5200001,0,user_10,822,830,15511
15654,94,5200001,0,user_18,821,830,15511
15526,95,5200001,0,user_12,820,830,15511
15530,96,5200001,0,user_15,820,830,15511
15517,97,5200001,0,user_6,820,830,15511
15532,98,5200001,0,user_19,820,830,15511
15537,99,5200001,0,user_26,820,830,15511
17576,0,43000001,0,builder_15,831,831,17076
17076,0,43000000,545000,user_38,829,839,
17300,4,43000000,0,user_48,830,839,
15902,6,43000000,0,user_45,822,839,
15679,9,43000000,0,user_47,821,839,
16896,8,43000000,0,user_29,828,839,
16613,11,30000000,769000,user_45,826,839,
17577,7,29999999,0,builder_15,831,831,16613
17240,14,30000001,0,user_1,830,839,16613
17241,34,30000001,0,user_2,830,839,16613
17242,35,30000001,0,user_2,830,839,16613
17247,29,30000001,0,user_4,830,839,16613
17239,28,30000001,0,user_0,830,839,16613
17262,30,30000001,0,user_12,830,839,16613
17265,31,30000001,0,user_12,830,839,16613
17276,53,30000001,0,user_19,830,839,16613
17277,54,30000001,0,user_19,830,839,16613
17275,33,30000001,0,user_18,830,839,16613
17278,39,30000001,0,user_20,830,839,16613
17244,36,30000001,0,user_3,830,839,16613
17245,37,30000001,0,user_3,830,839,16613
17283,38,30000001,0,user_26,830,839,16613
17435,20,30000001,0,user_11,831,839,16613
17436,21,30000001,0,user_11,831,839,16613
17261,32,30000001,0,user_11,830,839,16613
17256,40,30000001,0,user_9,830,839,16613
17427,17,30000001,0,user_2,831,839,16613
17428,18,30000001,0,user_2,831,839,16613
17429,19,30000001,0,user_2,831,839,16613
17438,22,30000001,0,user_13,831,839,16613
17069,48,30000001,0,user_25,829,839,16613
17434,24,30000001,0,user_7,831,839,16613
17448,25,30000001,0,user_21,831,839,16613
17452,26,30000001,0,user_25,831,839,16613
17053,43,30000001,0,user_15,829,839,16613
17061,15,30000001,0,user_19,829,839,16613
17070,49,30000001,0,user_26,829,839,16613
17064,16,30000001,0,user_21,829,839,16613
17054,44,30000001,0,user_17,829,839,16613
17056,45,30000001,0,user_18,829,839,16613
17059,46,30000001,0,user_18,829,839,16613
17060,47,30000001,0,user_18,829,839,16613
17062,42,30000001,0,user_20,829,839,16613
17444,23,30000001,0,user_17,831,839,16613
16719,41,30000001,0,user_0,827,839,16613
17440,27,30000001,0,user_15,831,839,16613
16292,58,30000000,0,user_42,824,839,
16468,59,30000000,0,user_43,825,839,
16603,60,30000000,0,user_31,826,839,
17273,71,29999999,0,user_16,830,839,16613
17274,72,29999999,0,user_16,830,839,16613
17253,61,29999999,0,user_7,830,839,16613
17249,68,29999999,0,user_5,830,839,16613
17266,70,29999999,0,user_12,830,839,16613
17258,78,29999999,0,user_10,830,839,16613
17259,79,29999999,0,user_10,830,839,16613
17255,73,29999999,0,user_8,830,839,16613
17280,74,29999999,0,user_23,830,839,16613
17272,77,29999999,0,user_15,830,839,16613
17279,75,29999999,0,user_22,830,839,16613
17282,76,29999999,0,user_26,830,839,16613
17426,63,29999999,0,user_0,831,839,16613
17050,88,29999999,0,user_13,829,839,16613
17431,65,29999999,0,user_3,831,839,16613
17442,66,29999999,0,user_16,831,839,16613
17443,67,29999999,0,user_16,831,839,16613
17445,80,29999999,0,user_19,831,839,16613
17066,82,29999999,0,user_23,829,839,16613
17063,62,29999999,0,user_21,829,839,16613
17055,81,29999999,0,user_17,829,839,16613
16874,87,29999999,0,user_8,828,839,16613
16873,86,29999999,0,user_7,828,839,16613
17449,64,29999999,0,user_22,831,839,16613
16902,90,27000000,779000,user_36,828,839,
17578,74,26999999,0,builder_15,831,831,16902
17051,91,27000001,0,user_14,829,839,16902
16112,94,27000000,0,user_46,823,832,
17257,77,26999999,0,user_10,830,831,16902
17430,95,26999999,0,user_2,831,832,16902
17044,79,26999999,0,user_5,829,831,16902
17052,80,26999999,0,user_14,829,831,16902
17046,81,26999999,0,user_7,829,831,16902
17043,82,26999999,0,user_4,829,831,16902
17058,83,26999999,0,user_18,829,831,16902
17441,97,26999999,0,user_15,831,832,16902
17579,85,3200001,0,builder_15,831,831,15543
15543,86,3200000,17700000,user_39,820,831,
16903,87,19000000,0,user_37,828,831,
17580,88,870001,0,builder_15,831,831,17462
17462,89,870000,7190000,user_36,831,831,
17581,90,6300001,0,builder_15,831,831,16282
16282,91,6300000,5630,user_32,824,831,
16445,92,6300000,0,user_28,825,831,
15676,93,6300000,0,user_45,821,831,
15677,94,6300000,0,user_45,821,831,
16912,95,6300000,0,user_49,828,831,
15900,96,6100000,0,user_40,822,831,
16111,97,6100000,0,user_45,823,831,
17582,98,5200001,0,builder_15,831,831,16457
16457,99,5200000,215000,user_37,825,831,
17076,0,43000000,545000,user_38,829,839,
17714,1,42999999,0,builder_15,832,832,17076
17300,4,43000000,0,user_48,830,839,
15902,6,43000000,0,user_45,822,839,
15679,9,43000000,0,user_47,821,839,
16896,8,43000000,0,user_29,828,839,
17648,5,43000000,0,user_44,832,839,
16613,11,30000000,769000,user_45,826,839,
17715,8,29999999,0,builder_15,832,832,16613
17427,17,30000001,0,user_2,831,839,16613
17428,18,30000001,0,user_2,831,839,16613
17429,19,30000001,0,user_2,831,839,16613
17438,22,30000001,0,user_13,831,839,16613
17444,23,30000001,0,user_17,831,839,16613
17434,24,30000001,0,user_7,831,839,16613
17261,32,30000001,0,user_11,830,839,16613
17440,27,30000001,0,user_15,831,839,16613
17448,25,30000001,0,user_21,831,839,16613
17452,26,30000001,0,user_25,831,839,16613
17435,20,30000001,0,user_11,831,839,16613
17436,21,30000001,0,user_11,831,839,16613
17268,50,30000001,0,user_13,830,839,16613
17269,51,30000001,0,user_13,830,839,16613
17271,52,30000001,0,user_13,830,839,16613
17056,45,30000001,0,user_18,829,839,16613
17059,46,30000001,0,user_18,829,839,16613
17060,47,30000001,0,user_18,829,839,16613
17061,15,30000001,0,user_19,829,839,16613
17053,43,30000001,0,user_15,829,839,16613
17070,49,30000001,0,user_26,829,839,16613
17240,14,30000001,0,user_1,830,839,16613
17241,34,30000001,0,user_2,830,839,16613
17242,35,30000001,0,user_2,830,839,16613
17247,29,30000001,0,user_4,830,839,16613
17275,33,30000001,0,user_18,830,839,16613
17054,44,30000001,0,user_17,829,839,16613
17239,28,30000001,0,user_0,830,839,16613
17262,30,30000001,0,user_12,830,839,16613
17265,31,30000001,0,user_12,830,839,16613
17276,53,30000001,0,user_19,830,839,16613
17277,54,30000001,0,user_19,830,839,16613
17244,36,30000001,0,user_3,830,839,16613
17245,37,30000001,0,user_3,830,839,16613
17283,38,30000001,0,user_26,830,839,16613
17256,40,30000001,0,user_9,830,839,16613
17062,42,30000001,0,user_20,829,839,16613
17278,39,30000001,0,user_20,830,839,16613
17069,48,30000001,0,user_25,829,839,16613
17064,16,30000001,0,user_21,829,839,16613
16719,41,30000001,0,user_0,827,839,16613
16292,58,30000000,0,user_42,824,839,
16468,59,30000000,0,user_43,825,839,
16603,60,30000000,0,user_31,826,839,
17431,65,29999999,0,user_3,831,839,16613
17442,66,29999999,0,user_16,831,839,16613
17443,67,29999999,0,user_16,831,839,16613
17426,63,29999999,0,user_0,831,839,16613
17445,80,29999999,0,user_19,831,839,16613
17446,69,29999999,0,user_20,831,839,16613
17449,64,29999999,0,user_22,831,839,16613
17267,83,29999999,0,user_13,830,839,16613
17270,84,29999999,0,user_13,830,839,16613
17607,85,29999999,0,user_8,832,839,16613
17066,82,29999999,0,user_23,829,839,16613
17273,71,29999999,0,user_16,830,839,16613
17274,72,29999999,0,user_16,830,839,16613
17253,61,29999999,0,user_7,830,839,16613
17055,81,29999999,0,user_17,829,839,16613
17258,78,29999999,0,user_10,830,839,16613
17259,79,29999999,0,user_10,830,839,16613
17249,68,29999999,0,user_5,830,839,16613
17266,70,29999999,0,user_12,830,839,16613
17255,73,29999999,0,user_8,830,839,16613
17280,74,29999999,0,user_23,830,839,16613
17272,77,29999999,0,user_15,830,839,16613
17279,75,29999999,0,user_22,830,839,16613
17282,76,29999999,0,user_26,830,839,16613
17063,62,29999999,0,user_21,829,839,16613
16873,86,29999999,0,user_7,828,839,16613
16874,87,29999999,0,user_8,828,839,16613
17050,88,29999999,0,user_13,829,839,16613
16902,90,27000000,779000,user_36,828,839,
17716,82,26999999,0,builder_15,832,832,16902
17612,94,27000001,0,user_13,832,839,16902
17601,95,27000001,0,user_1,832,839,16902
17602,96,27000001,0,user_1,832,839,16902
17615,98,27000001,0,user_21,832,839,16902
17623,97,27000001,0,user_25,832,837,16902
17051,91,27000001,0,user_14,829,839,16902
17610,93,27000001,0,user_10,832,839,16902
17609,97,27000001,0,user_9,832,838,16902
17614,97,27000001,0,user_15,832,839,16902
17618,99,27000001,0,user_22,832,839,16902
17624,98,27000001,0,user_26,832,837,16902
16112,94,27000000,0,user_46,823,832,
17430,95,26999999,0,user_2,831,832,16902
17447,96,26999999,0,user_20,831,832,16902
17441,97,26999999,0,user_15,831,832,16902
17611,98,26999999,0,user_11,832,832,16902
17606,99,26999999,0,user_7,832,832,16902
17076,0,43000000,545000,user_38,829,839,
17829,1,42999999,0,builder_15,833,833,17076
17648,5,43000000,0,user_44,832,839,
17652,7,43000000,0,user_49,832,839,
17300,4,43000000,0,user_48,830,839,
15902,6,43000000,0,user_45,822,839,
15679,9,43000000,0,user_47,821,839,
16896,8,43000000,0,user_29,828,839,
17830,8,30000001,0,builder_15,833,833,16613
16613,11,30000000,769000,user_45,826,839,
17427,17,30000001,0,user_2,831,839,16613
17428,18,30000001,0,user_2,831,839,16613
17429,19,30000001,0,user_2,831,839,16613
17434,24,30000001,0,user_7,831,839,16613
17435,20,30000001,0,user_11,831,839,16613
17436,21,30000001,0,user_11,831,839,16613
17448,25,30000001,0,user_21,831,839,16613
17438,22,30000001,0,user_13,831,839,16613
17444,23,30000001,0,user_17,831,839,16613
17262,30,30000001,0,user_12,830,839,16613
17265,31,30000001,0,user_12,830,839,16613
17440,27,30000001,0,user_15,831,839,16613
17452,26,30000001,0,user_25,831,839,16613
17061,15,30000001,0,user_19,829,839,16613
17240,14,30000001,0,user_1,830,839,16613
17241,34,30000001,0,user_2,830,839,16613
17242,35,30000001,0,user_2,830,839,16613
17244,36,30000001,0,user_3,830,839,16613
17245,37,30000001,0,user_3,830,839,16613
17275,33,30000001,0,user_18,830,839,16613
17247,29,30000001,0,user_4,830,839,16613
17278,39,30000001,0,user_20,830,839,16613
17283,38,30000001,0,user_26,830,839,16613
17256,40,30000001,0,user_9,830,839,16613
17276,53,30000001,0,user_19,830,839,16613
17277,54,30000001,0,user_19,830,839,16613
17064,16,30000001,0,user_21,829,839,16613
16719,41,30000001,0,user_0,827,839,16613
17053,43,30000001,0,user_15,829,839,16613
17054,44,30000001,0,user_17,829,839,16613
17056,45,30000001,0,user_18,829,839,16613
17059,46,30000001,0,user_18,829,839,16613
17060,47,30000001,0,user_18,829,839,16613
17069,48,30000001,0,user_25,829,839,16613
17070,49,30000001,0,user_26,829,839,16613
17062,42,30000001,0,user_20,829,839,16613
17239,28,30000001,0,user_0,830,839,16613
17261,32,30000001,0,user_11,830,839,16613
17268,50,30000001,0,user_13,830,839,16613
17269,51,30000001,0,user_13,830,839,16613
17271,52,30000001,0,user_13,830,839,16613
16468,59,30000000,0,user_43,825,839,
16292,58,30000000,0,user_42,824,839,
16603,60,30000000,0,user_31,826,839,
17445,80,29999999,0,user_19,831,839,16613
17431,65,29999999,0,user_3,831,839,16613
17442,66,29999999,0,user_16,831,839,16613
17443,67,29999999,0,user_16,831,839,16613
17266,70,29999999,0,user_12,830,839,16613
17449,64,29999999,0,user_22,831,839,16613
17446,69,29999999,0,user_20,831,839,16613
17607,85,29999999,0,user_8,832,839,16613
17426,63,29999999,0,user_0,831,839,16613
17273,71,29999999,0,user_16,830,839,16613
17274,72,29999999,0,user_16,830,839,16613
17280,74,29999999,0,user_23,830,839,16613
17272,77,29999999,0,user_15,830,839,16613
17253,61,29999999,0,user_7,830,839,16613
17258,78,29999999,0,user_10,830,839,16613
17259,79,29999999,0,user_10,830,839,16613
17249,68,29999999,0,user_5,830,839,16613
17255,73,29999999,0,user_8,830,839,16613
17279,75,29999999,0,user_22,830,839,16613
17282,76,29999999,0,user_26,830,839,16613
17063,62,29999999,0,user_21,829,839,16613
17055,81,29999999,0,user_17,829,839,16613
17066,82,29999999,0,user_23,829,839,16613
16873,86,29999999,0,user_7,828,839,16613
16874,87,29999999,0,user_8,828,839,16613
17050,88,29999999,0,user_13,829,839,16613
17267,83,29999999,0,user_13,830,839,16613
17270,84,29999999,0,user_13,830,839,16613
17831,82,27000001,0,builder_15,833,833,16902
16902,90,27000000,779000,user_36,828,839,
17601,95,27000001,0,user_1,832,839,16902
17602,96,27000001,0,user_1,832,839,16902
17615,98,27000001,0,user_21,832,839,16902
17610,93,27000001,0,user_10,832,839,16902
17614,97,27000001,0,user_15,832,839,16902
17618,99,27000001,0,user_22,832,839,16902
17623,97,27000001,0,user_25,832,837,16902
17624,98,27000001,0,user_26,832,837,16902
17609,97,27000001,0,user_9,832,838,16902
17740,90,27000001,0,user_12,833,838,16902
17728,95,27000001,0,user_2,833,835,16902
17741,87,27000001,0,user_13,833,836,16902
17731,97,27000001,0,user_3,833,835,16902
17732,98,27000001,0,user_3,833,835,16902
17743,99,27000001,0,user_14,833,835,16902
17751,88,27000001,0,user_25,833,837,16902
17937,0,43000001,0,builder_15,834,834,17076
17076,0,43000000,545000,user_38,829,839,
17648,5,43000000,0,user_44,832,839,
17652,7,43000000,0,user_49,832,839,
17300,4,43000000,0,user_48,830,839,
15902,6,43000000,0,user_45,822,839,
16896,8,43000000,0,user_29,828,839,
15679,9,43000000,0,user_47,821,839,
17938,8,30000001,0,builder_15,834,834,16613
16613,11,30000000,769000,user_45,826,839,
17435,20,30000001,0,user_11,831,839,16613
17436,21,30000001,0,user_11,831,839,16613
17247,29,30000001,0,user_4,830,839,16613
17056,45,30000001,0,user_18,829,839,16613
17059,46,30000001,0,user_18,829,839,16613
17060,47,30000001,0,user_18,829,839,16613
17239,28,30000001,0,user_0,830,839,16613
17241,34,30000001,0,user_2,830,839,16613
17242,35,30000001,0,user_2,830,839,16613
17244,36,30000001,0,user_3,830,839,16613
17245,37,30000001,0,user_3,830,839,16613
17256,40,30000001,0,user_9,830,839,16613
17261,32,30000001,0,user_11,830,839,16613
17262,30,30000001,0,user_12,830,839,16613
17265,31,30000001,0,user_12,830,839,16613
17278,39,30000001,0,user_20,830,839,16613
17434,24,30000001,0,user_7,831,839,16613
17427,17,30000001,0,user_2,831,839,16613
17428,18,30000001,0,user_2,831,839,16613
17429,19,30000001,0,user_2,831,839,16613
17438,22,30000001,0,user_13,831,839,16613
17444,23,30000001,0,user_17,831,839,16613
17275,33,30000001,0,user_18,830,839,16613
17440,27,30000001,0,user_15,831,839,16613
17448,25,30000001,0,user_21,831,839,16613
17452,26,30000001,0,user_25,831,839,16613
17061,15,30000001,0,user_19,829,839,16613
17064,16,30000001,0,user_21,829,839,16613
17240,14,30000001,0,user_1,830,839,16613
17276,53,30000001,0,user_19,830,839,16613
17277,54,30000001,0,user_19,830,839,16613
17283,38,30000001,0,user_26,830,839,16613
16719,41,30000001,0,user_0,827,839,16613
17069,48,30000001,0,user_25,829,839,16613
17070,49,30000001,0,user_26,829,839,16613
17054,44,30000001,0,user_17,829,839,16613
17053,43,30000001,0,user_15,829,839,16613
17062,42,30000001,0,user_20,829,839,16613
17268,50,30000001,0,user_13,830,839,16613
17269,51,30000001,0,user_13,830,839,16613
17271,52,30000001,0,user_13,830,839,16613
16292,58,30000000,0,user_42,824,839,
16468,59,30000000,0,user_43,825,839,
16603,60,30000000,0,user_31,826,839,
17607,85,29999999,0,user_8,832,839,16613
17249,68,29999999,0,user_5,830,839,16613
17255,73,29999999,0,user_8,830,839,16613
17280,74,29999999,0,user_23,830,839,16613
17272,77,29999999,0,user_15,830,839,16613
17258,78,29999999,0,user_10,830,839,16613
17259,79,29999999,0,user_10,830,839,16613
17266,70,29999999,0,user_12,830,839,16613
17273,71,29999999,0,user_16,830,839,16613
17274,72,29999999,0,user_16,830,839,16613
17431,65,29999999,0,user_3,831,839,16613
17442,66,29999999,0,user_16,831,839,16613
17443,67,29999999,0,user_16,831,839,16613
17426,63,29999999,0,user_0,831,839,16613
17446,69,29999999,0,user_20,831,839,16613
17445,80,29999999,0,user_19,831,839,16613
17449,64,29999999,0,user_22,831,839,16613
17063,62,29999999,0,user_21,829,839,16613
17253,61,29999999,0,user_7,830,839,16613
17279,75,29999999,0,user_22,830,839,16613
17282,76,29999999,0,user_26,830,839,16613
17055,81,29999999,0,user_17,829,839,16613
17066,82,29999999,0,user_23,829,839,16613
16874,87,29999999,0,user_8,828,839,16613
16873,86,29999999,0,user_7,828,839,16613
17050,88,29999999,0,user_13,829,839,16613
17267,83,29999999,0,user_13,830,839,16613
17270,84,29999999,0,user_13,830,839,16613
17939,82,27000001,0,builder_15,834,834,16902
16902,90,27000000,779000,user_36,828,839,
17601,95,27000001,0,user_1,832,839,16902
17602,96,27000001,0,user_1,832,839,16902
17610,93,27000001,0,user_10,832,839,16902
17614,97,27000001,0,user_15,832,839,16902
17615,98,27000001,0,user_21,832,839,16902
17618,99,27000001,0,user_22,832,839,16902
17623,97,27000001,0,user_25,832,837,16902
17624,98,27000001,0,user_26,832,837,16902
17728,95,27000001,0,user_2,833,835,16902
17731,97,27000001,0,user_3,833,835,16902
17732,98,27000001,0,user_3,833,835,16902
17743,99,27000001,0,user_14,833,835,16902
17741,87,27000001,0,user_13,833,836,16902
17740,90,27000001,0,user_12,833,838,16902
17739,92,27000001,0,user_9,833,839,16902
17612,94,27000001,0,user_13,832,839,16902
17076,0,43000000,545000,user_38,829,839,
18053,1,42999999,0,builder_15,835,835,17076
17996,3,43000000,0,user_47,835,839,
17300,4,43000000,0,user_48,830,839,
17648,5,43000000,0,user_44,832,839,
17652,7,43000000,0,user_49,832,839,
15902,6,43000000,0,user_45,822,839,
16896,8,43000000,0,user_29,828,839,
15679,9,43000000,0,user_47,821,839,
18054,9,30000001,0,builder_15,835,835,16613
16613,11,30000000,769000,user_45,826,839,
17247,29,30000001,0,user_4,830,839,16613
17056,45,30000001,0,user_18,829,839,16613
17059,46,30000001,0,user_18,829,839,16613
17060,47,30000001,0,user_18,829,839,16613
17239,28,30000001,0,user_0,830,839,16613
17241,34,30000001,0,user_2,830,839,16613
17242,35,30000001,0,user_2,830,839,16613
17244,36,30000001,0,user_3,830,839,16613
17245,37,30000001,0,user_3,830,839,16613
17256,40,30000001,0,user_9,830,839,16613
17261,32,30000001,0,user_11,830,839,16613
17262,30,30000001,0,user_12,830,839,16613
17265,31,30000001,0,user_12,830,839,16613
17268,50,30000001,0,user_13,830,839,16613
17269,51,30000001,0,user_13,830,839,16613
17271,52,30000001,0,user_13,830,839,16613
17276,53,30000001,0,user_19,830,839,16613
17277,54,30000001,0,user_19,830,839,16613
17283,38,30000001,0,user_26,830,839,16613
17434,24,30000001,0,user_7,831,839,16613
17435,20,30000001,0,user_11,831,839,16613
17436,21,30000001,0,user_11,831,839,16613
17427,17,30000001,0,user_2,831,839,16613
17428,18,30000001,0,user_2,831,839,16613
17429,19,30000001,0,user_2,831,839,16613
17438,22,30000001,0,user_13,831,839,16613
17444,23,30000001,0,user_17,831,839,16613
17275,33,30000001,0,user_18,830,839,16613
17440,27,30000001,0,user_15,831,839,16613
17278,39,30000001,0,user_20,830,839,16613
17448,25,30000001,0,user_21,831,839,16613
17452,26,30000001,0,user_25,831,839,16613
17240,14,30000001,0,user_1,830,839,16613
17061,15,30000001,0,user_19,829,839,16613
17064,16,30000001,0,user_21,829,839,16613
16719,41,30000001,0,user_0,827,839,16613
17062,42,30000001,0,user_20,829,839,16613
17053,43,30000001,0,user_15,829,839,16613
17054,44,30000001,0,user_17,829,839,16613
17069,48,30000001,0,user_25,829,839,16613
17070,49,30000001,0,user_26,829,839,16613
16292,58,30000000,0,user_42,824,839,
16468,59,30000000,0,user_43,825,839,
16603,60,30000000,0,user_31,826,839,
17249,68,29999999,0,user_5,830,839,16613
17255,73,29999999,0,user_8,830,839,16613
17280,74,29999999,0,user_23,830,839,16613
17272,77,29999999,0,user_15,830,839,16613
17258,78,29999999,0,user_10,830,839,16613
17259,79,29999999,0,user_10,830,839,16613
17266,70,29999999,0,user_12,830,839,16613
17273,71,29999999,0,user_16,830,839,16613
17274,72,29999999,0,user_16,830,839,16613
17267,83,29999999,0,user_13,830,839,16613
17270,84,29999999,0,user_13,830,839,16613
17279,75,29999999,0,user_22,830,839,16613
17282,76,29999999,0,user_26,830,839,16613
17431,65,29999999,0,user_3,831,839,16613
17442,66,29999999,0,user_16,831,839,16613
17443,67,29999999,0,user_16,831,839,16613
17426,63,29999999,0,user_0,831,839,16613
17445,80,29999999,0,user_19,831,839,16613
17449,64,29999999,0,user_22,831,839,16613
17607,85,29999999,0,user_8,832,839,16613
17446,69,29999999,0,user_20,831,839,16613
17253,61,29999999,0,user_7,830,839,16613
17063,62,29999999,0,user_21,829,839,16613
17055,81,29999999,0,user_17,829,839,16613
17066,82,29999999,0,user_23,829,839,16613
16873,86,29999999,0,user_7,828,839,16613
16874,87,29999999,0,user_8,828,839,16613
17050,88,29999999,0,user_13,829,839,16613
18055,83,27000001,0,builder_15,835,835,16902
16902,90,27000000,779000,user_36,828,839,
17740,90,27000001,0,user_12,833,838,16902
17739,92,27000001,0,user_9,833,839,16902
17601,95,27000001,0,user_1,832,839,16902
17602,96,27000001,0,user_1,832,839,16902
17609,97,27000001,0,user_9,832,838,16902
17614,97,27000001,0,user_15,832,839,16902
17610,93,27000001,0,user_10,832,839,16902
17612,94,27000001,0,user_13,832,839,16902
17618,99,27000001,0,user_22,832,839,16902
17624,98,27000001,0,user_26,832,837,16902
17728,95,27000001,0,user_2,833,835,16902
17741,87,27000001,0,user_13,833,836,16902
17731,97,27000001,0,user_3,833,835,16902
17732,98,27000001,0,user_3,833,835,16902
17743,99,27000001,0,user_14,833,835,16902
17076,0,43000000,545000,user_38,829,839,
18170,1,42999999,0,builder_15,836,836,17076
17996,3,43000000,0,user_47,835,839,
18097,2,43000000,0,user_30,836,839,
15902,6,43000000,0,user_45,822,839,
17300,4,43000000,0,user_48,830,839,
17648,5,43000000,0,user_44,832,839,
17652,7,43000000,0,user_49,832,839,
15679,9,43000000,0,user_47,821,839,
16896,8,43000000,0,user_29,828,839,
16613,11,30000000,769000,user_45,826,839,
18171,11,29999999,0,builder_15,836,836,16613
17240,14,30000001,0,user_1,830,839,16613
17064,16,30000001,0,user_21,829,839,16613
17061,15,30000001,0,user_19,829,839,16613
16719,41,30000001,0,user_0,827,839,16613
17062,42,30000001,0,user_20,829,839,16613
17053,43,30000001,0,user_15,829,839,16613
17069,48,30000001,0,user_25,829,839,16613
17070,49,30000001,0,user_26,829,839,16613
17054,44,30000001,0,user_17,829,839,16613
17056,45,30000001,0,user_18,829,839,16613
17059,46,30000001,0,user_18,829,839,16613
17060,47,30000001,0,user_18,829,839,16613
17247,29,30000001,0,user_4,830,839,16613
17241,34,30000001,0,user_2,830,839,16613
17242,35,30000001,0,user_2,830,839,16613
17244,36,30000001,0,user_3,830,839,16613
17245,37,30000001,0,user_3,830,839,16613
17239,28,30000001,0,user_0,830,839,16613
17262,30,30000001,0,user_12,830,839,16613
17265,31,30000001,0,user_12,830,839,16613
17278,39,30000001,0,user_20,830,839,16613
17256,40,30000001,0,user_9,830,839,16613
17275,33,30000001,0,user_18,830,839,16613
17261,32,30000001,0,user_11,830,839,16613
17268,50,30000001,0,user_13,830,839,16613
17269,51,30000001,0,user_13,830,839,16613
17271,52,30000001,0,user_13,830,839,16613
17276,53,30000001,0,user_19,830,839,16613
17277,54,30000001,0,user_19,830,839,16613
17283,38,30000001,0,user_26,830,839,16613
17427,17,30000001,0,user_2,831,839,16613
17428,18,30000001,0,user_2,831,839,16613
17429,19,30000001,0,user_2,831,839,16613
17435,20,30000001,0,user_11,831,839,16613
17436,21,30000001,0,user_11,831,839,16613
17434,24,30000001,0,user_7,831,839,16613
17448,25,30000001,0,user_21,831,839,16613
17452,26,30000001,0,user_25,831,839,16613
17438,22,30000001,0,user_13,831,839,16613
17444,23,30000001,0,user_17,831,839,16613
17440,27,30000001,0,user_15,831,839,16613
17972,57,30000000,0,user_29,835,839,
16603,60,30000000,0,user_31,826,839,
16292,58,30000000,0,user_42,824,839,
16468,59,30000000,0,user_43,825,839,
17253,61,29999999,0,user_7,830,839,16613
17063,62,29999999,0,user_21,829,839,16613
17055,81,29999999,0,user_17,829,839,16613
17066,82,29999999,0,user_23,829,839,16613
17258,78,29999999,0,user_10,830,839,16613
17259,79,29999999,0,user_10,830,839,16613
17249,68,29999999,0,user_5,830,839,16613
17266,70,29999999,0,user_12,830,839,16613
17272,77,29999999,0,user_15,830,839,16613
17273,71,29999999,0,user_16,830,839,16613
17274,72,29999999,0,user_16,830,839,16613
17255,73,29999999,0,user_8,830,839,16613
17280,74,29999999,0,user_23,830,839,16613
17267,83,29999999,0,user_13,830,839,16613
17270,84,29999999,0,user_13,830,839,16613
17279,75,29999999,0,user_22,830,839,16613
17282,76,29999999,0,user_26,830,839,16613
17431,65,29999999,0,user_3,831,839,16613
17449,64,29999999,0,user_22,831,839,16613
17442,66,29999999,0,user_16,831,839,16613
17443,67,29999999,0,user_16,831,839,16613
17426,63,29999999,0,user_0,831,839,16613
17445,80,29999999,0,user_19,831,839,16613
17446,69,29999999,0,user_20,831,839,16613
17607,85,29999999,0,user_8,832,839,16613
17050,88,29999999,0,user_13,829,839,16613
16873,86,29999999,0,user_7,828,839,16613
16874,87,29999999,0,user_8,828,839,16613
18172,85,27000001,0,builder_15,836,836,16902
16902,90,27000000,779000,user_36,828,839,
17741,87,27000001,0,user_13,833,836,16902
17739,92,27000001,0,user_9,833,839,16902
17740,90,27000001,0,user_12,833,838,16902
17051,91,27000001,0,user_14,829,839,16902
17601,95,27000001,0,user_1,832,839,16902
17602,96,27000001,0,user_1,832,839,16902
17609,97,27000001,0,user_9,832,838,16902
17614,97,27000001,0,user_15,832,839,16902
17610,93,27000001,0,user_10,832,839,16902
17618,99,27000001,0,user_22,832,839,16902
17623,97,27000001,0,user_25,832,837,16902
17624,98,27000001,0,user_26,832,837,16902
17612,94,27000001,0,user_13,832,839,16902
18281,0,43000001,0,builder_15,837,837,17076
17076,0,43000000,545000,user_38,829,839,
18097,2,43000000,0,user_30,836,839,
17996,3,43000000,0,user_47,835,839,
15902,6,43000000,0,user_45,822,839,
17300,4,43000000,0,user_48,830,839,
17648,5,43000000,0,user_44,832,839,
17652,7,43000000,0,user_49,832,839,
15679,9,43000000,0,user_47,821,839,
16896,8,43000000,0,user_29,828,839,
16613,11,30000000,769000,user_45,826,839,
18282,11,29999999,0,builder_15,837,837,16613
17061,15,30000001,0,user_19,829,839,16613
17064,16,30000001,0,user_21,829,839,16613
17240,14,30000001,0,user_1,830,839,16613
17062,42,30000001,0,user_20,829,839,16613
17053,43,30000001,0,user_15,829,839,16613
17069,48,30000001,0,user_25,829,839,16613
17070,49,30000001,0,user_26,829,839,16613
17054,44,30000001,0,user_17,829,839,16613
17056,45,30000001,0,user_18,829,839,16613
17059,46,30000001,0,user_18,829,839,16613
17060,47,30000001,0,user_18,829,839,16613
17241,34,30000001,0,user_2,830,839,16613
17242,35,30000001,0,user_2,830,839,16613
17247,29,30000001,0,user_4,830,839,16613
17268,50,30000001,0,user_13,830,839,16613
17269,51,30000001,0,user_13,830,839,16613
17271,52,30000001,0,user_13,830,839,16613
17261,32,30000001,0,user_11,830,839,16613
17239,28,30000001,0,user_0,830,839,16613
17262,30,30000001,0,user_12,830,839,16613
17265,31,30000001,0,user_12,830,839,16613
17276,53,30000001,0,user_19,830,839,16613
17277,54,30000001,0,user_19,830,839,16613
17278,39,30000001,0,user_20,830,839,16613
16719,41,30000001,0,user_0,827,839,16613
17244,36,30000001,0,user_3,830,839,16613
17245,37,30000001,0,user_3,830,839,16613
17283,38,30000001,0,user_26,830,839,16613
17275,33,30000001,0,user_18,830,839,16613
17256,40,30000001,0,user_9,830,839,16613
17427,17,30000001,0,user_2,831,839,16613
17428,18,30000001,0,user_2,831,839,16613
17429,19,30000001,0,user_2,831,839,16613
17435,20,30000001,0,user_11,831,839,16613
17436,21,30000001,0,user_11,831,839,16613
17434,24,30000001,0,user_7,831,839,16613
17448,25,30000001,0,user_21,831,839,16613
17440,27,30000001,0,user_15,831,839,16613
17438,22,30000001,0,user_13,831,839,16613
17444,23,30000001,0,user_17,831,839,16613
17452,26,30000001,0,user_25,831,839,16613
18220,56,30000000,0,user_39,837,839,
17972,57,30000000,0,user_29,835,839,
16468,59,30000000,0,user_43,825,839,
16292,58,30000000,0,user_42,824,839,
16603,60,30000000,0,user_31,826,839,
17063,62,29999999,0,user_21,829,839,16613
17253,61,29999999,0,user_7,830,839,16613
17055,81,29999999,0,user_17,829,839,16613
17066,82,29999999,0,user_23,829,839,16613
17249,68,29999999,0,user_5,830,839,16613
17258,78,29999999,0,user_10,830,839,16613
17259,79,29999999,0,user_10,830,839,16613
17267,83,29999999,0,user_13,830,839,16613
17270,84,29999999,0,user_13,830,839,16613
17266,70,29999999,0,user_12,830,839,16613
17255,73,29999999,0,user_8,830,839,16613
17272,77,29999999,0,user_15,830,839,16613
17279,75,29999999,0,user_22,830,839,16613
17273,71,29999999,0,user_16,830,839,16613
17274,72,29999999,0,user_16,830,839,16613
17282,76,29999999,0,user_26,830,839,16613
17280,74,29999999,0,user_23,830,839,16613
17431,65,29999999,0,user_3,831,839,16613
17426,63,29999999,0,user_0,831,839,16613
17446,69,29999999,0,user_20,831,839,16613
17442,66,29999999,0,user_16,831,839,16613
17443,67,29999999,0,user_16,831,839,16613
17445,80,29999999,0,user_19,831,839,16613
17607,85,29999999,0,user_8,832,839,16613
17449,64,29999999,0,user_22,831,839,16613
16873,86,29999999,0,user_7,828,839,16613
16874,87,29999999,0,user_8,828,839,16613
17050,88,29999999,0,user_13,829,839,16613
16902,90,27000000,779000,user_36,828,839,
18283,87,26999999,0,builder_15,837,837,16902
17751,88,27000001,0,user_25,833,837,16902
17051,91,27000001,0,user_14,829,839,16902
17740,90,27000001,0,user_12,833,838,16902
17739,92,27000001,0,user_9,833,839,16902
17601,95,27000001,0,user_1,832,839,16902
17602,96,27000001,0,user_1,832,839,16902
17609,97,27000001,0,user_9,832,838,16902
17618,99,27000001,0,user_22,832,839,16902
17615,98,27000001,0,user_21,832,839,16902
17623,97,27000001,0,user_25,832,837,16902
17624,98,27000001,0,user_26,832,837,16902
17610,93,27000001,0,user_10,832,839,16902
17076,0,43000000,545000,user_38,829,839,
18404,1,42999999,0,builder_15,838,838,17076
18097,2,43000000,0,user_30,836,839,
17996,3,43000000,0,user_47,835,839,
17300,4,43000000,0,user_48,830,839,
15902,6,43000000,0,user_45,822,839,
17648,5,43000000,0,user_44,832,839,
17652,7,43000000,0,user_49,832,839,
16896,8,43000000,0,user_29,828,839,
15679,9,43000000,0,user_47,821,839,
18405,10,30000001,0,builder_15,838,838,16613
16613,11,30000000,769000,user_45,826,839,
18406,12,30000001,0,builder_15,838,838,18340
18340,12,30000000,322000,user_44,838,839,
17061,15,30000001,0,user_19,829,839,16613
17064,16,30000001,0,user_21,829,839,16613
17240,14,30000001,0,user_1,830,839,16613
17244,36,30000001,0,user_3,830,839,16613
17245,37,30000001,0,user_3,830,839,16613
17247,29,30000001,0,user_4,830,839,16613
17268,50,30000001,0,user_13,830,839,16613
17269,51,30000001,0,user_13,830,839,16613
17271,52,30000001,0,user_13,830,839,16613
17261,32,30000001,0,user_11,830,839,16613
17239,28,30000001,0,user_0,830,839,16613
17262,30,30000001,0,user_12,830,839,16613
17265,31,30000001,0,user_12,830,839,16613
17276,53,30000001,0,user_19,830,839,16613
17277,54,30000001,0,user_19,830,839,16613
17278,39,30000001,0,user_20,830,839,16613
17283,38,30000001,0,user_26,830,839,16613
17275,33,30000001,0,user_18,830,839,16613
17427,17,30000001,0,user_2,831,839,16613
17428,18,30000001,0,user_2,831,839,16613
17429,19,30000001,0,user_2,831,839,16613
17241,34,30000001,0,user_2,830,839,16613
17242,35,30000001,0,user_2,830,839,16613
17256,40,30000001,0,user_9,830,839,16613
17438,22,30000001,0,user_13,831,839,16613
17434,24,30000001,0,user_7,831,839,16613
17435,20,30000001,0,user_11,831,839,16613
17436,21,30000001,0,user_11,831,839,16613
17062,42,30000001,0,user_20,829,839,16613
16719,41,30000001,0,user_0,827,839,16613
17069,48,30000001,0,user_25,829,839,16613
17070,49,30000001,0,user_26,829,839,16613
17054,44,30000001,0,user_17,829,839,16613
17056,45,30000001,0,user_18,829,839,16613
17059,46,30000001,0,user_18,829,839,16613
17060,47,30000001,0,user_18,829,839,16613
17053,43,30000001,0,user_15,829,839,16613
17440,27,30000001,0,user_15,831,839,16613
17448,25,30000001,0,user_21,831,839,16613
17452,26,30000001,0,user_25,831,839,16613
17444,23,30000001,0,user_17,831,839,16613
17972,57,30000000,0,user_29,835,839,
18336,55,30000000,0,user_40,838,839,
16292,58,30000000,0,user_42,824,839,
16468,59,30000000,0,user_43,825,839,
16603,60,30000000,0,user_31,826,839,
17063,62,29999999,0,user_21,829,839,16613
17253,61,29999999,0,user_7,830,839,16613
17267,83,29999999,0,user_13,830,839,16613
17270,84,29999999,0,user_13,830,839,16613
17249,68,29999999,0,user_5,830,839,16613
17266,70,29999999,0,user_12,830,839,16613
17255,73,29999999,0,user_8,830,839,16613
17272,77,29999999,0,user_15,830,839,16613
17279,75,29999999,0,user_22,830,839,16613
17273,71,29999999,0,user_16,830,839,16613
17274,72,29999999,0,user_16,830,839,16613
17282,76,29999999,0,user_26,830,839,16613
17258,78,29999999,0,user_10,830,839,16613
17259,79,29999999,0,user_10,830,839,16613
17280,74,29999999,0,user_23,830,839,16613
17426,63,29999999,0,user_0,831,839,16613
17445,80,29999999,0,user_19,831,839,16613
17446,69,29999999,0,user_20,831,839,16613
17055,81,29999999,0,user_17,829,839,16613
17066,82,29999999,0,user_23,829,839,16613
17431,65,29999999,0,user_3,831,839,16613
17442,66,29999999,0,user_16,831,839,16613
17443,67,29999999,0,user_16,831,839,16613
17449,64,29999999,0,user_22,831,839,16613
17607,85,29999999,0,user_8,832,839,16613
16874,87,29999999,0,user_8,828,839,16613
16873,86,29999999,0,user_7,828,839,16613
17050,88,29999999,0,user_13,829,839,16613
18407,88,27000001,0,builder_15,838,838,16902
16902,90,27000000,779000,user_36,828,839,
17740,90,27000001,0,user_12,833,838,16902
17739,92,27000001,0,user_9,833,839,16902
17051,91,27000001,0,user_14,829,839,16902
17601,95,27000001,0,user_1,832,839,16902
17602,96,27000001,0,user_1,832,839,16902
17610,93,27000001,0,user_10,832,839,16902
17615,98,27000001,0,user_21,832,839,16902
17609,97,27000001,0,user_9,832,838,16902
17614,97,27000001,0,user_15,832,839,16902
17612,94,27000001,0,user_13,832,839,16902
17076,0,43000000,545000,user_38,829,839,
18535,1,42999999,0,builder_15,839,839,17076
18097,2,43000000,0,user_30,836,839,
17996,3,43000000,0,user_47,835,839,
17300,4,43000000,0,user_48,830,839,
17648,5,43000000,0,user_44,832,839,
15902,6,43000000,0,user_45,822,839,
17652,7,43000000,0,user_49,832,839,
16896,8,43000000,0,user_29,828,839,
15679,9,43000000,0,user_47,821,839,
18536,10,30000001,0,builder_15,839,839,16613
16613,11,30000000,769000,user_45,826,839,
18340,12,30000000,322000,user_44,838,839,
18537,13,29999999,0,builder_15,839,839,18340
17240,14,30000001,0,user_1,830,839,16613
17061,15,30000001,0,user_19,829,839,16613
17064,16,30000001,0,user_21,829,839,16613
17427,17,30000001,0,user_2,831,839,16613
17428,18,30000001,0,user_2,831,839,16613
17429,19,30000001,0,user_2,831,839,16613
17435,20,30000001,0,user_11,831,839,16613
17436,21,30000001,0,user_11,831,839,16613
17438,22,30000001,0,user_13,831,839,16613
17444,23,30000001,0,user_17,831,839,16613
17434,24,30000001,0,user_7,831,839,16613
17448,25,30000001,0,user_21,831,839,16613
17452,26,30000001,0,user_25,831,839,16613
17440,27,30000001,0,user_15,831,839,16613
17239,28,30000001,0,user_0,830,839,16613
17247,29,30000001,0,user_4,830,839,16613
17262,30,30000001,0,user_12,830,839,16613
17265,31,30000001,0,user_12,830,839,16613
17261,32,30000001,0,user_11,830,839,16613
17275,33,30000001,0,user_18,830,839,16613
17241,34,30000001,0,user_2,830,839,16613
17242,35,30000001,0,user_2,830,839,16613
17244,36,30000001,0,user_3,830,839,16613
17245,37,30000001,0,user_3,830,839,16613
17283,38,30000001,0,user_26,830,839,16613
17278,39,30000001,0,user_20,830,839,16613
17256,40,30000001,0,user_9,830,839,16613
16719,41,30000001,0,user_0,827,839,16613
17062,42,30000001,0,user_20,829,839,16613
17053,43,30000001,0,user_15,829,839,16613
17054,44,30000001,0,user_17,829,839,16613
17056,45,30000001,0,user_18,829,839,16613
17059,46,30000001,0,user_18,829,839,16613
17060,47,30000001,0,user_18,829,839,16613
17069,48,30000001,0,user_25,829,839,16613
17070,49,30000001,0,user_26,829,839,16613
17268,50,30000001,0,user_13,830,839,16613
17269,51,30000001,0,user_13,830,839,16613
17271,52,30000001,0,user_13,830,839,16613
17276,53,30000001,0,user_19,830,839,16613
17277,54,30000001,0,user_19,830,839,16613
18336,55,30000000,0,user_40,838,839,
18220,56,30000000,0,user_39,837,839,
17972,57,30000000,0,user_29,835,839,
16292,58,30000000,0,user_42,824,839,
16468,59,30000000,0,user_43,825,839,
16603,60,30000000,0,user_31,826,839,
17253,61,29999999,0,user_7,830,839,16613
17063,62,29999999,0,user_21,829,839,16613
17426,63,29999999,0,user_0,831,839,16613
17449,64,29999999,0,user_22,831,839,16613
17431,65,29999999,0,user_3,831,839,16613
17442,66,29999999,0,user_16,831,839,16613
17443,67,29999999,0,user_16,831,839,16613
17249,68,29999999,0,user_5,830,839,16613
17446,69,29999999,0,user_20,831,839,16613
17266,70,29999999,0,user_12,830,839,16613
17273,71,29999999,0,user_16,830,839,16613
17274,72,29999999,0,user_16,830,839,16613
17255,73,29999999,0,user_8,830,839,16613
17280,74,29999999,0,user_23,830,839,16613
17279,75,29999999,0,user_22,830,839,16613
17282,76,29999999,0,user_26,830,839,16613
17272,77,29999999,0,user_15,830,839,16613
17258,78,29999999,0,user_10,830,839,16613
17259,79,29999999,0,user_10,830,839,16613
17445,80,29999999,0,user_19,831,839,16613
17055,81,29999999,0,user_17,829,839,16613
17066,82,29999999,0,user_23,829,839,16613
17267,83,29999999,0,user_13,830,839,16613
17270,84,29999999,0,user_13,830,839,16613
17607,85,29999999,0,user_8,832,839,16613
16873,86,29999999,0,user_7,828,839,16613
16874,87,29999999,0,user_8,828,839,16613
17050,88,29999999,0,user_13,829,839,16613
18538,89,27000001,0,builder_15,839,839,16902
16902,90,27000000,779000,user_36,828,839,
17051,91,27000001,0,user_14,829,839,16902
17739,92,27000001,0,user_9,833,839,16902
17610,93,27000001,0,user_10,832,839,16902
17612,94,27000001,0,user_13,832,839,16902
17601,95,27000001,0,user_1,832,839,16902
17602,96,27000001,0,user_1,832,839,16902
17614,97,27000001,0,user_15,832,839,16902
17615,98,27000001,0,user_21,832,839,16902
17618,99,27000001,0,user_22,832,839,16902
15543,86,3200000,17700000,user_39,840,851,
15604,1,3199999,0,builder_15,840,840,15543
15511,84,5200000,181000,user_1,840,850,
15605,3,5199999,0,builder_15,840,840,15511
15526,95,5200001,0,user_12,840,850,15511
15532,98,5200001,0,user_19,840,850,15511
15530,96,5200001,0,user_15,840,850,15511
15517,97,5200001,0,user_6,840,850,15511
15537,99,5200001,0,user_26,840,850,15511
15527,83,5199999,0,user_12,840,849,15511
15519,84,5199999,0,user_7,840,849,15511
15520,85,5199999,0,user_7,840,849,15511
15533,80,5199999,0,user_19,840,849,15511
15531,86,5199999,0,user_15,840,849,15511
15518,81,5199999,0,user_6,840,849,15511
15534,82,5199999,0,user_22,840,849,15511
15541,85,2600000,0,user_37,840,845,
15544,91,2000000,15100,user_40,840,845,
15606,18,1999999,0,builder_15,840,840,15544
15553,94,2000000,0,user_44,840,845,
15557,97,1900000,0,user_47,840,845,
15556,93,1500000,0,user_47,840,844,
15559,95,1300000,13800,user_47,840,844,
15607,23,1299999,0,builder_15,840,840,15559
15560,82,1000000,0,user_48,840,842,
15525,86,910000,0,user_11,840,842,
15515,87,870000,0,user_4,840,842,
15535,89,670000,0,user_23,840,842,
15524,88,670000,0,user_10,840,842,
15523,92,470000,0,user_10,840,842,
15510,96,460000,0,user_1,840,842,
15522,93,460000,0,user_9,840,842,
15550,94,460000,0,user_44,840,842,
15552,97,420000,18600,user_44,840,842,
15608,34,419999,0,builder_15,840,840,15552
15558,64,420000,0,user_47,840,841,
15514,70,300000,0,user_1,840,841,
15516,71,260000,0,user_5,840,841,
15609,38,150001,0,builder_15,840,840,15549
15549,73,150000,75000,user_44,840,841,
15529,74,220000,0,user_14,840,841,
15610,41,170001,0,builder_15,840,840,15528
15528,42,170000,24700,user_13,840,840,
15512,76,190000,0,user_1,840,841,
15509,80,170000,0,user_0,840,841,
15513,83,160000,0,user_1,840,841,
15554,84,160000,0,user_45,840,841,
15551,96,120000,0,user_44,840,841,
15536,97,110000,0,user_24,840,841,
15521,49,98000,0,user_8,840,840,
15555,50,80000,0,user_47,840,840,
15545,51,77000,0,user_40,840,840,
15679,9,43000000,0,user_47,841,859,
15812,1,3200001,0,builder_15,841,841,15543
15543,86,3200000,17700000,user_39,840,851,
15676,93,6300000,0,user_45,841,851,
15677,94,6300000,0,user_45,841,851,
15813,5,5200001,0,builder_15,841,841,15511
15511,84,5200000,181000,user_1,840,850,
15526,95,5200001,0,user_12,840,850,15511
15532,98,5200001,0,user_19,840,850,15511
15517,97,5200001,0,user_6,840,850,15511
15530,96,5200001,0,user_15,840,850,15511
15537,99,5200001,0,user_26,840,850,15511
15645,64,5200001,0,user_13,841,849,15511
15654,94,5200001,0,user_18,841,850,15511
15519,84,5199999,0,user_7,840,849,15511
15520,85,5199999,0,user_7,840,849,15511
15527,83,5199999,0,user_12,840,849,15511
15533,80,5199999,0,user_19,840,849,15511
15518,81,5199999,0,user_6,840,849,15511
15531,86,5199999,0,user_15,840,849,15511
15534,82,5199999,0,user_22,840,849,15511
15641,88,5199999,0,user_11,841,849,15511
15647,89,5199999,0,user_14,841,849,15511
15651,78,5199999,0,user_18,841,849,15511
15665,96,4500000,0,user_31,841,849,
15666,78,3600000,0,user_32,841,847,
15664,79,3500000,0,user_31,841,847,
15643,92,3200001,0,user_11,841,847,15543
15629,83,3200001,0,user_1,841,847,15543
15634,90,3200001,0,user_7,841,847,15543
15636,91,3200001,0,user_7,841,847,15543
15632,84,3200001,0,user_5,841,847,15543
15640,72,3199999,0,user_11,841,845,15543
15630,71,3199999,0,user_2,841,845,15543
15644,76,3199999,0,user_13,841,845,15543
15635,73,3199999,0,user_7,841,845,15543
15656,69,3199999,0,user_19,841,845,15543
15639,74,3199999,0,user_10,841,845,15543
15649,70,3199999,0,user_15,841,845,15543
15541,85,2600000,0,user_37,840,845,
15539,84,2600000,0,user_29,840,845,
15542,90,2100000,0,user_38,840,845,
15814,42,2000001,0,builder_15,841,841,15544
15544,91,2000000,15100,user_40,840,845,
15627,93,2000001,0,user_0,841,845,15544
15553,94,2000000,0,user_44,840,845,
15557,97,1900000,0,user_47,840,845,
15556,93,1500000,0,user_47,840,844,
15559,95,1300000,13800,user_47,840,844,
15815,49,1299999,0,builder_15,841,841,15559
15560,82,1000000,0,user_48,840,842,
15525,86,910000,0,user_11,840,842,
15515,87,870000,0,user_4,840,842,
15535,89,670000,0,user_23,840,842,
15524,88,670000,0,user_10,840,842,
15523,92,470000,0,user_10,840,842,
15510,96,460000,0,user_1,840,842,
15547,95,460000,0,user_41,840,842,
15550,94,460000,0,user_44,840,842,
15522,93,460000,0,user_9,840,842,
15552,97,420000,18600,user_44,840,842,
15816,61,419999,0,builder_15,841,841,15552
15637,99,420001,0,user_7,841,842,15552
15660,63,420001,0,user_25,841,841,15552
15558,64,420000,0,user_47,840,841,
15642,65,419999,0,user_11,841,841,15552
15661,66,419999,0,user_25,841,841,15552
15817,67,360001,0,builder_15,841,841,15671
15671,68,360000,56200,user_39,841,841,
15540,69,340000,0,user_34,840,841,
15514,70,300000,0,user_1,840,841,
15516,71,260000,0,user_5,840,841,
15818,72,150001,0,builder_15,841,841,15549
15549,73,150000,75000,user_44,840,841,
15529,74,220000,0,user_14,840,841,
15561,75,220000,0,user_49,840,841,
15512,76,190000,0,user_1,840,841,
15658,77,170001,0,user_21,841,841,15528
15659,78,170001,0,user_24,841,841,15528
15648,79,170001,0,user_15,841,841,15528
15509,80,170000,0,user_0,840,841,
15663,81,150000,14200,user_30,841,841,
15819,82,149999,0,builder_15,841,841,15663
15513,83,160000,0,user_1,840,841,
15554,84,160000,0,user_45,840,841,
15631,85,150001,0,user_4,841,841,15549
15652,86,150001,0,user_18,841,841,15549
15655,87,150001,0,user_18,841,841,15549
15628,88,150001,0,user_0,841,841,15549
15667,89,150000,0,user_32,841,841,
15646,90,149999,0,user_14,841,841,15549
15650,91,149999,0,user_16,841,841,15549
15653,92,149999,0,user_18,841,841,15549
15548,93,130000,18600,user_43,840,841,
15820,94,129999,0,builder_15,841,841,15548
15638,95,129999,0,user_8,841,841,15548
15551,96,120000,0,user_44,840,841,
15536,97,110000,0,user_24,840,841,
15546,98,110000,0,user_41,840,841,
15538,99,110000,0,user_27,840,841,
15679,9,43000000,0,user_47,841,859,
15902,6,43000000,0,user_45,842,859,
16036,2,3200001,0,builder_15,842,842,15543
15543,86,3200000,17700000,user_39,840,851,
15676,93,6300000,0,user_45,841,851,
15677,94,6300000,0,user_45,841,851,
15900,96,6100000,0,user_40,842,851,
16037,7,5200001,0,builder_15,842,842,15511
15511,84,5200000,181000,user_1,840,850,
15532,98,5200001,0,user_19,840,850,15511
15517,97,5200001,0,user_6,840,850,15511
15530,96,5200001,0,user_15,840,850,15511
15537,99,5200001,0,user_26,840,850,15511
15526,95,5200001,0,user_12,840,850,15511
15654,94,5200001,0,user_18,841,850,15511
15866,93,5200001,0,user_10,842,850,15511
15903,66,5200000,0,user_45,842,849,
15647,89,5199999,0,user_14,841,849,15511
15519,84,5199999,0,user_7,840,849,15511
15520,85,5199999,0,user_7,840,849,15511
15533,80,5199999,0,user_19,840,849,15511
15518,81,5199999,0,user_6,840,849,15511
15531,86,5199999,0,user_15,840,849,15511
15534,82,5199999,0,user_22,840,849,15511
15641,88,5199999,0,user_11,841,849,15511
15527,83,5199999,0,user_12,840,849,15511
15651,78,5199999,0,user_18,841,849,15511
15863,79,5199999,0,user_10,842,849,15511
15895,91,5000000,0,user_36,842,849,
15665,96,4500000,0,user_31,841,849,
15666,78,3600000,0,user_32,841,847,
15664,79,3500000,0,user_31,841,847,
15629,83,3200001,0,user_1,841,847,15543
15634,90,3200001,0,user_7,841,847,15543
15636,91,3200001,0,user_7,841,847,15543
15632,84,3200001,0,user_5,841,847,15543
15633,93,3200001,0,user_6,841,847,15543
15643,92,3200001,0,user_11,841,847,15543
15854,94,3200001,0,user_1,842,847,15543
15859,85,3200001,0,user_5,842,847,15543
15865,86,3200001,0,user_10,842,847,15543
15630,71,3199999,0,user_2,841,845,15543
15635,73,3199999,0,user_7,841,845,15543
15656,69,3199999,0,user_19,841,845,15543
15639,74,3199999,0,user_10,841,845,15543
15657,94,3199999,0,user_20,841,846,15543
15649,70,3199999,0,user_15,841,845,15543
15640,72,3199999,0,user_11,841,845,15543
15857,95,3199999,0,user_3,842,846,15543
15861,96,3199999,0,user_7,842,846,15543
15874,99,3199999,0,user_18,842,846,15543
15878,97,3199999,0,user_21,842,846,15543
15879,98,3199999,0,user_21,842,846,15543
15881,81,3199999,0,user_24,842,845,15543
15539,84,2600000,0,user_29,840,845,
15541,85,2600000,0,user_37,840,845,
15542,90,2100000,0,user_38,840,845,
15544,91,2000000,15100,user_40,840,845,
16038,58,1999999,0,builder_15,842,842,15544
15627,93,2000001,0,user_0,841,845,15544
15553,94,2000000,0,user_44,840,845,
15557,97,1900000,0,user_47,840,845,
15898,99,1700000,0,user_39,842,845,
15896,90,1600000,0,user_37,842,844,
15556,93,1500000,0,user_47,840,844,
15559,95,1300000,13800,user_47,840,844,
16039,66,1299999,0,builder_15,842,842,15559
15907,82,1200000,0,user_48,842,843,
15891,84,1100000,0,user_32,842,843,
16040,69,1000001,0,builder_15,842,842,15673
15673,86,1000000,66100,user_42,841,843,
16041,71,1000001,0,builder_15,842,842,15888
15888,88,1000000,3130,user_32,842,843,
15855,99,1000001,0,user_1,842,843,15673
15870,91,1000001,0,user_14,842,843,15673
15877,92,1000001,0,user_21,842,843,15673
15882,95,1000001,0,user_25,842,843,15673
15875,90,1000001,0,user_19,842,843,15673
15880,94,1000001,0,user_23,842,843,15673
15864,93,1000001,0,user_10,842,843,15673
15862,97,1000001,0,user_9,842,843,15673
15883,96,1000001,0,user_26,842,843,15673
15560,82,1000000,0,user_48,840,842,
15867,83,999999,0,user_11,842,842,15673
15873,84,999999,0,user_17,842,842,15673
15871,85,999999,0,user_15,842,842,15673
15525,86,910000,0,user_11,840,842,
15515,87,870000,0,user_4,840,842,
15524,88,670000,0,user_10,840,842,
15535,89,670000,0,user_23,840,842,
16042,90,190001,0,builder_15,842,842,15670
15670,91,190000,381000,user_38,841,842,
15523,92,470000,0,user_10,840,842,
15522,93,460000,0,user_9,840,842,
15550,94,460000,0,user_44,840,842,
15547,95,460000,0,user_41,840,842,
15510,96,460000,0,user_1,840,842,
15552,97,420000,18600,user_44,840,842,
16043,98,419999,0,builder_15,842,842,15552
15637,99,420001,0,user_7,841,842,15552
15902,6,43000000,0,user_45,842,859,
15679,9,43000000,0,user_47,841,859,
16205,2,3200001,0,builder_15,843,843,15543
15543,86,3200000,17700000,user_39,840,851,
15676,93,6300000,0,user_45,841,851,
15677,94,6300000,0,user_45,841,851,
15900,96,6100000,0,user_40,842,851,
16111,97,6100000,0,user_45,843,851,
15511,84,5200000,181000,user_1,840,850,
16206,9,5199999,0,builder_15,843,843,15511
15866,93,5200001,0,user_10,842,850,15511
15645,64,5200001,0,user_13,841,849,15511
15654,94,5200001,0,user_18,841,850,15511
15526,95,5200001,0,user_12,840,850,15511
15532,98,5200001,0,user_19,840,850,15511
15517,97,5200001,0,user_6,840,850,15511
15530,96,5200001,0,user_15,840,850,15511
15537,99,5200001,0,user_26,840,850,15511
15903,66,5200000,0,user_45,842,849,
16087,67,5200000,0,user_28,843,849,
15863,79,5199999,0,user_10,842,849,15511
15641,88,5199999,0,user_11,841,849,15511
15647,89,5199999,0,user_14,841,849,15511
15651,78,5199999,0,user_18,841,849,15511
15527,83,5199999,0,user_12,840,849,15511
15519,84,5199999,0,user_7,840,849,15511
15520,85,5199999,0,user_7,840,849,15511
15533,80,5199999,0,user_19,840,849,15511
15518,81,5199999,0,user_6,840,849,15511
15531,86,5199999,0,user_15,840,849,15511
15534,82,5199999,0,user_22,840,849,15511
15895,91,5000000,0,user_36,842,849,
15665,96,4500000,0,user_31,841,849,
16101,97,4500000,0,user_37,843,849,
15666,78,3600000,0,user_32,841,847,
15664,79,3500000,0,user_31,841,847,
15865,86,3200001,0,user_10,842,847,15543
15633,93,3200001,0,user_6,841,847,15543
15643,92,3200001,0,user_11,841,847,15543
15634,90,3200001,0,user_7,841,847,15543
15636,91,3200001,0,user_7,841,847,15543
15854,94,3200001,0,user_1,842,847,15543
15859,85,3200001,0,user_5,842,847,15543
16077,87,3200001,0,user_16,843,847,15543
15629,83,3200001,0,user_1,841,847,15543
15632,84,3200001,0,user_5,841,847,15543
15861,96,3199999,0,user_7,842,846,15543
15857,95,3199999,0,user_3,842,846,15543
15878,97,3199999,0,user_21,842,846,15543
15879,98,3199999,0,user_21,842,846,15543
15874,99,3199999,0,user_18,842,846,15543
15881,81,3199999,0,user_24,842,845,15543
16066,82,3199999,0,user_1,843,845,15543
15640,72,3199999,0,user_11,841,845,15543
15635,73,3199999,0,user_7,841,845,15543
15639,74,3199999,0,user_10,841,845,15543
15657,94,3199999,0,user_20,841,846,15543
15644,76,3199999,0,user_13,841,845,15543
16078,68,3199999,0,user_17,843,845,15543
15630,71,3199999,0,user_2,841,845,15543
15656,69,3199999,0,user_19,841,845,15543
15649,70,3199999,0,user_15,841,845,15543
15541,85,2600000,0,user_37,840,845,
15539,84,2600000,0,user_29,840,845,
16097,89,2300000,0,user_35,843,845,
15542,90,2100000,0,user_38,840,845,
15544,91,2000000,15100,user_40,840,845,
16207,67,1999999,0,builder_15,843,843,15544
15627,93,2000001,0,user_0,841,845,15544
15553,94,2000000,0,user_44,840,845,
16100,96,1900000,0,user_36,843,845,
15557,97,1900000,0,user_47,840,845,
15898,99,1700000,0,user_39,842,845,
16113,98,1700000,0,user_47,843,845,
15896,90,1600000,0,user_37,842,844,
16096,92,1500000,0,user_33,843,844,
15556,93,1500000,0,user_47,840,844,
15559,95,1300000,13800,user_47,840,844,
16208,78,1299999,0,builder_15,843,843,15559
15904,97,1300000,0,user_46,842,844,
16098,98,1300000,0,user_35,843,844,
16103,99,1300000,0,user_39,843,844,
15907,82,1200000,0,user_48,842,843,
16108,83,1200000,0,user_40,843,843,
15891,84,1100000,0,user_32,842,843,
16106,85,1100000,0,user_39,843,843,
15673,86,1000000,66100,user_42,841,843,
16209,87,999999,0,builder_15,843,843,15673
15888,88,1000000,3130,user_32,842,843,
16210,89,999999,0,builder_15,843,843,15888
15875,90,1000001,0,user_19,842,843,15673
15870,91,1000001,0,user_14,842,843,15673
15877,92,1000001,0,user_21,842,843,15673
15864,93,1000001,0,user_10,842,843,15673
15880,94,1000001,0,user_23,842,843,15673
15882,95,1000001,0,user_25,842,843,15673
15883,96,1000001,0,user_26,842,843,15673
15862,97,1000001,0,user_9,842,843,15673
16068,98,1000001,0,user_4,843,843,15673
15855,99,1000001,0,user_1,842,843,15673
15902,6,43000000,0,user_45,842,859,
15679,9,43000000,0,user_47,841,859,
16112,94,27000000,0,user_46,843,852,
15543,86,3200000,17700000,user_39,840,851,
16386,4,3199999,0,builder_15,844,844,15543
16387,5,6300001,0,builder_15,844,844,16282
16282,91,6300000,5630,user_32,844,851,
15676,93,6300000,0,user_45,841,851,
15677,94,6300000,0,user_45,841,851,
16111,97,6100000,0,user_45,843,851,
15900,96,6100000,0,user_40,842,851,
16388,11,5200001,0,builder_15,844,844,15511
15511,84,5200000,181000,user_1,840,850,
15866,93,5200001,0,user_10,842,850,15511
16263,85,5200001,0,user_17,844,850,15511
16264,86,5200001,0,user_18,844,850,15511
15654,94,5200001,0,user_18,841,850,15511
15517,97,5200001,0,user_6,840,850,15511
15537,99,5200001,0,user_26,840,850,15511
15532,98,5200001,0,user_19,840,850,15511
15530,96,5200001,0,user_15,840,850,15511
15526,95,5200001,0,user_12,840,850,15511
15645,64,5200001,0,user_13,841,849,15511
15903,66,5200000,0,user_45,842,849,
16087,67,5200000,0,user_28,843,849,
16299,65,5200000,0,user_48,844,849,
15641,88,5199999,0,user_11,841,849,15511
15863,79,5199999,0,user_10,842,849,15511
15651,78,5199999,0,user_18,841,849,15511
15518,81,5199999,0,user_6,840,849,15511
15534,82,5199999,0,user_22,840,849,15511
15533,80,5199999,0,user_19,840,849,15511
15519,84,5199999,0,user_7,840,849,15511
15520,85,5199999,0,user_7,840,849,15511
15531,86,5199999,0,user_15,840,849,15511
15527,83,5199999,0,user_12,840,849,15511
15647,89,5199999,0,user_14,841,849,15511
16243,87,5199999,0,user_9,844,849,15511
15895,91,5000000,0,user_36,842,849,
16101,97,4500000,0,user_37,843,849,
15665,96,4500000,0,user_31,841,849,
15666,78,3600000,0,user_32,841,847,
15664,79,3500000,0,user_31,841,847,
15854,94,3200001,0,user_1,842,847,15543
15859,85,3200001,0,user_5,842,847,15543
15643,92,3200001,0,user_11,841,847,15543
15865,86,3200001,0,user_10,842,847,15543
16077,87,3200001,0,user_16,843,847,15543
16245,95,3200001,0,user_11,844,847,15543
16229,89,3200001,0,user_0,844,847,15543
16235,88,3200001,0,user_2,844,847,15543
16259,96,3200001,0,user_16,844,847,15543
15629,83,3200001,0,user_1,841,847,15543
15632,84,3200001,0,user_5,841,847,15543
15633,93,3200001,0,user_6,841,847,15543
15634,90,3200001,0,user_7,841,847,15543
15636,91,3200001,0,user_7,841,847,15543
16301,98,3200000,0,user_48,844,847,
15857,95,3199999,0,user_3,842,846,15543
15861,96,3199999,0,user_7,842,846,15543
15874,99,3199999,0,user_18,842,846,15543
15881,81,3199999,0,user_24,842,845,15543
15640,72,3199999,0,user_11,841,845,15543
15878,97,3199999,0,user_21,842,846,15543
15879,98,3199999,0,user_21,842,846,15543
16066,82,3199999,0,user_1,843,845,15543
16078,68,3199999,0,user_17,843,845,15543
16232,64,3199999,0,user_2,844,845,15543
16271,65,3199999,0,user_25,844,845,15543
15630,71,3199999,0,user_2,841,845,15543
15649,70,3199999,0,user_15,841,845,15543
15656,69,3199999,0,user_19,841,845,15543
15639,74,3199999,0,user_10,841,845,15543
15635,73,3199999,0,user_7,841,845,15543
15644,76,3199999,0,user_13,841,845,15543
15657,94,3199999,0,user_20,841,846,15543
15539,84,2600000,0,user_29,840,845,
15541,85,2600000,0,user_37,840,845,
16102,87,2400000,0,user_38,843,845,
16296,86,2400000,0,user_47,844,845,
16097,89,2300000,0,user_35,843,845,
15542,90,2100000,0,user_38,840,845,
16389,82,2000001,0,builder_15,844,844,15544
15544,91,2000000,15100,user_40,840,845,
15627,93,2000001,0,user_0,841,845,15544
15553,94,2000000,0,user_44,840,845,
16100,96,1900000,0,user_36,843,845,
15557,97,1900000,0,user_47,840,845,
16113,98,1700000,0,user_47,843,845,
15898,99,1700000,0,user_39,842,845,
15896,90,1600000,0,user_37,842,844,
16110,91,1600000,0,user_42,843,844,
16096,92,1500000,0,user_33,843,844,
15556,93,1500000,0,user_47,840,844,
16288,94,1400000,0,user_39,844,844,
15559,95,1300000,13800,user_47,840,844,
16390,96,1299999,0,builder_15,844,844,15559
15904,97,1300000,0,user_46,842,844,
16098,98,1300000,0,user_35,843,844,
16103,99,1300000,0,user_39,843,844,
15679,9,43000000,0,user_47,841,859,
15902,6,43000000,0,user_45,842,859,
16292,58,30000000,0,user_42,844,859,
16112,94,27000000,0,user_46,843,852,
15543,86,3200000,17700000,user_39,840,851,
16544,5,3199999,0,builder_15,845,845,15543
16282,91,6300000,5630,user_32,844,851,
16545,7,6299999,0,builder_15,845,845,16282
16445,92,6300000,0,user_28,845,851,
15676,93,6300000,0,user_45,841,851,
15677,94,6300000,0,user_45,841,851,
16111,97,6100000,0,user_45,843,851,
15900,96,6100000,0,user_40,842,851,
16546,13,5200001,0,builder_15,845,845,16457
16457,99,5200000,215000,user_37,845,851,
15511,84,5200000,181000,user_1,840,850,
16547,16,5199999,0,builder_15,845,845,15511
16263,85,5200001,0,user_17,844,850,15511
16264,86,5200001,0,user_18,844,850,15511
16443,87,5200001,0,user_24,845,850,15511
15517,97,5200001,0,user_6,840,850,15511
15537,99,5200001,0,user_26,840,850,15511
15526,95,5200001,0,user_12,840,850,15511
15530,96,5200001,0,user_15,840,850,15511
15532,98,5200001,0,user_19,840,850,15511
15654,94,5200001,0,user_18,841,850,15511
15645,64,5200001,0,user_13,841,849,15511
15866,93,5200001,0,user_10,842,850,15511
16299,65,5200000,0,user_48,844,849,
16087,67,5200000,0,user_28,843,849,
15903,66,5200000,0,user_45,842,849,
16243,87,5199999,0,user_9,844,849,15511
15518,81,5199999,0,user_6,840,849,15511
15534,82,5199999,0,user_22,840,849,15511
15519,84,5199999,0,user_7,840,849,15511
15520,85,5199999,0,user_7,840,849,15511
15527,83,5199999,0,user_12,840,849,15511
15531,86,5199999,0,user_15,840,849,15511
15533,80,5199999,0,user_19,840,849,15511
15651,78,5199999,0,user_18,841,849,15511
15641,88,5199999,0,user_11,841,849,15511
15647,89,5199999,0,user_14,841,849,15511
15863,79,5199999,0,user_10,842,849,15511
15895,91,5000000,0,user_36,842,849,
16101,97,4500000,0,user_37,843,849,
15665,96,4500000,0,user_31,841,849,
15666,78,3600000,0,user_32,841,847,
15664,79,3500000,0,user_31,841,847,
16235,88,3200001,0,user_2,844,847,15543
16259,96,3200001,0,user_16,844,847,15543
16229,89,3200001,0,user_0,844,847,15543
16245,95,3200001,0,user_11,844,847,15543
16410,82,3200001,0,user_1,845,847,15543
16077,87,3200001,0,user_16,843,847,15543
15629,83,3200001,0,user_1,841,847,15543
15632,84,3200001,0,user_5,841,847,15543
15643,92,3200001,0,user_11,841,847,15543
15634,90,3200001,0,user_7,841,847,15543
15636,91,3200001,0,user_7,841,847,15543
15633,93,3200001,0,user_6,841,847,15543
15854,94,3200001,0,user_1,842,847,15543
15859,85,3200001,0,user_5,842,847,15543
15865,86,3200001,0,user_10,842,847,15543
16301,98,3200000,0,user_48,844,847,
16232,64,3199999,0,user_2,844,845,15543
16271,65,3199999,0,user_25,844,845,15543
16433,99,3199999,0,user_18,845,847,15543
15874,99,3199999,0,user_18,842,846,15543
16078,68,3199999,0,user_17,843,845,15543
15656,69,3199999,0,user_19,841,845,15543
15649,70,3199999,0,user_15,841,845,15543
15630,71,3199999,0,user_2,841,845,15543
15640,72,3199999,0,user_11,841,845,15543
15635,73,3199999,0,user_7,841,845,15543
15639,74,3199999,0,user_10,841,845,15543
15657,94,3199999,0,user_20,841,846,15543
15644,76,3199999,0,user_13,841,845,15543
15857,95,3199999,0,user_3,842,846,15543
15861,96,3199999,0,user_7,842,846,15543
15878,97,3199999,0,user_21,842,846,15543
15879,98,3199999,0,user_21,842,846,15543
15881,81,3199999,0,user_24,842,845,15543
16066,82,3199999,0,user_1,843,845,15543
16421,92,3199999,0,user_9,845,846,15543
15539,84,2600000,0,user_29,840,845,
15541,85,2600000,0,user_37,840,845,
16296,86,2400000,0,user_47,844,845,
16102,87,2400000,0,user_38,843,845,
16463,88,2300000,0,user_39,845,845,
16097,89,2300000,0,user_35,843,845,
15542,90,2100000,0,user_38,840,845,
15544,91,2000000,15100,user_40,840,845,
16548,92,1999999,0,builder_15,845,845,15544
15627,93,2000001,0,user_0,841,845,15544
15553,94,2000000,0,user_44,840,845,
16456,95,1900000,0,user_36,845,845,
16100,96,1900000,0,user_36,843,845,
15557,97,1900000,0,user_47,840,845,
16113,98,1700000,0,user_47,843,845,
15898,99,1700000,0,user_39,842,845,
15902,6,43000000,0,user_45,842,859,
15679,9,43000000,0,user_47,841,859,
16695,2,30000001,0,builder_15,846,846,16613
16613,11,30000000,769000,user_45,846,859,
16468,59,30000000,0,user_43,845,859,
16292,58,30000000,0,user_42,844,859,
16603,60,30000000,0,user_31,846,859,
16112,94,27000000,0,user_46,843,852,
16696,8,3200001,0,builder_15,846,846,15543
15543,86,3200000,17700000,user_39,840,851,
16697,10,6300001,0,builder_15,846,846,16282
16282,91,6300000,5630,user_32,844,851,
16445,92,6300000,0,user_28,845,851,
15676,93,6300000,0,user_45,841,851,
15677,94,6300000,0,user_45,841,851,
16111,97,6100000,0,user_45,843,851,
15900,96,6100000,0,user_40,842,851,
16457,99,5200000,215000,user_37,845,851,
16698,18,5199999,0,builder_15,846,846,16457
15511,84,5200000,181000,user_1,840,850,
16699,20,5199999,0,builder_15,846,846,15511
16443,87,5200001,0,user_24,845,850,15511
16568,90,5200001,0,user_5,846,850,16457
16584,92,5200001,0,user_13,846,850,16457
16587,88,5200001,0,user_14,846,850,16457
16591,89,5200001,0,user_16,846,850,16457
16264,86,5200001,0,user_18,844,850,15511
15866,93,5200001,0,user_10,842,850,15511
16263,85,5200001,0,user_17,844,850,15511
15526,95,5200001,0,user_12,840,850,15511
15530,96,5200001,0,user_15,840,850,15511
15517,97,5200001,0,user_6,840,850,15511
15532,98,5200001,0,user_19,840,850,15511
15537,99,5200001,0,user_26,840,850,15511
15654,94,5200001,0,user_18,841,850,15511
16598,50,5200001,0,user_23,846,849,16457
15645,64,5200001,0,user_13,841,849,15511
16589,91,5200001,0,user_15,846,850,16457
16299,65,5200000,0,user_48,844,849,
15903,66,5200000,0,user_45,842,849,
16087,67,5200000,0,user_28,843,849,
16563,75,5199999,0,user_1,846,849,16457
16566,76,5199999,0,user_1,846,849,16457
16569,77,5199999,0,user_5,846,849,16457
16581,74,5199999,0,user_12,846,849,16457
16585,69,5199999,0,user_14,846,849,16457
16571,68,5199999,0,user_7,846,849,16457
16243,87,5199999,0,user_9,844,849,15511
15863,79,5199999,0,user_10,842,849,15511
15519,84,5199999,0,user_7,840,849,15511
15520,85,5199999,0,user_7,840,849,15511
15527,83,5199999,0,user_12,840,849,15511
15531,86,5199999,0,user_15,840,849,15511
15518,81,5199999,0,user_6,840,849,15511
15533,80,5199999,0,user_19,840,849,15511
15534,82,5199999,0,user_22,840,849,15511
15651,78,5199999,0,user_18,841,849,15511
15641,88,5199999,0,user_11,841,849,15511
15647,89,5199999,0,user_14,841,849,15511
16577,73,5199999,0,user_9,846,849,16457
16590,71,5199999,0,user_15,846,849,16457
16570,70,5199999,0,user_6,846,849,16457
16599,72,5199999,0,user_26,846,849,16457
16600,90,5000000,0,user_28,846,849,
15895,91,5000000,0,user_36,842,849,
16609,94,4200000,410000,user_39,846,849,
16700,66,4199999,0,builder_15,846,846,16609
16101,97,4500000,0,user_37,843,849,
15665,96,4500000,0,user_31,841,849,
15666,78,3600000,0,user_32,841,847,
15664,79,3500000,0,user_31,841,847,
16410,82,3200001,0,user_1,845,847,15543
16245,95,3200001,0,user_11,844,847,15543
16259,96,3200001,0,user_16,844,847,15543
16229,89,3200001,0,user_0,844,847,15543
15865,86,3200001,0,user_10,842,847,15543
15859,85,3200001,0,user_5,842,847,15543
16077,87,3200001,0,user_16,843,847,15543
16235,88,3200001,0,user_2,844,847,15543
15629,83,3200001,0,user_1,841,847,15543
15632,84,3200001,0,user_5,841,847,15543
15634,90,3200001,0,user_7,841,847,15543
15636,91,3200001,0,user_7,841,847,15543
15643,92,3200001,0,user_11,841,847,15543
15633,93,3200001,0,user_6,841,847,15543
15854,94,3200001,0,user_1,842,847,15543
16596,80,3200001,0,user_22,846,847,15543
16453,97,3200000,0,user_34,845,847,
16301,98,3200000,0,user_48,844,847,
16433,99,3199999,0,user_18,845,847,15543
16436,90,3199999,0,user_20,845,846,15543
16580,91,3199999,0,user_11,846,846,15543
16421,92,3199999,0,user_9,845,846,15543
16586,93,3199999,0,user_14,846,846,15543
15657,94,3199999,0,user_20,841,846,15543
15857,95,3199999,0,user_3,842,846,15543
15861,96,3199999,0,user_7,842,846,15543
15878,97,3199999,0,user_21,842,846,15543
15879,98,3199999,0,user_21,842,846,15543
15874,99,3199999,0,user_18,842,846,15543
15902,6,43000000,0,user_45,842,859,
15679,9,43000000,0,user_47,841,859,
16848,2,30000001,0,builder_15,847,847,16613
16613,11,30000000,769000,user_45,846,859,
16719,41,30000001,0,user_0,847,859,16613
16603,60,30000000,0,user_31,846,859,
16468,59,30000000,0,user_43,845,859,
16292,58,30000000,0,user_42,844,859,
16112,94,27000000,0,user_46,843,852,
16849,9,3200001,0,builder_15,847,847,15543
15543,86,3200000,17700000,user_39,840,851,
16850,11,6300001,0,builder_15,847,847,16282
16282,91,6300000,5630,user_32,844,851,
16445,92,6300000,0,user_28,845,851,
15676,93,6300000,0,user_45,841,851,
15677,94,6300000,0,user_45,841,851,
15900,96,6100000,0,user_40,842,851,
16111,97,6100000,0,user_45,843,851,
16457,99,5200000,215000,user_37,845,851,
16851,19,5199999,0,builder_15,847,847,16457
16852,20,5200001,0,builder_15,847,847,15511
15511,84,5200000,181000,user_1,840,850,
16568,90,5200001,0,user_5,846,850,16457
16598,50,5200001,0,user_23,846,849,16457
16587,88,5200001,0,user_14,846,850,16457
16589,91,5200001,0,user_15,846,850,16457
16591,89,5200001,0,user_16,846,850,16457
16264,86,5200001,0,user_18,844,850,15511
16443,87,5200001,0,user_24,845,850,15511
15526,95,5200001,0,user_12,840,850,15511
15532,98,5200001,0,user_19,840,850,15511
15517,97,5200001,0,user_6,840,850,15511
15530,96,5200001,0,user_15,840,850,15511
15537,99,5200001,0,user_26,840,850,15511
15654,94,5200001,0,user_18,841,850,15511
15866,93,5200001,0,user_10,842,850,15511
16263,85,5200001,0,user_17,844,850,15511
15645,64,5200001,0,user_13,841,849,15511
16299,65,5200000,0,user_48,844,849,
15903,66,5200000,0,user_45,842,849,
16087,67,5200000,0,user_28,843,849,
16569,77,5199999,0,user_5,846,849,16457
16581,74,5199999,0,user_12,846,849,16457
16571,68,5199999,0,user_7,846,849,16457
16570,70,5199999,0,user_6,846,849,16457
16599,72,5199999,0,user_26,846,849,16457
16577,73,5199999,0,user_9,846,849,16457
16585,69,5199999,0,user_14,846,849,16457
16590,71,5199999,0,user_15,846,849,16457
16563,75,5199999,0,user_1,846,849,16457
16566,76,5199999,0,user_1,846,849,16457
16243,87,5199999,0,user_9,844,849,15511
15519,84,5199999,0,user_7,840,849,15511
15520,85,5199999,0,user_7,840,849,15511
15527,83,5199999,0,user_12,840,849,15511
15533,80,5199999,0,user_19,840,849,15511
15518,81,5199999,0,user_6,840,849,15511
15531,86,5199999,0,user_15,840,849,15511
15534,82,5199999,0,user_22,840,849,15511
15651,78,5199999,0,user_18,841,849,15511
15863,79,5199999,0,user_10,842,849,15511
15641,88,5199999,0,user_11,841,849,15511
15647,89,5199999,0,user_14,841,849,15511
16600,90,5000000,0,user_28,846,849,
15895,91,5000000,0,user_36,842,849,
15665,96,4500000,0,user_31,841,849,
16101,97,4500000,0,user_37,843,849,
16728,99,4200001,0,user_17,847,849,16609
16721,98,4200001,0,user_5,847,849,16609
16737,79,4200001,0,user_24,847,848,16609
16727,88,4199999,0,user_16,847,848,16609
16731,92,4199999,0,user_18,847,848,16609
16720,89,4199999,0,user_2,847,848,16609
16732,90,4199999,0,user_19,847,848,16609
16733,91,4199999,0,user_19,847,848,16609
16736,93,4199999,0,user_23,847,848,16609
16738,95,4199999,0,user_26,847,848,16609
16751,77,3600000,0,user_40,847,847,
15666,78,3600000,0,user_32,841,847,
15664,79,3500000,0,user_31,841,847,
16596,80,3200001,0,user_22,846,847,15543
16730,81,3200001,0,user_17,847,847,15543
16410,82,3200001,0,user_1,845,847,15543
15629,83,3200001,0,user_1,841,847,15543
15632,84,3200001,0,user_5,841,847,15543
15859,85,3200001,0,user_5,842,847,15543
15865,86,3200001,0,user_10,842,847,15543
16077,87,3200001,0,user_16,843,847,15543
16235,88,3200001,0,user_2,844,847,15543
16229,89,3200001,0,user_0,844,847,15543
15634,90,3200001,0,user_7,841,847,15543
15636,91,3200001,0,user_7,841,847,15543
15643,92,3200001,0,user_11,841,847,15543
15633,93,3200001,0,user_6,841,847,15543
15854,94,3200001,0,user_1,842,847,15543
16245,95,3200001,0,user_11,844,847,15543
16259,96,3200001,0,user_16,844,847,15543
16453,97,3200000,0,user_34,845,847,
16301,98,3200000,0,user_48,844,847,
16433,99,3199999,0,user_18,845,847,15543
15902,6,43000000,0,user_45,842,859,
15679,9,43000000,0,user_47,841,859,
17008,2,30000001,0,builder_15,848,848,16613
16613,11,30000000,769000,user_45,846,859,
16719,41,30000001,0,user_0,847,859,16613
16468,59,30000000,0,user_43,845,859,
16603,60,30000000,0,user_31,846,859,
16292,58,30000000,0,user_42,844,859,
16873,86,29999999,0,user_7,848,859,16613
16874,87,29999999,0,user_8,848,859,16613
16902,90,27000000,779000,user_36,848,859,
17009,11,26999999,0,builder_15,848,848,16902
16112,94,27000000,0,user_46,843,852,
17010,13,3200001,0,builder_15,848,848,15543
15543,86,3200000,17700000,user_39,840,851,
16903,87,19000000,0,user_37,848,851,
17011,16,6300001,0,builder_15,848,848,16282
16282,91,6300000,5630,user_32,844,851,
16445,92,6300000,0,user_28,845,851,
15676,93,6300000,0,user_45,841,851,
15677,94,6300000,0,user_45,841,851,
15900,96,6100000,0,user_40,842,851,
16111,97,6100000,0,user_45,843,851,
17012,23,5200001,0,builder_15,848,848,16457
16457,99,5200000,215000,user_37,845,851,
17013,25,5200001,0,builder_15,848,848,15511
15511,84,5200000,181000,user_1,840,850,
16587,88,5200001,0,user_14,846,850,16457
16591,89,5200001,0,user_16,846,850,16457
16568,90,5200001,0,user_5,846,850,16457
16598,50,5200001,0,user_23,846,849,16457
16589,91,5200001,0,user_15,846,850,16457
16584,92,5200001,0,user_13,846,850,16457
16264,86,5200001,0,user_18,844,850,15511
16443,87,5200001,0,user_24,845,850,15511
16263,85,5200001,0,user_17,844,850,15511
15526,95,5200001,0,user_12,840,850,15511
15532,98,5200001,0,user_19,840,850,15511
15517,97,5200001,0,user_6,840,850,15511
15530,96,5200001,0,user_15,840,850,15511
15537,99,5200001,0,user_26,840,850,15511
15654,94,5200001,0,user_18,841,850,15511
15866,93,5200001,0,user_10,842,850,15511
15645,64,5200001,0,user_13,841,849,15511
16299,65,5200000,0,user_48,844,849,
15903,66,5200000,0,user_45,842,849,
16087,67,5200000,0,user_28,843,849,
16585,69,5199999,0,user_14,846,849,16457
16563,75,5199999,0,user_1,846,849,16457
16566,76,5199999,0,user_1,846,849,16457
16571,68,5199999,0,user_7,846,849,16457
16569,77,5199999,0,user_5,846,849,16457
16581,74,5199999,0,user_12,846,849,16457
16570,70,5199999,0,user_6,846,849,16457
16590,71,5199999,0,user_15,846,849,16457
16599,72,5199999,0,user_26,846,849,16457
16243,87,5199999,0,user_9,844,849,15511
16577,73,5199999,0,user_9,846,849,16457
15519,84,5199999,0,user_7,840,849,15511
15520,85,5199999,0,user_7,840,849,15511
15527,83,5199999,0,user_12,840,849,15511
15533,80,5199999,0,user_19,840,849,15511
15518,81,5199999,0,user_6,840,849,15511
15531,86,5199999,0,user_15,840,849,15511
15534,82,5199999,0,user_22,840,849,15511
15651,78,5199999,0,user_18,841,849,15511
15863,79,5199999,0,user_10,842,849,15511
15641,88,5199999,0,user_11,841,849,15511
15647,89,5199999,0,user_14,841,849,15511
16600,90,5000000,0,user_28,846,849,
15895,91,5000000,0,user_36,842,849,
16911,93,630000,4320000,user_48,848,849,
17014,72,629999,0,builder_15,848,848,16911
17015,73,4200001,0,builder_15,848,848,16609
16609,94,4200000,410000,user_39,846,849,
15665,96,4500000,0,user_31,841,849,
16101,97,4500000,0,user_37,843,849,
16728,99,4200001,0,user_17,847,849,16609
16721,98,4200001,0,user_5,847,849,16609
16737,79,4200001,0,user_24,847,848,16609
16734,80,4200001,0,user_20,847,848,16609
16880,81,4200001,0,user_11,848,848,16609
16870,82,4200001,0,user_2,848,848,16609
16881,83,4200001,0,user_14,848,848,16609
16885,84,4200001,0,user_18,848,848,16609
16886,85,4200001,0,user_18,848,848,16609
16872,86,4200001,0,user_5,848,848,16609
16876,87,4200001,0,user_8,848,848,16609
16727,88,4199999,0,user_16,847,848,16609
16720,89,4199999,0,user_2,847,848,16609
16732,90,4199999,0,user_19,847,848,16609
16733,91,4199999,0,user_19,847,848,16609
16731,92,4199999,0,user_18,847,848,16609
16736,93,4199999,0,user_23,847,848,16609
16735,94,4199999,0,user_21,847,848,16609
16738,95,4199999,0,user_26,847,848,16609
16879,96,4199999,0,user_11,848,848,16609
16871,97,4199999,0,user_3,848,848,16609
16888,98,4199999,0,user_23,848,848,16609
16877,99,4199999,0,user_9,848,848,16609
16896,8,43000000,0,user_29,848,859,
15902,6,43000000,0,user_45,842,859,
15679,9,43000000,0,user_47,841,859,
16613,11,30000000,769000,user_45,846,859,
17207,4,29999999,0,builder_15,849,849,16613
16719,41,30000001,0,user_0,847,859,16613
17054,44,30000001,0,user_17,849,859,16613
17056,45,30000001,0,user_18,849,859,16613
17059,46,30000001,0,user_18,849,859,16613
17060,47,30000001,0,user_18,849,859,16613
17064,16,30000001,0,user_21,849,859,16613
17069,48,30000001,0,user_25,849,859,16613
17061,15,30000001,0,user_19,849,859,16613
17053,43,30000001,0,user_15,849,859,16613
17070,49,30000001,0,user_26,849,859,16613
16603,60,30000000,0,user_31,846,859,
16292,58,30000000,0,user_42,844,859,
16468,59,30000000,0,user_43,845,859,
16874,87,29999999,0,user_8,848,859,16613
16873,86,29999999,0,user_7,848,859,16613
17050,88,29999999,0,user_13,849,859,16613
17055,81,29999999,0,user_17,849,859,16613
17063,62,29999999,0,user_21,849,859,16613
17066,82,29999999,0,user_23,849,859,16613
16902,90,27000000,779000,user_36,848,859,
17208,25,26999999,0,builder_15,849,849,16902
17051,91,27000001,0,user_14,849,859,16902
16112,94,27000000,0,user_46,843,852,
17043,82,26999999,0,user_4,849,851,16902
17044,79,26999999,0,user_5,849,851,16902
17046,81,26999999,0,user_7,849,851,16902
17058,83,26999999,0,user_18,849,851,16902
17052,80,26999999,0,user_14,849,851,16902
15543,86,3200000,17700000,user_39,840,851,
17209,34,3199999,0,builder_15,849,849,15543
16903,87,19000000,0,user_37,848,851,
16282,91,6300000,5630,user_32,844,851,
17210,37,6299999,0,builder_15,849,849,16282
16912,95,6300000,0,user_49,848,851,
16445,92,6300000,0,user_28,845,851,
15676,93,6300000,0,user_45,841,851,
15677,94,6300000,0,user_45,841,851,
15900,96,6100000,0,user_40,842,851,
16111,97,6100000,0,user_45,843,851,
16457,99,5200000,215000,user_37,845,851,
17211,45,5199999,0,builder_15,849,849,16457
17212,46,5200001,0,builder_15,849,849,15511
15511,84,5200000,181000,user_1,840,850,
16587,88,5200001,0,user_14,846,850,16457
16591,89,5200001,0,user_16,846,850,16457
16598,50,5200001,0,user_23,846,849,16457
16589,91,5200001,0,user_15,846,850,16457
16568,90,5200001,0,user_5,846,850,16457
16584,92,5200001,0,user_13,846,850,16457
16263,85,5200001,0,user_17,844,850,15511
16264,86,5200001,0,user_18,844,850,15511
16443,87,5200001,0,user_24,845,850,15511
15654,94,5200001,0,user_18,841,850,15511
15866,93,5200001,0,user_10,842,850,15511
15532,98,5200001,0,user_19,840,850,15511
15517,97,5200001,0,user_6,840,850,15511
15537,99,5200001,0,user_26,840,850,15511
15526,95,5200001,0,user_12,840,850,15511
15530,96,5200001,0,user_15,840,850,15511
15645,64,5200001,0,user_13,841,849,15511
16299,65,5200000,0,user_48,844,849,
15903,66,5200000,0,user_45,842,849,
16087,67,5200000,0,user_28,843,849,
16571,68,5199999,0,user_7,846,849,16457
16585,69,5199999,0,user_14,846,849,16457
16570,70,5199999,0,user_6,846,849,16457
16590,71,5199999,0,user_15,846,849,16457
16599,72,5199999,0,user_26,846,849,16457
16577,73,5199999,0,user_9,846,849,16457
16581,74,5199999,0,user_12,846,849,16457
16563,75,5199999,0,user_1,846,849,16457
16566,76,5199999,0,user_1,846,849,16457
16569,77,5199999,0,user_5,846,849,16457
15651,78,5199999,0,user_18,841,849,15511
15863,79,5199999,0,user_10,842,849,15511
15533,80,5199999,0,user_19,840,849,15511
15518,81,5199999,0,user_6,840,849,15511
15534,82,5199999,0,user_22,840,849,15511
15527,83,5199999,0,user_12,840,849,15511
15519,84,5199999,0,user_7,840,849,15511
15520,85,5199999,0,user_7,840,849,15511
15531,86,5199999,0,user_15,840,849,15511
16243,87,5199999,0,user_9,844,849,15511
15641,88,5199999,0,user_11,841,849,15511
15647,89,5199999,0,user_14,841,849,15511
16600,90,5000000,0,user_28,846,849,
15895,91,5000000,0,user_36,842,849,
17213,92,630001,0,builder_15,849,849,16911
16911,93,630000,4320000,user_48,848,849,
16609,94,4200000,410000,user_39,846,849,
17214,95,4199999,0,builder_15,849,849,16609
15665,96,4500000,0,user_31,841,849,
16101,97,4500000,0,user_37,843,849,
16721,98,4200001,0,user_5,847,849,16609
16728,99,4200001,0,user_17,847,849,16609
17398,0,43000001,0,builder_15,850,850,17076
17076,0,43000000,545000,user_38,849,859,
16896,8,43000000,0,user_29,848,859,
17300,4,43000000,0,user_48,850,859,
15902,6,43000000,0,user_45,842,859,
15679,9,43000000,0,user_47,841,859,
17399,6,30000001,0,builder_15,850,850,16613
16613,11,30000000,769000,user_45,846,859,
17054,44,30000001,0,user_17,849,859,16613
17061,15,30000001,0,user_19,849,859,16613
17056,45,30000001,0,user_18,849,859,16613
17059,46,30000001,0,user_18,849,859,16613
17060,47,30000001,0,user_18,849,859,16613
17062,42,30000001,0,user_20,849,859,16613
17053,43,30000001,0,user_15,849,859,16613
17064,16,30000001,0,user_21,849,859,16613
17069,48,30000001,0,user_25,849,859,16613
17070,49,30000001,0,user_26,849,859,16613
17261,32,30000001,0,user_11,850,859,16613
17239,28,30000001,0,user_0,850,859,16613
17240,14,30000001,0,user_1,850,859,16613
17247,29,30000001,0,user_4,850,859,16613
17262,30,30000001,0,user_12,850,859,16613
17265,31,30000001,0,user_12,850,859,16613
17241,34,30000001,0,user_2,850,859,16613
17242,35,30000001,0,user_2,850,859,16613
17268,50,30000001,0,user_13,850,859,16613
17269,51,30000001,0,user_13,850,859,16613
17271,52,30000001,0,user_13,850,859,16613
17275,33,30000001,0,user_18,850,859,16613
17244,36,30000001,0,user_3,850,859,16613
17245,37,30000001,0,user_3,850,859,16613
17276,53,30000001,0,user_19,850,859,16613
17277,54,30000001,0,user_19,850,859,16613
16719,41,30000001,0,user_0,847,859,16613
17256,40,30000001,0,user_9,850,859,16613
17283,38,30000001,0,user_26,850,859,16613
16292,58,30000000,0,user_42,844,859,
16468,59,30000000,0,user_43,845,859,
16603,60,30000000,0,user_31,846,859,
16874,87,29999999,0,user_8,848,859,16613
16873,86,29999999,0,user_7,848,859,16613
17050,88,29999999,0,user_13,849,859,16613
17055,81,29999999,0,user_17,849,859,16613
17066,82,29999999,0,user_23,849,859,16613
17063,62,29999999,0,user_21,849,859,16613
17249,68,29999999,0,user_5,850,859,16613
17266,70,29999999,0,user_12,850,859,16613
17267,83,29999999,0,user_13,850,859,16613
17270,84,29999999,0,user_13,850,859,16613
17273,71,29999999,0,user_16,850,859,16613
17274,72,29999999,0,user_16,850,859,16613
17253,61,29999999,0,user_7,850,859,16613
17255,73,29999999,0,user_8,850,859,16613
17258,78,29999999,0,user_10,850,859,16613
17259,79,29999999,0,user_10,850,859,16613
17280,74,29999999,0,user_23,850,859,16613
17272,77,29999999,0,user_15,850,859,16613
17279,75,29999999,0,user_22,850,859,16613
17282,76,29999999,0,user_26,850,859,16613
16902,90,27000000,779000,user_36,848,859,
17400,61,26999999,0,builder_15,850,850,16902
17051,91,27000001,0,user_14,849,859,16902
16112,94,27000000,0,user_46,843,852,
17043,82,26999999,0,user_4,849,851,16902
17052,80,26999999,0,user_14,849,851,16902
17046,81,26999999,0,user_7,849,851,16902
17044,79,26999999,0,user_5,849,851,16902
17058,83,26999999,0,user_18,849,851,16902
17257,77,26999999,0,user_10,850,851,16902
15543,86,3200000,17700000,user_39,840,851,
17401,71,3199999,0,builder_15,850,850,15543
16903,87,19000000,0,user_37,848,851,
17402,73,6300001,0,builder_15,850,850,16282
16282,91,6300000,5630,user_32,844,851,
16912,95,6300000,0,user_49,848,851,
16445,92,6300000,0,user_28,845,851,
15676,93,6300000,0,user_45,841,851,
15677,94,6300000,0,user_45,841,851,
15900,96,6100000,0,user_40,842,851,
16111,97,6100000,0,user_45,843,851,
17403,81,5200001,0,builder_15,850,850,16457
16457,99,5200000,215000,user_37,845,851,
17404,83,5200001,0,builder_15,850,850,15511
15511,84,5200000,181000,user_1,840,850,
16263,85,5200001,0,user_17,844,850,15511
16264,86,5200001,0,user_18,844,850,15511
16443,87,5200001,0,user_24,845,850,15511
16587,88,5200001,0,user_14,846,850,16457
16591,89,5200001,0,user_16,846,850,16457
16568,90,5200001,0,user_5,846,850,16457
16589,91,5200001,0,user_15,846,850,16457
16584,92,5200001,0,user_13,846,850,16457
15866,93,5200001,0,user_10,842,850,15511
15654,94,5200001,0,user_18,841,850,15511
15526,95,5200001,0,user_12,840,850,15511
15530,96,5200001,0,user_15,840,850,15511
15517,97,5200001,0,user_6,840,850,15511
15532,98,5200001,0,user_19,840,850,15511
15537,99,5200001,0,user_26,840,850,15511
17576,0,43000001,0,builder_15,851,851,17076
17076,0,43000000,545000,user_38,849,859,
17300,4,43000000,0,user_48,850,859,
15902,6,43000000,0,user_45,842,859,
15679,9,43000000,0,user_47,841,859,
16896,8,43000000,0,user_29,848,859,
16613,11,30000000,769000,user_45,846,859,
17577,7,29999999,0,builder_15,851,851,16613
17240,14,30000001,0,user_1,850,859,16613
17241,34,30000001,0,user_2,850,859,16613
17242,35,30000001,0,user_2,850,859,16613
17247,29,30000001,0,user_4,850,859,16613
17239,28,30000001,0,user_0,850,859,16613
17262,30,30000001,0,user_12,850,859,16613
17265,31,30000001,0,user_12,850,859,16613
17276,53,30000001,0,user_19,850,859,16613
17277,54,30000001,0,user_19,850,859,16613
17275,33,30000001,0,user_18,850,859,16613
17278,39,30000001,0,user_20,850,859,16613
17244,36,30000001,0,user_3,850,859,16613
17245,37,30000001,0,user_3,850,859,16613
17283,38,30000001,0,user_26,850,859,16613
17435,20,30000001,0,user_11,851,859,16613
17436,21,30000001,0,user_11,851,859,16613
17261,32,30000001,0,user_11,850,859,16613
17256,40,30000001,0,user_9,850,859,16613
17427,17,30000001,0,user_2,851,859,16613
17428,18,30000001,0,user_2,851,859,16613
17429,19,30000001,0,user_2,851,859,16613
17438,22,30000001,0,user_13,851,859,16613
17069,48,30000001,0,user_25,849,859,16613
17434,24,30000001,0,user_7,851,859,16613
17448,25,30000001,0,user_21,851,859,16613
17452,26,30000001,0,user_25,851,859,16613
17053,43,30000001,0,user_15,849,859,16613
17061,15,30000001,0,user_19,849,859,16613
17070,49,30000001,0,user_26,849,859,16613
17064,16,30000001,0,user_21,849,859,16613
17054,44,30000001,0,user_17,849,859,16613
17056,45,30000001,0,user_18,849,859,16613
17059,46,30000001,0,user_18,849,859,16613
17060,47,30000001,0,user_18,849,859,16613
17062,42,30000001,0,user_20,849,859,16613
17444,23,30000001,0,user_17,851,859,16613
16719,41,30000001,0,user_0,847,859,16613
17440,27,30000001,0,user_15,851,859,16613
16292,58,30000000,0,user_42,844,859,
16468,59,30000000,0,user_43,845,859,
16603,60,30000000,0,user_31,846,859,
17273,71,29999999,0,user_16,850,859,16613
17274,72,29999999,0,user_16,850,859,16613
17253,61,29999999,0,user_7,850,859,16613
17249,68,29999999,0,user_5,850,859,16613
17266,70,29999999,0,user_12,850,859,16613
17258,78,29999999,0,user_10,850,859,16613
17259,79,29999999,0,user_10,850,859,16613
17255,73,29999999,0,user_8,850,859,16613
17280,74,29999999,0,user_23,850,859,16613
17272,77,29999999,0,user_15,850,859,16613
17279,75,29999999,0,user_22,850,859,16613
17282,76,29999999,0,user_26,850,859,16613
17426,63,29999999,0,user_0,851,859,16613
17050,88,29999999,0,user_13,849,859,16613
17431,65,29999999,0,user_3,851,859,16613
17442,66,29999999,0,user_16,851,859,16613
17443,67,29999999,0,user_16,851,859,16613
17445,80,29999999,0,user_19,851,859,16613
17066,82,29999999,0,user_23,849,859,16613
17063,62,29999999,0,user_21,849,859,16613
17055,81,29999999,0,user_17,849,859,16613
16874,87,29999999,0,user_8,848,859,16613
16873,86,29999999,0,user_7,848,859,16613
17449,64,29999999,0,user_22,851,859,16613
16902,90,27000000,779000,user_36,848,859,
17578,74,26999999,0,builder_15,851,851,16902
17051,91,27000001,0,user_14,849,859,16902
16112,94,27000000,0,user_46,843,852,
17257,77,26999999,0,user_10,850,851,16902
17430,95,26999999,0,user_2,851,852,16902
17044,79,26999999,0,user_5,849,851,16902
17052,80,26999999,0,user_14,849,851,16902
17046,81,26999999,0,user_7,849,851,16902
17043,82,26999999,0,user_4,849,851,16902
17058,83,26999999,0,user_18,849,851,16902
17441,97,26999999,0,user_15,851,852,16902
17579,85,3200001,0,builder_15,851,851,15543
15543,86,3200000,17700000,user_39,840,851,
16903,87,19000000,0,user_37,848,851,
17580,88,870001,0,builder_15,851,851,17462
17462,89,870000,7190000,user_36,851,851,
17581,90,6300001,0,builder_15,851,851,16282
16282,91,6300000,5630,user_32,844,851,
16445,92,6300000,0,user_28,845,851,
15676,93,6300000,0,user_45,841,851,
15677,94,6300000,0,user_45,841,851,
16912,95,6300000,0,user_49,848,851,
15900,96,6100000,0,user_40,842,851,
16111,97,6100000,0,user_45,843,851,
17582,98,5200001,0,builder_15,851,851,16457
16457,99,5200000,215000,user_37,845,851,
17076,0,43000000,545000,user_38,849,859,
17714,1,42999999,0,builder_15,852,852,17076
17300,4,43000000,0,user_48,850,859,
15902,6,43000000,0,user_45,842,859,
15679,9,43000000,0,user_47,841,859,
16896,8,43000000,0,user_29,848,859,
17648,5,43000000,0,user_44,852,859,
16613,11,30000000,769000,user_45,846,859,
17715,8,29999999,0,builder_15,852,852,16613
17427,17,30000001,0,user_2,851,859,16613
17428,18,30000001,0,user_2,851,859,16613
17429,19,30000001,0,user_2,851,859,16613
17438,22,30000001,0,user_13,851,859,16613
17444,23,30000001,0,user_17,851,859,16613
17434,24,30000001,0,user_7,851,859,16613
17261,32,30000001,0,user_11,850,859,16613
17440,27,30000001,0,user_15,851,859,16613
17448,25,30000001,0,user_21,851,859,16613
17452,26,30000001,0,user_25,851,859,16613
17435,20,30000001,0,user_11,851,859,16613
17436,21,30000001,0,user_11,851,859,16613
17268,50,30000001,0,user_13,850,859,16613
17269,51,30000001,0,user_13,850,859,16613
17271,52,30000001,0,user_13,850,859,16613
17056,45,30000001,0,user_18,849,859,16613
17059,46,30000001,0,user_18,849,859,16613
17060,47,30000001,0,user_18,849,859,16613
17061,15,30000001,0,user_19,849,859,16613
17053,43,30000001,0,user_15,849,859,16613
17070,49,30000001,0,user_26,849,859,16613
17240,14,30000001,0,user_1,850,859,16613
17241,34,30000001,0,user_2,850,859,16613
17242,35,30000001,0,user_2,850,859,16613
17247,29,30000001,0,user_4,850,859,16613
17275,33,30000001,0,user_18,850,859,16613
17054,44,30000001,0,user_17,849,859,16613
17239,28,30000001,0,user_0,850,859,16613
17262,30,30000001,0,user_12,850,859,16613
17265,31,30000001,0,user_12,850,859,16613
17276,53,30000001,0,user_19,850,859,16613
17277,54,30000001,0,user_19,850,859,16613
17244,36,30000001,0,user_3,850,859,16613
17245,37,30000001,0,user_3,850,859,16613
17283,38,30000001,0,user_26,850,859,16613
17256,40,30000001,0,user_9,850,859,16613
17062,42,30000001,0,user_20,849,859,16613
17278,39,30000001,0,user_20,850,859,16613
17069,48,30000001,0,user_25,849,859,16613
17064,16,30000001,0,user_21,849,859,16613
16719,41,30000001,0,user_0,847,859,16613
16292,58,30000000,0,user_42,844,859,
16468,59,30000000,0,user_43,845,859,
16603,60,30000000,0,user_31,846,859,
17431,65,29999999,0,user_3,851,859,16613
17442,66,29999999,0,user_16,851,859,16613
17443,67,29999999,0,user_16,851,859,16613
17426,63,29999999,0,user_0,851,859,16613
17445,80,29999999,0,user_19,851,859,16613
17446,69,29999999,0,user_20,851,859,16613
17449,64,29999999,0,user_22,851,859,16613
17267,83,29999999,0,user_13,850,859,16613
17270,84,29999999,0,user_13,850,859,16613
17607,85,29999999,0,user_8,852,859,16613
17066,82,29999999,0,user_23,849,859,16613
17273,71,29999999,0,user_16,850,859,16613
17274,72,29999999,0,user_16,850,859,16613
17253,61,29999999,0,user_7,850,859,16613
17055,81,29999999,0,user_17,849,859,16613
17258,78,29999999,0,user_10,850,859,16613
17259,79,29999999,0,user_10,850,859,16613
17249,68,29999999,0,user_5,850,859,16613
17266,70,29999999,0,user_12,850,859,16613
17255,73,29999999,0,user_8,850,859,16613
17280,74,29999999,0,user_23,850,859,16613
17272,77,29999999,0,user_15,850,859,16613
17279,75,29999999,0,user_22,850,859,16613
17282,76,29999999,0,user_26,850,859,16613
17063,62,29999999,0,user_21,849,859,16613
16873,86,29999999,0,user_7,848,859,16613
16874,87,29999999,0,user_8,848,859,16613
17050,88,29999999,0,user_13,849,859,16613
16902,90,27000000,779000,user_36,848,859,
17716,82,26999999,0,builder_15,852,852,16902
17612,94,27000001,0,user_13,852,859,16902
17601,95,27000001,0,user_1,852,859,16902
17602,96,27000001,0,user_1,852,859,16902
17615,98,27000001,0,user_21,852,859,16902
17623,97,27000001,0,user_25,852,857,16902
17051,91,27000001,0,user_14,849,859,16902
17610,93,27000001,0,user_10,852,859,16902
17609,97,27000001,0,user_9,852,858,16902
17614,97,27000001,0,user_15,852,859,16902
17618,99,27000001,0,user_22,852,859,16902
17624,98,27000001,0,user_26,852,857,16902
16112,94,27000000,0,user_46,843,852,
17430,95,26999999,0,user_2,851,852,16902
17447,96,26999999,0,user_20,851,852,16902
17441,97,26999999,0,user_15,851,852,16902
17611,98,26999999,0,user_11,852,852,16902
17606,99,26999999,0,user_7,852,852,16902
17076,0,43000000,545000,user_38,849,859,
17829,1,42999999,0,builder_15,853,853,17076
17648,5,43000000,0,user_44,852,859,
17652,7,43000000,0,user_49,852,859,
17300,4,43000000,0,user_48,850,859,
15902,6,43000000,0,user_45,842,859,
15679,9,43000000,0,user_47,841,859,
16896,8,43000000,0,user_29,848,859,
17830,8,30000001,0,builder_15,853,853,16613
16613,11,30000000,769000,user_45,846,859,
17427,17,30000001,0,user_2,851,859,16613
17428,18,30000001,0,user_2,851,859,16613
17429,19,30000001,0,user_2,851,859,16613
17434,24,30000001,0,user_7,851,859,16613
17435,20,30000001,0,user_11,851,859,16613
17436,21,30000001,0,user_11,851,859,16613
17448,25,30000001,0,user_21,851,859,16613
17438,22,30000001,0,user_13,851,859,16613
17444,23,30000001,0,user_17,851,859,16613
17262,30,30000001,0,user_12,850,859,16613
17265,31,30000001,0,user_12,850,859,16613
17440,27,30000001,0,user_15,851,859,16613
17452,26,30000001,0,user_25,851,859,16613
17061,15,30000001,0,user_19,849,859,16613
17240,14,30000001,0,user_1,850,859,16613
17241,34,30000001,0,user_2,850,859,16613
17242,35,30000001,0,user_2,850,859,16613
17244,36,30000001,0,user_3,850,859,16613
17245,37,30000001,0,user_3,850,859,16613
17275,33,30000001,0,user_18,850,859,16613
17247,29,30000001,0,user_4,850,859,16613
17278,39,30000001,0,user_20,850,859,16613
17283,38,30000001,0,user_26,850,859,16613
17256,40,30000001,0,user_9,850,859,16613
17276,53,30000001,0,user_19,850,859,16613
17277,54,30000001,0,user_19,850,859,16613
17064,16,30000001,0,user_21,849,859,16613
16719,41,30000001,0,user_0,847,859,16613
17053,43,30000001,0,user_15,849,859,16613
17054,44,30000001,0,user_17,849,859,16613
17056,45,30000001,0,user_18,849,859,16613
17059,46,30000001,0,user_18,849,859,16613
17060,47,30000001,0,user_18,849,859,16613
17069,48,30000001,0,user_25,849,859,16613
17070,49,30000001,0,user_26,849,859,16613
17062,42,30000001,0,user_20,849,859,16613
17239,28,30000001,0,user_0,850,859,16613
17261,32,30000001,0,user_11,850,859,16613
17268,50,30000001,0,user_13,850,859,16613
17269,51,30000001,0,user_13,850,859,16613
17271,52,30000001,0,user_13,850,859,16613
16468,59,30000000,0,user_43,845,859,
16292,58,30000000,0,user_42,844,859,
16603,60,30000000,0,user_31,846,859,
17445,80,29999999,0,user_19,851,859,16613
17431,65,29999999,0,user_3,851,859,16613
17442,66,29999999,0,user_16,851,859,16613
17443,67,29999999,0,user_16,851,859,16613
17266,70,29999999,0,user_12,850,859,16613
17449,64,29999999,0,user_22,851,859,16613
17446,69,29999999,0,user_20,851,859,16613
17607,85,29999999,0,user_8,852,859,16613
17426,63,29999999,0,user_0,851,859,16613
17273,71,29999999,0,user_16,850,859,16613
17274,72,29999999,0,user_16,850,859,16613
17280,74,29999999,0,user_23,850,859,16613
17272,77,29999999,0,user_15,850,859,16613
17253,61,29999999,0,user_7,850,859,16613
17258,78,29999999,0,user_10,850,859,16613
17259,79,29999999,0,user_10,850,859,16613
17249,68,29999999,0,user_5,850,859,16613
17255,73,29999999,0,user_8,850,859,16613
17279,75,29999999,0,user_22,850,859,16613
17282,76,29999999,0,user_26,850,859,16613
17063,62,29999999,0,user_21,849,859,16613
17055,81,29999999,0,user_17,849,859,16613
17066,82,29999999,0,user_23,849,859,16613
16873,86,29999999,0,user_7,848,859,16613
16874,87,29999999,0,user_8,848,859,16613
17050,88,29999999,0,user_13,849,859,16613
17267,83,29999999,0,user_13,850,859,16613
17270,84,29999999,0,user_13,850,859,16613
17831,82,27000001,0,builder_15,853,853,16902
16902,90,27000000,779000,user_36,848,859,
17601,95,27000001,0,user_1,852,859,16902
17602,96,27000001,0,user_1,852,859,16902
17615,98,27000001,0,user_21,852,859,16902
17610,93,27000001,0,user_10,852,859,16902
17614,97,27000001,0,user_15,852,859,16902
17618,99,27000001,0,user_22,852,859,16902
17623,97,27000001,0,user_25,852,857,16902
17624,98,27000001,0,user_26,852,857,16902
17609,97,27000001,0,user_9,852,858,16902
17740,90,27000001,0,user_12,853,858,16902
17728,95,27000001,0,user_2,853,855,16902
17741,87,27000001,0,user_13,853,856,16902
17731,97,27000001,0,user_3,853,855,16902
17732,98,27000001,0,user_3,853,855,16902
17743,99,27000001,0,user_14,853,855,16902
17751,88,27000001,0,user_25,853,857,16902
17937,0,43000001,0,builder_15,854,854,17076
17076,0,43000000,545000,user_38,849,859,
17648,5,43000000,0,user_44,852,859,
17652,7,43000000,0,user_49,852,859,
17300,4,43000000,0,user_48,850,859,
15902,6,43000000,0,user_45,842,859,
16896,8,43000000,0,user_29,848,859,
15679,9,43000000,0,user_47,841,859,
17938,8,30000001,0,builder_15,854,854,16613
16613,11,30000000,769000,user_45,846,859,
17435,20,30000001,0,user_11,851,859,16613
17436,21,30000001,0,user_11,851,859,16613
17247,29,30000001,0,user_4,850,859,16613
17056,45,30000001,0,user_18,849,859,16613
17059,46,30000001,0,user_18,849,859,16613
17060,47,30000001,0,user_18,849,859,16613
17239,28,30000001,0,user_0,850,859,16613
17241,34,30000001,0,user_2,850,859,16613
17242,35,30000001,0,user_2,850,859,16613
17244,36,30000001,0,user_3,850,859,16613
17245,37,30000001,0,user_3,850,859,16613
17256,40,30000001,0,user_9,850,859,16613
17261,32,30000001,0,user_11,850,859,16613
17262,30,30000001,0,user_12,850,859,16613
17265,31,30000001,0,user_12,850,859,16613
17278,39,30000001,0,user_20,850,859,16613
17434,24,30000001,0,user_7,851,859,16613
17427,17,30000001,0,user_2,851,859,16613
17428,18,30000001,0,user_2,851,859,16613
17429,19,30000001,0,user_2,851,859,16613
17438,22,30000001,0,user_13,851,859,16613
17444,23,30000001,0,user_17,851,859,16613
17275,33,30000001,0,user_18,850,859,16613
17440,27,30000001,0,user_15,851,859,16613
17448,25,30000001,0,user_21,851,859,16613
17452,26,30000001,0,user_25,851,859,16613
17061,15,30000001,0,user_19,849,859,16613
17064,16,30000001,0,user_21,849,859,16613
17240,14,30000001,0,user_1,850,859,16613
17276,53,30000001,0,user_19,850,859,16613
17277,54,30000001,0,user_19,850,859,16613
17283,38,30000001,0,user_26,850,859,16613
16719,41,30000001,0,user_0,847,859,16613
17069,48,30000001,0,user_25,849,859,16613
17070,49,30000001,0,user_26,849,859,16613
17054,44,30000001,0,user_17,849,859,16613
17053,43,30000001,0,user_15,849,859,16613
17062,42,30000001,0,user_20,849,859,16613
17268,50,30000001,0,user_13,850,859,16613
17269,51,30000001,0,user_13,850,859,16613
17271,52,30000001,0,user_13,850,859,16613
16292,58,30000000,0,user_42,844,859,
16468,59,30000000,0,user_43,845,859,
16603,60,30000000,0,user_31,846,859,
17607,85,29999999,0,user_8,852,859,16613
17249,68,29999999,0,user_5,850,859,16613
17255,73,29999999,0,user_8,850,859,16613
17280,74,29999999,0,user_23,850,859,16613
17272,77,29999999,0,user_15,850,859,16613
17258,78,29999999,0,user_10,850,859,16613
17259,79,29999999,0,user_10,850,859,16613
17266,70,29999999,0,user_12,850,859,16613
17273,71,29999999,0,user_16,850,859,16613
17274,72,29999999,0,user_16,850,859,16613
17431,65,29999999,0,user_3,851,859,16613
17442,66,29999999,0,user_16,851,859,16613
17443,67,29999999,0,user_16,851,859,16613
17426,63,29999999,0,user_0,851,859,16613
17446,69,29999999,0,user_20,851,859,16613
17445,80,29999999,0,user_19,851,859,16613
17449,64,29999999,0,user_22,851,859,16613
17063,62,29999999,0,user_21,849,859,16613
17253,61,29999999,0,user_7,850,859,16613
17279,75,29999999,0,user_22,850,859,16613
17282,76,29999999,0,user_26,850,859,16613
17055,81,29999999,0,user_17,849,859,16613
17066,82,29999999,0,user_23,849,859,16613
16874,87,29999999,0,user_8,848,859,16613
16873,86,29999999,0,user_7,848,859,16613
17050,88,29999999,0,user_13,849,859,16613
17267,83,29999999,0,user_13,850,859,16613
17270,84,29999999,0,user_13,850,859,16613
17939,82,27000001,0,builder_15,854,854,16902
16902,90,27000000,779000,user_36,848,859,
17601,95,27000001,0,user_1,852,859,16902
17602,96,27000001,0,user_1,852,859,16902
17610,93,27000001,0,user_10,852,859,16902
17614,97,27000001,0,user_15,852,859,16902
17615,98,27000001,0,user_21,852,859,16902
17618,99,27000001,0,user_22,852,859,16902
17623,97,27000001,0,user_25,852,857,16902
17624,98,27000001,0,user_26,852,857,16902
17728,95,27000001,0,user_2,853,855,16902
17731,97,27000001,0,user_3,853,855,16902
17732,98,27000001,0,user_3,853,855,16902
17743,99,27000001,0,user_14,853,855,16902
17741,87,27000001,0,user_13,853,856,16902
17740,90,27000001,0,user_12,853,858,16902
17739,92,27000001,0,user_9,853,859,16902
17612,94,27000001,0,user_13,852,859,16902
17076,0,43000000,545000,user_38,849,859,
18053,1,42999999,0,builder_15,855,855,17076
17996,3,43000000,0,user_47,855,859,
17300,4,43000000,0,user_48,850,859,
17648,5,43000000,0,user_44,852,859,
17652,7,43000000,0,user_49,852,859,
15902,6,43000000,0,user_45,842,859,
16896,8,43000000,0,user_29,848,859,
15679,9,43000000,0,user_47,841,859,
18054,9,30000001,0,builder_15,855,855,16613
16613,11,30000000,769000,user_45,846,859,
17247,29,30000001,0,user_4,850,859,16613
17056,45,30000001,0,user_18,849,859,16613
17059,46,30000001,0,user_18,849,859,16613
17060,47,30000001,0,user_18,849,859,16613
17239,28,30000001,0,user_0,850,859,16613
17241,34,30000001,0,user_2,850,859,16613
17242,35,30000001,0,user_2,850,859,16613
17244,36,30000001,0,user_3,850,859,16613
17245,37,30000001,0,user_3,850,859,16613
17256,40,30000001,0,user_9,850,859,16613
17261,32,30000001,0,user_11,850,859,16613
17262,30,30000001,0,user_12,850,859,16613
17265,31,30000001,0,user_12,850,859,16613
17268,50,30000001,0,user_13,850,859,16613
17269,51,30000001,0,user_13,850,859,16613
17271,52,30000001,0,user_13,850,859,16613
17276,53,30000001,0,user_19,850,859,16613
17277,54,30000001,0,user_19,850,859,16613
17283,38,30000001,0,user_26,850,859,16613
17434,24,30000001,0,user_7,851,859,16613
17435,20,30000001,0,user_11,851,859,16613
17436,21,30000001,0,user_11,851,859,16613
17427,17,30000001,0,user_2,851,859,16613
17428,18,30000001,0,user_2,851,859,16613
17429,19,30000001,0,user_2,851,859,16613
17438,22,30000001,0,user_13,851,859,16613
17444,23,30000001,0,user_17,851,859,16613
17275,33,30000001,0,user_18,850,859,16613
17440,27,30000001,0,user_15,851,859,16613
17278,39,30000001,0,user_20,850,859,16613
17448,25,30000001,0,user_21,851,859,16613
17452,26,30000001,0,user_25,851,859,16613
17240,14,30000001,0,user_1,850,859,16613
17061,15,30000001,0,user_19,849,859,16613
17064,16,30000001,0,user_21,849,859,16613
16719,41,30000001,0,user_0,847,859,16613
17062,42,30000001,0,user_20,849,859,16613
17053,43,30000001,0,user_15,849,859,16613
17054,44,30000001,0,user_17,849,859,16613
17069,48,30000001,0,user_25,849,859,16613
17070,49,30000001,0,user_26,849,859,16613
16292,58,30000000,0,user_42,844,859,
16468,59,30000000,0,user_43,845,859,
16603,60,30000000,0,user_31,846,859,
17249,68,29999999,0,user_5,850,859,16613
17255,73,29999999,0,user_8,850,859,16613
17280,74,29999999,0,user_23,850,859,16613
17272,77,29999999,0,user_15,850,859,16613
17258,78,29999999,0,user_10,850,859,16613
17259,79,29999999,0,user_10,850,859,16613
17266,70,29999999,0,user_12,850,859,16613
17273,71,29999999,0,user_16,850,859,16613
17274,72,29999999,0,user_16,850,859,16613
17267,83,29999999,0,user_13,850,859,16613
17270,84,29999999,0,user_13,850,859,16613
17279,75,29999999,0,user_22,850,859,16613
17282,76,29999999,0,user_26,850,859,16613
17431,65,29999999,0,user_3,851,859,16613
17442,66,29999999,0,user_16,851,859,16613
17443,67,29999999,0,user_16,851,859,16613
17426,63,29999999,0,user_0,851,859,16613
17445,80,29999999,0,user_19,851,859,16613
17449,64,29999999,0,user_22,851,859,16613
17607,85,29999999,0,user_8,852,859,16613
17446,69,29999999,0,user_20,851,859,16613
17253,61,29999999,0,user_7,850,859,16613
17063,62,29999999,0,user_21,849,859,16613
17055,81,29999999,0,user_17,849,859,16613
17066,82,29999999,0,user_23,849,859,16613
16873,86,29999999,0,user_7,848,859,16613
16874,87,29999999,0,user_8,848,859,16613
17050,88,29999999,0,user_13,849,859,16613
18055,83,27000001,0,builder_15,855,855,16902
16902,90,27000000,779000,user_36,848,859,
17740,90,27000001,0,user_12,853,858,16902
17739,92,27000001,0,user_9,853,859,16902
17601,95,27000001,0,user_1,852,859,16902
17602,96,27000001,0,user_1,852,859,16902
17609,97,27000001,0,user_9,852,858,16902
17614,97,27000001,0,user_15,852,859,16902
17610,93,27000001,0,user_10,852,859,16902
17612,94,27000001,0,user_13,852,859,16902
17618,99,27000001,0,user_22,852,859,16902
17624,98,27000001,0,user_26,852,857,16902
17728,95,27000001,0,user_2,853,855,16902
17741,87,27000001,0,user_13,853,856,16902
17731,97,27000001,0,user_3,853,855,16902
17732,98,27000001,0,user_3,853,855,16902
17743,99,27000001,0,user_14,853,855,16902
17076,0,43000000,545000,user_38,849,859,
18170,1,42999999,0,builder_15,856,856,17076
17996,3,43000000,0,user_47,855,859,
18097,2,43000000,0,user_30,856,859,
15902,6,43000000,0,user_45,842,859,
17300,4,43000000,0,user_48,850,859,
17648,5,43000000,0,user_44,852,859,
17652,7,43000000,0,user_49,852,859,
15679,9,43000000,0,user_47,841,859,
16896,8,43000000,0,user_29,848,859,
16613,11,30000000,769000,user_45,846,859,
18171,11,29999999,0,builder_15,856,856,16613
17240,14,30000001,0,user_1,850,859,16613
17064,16,30000001,0,user_21,849,859,16613
17061,15,30000001,0,user_19,849,859,16613
16719,41,30000001,0,user_0,847,859,16613
17062,42,30000001,0,user_20,849,859,16613
17053,43,30000001,0,user_15,849,859,16613
17069,48,30000001,0,user_25,849,859,16613
17070,49,30000001,0,user_26,849,859,16613
17054,44,30000001,0,user_17,849,859,16613
17056,45,30000001,0,user_18,849,859,16613
17059,46,30000001,0,user_18,849,859,16613
17060,47,30000001,0,user_18,849,859,16613
17247,29,30000001,0,user_4,850,859,16613
17241,34,30000001,0,user_2,850,859,16613
17242,35,30000001,0,user_2,850,859,16613
17244,36,30000001,0,user_3,850,859,16613
17245,37,30000001,0,user_3,850,859,16613
17239,28,30000001,0,user_0,850,859,16613
17262,30,30000001,0,user_12,850,859,16613
17265,31,30000001,0,user_12,850,859,16613
17278,39,30000001,0,user_20,850,859,16613
17256,40,30000001,0,user_9,850,859,16613
17275,33,30000001,0,user_18,850,859,16613
17261,32,30000001,0,user_11,850,859,16613
17268,50,30000001,0,user_13,850,859,16613
17269,51,30000001,0,user_13,850,859,16613
17271,52,30000001,0,user_13,850,859,16613
17276,53,30000001,0,user_19,850,859,16613
17277,54,30000001,0,user_19,850,859,16613
17283,38,30000001,0,user_26,850,859,16613
17427,17,30000001,0,user_2,851,859,16613
17428,18,30000001,0,user_2,851,859,16613
17429,19,30000001,0,user_2,851,859,16613
17435,20,30000001,0,user_11,851,859,16613
17436,21,30000001,0,user_11,851,859,16613
17434,24,30000001,0,user_7,851,859,16613
17448,25,30000001,0,user_21,851,859,16613
17452,26,30000001,0,user_25,851,859,16613
17438,22,30000001,0,user_13,851,859,16613
17444,23,30000001,0,user_17,851,859,16613
17440,27,30000001,0,user_15,851,859,16613
17972,57,30000000,0,user_29,855,859,
16603,60,30000000,0,user_31,846,859,
16292,58,30000000,0,user_42,844,859,
16468,59,30000000,0,user_43,845,859,
17253,61,29999999,0,user_7,850,859,16613
17063,62,29999999,0,user_21,849,859,16613
17055,81,29999999,0,user_17,849,859,16613
17066,82,29999999,0,user_23,849,859,16613
17258,78,29999999,0,user_10,850,859,16613
17259,79,29999999,0,user_10,850,859,16613
17249,68,29999999,0,user_5,850,859,16613
17266,70,29999999,0,user_12,850,859,16613
17272,77,29999999,0,user_15,850,859,16613
17273,71,29999999,0,user_16,850,859,16613
17274,72,29999999,0,user_16,850,859,16613
17255,73,29999999,0,user_8,850,859,16613
17280,74,29999999,0,user_23,850,859,16613
17267,83,29999999,0,user_13,850,859,16613
17270,84,29999999,0,user_13,850,859,16613
17279,75,29999999,0,user_22,850,859,16613
17282,76,29999999,0,user_26,850,859,16613
17431,65,29999999,0,user_3,851,859,16613
17449,64,29999999,0,user_22,851,859,16613
17442,66,29999999,0,user_16,851,859,16613
17443,67,29999999,0,user_16,851,859,16613
17426,63,29999999,0,user_0,851,859,16613
17445,80,29999999,0,user_19,851,859,16613
17446,69,29999999,0,user_20,851,859,16613
17607,85,29999999,0,user_8,852,859,16613
17050,88,29999999,0,user_13,849,859,16613
16873,86,29999999,0,user_7,848,859,16613
16874,87,29999999,0,user_8,848,859,16613
18172,85,27000001,0,builder_15,856,856,16902
16902,90,27000000,779000,user_36,848,859,
17741,87,27000001,0,user_13,853,856,16902
17739,92,27000001,0,user_9,853,859,16902
17740,90,27000001,0,user_12,853,858,16902
17051,91,27000001,0,user_14,849,859,16902
17601,95,27000001,0,user_1,852,859,16902
17602,96,27000001,0,user_1,852,859,16902
17609,97,27000001,0,user_9,852,858,16902
17614,97,27000001,0,user_15,852,859,16902
17610,93,27000001,0,user_10,852,859,16902
17618,99,27000001,0,user_22,852,859,16902
17623,97,27000001,0,user_25,852,857,16902
17624,98,27000001,0,user_26,852,857,16902
17612,94,27000001,0,user_13,852,859,16902
18281,0,43000001,0,builder_15,857,857,17076
17076,0,43000000,545000,user_38,849,859,
18097,2,43000000,0,user_30,856,859,
17996,3,43000000,0,user_47,855,859,
15902,6,43000000,0,user_45,842,859,
17300,4,43000000,0,user_48,850,859,
17648,5,43000000,0,user_44,852,859,
17652,7,43000000,0,user_49,852,859,
15679,9,43000000,0,user_47,841,859,
16896,8,43000000,0,user_29,848,859,
16613,11,30000000,769000,user_45,846,859,
18282,11,29999999,0,builder_15,857,857,16613
17061,15,30000001,0,user_19,849,859,16613
17064,16,30000001,0,user_21,849,859,16613
17240,14,30000001,0,user_1,850,859,16613
17062,42,30000001,0,user_20,849,859,16613
17053,43,30000001,0,user_15,849,859,16613
17069,48,30000001,0,user_25,849,859,16613
17070,49,30000001,0,user_26,849,859,16613
17054,44,30000001,0,user_17,849,859,16613
17056,45,30000001,0,user_18,849,859,16613
17059,46,30000001,0,user_18,849,859,16613
17060,47,30000001,0,user_18,849,859,16613
17241,34,30000001,0,user_2,850,859,16613
17242,35,30000001,0,user_2,850,859,16613
17247,29,30000001,0,user_4,850,859,16613
17268,50,30000001,0,user_13,850,859,16613
17269,51,30000001,0,user_13,850,859,16613
17271,52,30000001,0,user_13,850,859,16613
17261,32,30000001,0,user_11,850,859,16613
17239,28,30000001,0,user_0,850,859,16613
17262,30,30000001,0,user_12,850,859,16613
17265,31,30000001,0,user_12,850,859,16613
17276,53,30000001,0,user_19,850,859,16613
17277,54,30000001,0,user_19,850,859,16613
17278,39,30000001,0,user_20,850,859,16613
16719,41,30000001,0,user_0,847,859,16613
17244,36,30000001,0,user_3,850,859,16613
17245,37,30000001,0,user_3,850,859,16613
17283,38,30000001,0,user_26,850,859,16613
17275,33,30000001,0,user_18,850,859,16613
17256,40,30000001,0,user_9,850,859,16613
17427,17,30000001,0,user_2,851,859,16613
17428,18,30000001,0,user_2,851,859,16613
17429,19,30000001,0,user_2,851,859,16613
17435,20,30000001,0,user_11,851,859,16613
17436,21,30000001,0,user_11,851,859,16613
17434,24,30000001,0,user_7,851,859,16613
17448,25,30000001,0,user_21,851,859,16613
17440,27,30000001,0,user_15,851,859,16613
17438,22,30000001,0,user_13,851,859,16613
17444,23,30000001,0,user_17,851,859,16613
17452,26,30000001,0,user_25,851,859,16613
18220,56,30000000,0,user_39,857,859,
17972,57,30000000,0,user_29,855,859,
16468,59,30000000,0,user_43,845,859,
16292,58,30000000,0,user_42,844,859,
16603,60,30000000,0,user_31,846,859,
17063,62,29999999,0,user_21,849,859,16613
17253,61,29999999,0,user_7,850,859,16613
17055,81,29999999,0,user_17,849,859,16613
17066,82,29999999,0,user_23,849,859,16613
17249,68,29999999,0,user_5,850,859,16613
17258,78,29999999,0,user_10,850,859,16613
17259,79,29999999,0,user_10,850,859,16613
17267,83,29999999,0,user_13,850,859,16613
17270,84,29999999,0,user_13,850,859,16613
17266,70,29999999,0,user_12,850,859,16613
17255,73,29999999,0,user_8,850,859,16613
17272,77,29999999,0,user_15,850,859,16613
17279,75,29999999,0,user_22,850,859,16613
17273,71,29999999,0,user_16,850,859,16613
17274,72,29999999,0,user_16,850,859,16613
17282,76,29999999,0,user_26,850,859,16613
17280,74,29999999,0,user_23,850,859,16613
17431,65,29999999,0,user_3,851,859,16613
17426,63,29999999,0,user_0,851,859,16613
17446,69,29999999,0,user_20,851,859,16613
17442,66,29999999,0,user_16,851,859,16613
17443,67,29999999,0,user_16,851,859,16613
17445,80,29999999,0,user_19,851,859,16613
17607,85,29999999,0,user_8,852,859,16613
17449,64,29999999,0,user_22,851,859,16613
16873,86,29999999,0,user_7,848,859,16613
16874,87,29999999,0,user_8,848,859,16613
17050,88,29999999,0,user_13,849,859,16613
16902,90,27000000,779000,user_36,848,859,
18283,87,26999999,0,builder_15,857,857,16902
17751,88,27000001,0,user_25,853,857,16902
17051,91,27000001,0,user_14,849,859,16902
17740,90,27000001,0,user_12,853,858,16902
17739,92,27000001,0,user_9,853,859,16902
17601,95,27000001,0,user_1,852,859,16902
17602,96,27000001,0,user_1,852,859,16902
17609,97,27000001,0,user_9,852,858,16902
17618,99,27000001,0,user_22,852,859,16902
17615,98,27000001,0,user_21,852,859,16902
17623,97,27000001,0,user_25,852,857,16902
17624,98,27000001,0,user_26,852,857,16902
17610,93,27000001,0,user_10,852,859,16902
17076,0,43000000,545000,user_38,849,859,
18404,1,42999999,0,builder_15,858,858,17076
18097,2,43000000,0,user_30,856,859,
17996,3,43000000,0,user_47,855,859,
17300,4,43000000,0,user_48,850,859,
15902,6,43000000,0,user_45,842,859,
17648,5,43000000,0,user_44,852,859,
17652,7,43000000,0,user_49,852,859,
16896,8,43000000,0,user_29,848,859,
15679,9,43000000,0,user_47,841,859,
18405,10,30000001,0,builder_15,858,858,16613
16613,11,30000000,769000,user_45,846,859,
18406,12,30000001,0,builder_15,858,858,18340
18340,12,30000000,322000,user_44,858,859,
17061,15,30000001,0,user_19,849,859,16613
17064,16,30000001,0,user_21,849,859,16613
17240,14,30000001,0,user_1,850,859,16613
17244,36,30000001,0,user_3,850,859,16613
17245,37,30000001,0,user_3,850,859,16613
17247,29,30000001,0,user_4,850,859,16613
17268,50,30000001,0,user_13,850,859,16613
17269,51,30000001,0,user_13,850,859,16613
17271,52,30000001,0,user_13,850,859,16613
17261,32,30000001,0,user_11,850,859,16613
17239,28,30000001,0,user_0,850,859,16613
17262,30,30000001,0,user_12,850,859,16613
17265,31,30000001,0,user_12,850,859,16613
17276,53,30000001,0,user_19,850,859,16613
17277,54,30000001,0,user_19,850,859,16613
17278,39,30000001,0,user_20,850,859,16613
17283,38,30000001,0,user_26,850,859,16613
17275,33,30000001,0,user_18,850,859,16613
17427,17,30000001,0,user_2,851,859,16613
17428,18,30000001,0,user_2,851,859,16613
17429,19,30000001,0,user_2,851,859,16613
17241,34,30000001,0,user_2,850,859,16613
17242,35,30000001,0,user_2,850,859,16613
17256,40,30000001,0,user_9,850,859,16613
17438,22,30000001,0,user_13,851,859,16613
17434,24,30000001,0,user_7,851,859,16613
17435,20,30000001,0,user_11,851,859,16613
17436,21,30000001,0,user_11,851,859,16613
17062,42,30000001,0,user_20,849,859,16613
16719,41,30000001,0,user_0,847,859,16613
17069,48,30000001,0,user_25,849,859,16613
17070,49,30000001,0,user_26,849,859,16613
17054,44,30000001,0,user_17,849,859,16613
17056,45,30000001,0,user_18,849,859,16613
17059,46,30000001,0,user_18,849,859,16613
17060,47,30000001,0,user_18,849,859,16613
17053,43,30000001,0,user_15,849,859,16613
17440,27,30000001,0,user_15,851,859,16613
17448,25,30000001,0,user_21,851,859,16613
17452,26,30000001,0,user_25,851,859,16613
17444,23,30000001,0,user_17,851,859,16613
17972,57,30000000,0,user_29,855,859,
18336,55,30000000,0,user_40,858,859,
16292,58,30000000,0,user_42,844,859,
16468,59,30000000,0,user_43,845,859,
16603,60,30000000,0,user_31,846,859,
17063,62,29999999,0,user_21,849,859,16613
17253,61,29999999,0,user_7,850,859,16613
17267,83,29999999,0,user_13,850,859,16613
17270,84,29999999,0,user_13,850,859,16613
17249,68,29999999,0,user_5,850,859,16613
17266,70,29999999,0,user_12,850,859,16613
17255,73,29999999,0,user_8,850,859,16613
17272,77,29999999,0,user_15,850,859,16613
17279,75,29999999,0,user_22,850,859,16613
17273,71,29999999,0,user_16,850,859,16613
17274,72,29999999,0,user_16,850,859,16613
17282,76,29999999,0,user_26,850,859,16613
17258,78,29999999,0,user_10,850,859,16613
17259,79,29999999,0,user_10,850,859,16613
17280,74,29999999,0,user_23,850,859,16613
17426,63,29999999,0,user_0,851,859,16613
17445,80,29999999,0,user_19,851,859,16613
17446,69,29999999,0,user_20,851,859,16613
17055,81,29999999,0,user_17,849,859,16613
17066,82,29999999,0,user_23,849,859,16613
17431,65,29999999,0,user_3,851,859,16613
17442,66,29999999,0,user_16,851,859,16613
17443,67,29999999,0,user_16,851,859,16613
17449,64,29999999,0,user_22,851,859,16613
17607,85,29999999,0,user_8,852,859,16613
16874,87,29999999,0,user_8,848,859,16613
16873,86,29999999,0,user_7,848,859,16613
17050,88,29999999,0,user_13,849,859,16613
18407,88,27000001,0,builder_15,858,858,16902
16902,90,27000000,779000,user_36,848,859,
17740,90,27000001,0,user_12,853,858,16902
17739,92,27000001,0,user_9,853,859,16902
17051,91,27000001,0,user_14,849,859,16902
17601,95,27000001,0,user_1,852,859,16902
17602,96,27000001,0,user_1,852,859,16902
17610,93,27000001,0,user_10,852,859,16902
17615,98,27000001,0,user_21,852,859,16902
17609,97,27000001,0,user_9,852,858,16902
17614,97,27000001,0,user_15,852,859,16902
17612,94,27000001,0,user_13,852,859,16902
17076,0,43000000,545000,user_38,849,859,
18535,1,42999999,0,builder_15,859,859,17076
18097,2,43000000,0,user_30,856,859,
17996,3,43000000,0,user_47,855,859,
17300,4,43000000,0,user_48,850,859,
17648,5,43000000,0,user_44,852,859,
15902,6,43000000,0,user_45,842,859,
17652,7,43000000,0,user_49,852,859,
16896,8,43000000,0,user_29,848,859,
15679,9,43000000,0,user_47,841,859,
18536,10,30000001,0,builder_15,859,859,16613
16613,11,30000000,769000,user_45,846,859,
18340,12,30000000,322000,user_44,858,859,
18537,13,29999999,0,builder_15,859,859,18340
17240,14,30000001,0,user_1,850,859,16613
17061,15,30000001,0,user_19,849,859,16613
17064,16,30000001,0,user_21,849,859,16613
17427,17,30000001,0,user_2,851,859,16613
17428,18,30000001,0,user_2,851,859,16613
17429,19,30000001,0,user_2,851,859,16613
17435,20,30000001,0,user_11,851,859,16613
17436,21,30000001,0,user_11,851,859,16613
17438,22,30000001,0,user_13,851,859,16613
17444,23,30000001,0,user_17,851,859,16613
17434,24,30000001,0,user_7,851,859,16613
17448,25,30000001,0,user_21,851,859,16613
17452,26,30000001,0,user_25,851,859,16613
17440,27,30000001,0,user_15,851,859,16613
17239,28,30000001,0,user_0,850,859,16613
17247,29,30000001,0,user_4,850,859,16613
17262,30,30000001,0,user_12,850,859,16613
17265,31,30000001,0,user_12,850,859,16613
17261,32,30000001,0,user_11,850,859,16613
17275,33,30000001,0,user_18,850,859,16613
17241,34,30000001,0,user_2,850,859,16613
17242,35,30000001,0,user_2,850,859,16613
17244,36,30000001,0,user_3,850,859,16613
17245,37,30000001,0,user_3,850,859,16613
17283,38,30000001,0,user_26,850,859,16613
17278,39,30000001,0,user_20,850,859,16613
17256,40,30000001,0,user_9,850,859,16613
16719,41,30000001,0,user_0,847,859,16613
17062,42,30000001,0,user_20,849,859,16613
17053,43,30000001,0,user_15,849,859,16613
17054,44,30000001,0,user_17,849,859,16613
17056,45,30000001,0,user_18,849,859,16613
17059,46,30000001,0,user_18,849,859,16613
17060,47,30000001,0,user_18,849,859,16613
17069,48,30000001,0,user_25,849,859,16613
17070,49,30000001,0,user_26,849,859,16613
17268,50,30000001,0,user_13,850,859,16613
17269,51,30000001,0,user_13,850,859,16613
17271,52,30000001,0,user_13,850,859,16613
17276,53,30000001,0,user_19,850,859,16613
17277,54,30000001,0,user_19,850,859,16613
18336,55,30000000,0,user_40,858,859,
18220,56,30000000,0,user_39,857,859,
17972,57,30000000,0,user_29,855,859,
16292,58,30000000,0,user_42,844,859,
16468,59,30000000,0,user_43,845,859,
16603,60,30000000,0,user_31,846,859,
17253,61,29999999,0,user_7,850,859,16613
17063,62,29999999,0,user_21,849,859,16613
17426,63,29999999,0,user_0,851,859,16613
17449,64,29999999,0,user_22,851,859,16613
17431,65,29999999,0,user_3,851,859,16613
17442,66,29999999,0,user_16,851,859,16613
17443,67,29999999,0,user_16,851,859,16613
17249,68,29999999,0,user_5,850,859,16613
17446,69,29999999,0,user_20,851,859,16613
17266,70,29999999,0,user_12,850,859,16613
17273,71,29999999,0,user_16,850,859,16613
17274,72,29999999,0,user_16,850,859,16613
17255,73,29999999,0,user_8,850,859,16613
17280,74,29999999,0,user_23,850,859,16613
17279,75,29999999,0,user_22,850,859,16613
17282,76,29999999,0,user_26,850,859,16613
17272,77,29999999,0,user_15,850,859,16613
17258,78,29999999,0,user_10,850,859,16613
17259,79,29999999,0,user_10,850,859,16613
17445,80,29999999,0,user_19,851,859,16613
17055,81,29999999,0,user_17,849,859,16613
17066,82,29999999,0,user_23,849,859,16613
17267,83,29999999,0,user_13,850,859,16613
17270,84,29999999,0,user_13,850,859,16613
17607,85,29999999,0,user_8,852,859,16613
16873,86,29999999,0,user_7,848,859,16613
16874,87,29999999,0,user_8,848,859,16613
17050,88,29999999,0,user_13,849,859,16613
18538,89,27000001,0,builder_15,859,859,16902
16902,90,27000000,779000,user_36,848,859,
17051,91,27000001,0,user_14,849,859,16902
17739,92,27000001,0,user_9,853,859,16902
17610,93,27000001,0,user_10,852,859,16902
17612,94,27000001,0,user_13,852,859,16902
17601,95,27000001,0,user_1,852,859,16902
17602,96,27000001,0,user_1,852,859,16902
17614,97,27000001,0,user_15,852,859,16902
17615,98,27000001,0,user_21,852,859,16902
17618,99,27000001,0,user_22,852,859,16902
15543,86,3200000,17700000,user_39,860,871,
15604,1,3199999,0,builder_15,860,860,15543
15511,84,5200000,181000,user_1,860,870,
15605,3,5199999,0,builder_15,860,860,15511
15526,95,5200001,0,user_12,860,870,15511
15532,98,5200001,0,user_19,860,870,15511
15530,96,5200001,0,user_15,860,870,15511
15517,97,5200001,0,user_6,860,870,15511
15537,99,5200001,0,user_26,860,870,15511
15527,83,5199999,0,user_12,860,869,15511
15519,84,5199999,0,user_7,860,869,15511
15520,85,5199999,0,user_7,860,869,15511
15533,80,5199999,0,user_19,860,869,15511
15531,86,5199999,0,user_15,860,869,15511
15518,81,5199999,0,user_6,860,869,15511
15534,82,5199999,0,user_22,860,869,15511
15541,85,2600000,0,user_37,860,865,
15544,91,2000000,15100,user_40,860,865,
15606,18,1999999,0,builder_15,860,860,15544
15553,94,2000000,0,user_44,860,865,
15557,97,1900000,0,user_47,860,865,
15556,93,1500000,0,user_47,860,864,
15559,95,1300000,13800,user_47,860,864,
15607,23,1299999,0,builder_15,860,860,15559
15560,82,1000000,0,user_48,860,862,
15525,86,910000,0,user_11,860,862,
15515,87,870000,0,user_4,860,862,
15535,89,670000,0,user_23,860,862,
15524,88,670000,0,user_10,860,862,
15523,92,470000,0,user_10,860,862,
15510,96,460000,0,user_1,860,862,
15522,93,460000,0,user_9,860,862,
15550,94,460000,0,user_44,860,862,
15552,97,420000,18600,user_44,860,862,
15608,34,419999,0,builder_15,860,860,15552
15558,64,420000,0,user_47,860,861,
15514,70,300000,0,user_1,860,861,
15516,71,260000,0,user_5,860,861,
15609,38,150001,0,builder_15,860,860,15549
15549,73,150000,75000,user_44,860,861,
15529,74,220000,0,user_14,860,861,
15610,41,170001,0,builder_15,860,860,15528
15528,42,170000,24700,user_13,860,860,
15512,76,190000,0,user_1,860,861,
15509,80,170000,0,user_0,860,861,
15513,83,160000,0,user_1,860,861,
15554,84,160000,0,user_45,860,861,
15551,96,120000,0,user_44,860,861,
15536,97,110000,0,user_24,860,861,
15521,49,98000,0,user_8,860,860,
15555,50,80000,0,user_47,860,860,
15545,51,77000,0,user_40,860,860,
15679,9,43000000,0,user_47,861,879,
15812,1,3200001,0,builder_15,861,861,15543
15543,86,3200000,17700000,user_39,860,871,
15676,93,6300000,0,user_45,861,871,
15677,94,6300000,0,user_45,861,871,
15813,5,5200001,0,builder_15,861,861,15511
15511,84,5200000,181000,user_1,860,870,
15526,95,5200001,0,user_12,860,870,15511
15532,98,5200001,0,user_19,860,870,15511
15517,97,5200001,0,user_6,860,870,15511
15530,96,5200001,0,user_15,860,870,15511
15537,99,5200001,0,user_26,860,870,15511
15645,64,5200001,0,user_13,861,869,15511
15654,94,5200001,0,user_18,861,870,15511
15519,84,5199999,0,user_7,860,869,15511
15520,85,5199999,0,user_7,860,869,15511
15527,83,5199999,0,user_12,860,869,15511
15533,80,5199999,0,user_19,860,869,15511
15518,81,5199999,0,user_6,860,869,15511
15531,86,5199999,0,user_15,860,869,15511
15534,82,5199999,0,user_22,860,869,15511
15641,88,5199999,0,user_11,861,869,15511
15647,89,5199999,0,user_14,861,869,15511
15651,78,5199999,0,user_18,861,869,15511
15665,96,4500000,0,user_31,861,869,
15666,78,3600000,0,user_32,861,867,
15664,79,3500000,0,user_31,861,867,
15643,92,3200001,0,user_11,861,867,15543
15629,83,3200001,0,user_1,861,867,15543
15634,90,3200001,0,user_7,861,867,15543
15636,91,3200001,0,user_7,861,867,15543
15632,84,3200001,0,user_5,861,867,15543
15640,72,3199999,0,user_11,861,865,15543
15630,71,3199999,0,user_2,861,865,15543
15644,76,3199999,0,user_13,861,865,15543
15635,73,3199999,0,user_7,861,865,15543
15656,69,3199999,0,user_19,861,865,15543
15639,74,3199999,0,user_10,861,865,15543
15649,70,3199999,0,user_15,861,865,15543
15541,85,2600000,0,user_37,860,865,
15539,84,2600000,0,user_29,860,865,
15542,90,2100000,0,user_38,860,865,
15814,42,2000001,0,builder_15,861,861,15544
15544,91,2000000,15100,user_40,860,865,
15627,93,2000001,0,user_0,861,865,15544
15553,94,2000000,0,user_44,860,865,
15557,97,1900000,0,user_47,860,865,
15556,93,1500000,0,user_47,860,864,
15559,95,1300000,13800,user_47,860,864,
15815,49,1299999,0,builder_15,861,861,15559
15560,82,1000000,0,user_48,860,862,
15525,86,910000,0,user_11,860,862,
15515,87,870000,0,user_4,860,862,
15535,89,670000,0,user_23,860,862,
15524,88,670000,0,user_10,860,862,
15523,92,470000,0,user_10,860,862,
15510,96,460000,0,user_1,860,862,
15547,95,460000,0,user_41,860,862,
15550,94,460000,0,user_44,860,862,
15522,93,460000,0,user_9,860,862,
15552,97,420000,18600,user_44,860,862,
15816,61,419999,0,builder_15,861,861,15552
15637,99,420001,0,user_7,861,862,15552
15660,63,420001,0,user_25,861,861,15552
15558,64,420000,0,user_47,860,861,
15642,65,419999,0,user_11,861,861,15552
15661,66,419999,0,user_25,861,861,15552
15817,67,360001,0,builder_15,861,861,15671
15671,68,360000,56200,user_39,861,861,
15540,69,340000,0,user_34,860,861,
15514,70,300000,0,user_1,860,861,
15516,71,260000,0,user_5,860,861,
15818,72,150001,0,builder_15,861,861,15549
15549,73,150000,75000,user_44,860,861,
15529,74,220000,0,user_14,860,861,
15561,75,220000,0,user_49,860,861,
15512,76,190000,0,user_1,860,861,
15658,77,170001,0,user_21,861,861,15528
15659,78,170001,0,user_24,861,861,15528
15648,79,170001,0,user_15,861,861,15528
15509,80,170000,0,user_0,860,861,
15663,81,150000,14200,user_30,861,861,
15819,82,149999,0,builder_15,861,861,15663
15513,83,160000,0,user_1,860,861,
15554,84,160000,0,user_45,860,861,
15631,85,150001,0,user_4,861,861,15549
15652,86,150001,0,user_18,861,861,15549
15655,87,150001,0,user_18,861,861,15549
15628,88,150001,0,user_0,861,861,15549
15667,89,150000,0,user_32,861,861,
15646,90,149999,0,user_14,861,861,15549
15650,91,149999,0,user_16,861,861,15549
15653,92,149999,0,user_18,861,861,15549
15548,93,130000,18600,user_43,860,861,
15820,94,129999,0,builder_15,861,861,15548
15638,95,129999,0,user_8,861,861,15548
15551,96,120000,0,user_44,860,861,
15536,97,110000,0,user_24,860,861,
15546,98,110000,0,user_41,860,861,
15538,99,110000,0,user_27,860,861,
15679,9,43000000,0,user_47,861,879,
15902,6,43000000,0,user_45,862,879,
16036,2,3200001,0,builder_15,862,862,15543
15543,86,3200000,17700000,user_39,860,871,
15676,93,6300000,0,user_45,861,871,
15677,94,6300000,0,user_45,861,871,
15900,96,6100000,0,user_40,862,871,
16037,7,5200001,0,builder_15,862,862,15511
15511,84,5200000,181000,user_1,860,870,
15532,98,5200001,0,user_19,860,870,15511
15517,97,5200001,0,user_6,860,870,15511
15530,96,5200001,0,user_15,860,870,15511
15537,99,5200001,0,user_26,860,870,15511
15526,95,5200001,0,user_12,860,870,15511
15654,94,5200001,0,user_18,861,870,15511
15866,93,5200001,0,user_10,862,870,15511
15903,66,5200000,0,user_45,862,869,
15647,89,5199999,0,user_14,861,869,15511
15519,84,5199999,0,user_7,860,869,15511
15520,85,5199999,0,user_7,860,869,15511
15533,80,5199999,0,user_19,860,869,15511
15518,81,5199999,0,user_6,860,869,15511
15531,86,5199999,0,user_15,860,869,15511
15534,82,5199999,0,user_22,860,869,15511
15641,88,5199999,0,user_11,861,869,15511
15527,83,5199999,0,user_12,860,869,15511
15651,78,5199999,0,user_18,861,869,15511
15863,79,5199999,0,user_10,862,869,15511
15895,91,5000000,0,user_36,862,869,
15665,96,4500000,0,user_31,861,869,
15666,78,3600000,0,user_32,861,867,
15664,79,3500000,0,user_31,861,867,
15629,83,3200001,0,user_1,861,867,15543
15634,90,3200001,0,user_7,861,867,15543
15636,91,3200001,0,user_7,861,867,15543
15632,84,3200001,0,user_5,861,867,15543
15633,93,3200001,0,user_6,861,867,15543
15643,92,3200001,0,user_11,861,867,15543
15854,94,3200001,0,user_1,862,867,15543
15859,85,3200001,0,user_5,862,867,15543
15865,86,3200001,0,user_10,862,867,15543
15630,71,3199999,0,user_2,861,865,15543
15635,73,3199999,0,user_7,861,865,15543
15656,69,3199999,0,user_19,861,865,15543
15639,74,3199999,0,user_10,861,865,15543
15657,94,3199999,0,user_20,861,866,15543
15649,70,3199999,0,user_15,861,865,15543
15640,72,3199999,0,user_11,861,865,15543
15857,95,3199999,0,user_3,862,866,15543
15861,96,3199999,0,user_7,862,866,15543
15874,99,3199999,0,user_18,862,866,15543
15878,97,3199999,0,user_21,862,866,15543
15879,98,3199999,0,user_21,862,866,15543
15881,81,3199999,0,user_24,862,865,15543
15539,84,2600000,0,user_29,860,865,
15541,85,2600000,0,user_37,860,865,
15542,90,2100000,0,user_38,860,865,
15544,91,2000000,15100,user_40,860,865,
16038,58,1999999,0,builder_15,862,862,15544
15627,93,2000001,0,user_0,861,865,15544
15553,94,2000000,0,user_44,860,865,
15557,97,1900000,0,user_47,860,865,
15898,99,1700000,0,user_39,862,865,
15896,90,1600000,0,user_37,862,864,
15556,93,1500000,0,user_47,860,864,
15559,95,1300000,13800,user_47,860,864,
16039,66,1299999,0,builder_15,862,862,15559
15907,82,1200000,0,user_48,862,863,
15891,84,1100000,0,user_32,862,863,
16040,69,1000001,0,builder_15,862,862,15673
15673,86,1000000,66100,user_42,861,863,
16041,71,1000001,0,builder_15,862,862,15888
15888,88,1000000,3130,user_32,862,863,
15855,99,1000001,0,user_1,862,863,15673
15870,91,1000001,0,user_14,862,863,15673
15877,92,1000001,0,user_21,862,863,15673
15882,95,1000001,0,user_25,862,863,15673
15875,90,1000001,0,user_19,862,863,15673
15880,94,1000001,0,user_23,862,863,15673
15864,93,1000001,0,user_10,862,863,15673
15862,97,1000001,0,user_9,862,863,15673
15883,96,1000001,0,user_26,862,863,15673
15560,82,1000000,0,user_48,860,862,
15867,83,999999,0,user_11,862,862,15673
15873,84,999999,0,user_17,862,862,15673
15871,85,999999,0,user_15,862,862,15673
15525,86,910000,0,user_11,860,862,
15515,87,870000,0,user_4,860,862,
15524,88,670000,0,user_10,860,862,
15535,89,670000,0,user_23,860,862,
16042,90,190001,0,builder_15,862,862,15670
15670,91,190000,381000,user_38,861,862,
15523,92,470000,0,user_10,860,862,
15522,93,460000,0,user_9,860,862,
15550,94,460000,0,user_44,860,862,
15547,95,460000,0,user_41,860,862,
15510,96,460000,0,user_1,860,862,
15552,97,420000,18600,user_44,860,862,
16043,98,419999,0,builder_15,862,862,15552
15637,99,420001,0,user_7,861,862,15552
15902,6,43000000,0,user_45,862,879,
15679,9,43000000,0,user_47,861,879,
16205,2,3200001,0,builder_15,863,863,15543
15543,86,3200000,17700000,user_39,860,871,
15676,93,6300000,0,user_45,861,871,
15677,94,6300000,0,user_45,861,871,
15900,96,6100000,0,user_40,862,871,
16111,97,6100000,0,user_45,863,871,
15511,84,5200000,181000,user_1,860,870,
16206,9,5199999,0,builder_15,863,863,15511
15866,93,5200001,0,user_10,862,870,15511
15645,64,5200001,0,user_13,861,869,15511
15654,94,5200001,0,user_18,861,870,15511
15526,95,5200001,0,user_12,860,870,15511
15532,98,5200001,0,user_19,860,870,15511
15517,97,5200001,0,user_6,860,870,15511
15530,96,5200001,0,user_15,860,870,15511
15537,99,5200001,0,user_26,860,870,15511
15903,66,5200000,0,user_45,862,869,
16087,67,5200000,0,user_28,863,869,
15863,79,5199999,0,user_10,862,869,15511
15641,88,5199999,0,user_11,861,869,15511
15647,89,5199999,0,user_14,861,869,15511
15651,78,5199999,0,user_18,861,869,15511
15527,83,5199999,0,user_12,860,869,15511
15519,84,5199999,0,user_7,860,869,15511
15520,85,5199999,0,user_7,860,869,15511
15533,80,5199999,0,user_19,860,869,15511
15518,81,5199999,0,user_6,860,869,15511
15531,86,5199999,0,user_15,860,869,15511
15534,82,5199999,0,user_22,860,869,15511
15895,91,5000000,0,user_36,862,869,
15665,96,4500000,0,user_31,861,869,
16101,97,4500000,0,user_37,863,869,
15666,78,3600000,0,user_32,861,867,
15664,79,3500000,0,user_31,861,867,
15865,86,3200001,0,user_10,862,867,15543
15633,93,3200001,0,user_6,861,867,15543
15643,92,3200001,0,user_11,861,867,15543
15634,90,3200001,0,user_7,861,867,15543
15636,91,3200001,0,user_7,861,867,15543
15854,94,3200001,0,user_1,862,867,15543
15859,85,3200001,0,user_5,862,867,15543
16077,87,3200001,0,user_16,863,867,15543
15629,83,3200001,0,user_1,861,867,15543
15632,84,3200001,0,user_5,861,867,15543
15861,96,3199999,0,user_7,862,866,15543
15857,95,3199999,0,user_3,862,866,15543
15878,97,3199999,0,user_21,862,866,15543
15879,98,3199999,0,user_21,862,866,15543
15874,99,3199999,0,user_18,862,866,15543
15881,81,3199999,0,user_24,862,865,15543
16066,82,3199999,0,user_1,863,865,15543
15640,72,3199999,0,user_11,861,865,15543
15635,73,3199999,0,user_7,861,865,15543
15639,74,3199999,0,user_10,861,865,15543
15657,94,3199999,0,user_20,861,866,15543
15644,76,3199999,0,user_13,861,865,15543
16078,68,3199999,0,user_17,863,865,15543
15630,71,3199999,0,user_2,861,865,15543
15656,69,3199999,0,user_19,861,865,15543
15649,70,3199999,0,user_15,861,865,15543
15541,85,2600000,0,user_37,860,865,
15539,84,2600000,0,user_29,860,865,
16097,89,2300000,0,user_35,863,865,
15542,90,2100000,0,user_38,860,865,
15544,91,2000000,15100,user_40,860,865,
16207,67,1999999,0,builder_15,863,863,15544
15627,93,2000001,0,user_0,861,865,15544
15553,94,2000000,0,user_44,860,865,
16100,96,1900000,0,user_36,863,865,
15557,97,1900000,0,user_47,860,865,
15898,99,1700000,0,user_39,862,865,
16113,98,1700000,0,user_47,863,865,
15896,90,1600000,0,user_37,862,864,
16096,92,1500000,0,user_33,863,864,
15556,93,1500000,0,user_47,860,864,
15559,95,1300000,13800,user_47,860,864,
16208,78,1299999,0,builder_15,863,863,15559
15904,97,1300000,0,user_46,862,864,
16098,98,1300000,0,user_35,863,864,
16103,99,1300000,0,user_39,863,864,
15907,82,1200000,0,user_48,862,863,
16108,83,1200000,0,user_40,863,863,
15891,84,1100000,0,user_32,862,863,
16106,85,1100000,0,user_39,863,863,
15673,86,1000000,66100,user_42,861,863,
16209,87,999999,0,builder_15,863,863,15673
15888,88,1000000,3130,user_32,862,863,
16210,89,999999,0,builder_15,863,863,15888
15875,90,1000001,0,user_19,862,863,15673
15870,91,1000001,0,user_14,862,863,15673
15877,92,1000001,0,user_21,862,863,15673
15864,93,1000001,0,user_10,862,863,15673
15880,94,1000001,0,user_23,862,863,15673
15882,95,1000001,0,user_25,862,863,15673
15883,96,1000001,0,user_26,862,863,15673
15862,97,1000001,0,user_9,862,863,15673
16068,98,1000001,0,user_4,863,863,15673
15855,99,1000001,0,user_1,862,863,15673
15902,6,43000000,0,user_45,862,879,
15679,9,43000000,0,user_47,861,879,
16112,94,27000000,0,user_46,863,872,
15543,86,3200000,17700000,user_39,860,871,
16386,4,3199999,0,builder_15,864,864,15543
16387,5,6300001,0,builder_15,864,864,16282
16282,91,6300000,5630,user_32,864,871,
15676,93,6300000,0,user_45,861,871,
15677,94,6300000,0,user_45,861,871,
16111,97,6100000,0,user_45,863,871,
15900,96,6100000,0,user_40,862,871,
16388,11,5200001,0,builder_15,864,864,15511
15511,84,5200000,181000,user_1,860,870,
15866,93,5200001,0,user_10,862,870,15511
16263,85,5200001,0,user_17,864,870,15511
16264,86,5200001,0,user_18,864,870,15511
15654,94,5200001,0,user_18,861,870,15511
15517,97,5200001,0,user_6,860,870,15511
15537,99,5200001,0,user_26,860,870,15511
15532,98,5200001,0,user_19,860,870,15511
15530,96,5200001,0,user_15,860,870,15511
15526,95,5200001,0,user_12,860,870,15511
15645,64,5200001,0,user_13,861,869,15511
15903,66,5200000,0,user_45,862,869,
16087,67,5200000,0,user_28,863,869,
16299,65,5200000,0,user_48,864,869,
15641,88,5199999,0,user_11,861,869,15511
15863,79,5199999,0,user_10,862,869,15511
15651,78,5199999,0,user_18,861,869,15511
15518,81,5199999,0,user_6,860,869,15511
15534,82,5199999,0,user_22,860,869,15511
15533,80,5199999,0,user_19,860,869,15511
15519,84,5199999,0,user_7,860,869,15511
15520,85,5199999,0,user_7,860,869,15511
15531,86,5199999,0,user_15,860,869,15511
15527,83,5199999,0,user_12,860,869,15511
15647,89,5199999,0,user_14,861,869,15511
16243,87,5199999,0,user_9,864,869,15511
15895,91,5000000,0,user_36,862,869,
16101,97,4500000,0,user_37,863,869,
15665,96,4500000,0,user_31,861,869,
15666,78,3600000,0,user_32,861,867,
15664,79,3500000,0,user_31,861,867,
15854,94,3200001,0,user_1,862,867,15543
15859,85,3200001,0,user_5,862,867,15543
15643,92,3200001,0,user_11,861,867,15543
15865,86,3200001,0,user_10,862,867,15543
16077,87,3200001,0,user_16,863,867,15543
16245,95,3200001,0,user_11,864,867,15543
16229,89,3200001,0,user_0,864,867,15543
16235,88,3200001,0,user_2,864,867,15543
16259,96,3200001,0,user_16,864,867,15543
15629,83,3200001,0,user_1,861,867,15543
15632,84,3200001,0,user_5,861,867,15543
15633,93,3200001,0,user_6,861,867,15543
15634,90,3200001,0,user_7,861,867,15543
15636,91,3200001,0,user_7,861,867,15543
16301,98,3200000,0,user_48,864,867,
15857,95,3199999,0,user_3,862,866,15543
15861,96,3199999,0,user_7,862,866,15543
15874,99,3199999,0,user_18,862,866,15543
15881,81,3199999,0,user_24,862,865,15543
15640,72,3199999,0,user_11,861,865,15543
15878,97,3199999,0,user_21,862,866,15543
15879,98,3199999,0,user_21,862,866,15543
16066,82,3199999,0,user_1,863,865,15543
16078,68,3199999,0,user_17,863,865,15543
16232,64,3199999,0,user_2,864,865,15543
16271,65,3199999,0,user_25,864,865,15543
15630,71,3199999,0,user_2,861,865,15543
15649,70,3199999,0,user_15,861,865,15543
15656,69,3199999,0,user_19,861,865,15543
15639,74,3199999,0,user_10,861,865,15543
15635,73,3199999,0,user_7,861,865,15543
15644,76,3199999,0,user_13,861,865,15543
15657,94,3199999,0,user_20,861,866,15543
15539,84,2600000,0,user_29,860,865,
15541,85,2600000,0,user_37,860,865,
16102,87,2400000,0,user_38,863,865,
16296,86,2400000,0,user_47,864,865,
16097,89,2300000,0,user_35,863,865,
15542,90,2100000,0,user_38,860,865,
16389,82,2000001,0,builder_15,864,864,15544
15544,91,2000000,15100,user_40,860,865,
15627,93,2000001,0,user_0,861,865,15544
15553,94,2000000,0,user_44,860,865,
16100,96,1900000,0,user_36,863,865,
15557,97,1900000,0,user_47,860,865,
16113,98,1700000,0,user_47,863,865,
15898,99,1700000,0,user_39,862,865,
15896,90,1600000,0,user_37,862,864,
16110,91,1600000,0,user_42,863,864,
16096,92,1500000,0,user_33,863,864,
15556,93,1500000,0,user_47,860,864,
16288,94,1400000,0,user_39,864,864,
15559,95,1300000,13800,user_47,860,864,
16390,96,1299999,0,builder_15,864,864,15559
15904,97,1300000,0,user_46,862,864,
16098,98,1300000,0,user_35,863,864,
16103,99,1300000,0,user_39,863,864,
15679,9,43000000,0,user_47,861,879,
15902,6,43000000,0,user_45,862,879,
16292,58,30000000,0,user_42,864,879,
16112,94,27000000,0,user_46,863,872,
15543,86,3200000,17700000,user_39,860,871,
16544,5,3199999,0,builder_15,865,865,15543
16282,91,6300000,5630,user_32,864,871,
16545,7,6299999,0,builder_15,865,865,16282
16445,92,6300000,0,user_28,865,871,
15676,93,6300000,0,user_45,861,871,
15677,94,6300000,0,user_45,861,871,
16111,97,6100000,0,user_45,863,871,
15900,96,6100000,0,user_40,862,871,
16546,13,5200001,0,builder_15,865,865,16457
16457,99,5200000,215000,user_37,865,871,
15511,84,5200000,181000,user_1,860,870,
16547,16,5199999,0,builder_15,865,865,15511
16263,85,5200001,0,user_17,864,870,15511
16264,86,5200001,0,user_18,864,870,15511
16443,87,5200001,0,user_24,865,870,15511
15517,97,5200001,0,user_6,860,870,15511
15537,99,5200001,0,user_26,860,870,15511
15526,95,5200001,0,user_12,860,870,15511
15530,96,5200001,0,user_15,860,870,15511
15532,98,5200001,0,user_19,860,870,15511
15654,94,5200001,0,user_18,861,870,15511
15645,64,5200001,0,user_13,861,869,15511
15866,93,5200001,0,user_10,862,870,15511
16299,65,5200000,0,user_48,864,869,
16087,67,5200000,0,user_28,863,869,
15903,66,5200000,0,user_45,862,869,
16243,87,5199999,0,user_9,864,869,15511
15518,81,5199999,0,user_6,860,869,15511
15534,82,5199999,0,user_22,860,869,15511
15519,84,5199999,0,user_7,860,869,15511
15520,85,5199999,0,user_7,860,869,15511
15527,83,5199999,0,user_12,860,869,15511
15531,86,5199999,0,user_15,860,869,15511
15533,80,5199999,0,user_19,860,869,15511
15651,78,5199999,0,user_18,861,869,15511
15641,88,5199999,0,user_11,861,869,15511
15647,89,5199999,0,user_14,861,869,15511
15863,79,5199999,0,user_10,862,869,15511
15895,91,5000000,0,user_36,862,869,
16101,97,4500000,0,user_37,863,869,
15665,96,4500000,0,user_31,861,869,
15666,78,3600000,0,user_32,861,867,
15664,79,3500000,0,user_31,861,867,
16235,88,3200001,0,user_2,864,867,15543
16259,96,3200001,0,user_16,864,867,15543
16229,89,3200001,0,user_0,864,867,15543
16245,95,3200001,0,user_11,864,867,15543
16410,82,3200001,0,user_1,865,867,15543
16077,87,3200001,0,user_16,863,867,15543
15629,83,3200001,0,user_1,861,867,15543
15632,84,3200001,0,user_5,861,867,15543
15643,92,3200001,0,user_11,861,867,15543
15634,90,3200001,0,user_7,861,867,15543
15636,91,3200001,0,user_7,861,867,15543
15633,93,3200001,0,user_6,861,867,15543
15854,94,3200001,0,user_1,862,867,15543
15859,85,3200001,0,user_5,862,867,15543
15865,86,3200001,0,user_10,862,867,15543
16301,98,3200000,0,user_48,864,867,
16232,64,3199999,0,user_2,864,865,15543
16271,65,3199999,0,user_25,864,865,15543
16433,99,3199999,0,user_18,865,867,15543
15874,99,3199999,0,user_18,862,866,15543
16078,68,3199999,0,user_17,863,865,15543
15656,69,3199999,0,user_19,861,865,15543
15649,70,3199999,0,user_15,861,865,15543
15630,71,3199999,0,user_2,861,865,15543
15640,72,3199999,0,user_11,861,865,15543
15635,73,3199999,0,user_7,861,865,15543
15639,74,3199999,0,user_10,861,865,15543
15657,94,3199999,0,user_20,861,866,15543
15644,76,3199999,0,user_13,861,865,15543
15857,95,3199999,0,user_3,862,866,15543
15861,96,3199999,0,user_7,862,866,15543
15878,97,3199999,0,user_21,862,866,15543
15879,98,3199999,0,user_21,862,866,15543
15881,81,3199999,0,user_24,862,865,15543
16066,82,3199999,0,user_1,863,865,15543
16421,92,3199999,0,user_9,865,866,15543
15539,84,2600000,0,user_29,860,865,
15541,85,2600000,0,user_37,860,865,
16296,86,2400000,0,user_47,864,865,
16102,87,2400000,0,user_38,863,865,
16463,88,2300000,0,user_39,865,865,
16097,89,2300000,0,user_35,863,865,
15542,90,2100000,0,user_38,860,865,
15544,91,2000000,15100,user_40,860,865,
16548,92,1999999,0,builder_15,865,865,15544
15627,93,2000001,0,user_0,861,865,15544
15553,94,2000000,0,user_44,860,865,
16456,95,1900000,0,user_36,865,865,
16100,96,1900000,0,user_36,863,865,
15557,97,1900000,0,user_47,860,865,
16113,98,1700000,0,user_47,863,865,
15898,99,1700000,0,user_39,862,865,
15902,6,43000000,0,user_45,862,879,
15679,9,43000000,0,user_47,861,879,
16695,2,30000001,0,builder_15,866,866,16613
16613,11,30000000,769000,user_45,866,879,
16468,59,30000000,0,user_43,865,879,
16292,58,30000000,0,user_42,864,879,
16603,60,30000000,0,user_31,866,879,
16112,94,27000000,0,user_46,863,872,
16696,8,3200001,0,builder_15,866,866,15543
15543,86,3200000,17700000,user_39,860,871,
16697,10,6300001,0,builder_15,866,866,16282
16282,91,6300000,5630,user_32,864,871,
16445,92,6300000,0,user_28,865,871,
15676,93,6300000,0,user_45,861,871,
15677,94,6300000,0,user_45,861,871,
16111,97,6100000,0,user_45,863,871,
15900,96,6100000,0,user_40,862,871,
16457,99,5200000,215000,user_37,865,871,
16698,18,5199999,0,builder_15,866,866,16457
15511,84,5200000,181000,user_1,860,870,
16699,20,5199999,0,builder_15,866,866,15511
16443,87,5200001,0,user_24,865,870,15511
16568,90,5200001,0,user_5,866,870,16457
16584,92,5200001,0,user_13,866,870,16457
16587,88,5200001,0,user_14,866,870,16457
16591,89,5200001,0,user_16,866,870,16457
16264,86,5200001,0,user_18,864,870,15511
15866,93,5200001,0,user_10,862,870,15511
16263,85,5200001,0,user_17,864,870,15511
15526,95,5200001,0,user_12,860,870,15511
15530,96,5200001,0,user_15,860,870,15511
15517,97,5200001,0,user_6,860,870,15511
15532,98,5200001,0,user_19,860,870,15511
15537,99,5200001,0,user_26,860,870,15511
15654,94,5200001,0,user_18,861,870,15511
16598,50,5200001,0,user_23,866,869,16457
15645,64,5200001,0,user_13,861,869,15511
16589,91,5200001,0,user_15,866,870,16457
16299,65,5200000,0,user_48,864,869,
15903,66,5200000,0,user_45,862,869,
16087,67,5200000,0,user_28,863,869,
16563,75,5199999,0,user_1,866,869,16457
16566,76,5199999,0,user_1,866,869,16457
16569,77,5199999,0,user_5,866,869,16457
16581,74,5199999,0,user_12,866,869,16457
16585,69,5199999,0,user_14,866,869,16457
16571,68,5199999,0,user_7,866,869,16457
16243,87,5199999,0,user_9,864,869,15511
15863,79,5199999,0,user_10,862,869,15511
15519,84,5199999,0,user_7,860,869,15511
15520,85,5199999,0,user_7,860,869,15511
15527,83,5199999,0,user_12,860,869,15511
15531,86,5199999,0,user_15,860,869,15511
15518,81,5199999,0,user_6,860,869,15511
15533,80,5199999,0,user_19,860,869,15511
15534,82,5199999,0,user_22,860,869,15511
15651,78,5199999,0,user_18,861,869,15511
15641,88,5199999,0,user_11,861,869,15511
15647,89,5199999,0,user_14,861,869,15511
16577,73,5199999,0,user_9,866,869,16457
16590,71,5199999,0,user_15,866,869,16457
16570,70,5199999,0,user_6,866,869,16457
16599,72,5199999,0,user_26,866,869,16457
16600,90,5000000,0,user_28,866,869,
15895,91,5000000,0,user_36,862,869,
16609,94,4200000,410000,user_39,866,869,
16700,66,4199999,0,builder_15,866,866,16609
16101,97,4500000,0,user_37,863,869,
15665,96,4500000,0,user_31,861,869,
15666,78,3600000,0,user_32,861,867,
15664,79,3500000,0,user_31,861,867,
16410,82,3200001,0,user_1,865,867,15543
16245,95,3200001,0,user_11,864,867,15543
16259,96,3200001,0,user_16,864,867,15543
16229,89,3200001,0,user_0,864,867,15543
15865,86,3200001,0,user_10,862,867,15543
15859,85,3200001,0,user_5,862,867,15543
16077,87,3200001,0,user_16,863,867,15543
16235,88,3200001,0,user_2,864,867,15543
15629,83,3200001,0,user_1,861,867,15543
15632,84,3200001,0,user_5,861,867,15543
15634,90,3200001,0,user_7,861,867,15543
15636,91,3200001,0,user_7,861,867,15543
15643,92,3200001,0,user_11,861,867,15543
15633,93,3200001,0,user_6,861,867,15543
15854,94,3200001,0,user_1,862,867,15543
16596,80,3200001,0,user_22,866,867,15543
16453,97,3200000,0,user_34,865,867,
16301,98,3200000,0,user_48,864,867,
16433,99,3199999,0,user_18,865,867,15543
16436,90,3199999,0,user_20,865,866,15543
16580,91,3199999,0,user_11,866,866,15543
16421,92,3199999,0,user_9,865,866,15543
16586,93,3199999,0,user_14,866,866,15543
15657,94,3199999,0,user_20,861,866,15543
15857,95,3199999,0,user_3,862,866,15543
15861,96,3199999,0,user_7,862,866,15543
15878,97,3199999,0,user_21,862,866,15543
15879,98,3199999,0,user_21,862,866,15543
15874,99,3199999,0,user_18,862,866,15543
15902,6,43000000,0,user_45,862,879,
15679,9,43000000,0,user_47,861,879,
16848,2,30000001,0,builder_15,867,867,16613
16613,11,30000000,769000,user_45,866,879,
16719,41,30000001,0,user_0,867,879,16613
16603,60,30000000,0,user_31,866,879,
16468,59,30000000,0,user_43,865,879,
16292,58,30000000,0,user_42,864,879,
16112,94,27000000,0,user_46,863,872,
16849,9,3200001,0,builder_15,867,867,15543
15543,86,3200000,17700000,user_39,860,871,
16850,11,6300001,0,builder_15,867,867,16282
16282,91,6300000,5630,user_32,864,871,
16445,92,6300000,0,user_28,865,871,
15676,93,6300000,0,user_45,861,871,
15677,94,6300000,0,user_45,861,871,
15900,96,6100000,0,user_40,862,871,
16111,97,6100000,0,user_45,863,871,
16457,99,5200000,215000,user_37,865,871,
16851,19,5199999,0,builder_15,867,867,16457
16852,20,5200001,0,builder_15,867,867,15511
15511,84,5200000,181000,user_1,860,870,
16568,90,5200001,0,user_5,866,870,16457
16598,50,5200001,0,user_23,866,869,16457
16587,88,5200001,0,user_14,866,870,16457
16589,91,5200001,0,user_15,866,870,16457
16591,89,5200001,0,user_16,866,870,16457
16264,86,5200001,0,user_18,864,870,15511
16443,87,5200001,0,user_24,865,870,15511
15526,95,5200001,0,user_12,860,870,15511
15532,98,5200001,0,user_19,860,870,15511
15517,97,5200001,0,user_6,860,870,15511
15530,96,5200001,0,user_15,860,870,15511
15537,99,5200001,0,user_26,860,870,15511
15654,94,5200001,0,user_18,861,870,15511
15866,93,5200001,0,user_10,862,870,15511
16263,85,5200001,0,user_17,864,870,15511
15645,64,5200001,0,user_13,861,869,15511
16299,65,5200000,0,user_48,864,869,
15903,66,5200000,0,user_45,862,869,
16087,67,5200000,0,user_28,863,869,
16569,77,5199999,0,user_5,866,869,16457
16581,74,5199999,0,user_12,866,869,16457
16571,68,5199999,0,user_7,866,869,16457
16570,70,5199999,0,user_6,866,869,16457
16599,72,5199999,0,user_26,866,869,16457
16577,73,5199999,0,user_9,866,869,16457
16585,69,5199999,0,user_14,866,869,16457
16590,71,5199999,0,user_15,866,869,16457
16563,75,5199999,0,user_1,866,869,16457
16566,76,5199999,0,user_1,866,869,16457
16243,87,5199999,0,user_9,864,869,15511
15519,84,5199999,0,user_7,860,869,15511
15520,85,5199999,0,user_7,860,869,15511
15527,83,5199999,0,user_12,860,869,15511
15533,80,5199999,0,user_19,860,869,15511
15518,81,5199999,0,user_6,860,869,15511
15531,86,5199999,0,user_15,860,869,15511
15534,82,5199999,0,user_22,860,869,15511
15651,78,5199999,0,user_18,861,869,15511
15863,79,5199999,0,user_10,862,869,15511
15641,88,5199999,0,user_11,861,869,15511
15647,89,5199999,0,user_14,861,869,15511
16600,90,5000000,0,user_28,866,869,
15895,91,5000000,0,user_36,862,869,
15665,96,4500000,0,user_31,861,869,
16101,97,4500000,0,user_37,863,869,
16728,99,4200001,0,user_17,867,869,16609
16721,98,4200001,0,user_5,867,869,16609
16737,79,4200001,0,user_24,867,868,16609
16727,88,4199999,0,user_16,867,868,16609
16731,92,4199999,0,user_18,867,868,16609
16720,89,4199999,0,user_2,867,868,16609
16732,90,4199999,0,user_19,867,868,16609
16733,91,4199999,0,user_19,867,868,16609
16736,93,4199999,0,user_23,867,868,16609
16738,95,4199999,0,user_26,867,868,16609
16751,77,3600000,0,user_40,867,867,
15666,78,3600000,0,user_32,861,867,
15664,79,3500000,0,user_31,861,867,
16596,80,3200001,0,user_22,866,867,15543
16730,81,3200001,0,user_17,867,867,15543
16410,82,3200001,0,user_1,865,867,15543
15629,83,3200001,0,user_1,861,867,15543
15632,84,3200001,0,user_5,861,867,15543
15859,85,3200001,0,user_5,862,867,15543
15865,86,3200001,0,user_10,862,867,15543
16077,87,3200001,0,user_16,863,867,15543
16235,88,3200001,0,user_2,864,867,15543
16229,89,3200001,0,user_0,864,867,15543
15634,90,3200001,0,user_7,861,867,15543
15636,91,3200001,0,user_7,861,867,15543
15643,92,3200001,0,user_11,861,867,15543
15633,93,3200001,0,user_6,861,867,15543
15854,94,3200001,0,user_1,862,867,15543
16245,95,3200001,0,user_11,864,867,15543
16259,96,3200001,0,user_16,864,867,15543
16453,97,3200000,0,user_34,865,867,
16301,98,3200000,0,user_48,864,867,
16433,99,3199999,0,user_18,865,867,15543
15902,6,43000000,0,user_45,862,879,
15679,9,43000000,0,user_47,861,879,
17008,2,30000001,0,builder_15,868,868,16613
16613,11,30000000,769000,user_45,866,879,
16719,41,30000001,0,user_0,867,879,16613
16468,59,30000000,0,user_43,865,879,
16603,60,30000000,0,user_31,866,879,
16292,58,30000000,0,user_42,864,879,
16873,86,29999999,0,user_7,868,879,16613
16874,87,29999999,0,user_8,868,879,16613
16902,90,27000000,779000,user_36,868,879,
17009,11,26999999,0,builder_15,868,868,16902
16112,94,27000000,0,user_46,863,872,
17010,13,3200001,0,builder_15,868,868,15543
15543,86,3200000,17700000,user_39,860,871,
16903,87,19000000,0,user_37,868,871,
17011,16,6300001,0,builder_15,868,868,16282
16282,91,6300000,5630,user_32,864,871,
16445,92,6300000,0,user_28,865,871,
15676,93,6300000,0,user_45,861,871,
15677,94,6300000,0,user_45,861,871,
15900,96,6100000,0,user_40,862,871,
16111,97,6100000,0,user_45,863,871,
17012,23,5200001,0,builder_15,868,868,16457
16457,99,5200000,215000,user_37,865,871,
17013,25,5200001,0,builder_15,868,868,15511
15511,84,5200000,181000,user_1,860,870,
16587,88,5200001,0,user_14,866,870,16457
16591,89,5200001,0,user_16,866,870,16457
16568,90,5200001,0,user_5,866,870,16457
16598,50,5200001,0,user_23,866,869,16457
16589,91,5200001,0,user_15,866,870,16457
16584,92,5200001,0,user_13,866,870,16457
16264,86,5200001,0,user_18,864,870,15511
16443,87,5200001,0,user_24,865,870,15511
16263,85,5200001,0,user_17,864,870,15511
15526,95,5200001,0,user_12,860,870,15511
15532,98,5200001,0,user_19,860,870,15511
15517,97,5200001,0,user_6,860,870,15511
15530,96,5200001,0,user_15,860,870,15511
15537,99,5200001,0,user_26,860,870,15511
15654,94,5200001,0,user_18,861,870,15511
15866,93,5200001,0,user_10,862,870,15511
15645,64,5200001,0,user_13,861,869,15511
16299,65,5200000,0,user_48,864,869,
15903,66,5200000,0,user_45,862,869,
16087,67,5200000,0,user_28,863,869,
16585,69,5199999,0,user_14,866,869,16457
16563,75,5199999,0,user_1,866,869,16457
16566,76,5199999,0,user_1,866,869,16457
16571,68,5199999,0,user_7,866,869,16457
16569,77,5199999,0,user_5,866,869,16457
16581,74,5199999,0,user_12,866,869,16457
16570,70,5199999,0,user_6,866,869,16457
16590,71,5199999,0,user_15,866,869,16457
16599,72,5199999,0,user_26,866,869,16457
16243,87,5199999,0,user_9,864,869,15511
16577,73,5199999,0,user_9,866,869,16457
15519,84,5199999,0,user_7,860,869,15511
15520,85,5199999,0,user_7,860,869,15511
15527,83,5199999,0,user_12,860,869,15511
15533,80,5199999,0,user_19,860,869,15511
15518,81,5199999,0,user_6,860,869,15511
15531,86,5199999,0,user_15,860,869,15511
15534,82,5199999,0,user_22,860,869,15511
15651,78,5199999,0,user_18,861,869,15511
15863,79,5199999,0,user_10,862,869,15511
15641,88,5199999,0,user_11,861,869,15511
15647,89,5199999,0,user_14,861,869,15511
16600,90,5000000,0,user_28,866,869,
15895,91,5000000,0,user_36,862,869,
16911,93,630000,4320000,user_48,868,869,
17014,72,629999,0,builder_15,868,868,16911
17015,73,4200001,0,builder_15,868,868,16609
16609,94,4200000,410000,user_39,866,869,
15665,96,4500000,0,user_31,861,869,
16101,97,4500000,0,user_37,863,869,
16728,99,4200001,0,user_17,867,869,16609
16721,98,4200001,0,user_5,867,869,16609
16737,79,4200001,0,user_24,867,868,16609
16734,80,4200001,0,user_20,867,868,16609
16880,81,4200001,0,user_11,868,868,16609
16870,82,4200001,0,user_2,868,868,16609
16881,83,4200001,0,user_14,868,868,16609
16885,84,4200001,0,user_18,868,868,16609
16886,85,4200001,0,user_18,868,868,16609
16872,86,4200001,0,user_5,868,868,16609
16876,87,4200001,0,user_8,868,868,16609
16727,88,4199999,0,user_16,867,868,16609
16720,89,4199999,0,user_2,867,868,16609
16732,90,4199999,0,user_19,867,868,16609
16733,91,4199999,0,user_19,867,868,16609
16731,92,4199999,0,user_18,867,868,16609
16736,93,4199999,0,user_23,867,868,16609
16735,94,4199999,0,user_21,867,868,16609
16738,95,4199999,0,user_26,867,868,16609
16879,96,4199999,0,user_11,868,868,16609
16871,97,4199999,0,user_3,868,868,16609
16888,98,4199999,0,user_23,868,868,16609
16877,99,4199999,0,user_9,868,868,16609
16896,8,43000000,0,user_29,868,879,
15902,6,43000000,0,user_45,862,879,
15679,9,43000000,0,user_47,861,879,
16613,11,30000000,769000,user_45,866,879,
17207,4,29999999,0,builder_15,869,869,16613
16719,41,30000001,0,user_0,867,879,16613
17054,44,30000001,0,user_17,869,879,16613
17056,45,30000001,0,user_18,869,879,16613
17059,46,30000001,0,user_18,869,879,16613
17060,47,30000001,0,user_18,869,879,16613
17064,16,30000001,0,user_21,869,879,16613
17069,48,30000001,0,user_25,869,879,16613
17061,15,30000001,0,user_19,869,879,16613
17053,43,30000001,0,user_15,869,879,16613
17070,49,30000001,0,user_26,869,879,16613
16603,60,30000000,0,user_31,866,879,
16292,58,30000000,0,user_42,864,879,
16468,59,30000000,0,user_43,865,879,
16874,87,29999999,0,user_8,868,879,16613
16873,86,29999999,0,user_7,868,879,16613
17050,88,29999999,0,user_13,869,879,16613
17055,81,29999999,0,user_17,869,879,16613
17063,62,29999999,0,user_21,869,879,16613
17066,82,29999999,0,user_23,869,879,16613
16902,90,27000000,779000,user_36,868,879,
17208,25,26999999,0,builder_15,869,869,16902
17051,91,27000001,0,user_14,869,879,16902
16112,94,27000000,0,user_46,863,872,
17043,82,26999999,0,user_4,869,871,16902
17044,79,26999999,0,user_5,869,871,16902
17046,81,26999999,0,user_7,869,871,16902
17058,83,26999999,0,user_18,869,871,16902
17052,80,26999999,0,user_14,869,871,16902
15543,86,3200000,17700000,user_39,860,871,
17209,34,3199999,0,builder_15,869,869,15543
16903,87,19000000,0,user_37,868,871,
16282,91,6300000,5630,user_32,864,871,
17210,37,6299999,0,builder_15,869,869,16282
16912,95,6300000,0,user_49,868,871,
16445,92,6300000,0,user_28,865,871,
15676,93,6300000,0,user_45,861,871,
15677,94,6300000,0,user_45,861,871,
15900,96,6100000,0,user_40,862,871,
16111,97,6100000,0,user_45,863,871,
16457,99,5200000,215000,user_37,865,871,
17211,45,5199999,0,builder_15,869,869,16457
17212,46,5200001,0,builder_15,869,869,15511
15511,84,5200000,181000,user_1,860,870,
16587,88,5200001,0,user_14,866,870,16457
16591,89,5200001,0,user_16,866,870,16457
16598,50,5200001,0,user_23,866,869,16457
16589,91,5200001,0,user_15,866,870,16457
16568,90,5200001,0,user_5,866,870,16457
16584,92,5200001,0,user_13,866,870,16457
16263,85,5200001,0,user_17,864,870,15511
16264,86,5200001,0,user_18,864,870,15511
16443,87,5200001,0,user_24,865,870,15511
15654,94,5200001,0,user_18,861,870,15511
15866,93,5200001,0,user_10,862,870,15511
15532,98,5200001,0,user_19,860,870,15511
15517,97,5200001,0,user_6,860,870,15511
15537,99,5200001,0,user_26,860,870,15511
15526,95,5200001,0,user_12,860,870,15511
15530,96,5200001,0,user_15,860,870,15511
15645,64,5200001,0,user_13,861,869,15511
16299,65,5200000,0,user_48,864,869,
15903,66,5200000,0,user_45,862,869,
16087,67,5200000,0,user_28,863,869,
16571,68,5199999,0,user_7,866,869,16457
16585,69,5199999,0,user_14,866,869,16457
16570,70,5199999,0,user_6,866,869,16457
16590,71,5199999,0,user_15,866,869,16457
16599,72,5199999,0,user_26,866,869,16457
16577,73,5199999,0,user_9,866,869,16457
16581,74,5199999,0,user_12,866,869,16457
16563,75,5199999,0,user_1,866,869,16457
16566,76,5199999,0,user_1,866,869,16457
16569,77,5199999,0,user_5,866,869,16457
15651,78,5199999,0,user_18,861,869,15511
15863,79,5199999,0,user_10,862,869,15511
15533,80,5199999,0,user_19,860,869,15511
15518,81,5199999,0,user_6,860,869,15511
15534,82,5199999,0,user_22,860,869,15511
15527,83,5199999,0,user_12,860,869,15511
15519,84,5199999,0,user_7,860,869,15511
15520,85,5199999,0,user_7,860,869,15511
15531,86,5199999,0,user_15,860,869,15511
16243,87,5199999,0,user_9,864,869,15511
15641,88,5199999,0,user_11,861,869,15511
15647,89,5199999,0,user_14,861,869,15511
16600,90,5000000,0,user_28,866,869,
15895,91,5000000,0,user_36,862,869,
17213,92,630001,0,builder_15,869,869,16911
16911,93,630000,4320000,user_48,868,869,
16609,94,4200000,410000,user_39,866,869,
17214,95,4199999,0,builder_15,869,869,16609
15665,96,4500000,0,user_31,861,869,
16101,97,4500000,0,user_37,863,869,
16721,98,4200001,0,user_5,867,869,16609
16728,99,4200001,0,user_17,867,869,16609
17398,0,43000001,0,builder_15,870,870,17076
17076,0,43000000,545000,user_38,869,879,
16896,8,43000000,0,user_29,868,879,
17300,4,43000000,0,user_48,870,879,
15902,6,43000000,0,user_45,862,879,
15679,9,43000000,0,user_47,861,879,
17399,6,30000001,0,builder_15,870,870,16613
16613,11,30000000,769000,user_45,866,879,
17054,44,30000001,0,user_17,869,879,16613
17061,15,30000001,0,user_19,869,879,16613
17056,45,30000001,0,user_18,869,879,16613
17059,46,30000001,0,user_18,869,879,16613
17060,47,30000001,0,user_18,869,879,16613
17062,42,30000001,0,user_20,869,879,16613
17053,43,30000001,0,user_15,869,879,16613
17064,16,30000001,0,user_21,869,879,16613
17069,48,30000001,0,user_25,869,879,16613
17070,49,30000001,0,user_26,869,879,16613
17261,32,30000001,0,user_11,870,879,16613
17239,28,30000001,0,user_0,870,879,16613
17240,14,30000001,0,user_1,870,879,16613
17247,29,30000001,0,user_4,870,879,16613
17262,30,30000001,0,user_12,870,879,16613
17265,31,30000001,0,user_12,870,879,16613
17241,34,30000001,0,user_2,870,879,16613
17242,35,30000001,0,user_2,870,879,16613
17268,50,30000001,0,user_13,870,879,16613
17269,51,30000001,0,user_13,870,879,16613
17271,52,30000001,0,user_13,870,879,16613
17275,33,30000001,0,user_18,870,879,16613
17244,36,30000001,0,user_3,870,879,16613
17245,37,30000001,0,user_3,870,879,16613
17276,53,30000001,0,user_19,870,879,16613
17277,54,30000001,0,user_19,870,879,16613
16719,41,30000001,0,user_0,867,879,16613
17256,40,30000001,0,user_9,870,879,16613
17283,38,30000001,0,user_26,870,879,16613
16292,58,30000000,0,user_42,864,879,
16468,59,30000000,0,user_43,865,879,
16603,60,30000000,0,user_31,866,879,
16874,87,29999999,0,user_8,868,879,16613
16873,86,29999999,0,user_7,868,879,16613
17050,88,29999999,0,user_13,869,879,16613
17055,81,29999999,0,user_17,869,879,16613
17066,82,29999999,0,user_23,869,879,16613
17063,62,29999999,0,user_21,869,879,16613
17249,68,29999999,0,user_5,870,879,16613
17266,70,29999999,0,user_12,870,879,16613
17267,83,29999999,0,user_13,870,879,16613
17270,84,29999999,0,user_13,870,879,16613
17273,71,29999999,0,user_16,870,879,16613
17274,72,29999999,0,user_16,870,879,16613
17253,61,29999999,0,user_7,870,879,16613
17255,73,29999999,0,user_8,870,879,16613
17258,78,29999999,0,user_10,870,879,16613
17259,79,29999999,0,user_10,870,879,16613
17280,74,29999999,0,user_23,870,879,16613
17272,77,29999999,0,user_15,870,879,16613
17279,75,29999999,0,user_22,870,879,16613
17282,76,29999999,0,user_26,870,879,16613
16902,90,27000000,779000,user_36,868,879,
17400,61,26999999,0,builder_15,870,870,16902
17051,91,27000001,0,user_14,869,879,16902
16112,94,27000000,0,user_46,863,872,
17043,82,26999999,0,user_4,869,871,16902
17052,80,26999999,0,user_14,869,871,16902
17046,81,26999999,0,user_7,869,871,16902
17044,79,26999999,0,user_5,869,871,16902
17058,83,26999999,0,user_18,869,871,16902
17257,77,26999999,0,user_10,870,871,16902
15543,86,3200000,17700000,user_39,860,871,
17401,71,3199999,0,builder_15,870,870,15543
16903,87,19000000,0,user_37,868,871,
17402,73,6300001,0,builder_15,870,870,16282
16282,91,6300000,5630,user_32,864,871,
16912,95,6300000,0,user_49,868,871,
16445,92,6300000,0,user_28,865,871,
15676,93,6300000,0,user_45,861,871,
15677,94,6300000,0,user_45,861,871,
15900,96,6100000,0,user_40,862,871,
16111,97,6100000,0,user_45,863,871,
17403,81,5200001,0,builder_15,870,870,16457
16457,99,5200000,215000,user_37,865,871,
17404,83,5200001,0,builder_15,870,870,15511
15511,84,5200000,181000,user_1,860,870,
16263,85,5200001,0,user_17,864,870,15511
16264,86,5200001,0,user_18,864,870,15511
16443,87,5200001,0,user_24,865,870,15511
16587,88,5200001,0,user_14,866,870,16457
16591,89,5200001,0,user_16,866,870,16457
16568,90,5200001,0,user_5,866,870,16457
16589,91,5200001,0,user_15,866,870,16457
16584,92,5200001,0,user_13,866,870,16457
15866,93,5200001,0,user_10,862,870,15511
15654,94,5200001,0,user_18,861,870,15511
15526,95,5200001,0,user_12,860,870,15511
15530,96,5200001,0,user_15,860,870,15511
15517,97,5200001,0,user_6,860,870,15511
15532,98,5200001,0,user_19,860,870,15511
15537,99,5200001,0,user_26,860,870,15511
17576,0,43000001,0,builder_15,871,871,17076
17076,0,43000000,545000,user_38,869,879,
17300,4,43000000,0,user_48,870,879,
15902,6,43000000,0,user_45,862,879,
15679,9,43000000,0,user_47,861,879,
16896,8,43000000,0,user_29,868,879,
16613,11,30000000,769000,user_45,866,879,
17577,7,29999999,0,builder_15,871,871,16613
17240,14,30000001,0,user_1,870,879,16613
17241,34,30000001,0,user_2,870,879,16613
17242,35,30000001,0,user_2,870,879,16613
17247,29,30000001,0,user_4,870,879,16613
17239,28,30000001,0,user_0,870,879,16613
17262,30,30000001,0,user_12,870,879,16613
17265,31,30000001,0,user_12,870,879,16613
17276,53,30000001,0,user_19,870,879,16613
17277,54,30000001,0,user_19,870,879,16613
17275,33,30000001,0,user_18,870,879,16613
17278,39,30000001,0,user_20,870,879,16613
17244,36,30000001,0,user_3,870,879,16613
17245,37,30000001,0,user_3,870,879,16613
17283,38,30000001,0,user_26,870,879,16613
17435,20,30000001,0,user_11,871,879,16613
17436,21,30000001,0,user_11,871,879,16613
17261,32,30000001,0,user_11,870,879,16613
17256,40,30000001,0,user_9,870,879,16613
17427,17,30000001,0,user_2,871,879,16613
17428,18,30000001,0,user_2,871,879,16613
17429,19,30000001,0,user_2,871,879,16613
17438,22,30000001,0,user_13,871,879,16613
17069,48,30000001,0,user_25,869,879,16613
17434,24,30000001,0,user_7,871,879,16613
17448,25,30000001,0,user_21,871,879,16613
17452,26,30000001,0,user_25,871,879,16613
17053,43,30000001,0,user_15,869,879,16613
17061,15,30000001,0,user_19,869,879,16613
17070,49,30000001,0,user_26,869,879,16613
17064,16,30000001,0,user_21,869,879,16613
17054,44,30000001,0,user_17,869,879,16613
17056,45,30000001,0,user_18,869,879,16613
17059,46,30000001,0,user_18,869,879,16613
17060,47,30000001,0,user_18,869,879,16613
17062,42,30000001,0,user_20,869,879,16613
17444,23,30000001,0,user_17,871,879,16613
16719,41,30000001,0,user_0,867,879,16613
17440,27,30000001,0,user_15,871,879,16613
16292,58,30000000,0,user_42,864,879,
16468,59,30000000,0,user_43,865,879,
16603,60,30000000,0,user_31,866,879,
17273,71,29999999,0,user_16,870,879,16613
17274,72,29999999,0,user_16,870,879,16613
17253,61,29999999,0,user_7,870,879,16613
17249,68,29999999,0,user_5,870,879,16613
17266,70,29999999,0,user_12,870,879,16613
17258,78,29999999,0,user_10,870,879,16613
17259,79,29999999,0,user_10,870,879,16613
17255,73,29999999,0,user_8,870,879,16613
17280,74,29999999,0,user_23,870,879,16613
17272,77,29999999,0,user_15,870,879,16613
17279,75,29999999,0,user_22,870,879,16613
17282,76,29999999,0,user_26,870,879,16613
17426,63,29999999,0,user_0,871,879,16613
17050,88,29999999,0,user_13,869,879,16613
17431,65,29999999,0,user_3,871,879,16613
17442,66,29999999,0,user_16,871,879,16613
17443,67,29999999,0,user_16,871,879,16613
17445,80,29999999,0,user_19,871,879,16613
17066,82,29999999,0,user_23,869,879,16613
17063,62,29999999,0,user_21,869,879,16613
17055,81,29999999,0,user_17,869,879,16613
16874,87,29999999,0,user_8,868,879,16613
16873,86,29999999,0,user_7,868,879,16613
17449,64,29999999,0,user_22,871,879,16613
16902,90,27000000,779000,user_36,868,879,
17578,74,26999999,0,builder_15,871,871,16902
17051,91,27000001,0,user_14,869,879,16902
16112,94,27000000,0,user_46,863,872,
17257,77,26999999,0,user_10,870,871,16902
17430,95,26999999,0,user_2,871,872,16902
17044,79,26999999,0,user_5,869,871,16902
17052,80,26999999,0,user_14,869,871,16902
17046,81,26999999,0,user_7,869,871,16902
17043,82,26999999,0,user_4,869,871,16902
17058,83,26999999,0,user_18,869,871,16902
17441,97,26999999,0,user_15,871,872,16902
17579,85,3200001,0,builder_15,871,871,15543
15543,86,3200000,17700000,user_39,860,871,
16903,87,19000000,0,user_37,868,871,
17580,88,870001,0,builder_15,871,871,17462
17462,89,870000,7190000,user_36,871,871,
17581,90,6300001,0,builder_15,871,871,16282
16282,91,6300000,5630,user_32,864,871,
16445,92,6300000,0,user_28,865,871,
15676,93,6300000,0,user_45,861,871,
15677,94,6300000,0,user_45,861,871,
16912,95,6300000,0,user_49,868,871,
15900,96,6100000,0,user_40,862,871,
16111,97,6100000,0,user_45,863,871,
17582,98,5200001,0,builder_15,871,871,16457
16457,99,5200000,215000,user_37,865,871,
17076,0,43000000,545000,user_38,869,879,
17714,1,42999999,0,builder_15,872,872,17076
17300,4,43000000,0,user_48,870,879,
15902,6,43000000,0,user_45,862,879,
15679,9,43000000,0,user_47,861,879,
16896,8,43000000,0,user_29,868,879,
17648,5,43000000,0,user_44,872,879,
16613,11,30000000,769000,user_45,866,879,
17715,8,29999999,0,builder_15,872,872,16613
17427,17,30000001,0,user_2,871,879,16613
17428,18,30000001,0,user_2,871,879,16613
17429,19,30000001,0,user_2,871,879,16613
17438,22,30000001,0,user_13,871,879,16613
17444,23,30000001,0,user_17,871,879,16613
17434,24,30000001,0,user_7,871,879,16613
17261,32,30000001,0,user_11,870,879,16613
17440,27,30000001,0,user_15,871,879,16613
17448,25,30000001,0,user_21,871,879,16613
17452,26,30000001,0,user_25,871,879,16613
17435,20,30000001,0,user_11,871,879,16613
17436,21,30000001,0,user_11,871,879,16613
17268,50,30000001,0,user_13,870,879,16613
17269,51,30000001,0,user_13,870,879,16613
17271,52,30000001,0,user_13,870,879,16613
17056,45,30000001,0,user_18,869,879,16613
17059,46,30000001,0,user_18,869,879,16613
17060,47,30000001,0,user_18,869,879,16613
17061,15,30000001,0,user_19,869,879,16613
17053,43,30000001,0,user_15,869,879,16613
17070,49,30000001,0,user_26,869,879,16613
17240,14,30000001,0,user_1,870,879,16613
17241,34,30000001,0,user_2,870,879,16613
17242,35,30000001,0,user_2,870,879,16613
17247,29,30000001,0,user_4,870,879,16613
17275,33,30000001,0,user_18,870,879,16613
17054,44,30000001,0,user_17,869,879,16613
17239,28,30000001,0,user_0,870,879,16613
17262,30,30000001,0,user_12,870,879,16613
17265,31,30000001,0,user_12,870,879,16613
17276,53,30000001,0,user_19,870,879,16613
17277,54,30000001,0,user_19,870,879,16613
17244,36,30000001,0,user_3,870,879,16613
17245,37,30000001,0,user_3,870,879,16613
17283,38,30000001,0,user_26,870,879,16613
17256,40,30000001,0,user_9,870,879,16613
17062,42,30000001,0,user_20,869,879,16613
17278,39,30000001,0,user_20,870,879,16613
17069,48,30000001,0,user_25,869,879,16613
17064,16,30000001,0,user_21,869,879,16613
16719,41,30000001,0,user_0,867,879,16613
16292,58,30000000,0,user_42,864,879,
16468,59,30000000,0,user_43,865,879,
16603,60,30000000,0,user_31,866,879,
17431,65,29999999,0,user_3,871,879,16613
17442,66,29999999,0,user_16,871,879,16613
17443,67,29999999,0,user_16,871,879,16613
17426,63,29999999,0,user_0,871,879,16613
17445,80,29999999,0,user_19,871,879,16613
17446,69,29999999,0,user_20,871,879,16613
17449,64,29999999,0,user_22,871,879,16613
17267,83,29999999,0,user_13,870,879,16613
17270,84,29999999,0,user_13,870,879,16613
17607,85,29999999,0,user_8,872,879,16613
17066,82,29999999,0,user_23,869,879,16613
17273,71,29999999,0,user_16,870,879,16613
17274,72,29999999,0,user_16,870,879,16613
17253,61,29999999,0,user_7,870,879,16613
17055,81,29999999,0,user_17,869,879,16613
17258,78,29999999,0,user_10,870,879,16613
17259,79,29999999,0,user_10,870,879,16613
17249,68,29999999,0,user_5,870,879,16613
17266,70,29999999,0,user_12,870,879,16613
17255,73,29999999,0,user_8,870,879,16613
17280,74,29999999,0,user_23,870,879,16613
17272,77,29999999,0,user_15,870,879,16613
17279,75,29999999,0,user_22,870,879,16613
17282,76,29999999,0,user_26,870,879,16613
17063,62,29999999,0,user_21,869,879,16613
16873,86,29999999,0,user_7,868,879,16613
16874,87,29999999,0,user_8,868,879,16613
17050,88,29999999,0,user_13,869,879,16613
16902,90,27000000,779000,user_36,868,879,
17716,82,26999999,0,builder_15,872,872,16902
17612,94,27000001,0,user_13,872,879,16902
17601,95,27000001,0,user_1,872,879,16902
17602,96,27000001,0,user_1,872,879,16902
17615,98,27000001,0,user_21,872,879,16902
17623,97,27000001,0,user_25,872,877,16902
17051,91,27000001,0,user_14,869,879,16902
17610,93,27000001,0,user_10,872,879,16902
17609,97,27000001,0,user_9,872,878,16902
17614,97,27000001,0,user_15,872,879,16902
17618,99,27000001,0,user_22,872,879,16902
17624,98,27000001,0,user_26,872,877,16902
16112,94,27000000,0,user_46,863,872,
17430,95,26999999,0,user_2,871,872,16902
17447,96,26999999,0,user_20,871,872,16902
17441,97,26999999,0,user_15,871,872,16902
17611,98,26999999,0,user_11,872,872,16902
17606,99,26999999,0,user_7,872,872,16902
17076,0,43000000,545000,user_38,869,879,
17829,1,42999999,0,builder_15,873,873,17076
17648,5,43000000,0,user_44,872,879,
17652,7,43000000,0,user_49,872,879,
17300,4,43000000,0,user_48,870,879,
15902,6,43000000,0,user_45,862,879,
15679,9,43000000,0,user_47,861,879,
16896,8,43000000,0,user_29,868,879,
17830,8,30000001,0,builder_15,873,873,16613
16613,11,30000000,769000,user_45,866,879,
17427,17,30000001,0,user_2,871,879,16613
17428,18,30000001,0,user_2,871,879,16613
17429,19,30000001,0,user_2,871,879,16613
17434,24,30000001,0,user_7,871,879,16613
17435,20,30000001,0,user_11,871,879,16613
17436,21,30000001,0,user_11,871,879,16613
17448,25,30000001,0,user_21,871,879,16613
17438,22,30000001,0,user_13,871,879,16613
17444,23,30000001,0,user_17,871,879,16613
17262,30,30000001,0,user_12,870,879,16613
17265,31,30000001,0,user_12,870,879,16613
17440,27,30000001,0,user_15,871,879,16613
17452,26,30000001,0,user_25,871,879,16613
17061,15,30000001,0,user_19,869,879,16613
17240,14,30000001,0,user_1,870,879,16613
17241,34,30000001,0,user_2,870,879,16613
17242,35,30000001,0,user_2,870,879,16613
17244,36,30000001,0,user_3,870,879,16613
17245,37,30000001,0,user_3,870,879,16613
17275,33,30000001,0,user_18,870,879,16613
17247,29,30000001,0,user_4,870,879,16613
17278,39,30000001,0,user_20,870,879,16613
17283,38,30000001,0,user_26,870,879,16613
17256,40,30000001,0,user_9,870,879,16613
17276,53,30000001,0,user_19,870,879,16613
17277,54,30000001,0,user_19,870,879,16613
17064,16,30000001,0,user_21,869,879,16613
16719,41,30000001,0,user_0,867,879,16613
17053,43,30000001,0,user_15,869,879,16613
17054,44,30000001,0,user_17,869,879,16613
17056,45,30000001,0,user_18,869,879,16613
17059,46,30000001,0,user_18,869,879,16613
17060,47,30000001,0,user_18,869,879,16613
17069,48,30000001,0,user_25,869,879,16613
17070,49,30000001,0,user_26,869,879,16613
17062,42,30000001,0,user_20,869,879,16613
17239,28,30000001,0,user_0,870,879,16613
17261,32,30000001,0,user_11,870,879,16613
17268,50,30000001,0,user_13,870,879,16613
17269,51,30000001,0,user_13,870,879,16613
17271,52,30000001,0,user_13,870,879,16613
16468,59,30000000,0,user_43,865,879,
16292,58,30000000,0,user_42,864,879,
16603,60,30000000,0,user_31,866,879,
17445,80,29999999,0,user_19,871,879,16613
17431,65,29999999,0,user_3,871,879,16613
17442,66,29999999,0,user_16,871,879,16613
17443,67,29999999,0,user_16,871,879,16613
17266,70,29999999,0,user_12,870,879,16613
17449,64,29999999,0,user_22,871,879,16613
17446,69,29999999,0,user_20,871,879,16613
17607,85,29999999,0,user_8,872,879,16613
17426,63,29999999,0,user_0,871,879,16613
17273,71,29999999,0,user_16,870,879,16613
17274,72,29999999,0,user_16,870,879,16613
17280,74,29999999,0,user_23,870,879,16613
17272,77,29999999,0,user_15,870,879,16613
17253,61,29999999,0,user_7,870,879,16613
17258,78,29999999,0,user_10,870,879,16613
17259,79,29999999,0,user_10,870,879,16613
17249,68,29999999,0,user_5,870,879,16613
17255,73,29999999,0,user_8,870,879,16613
17279,75,29999999,0,user_22,870,879,16613
17282,76,29999999,0,user_26,870,879,16613
17063,62,29999999,0,user_21,869,879,16613
17055,81,29999999,0,user_17,869,879,16613
17066,82,29999999,0,user_23,869,879,16613
16873,86,29999999,0,user_7,868,879,16613
16874,87,29999999,0,user_8,868,879,16613
17050,88,29999999,0,user_13,869,879,16613
17267,83,29999999,0,user_13,870,879,16613
17270,84,29999999,0,user_13,870,879,16613
17831,82,27000001,0,builder_15,873,873,16902
16902,90,27000000,779000,user_36,868,879,
17601,95,27000001,0,user_1,872,879,16902
17602,96,27000001,0,user_1,872,879,16902
17615,98,27000001,0,user_21,872,879,16902
17610,93,27000001,0,user_10,872,879,16902
17614,97,27000001,0,user_15,872,879,16902
17618,99,27000001,0,user_22,872,879,16902
17623,97,27000001,0,user_25,872,877,16902
17624,98,27000001,0,user_26,872,877,16902
17609,97,27000001,0,user_9,872,878,16902
17740,90,27000001,0,user_12,873,878,16902
17728,95,27000001,0,user_2,873,875,16902
17741,87,27000001,0,user_13,873,876,16902
17731,97,27000001,0,user_3,873,875,16902
17732,98,27000001,0,user_3,873,875,16902
17743,99,27000001,0,user_14,873,875,16902
17751,88,27000001,0,user_25,873,877,16902
17937,0,43000001,0,builder_15,874,874,17076
17076,0,43000000,545000,user_38,869,879,
17648,5,43000000,0,user_44,872,879,
17652,7,43000000,0,user_49,872,879,
17300,4,43000000,0,user_48,870,879,
15902,6,43000000,0,user_45,862,879,
16896,8,43000000,0,user_29,868,879,
15679,9,43000000,0,user_47,861,879,
17938,8,30000001,0,builder_15,874,874,16613
16613,11,30000000,769000,user_45,866,879,
17435,20,30000001,0,user_11,871,879,16613
17436,21,30000001,0,user_11,871,879,16613
17247,29,30000001,0,user_4,870,879,16613
17056,45,30000001,0,user_18,869,879,16613
17059,46,30000001,0,user_18,869,879,16613
17060,47,30000001,0,user_18,869,879,16613
17239,28,30000001,0,user_0,870,879,16613
17241,34,30000001,0,user_2,870,879,16613
17242,35,30000001,0,user_2,870,879,16613
17244,36,30000001,0,user_3,870,879,16613
17245,37,30000001,0,user_3,870,879,16613
17256,40,30000001,0,user_9,870,879,16613
17261,32,30000001,0,user_11,870,879,16613
17262,30,30000001,0,user_12,870,879,16613
17265,31,30000001,0,user_12,870,879,16613
17278,39,30000001,0,user_20,870,879,16613
17434,24,30000001,0,user_7,871,879,16613
17427,17,30000001,0,user_2,871,879,16613
17428,18,30000001,0,user_2,871,879,16613
17429,19,30000001,0,user_2,871,879,16613
17438,22,30000001,0,user_13,871,879,16613
17444,23,30000001,0,user_17,871,879,16613
17275,33,30000001,0,user_18,870,879,16613
17440,27,30000001,0,user_15,871,879,16613
17448,25,30000001,0,user_21,871,879,16613
17452,26,30000001,0,user_25,871,879,16613
17061,15,30000001,0,user_19,869,879,16613
17064,16,30000001,0,user_21,869,879,16613
17240,14,30000001,0,user_1,870,879,16613
17276,53,30000001,0,user_19,870,879,16613
17277,54,30000001,0,user_19,870,879,16613
17283,38,30000001,0,user_26,870,879,16613
16719,41,30000001,0,user_0,867,879,16613
17069,48,30000001,0,user_25,869,879,16613
17070,49,30000001,0,user_26,869,879,16613
17054,44,30000001,0,user_17,869,879,16613
17053,43,30000001,0,user_15,869,879,16613
17062,42,30000001,0,user_20,869,879,16613
17268,50,30000001,0,user_13,870,879,16613
17269,51,30000001,0,user_13,870,879,16613
17271,52,30000001,0,user_13,870,879,16613
16292,58,30000000,0,user_42,864,879,
16468,59,30000000,0,user_43,865,879,
16603,60,30000000,0,user_31,866,879,
17607,85,29999999,0,user_8,872,879,16613
17249,68,29999999,0,user_5,870,879,16613
17255,73,29999999,0,user_8,870,879,16613
17280,74,29999999,0,user_23,870,879,16613
17272,77,29999999,0,user_15,870,879,16613
17258,78,29999999,0,user_10,870,879,16613
17259,79,29999999,0,user_10,870,879,16613
17266,70,29999999,0,user_12,870,879,16613
17273,71,29999999,0,user_16,870,879,16613
17274,72,29999999,0,user_16,870,879,16613
17431,65,29999999,0,user_3,871,879,16613
17442,66,29999999,0,user_16,871,879,16613
17443,67,29999999,0,user_16,871,879,16613
17426,63,29999999,0,user_0,871,879,16613
17446,69,29999999,0,user_20,871,879,16613
17445,80,29999999,0,user_19,871,879,16613
17449,64,29999999,0,user_22,871,879,16613
17063,62,29999999,0,user_21,869,879,16613
17253,61,29999999,0,user_7,870,879,16613
17279,75,29999999,0,user_22,870,879,16613
17282,76,29999999,0,user_26,870,879,16613
17055,81,29999999,0,user_17,869,879,16613
17066,82,29999999,0,user_23,869,879,16613
16874,87,29999999,0,user_8,868,879,16613
16873,86,29999999,0,user_7,868,879,16613
17050,88,29999999,0,user_13,869,879,16613
17267,83,29999999,0,user_13,870,879,16613
17270,84,29999999,0,user_13,870,879,16613
17939,82,27000001,0,builder_15,874,874,16902
16902,90,27000000,779000,user_36,868,879,
17601,95,27000001,0,user_1,872,879,16902
17602,96,27000001,0,user_1,872,879,16902
17610,93,27000001,0,user_10,872,879,16902
17614,97,27000001,0,user_15,872,879,16902
17615,98,27000001,0,user_21,872,879,16902
17618,99,27000001,0,user_22,872,879,16902
17623,97,27000001,0,user_25,872,877,16902
17624,98,27000001,0,user_26,872,877,16902
17728,95,27000001,0,user_2,873,875,16902
17731,97,27000001,0,user_3,873,875,16902
17732,98,27000001,0,user_3,873,875,16902
17743,99,27000001,0,user_14,873,875,16902
17741,87,27000001,0,user_13,873,876,16902
17740,90,27000001,0,user_12,873,878,16902
17739,92,27000001,0,user_9,873,879,16902
17612,94,27000001,0,user_13,872,879,16902
17076,0,43000000,545000,user_38,869,879,
18053,1,42999999,0,builder_15,875,875,17076
17996,3,43000000,0,user_47,875,879,
17300,4,43000000,0,user_48,870,879,
17648,5,43000000,0,user_44,872,879,
17652,7,43000000,0,user_49,872,879,
15902,6,43000000,0,user_45,862,879,
16896,8,43000000,0,user_29,868,879,
15679,9,43000000,0,user_47,861,879,
18054,9,30000001,0,builder_15,875,875,16613
16613,11,30000000,769000,user_45,866,879,
17247,29,30000001,0,user_4,870,879,16613
17056,45,30000001,0,user_18,869,879,16613
17059,46,30000001,0,user_18,869,879,16613
17060,47,30000001,0,user_18,869,879,16613
17239,28,30000001,0,user_0,870,879,16613
17241,34,30000001,0,user_2,870,879,16613
17242,35,30000001,0,user_2,870,879,16613
17244,36,30000001,0,user_3,870,879,16613
17245,37,30000001,0,user_3,870,879,16613
17256,40,30000001,0,user_9,870,879,16613
17261,32,30000001,0,user_11,870,879,16613
17262,30,30000001,0,user_12,870,879,16613
17265,31,30000001,0,user_12,870,879,16613
17268,50,30000001,0,user_13,870,879,16613
17269,51,30000001,0,user_13,870,879,16613
17271,52,30000001,0,user_13,870,879,16613
17276,53,30000001,0,user_19,870,879,16613
17277,54,30000001,0,user_19,870,879,16613
17283,38,30000001,0,user_26,870,879,16613
17434,24,30000001,0,user_7,871,879,16613
17435,20,30000001,0,user_11,871,879,16613
17436,21,30000001,0,user_11,871,879,16613
17427,17,30000001,0,user_2,871,879,16613
17428,18,30000001,0,user_2,871,879,16613
17429,19,30000001,0,user_2,871,879,16613
17438,22,30000001,0,user_13,871,879,16613
17444,23,30000001,0,user_17,871,879,16613
17275,33,30000001,0,user_18,870,879,16613
17440,27,30000001,0,user_15,871,879,16613
17278,39,30000001,0,user_20,870,879,16613
17448,25,30000001,0,user_21,871,879,16613
17452,26,30000001,0,user_25,871,879,16613
17240,14,30000001,0,user_1,870,879,16613
17061,15,30000001,0,user_19,869,879,16613
17064,16,30000001,0,user_21,869,879,16613
16719,41,30000001,0,user_0,867,879,16613
17062,42,30000001,0,user_20,869,879,16613
17053,43,30000001,0,user_15,869,879,16613
17054,44,30000001,0,user_17,869,879,16613
17069,48,30000001,0,user_25,869,879,16613
17070,49,30000001,0,user_26,869,879,16613
16292,58,30000000,0,user_42,864,879,
16468,59,30000000,0,user_43,865,879,
16603,60,30000000,0,user_31,866,879,
17249,68,29999999,0,user_5,870,879,16613
17255,73,29999999,0,user_8,870,879,16613
17280,74,29999999,0,user_23,870,879,16613
17272,77,29999999,0,user_15,870,879,16613
17258,78,29999999,0,user_10,870,879,16613
17259,79,29999999,0,user_10,870,879,16613
17266,70,29999999,0,user_12,870,879,16613
17273,71,29999999,0,user_16,870,879,16613
17274,72,29999999,0,user_16,870,879,16613
17267,83,29999999,0,user_13,870,879,16613
17270,84,29999999,0,user_13,870,879,16613
17279,75,29999999,0,user_22,870,879,16613
17282,76,29999999,0,user_26,870,879,16613
17431,65,29999999,0,user_3,871,879,16613
17442,66,29999999,0,user_16,871,879,16613
17443,67,29999999,0,user_16,871,879,16613
17426,63,29999999,0,user_0,871,879,16613
17445,80,29999999,0,user_19,871,879,16613
17449,64,29999999,0,user_22,871,879,16613
17607,85,29999999,0,user_8,872,879,16613
17446,69,29999999,0,user_20,871,879,16613
17253,61,29999999,0,user_7,870,879,16613
17063,62,29999999,0,user_21,869,879,16613
17055,81,29999999,0,user_17,869,879,16613
17066,82,29999999,0,user_23,869,879,16613
16873,86,29999999,0,user_7,868,879,16613
16874,87,29999999,0,user_8,868,879,16613
17050,88,29999999,0,user_13,869,879,16613
18055,83,27000001,0,builder_15,875,875,16902
16902,90,27000000,779000,user_36,868,879,
17740,90,27000001,0,user_12,873,878,16902
17739,92,27000001,0,user_9,873,879,16902
17601,95,27000001,0,user_1,872,879,16902
17602,96,27000001,0,user_1,872,879,16902
17609,97,27000001,0,user_9,872,878,16902
17614,97,27000001,0,user_15,872,879,16902
17610,93,27000001,0,user_10,872,879,16902
17612,94,27000001,0,user_13,872,879,16902
17618,99,27000001,0,user_22,872,879,16902
17624,98,27000001,0,user_26,872,877,16902
17728,95,27000001,0,user_2,873,875,16902
17741,87,27000001,0,user_13,873,876,16902
17731,97,27000001,0,user_3,873,875,16902
17732,98,27000001,0,user_3,873,875,16902
17743,99,27000001,0,user_14,873,875,16902
17076,0,43000000,545000,user_38,869,879,
18170,1,42999999,0,builder_15,876,876,17076
17996,3,43000000,0,user_47,875,879,
18097,2,43000000,0,user_30,876,879,
15902,6,43000000,0,user_45,862,879,
17300,4,43000000,0,user_48,870,879,
17648,5,43000000,0,user_44,872,879,
17652,7,43000000,0,user_49,872,879,
15679,9,43000000,0,user_47,861,879,
16896,8,43000000,0,user_29,868,879,
16613,11,30000000,769000,user_45,866,879,
18171,11,29999999,0,builder_15,876,876,16613
17240,14,30000001,0,user_1,870,879,16613
17064,16,30000001,0,user_21,869,879,16613
17061,15,30000001,0,user_19,869,879,16613
16719,41,30000001,0,user_0,867,879,16613
17062,42,30000001,0,user_20,869,879,16613
17053,43,30000001,0,user_15,869,879,16613
17069,48,30000001,0,user_25,869,879,16613
17070,49,30000001,0,user_26,869,879,16613
17054,44,30000001,0,user_17,869,879,16613
17056,45,30000001,0,user_18,869,879,16613
17059,46,30000001,0,user_18,869,879,16613
17060,47,30000001,0,user_18,869,879,16613
17247,29,30000001,0,user_4,870,879,16613
17241,34,30000001,0,user_2,870,879,16613
17242,35,30000001,0,user_2,870,879,16613
17244,36,30000001,0,user_3,870,879,16613
17245,37,30000001,0,user_3,870,879,16613
17239,28,30000001,0,user_0,870,879,16613
17262,30,30000001,0,user_12,870,879,16613
17265,31,30000001,0,user_12,870,879,16613
17278,39,30000001,0,user_20,870,879,16613
17256,40,30000001,0,user_9,870,879,16613
17275,33,30000001,0,user_18,870,879,16613
17261,32,30000001,0,user_11,870,879,16613
17268,50,30000001,0,user_13,870,879,16613
17269,51,30000001,0,user_13,870,879,16613
17271,52,30000001,0,user_13,870,879,16613
17276,53,30000001,0,user_19,870,879,16613
17277,54,30000001,0,user_19,870,879,16613
17283,38,30000001,0,user_26,870,879,16613
17427,17,30000001,0,user_2,871,879,16613
17428,18,30000001,0,user_2,871,879,16613
17429,19,30000001,0,user_2,871,879,16613
17435,20,30000001,0,user_11,871,879,16613
17436,21,30000001,0,user_11,871,879,16613
17434,24,30000001,0,user_7,871,879,16613
17448,25,30000001,0,user_21,871,879,16613
17452,26,30000001,0,user_25,871,879,16613
17438,22,30000001,0,user_13,871,879,16613
17444,23,30000001,0,user_17,871,879,16613
17440,27,30000001,0,user_15,871,879,16613
17972,57,30000000,0,user_29,875,879,
16603,60,30000000,0,user_31,866,879,
16292,58,30000000,0,user_42,864,879,
16468,59,30000000,0,user_43,865,879,
17253,61,29999999,0,user_7,870,879,16613
17063,62,29999999,0,user_21,869,879,16613
17055,81,29999999,0,user_17,869,879,16613
17066,82,29999999,0,user_23,869,879,16613
17258,78,29999999,0,user_10,870,879,16613
17259,79,29999999,0,user_10,870,879,16613
17249,68,29999999,0,user_5,870,879,16613
17266,70,29999999,0,user_12,870,879,16613
17272,77,29999999,0,user_15,870,879,16613
17273,71,29999999,0,user_16,870,879,16613
17274,72,29999999,0,user_16,870,879,16613
17255,73,29999999,0,user_8,870,879,16613
17280,74,29999999,0,user_23,870,879,16613
17267,83,29999999,0,user_13,870,879,16613
17270,84,29999999,0,user_13,870,879,16613
17279,75,29999999,0,user_22,870,879,16613
17282,76,29999999,0,user_26,870,879,16613
17431,65,29999999,0,user_3,871,879,16613
17449,64,29999999,0,user_22,871,879,16613
17442,66,29999999,0,user_16,871,879,16613
17443,67,29999999,0,user_16,871,879,16613
17426,63,29999999,0,user_0,871,879,16613
17445,80,29999999,0,user_19,871,879,16613
17446,69,29999999,0,user_20,871,879,16613
17607,85,29999999,0,user_8,872,879,16613
17050,88,29999999,0,user_13,869,879,16613
16873,86,29999999,0,user_7,868,879,16613
16874,87,29999999,0,user_8,868,879,16613
18172,85,27000001,0,builder_15,876,876,16902
16902,90,27000000,779000,user_36,868,879,
17741,87,27000001,0,user_13,873,876,16902
17739,92,27000001,0,user_9,873,879,16902
17740,90,27000001,0,user_12,873,878,16902
17051,91,27000001,0,user_14,869,879,16902
17601,95,27000001,0,user_1,872,879,16902
17602,96,27000001,0,user_1,872,879,16902
17609,97,27000001,0,user_9,872,878,16902
17614,97,27000001,0,user_15,872,879,16902
17610,93,27000001,0,user_10,872,879,16902
17618,99,27000001,0,user_22,872,879,16902
17623,97,27000001,0,user_25,872,877,16902
17624,98,27000001,0,user_26,872,877,16902
17612,94,27000001,0,user_13,872,879,16902
18281,0,43000001,0,builder_15,877,877,17076
17076,0,43000000,545000,user_38,869,879,
18097,2,43000000,0,user_30,876,879,
17996,3,43000000,0,user_47,875,879,
15902,6,43000000,0,user_45,862,879,
17300,4,43000000,0,user_48,870,879,
17648,5,43000000,0,user_44,872,879,
17652,7,43000000,0,user_49,872,879,
15679,9,43000000,0,user_47,861,879,
16896,8,43000000,0,user_29,868,879,
16613,11,30000000,769000,user_45,866,879,
18282,11,29999999,0,builder_15,877,877,16613
17061,15,30000001,0,user_19,869,879,16613
17064,16,30000001,0,user_21,869,879,16613
17240,14,30000001,0,user_1,870,879,16613
17062,42,30000001,0,user_20,869,879,16613
17053,43,30000001,0,user_15,869,879,16613
17069,48,30000001,0,user_25,869,879,16613
17070,49,30000001,0,user_26,869,879,16613
17054,44,30000001,0,user_17,869,879,16613
17056,45,30000001,0,user_18,869,879,16613
17059,46,30000001,0,user_18,869,879,16613
17060,47,30000001,0,user_18,869,879,16613
17241,34,30000001,0,user_2,870,879,16613
17242,35,30000001,0,user_2,870,879,16613
17247,29,30000001,0,user_4,870,879,16613
17268,50,30000001,0,user_13,870,879,16613
17269,51,30000001,0,user_13,870,879,16613
17271,52,30000001,0,user_13,870,879,16613
17261,32,30000001,0,user_11,870,879,16613
17239,28,30000001,0,user_0,870,879,16613
17262,30,30000001,0,user_12,870,879,16613
17265,31,30000001,0,user_12,870,879,16613
17276,53,30000001,0,user_19,870,879,16613
17277,54,30000001,0,user_19,870,879,16613
17278,39,30000001,0,user_20,870,879,16613
16719,41,30000001,0,user_0,867,879,16613
17244,36,30000001,0,user_3,870,879,16613
17245,37,30000001,0,user_3,870,879,16613
17283,38,30000001,0,user_26,870,879,16613
17275,33,30000001,0,user_18,870,879,16613
17256,40,30000001,0,user_9,870,879,16613
17427,17,30000001,0,user_2,871,879,16613
17428,18,30000001,0,user_2,871,879,16613
17429,19,30000001,0,user_2,871,879,16613
17435,20,30000001,0,user_11,871,879,16613
17436,21,30000001,0,user_11,871,879,16613
17434,24,30000001,0,user_7,871,879,16613
17448,25,30000001,0,user_21,871,879,16613
17440,27,30000001,0,user_15,871,879,16613
17438,22,30000001,0,user_13,871,879,16613
17444,23,30000001,0,user_17,871,879,16613
17452,26,30000001,0,user_25,871,879,16613
18220,56,30000000,0,user_39,877,879,
17972,57,30000000,0,user_29,875,879,
16468,59,30000000,0,user_43,865,879,
16292,58,30000000,0,user_42,864,879,
16603,60,30000000,0,user_31,866,879,
17063,62,29999999,0,user_21,869,879,16613
17253,61,29999999,0,user_7,870,879,16613
17055,81,29999999,0,user_17,869,879,16613
17066,82,29999999,0,user_23,869,879,16613
17249,68,29999999,0,user_5,870,879,16613
17258,78,29999999,0,user_10,870,879,16613
17259,79,29999999,0,user_10,870,879,16613
17267,83,29999999,0,user_13,870,879,16613
17270,84,29999999,0,user_13,870,879,16613
17266,70,29999999,0,user_12,870,879,16613
17255,73,29999999,0,user_8,870,879,16613
17272,77,29999999,0,user_15,870,879,16613
17279,75,29999999,0,user_22,870,879,16613
17273,71,29999999,0,user_16,870,879,16613
17274,72,29999999,0,user_16,870,879,16613
17282,76,29999999,0,user_26,870,879,16613
17280,74,29999999,0,user_23,870,879,16613
17431,65,29999999,0,user_3,871,879,16613
17426,63,29999999,0,user_0,871,879,16613
17446,69,29999999,0,user_20,871,879,16613
17442,66,29999999,0,user_16,871,879,16613
17443,67,29999999,0,user_16,871,879,16613
17445,80,29999999,0,user_19,871,879,16613
17607,85,29999999,0,user_8,872,879,16613
17449,64,29999999,0,user_22,871,879,16613
16873,86,29999999,0,user_7,868,879,16613
16874,87,29999999,0,user_8,868,879,16613
17050,88,29999999,0,user_13,869,879,16613
16902,90,27000000,779000,user_36,868,879,
18283,87,26999999,0,builder_15,877,877,16902
17751,88,27000001,0,user_25,873,877,16902
17051,91,27000001,0,user_14,869,879,16902
17740,90,27000001,0,user_12,873,878,16902
17739,92,27000001,0,user_9,873,879,16902
17601,95,27000001,0,user_1,872,879,16902
17602,96,27000001,0,user_1,872,879,16902
17609,97,27000001,0,user_9,872,878,16902
17618,99,27000001,0,user_22,872,879,16902
17615,98,27000001,0,user_21,872,879,16902
17623,97,27000001,0,user_25,872,877,16902
17624,98,27000001,0,user_26,872,877,16902
17610,93,27000001,0,user_10,872,879,16902
17076,0,43000000,545000,user_38,869,879,
18404,1,42999999,0,builder_15,878,878,17076
18097,2,43000000,0,user_30,876,879,
17996,3,43000000,0,user_47,875,879,
17300,4,43000000,0,user_48,870,879,
15902,6,43000000,0,user_45,862,879,
17648,5,43000000,0,user_44,872,879,
17652,7,43000000,0,user_49,872,879,
16896,8,43000000,0,user_29,868,879,
15679,9,43000000,0,user_47,861,879,
18405,10,30000001,0,builder_15,878,878,16613
16613,11,30000000,769000,user_45,866,879,
18406,12,30000001,0,builder_15,878,878,18340
18340,12,30000000,322000,user_44,878,879,
17061,15,30000001,0,user_19,869,879,16613
17064,16,30000001,0,user_21,869,879,16613
17240,14,30000001,0,user_1,870,879,16613
17244,36,30000001,0,user_3,870,879,16613
17245,37,30000001,0,user_3,870,879,16613
17247,29,30000001,0,user_4,870,879,16613
17268,50,30000001,0,user_13,870,879,16613
17269,51,30000001,0,user_13,870,879,16613
17271,52,30000001,0,user_13,870,879,16613
17261,32,30000001,0,user_11,870,879,16613
17239,28,30000001,0,user_0,870,879,16613
17262,30,30000001,0,user_12,870,879,16613
17265,31,30000001,0,user_12,870,879,16613
17276,53,30000001,0,user_19,870,879,16613
17277,54,30000001,0,user_19,870,879,16613
17278,39,30000001,0,user_20,870,879,16613
17283,38,30000001,0,user_26,870,879,16613
17275,33,30000001,0,user_18,870,879,16613
17427,17,30000001,0,user_2,871,879,16613
17428,18,30000001,0,user_2,871,879,16613
17429,19,30000001,0,user_2,871,879,16613
17241,34,30000001,0,user_2,870,879,16613
17242,35,30000001,0,user_2,870,879,16613
17256,40,30000001,0,user_9,870,879,16613
17438,22,30000001,0,user_13,871,879,16613
17434,24,30000001,0,user_7,871,879,16613
17435,20,30000001,0,user_11,871,879,16613
17436,21,30000001,0,user_11,871,879,16613
17062,42,30000001,0,user_20,869,879,16613
16719,41,30000001,0,user_0,867,879,16613
17069,48,30000001,0,user_25,869,879,16613
17070,49,30000001,0,user_26,869,879,16613
17054,44,30000001,0,user_17,869,879,16613
17056,45,30000001,0,user_18,869,879,16613
17059,46,30000001,0,user_18,869,879,16613
17060,47,30000001,0,user_18,869,879,16613
17053,43,30000001,0,user_15,869,879,16613
17440,27,30000001,0,user_15,871,879,16613
17448,25,30000001,0,user_21,871,879,16613
17452,26,30000001,0,user_25,871,879,16613
17444,23,30000001,0,user_17,871,879,16613
17972,57,30000000,0,user_29,875,879,
18336,55,30000000,0,user_40,878,879,
16292,58,30000000,0,user_42,864,879,
16468,59,30000000,0,user_43,865,879,
16603,60,30000000,0,user_31,866,879,
17063,62,29999999,0,user_21,869,879,16613
17253,61,29999999,0,user_7,870,879,16613
17267,83,29999999,0,user_13,870,879,16613
17270,84,29999999,0,user_13,870,879,16613
17249,68,29999999,0,user_5,870,879,16613
17266,70,29999999,0,user_12,870,879,16613
17255,73,29999999,0,user_8,870,879,16613
17272,77,29999999,0,user_15,870,879,16613
17279,75,29999999,0,user_22,870,879,16613
17273,71,29999999,0,user_16,870,879,16613
17274,72,29999999,0,user_16,870,879,16613
17282,76,29999999,0,user_26,870,879,16613
17258,78,29999999,0,user_10,870,879,16613
17259,79,29999999,0,user_10,870,879,16613
17280,74,29999999,0,user_23,870,879,16613
17426,63,29999999,0,user_0,871,879,16613
17445,80,29999999,0,user_19,871,879,16613
17446,69,29999999,0,user_20,871,879,16613
17055,81,29999999,0,user_17,869,879,16613
17066,82,29999999,0,user_23,869,879,16613
17431,65,29999999,0,user_3,871,879,16613
17442,66,29999999,0,user_16,871,879,16613
17443,67,29999999,0,user_16,871,879,16613
17449,64,29999999,0,user_22,871,879,16613
17607,85,29999999,0,user_8,872,879,16613
16874,87,29999999,0,user_8,868,879,16613
16873,86,29999999,0,user_7,868,879,16613
17050,88,29999999,0,user_13,869,879,16613
18407,88,27000001,0,builder_15,878,878,16902
16902,90,27000000,779000,user_36,868,879,
17740,90,27000001,0,user_12,873,878,16902
17739,92,27000001,0,user_9,873,879,16902
17051,91,27000001,0,user_14,869,879,16902
17601,95,27000001,0,user_1,872,879,16902
17602,96,27000001,0,user_1,872,879,16902
17610,93,27000001,0,user_10,872,879,16902
17615,98,27000001,0,user_21,872,879,16902
17609,97,27000001,0,user_9,872,878,16902
17614,97,27000001,0,user_15,872,879,16902
17612,94,27000001,0,user_13,872,879,16902
17076,0,43000000,545000,user_38,869,879,
18535,1,42999999,0,builder_15,879,879,17076
18097,2,43000000,0,user_30,876,879,
17996,3,43000000,0,user_47,875,879,
17300,4,43000000,0,user_48,870,879,
17648,5,43000000,0,user_44,872,879,
15902,6,43000000,0,user_45,862,879,
17652,7,43000000,0,user_49,872,879,
16896,8,43000000,0,user_29,868,879,
15679,9,43000000,0,user_47,861,879,
18536,10,30000001,0,builder_15,879,879,16613
16613,11,30000000,769000,user_45,866,879,
18340,12,30000000,322000,user_44,878,879,
18537,13,29999999,0,builder_15,879,879,18340
17240,14,30000001,0,user_1,870,879,16613
17061,15,30000001,0,user_19,869,879,16613
17064,16,30000001,0,user_21,869,879,16613
17427,17,30000001,0,user_2,871,879,16613
17428,18,30000001,0,user_2,871,879,16613
17429,19,30000001,0,user_2,871,879,16613
17435,20,30000001,0,user_11,871,879,16613
17436,21,30000001,0,user_11,871,879,16613
17438,22,30000001,0,user_13,871,879,16613
17444,23,30000001,0,user_17,871,879,16613
17434,24,30000001,0,user_7,871,879,16613
17448,25,30000001,0,user_21,871,879,16613
17452,26,30000001,0,user_25,871,879,16613
17440,27,30000001,0,user_15,871,879,16613
17239,28,30000001,0,user_0,870,879,16613
17247,29,30000001,0,user_4,870,879,16613
17262,30,30000001,0,user_12,870,879,16613
17265,31,30000001,0,user_12,870,879,16613
17261,32,30000001,0,user_11,870,879,16613
17275,33,30000001,0,user_18,870,879,16613
17241,34,30000001,0,user_2,870,879,16613
17242,35,30000001,0,user_2,870,879,16613
17244,36,30000001,0,user_3,870,879,16613
17245,37,30000001,0,user_3,870,879,16613
17283,38,30000001,0,user_26,870,879,16613
17278,39,30000001,0,user_20,870,879,16613
17256,40,30000001,0,user_9,870,879,16613
16719,41,30000001,0,user_0,867,879,16613
17062,42,30000001,0,user_20,869,879,16613
17053,43,30000001,0,user_15,869,879,16613
17054,44,30000001,0,user_17,869,879,16613
17056,45,30000001,0,user_18,869,879,16613
17059,46,30000001,0,user_18,869,879,16613
17060,47,30000001,0,user_18,869,879,16613
17069,48,30000001,0,user_25,869,879,16613
17070,49,30000001,0,user_26,869,879,16613
17268,50,30000001,0,user_13,870,879,16613
17269,51,30000001,0,user_13,870,879,16613
17271,52,30000001,0,user_13,870,879,16613
17276,53,30000001,0,user_19,870,879,16613
17277,54,30000001,0,user_19,870,879,16613
18336,55,30000000,0,user_40,878,879,
18220,56,30000000,0,user_39,877,879,
17972,57,30000000,0,user_29,875,879,
16292,58,30000000,0,user_42,864,879,
16468,59,30000000,0,user_43,865,879,
16603,60,30000000,0,user_31,866,879,
17253,61,29999999,0,user_7,870,879,16613
17063,62,29999999,0,user_21,869,879,16613
17426,63,29999999,0,user_0,871,879,16613
17449,64,29999999,0,user_22,871,879,16613
17431,65,29999999,0,user_3,871,879,16613
17442,66,29999999,0,user_16,871,879,16613
17443,67,29999999,0,user_16,871,879,16613
17249,68,29999999,0,user_5,870,879,16613
17446,69,29999999,0,user_20,871,879,16613
17266,70,29999999,0,user_12,870,879,16613
17273,71,29999999,0,user_16,870,879,16613
17274,72,29999999,0,user_16,870,879,16613
17255,73,29999999,0,user_8,870,879,16613
17280,74,29999999,0,user_23,870,879,16613
17279,75,29999999,0,user_22,870,879,16613
17282,76,29999999,0,user_26,870,879,16613
17272,77,29999999,0,user_15,870,879,16613
17258,78,29999999,0,user_10,870,879,16613
17259,79,29999999,0,user_10,870,879,16613
17445,80,29999999,0,user_19,871,879,16613
17055,81,29999999,0,user_17,869,879,16613
17066,82,29999999,0,user_23,869,879,16613
17267,83,29999999,0,user_13,870,879,16613
17270,84,29999999,0,user_13,870,879,16613
17607,85,29999999,0,user_8,872,879,16613
16873,86,29999999,0,user_7,868,879,16613
16874,87,29999999,0,user_8,868,879,16613
17050,88,29999999,0,user_13,869,879,16613
18538,89,27000001,0,builder_15,879,879,16902
16902,90,27000000,779000,user_36,868,879,
17051,91,27000001,0,user_14,869,879,16902
17739,92,27000001,0,user_9,873,879,16902
17610,93,27000001,0,user_10,872,879,16902
17612,94,27000001,0,user_13,872,879,16902
17601,95,27000001,0,user_1,872,879,16902
17602,96,27000001,0,user_1,872,879,16902
17614,97,27000001,0,user_15,872,879,16902
17615,98,27000001,0,user_21,872,879,16902
17618,99,27000001,0,user_22,872,879,16902
15543,86,3200000,17700000,user_39,880,891,
15604,1,3199999,0,builder_15,880,880,15543
15511,84,5200000,181000,user_1,880,890,
15605,3,5199999,0,builder_15,880,880,15511
15526,95,5200001,0,user_12,880,890,15511
15532,98,5200001,0,user_19,880,890,15511
15530,96,5200001,0,user_15,880,890,15511
15517,97,5200001,0,user_6,880,890,15511
15537,99,5200001,0,user_26,880,890,15511
15527,83,5199999,0,user_12,880,889,15511
15519,84,5199999,0,user_7,880,889,15511
15520,85,5199999,0,user_7,880,889,15511
15533,80,5199999,0,user_19,880,889,15511
15531,86,5199999,0,user_15,880,889,15511
15518,81,5199999,0,user_6,880,889,15511
15534,82,5199999,0,user_22,880,889,15511
15541,85,2600000,0,user_37,880,885,
15544,91,2000000,15100,user_40,880,885,
15606,18,1999999,0,builder_15,880,880,15544
15553,94,2000000,0,user_44,880,885,
15557,97,1900000,0,user_47,880,885,
15556,93,1500000,0,user_47,880,884,
15559,95,1300000,13800,user_47,880,884,
15607,23,1299999,0,builder_15,880,880,15559
15560,82,1000000,0,user_48,880,882,
15525,86,910000,0,user_11,880,882,
15515,87,870000,0,user_4,880,882,
15535,89,670000,0,user_23,880,882,
15524,88,670000,0,user_10,880,882,
15523,92,470000,0,user_10,880,882,
15510,96,460000,0,user_1,880,882,
15522,93,460000,0,user_9,880,882,
15550,94,460000,0,user_44,880,882,
15552,97,420000,18600,user_44,880,882,
15608,34,419999,0,builder_15,880,880,15552
15558,64,420000,0,user_47,880,881,
15514,70,300000,0,user_1,880,881,
15516,71,260000,0,user_5,880,881,
15609,38,150001,0,builder_15,880,880,15549
15549,73,150000,75000,user_44,880,881,
15529,74,220000,0,user_14,880,881,
15610,41,170001,0,builder_15,880,880,15528
15528,42,170000,24700,user_13,880,880,
15512,76,190000,0,user_1,880,881,
15509,80,170000,0,user_0,880,881,
15513,83,160000,0,user_1,880,881,
15554,84,160000,0,user_45,880,881,
15551,96,120000,0,user_44,880,881,
15536,97,110000,0,user_24,880,881,
15521,49,98000,0,user_8,880,880,
15555,50,80000,0,user_47,880,880,
15545,51,77000,0,user_40,880,880,
15679,9,43000000,0,user_47,881,899,
15812,1,3200001,0,builder_15,881,881,15543
15543,86,3200000,17700000,user_39,880,891,
15676,93,6300000,0,user_45,881,891,
15677,94,6300000,0,user_45,881,891,
15813,5,5200001,0,builder_15,881,881,15511
15511,84,5200000,181000,user_1,880,890,
15526,95,5200001,0,user_12,880,890,15511
15532,98,5200001,0,user_19,880,890,15511
15517,97,5200001,0,user_6,880,890,15511
15530,96,5200001,0,user_15,880,890,15511
15537,99,5200001,0,user_26,880,890,15511
15645,64,5200001,0,user_13,881,889,15511
15654,94,5200001,0,user_18,881,890,15511
15519,84,5199999,0,user_7,880,889,15511
15520,85,5199999,0,user_7,880,889,15511
15527,83,5199999,0,user_12,880,889,15511
15533,80,5199999,0,user_19,880,889,15511
15518,81,5199999,0,user_6,880,889,15511
15531,86,5199999,0,user_15,880,889,15511
15534,82,5199999,0,user_22,880,889,15511
15641,88,5199999,0,user_11,881,889,15511
15647,89,5199999,0,user_14,881,889,15511
15651,78,5199999,0,user_18,881,889,15511
15665,96,4500000,0,user_31,881,889,
15666,78,3600000,0,user_32,881,887,
15664,79,3500000,0,user_31,881,887,
15643,92,3200001,0,user_11,881,887,15543
15629,83,3200001,0,user_1,881,887,15543
15634,90,3200001,0,user_7,881,887,15543
15636,91,3200001,0,user_7,881,887,15543
15632,84,3200001,0,user_5,881,887,15543
15640,72,3199999,0,user_11,881,885,15543
15630,71,3199999,0,user_2,881,885,15543
15644,76,3199999,0,user_13,881,885,15543
15635,73,3199999,0,user_7,881,885,15543
15656,69,3199999,0,user_19,881,885,15543
15639,74,3199999,0,user_10,881,885,15543
15649,70,3199999,0,user_15,881,885,15543
15541,85,2600000,0,user_37,880,885,
15539,84,2600000,0,user_29,880,885,
15542,90,2100000,0,user_38,880,885,
15814,42,2000001,0,builder_15,881,881,15544
15544,91,2000000,15100,user_40,880,885,
15627,93,2000001,0,user_0,881,885,15544
15553,94,2000000,0,user_44,880,885,
15557,97,1900000,0,user_47,880,885,
15556,93,1500000,0,user_47,880,884,
15559,95,1300000,13800,user_47,880,884,
15815,49,1299999,0,builder_15,881,881,15559
15560,82,1000000,0,user_48,880,882,
15525,86,910000,0,user_11,880,882,
15515,87,870000,0,user_4,880,882,
15535,89,670000,0,user_23,880,882,
15524,88,670000,0,user_10,880,882,
15523,92,470000,0,user_10,880,882,
15510,96,460000,0,user_1,880,882,
15547,95,460000,0,user_41,880,882,
15550,94,460000,0,user_44,880,882,
15522,93,460000,0,user_9,880,882,
15552,97,420000,18600,user_44,880,882,
15816,61,419999,0,builder_15,881,881,15552
15637,99,420001,0,user_7,881,882,15552
15660,63,420001,0,user_25,881,881,15552
15558,64,420000,0,user_47,880,881,
15642,65,419999,0,user_11,881,881,15552
15661,66,419999,0,user_25,881,881,15552
15817,67,360001,0,builder_15,881,881,15671
15671,68,360000,56200,user_39,881,881,
15540,69,340000,0,user_34,880,881,
15514,70,300000,0,user_1,880,881,
15516,71,260000,0,user_5,880,881,
15818,72,150001,0,builder_15,881,881,15549
15549,73,150000,75000,user_44,880,881,
15529,74,220000,0,user_14,880,881,
15561,75,220000,0,user_49,880,881,
15512,76,190000,0,user_1,880,881,
15658,77,170001,0,user_21,881,881,15528
15659,78,170001,0,user_24,881,881,15528
15648,79,170001,0,user_15,881,881,15528
15509,80,170000,0,user_0,880,881,
15663,81,150000,14200,user_30,881,881,
15819,82,149999,0,builder_15,881,881,15663
15513,83,160000,0,user_1,880,881,
15554,84,160000,0,user_45,880,881,
15631,85,150001,0,user_4,881,881,15549
15652,86,150001,0,user_18,881,881,15549
15655,87,150001,0,user_18,881,881,15549
15628,88,150001,0,user_0,881,881,15549
15667,89,150000,0,user_32,881,881,
15646,90,149999,0,user_14,881,881,15549
15650,91,149999,0,user_16,881,881,15549
15653,92,149999,0,user_18,881,881,15549
15548,93,130000,18600,user_43,880,881,
15820,94,129999,0,builder_15,881,881,15548
15638,95,129999,0,user_8,881,881,15548
15551,96,120000,0,user_44,880,881,
15536,97,110000,0,user_24,880,881,
15546,98,110000,0,user_41,880,881,
15538,99,110000,0,user_27,880,881,
15679,9,43000000,0,user_47,881,899,
15902,6,43000000,0,user_45,882,899,
16036,2,3200001,0,builder_15,882,882,15543
15543,86,3200000,17700000,user_39,880,891,
15676,93,6300000,0,user_45,881,891,
15677,94,6300000,0,user_45,881,891,
15900,96,6100000,0,user_40,882,891,
16037,7,5200001,0,builder_15,882,882,15511
15511,84,5200000,181000,user_1,880,890,
15532,98,5200001,0,user_19,880,890,15511
15517,97,5200001,0,user_6,880,890,15511
15530,96,5200001,0,user_15,880,890,15511
15537,99,5200001,0,user_26,880,890,15511
15526,95,5200001,0,user_12,880,890,15511
15654,94,5200001,0,user_18,881,890,15511
15866,93,5200001,0,user_10,882,890,15511
15903,66,5200000,0,user_45,882,889,
15647,89,5199999,0,user_14,881,889,15511
15519,84,5199999,0,user_7,880,889,15511
15520,85,5199999,0,user_7,880,889,15511
15533,80,5199999,0,user_19,880,889,15511
15518,81,5199999,0,user_6,880,889,15511
15531,86,5199999,0,user_15,880,889,15511
15534,82,5199999,0,user_22,880,889,15511
15641,88,5199999,0,user_11,881,889,15511
15527,83,5199999,0,user_12,880,889,15511
15651,78,5199999,0,user_18,881,889,15511
15863,79,5199999,0,user_10,882,889,15511
15895,91,5000000,0,user_36,882,889,
15665,96,4500000,0,user_31,881,889,
15666,78,3600000,0,user_32,881,887,
15664,79,3500000,0,user_31,881,887,
15629,83,3200001,0,user_1,881,887,15543
15634,90,3200001,0,user_7,881,887,15543
15636,91,3200001,0,user_7,881,887,15543
15632,84,3200001,0,user_5,881,887,15543
15633,93,3200001,0,user_6,881,887,15543
15643,92,3200001,0,user_11,881,887,15543
15854,94,3200001,0,user_1,882,887,15543
15859,85,3200001,0,user_5,882,887,15543
15865,86,3200001,0,user_10,882,887,15543
15630,71,3199999,0,user_2,881,885,15543
15635,73,3199999,0,user_7,881,885,15543
15656,69,3199999,0,user_19,881,885,15543
15639,74,3199999,0,user_10,881,885,15543
15657,94,3199999,0,user_20,881,886,15543
15649,70,3199999,0,user_15,881,885,15543
15640,72,3199999,0,user_11,881,885,15543
15857,95,3199999,0,user_3,882,886,15543
15861,96,3199999,0,user_7,882,886,15543
15874,99,3199999,0,user_18,882,886,15543
15878,97,3199999,0,user_21,882,886,15543
15879,98,3199999,0,user_21,882,886,15543
15881,81,3199999,0,user_24,882,885,15543
15539,84,2600000,0,user_29,880,885,
15541,85,2600000,0,user_37,880,885,
15542,90,2100000,0,user_38,880,885,
15544,91,2000000,15100,user_40,880,885,
16038,58,1999999,0,builder_15,882,882,15544
15627,93,2000001,0,user_0,881,885,15544
15553,94,2000000,0,user_44,880,885,
15557,97,1900000,0,user_47,880,885,
15898,99,1700000,0,user_39,882,885,
15896,90,1600000,0,user_37,882,884,
15556,93,1500000,0,user_47,880,884,
15559,95,1300000,13800,user_47,880,884,
16039,66,1299999,0,builder_15,882,882,15559
15907,82,1200000,0,user_48,882,883,
15891,84,1100000,0,user_32,882,883,
16040,69,1000001,0,builder_15,882,882,15673
15673,86,1000000,66100,user_42,881,883,
16041,71,1000001,0,builder_15,882,882,15888
15888,88,1000000,3130,user_32,882,883,
15855,99,1000001,0,user_1,882,883,15673
15870,91,1000001,0,user_14,882,883,15673
15877,92,1000001,0,user_21,882,883,15673
15882,95,1000001,0,user_25,882,883,15673
15875,90,1000001,0,user_19,882,883,15673
15880,94,1000001,0,user_23,882,883,15673
15864,93,1000001,0,user_10,882,883,15673
15862,97,1000001,0,user_9,882,883,15673
15883,96,1000001,0,user_26,882,883,15673
15560,82,1000000,0,user_48,880,882,
15867,83,999999,0,user_11,882,882,15673
15873,84,999999,0,user_17,882,882,15673
15871,85,999999,0,user_15,882,882,15673
15525,86,910000,0,user_11,880,882,
15515,87,870000,0,user_4,880,882,
15524,88,670000,0,user_10,880,882,
15535,89,670000,0,user_23,880,882,
16042,90,190001,0,builder_15,882,882,15670
15670,91,190000,381000,user_38,881,882,
15523,92,470000,0,user_10,880,882,
15522,93,460000,0,user_9,880,882,
15550,94,460000,0,user_44,880,882,
15547,95,460000,0,user_41,880,882,
15510,96,460000,0,user_1,880,882,
15552,97,420000,18600,user_44,880,882,
16043,98,419999,0,builder_15,882,882,15552
15637,99,420001,0,user_7,881,882,15552
15902,6,43000000,0,user_45,882,899,
15679,9,43000000,0,user_47,881,899,
16205,2,3200001,0,builder_15,883,883,15543
15543,86,3200000,17700000,user_39,880,891,
15676,93,6300000,0,user_45,881,891,
15677,94,6300000,0,user_45,881,891,
15900,96,6100000,0,user_40,882,891,
16111,97,6100000,0,user_45,883,891,
15511,84,5200000,181000,user_1,880,890,
16206,9,5199999,0,builder_15,883,883,15511
15866,93,5200001,0,user_10,882,890,15511
15645,64,5200001,0,user_13,881,889,15511
15654,94,5200001,0,user_18,881,890,15511
15526,95,5200001,0,user_12,880,890,15511
15532,98,5200001,0,user_19,880,890,15511
15517,97,5200001,0,user_6,880,890,15511
15530,96,5200001,0,user_15,880,890,15511
15537,99,5200001,0,user_26,880,890,15511
15903,66,5200000,0,user_45,882,889,
16087,67,5200000,0,user_28,883,889,
15863,79,5199999,0,user_10,882,889,15511
15641,88,5199999,0,user_11,881,889,15511
15647,89,5199999,0,user_14,881,889,15511
15651,78,5199999,0,user_18,881,889,15511
15527,83,5199999,0,user_12,880,889,15511
15519,84,5199999,0,user_7,880,889,15511
15520,85,5199999,0,user_7,880,889,15511
15533,80,5199999,0,user_19,880,889,15511
15518,81,5199999,0,user_6,880,889,15511
15531,86,5199999,0,user_15,880,889,15511
15534,82,5199999,0,user_22,880,889,15511
15895,91,5000000,0,user_36,882,889,
15665,96,4500000,0,user_31,881,889,
16101,97,4500000,0,user_37,883,889,
15666,78,3600000,0,user_32,881,887,
15664,79,3500000,0,user_31,881,887,
15865,86,3200001,0,user_10,882,887,15543
15633,93,3200001,0,user_6,881,887,15543
15643,92,3200001,0,user_11,881,887,15543
15634,90,3200001,0,user_7,881,887,15543
15636,91,3200001,0,user_7,881,887,15543
15854,94,3200001,0,user_1,882,887,15543
15859,85,3200001,0,user_5,882,887,15543
16077,87,3200001,0,user_16,883,887,15543
15629,83,3200001,0,user_1,881,887,15543
15632,84,3200001,0,user_5,881,887,15543
15861,96,3199999,0,user_7,882,886,15543
15857,95,3199999,0,user_3,882,886,15543
15878,97,3199999,0,user_21,882,886,15543
15879,98,3199999,0,user_21,882,886,15543
15874,99,3199999,0,user_18,882,886,15543
15881,81,3199999,0,user_24,882,885,15543
16066,82,3199999,0,user_1,883,885,15543
15640,72,3199999,0,user_11,881,885,15543
15635,73,3199999,0,user_7,881,885,15543
15639,74,3199999,0,user_10,881,885,15543
15657,94,3199999,0,user_20,881,886,15543
15644,76,3199999,0,user_13,881,885,15543
16078,68,3199999,0,user_17,883,885,15543
15630,71,3199999,0,user_2,881,885,15543
15656,69,3199999,0,user_19,881,885,15543
15649,70,3199999,0,user_15,881,885,15543
15541,85,2600000,0,user_37,880,885,
15539,84,2600000,0,user_29,880,885,
16097,89,2300000,0,user_35,883,885,
15542,90,2100000,0,user_38,880,885,
15544,91,2000000,15100,user_40,880,885,
16207,67,1999999,0,builder_15,883,883,15544
15627,93,2000001,0,user_0,881,885,15544
15553,94,2000000,0,user_44,880,885,
16100,96,1900000,0,user_36,883,885,
15557,97,1900000,0,user_47,880,885,
15898,99,1700000,0,user_39,882,885,
16113,98,1700000,0,user_47,883,885,
15896,90,1600000,0,user_37,882,884,
16096,92,1500000,0,user_33,883,884,
15556,93,1500000,0,user_47,880,884,
15559,95,1300000,13800,user_47,880,884,
16208,78,1299999,0,builder_15,883,883,15559
15904,97,1300000,0,user_46,882,884,
16098,98,1300000,0,user_35,883,884,
16103,99,1300000,0,user_39,883,884,
15907,82,1200000,0,user_48,882,883,
16108,83,1200000,0,user_40,883,883,
15891,84,1100000,0,user_32,882,883,
16106,85,1100000,0,user_39,883,883,
15673,86,1000000,66100,user_42,881,883,
16209,87,999999,0,builder_15,883,883,15673
15888,88,1000000,3130,user_32,882,883,
16210,89,999999,0,builder_15,883,883,15888
15875,90,1000001,0,user_19,882,883,15673
15870,91,1000001,0,user_14,882,883,15673
15877,92,1000001,0,user_21,882,883,15673
15864,93,1000001,0,user_10,882,883,15673
15880,94,1000001,0,user_23,882,883,15673
15882,95,1000001,0,user_25,882,883,15673
15883,96,1000001,0,user_26,882,883,15673
15862,97,1000001,0,user_9,882,883,15673
16068,98,1000001,0,user_4,883,883,15673
15855,99,1000001,0,user_1,882,883,15673
15902,6,43000000,0,user_45,882,899,
15679,9,43000000,0,user_47,881,899,
16112,94,27000000,0,user_46,883,892,
15543,86,3200000,17700000,user_39,880,891,
16386,4,3199999,0,builder_15,884,884,15543
16387,5,6300001,0,builder_15,884,884,16282
16282,91,6300000,5630,user_32,884,891,
15676,93,6300000,0,user_45,881,891,
15677,94,6300000,0,user_45,881,891,
16111,97,6100000,0,user_45,883,891,
15900,96,6100000,0,user_40,882,891,
16388,11,5200001,0,builder_15,884,884,15511
15511,84,5200000,181000,user_1,880,890,
15866,93,5200001,0,user_10,882,890,15511
16263,85,5200001,0,user_17,884,890,15511
16264,86,5200001,0,user_18,884,890,15511
15654,94,5200001,0,user_18,881,890,15511
15517,97,5200001,0,user_6,880,890,15511
15537,99,5200001,0,user_26,880,890,15511
15532,98,5200001,0,user_19,880,890,15511
15530,96,5200001,0,user_15,880,890,15511
15526,95,5200001,0,user_12,880,890,15511
15645,64,5200001,0,user_13,881,889,15511
15903,66,5200000,0,user_45,882,889,
16087,67,5200000,0,user_28,883,889,
16299,65,5200000,0,user_48,884,889,
15641,88,5199999,0,user_11,881,889,15511
15863,79,5199999,0,user_10,882,889,15511
15651,78,5199999,0,user_18,881,889,15511
15518,81,5199999,0,user_6,880,889,15511
15534,82,5199999,0,user_22,880,889,15511
15533,80,5199999,0,user_19,880,889,15511
15519,84,5199999,0,user_7,880,889,15511
15520,85,5199999,0,user_7,880,889,15511
15531,86,5199999,0,user_15,880,889,15511
15527,83,5199999,0,user_12,880,889,15511
15647,89,5199999,0,user_14,881,889,15511
16243,87,5199999,0,user_9,884,889,15511
15895,91,5000000,0,user_36,882,889,
16101,97,4500000,0,user_37,883,889,
15665,96,4500000,0,user_31,881,889,
15666,78,3600000,0,user_32,881,887,
15664,79,3500000,0,user_31,881,887,
15854,94,3200001,0,user_1,882,887,15543
15859,85,3200001,0,user_5,882,887,15543
15643,92,3200001,0,user_11,881,887,15543
15865,86,3200001,0,user_10,882,887,15543
16077,87,3200001,0,user_16,883,887,15543
16245,95,3200001,0,user_11,884,887,15543
16229,89,3200001,0,user_0,884,887,15543
16235,88,3200001,0,user_2,884,887,15543
16259,96,3200001,0,user_16,884,887,15543
15629,83,3200001,0,user_1,881,887,15543
15632,84,3200001,0,user_5,881,887,15543
15633,93,3200001,0,user_6,881,887,15543
15634,90,3200001,0,user_7,881,887,15543
15636,91,3200001,0,user_7,881,887,15543
16301,98,3200000,0,user_48,884,887,
15857,95,3199999,0,user_3,882,886,15543
15861,96,3199999,0,user_7,882,886,15543
15874,99,3199999,0,user_18,882,886,15543
15881,81,3199999,0,user_24,882,885,15543
15640,72,3199999,0,user_11,881,885,15543
15878,97,3199999,0,user_21,882,886,15543
15879,98,3199999,0,user_21,882,886,15543
16066,82,3199999,0,user_1,883,885,15543
16078,68,3199999,0,user_17,883,885,15543
16232,64,3199999,0,user_2,884,885,15543
16271,65,3199999,0,user_25,884,885,15543
15630,71,3199999,0,user_2,881,885,15543
15649,70,3199999,0,user_15,881,885,15543
15656,69,3199999,0,user_19,881,885,15543
15639,74,3199999,0,user_10,881,885,15543
15635,73,3199999,0,user_7,881,885,15543
15644,76,3199999,0,user_13,881,885,15543
15657,94,3199999,0,user_20,881,886,15543
15539,84,2600000,0,user_29,880,885,
15541,85,2600000,0,user_37,880,885,
16102,87,2400000,0,user_38,883,885,
16296,86,2400000,0,user_47,884,885,
16097,89,2300000,0,user_35,883,885,
15542,90,2100000,0,user_38,880,885,
16389,82,2000001,0,builder_15,884,884,15544
15544,91,2000000,15100,user_40,880,885,
15627,93,2000001,0,user_0,881,885,15544
15553,94,2000000,0,user_44,880,885,
16100,96,1900000,0,user_36,883,885,
15557,97,1900000,0,user_47,880,885,
16113,98,1700000,0,user_47,883,885,
15898,99,1700000,0,user_39,882,885,
15896,90,1600000,0,user_37,882,884,
16110,91,1600000,0,user_42,883,884,
16096,92,1500000,0,user_33,883,884,
15556,93,1500000,0,user_47,880,884,
16288,94,1400000,0,user_39,884,884,
15559,95,1300000,13800,user_47,880,884,
16390,96,1299999,0,builder_15,884,884,15559
15904,97,1300000,0,user_46,882,884,
16098,98,1300000,0,user_35,883,884,
16103,99,1300000,0,user_39,883,884,
15679,9,43000000,0,user_47,881,899,
15902,6,43000000,0,user_45,882,899,
16292,58,30000000,0,user_42,884,899,
16112,94,27000000,0,user_46,883,892,
15543,86,3200000,17700000,user_39,880,891,
16544,5,3199999,0,builder_15,885,885,15543
16282,91,6300000,5630,user_32,884,891,
16545,7,6299999,0,builder_15,885,885,16282
16445,92,6300000,0,user_28,885,891,
15676,93,6300000,0,user_45,881,891,
15677,94,6300000,0,user_45,881,891,
16111,97,6100000,0,user_45,883,891,
15900,96,6100000,0,user_40,882,891,
16546,13,5200001,0,builder_15,885,885,16457
16457,99,5200000,215000,user_37,885,891,
15511,84,5200000,181000,user_1,880,890,
16547,16,5199999,0,builder_15,885,885,15511
16263,85,5200001,0,user_17,884,890,15511
16264,86,5200001,0,user_18,884,890,15511
16443,87,5200001,0,user_24,885,890,15511
15517,97,5200001,0,user_6,880,890,15511
15537,99,5200001,0,user_26,880,890,15511
15526,95,5200001,0,user_12,880,890,15511
15530,96,5200001,0,user_15,880,890,15511
15532,98,5200001,0,user_19,880,890,15511
15654,94,5200001,0,user_18,881,890,15511
15645,64,5200001,0,user_13,881,889,15511
15866,93,5200001,0,user_10,882,890,15511
16299,65,5200000,0,user_48,884,889,
16087,67,5200000,0,user_28,883,889,
15903,66,5200000,0,user_45,882,889,
16243,87,5199999,0,user_9,884,889,15511
15518,81,5199999,0,user_6,880,889,15511
15534,82,5199999,0,user_22,880,889,15511
15519,84,5199999,0,user_7,880,889,15511
15520,85,5199999,0,user_7,880,889,15511
15527,83,5199999,0,user_12,880,889,15511
15531,86,5199999,0,user_15,880,889,15511
15533,80,5199999,0,user_19,880,889,15511
15651,78,5199999,0,user_18,881,889,15511
15641,88,5199999,0,user_11,881,889,15511
15647,89,5199999,0,user_14,881,889,15511
15863,79,5199999,0,user_10,882,889,15511
15895,91,5000000,0,user_36,882,889,
16101,97,4500000,0,user_37,883,889,
15665,96,4500000,0,user_31,881,889,
15666,78,3600000,0,user_32,881,887,
15664,79,3500000,0,user_31,881,887,
16235,88,3200001,0,user_2,884,887,15543
16259,96,3200001,0,user_16,884,887,15543
16229,89,3200001,0,user_0,884,887,15543
16245,95,3200001,0,user_11,884,887,15543
16410,82,3200001,0,user_1,885,887,15543
16077,87,3200001,0,user_16,883,887,15543
15629,83,3200001,0,user_1,881,887,15543
15632,84,3200001,0,user_5,881,887,15543
15643,92,3200001,0,user_11,881,887,15543
15634,90,3200001,0,user_7,881,887,15543
15636,91,3200001,0,user_7,881,887,15543
15633,93,3200001,0,user_6,881,887,15543
15854,94,3200001,0,user_1,882,887,15543
15859,85,3200001,0,user_5,882,887,15543
15865,86,3200001,0,user_10,882,887,15543
16301,98,3200000,0,user_48,884,887,
16232,64,3199999,0,user_2,884,885,15543
16271,65,3199999,0,user_25,884,885,15543
16433,99,3199999,0,user_18,885,887,15543
15874,99,3199999,0,user_18,882,886,15543
16078,68,3199999,0,user_17,883,885,15543
15656,69,3199999,0,user_19,881,885,15543
15649,70,3199999,0,user_15,881,885,15543
15630,71,3199999,0,user_2,881,885,15543
15640,72,3199999,0,user_11,881,885,15543
15635,73,3199999,0,user_7,881,885,15543
15639,74,3199999,0,user_10,881,885,15543
15657,94,3199999,0,user_20,881,886,15543
15644,76,3199999,0,user_13,881,885,15543
15857,95,3199999,0,user_3,882,886,15543
15861,96,3199999,0,user_7,882,886,15543
15878,97,3199999,0,user_21,882,886,15543
15879,98,3199999,0,user_21,882,886,15543
15881,81,3199999,0,user_24,882,885,15543
16066,82,3199999,0,user_1,883,885,15543
16421,92,3199999,0,user_9,885,886,15543
15539,84,2600000,0,user_29,880,885,
15541,85,2600000,0,user_37,880,885,
16296,86,2400000,0,user_47,884,885,
16102,87,2400000,0,user_38,883,885,
16463,88,2300000,0,user_39,885,885,
16097,89,2300000,0,user_35,883,885,
15542,90,2100000,0,user_38,880,885,
15544,91,2000000,15100,user_40,880,885,
16548,92,1999999,0,builder_15,885,885,15544
15627,93,2000001,0,user_0,881,885,15544
15553,94,2000000,0,user_44,880,885,
16456,95,1900000,0,user_36,885,885,
16100,96,1900000,0,user_36,883,885,
15557,97,1900000,0,user_47,880,885,
16113,98,1700000,0,user_47,883,885,
15898,99,1700000,0,user_39,882,885,
15902,6,43000000,0,user_45,882,899,
15679,9,43000000,0,user_47,881,899,
16695,2,30000001,0,builder_15,886,886,16613
16613,11,30000000,769000,user_45,886,899,
16468,59,30000000,0,user_43,885,899,
16292,58,30000000,0,user_42,884,899,
16603,60,30000000,0,user_31,886,899,
16112,94,27000000,0,user_46,883,892,
16696,8,3200001,0,builder_15,886,886,15543
15543,86,3200000,17700000,user_39,880,891,
16697,10,6300001,0,builder_15,886,886,16282
16282,91,6300000,5630,user_32,884,891,
16445,92,6300000,0,user_28,885,891,
15676,93,6300000,0,user_45,881,891,
15677,94,6300000,0,user_45,881,891,
16111,97,6100000,0,user_45,883,891,
15900,96,6100000,0,user_40,882,891,
16457,99,5200000,215000,user_37,885,891,
16698,18,5199999,0,builder_15,886,886,16457
15511,84,5200000,181000,user_1,880,890,
16699,20,5199999,0,builder_15,886,886,15511
16443,87,5200001,0,user_24,885,890,15511
16568,90,5200001,0,user_5,886,890,16457
16584,92,5200001,0,user_13,886,890,16457
16587,88,5200001,0,user_14,886,890,16457
16591,89,5200001,0,user_16,886,890,16457
16264,86,5200001,0,user_18,884,890,15511
15866,93,5200001,0,user_10,882,890,15511
16263,85,5200001,0,user_17,884,890,15511
15526,95,5200001,0,user_12,880,890,15511
15530,96,5200001,0,user_15,880,890,15511
15517,97,5200001,0,user_6,880,890,15511
15532,98,5200001,0,user_19,880,890,15511
15537,99,5200001,0,user_26,880,890,15511
15654,94,5200001,0,user_18,881,890,15511
16598,50,5200001,0,user_23,886,889,16457
15645,64,5200001,0,user_13,881,889,15511
16589,91,5200001,0,user_15,886,890,16457
16299,65,5200000,0,user_48,884,889,
15903,66,5200000,0,user_45,882,889,
16087,67,5200000,0,user_28,883,889,
16563,75,5199999,0,user_1,886,889,16457
16566,76,5199999,0,user_1,886,889,16457
16569,77,5199999,0,user_5,886,889,16457
16581,74,5199999,0,user_12,886,889,16457
16585,69,5199999,0,user_14,886,889,16457
16571,68,5199999,0,user_7,886,889,16457
16243,87,5199999,0,user_9,884,889,15511
15863,79,5199999,0,user_10,882,889,15511
15519,84,5199999,0,user_7,880,889,15511
15520,85,5199999,0,user_7,880,889,15511
15527,83,5199999,0,user_12,880,889,15511
15531,86,5199999,0,user_15,880,889,15511
15518,81,5199999,0,user_6,880,889,15511
15533,80,5199999,0,user_19,880,889,15511
15534,82,5199999,0,user_22,880,889,15511
15651,78,5199999,0,user_18,881,889,15511
15641,88,5199999,0,user_11,881,889,15511
15647,89,5199999,0,user_14,881,889,15511
16577,73,5199999,0,user_9,886,889,16457
16590,71,5199999,0,user_15,886,889,16457
16570,70,5199999,0,user_6,886,889,16457
16599,72,5199999,0,user_26,886,889,16457
16600,90,5000000,0,user_28,886,889,
15895,91,5000000,0,user_36,882,889,
16609,94,4200000,410000,user_39,886,889,
16700,66,4199999,0,builder_15,886,886,16609
16101,97,4500000,0,user_37,883,889,
15665,96,4500000,0,user_31,881,889,
15666,78,3600000,0,user_32,881,887,
15664,79,3500000,0,user_31,881,887,
16410,82,3200001,0,user_1,885,887,15543
16245,95,3200001,0,user_11,884,887,15543
16259,96,3200001,0,user_16,884,887,15543
16229,89,3200001,0,user_0,884,887,15543
15865,86,3200001,0,user_10,882,887,15543
15859,85,3200001,0,user_5,882,887,15543
16077,87,3200001,0,user_16,883,887,15543
16235,88,3200001,0,user_2,884,887,15543
15629,83,3200001,0,user_1,881,887,15543
15632,84,3200001,0,user_5,881,887,15543
15634,90,3200001,0,user_7,881,887,15543
15636,91,3200001,0,user_7,881,887,15543
15643,92,3200001,0,user_11,881,887,15543
15633,93,3200001,0,user_6,881,887,15543
15854,94,3200001,0,user_1,882,887,15543
16596,80,3200001,0,user_22,886,887,15543
16453,97,3200000,0,user_34,885,887,
16301,98,3200000,0,user_48,884,887,
16433,99,3199999,0,user_18,885,887,15543
16436,90,3199999,0,user_20,885,886,15543
16580,91,3199999,0,user_11,886,886,15543
16421,92,3199999,0,user_9,885,886,15543
16586,93,3199999,0,user_14,886,886,15543
15657,94,3199999,0,user_20,881,886,15543
15857,95,3199999,0,user_3,882,886,15543
15861,96,3199999,0,user_7,882,886,15543
15878,97,3199999,0,user_21,882,886,15543
15879,98,3199999,0,user_21,882,886,15543
15874,99,3199999,0,user_18,882,886,15543
15902,6,43000000,0,user_45,882,899,
15679,9,43000000,0,user_47,881,899,
16848,2,30000001,0,builder_15,887,887,16613
16613,11,30000000,769000,user_45,886,899,
16719,41,30000001,0,user_0,887,899,16613
16603,60,30000000,0,user_31,886,899,
16468,59,30000000,0,user_43,885,899,
16292,58,30000000,0,user_42,884,899,
16112,94,27000000,0,user_46,883,892,
16849,9,3200001,0,builder_15,887,887,15543
15543,86,3200000,17700000,user_39,880,891,
16850,11,6300001,0,builder_15,887,887,16282
16282,91,6300000,5630,user_32,884,891,
16445,92,6300000,0,user_28,885,891,
15676,93,6300000,0,user_45,881,891,
15677,94,6300000,0,user_45,881,891,
15900,96,6100000,0,user_40,882,891,
16111,97,6100000,0,user_45,883,891,
16457,99,5200000,215000,user_37,885,891,
16851,19,5199999,0,builder_15,887,887,16457
16852,20,5200001,0,builder_15,887,887,15511
15511,84,5200000,181000,user_1,880,890,
16568,90,5200001,0,user_5,886,890,16457
16598,50,5200001,0,user_23,886,889,16457
16587,88,5200001,0,user_14,886,890,16457
16589,91,5200001,0,user_15,886,890,16457
16591,89,5200001,0,user_16,886,890,16457
16264,86,5200001,0,user_18,884,890,15511
16443,87,5200001,0,user_24,885,890,15511
15526,95,5200001,0,user_12,880,890,15511
15532,98,5200001,0,user_19,880,890,15511
15517,97,5200001,0,user_6,880,890,15511
15530,96,5200001,0,user_15,880,890,15511
15537,99,5200001,0,user_26,880,890,15511
15654,94,5200001,0,user_18,881,890,15511
15866,93,5200001,0,user_10,882,890,15511
16263,85,5200001,0,user_17,884,890,15511
15645,64,5200001,0,user_13,881,889,15511
16299,65,5200000,0,user_48,884,889,
15903,66,5200000,0,user_45,882,889,
16087,67,5200000,0,user_28,883,889,
16569,77,5199999,0,user_5,886,889,16457
16581,74,5199999,0,user_12,886,889,16457
16571,68,5199999,0,user_7,886,889,16457
16570,70,5199999,0,user_6,886,889,16457
16599,72,5199999,0,user_26,886,889,16457
16577,73,5199999,0,user_9,886,889,16457
16585,69,5199999,0,user_14,886,889,16457
16590,71,5199999,0,user_15,886,889,16457
16563,75,5199999,0,user_1,886,889,16457
16566,76,5199999,0,user_1,886,889,16457
16243,87,5199999,0,user_9,884,889,15511
15519,84,5199999,0,user_7,880,889,15511
15520,85,5199999,0,user_7,880,889,15511
15527,83,5199999,0,user_12,880,889,15511
15533,80,5199999,0,user_19,880,889,15511
15518,81,5199999,0,user_6,880,889,15511
15531,86,5199999,0,user_15,880,889,15511
15534,82,5199999,0,user_22,880,889,15511
15651,78,5199999,0,user_18,881,889,15511
15863,79,5199999,0,user_10,882,889,15511
15641,88,5199999,0,user_11,881,889,15511
15647,89,5199999,0,user_14,881,889,15511
16600,90,5000000,0,user_28,886,889,
15895,91,5000000,0,user_36,882,889,
15665,96,4500000,0,user_31,881,889,
16101,97,4500000,0,user_37,883,889,
16728,99,4200001,0,user_17,887,889,16609
16721,98,4200001,0,user_5,887,889,16609
16737,79,4200001,0,user_24,887,888,16609
16727,88,4199999,0,user_16,887,888,16609
16731,92,4199999,0,user_18,887,888,16609
16720,89,4199999,0,user_2,887,888,16609
16732,90,4199999,0,user_19,887,888,16609
16733,91,4199999,0,user_19,887,888,16609
16736,93,4199999,0,user_23,887,888,16609
16738,95,4199999,0,user_26,887,888,16609
16751,77,3600000,0,user_40,887,887,
15666,78,3600000,0,user_32,881,887,
15664,79,3500000,0,user_31,881,887,
16596,80,3200001,0,user_22,886,887,15543
16730,81,3200001,0,user_17,887,887,15543
16410,82,3200001,0,user_1,885,887,15543
15629,83,3200001,0,user_1,881,887,15543
15632,84,3200001,0,user_5,881,887,15543
15859,85,3200001,0,user_5,882,887,15543
15865,86,3200001,0,user_10,882,887,15543
16077,87,3200001,0,user_16,883,887,15543
16235,88,3200001,0,user_2,884,887,15543
16229,89,3200001,0,user_0,884,887,15543
15634,90,3200001,0,user_7,881,887,15543
15636,91,3200001,0,user_7,881,887,15543
15643,92,3200001,0,user_11,881,887,15543
15633,93,3200001,0,user_6,881,887,15543
15854,94,3200001,0,user_1,882,887,15543
16245,95,3200001,0,user_11,884,887,15543
16259,96,3200001,0,user_16,884,887,15543
16453,97,3200000,0,user_34,885,887,
16301,98,3200000,0,user_48,884,887,
16433,99,3199999,0,user_18,885,887,15543
15902,6,43000000,0,user_45,882,899,
15679,9,43000000,0,user_47,881,899,
17008,2,30000001,0,builder_15,888,888,16613
16613,11,30000000,769000,user_45,886,899,
16719,41,30000001,0,user_0,887,899,16613
16468,59,30000000,0,user_43,885,899,
16603,60,30000000,0,user_31,886,899,
16292,58,30000000,0,user_42,884,899,
16873,86,29999999,0,user_7,888,899,16613
16874,87,29999999,0,user_8,888,899,16613
16902,90,27000000,779000,user_36,888,899,
17009,11,26999999,0,builder_15,888,888,16902
16112,94,27000000,0,user_46,883,892,
17010,13,3200001,0,builder_15,888,888,15543
15543,86,3200000,17700000,user_39,880,891,
16903,87,19000000,0,user_37,888,891,
17011,16,6300001,0,builder_15,888,888,16282
16282,91,6300000,5630,user_32,884,891,
16445,92,6300000,0,user_28,885,891,
15676,93,6300000,0,user_45,881,891,
15677,94,6300000,0,user_45,881,891,
15900,96,6100000,0,user_40,882,891,
16111,97,6100000,0,user_45,883,891,
17012,23,5200001,0,builder_15,888,888,16457
16457,99,5200000,215000,user_37,885,891,
17013,25,5200001,0,builder_15,888,888,15511
15511,84,5200000,181000,user_1,880,890,
16587,88,5200001,0,user_14,886,890,16457
16591,89,5200001,0,user_16,886,890,16457
16568,90,5200001,0,user_5,886,890,16457
16598,50,5200001,0,user_23,886,889,16457
16589,91,5200001,0,user_15,886,890,16457
16584,92,5200001,0,user_13,886,890,16457
16264,86,5200001,0,user_18,884,890,15511
16443,87,5200001,0,user_24,885,890,15511
16263,85,5200001,0,user_17,884,890,15511
15526,95,5200001,0,user_12,880,890,15511
15532,98,5200001,0,user_19,880,890,15511
15517,97,5200001,0,user_6,880,890,15511
15530,96,5200001,0,user_15,880,890,15511
15537,99,5200001,0,user_26,880,890,15511
15654,94,5200001,0,user_18,881,890,15511
15866,93,5200001,0,user_10,882,890,15511
15645,64,5200001,0,user_13,881,889,15511
16299,65,5200000,0,user_48,884,889,
15903,66,5200000,0,user_45,882,889,
16087,67,5200000,0,user_28,883,889,
16585,69,5199999,0,user_14,886,889,16457
16563,75,5199999,0,user_1,886,889,16457
16566,76,5199999,0,user_1,886,889,16457
16571,68,5199999,0,user_7,886,889,16457
16569,77,5199999,0,user_5,886,889,16457
16581,74,5199999,0,user_12,886,889,16457
16570,70,5199999,0,user_6,886,889,16457
16590,71,5199999,0,user_15,886,889,16457
16599,72,5199999,0,user_26,886,889,16457
16243,87,5199999,0,user_9,884,889,15511
16577,73,5199999,0,user_9,886,889,16457
15519,84,5199999,0,user_7,880,889,15511
15520,85,5199999,0,user_7,880,889,15511
15527,83,5199999,0,user_12,880,889,15511
15533,80,5199999,0,user_19,880,889,15511
15518,81,5199999,0,user_6,880,889,15511
15531,86,5199999,0,user_15,880,889,15511
15534,82,5199999,0,user_22,880,889,15511
15651,78,5199999,0,user_18,881,889,15511
15863,79,5199999,0,user_10,882,889,15511
15641,88,5199999,0,user_11,881,889,15511
15647,89,5199999,0,user_14,881,889,15511
16600,90,5000000,0,user_28,886,889,
15895,91,5000000,0,user_36,882,889,
16911,93,630000,4320000,user_48,888,889,
17014,72,629999,0,builder_15,888,888,16911
17015,73,4200001,0,builder_15,888,888,16609
16609,94,4200000,410000,user_39,886,889,
15665,96,4500000,0,user_31,881,889,
16101,97,4500000,0,user_37,883,889,
16728,99,4200001,0,user_17,887,889,16609
16721,98,4200001,0,user_5,887,889,16609
16737,79,4200001,0,user_24,887,888,16609
16734,80,4200001,0,user_20,887,888,16609
16880,81,4200001,0,user_11,888,888,16609
16870,82,4200001,0,user_2,888,888,16609
16881,83,4200001,0,user_14,888,888,16609
16885,84,4200001,0,user_18,888,888,16609
16886,85,4200001,0,user_18,888,888,16609
16872,86,4200001,0,user_5,888,888,16609
16876,87,4200001,0,user_8,888,888,16609
16727,88,4199999,0,user_16,887,888,16609
16720,89,4199999,0,user_2,887,888,16609
16732,90,4199999,0,user_19,887,888,16609
16733,91,4199999,0,user_19,887,888,16609
16731,92,4199999,0,user_18,887,888,16609
16736,93,4199999,0,user_23,887,888,16609
16735,94,4199999,0,user_21,887,888,16609
16738,95,4199999,0,user_26,887,888,16609
16879,96,4199999,0,user_11,888,888,16609
16871,97,4199999,0,user_3,888,888,16609
16888,98,4199999,0,user_23,888,888,16609
16877,99,4199999,0,user_9,888,888,16609
16896,8,43000000,0,user_29,888,899,
15902,6,43000000,0,user_45,882,899,
15679,9,43000000,0,user_47,881,899,
16613,11,30000000,769000,user_45,886,899,
17207,4,29999999,0,builder_15,889,889,16613
16719,41,30000001,0,user_0,887,899,16613
17054,44,30000001,0,user_17,889,899,16613
17056,45,30000001,0,user_18,889,899,16613
17059,46,30000001,0,user_18,889,899,16613
17060,47,30000001,0,user_18,889,899,16613
17064,16,30000001,0,user_21,889,899,16613
17069,48,30000001,0,user_25,889,899,16613
17061,15,30000001,0,user_19,889,899,16613
17053,43,30000001,0,user_15,889,899,16613
17070,49,30000001,0,user_26,889,899,16613
16603,60,30000000,0,user_31,886,899,
16292,58,30000000,0,user_42,884,899,
16468,59,30000000,0,user_43,885,899,
16874,87,29999999,0,user_8,888,899,16613
16873,86,29999999,0,user_7,888,899,16613
17050,88,29999999,0,user_13,889,899,16613
17055,81,29999999,0,user_17,889,899,16613
17063,62,29999999,0,user_21,889,899,16613
17066,82,29999999,0,user_23,889,899,16613
16902,90,27000000,779000,user_36,888,899,
17208,25,26999999,0,builder_15,889,889,16902
17051,91,27000001,0,user_14,889,899,16902
16112,94,27000000,0,user_46,883,892,
17043,82,26999999,0,user_4,889,891,16902
17044,79,26999999,0,user_5,889,891,16902
17046,81,26999999,0,user_7,889,891,16902
17058,83,26999999,0,user_18,889,891,16902
17052,80,26999999,0,user_14,889,891,16902
15543,86,3200000,17700000,user_39,880,891,
17209,34,3199999,0,builder_15,889,889,15543
16903,87,19000000,0,user_37,888,891,
16282,91,6300000,5630,user_32,884,891,
17210,37,6299999,0,builder_15,889,889,16282
16912,95,6300000,0,user_49,888,891,
16445,92,6300000,0,user_28,885,891,
15676,93,6300000,0,user_45,881,891,
15677,94,6300000,0,user_45,881,891,
15900,96,6100000,0,user_40,882,891,
16111,97,6100000,0,user_45,883,891,
16457,99,5200000,215000,user_37,885,891,
17211,45,5199999,0,builder_15,889,889,16457
17212,46,5200001,0,builder_15,889,889,15511
15511,84,5200000,181000,user_1,880,890,
16587,88,5200001,0,user_14,886,890,16457
16591,89,5200001,0,user_16,886,890,16457
16598,50,5200001,0,user_23,886,889,16457
16589,91,5200001,0,user_15,886,890,16457
16568,90,5200001,0,user_5,886,890,16457
16584,92,5200001,0,user_13,886,890,16457
16263,85,5200001,0,user_17,884,890,15511
16264,86,5200001,0,user_18,884,890,15511
16443,87,5200001,0,user_24,885,890,15511
15654,94,5200001,0,user_18,881,890,15511
15866,93,5200001,0,user_10,882,890,15511
15532,98,5200001,0,user_19,880,890,15511
15517,97,5200001,0,user_6,880,890,15511
15537,99,5200001,0,user_26,880,890,15511
15526,95,5200001,0,user_12,880,890,15511
15530,96,5200001,0,user_15,880,890,15511
15645,64,5200001,0,user_13,881,889,15511
16299,65,5200000,0,user_48,884,889,
15903,66,5200000,0,user_45,882,889,
16087,67,5200000,0,user_28,883,889,
16571,68,5199999,0,user_7,886,889,16457
16585,69,5199999,0,user_14,886,889,16457
16570,70,5199999,0,user_6,886,889,16457
16590,71,5199999,0,user_15,886,889,16457
16599,72,5199999,0,user_26,886,889,16457
16577,73,5199999,0,user_9,886,889,16457
16581,74,5199999,0,user_12,886,889,16457
16563,75,5199999,0,user_1,886,889,16457
16566,76,5199999,0,user_1,886,889,16457
16569,77,5199999,0,user_5,886,889,16457
15651,78,5199999,0,user_18,881,889,15511
15863,79,5199999,0,user_10,882,889,15511
15533,80,5199999,0,user_19,880,889,15511
15518,81,5199999,0,user_6,880,889,15511
15534,82,5199999,0,user_22,880,889,15511
15527,83,5199999,0,user_12,880,889,15511
15519,84,5199999,0,user_7,880,889,15511
15520,85,5199999,0,user_7,880,889,15511
15531,86,5199999,0,user_15,880,889,15511
16243,87,5199999,0,user_9,884,889,15511
15641,88,5199999,0,user_11,881,889,15511
15647,89,5199999,0,user_14,881,889,15511
16600,90,5000000,0,user_28,886,889,
15895,91,5000000,0,user_36,882,889,
17213,92,630001,0,builder_15,889,889,16911
16911,93,630000,4320000,user_48,888,889,
16609,94,4200000,410000,user_39,886,889,
17214,95,4199999,0,builder_15,889,889,16609
15665,96,4500000,0,user_31,881,889,
16101,97,4500000,0,user_37,883,889,
16721,98,4200001,0,user_5,887,889,16609
16728,99,4200001,0,user_17,887,889,16609
17398,0,43000001,0,builder_15,890,890,17076
17076,0,43000000,545000,user_38,889,899,
16896,8,43000000,0,user_29,888,899,
17300,4,43000000,0,user_48,890,899,
15902,6,43000000,0,user_45,882,899,
15679,9,43000000,0,user_47,881,899,
17399,6,30000001,0,builder_15,890,890,16613
16613,11,30000000,769000,user_45,886,899,
17054,44,30000001,0,user_17,889,899,16613
17061,15,30000001,0,user_19,889,899,16613
17056,45,30000001,0,user_18,889,899,16613
17059,46,30000001,0,user_18,889,899,16613
17060,47,30000001,0,user_18,889,899,16613
17062,42,30000001,0,user_20,889,899,16613
17053,43,30000001,0,user_15,889,899,16613
17064,16,30000001,0,user_21,889,899,16613
17069,48,30000001,0,user_25,889,899,16613
17070,49,30000001,0,user_26,889,899,16613
17261,32,30000001,0,user_11,890,899,16613
17239,28,30000001,0,user_0,890,899,16613
17240,14,30000001,0,user_1,890,899,16613
17247,29,30000001,0,user_4,890,899,16613
17262,30,30000001,0,user_12,890,899,16613
17265,31,30000001,0,user_12,890,899,16613
17241,34,30000001,0,user_2,890,899,16613
17242,35,30000001,0,user_2,890,899,16613
17268,50,30000001,0,user_13,890,899,16613
17269,51,30000001,0,user_13,890,899,16613
17271,52,30000001,0,user_13,890,899,16613
17275,33,30000001,0,user_18,890,899,16613
17244,36,30000001,0,user_3,890,899,16613
17245,37,30000001,0,user_3,890,899,16613
17276,53,30000001,0,user_19,890,899,16613
17277,54,30000001,0,user_19,890,899,16613
16719,41,30000001,0,user_0,887,899,16613
17256,40,30000001,0,user_9,890,899,16613
17283,38,30000001,0,user_26,890,899,16613
16292,58,30000000,0,user_42,884,899,
16468,59,30000000,0,user_43,885,899,
16603,60,30000000,0,user_31,886,899,
16874,87,29999999,0,user_8,888,899,16613
16873,86,29999999,0,user_7,888,899,16613
17050,88,29999999,0,user_13,889,899,16613
17055,81,29999999,0,user_17,889,899,16613
17066,82,29999999,0,user_23,889,899,16613
17063,62,29999999,0,user_21,889,899,16613
17249,68,29999999,0,user_5,890,899,16613
17266,70,29999999,0,user_12,890,899,16613
17267,83,29999999,0,user_13,890,899,16613
17270,84,29999999,0,user_13,890,899,16613
17273,71,29999999,0,user_16,890,899,16613
17274,72,29999999,0,user_16,890,899,16613
17253,61,29999999,0,user_7,890,899,16613
17255,73,29999999,0,user_8,890,899,16613
17258,78,29999999,0,user_10,890,899,16613
17259,79,29999999,0,user_10,890,899,16613
17280,74,29999999,0,user_23,890,899,16613
17272,77,29999999,0,user_15,890,899,16613
17279,75,29999999,0,user_22,890,899,16613
17282,76,29999999,0,user_26,890,899,16613
16902,90,27000000,779000,user_36,888,899,
17400,61,26999999,0,builder_15,890,890,16902
17051,91,27000001,0,user_14,889,899,16902
16112,94,27000000,0,user_46,883,892,
17043,82,26999999,0,user_4,889,891,16902
17052,80,26999999,0,user_14,889,891,16902
17046,81,26999999,0,user_7,889,891,16902
17044,79,26999999,0,user_5,889,891,16902
17058,83,26999999,0,user_18,889,891,16902
17257,77,26999999,0,user_10,890,891,16902
15543,86,3200000,17700000,user_39,880,891,
17401,71,3199999,0,builder_15,890,890,15543
16903,87,19000000,0,user_37,888,891,
17402,73,6300001,0,builder_15,890,890,16282
16282,91,6300000,5630,user_32,884,891,
16912,95,6300000,0,user_49,888,891,
16445,92,6300000,0,user_28,885,891,
15676,93,6300000,0,user_45,881,891,
15677,94,6300000,0,user_45,881,891,
15900,96,6100000,0,user_40,882,891,
16111,97,6100000,0,user_45,883,891,
17403,81,5200001,0,builder_15,890,890,16457
16457,99,5200000,215000,user_37,885,891,
17404,83,5200001,0,builder_15,890,890,15511
15511,84,5200000,181000,user_1,880,890,
16263,85,5200001,0,user_17,884,890,15511
16264,86,5200001,0,user_18,884,890,15511
16443,87,5200001,0,user_24,885,890,15511
16587,88,5200001,0,user_14,886,890,16457
16591,89,5200001,0,user_16,886,890,16457
16568,90,5200001,0,user_5,886,890,16457
16589,91,5200001,0,user_15,886,890,16457
16584,92,5200001,0,user_13,886,890,16457
15866,93,5200001,0,user_10,882,890,15511
15654,94,5200001,0,user_18,881,890,15511
15526,95,5200001,0,user_12,880,890,15511
15530,96,5200001,0,user_15,880,890,15511
15517,97,5200001,0,user_6,880,890,15511
15532,98,5200001,0,user_19,880,890,15511
15537,99,5200001,0,user_26,880,890,15511
17576,0,43000001,0,builder_15,891,891,17076
17076,0,43000000,545000,user_38,889,899,
17300,4,43000000,0,user_48,890,899,
15902,6,43000000,0,user_45,882,899,
15679,9,43000000,0,user_47,881,899,
16896,8,43000000,0,user_29,888,899,
16613,11,30000000,769000,user_45,886,899,
17577,7,29999999,0,builder_15,891,891,16613
17240,14,30000001,0,user_1,890,899,16613
17241,34,30000001,0,user_2,890,899,16613
17242,35,30000001,0,user_2,890,899,16613
17247,29,30000001,0,user_4,890,899,16613
17239,28,30000001,0,user_0,890,899,16613
17262,30,30000001,0,user_12,890,899,16613
17265,31,30000001,0,user_12,890,899,16613
17276,53,30000001,0,user_19,890,899,16613
17277,54,30000001,0,user_19,890,899,16613
17275,33,30000001,0,user_18,890,899,16613
17278,39,30000001,0,user_20,890,899,16613
17244,36,30000001,0,user_3,890,899,16613
17245,37,30000001,0,user_3,890,899,16613
17283,38,30000001,0,user_26,890,899,16613
17435,20,30000001,0,user_11,891,899,16613
17436,21,30000001,0,user_11,891,899,16613
17261,32,30000001,0,user_11,890,899,16613
17256,40,30000001,0,user_9,890,899,16613
17427,17,30000001,0,user_2,891,899,16613
17428,18,30000001,0,user_2,891,899,16613
17429,19,30000001,0,user_2,891,899,16613
17438,22,30000001,0,user_13,891,899,16613
17069,48,30000001,0,user_25,889,899,16613
17434,24,30000001,0,user_7,891,899,16613
17448,25,30000001,0,user_21,891,899,16613
17452,26,30000001,0,user_25,891,899,16613
17053,43,30000001,0,user_15,889,899,16613
17061,15,30000001,0,user_19,889,899,16613
17070,49,30000001,0,user_26,889,899,16613
17064,16,30000001,0,user_21,889,899,16613
17054,44,30000001,0,user_17,889,899,16613
17056,45,30000001,0,user_18,889,899,16613
17059,46,30000001,0,user_18,889,899,16613
17060,47,30000001,0,user_18,889,899,16613
17062,42,30000001,0,user_20,889,899,16613
17444,23,30000001,0,user_17,891,899,16613
16719,41,30000001,0,user_0,887,899,16613
17440,27,30000001,0,user_15,891,899,16613
16292,58,30000000,0,user_42,884,899,
16468,59,30000000,0,user_43,885,899,
16603,60,30000000,0,user_31,886,899,
17273,71,29999999,0,user_16,890,899,16613
17274,72,29999999,0,user_16,890,899,16613
17253,61,29999999,0,user_7,890,899,16613
17249,68,29999999,0,user_5,890,899,16613
17266,70,29999999,0,user_12,890,899,16613
17258,78,29999999,0,user_10,890,899,16613
17259,79,29999999,0,user_10,890,899,16613
17255,73,29999999,0,user_8,890,899,16613
17280,74,29999999,0,user_23,890,899,16613
17272,77,29999999,0,user_15,890,899,16613
17279,75,29999999,0,user_22,890,899,16613
17282,76,29999999,0,user_26,890,899,16613
17426,63,29999999,0,user_0,891,899,16613
17050,88,29999999,0,user_13,889,899,16613
17431,65,29999999,0,user_3,891,899,16613
17442,66,29999999,0,user_16,891,899,16613
17443,67,29999999,0,user_16,891,899,16613
17445,80,29999999,0,user_19,891,899,16613
17066,82,29999999,0,user_23,889,899,16613
17063,62,29999999,0,user_21,889,899,16613
17055,81,29999999,0,user_17,889,899,16613
16874,87,29999999,0,user_8,888,899,16613
16873,86,29999999,0,user_7,888,899,16613
17449,64,29999999,0,user_22,891,899,16613
16902,90,27000000,779000,user_36,888,899,
17578,74,26999999,0,builder_15,891,891,16902
17051,91,27000001,0,user_14,889,899,16902
16112,94,27000000,0,user_46,883,892,
17257,77,26999999,0,user_10,890,891,16902
17430,95,26999999,0,user_2,891,892,16902
17044,79,26999999,0,user_5,889,891,16902
17052,80,26999999,0,user_14,889,891,16902
17046,81,26999999,0,user_7,889,891,16902
17043,82,26999999,0,user_4,889,891,16902
17058,83,26999999,0,user_18,889,891,16902
17441,97,26999999,0,user_15,891,892,16902
17579,85,3200001,0,builder_15,891,891,15543
15543,86,3200000,17700000,user_39,880,891,
16903,87,19000000,0,user_37,888,891,
17580,88,870001,0,builder_15,891,891,17462
17462,89,870000,7190000,user_36,891,891,
17581,90,6300001,0,builder_15,891,891,16282
16282,91,6300000,5630,user_32,884,891,
16445,92,6300000,0,user_28,885,891,
15676,93,6300000,0,user_45,881,891,
15677,94,6300000,0,user_45,881,891,
16912,95,6300000,0,user_49,888,891,
15900,96,6100000,0,user_40,882,891,
16111,97,6100000,0,user_45,883,891,
17582,98,5200001,0,builder_15,891,891,16457
16457,99,5200000,215000,user_37,885,891,
17076,0,43000000,545000,user_38,889,899,
17714,1,42999999,0,builder_15,892,892,17076
17300,4,43000000,0,user_48,890,899,
15902,6,43000000,0,user_45,882,899,
15679,9,43000000,0,user_47,881,899,
16896,8,43000000,0,user_29,888,899,
17648,5,43000000,0,user_44,892,899,
16613,11,30000000,769000,user_45,886,899,
17715,8,29999999,0,builder_15,892,892,16613
17427,17,30000001,0,user_2,891,899,16613
17428,18,30000001,0,user_2,891,899,16613
17429,19,30000001,0,user_2,891,899,16613
17438,22,30000001,0,user_13,891,899,16613
17444,23,30000001,0,user_17,891,899,16613
17434,24,30000001,0,user_7,891,899,16613
17261,32,30000001,0,user_11,890,899,16613
17440,27,30000001,0,user_15,891,899,16613
17448,25,30000001,0,user_21,891,899,16613
17452,26,30000001,0,user_25,891,899,16613
17435,20,30000001,0,user_11,891,899,16613
17436,21,30000001,0,user_11,891,899,16613
17268,50,30000001,0,user_13,890,899,16613
17269,51,30000001,0,user_13,890,899,16613
17271,52,30000001,0,user_13,890,899,16613
17056,45,30000001,0,user_18,889,899,16613
17059,46,30000001,0,user_18,889,899,16613
17060,47,30000001,0,user_18,889,899,16613
17061,15,30000001,0,user_19,889,899,16613
17053,43,30000001,0,user_15,889,899,16613
17070,49,30000001,0,user_26,889,899,16613
17240,14,30000001,0,user_1,890,899,16613
17241,34,30000001,0,user_2,890,899,16613
17242,35,30000001,0,user_2,890,899,16613
17247,29,30000001,0,user_4,890,899,16613
17275,33,30000001,0,user_18,890,899,16613
17054,44,30000001,0,user_17,889,899,16613
17239,28,30000001,0,user_0,890,899,16613
17262,30,30000001,0,user_12,890,899,16613
17265,31,30000001,0,user_12,890,899,16613
17276,53,30000001,0,user_19,890,899,16613
17277,54,30000001,0,user_19,890,899,16613
17244,36,30000001,0,user_3,890,899,16613
17245,37,30000001,0,user_3,890,899,16613
17283,38,30000001,0,user_26,890,899,16613
17256,40,30000001,0,user_9,890,899,16613
17062,42,30000001,0,user_20,889,899,16613
17278,39,30000001,0,user_20,890,899,16613
17069,48,30000001,0,user_25,889,899,16613
17064,16,30000001,0,user_21,889,899,16613
16719,41,30000001,0,user_0,887,899,16613
16292,58,30000000,0,user_42,884,899,
16468,59,30000000,0,user_43,885,899,
16603,60,30000000,0,user_31,886,899,
17431,65,29999999,0,user_3,891,899,16613
17442,66,29999999,0,user_16,891,899,16613
17443,67,29999999,0,user_16,891,899,16613
17426,63,29999999,0,user_0,891,899,16613
17445,80,29999999,0,user_19,891,899,16613
17446,69,29999999,0,user_20,891,899,16613
17449,64,29999999,0,user_22,891,899,16613
17267,83,29999999,0,user_13,890,899,16613
17270,84,29999999,0,user_13,890,899,16613
17607,85,29999999,0,user_8,892,899,16613
17066,82,29999999,0,user_23,889,899,16613
17273,71,29999999,0,user_16,890,899,16613
17274,72,29999999,0,user_16,890,899,16613
17253,61,29999999,0,user_7,890,899,16613
17055,81,29999999,0,user_17,889,899,16613
17258,78,29999999,0,user_10,890,899,16613
17259,79,29999999,0,user_10,890,899,16613
17249,68,29999999,0,user_5,890,899,16613
17266,70,29999999,0,user_12,890,899,16613
17255,73,29999999,0,user_8,890,899,16613
17280,74,29999999,0,user_23,890,899,16613
17272,77,29999999,0,user_15,890,899,16613
17279,75,29999999,0,user_22,890,899,16613
17282,76,29999999,0,user_26,890,899,16613
17063,62,29999999,0,user_21,889,899,16613
16873,86,29999999,0,user_7,888,899,16613
16874,87,29999999,0,user_8,888,899,16613
17050,88,29999999,0,user_13,889,899,16613
16902,90,27000000,779000,user_36,888,899,
17716,82,26999999,0,builder_15,892,892,16902
17612,94,27000001,0,user_13,892,899,16902
17601,95,27000001,0,user_1,892,899,16902
17602,96,27000001,0,user_1,892,899,16902
17615,98,27000001,0,user_21,892,899,16902
17623,97,27000001,0,user_25,892,897,16902
17051,91,27000001,0,user_14,889,899,16902
17610,93,27000001,0,user_10,892,899,16902
17609,97,27000001,0,user_9,892,898,16902
17614,97,27000001,0,user_15,892,899,16902
17618,99,27000001,0,user_22,892,899,16902
17624,98,27000001,0,user_26,892,897,16902
16112,94,27000000,0,user_46,883,892,
17430,95,26999999,0,user_2,891,892,16902
17447,96,26999999,0,user_20,891,892,16902
17441,97,26999999,0,user_15,891,892,16902
17611,98,26999999,0,user_11,892,892,16902
17606,99,26999999,0,user_7,892,892,16902
17076,0,43000000,545000,user_38,889,899,
17829,1,42999999,0,builder_15,893,893,17076
17648,5,43000000,0,user_44,892,899,
17652,7,43000000,0,user_49,892,899,
17300,4,43000000,0,user_48,890,899,
15902,6,43000000,0,user_45,882,899,
15679,9,43000000,0,user_47,881,899,
16896,8,43000000,0,user_29,888,899,
17830,8,30000001,0,builder_15,893,893,16613
16613,11,30000000,769000,user_45,886,899,
17427,17,30000001,0,user_2,891,899,16613
17428,18,30000001,0,user_2,891,899,16613
17429,19,30000001,0,user_2,891,899,16613
17434,24,30000001,0,user_7,891,899,16613
17435,20,30000001,0,user_11,891,899,16613
17436,21,30000001,0,user_11,891,899,16613
17448,25,30000001,0,user_21,891,899,16613
17438,22,30000001,0,user_13,891,899,16613
17444,23,30000001,0,user_17,891,899,16613
17262,30,30000001,0,user_12,890,899,16613
17265,31,30000001,0,user_12,890,899,16613
17440,27,30000001,0,user_15,891,899,16613
17452,26,30000001,0,user_25,891,899,16613
17061,15,30000001,0,user_19,889,899,16613
17240,14,30000001,0,user_1,890,899,16613
17241,34,30000001,0,user_2,890,899,16613
17242,35,30000001,0,user_2,890,899,16613
17244,36,30000001,0,user_3,890,899,16613
17245,37,30000001,0,user_3,890,899,16613
17275,33,30000001,0,user_18,890,899,16613
17247,29,30000001,0,user_4,890,899,16613
17278,39,30000001,0,user_20,890,899,16613
17283,38,30000001,0,user_26,890,899,16613
17256,40,30000001,0,user_9,890,899,16613
17276,53,30000001,0,user_19,890,899,16613
17277,54,30000001,0,user_19,890,899,16613
17064,16,30000001,0,user_21,889,899,16613
16719,41,30000001,0,user_0,887,899,16613
17053,43,30000001,0,user_15,889,899,16613
17054,44,30000001,0,user_17,889,899,16613
17056,45,30000001,0,user_18,889,899,16613
17059,46,30000001,0,user_18,889,899,16613
17060,47,30000001,0,user_18,889,899,16613
17069,48,30000001,0,user_25,889,899,16613
17070,49,30000001,0,user_26,889,899,16613
17062,42,30000001,0,user_20,889,899,16613
17239,28,30000001,0,user_0,890,899,16613
17261,32,30000001,0,user_11,890,899,16613
17268,50,30000001,0,user_13,890,899,16613
17269,51,30000001,0,user_13,890,899,16613
17271,52,30000001,0,user_13,890,899,16613
16468,59,30000000,0,user_43,885,899,
16292,58,30000000,0,user_42,884,899,
16603,60,30000000,0,user_31,886,899,
17445,80,29999999,0,user_19,891,899,16613
17431,65,29999999,0,user_3,891,899,16613
17442,66,29999999,0,user_16,891,899,16613
17443,67,29999999,0,user_16,891,899,16613
17266,70,29999999,0,user_12,890,899,16613
17449,64,29999999,0,user_22,891,899,16613
17446,69,29999999,0,user_20,891,899,16613
17607,85,29999999,0,user_8,892,899,16613
17426,63,29999999,0,user_0,891,899,16613
17273,71,29999999,0,user_16,890,899,16613
17274,72,29999999,0,user_16,890,899,16613
17280,74,29999999,0,user_23,890,899,16613
17272,77,29999999,0,user_15,890,899,16613
17253,61,29999999,0,user_7,890,899,16613
17258,78,29999999,0,user_10,890,899,16613
17259,79,29999999,0,user_10,890,899,16613
17249,68,29999999,0,user_5,890,899,16613
17255,73,29999999,0,user_8,890,899,16613
17279,75,29999999,0,user_22,890,899,16613
17282,76,29999999,0,user_26,890,899,16613
17063,62,29999999,0,user_21,889,899,16613
17055,81,29999999,0,user_17,889,899,16613
17066,82,29999999,0,user_23,889,899,16613
16873,86,29999999,0,user_7,888,899,16613
16874,87,29999999,0,user_8,888,899,16613
17050,88,29999999,0,user_13,889,899,16613
17267,83,29999999,0,user_13,890,899,16613
17270,84,29999999,0,user_13,890,899,16613
17831,82,27000001,0,builder_15,893,893,16902
16902,90,27000000,779000,user_36,888,899,
17601,95,27000001,0,user_1,892,899,16902
17602,96,27000001,0,user_1,892,899,16902
17615,98,27000001,0,user_21,892,899,16902
17610,93,27000001,0,user_10,892,899,16902
17614,97,27000001,0,user_15,892,899,16902
17618,99,27000001,0,user_22,892,899,16902
17623,97,27000001,0,user_25,892,897,16902
17624,98,27000001,0,user_26,892,897,16902
17609,97,27000001,0,user_9,892,898,16902
17740,90,27000001,0,user_12,893,898,16902
17728,95,27000001,0,user_2,893,895,16902
17741,87,27000001,0,user_13,893,896,16902
17731,97,27000001,0,user_3,893,895,16902
17732,98,27000001,0,user_3,893,895,16902
17743,99,27000001,0,user_14,893,895,16902
17751,88,27000001,0,user_25,893,897,16902
17937,0,43000001,0,builder_15,894,894,17076
17076,0,43000000,545000,user_38,889,899,
17648,5,43000000,0,user_44,892,899,
17652,7,43000000,0,user_49,892,899,
17300,4,43000000,0,user_48,890,899,
15902,6,43000000,0,user_45,882,899,
16896,8,43000000,0,user_29,888,899,
15679,9,43000000,0,user_47,881,899,
17938,8,30000001,0,builder_15,894,894,16613
16613,11,30000000,769000,user_45,886,899,
17435,20,30000001,0,user_11,891,899,16613
17436,21,30000001,0,user_11,891,899,16613
17247,29,30000001,0,user_4,890,899,16613
17056,45,30000001,0,user_18,889,899,16613
17059,46,30000001,0,user_18,889,899,16613
17060,47,30000001,0,user_18,889,899,16613
17239,28,30000001,0,user_0,890,899,16613
17241,34,30000001,0,user_2,890,899,16613
17242,35,30000001,0,user_2,890,899,16613
17244,36,30000001,0,user_3,890,899,16613
17245,37,30000001,0,user_3,890,899,16613
17256,40,30000001,0,user_9,890,899,16613
17261,32,30000001,0,user_11,890,899,16613
17262,30,30000001,0,user_12,890,899,16613
17265,31,30000001,0,user_12,890,899,16613
17278,39,30000001,0,user_20,890,899,16613
17434,24,30000001,0,user_7,891,899,16613
17427,17,30000001,0,user_2,891,899,16613
17428,18,30000001,0,user_2,891,899,16613
17429,19,30000001,0,user_2,891,899,16613
17438,22,30000001,0,user_13,891,899,16613
17444,23,30000001,0,user_17,891,899,16613
17275,33,30000001,0,user_18,890,899,16613
17440,27,30000001,0,user_15,891,899,16613
17448,25,30000001,0,user_21,891,899,16613
17452,26,30000001,0,user_25,891,899,16613
17061,15,30000001,0,user_19,889,899,16613
17064,16,30000001,0,user_21,889,899,16613
17240,14,30000001,0,user_1,890,899,16613
17276,53,30000001,0,user_19,890,899,16613
17277,54,30000001,0,user_19,890,899,16613
17283,38,30000001,0,user_26,890,899,16613
16719,41,30000001,0,user_0,887,899,16613
17069,48,30000001,0,user_25,889,899,16613
17070,49,30000001,0,user_26,889,899,16613
17054,44,30000001,0,user_17,889,899,16613
17053,43,30000001,0,user_15,889,899,16613
17062,42,30000001,0,user_20,889,899,16613
17268,50,30000001,0,user_13,890,899,16613
17269,51,30000001,0,user_13,890,899,16613
17271,52,30000001,0,user_13,890,899,16613
16292,58,30000000,0,user_42,884,899,
16468,59,30000000,0,user_43,885,899,
16603,60,30000000,0,user_31,886,899,
17607,85,29999999,0,user_8,892,899,16613
17249,68,29999999,0,user_5,890,899,16613
17255,73,29999999,0,user_8,890,899,16613
17280,74,29999999,0,user_23,890,899,16613
17272,77,29999999,0,user_15,890,899,16613
17258,78,29999999,0,user_10,890,899,16613
17259,79,29999999,0,user_10,890,899,16613
17266,70,29999999,0,user_12,890,899,16613
17273,71,29999999,0,user_16,890,899,16613
17274,72,29999999,0,user_16,890,899,16613
17431,65,29999999,0,user_3,891,899,16613
17442,66,29999999,0,user_16,891,899,16613
17443,67,29999999,0,user_16,891,899,16613
17426,63,29999999,0,user_0,891,899,16613
17446,69,29999999,0,user_20,891,899,16613
17445,80,29999999,0,user_19,891,899,16613
17449,64,29999999,0,user_22,891,899,16613
17063,62,29999999,0,user_21,889,899,16613
17253,61,29999999,0,user_7,890,899,16613
17279,75,29999999,0,user_22,890,899,16613
17282,76,29999999,0,user_26,890,899,16613
17055,81,29999999,0,user_17,889,899,16613
17066,82,29999999,0,user_23,889,899,16613
16874,87,29999999,0,user_8,888,899,16613
16873,86,29999999,0,user_7,888,899,16613
17050,88,29999999,0,user_13,889,899,16613
17267,83,29999999,0,user_13,890,899,16613
17270,84,29999999,0,user_13,890,899,16613
17939,82,27000001,0,builder_15,894,894,16902
16902,90,27000000,779000,user_36,888,899,
17601,95,27000001,0,user_1,892,899,16902
17602,96,27000001,0,user_1,892,899,16902
17610,93,27000001,0,user_10,892,899,16902
17614,97,27000001,0,user_15,892,899,16902
17615,98,27000001,0,user_21,892,899,16902
17618,99,27000001,0,user_22,892,899,16902
17623,97,27000001,0,user_25,892,897,16902
17624,98,27000001,0,user_26,892,897,16902
17728,95,27000001,0,user_2,893,895,16902
17731,97,27000001,0,user_3,893,895,16902
17732,98,27000001,0,user_3,893,895,16902
17743,99,27000001,0,user_14,893,895,16902
17741,87,27000001,0,user_13,893,896,16902
17740,90,27000001,0,user_12,893,898,16902
17739,92,27000001,0,user_9,893,899,16902
17612,94,27000001,0,user_13,892,899,16902
17076,0,43000000,545000,user_38,889,899,
18053,1,42999999,0,builder_15,895,895,17076
17996,3,43000000,0,user_47,895,899,
17300,4,43000000,0,user_48,890,899,
17648,5,43000000,0,user_44,892,899,
17652,7,43000000,0,user_49,892,899,
15902,6,43000000,0,user_45,882,899,
16896,8,43000000,0,user_29,888,899,
15679,9,43000000,0,user_47,881,899,
18054,9,30000001,0,builder_15,895,895,16613
16613,11,30000000,769000,user_45,886,899,
17247,29,30000001,0,user_4,890,899,16613
17056,45,30000001,0,user_18,889,899,16613
17059,46,30000001,0,user_18,889,899,16613
17060,47,30000001,0,user_18,889,899,16613
17239,28,30000001,0,user_0,890,899,16613
17241,34,30000001,0,user_2,890,899,16613
17242,35,30000001,0,user_2,890,899,16613
17244,36,30000001,0,user_3,890,899,16613
17245,37,30000001,0,user_3,890,899,16613
17256,40,30000001,0,user_9,890,899,16613
17261,32,30000001,0,user_11,890,899,16613
17262,30,30000001,0,user_12,890,899,16613
17265,31,30000001,0,user_12,890,899,16613
17268,50,30000001,0,user_13,890,899,16613
17269,51,30000001,0,user_13,890,899,16613
17271,52,30000001,0,user_13,890,899,16613
17276,53,30000001,0,user_19,890,899,16613
17277,54,30000001,0,user_19,890,899,16613
17283,38,30000001,0,user_26,890,899,16613
17434,24,30000001,0,user_7,891,899,16613
17435,20,30000001,0,user_11,891,899,16613
17436,21,30000001,0,user_11,891,899,16613
17427,17,30000001,0,user_2,891,899,16613
17428,18,30000001,0,user_2,891,899,16613
17429,19,30000001,0,user_2,891,899,16613
17438,22,30000001,0,user_13,891,899,16613
17444,23,30000001,0,user_17,891,899,16613
17275,33,30000001,0,user_18,890,899,16613
17440,27,30000001,0,user_15,891,899,16613
17278,39,30000001,0,user_20,890,899,16613
17448,25,30000001,0,user_21,891,899,16613
17452,26,30000001,0,user_25,891,899,16613
17240,14,30000001,0,user_1,890,899,16613
17061,15,30000001,0,user_19,889,899,16613
17064,16,30000001,0,user_21,889,899,16613
16719,41,30000001,0,user_0,887,899,16613
17062,42,30000001,0,user_20,889,899,16613
17053,43,30000001,0,user_15,889,899,16613
17054,44,30000001,0,user_17,889,899,16613
17069,48,30000001,0,user_25,889,899,16613
17070,49,30000001,0,user_26,889,899,16613
16292,58,30000000,0,user_42,884,899,
16468,59,30000000,0,user_43,885,899,
16603,60,30000000,0,user_31,886,899,
17249,68,29999999,0,user_5,890,899,16613
17255,73,29999999,0,user_8,890,899,16613
17280,74,29999999,0,user_23,890,899,16613
17272,77,29999999,0,user_15,890,899,16613
17258,78,29999999,0,user_10,890,899,16613
17259,79,29999999,0,user_10,890,899,16613
17266,70,29999999,0,user_12,890,899,16613
17273,71,29999999,0,user_16,890,899,16613
17274,72,29999999,0,user_16,890,899,16613
17267,83,29999999,0,user_13,890,899,16613
17270,84,29999999,0,user_13,890,899,16613
17279,75,29999999,0,user_22,890,899,16613
17282,76,29999999,0,user_26,890,899,16613
17431,65,29999999,0,user_3,891,899,16613
17442,66,29999999,0,user_16,891,899,16613
17443,67,29999999,0,user_16,891,899,16613
17426,63,29999999,0,user_0,891,899,16613
17445,80,29999999,0,user_19,891,899,16613
17449,64,29999999,0,user_22,891,899,16613
17607,85,29999999,0,user_8,892,899,16613
17446,69,29999999,0,user_20,891,899,16613
17253,61,29999999,0,user_7,890,899,16613
17063,62,29999999,0,user_21,889,899,16613
17055,81,29999999,0,user_17,889,899,16613
17066,82,29999999,0,user_23,889,899,16613
16873,86,29999999,0,user_7,888,899,16613
16874,87,29999999,0,user_8,888,899,16613
17050,88,29999999,0,user_13,889,899,16613
18055,83,27000001,0,builder_15,895,895,16902
16902,90,27000000,779000,user_36,888,899,
17740,90,27000001,0,user_12,893,898,16902
17739,92,27000001,0,user_9,893,899,16902
17601,95,27000001,0,user_1,892,899,16902
17602,96,27000001,0,user_1,892,899,16902
17609,97,27000001,0,user_9,892,898,16902
17614,97,27000001,0,user_15,892,899,16902
17610,93,27000001,0,user_10,892,899,16902
17612,94,27000001,0,user_13,892,899,16902
17618,99,27000001,0,user_22,892,899,16902
17624,98,27000001,0,user_26,892,897,16902
17728,95,27000001,0,user_2,893,895,16902
17741,87,27000001,0,user_13,893,896,16902
17731,97,27000001,0,user_3,893,895,16902
17732,98,27000001,0,user_3,893,895,16902
17743,99,27000001,0,user_14,893,895,16902
17076,0,43000000,545000,user_38,889,899,
18170,1,42999999,0,builder_15,896,896,17076
17996,3,43000000,0,user_47,895,899,
18097,2,43000000,0,user_30,896,899,
15902,6,43000000,0,user_45,882,899,
17300,4,43000000,0,user_48,890,899,
17648,5,43000000,0,user_44,892,899,
17652,7,43000000,0,user_49,892,899,
15679,9,43000000,0,user_47,881,899,
16896,8,43000000,0,user_29,888,899,
16613,11,30000000,769000,user_45,886,899,
18171,11,29999999,0,builder_15,896,896,16613
17240,14,30000001,0,user_1,890,899,16613
17064,16,30000001,0,user_21,889,899,16613
17061,15,30000001,0,user_19,889,899,16613
16719,41,30000001,0,user_0,887,899,16613
17062,42,30000001,0,user_20,889,899,16613
17053,43,30000001,0,user_15,889,899,16613
17069,48,30000001,0,user_25,889,899,16613
17070,49,30000001,0,user_26,889,899,16613
17054,44,30000001,0,user_17,889,899,16613
17056,45,30000001,0,user_18,889,899,16613
17059,46,30000001,0,user_18,889,899,16613
17060,47,30000001,0,user_18,889,899,16613
17247,29,30000001,0,user_4,890,899,16613
17241,34,30000001,0,user_2,890,899,16613
17242,35,30000001,0,user_2,890,899,16613
17244,36,30000001,0,user_3,890,899,16613
17245,37,30000001,0,user_3,890,899,16613
17239,28,30000001,0,user_0,890,899,16613
17262,30,30000001,0,user_12,890,899,16613
17265,31,30000001,0,user_12,890,899,16613
17278,39,30000001,0,user_20,890,899,16613
17256,40,30000001,0,user_9,890,899,16613
17275,33,30000001,0,user_18,890,899,16613
17261,32,30000001,0,user_11,890,899,16613
17268,50,30000001,0,user_13,890,899,16613
17269,51,30000001,0,user_13,890,899,16613
17271,52,30000001,0,user_13,890,899,16613
17276,53,30000001,0,user_19,890,899,16613
17277,54,30000001,0,user_19,890,899,16613
17283,38,30000001,0,user_26,890,899,16613
17427,17,30000001,0,user_2,891,899,16613
17428,18,30000001,0,user_2,891,899,16613
17429,19,30000001,0,user_2,891,899,16613
17435,20,30000001,0,user_11,891,899,16613
17436,21,30000001,0,user_11,891,899,16613
17434,24,30000001,0,user_7,891,899,16613
17448,25,30000001,0,user_21,891,899,16613
17452,26,30000001,0,user_25,891,899,16613
17438,22,30000001,0,user_13,891,899,16613
17444,23,30000001,0,user_17,891,899,16613
17440,27,30000001,0,user_15,891,899,16613
17972,57,30000000,0,user_29,895,899,
16603,60,30000000,0,user_31,886,899,
16292,58,30000000,0,user_42,884,899,
16468,59,30000000,0,user_43,885,899,
17253,61,29999999,0,user_7,890,899,16613
17063,62,29999999,0,user_21,889,899,16613
17055,81,29999999,0,user_17,889,899,16613
17066,82,29999999,0,user_23,889,899,16613
17258,78,29999999,0,user_10,890,899,16613
17259,79,29999999,0,user_10,890,899,16613
17249,68,29999999,0,user_5,890,899,16613
17266,70,29999999,0,user_12,890,899,16613
17272,77,29999999,0,user_15,890,899,16613
17273,71,29999999,0,user_16,890,899,16613
17274,72,29999999,0,user_16,890,899,16613
17255,73,29999999,0,user_8,890,899,16613
17280,74,29999999,0,user_23,890,899,16613
17267,83,29999999,0,user_13,890,899,16613
17270,84,29999999,0,user_13,890,899,16613
17279,75,29999999,0,user_22,890,899,16613
17282,76,29999999,0,user_26,890,899,16613
17431,65,29999999,0,user_3,891,899,16613
17449,64,29999999,0,user_22,891,899,16613
17442,66,29999999,0,user_16,891,899,16613
17443,67,29999999,0,user_16,891,899,16613
17426,63,29999999,0,user_0,891,899,16613
17445,80,29999999,0,user_19,891,899,16613
17446,69,29999999,0,user_20,891,899,16613
17607,85,29999999,0,user_8,892,899,16613
17050,88,29999999,0,user_13,889,899,16613
16873,86,29999999,0,user_7,888,899,16613
16874,87,29999999,0,user_8,888,899,16613
18172,85,27000001,0,builder_15,896,896,16902
16902,90,27000000,779000,user_36,888,899,
17741,87,27000001,0,user_13,893,896,16902
17739,92,27000001,0,user_9,893,899,16902
17740,90,27000001,0,user_12,893,898,16902
17051,91,27000001,0,user_14,889,899,16902
17601,95,27000001,0,user_1,892,899,16902
17602,96,27000001,0,user_1,892,899,16902
17609,97,27000001,0,user_9,892,898,16902
17614,97,27000001,0,user_15,892,899,16902
17610,93,27000001,0,user_10,892,899,16902
17618,99,27000001,0,user_22,892,899,16902
17623,97,27000001,0,user_25,892,897,16902
17624,98,27000001,0,user_26,892,897,16902
17612,94,27000001,0,user_13,892,899,16902
18281,0,43000001,0,builder_15,897,897,17076
17076,0,43000000,545000,user_38,889,899,
18097,2,43000000,0,user_30,896,899,
17996,3,43000000,0,user_47,895,899,
15902,6,43000000,0,user_45,882,899,
17300,4,43000000,0,user_48,890,899,
17648,5,43000000,0,user_44,892,899,
17652,7,43000000,0,user_49,892,899,
15679,9,43000000,0,user_47,881,899,
16896,8,43000000,0,user_29,888,899,
16613,11,30000000,769000,user_45,886,899,
18282,11,29999999,0,builder_15,897,897,16613
17061,15,30000001,0,user_19,889,899,16613
17064,16,30000001,0,user_21,889,899,16613
17240,14,30000001,0,user_1,890,899,16613
17062,42,30000001,0,user_20,889,899,16613
17053,43,30000001,0,user_15,889,899,16613
17069,48,30000001,0,user_25,889,899,16613
17070,49,30000001,0,user_26,889,899,16613
17054,44,30000001,0,user_17,889,899,16613
17056,45,30000001,0,user_18,889,899,16613
17059,46,30000001,0,user_18,889,899,16613
17060,47,30000001,0,user_18,889,899,16613
17241,34,30000001,0,user_2,890,899,16613
17242,35,30000001,0,user_2,890,899,16613
17247,29,30000001,0,user_4,890,899,16613
17268,50,30000001,0,user_13,890,899,16613
17269,51,30000001,0,user_13,890,899,16613
17271,52,30000001,0,user_13,890,899,16613
17261,32,30000001,0,user_11,890,899,16613
17239,28,30000001,0,user_0,890,899,16613
17262,30,30000001,0,user_12,890,899,16613
17265,31,30000001,0,user_12,890,899,16613
17276,53,30000001,0,user_19,890,899,16613
17277,54,30000001,0,user_19,890,899,16613
17278,39,30000001,0,user_20,890,899,16613
16719,41,30000001,0,user_0,887,899,16613
17244,36,30000001,0,user_3,890,899,16613
17245,37,30000001,0,user_3,890,899,16613
17283,38,30000001,0,user_26,890,899,16613
17275,33,30000001,0,user_18,890,899,16613
17256,40,30000001,0,user_9,890,899,16613
17427,17,30000001,0,user_2,891,899,16613
17428,18,30000001,0,user_2,891,899,16613
17429,19,30000001,0,user_2,891,899,16613
17435,20,30000001,0,user_11,891,899,16613
17436,21,30000001,0,user_11,891,899,16613
17434,24,30000001,0,user_7,891,899,16613
17448,25,30000001,0,user_21,891,899,16613
17440,27,30000001,0,user_15,891,899,16613
17438,22,30000001,0,user_13,891,899,16613
17444,23,30000001,0,user_17,891,899,16613
17452,26,30000001,0,user_25,891,899,16613
18220,56,30000000,0,user_39,897,899,
17972,57,30000000,0,user_29,895,899,
16468,59,30000000,0,user_43,885,899,
16292,58,30000000,0,user_42,884,899,
16603,60,30000000,0,user_31,886,899,
17063,62,29999999,0,user_21,889,899,16613
17253,61,29999999,0,user_7,890,899,16613
17055,81,29999999,0,user_17,889,899,16613
17066,82,29999999,0,user_23,889,899,16613
17249,68,29999999,0,user_5,890,899,16613
17258,78,29999999,0,user_10,890,899,16613
17259,79,29999999,0,user_10,890,899,16613
17267,83,29999999,0,user_13,890,899,16613
17270,84,29999999,0,user_13,890,899,16613
17266,70,29999999,0,user_12,890,899,16613
17255,73,29999999,0,user_8,890,899,16613
17272,77,29999999,0,user_15,890,899,16613
17279,75,29999999,0,user_22,890,899,16613
17273,71,29999999,0,user_16,890,899,16613
17274,72,29999999,0,user_16,890,899,16613
17282,76,29999999,0,user_26,890,899,16613
17280,74,29999999,0,user_23,890,899,16613
17431,65,29999999,0,user_3,891,899,16613
17426,63,29999999,0,user_0,891,899,16613
17446,69,29999999,0,user_20,891,899,16613
17442,66,29999999,0,user_16,891,899,16613
17443,67,29999999,0,user_16,891,899,16613
17445,80,29999999,0,user_19,891,899,16613
17607,85,29999999,0,user_8,892,899,16613
17449,64,29999999,0,user_22,891,899,16613
16873,86,29999999,0,user_7,888,899,16613
16874,87,29999999,0,user_8,888,899,16613
17050,88,29999999,0,user_13,889,899,16613
16902,90,27000000,779000,user_36,888,899,
18283,87,26999999,0,builder_15,897,897,16902
17751,88,27000001,0,user_25,893,897,16902
17051,91,27000001,0,user_14,889,899,16902
17740,90,27000001,0,user_12,893,898,16902
17739,92,27000001,0,user_9,893,899,16902
17601,95,27000001,0,user_1,892,899,16902
17602,96,27000001,0,user_1,892,899,16902
17609,97,27000001,0,user_9,892,898,16902
17618,99,27000001,0,user_22,892,899,16902
17615,98,27000001,0,user_21,892,899,16902
17623,97,27000001,0,user_25,892,897,16902
17624,98,27000001,0,user_26,892,897,16902
17610,93,27000001,0,user_10,892,899,16902
17076,0,43000000,545000,user_38,889,899,
18404,1,42999999,0,builder_15,898,898,17076
18097,2,43000000,0,user_30,896,899,
17996,3,43000000,0,user_47,895,899,
17300,4,43000000,0,user_48,890,899,
15902,6,43000000,0,user_45,882,899,
17648,5,43000000,0,user_44,892,899,
17652,7,43000000,0,user_49,892,899,
16896,8,43000000,0,user_29,888,899,
15679,9,43000000,0,user_47,881,899,
18405,10,30000001,0,builder_15,898,898,16613
16613,11,30000000,769000,user_45,886,899,
18406,12,30000001,0,builder_15,898,898,18340
18340,12,30000000,322000,user_44,898,899,
17061,15,30000001,0,user_19,889,899,16613
17064,16,30000001,0,user_21,889,899,16613
17240,14,30000001,0,user_1,890,899,16613
17244,36,30000001,0,user_3,890,899,16613
17245,37,30000001,0,user_3,890,899,16613
17247,29,30000001,0,user_4,890,899,16613
17268,50,30000001,0,user_13,890,899,16613
17269,51,30000001,0,user_13,890,899,16613
17271,52,30000001,0,user_13,890,899,16613
17261,32,30000001,0,user_11,890,899,16613
17239,28,30000001,0,user_0,890,899,16613
17262,30,30000001,0,user_12,890,899,16613
17265,31,30000001,0,user_12,890,899,16613
17276,53,30000001,0,user_19,890,899,16613
17277,54,30000001,0,user_19,890,899,16613
17278,39,30000001,0,user_20,890,899,16613
17283,38,30000001,0,user_26,890,899,16613
17275,33,30000001,0,user_18,890,899,16613
17427,17,30000001,0,user_2,891,899,16613
17428,18,30000001,0,user_2,891,899,16613
17429,19,30000001,0,user_2,891,899,16613
17241,34,30000001,0,user_2,890,899,16613
17242,35,30000001,0,user_2,890,899,16613
17256,40,30000001,0,user_9,890,899,16613
17438,22,30000001,0,user_13,891,899,16613
17434,24,30000001,0,user_7,891,899,16613
17435,20,30000001,0,user_11,891,899,16613
17436,21,30000001,0,user_11,891,899,16613
17062,42,30000001,0,user_20,889,899,16613
16719,41,30000001,0,user_0,887,899,16613
17069,48,30000001,0,user_25,889,899,16613
17070,49,30000001,0,user_26,889,899,16613
17054,44,30000001,0,user_17,889,899,16613
17056,45,30000001,0,user_18,889,899,16613
17059,46,30000001,0,user_18,889,899,16613
17060,47,30000001,0,user_18,889,899,16613
17053,43,30000001,0,user_15,889,899,16613
17440,27,30000001,0,user_15,891,899,16613
17448,25,30000001,0,user_21,891,899,16613
17452,26,30000001,0,user_25,891,899,16613
17444,23,30000001,0,user_17,891,899,16613
17972,57,30000000,0,user_29,895,899,
18336,55,30000000,0,user_40,898,899,
16292,58,30000000,0,user_42,884,899,
16468,59,30000000,0,user_43,885,899,
16603,60,30000000,0,user_31,886,899,
17063,62,29999999,0,user_21,889,899,16613
17253,61,29999999,0,user_7,890,899,16613
17267,83,29999999,0,user_13,890,899,16613
17270,84,29999999,0,user_13,890,899,16613
17249,68,29999999,0,user_5,890,899,16613
17266,70,29999999,0,user_12,890,899,16613
17255,73,29999999,0,user_8,890,899,16613
17272,77,29999999,0,user_15,890,899,16613
17279,75,29999999,0,user_22,890,899,16613
17273,71,29999999,0,user_16,890,899,16613
17274,72,29999999,0,user_16,890,899,16613
17282,76,29999999,0,user_26,890,899,16613
17258,78,29999999,0,user_10,890,899,16613
17259,79,29999999,0,user_10,890,899,16613
17280,74,29999999,0,user_23,890,899,16613
17426,63,29999999,0,user_0,891,899,16613
17445,80,29999999,0,user_19,891,899,16613
17446,69,29999999,0,user_20,891,899,16613
17055,81,29999999,0,user_17,889,899,16613
17066,82,29999999,0,user_23,889,899,16613
17431,65,29999999,0,user_3,891,899,16613
17442,66,29999999,0,user_16,891,899,16613
17443,67,29999999,0,user_16,891,899,16613
17449,64,29999999,0,user_22,891,899,16613
17607,85,29999999,0,user_8,892,899,16613
16874,87,29999999,0,user_8,888,899,16613
16873,86,29999999,0,user_7,888,899,16613
17050,88,29999999,0,user_13,889,899,16613
18407,88,27000001,0,builder_15,898,898,16902
16902,90,27000000,779000,user_36,888,899,
17740,90,27000001,0,user_12,893,898,16902
17739,92,27000001,0,user_9,893,899,16902
17051,91,27000001,0,user_14,889,899,16902
17601,95,27000001,0,user_1,892,899,16902
17602,96,27000001,0,user_1,892,899,16902
17610,93,27000001,0,user_10,892,899,16902
17615,98,27000001,0,user_21,892,899,16902
17609,97,27000001,0,user_9,892,898,16902
17614,97,27000001,0,user_15,892,899,16902
17612,94,27000001,0,user_13,892,899,16902
17076,0,43000000,545000,user_38,889,899,
18535,1,42999999,0,builder_15,899,899,17076
18097,2,43000000,0,user_30,896,899,
17996,3,43000000,0,user_47,895,899,
17300,4,43000000,0,user_48,890,899,
17648,5,43000000,0,user_44,892,899,
15902,6,43000000,0,user_45,882,899,
17652,7,43000000,0,user_49,892,899,
16896,8,43000000,0,user_29,888,899,
15679,9,43000000,0,user_47,881,899,
18536,10,30000001,0,builder_15,899,899,16613
16613,11,30000000,769000,user_45,886,899,
18340,12,30000000,322000,user_44,898,899,
18537,13,29999999,0,builder_15,899,899,18340
17240,14,30000001,0,user_1,890,899,16613
17061,15,30000001,0,user_19,889,899,16613
17064,16,30000001,0,user_21,889,899,16613
17427,17,30000001,0,user_2,891,899,16613
17428,18,30000001,0,user_2,891,899,16613
17429,19,30000001,0,user_2,891,899,16613
17435,20,30000001,0,user_11,891,899,16613
17436,21,30000001,0,user_11,891,899,16613
17438,22,30000001,0,user_13,891,899,16613
17444,23,30000001,0,user_17,891,899,16613
17434,24,30000001,0,user_7,891,899,16613
17448,25,30000001,0,user_21,891,899,16613
17452,26,30000001,0,user_25,891,899,16613
17440,27,30000001,0,user_15,891,899,16613
17239,28,30000001,0,user_0,890,899,16613
17247,29,30000001,0,user_4,890,899,16613
17262,30,30000001,0,user_12,890,899,16613
17265,31,30000001,0,user_12,890,899,16613
17261,32,30000001,0,user_11,890,899,16613
17275,33,30000001,0,user_18,890,899,16613
17241,34,30000001,0,user_2,890,899,16613
17242,35,30000001,0,user_2,890,899,16613
17244,36,30000001,0,user_3,890,899,16613
17245,37,30000001,0,user_3,890,899,16613
17283,38,30000001,0,user_26,890,899,16613
17278,39,30000001,0,user_20,890,899,16613
17256,40,30000001,0,user_9,890,899,16613
16719,41,30000001,0,user_0,887,899,16613
17062,42,30000001,0,user_20,889,899,16613
17053,43,30000001,0,user_15,889,899,16613
17054,44,30000001,0,user_17,889,899,16613
17056,45,30000001,0,user_18,889,899,16613
17059,46,30000001,0,user_18,889,899,16613
17060,47,30000001,0,user_18,889,899,16613
17069,48,30000001,0,user_25,889,899,16613
17070,49,30000001,0,user_26,889,899,16613
17268,50,30000001,0,user_13,890,899,16613
17269,51,30000001,0,user_13,890,899,16613
17271,52,30000001,0,user_13,890,899,16613
17276,53,30000001,0,user_19,890,899,16613
17277,54,30000001,0,user_19,890,899,16613
18336,55,30000000,0,user_40,898,899,
18220,56,30000000,0,user_39,897,899,
17972,57,30000000,0,user_29,895,899,
16292,58,30000000,0,user_42,884,899,
16468,59,30000000,0,user_43,885,899,
16603,60,30000000,0,user_31,886,899,
17253,61,29999999,0,user_7,890,899,16613
17063,62,29999999,0,user_21,889,899,16613
17426,63,29999999,0,user_0,891,899,16613
17449,64,29999999,0,user_22,891,899,16613
17431,65,29999999,0,user_3,891,899,16613
17442,66,29999999,0,user_16,891,899,16613
17443,67,29999999,0,user_16,891,899,16613
17249,68,29999999,0,user_5,890,899,16613
17446,69,29999999,0,user_20,891,899,16613
17266,70,29999999,0,user_12,890,899,16613
17273,71,29999999,0,user_16,890,899,16613
17274,72,29999999,0,user_16,890,899,16613
17255,73,29999999,0,user_8,890,899,16613
17280,74,29999999,0,user_23,890,899,16613
17279,75,29999999,0,user_22,890,899,16613
17282,76,29999999,0,user_26,890,899,16613
17272,77,29999999,0,user_15,890,899,16613
17258,78,29999999,0,user_10,890,899,16613
17259,79,29999999,0,user_10,890,899,16613
17445,80,29999999,0,user_19,891,899,16613
17055,81,29999999,0,user_17,889,899,16613
17066,82,29999999,0,user_23,889,899,16613
17267,83,29999999,0,user_13,890,899,16613
17270,84,29999999,0,user_13,890,899,16613
17607,85,29999999,0,user_8,892,899,16613
16873,86,29999999,0,user_7,888,899,16613
16874,87,29999999,0,user_8,888,899,16613
17050,88,29999999,0,user_13,889,899,16613
18538,89,27000001,0,builder_15,899,899,16902
16902,90,27000000,779000,user_36,888,899,
17051,91,27000001,0,user_14,889,899,16902
17739,92,27000001,0,user_9,893,899,16902
17610,93,27000001,0,user_10,892,899,16902
17612,94,27000001,0,user_13,892,899,16902
17601,95,27000001,0,user_1,892,899,16902
17602,96,27000001,0,user_1,892,899,16902
17614,97,27000001,0,user_15,892,899,16902
17615,98,27000001,0,user_21,892,899,16902
17618,99,27000001,0,user_22,892,899,16902
15543,86,3200000,17700000,user_39,900,911,
15604,1,3199999,0,builder_15,900,900,15543
15511,84,5200000,181000,user_1,900,910,
15605,3,5199999,0,builder_15,900,900,15511
15526,95,5200001,0,user_12,900,910,15511
15532,98,5200001,0,user_19,900,910,15511
15530,96,5200001,0,user_15,900,910,15511
15517,97,5200001,0,user_6,900,910,15511
15537,99,5200001,0,user_26,900,910,15511
15527,83,5199999,0,user_12,900,909,15511
15519,84,5199999,0,user_7,900,909,15511
15520,85,5199999,0,user_7,900,909,15511
15533,80,5199999,0,user_19,900,909,15511
15531,86,5199999,0,user_15,900,909,15511
15518,81,5199999,0,user_6,900,909,15511
15534,82,5199999,0,user_22,900,909,15511
15541,85,2600000,0,user_37,900,905,
15544,91,2000000,15100,user_40,900,905,
15606,18,1999999,0,builder_15,900,900,15544
15553,94,2000000,0,user_44,900,905,
15557,97,1900000,0,user_47,900,905,
15556,93,1500000,0,user_47,900,904,
15559,95,1300000,13800,user_47,900,904,
15607,23,1299999,0,builder_15,900,900,15559
15560,82,1000000,0,user_48,900,902,
15525,86,910000,0,user_11,900,902,
15515,87,870000,0,user_4,900,902,
15535,89,670000,0,user_23,900,902,
15524,88,670000,0,user_10,900,902,
15523,92,470000,0,user_10,900,902,
15510,96,460000,0,user_1,900,902,
15522,93,460000,0,user_9,900,902,
15550,94,460000,0,user_44,900,902,
15552,97,420000,18600,user_44,900,902,
15608,34,419999,0,builder_15,900,900,15552
15558,64,420000,0,user_47,900,901,
15514,70,300000,0,user_1,900,901,
15516,71,260000,0,user_5,900,901,
15609,38,150001,0,builder_15,900,900,15549
15549,73,150000,75000,user_44,900,901,
15529,74,220000,0,user_14,900,901,
15610,41,170001,0,builder_15,900,900,15528
15528,42,170000,24700,user_13,900,900,
15512,76,190000,0,user_1,900,901,
15509,80,170000,0,user_0,900,901,
15513,83,160000,0,user_1,900,901,
15554,84,160000,0,user_45,900,901,
15551,96,120000,0,user_44,900,901,
15536,97,110000,0,user_24,900,901,
15521,49,98000,0,user_8,900,900,
15555,50,80000,0,user_47,900,900,
15545,51,77000,0,user_40,900,900,
15679,9,43000000,0,user_47,901,919,
15812,1,3200001,0,builder_15,901,901,15543
15543,86,3200000,17700000,user_39,900,911,
15676,93,6300000,0,user_45,901,911,
15677,94,6300000,0,user_45,901,911,
15813,5,5200001,0,builder_15,901,901,15511
15511,84,5200000,181000,user_1,900,910,
15526,95,5200001,0,user_12,900,910,15511
15532,98,5200001,0,user_19,900,910,15511
15517,97,5200001,0,user_6,900,910,15511
15530,96,5200001,0,user_15,900,910,15511
15537,99,5200001,0,user_26,900,910,15511
15645,64,5200001,0,user_13,901,909,15511
15654,94,5200001,0,user_18,901,910,15511
15519,84,5199999,0,user_7,900,909,15511
15520,85,5199999,0,user_7,900,909,15511
15527,83,5199999,0,user_12,900,909,15511
15533,80,5199999,0,user_19,900,909,15511
15518,81,5199999,0,user_6,900,909,15511
15531,86,5199999,0,user_15,900,909,15511
15534,82,5199999,0,user_22,900,909,15511
15641,88,5199999,0,user_11,901,909,15511
15647,89,5199999,0,user_14,901,909,15511
15651,78,5199999,0,user_18,901,909,15511
15665,96,4500000,0,user_31,901,909,
15666,78,3600000,0,user_32,901,907,
15664,79,3500000,0,user_31,901,907,
15643,92,3200001,0,user_11,901,907,15543
15629,83,3200001,0,user_1,901,907,15543
15634,90,3200001,0,user_7,901,907,15543
15636,91,3200001,0,user_7,901,907,15543
15632,84,3200001,0,user_5,901,907,15543
15640,72,3199999,0,user_11,901,905,15543
15630,71,3199999,0,user_2,901,905,15543
15644,76,3199999,0,user_13,901,905,15543
15635,73,3199999,0,user_7,901,905,15543
15656,69,3199999,0,user_19,901,905,15543
15639,74,3199999,0,user_10,901,905,15543
15649,70,3199999,0,user_15,901,905,15543
15541,85,2600000,0,user_37,900,905,
15539,84,2600000,0,user_29,900,905,
15542,90,2100000,0,user_38,900,905,
15814,42,2000001,0,builder_15,901,901,15544
15544,91,2000000,15100,user_40,900,905,
15627,93,2000001,0,user_0,901,905,15544
15553,94,2000000,0,user_44,900,905,
15557,97,1900000,0,user_47,900,905,
15556,93,1500000,0,user_47,900,904,
15559,95,1300000,13800,user_47,900,904,
15815,49,1299999,0,builder_15,901,901,15559
15560,82,1000000,0,user_48,900,902,
15525,86,910000,0,user_11,900,902,
15515,87,870000,0,user_4,900,902,
15535,89,670000,0,user_23,900,902,
15524,88,670000,0,user_10,900,902,
15523,92,470000,0,user_10,900,902,
15510,96,460000,0,user_1,900,902,
15547,95,460000,0,user_41,900,902,
15550,94,460000,0,user_44,900,902,
15522,93,460000,0,user_9,900,902,
15552,97,420000,18600,user_44,900,902,
15816,61,419999,0,builder_15,901,901,15552
15637,99,420001,0,user_7,901,902,15552
15660,63,420001,0,user_25,901,901,15552
15558,64,420000,0,user_47,900,901,
15642,65,419999,0,user_11,901,901,15552
15661,66,419999,0,user_25,901,901,15552
15817,67,360001,0,builder_15,901,901,15671
15671,68,360000,56200,user_39,901,901,
15540,69,340000,0,user_34,900,901,
15514,70,300000,0,user_1,900,901,
15516,71,260000,0,user_5,900,901,
15818,72,150001,0,builder_15,901,901,15549
15549,73,150000,75000,user_44,900,901,
15529,74,220000,0,user_14,900,901,
15561,75,220000,0,user_49,900,901,
15512,76,190000,0,user_1,900,901,
15658,77,170001,0,user_21,901,901,15528
15659,78,170001,0,user_24,901,901,15528
15648,79,170001,0,user_15,901,901,15528
15509,80,170000,0,user_0,900,901,
15663,81,150000,14200,user_30,901,901,
15819,82,149999,0,builder_15,901,901,15663
15513,83,160000,0,user_1,900,901,
15554,84,160000,0,user_45,900,901,
15631,85,150001,0,user_4,901,901,15549
15652,86,150001,0,user_18,901,901,15549
15655,87,150001,0,user_18,901,901,15549
15628,88,150001,0,user_0,901,901,15549
15667,89,150000,0,user_32,901,901,
15646,90,149999,0,user_14,901,901,15549
15650,91,149999,0,user_16,901,901,15549
15653,92,149999,0,user_18,901,901,15549
15548,93,130000,18600,user_43,900,901,
15820,94,129999,0,builder_15,901,901,15548
15638,95,129999,0,user_8,901,901,15548
15551,96,120000,0,user_44,900,901,
15536,97,110000,0,user_24,900,901,
15546,98,110000,0,user_41,900,901,
15538,99,110000,0,user_27,900,901,
15679,9,43000000,0,user_47,901,919,
15902,6,43000000,0,user_45,902,919,
16036,2,3200001,0,builder_15,902,902,15543
15543,86,3200000,17700000,user_39,900,911,
15676,93,6300000,0,user_45,901,911,
15677,94,6300000,0,user_45,901,911,
15900,96,6100000,0,user_40,902,911,
16037,7,5200001,0,builder_15,902,902,15511
15511,84,5200000,181000,user_1,900,910,
15532,98,5200001,0,user_19,900,910,15511
15517,97,5200001,0,user_6,900,910,15511
15530,96,5200001,0,user_15,900,910,15511
15537,99,5200001,0,user_26,900,910,15511
15526,95,5200001,0,user_12,900,910,15511
15654,94,5200001,0,user_18,901,910,15511
15866,93,5200001,0,user_10,902,910,15511
15903,66,5200000,0,user_45,902,909,
15647,89,5199999,0,user_14,901,909,15511
15519,84,5199999,0,user_7,900,909,15511
15520,85,5199999,0,user_7,900,909,15511
15533,80,5199999,0,user_19,900,909,15511
15518,81,5199999,0,user_6,900,909,15511
15531,86,5199999,0,user_15,900,909,15511
15534,82,5199999,0,user_22,900,909,15511
15641,88,5199999,0,user_11,901,909,15511
15527,83,5199999,0,user_12,900,909,15511
15651,78,5199999,0,user_18,901,909,15511
15863,79,5199999,0,user_10,902,909,15511
15895,91,5000000,0,user_36,902,909,
15665,96,4500000,0,user_31,901,909,
15666,78,3600000,0,user_32,901,907,
15664,79,3500000,0,user_31,901,907,
15629,83,3200001,0,user_1,901,907,15543
15634,90,3200001,0,user_7,901,907,15543
15636,91,3200001,0,user_7,901,907,15543
15632,84,3200001,0,user_5,901,907,15543
15633,93,3200001,0,user_6,901,907,15543
15643,92,3200001,0,user_11,901,907,15543
15854,94,3200001,0,user_1,902,907,15543
15859,85,3200001,0,user_5,902,907,15543
15865,86,3200001,0,user_10,902,907,15543
15630,71,3199999,0,user_2,901,905,15543
15635,73,3199999,0,user_7,901,905,15543
15656,69,3199999,0,user_19,901,905,15543
15639,74,3199999,0,user_10,901,905,15543
15657,94,3199999,0,user_20,901,906,15543
15649,70,3199999,0,user_15,901,905,15543
15640,72,3199999,0,user_11,901,905,15543
15857,95,3199999,0,user_3,902,906,15543
15861,96,3199999,0,user_7,902,906,15543
15874,99,3199999,0,user_18,902,906,15543
15878,97,3199999,0,user_21,902,906,15543
15879,98,3199999,0,user_21,902,906,15543
15881,81,3199999,0,user_24,902,905,15543
15539,84,2600000,0,user_29,900,905,
15541,85,2600000,0,user_37,900,905,
15542,90,2100000,0,user_38,900,905,
15544,91,2000000,15100,user_40,900,905,
16038,58,1999999,0,builder_15,902,902,15544
15627,93,2000001,0,user_0,901,905,15544
15553,94,2000000,0,user_44,900,905,
15557,97,1900000,0,user_47,900,905,
15898,99,1700000,0,user_39,902,905,
15896,90,1600000,0,user_37,902,904,
15556,93,1500000,0,user_47,900,904,
15559,95,1300000,13800,user_47,900,904,
16039,66,1299999,0,builder_15,902,902,15559
15907,82,1200000,0,user_48,902,903,
15891,84,1100000,0,user_32,902,903,
16040,69,1000001,0,builder_15,902,902,15673
15673,86,1000000,66100,user_42,901,903,
16041,71,1000001,0,builder_15,902,902,15888
15888,88,1000000,3130,user_32,902,903,
15855,99,1000001,0,user_1,902,903,15673
15870,91,1000001,0,user_14,902,903,15673
15877,92,1000001,0,user_21,902,903,15673
15882,95,1000001,0,user_25,902,903,15673
15875,90,1000001,0,user_19,902,903,15673
15880,94,1000001,0,user_23,902,903,15673
15864,93,1000001,0,user_10,902,903,15673
15862,97,1000001,0,user_9,902,903,15673
15883,96,1000001,0,user_26,902,903,15673
15560,82,1000000,0,user_48,900,902,
15867,83,999999,0,user_11,902,902,15673
15873,84,999999,0,user_17,902,902,15673
15871,85,999999,0,user_15,902,902,15673
15525,86,910000,0,user_11,900,902,
15515,87,870000,0,user_4,900,902,
15524,88,670000,0,user_10,900,902,
15535,89,670000,0,user_23,900,902,
16042,90,190001,0,builder_15,902,902,15670
15670,91,190000,381000,user_38,901,902,
15523,92,470000,0,user_10,900,902,
15522,93,460000,0,user_9,900,902,
15550,94,460000,0,user_44,900,902,
15547,95,460000,0,user_41,900,902,
15510,96,460000,0,user_1,900,902,
15552,97,420000,18600,user_44,900,902,
16043,98,419999,0,builder_15,902,902,15552
15637,99,420001,0,user_7,901,902,15552
15902,6,43000000,0,user_45,902,919,
15679,9,43000000,0,user_47,901,919,
16205,2,3200001,0,builder_15,903,903,15543
15543,86,3200000,17700000,user_39,900,911,
15676,93,6300000,0,user_45,901,911,
15677,94,6300000,0,user_45,901,911,
15900,96,6100000,0,user_40,902,911,
16111,97,6100000,0,user_45,903,911,
15511,84,5200000,181000,user_1,900,910,
16206,9,5199999,0,builder_15,903,903,15511
15866,93,5200001,0,user_10,902,910,15511
15645,64,5200001,0,user_13,901,909,15511
15654,94,5200001,0,user_18,901,910,15511
15526,95,5200001,0,user_12,900,910,15511
15532,98,5200001,0,user_19,900,910,15511
15517,97,5200001,0,user_6,900,910,15511
15530,96,5200001,0,user_15,900,910,15511
15537,99,5200001,0,user_26,900,910,15511
15903,66,5200000,0,user_45,902,909,
16087,67,5200000,0,user_28,903,909,
15863,79,5199999,0,user_10,902,909,15511
15641,88,5199999,0,user_11,901,909,15511
15647,89,5199999,0,user_14,901,909,15511
15651,78,5199999,0,user_18,901,909,15511
15527,83,5199999,0,user_12,900,909,15511
15519,84,5199999,0,user_7,900,909,15511
15520,85,5199999,0,user_7,900,909,15511
15533,80,5199999,0,user_19,900,909,15511
15518,81,5199999,0,user_6,900,909,15511
15531,86,5199999,0,user_15,900,909,15511
15534,82,5199999,0,user_22,900,909,15511
15895,91,5000000,0,user_36,902,909,
15665,96,4500000,0,user_31,901,909,
16101,97,4500000,0,user_37,903,909,
15666,78,3600000,0,user_32,901,907,
15664,79,3500000,0,user_31,901,907,
15865,86,3200001,0,user_10,902,907,15543
15633,93,3200001,0,user_6,901,907,15543
15643,92,3200001,0,user_11,901,907,15543
15634,90,3200001,0,user_7,901,907,15543
15636,91,3200001,0,user_7,901,907,15543
15854,94,3200001,0,user_1,902,907,15543
15859,85,3200001,0,user_5,902,907,15543
16077,87,3200001,0,user_16,903,907,15543
15629,83,3200001,0,user_1,901,907,15543
15632,84,3200001,0,user_5,901,907,15543
15861,96,3199999,0,user_7,902,906,15543
15857,95,3199999,0,user_3,902,906,15543
15878,97,3199999,0,user_21,902,906,15543
15879,98,3199999,0,user_21,902,906,15543
15874,99,3199999,0,user_18,902,906,15543
15881,81,3199999,0,user_24,902,905,15543
16066,82,3199999,0,user_1,903,905,15543
15640,72,3199999,0,user_11,901,905,15543
15635,73,3199999,0,user_7,901,905,15543
15639,74,3199999,0,user_10,901,905,15543
15657,94,3199999,0,user_20,901,906,15543
15644,76,3199999,0,user_13,901,905,15543
16078,68,3199999,0,user_17,903,905,15543
15630,71,3199999,0,user_2,901,905,15543
15656,69,3199999,0,user_19,901,905,15543
15649,70,3199999,0,user_15,901,905,15543
15541,85,2600000,0,user_37,900,905,
15539,84,2600000,0,user_29,900,905,
16097,89,2300000,0,user_35,903,905,
15542,90,2100000,0,user_38,900,905,
15544,91,2000000,15100,user_40,900,905,
16207,67,1999999,0,builder_15,903,903,15544
15627,93,2000001,0,user_0,901,905,15544
15553,94,2000000,0,user_44,900,905,
16100,96,1900000,0,user_36,903,905,
15557,97,1900000,0,user_47,900,905,
15898,99,1700000,0,user_39,902,905,
16113,98,1700000,0,user_47,903,905,
15896,90,1600000,0,user_37,902,904,
16096,92,1500000,0,user_33,903,904,
15556,93,1500000,0,user_47,900,904,
15559,95,1300000,13800,user_47,900,904,
16208,78,1299999,0,builder_15,903,903,15559
15904,97,1300000,0,user_46,902,904,
16098,98,1300000,0,user_35,903,904,
16103,99,1300000,0,user_39,903,904,
15907,82,1200000,0,user_48,902,903,
16108,83,1200000,0,user_40,903,903,
15891,84,1100000,0,user_32,902,903,
16106,85,1100000,0,user_39,903,903,
15673,86,1000000,66100,user_42,901,903,
16209,87,999999,0,builder_15,903,903,15673
15888,88,1000000,3130,user_32,902,903,
16210,89,999999,0,builder_15,903,903,15888
15875,90,1000001,0,user_19,902,903,15673
15870,91,1000001,0,user_14,902,903,15673
15877,92,1000001,0,user_21,902,903,15673
15864,93,1000001,0,user_10,902,903,15673
15880,94,1000001,0,user_23,902,903,15673
15882,95,1000001,0,user_25,902,903,15673
15883,96,1000001,0,user_26,902,903,15673
15862,97,1000001,0,user_9,902,903,15673
16068,98,1000001,0,user_4,903,903,15673
15855,99,1000001,0,user_1,902,903,15673
15902,6,43000000,0,user_45,902,919,
15679,9,43000000,0,user_47,901,919,
16112,94,27000000,0,user_46,903,912,
15543,86,3200000,17700000,user_39,900,911,
16386,4,3199999,0,builder_15,904,904,15543
16387,5,6300001,0,builder_15,904,904,16282
16282,91,6300000,5630,user_32,904,911,
15676,93,6300000,0,user_45,901,911,
15677,94,6300000,0,user_45,901,911,
16111,97,6100000,0,user_45,903,911,
15900,96,6100000,0,user_40,902,911,
16388,11,5200001,0,builder_15,904,904,15511
15511,84,5200000,181000,user_1,900,910,
15866,93,5200001,0,user_10,902,910,15511
16263,85,5200001,0,user_17,904,910,15511
16264,86,5200001,0,user_18,904,910,15511
15654,94,5200001,0,user_18,901,910,15511
15517,97,5200001,0,user_6,900,910,15511
15537,99,5200001,0,user_26,900,910,15511
15532,98,5200001,0,user_19,900,910,15511
15530,96,5200001,0,user_15,900,910,15511
15526,95,5200001,0,user_12,900,910,15511
15645,64,5200001,0,user_13,901,909,15511
15903,66,5200000,0,user_45,902,909,
16087,67,5200000,0,user_28,903,909,
16299,65,5200000,0,user_48,904,909,
15641,88,5199999,0,user_11,901,909,15511
15863,79,5199999,0,user_10,902,909,15511
15651,78,5199999,0,user_18,901,909,15511
15518,81,5199999,0,user_6,900,909,15511
15534,82,5199999,0,user_22,900,909,15511
15533,80,5199999,0,user_19,900,909,15511
15519,84,5199999,0,user_7,900,909,15511
15520,85,5199999,0,user_7,900,909,15511
15531,86,5199999,0,user_15,900,909,15511
15527,83,5199999,0,user_12,900,909,15511
15647,89,5199999,0,user_14,901,909,15511
16243,87,5199999,0,user_9,904,909,15511
15895,91,5000000,0,user_36,902,909,
16101,97,4500000,0,user_37,903,909,
15665,96,4500000,0,user_31,901,909,
15666,78,3600000,0,user_32,901,907,
15664,79,3500000,0,user_31,901,907,
15854,94,3200001,0,user_1,902,907,15543
15859,85,3200001,0,user_5,902,907,15543
15643,92,3200001,0,user_11,901,907,15543
15865,86,3200001,0,user_10,902,907,15543
16077,87,3200001,0,user_16,903,907,15543
16245,95,3200001,0,user_11,904,907,15543
16229,89,3200001,0,user_0,904,907,15543
16235,88,3200001,0,user_2,904,907,15543
16259,96,3200001,0,user_16,904,907,15543
15629,83,3200001,0,user_1,901,907,15543
15632,84,3200001,0,user_5,901,907,15543
15633,93,3200001,0,user_6,901,907,15543
15634,90,3200001,0,user_7,901,907,15543
15636,91,3200001,0,user_7,901,907,15543
16301,98,3200000,0,user_48,904,907,
15857,95,3199999,0,user_3,902,906,15543
15861,96,3199999,0,user_7,902,906,15543
15874,99,3199999,0,user_18,902,906,15543
15881,81,3199999,0,user_24,902,905,15543
15640,72,3199999,0,user_11,901,905,15543
15878,97,3199999,0,user_21,902,906,15543
15879,98,3199999,0,user_21,902,906,15543
16066,82,3199999,0,user_1,903,905,15543
16078,68,3199999,0,user_17,903,905,15543
16232,64,3199999,0,user_2,904,905,15543
16271,65,3199999,0,user_25,904,905,15543
15630,71,3199999,0,user_2,901,905,15543
15649,70,3199999,0,user_15,901,905,15543
15656,69,3199999,0,user_19,901,905,15543
15639,74,3199999,0,user_10,901,905,15543
15635,73,3199999,0,user_7,901,905,15543
15644,76,3199999,0,user_13,901,905,15543
15657,94,3199999,0,user_20,901,906,15543
15539,84,2600000,0,user_29,900,905,
15541,85,2600000,0,user_37,900,905,
16102,87,2400000,0,user_38,903,905,
16296,86,2400000,0,user_47,904,905,
16097,89,2300000,0,user_35,903,905,
15542,90,2100000,0,user_38,900,905,
16389,82,2000001,0,builder_15,904,904,15544
15544,91,2000000,15100,user_40,900,905,
15627,93,2000001,0,user_0,901,905,15544
15553,94,2000000,0,user_44,900,905,
16100,96,1900000,0,user_36,903,905,
15557,97,1900000,0,user_47,900,905,
16113,98,1700000,0,user_47,903,905,
15898,99,1700000,0,user_39,902,905,
15896,90,1600000,0,user_37,902,904,
16110,91,1600000,0,user_42,903,904,
16096,92,1500000,0,user_33,903,904,
15556,93,1500000,0,user_47,900,904,
16288,94,1400000,0,user_39,904,904,
15559,95,1300000,13800,user_47,900,904,
16390,96,1299999,0,builder_15,904,904,15559
15904,97,1300000,0,user_46,902,904,
16098,98,1300000,0,user_35,903,904,
16103,99,1300000,0,user_39,903,904,
15679,9,43000000,0,user_47,901,919,
15902,6,43000000,0,user_45,902,919,
16292,58,30000000,0,user_42,904,919,
16112,94,27000000,0,user_46,903,912,
15543,86,3200000,17700000,user_39,900,911,
16544,5,3199999,0,builder_15,905,905,15543
16282,91,6300000,5630,user_32,904,911,
16545,7,6299999,0,builder_15,905,905,16282
16445,92,6300000,0,user_28,905,911,
15676,93,6300000,0,user_45,901,911,
15677,94,6300000,0,user_45,901,911,
16111,97,6100000,0,user_45,903,911,
15900,96,6100000,0,user_40,902,911,
16546,13,5200001,0,builder_15,905,905,16457
16457,99,5200000,215000,user_37,905,911,
15511,84,5200000,181000,user_1,900,910,
16547,16,5199999,0,builder_15,905,905,15511
16263,85,5200001,0,user_17,904,910,15511
16264,86,5200001,0,user_18,904,910,15511
16443,87,5200001,0,user_24,905,910,15511
15517,97,5200001,0,user_6,900,910,15511
15537,99,5200001,0,user_26,900,910,15511
15526,95,5200001,0,user_12,900,910,15511
15530,96,5200001,0,user_15,900,910,15511
15532,98,5200001,0,user_19,900,910,15511
15654,94,5200001,0,user_18,901,910,15511
15645,64,5200001,0,user_13,901,909,15511
15866,93,5200001,0,user_10,902,910,15511
16299,65,5200000,0,user_48,904,909,
16087,67,5200000,0,user_28,903,909,
15903,66,5200000,0,user_45,902,909,
16243,87,5199999,0,user_9,904,909,15511
15518,81,5199999,0,user_6,900,909,15511
15534,82,5199999,0,user_22,900,909,15511
15519,84,5199999,0,user_7,900,909,15511
15520,85,5199999,0,user_7,900,909,15511
15527,83,5199999,0,user_12,900,909,15511
15531,86,5199999,0,user_15,900,909,15511
15533,80,5199999,0,user_19,900,909,15511
15651,78,5199999,0,user_18,901,909,15511
15641,88,5199999,0,user_11,901,909,15511
15647,89,5199999,0,user_14,901,909,15511
15863,79,5199999,0,user_10,902,909,15511
15895,91,5000000,0,user_36,902,909,
16101,97,4500000,0,user_37,903,909,
15665,96,4500000,0,user_31,901,909,
15666,78,3600000,0,user_32,901,907,
15664,79,3500000,0,user_31,901,907,
16235,88,3200001,0,user_2,904,907,15543
16259,96,3200001,0,user_16,904,907,15543
16229,89,3200001,0,user_0,904,907,15543
16245,95,3200001,0,user_11,904,907,15543
16410,82,3200001,0,user_1,905,907,15543
16077,87,3200001,0,user_16,903,907,15543
15629,83,3200001,0,user_1,901,907,15543
15632,84,3200001,0,user_5,901,907,15543
15643,92,3200001,0,user_11,901,907,15543
15634,90,3200001,0,user_7,901,907,15543
15636,91,3200001,0,user_7,901,907,15543
15633,93,3200001,0,user_6,901,907,15543
15854,94,3200001,0,user_1,902,907,15543
15859,85,3200001,0,user_5,902,907,15543
15865,86,3200001,0,user_10,902,907,15543
16301,98,3200000,0,user_48,904,907,
16232,64,3199999,0,user_2,904,905,15543
16271,65,3199999,0,user_25,904,905,15543
16433,99,3199999,0,user_18,905,907,15543
15874,99,3199999,0,user_18,902,906,15543
16078,68,3199999,0,user_17,903,905,15543
15656,69,3199999,0,user_19,901,905,15543
15649,70,3199999,0,user_15,901,905,15543
15630,71,3199999,0,user_2,901,905,15543
15640,72,3199999,0,user_11,901,905,15543
15635,73,3199999,0,user_7,901,905,15543
15639,74,3199999,0,user_10,901,905,15543
15657,94,3199999,0,user_20,901,906,15543
15644,76,3199999,0,user_13,901,905,15543
15857,95,3199999,0,user_3,902,906,15543
15861,96,3199999,0,user_7,902,906,15543
15878,97,3199999,0,user_21,902,906,15543
15879,98,3199999,0,user_21,902,906,15543
15881,81,3199999,0,user_24,902,905,15543
16066,82,3199999,0,user_1,903,905,15543
16421,92,3199999,0,user_9,905,906,15543
15539,84,2600000,0,user_29,900,905,
15541,85,2600000,0,user_37,900,905,
16296,86,2400000,0,user_47,904,905,
16102,87,2400000,0,user_38,903,905,
16463,88,2300000,0,user_39,905,905,
16097,89,2300000,0,user_35,903,905,
15542,90,2100000,0,user_38,900,905,
15544,91,2000000,15100,user_40,900,905,
16548,92,1999999,0,builder_15,905,905,15544
15627,93,2000001,0,user_0,901,905,15544
15553,94,2000000,0,user_44,900,905,
16456,95,1900000,0,user_36,905,905,
16100,96,1900000,0,user_36,903,905,
15557,97,1900000,0,user_47,900,905,
16113,98,1700000,0,user_47,903,905,
15898,99,1700000,0,user_39,902,905,
15902,6,43000000,0,user_45,902,919,
15679,9,43000000,0,user_47,901,919,
16695,2,30000001,0,builder_15,906,906,16613
16613,11,30000000,769000,user_45,906,919,
16468,59,30000000,0,user_43,905,919,
16292,58,30000000,0,user_42,904,919,
16603,60,30000000,0,user_31,906,919,
16112,94,27000000,0,user_46,903,912,
16696,8,3200001,0,builder_15,906,906,15543
15543,86,3200000,17700000,user_39,900,911,
16697,10,6300001,0,builder_15,906,906,16282
16282,91,6300000,5630,user_32,904,911,
16445,92,6300000,0,user_28,905,911,
15676,93,6300000,0,user_45,901,911,
15677,94,6300000,0,user_45,901,911,
16111,97,6100000,0,user_45,903,911,
15900,96,6100000,0,user_40,902,911,
16457,99,5200000,215000,user_37,905,911,
16698,18,5199999,0,builder_15,906,906,16457
15511,84,5200000,181000,user_1,900,910,
16699,20,5199999,0,builder_15,906,906,15511
16443,87,5200001,0,user_24,905,910,15511
16568,90,5200001,0,user_5,906,910,16457
16584,92,5200001,0,user_13,906,910,16457
16587,88,5200001,0,user_14,906,910,16457
16591,89,5200001,0,user_16,906,910,16457
16264,86,5200001,0,user_18,904,910,15511
15866,93,5200001,0,user_10,902,910,15511
16263,85,5200001,0,user_17,904,910,15511
15526,95,5200001,0,user_12,900,910,15511
15530,96,5200001,0,user_15,900,910,15511
15517,97,5200001,0,user_6,900,910,15511
15532,98,5200001,0,user_19,900,910,15511
15537,99,5200001,0,user_26,900,910,15511
15654,94,5200001,0,user_18,901,910,15511
16598,50,5200001,0,user_23,906,909,16457
15645,64,5200001,0,user_13,901,909,15511
16589,91,5200001,0,user_15,906,910,16457
16299,65,5200000,0,user_48,904,909,
15903,66,5200000,0,user_45,902,909,
16087,67,5200000,0,user_28,903,909,
16563,75,5199999,0,user_1,906,909,16457
16566,76,5199999,0,user_1,906,909,16457
16569,77,5199999,0,user_5,906,909,16457
16581,74,5199999,0,user_12,906,909,16457
16585,69,5199999,0,user_14,906,909,16457
16571,68,5199999,0,user_7,906,909,16457
16243,87,5199999,0,user_9,904,909,15511
15863,79,5199999,0,user_10,902,909,15511
15519,84,5199999,0,user_7,900,909,15511
15520,85,5199999,0,user_7,900,909,15511
15527,83,5199999,0,user_12,900,909,15511
15531,86,5199999,0,user_15,900,909,15511
15518,81,5199999,0,user_6,900,909,15511
15533,80,5199999,0,user_19,900,909,15511
15534,82,5199999,0,user_22,900,909,15511
15651,78,5199999,0,user_18,901,909,15511
15641,88,5199999,0,user_11,901,909,15511
15647,89,5199999,0,user_14,901,909,15511
16577,73,5199999,0,user_9,906,909,16457
16590,71,5199999,0,user_15,906,909,16457
16570,70,5199999,0,user_6,906,909,16457
16599,72,5199999,0,user_26,906,909,16457
16600,90,5000000,0,user_28,906,909,
15895,91,5000000,0,user_36,902,909,
16609,94,4200000,410000,user_39,906,909,
16700,66,4199999,0,builder_15,906,906,16609
16101,97,4500000,0,user_37,903,909,
15665,96,4500000,0,user_31,901,909,
15666,78,3600000,0,user_32,901,907,
15664,79,3500000,0,user_31,901,907,
16410,82,3200001,0,user_1,905,907,15543
16245,95,3200001,0,user_11,904,907,15543
16259,96,3200001,0,user_16,904,907,15543
16229,89,3200001,0,user_0,904,907,15543
15865,86,3200001,0,user_10,902,907,15543
15859,85,3200001,0,user_5,902,907,15543
16077,87,3200001,0,user_16,903,907,15543
16235,88,3200001,0,user_2,904,907,15543
15629,83,3200001,0,user_1,901,907,15543
15632,84,3200001,0,user_5,901,907,15543
15634,90,3200001,0,user_7,901,907,15543
15636,91,3200001,0,user_7,901,907,15543
15643,92,3200001,0,user_11,901,907,15543
15633,93,3200001,0,user_6,901,907,15543
15854,94,3200001,0,user_1,902,907,15543
16596,80,3200001,0,user_22,906,907,15543
16453,97,3200000,0,user_34,905,907,
16301,98,3200000,0,user_48,904,907,
16433,99,3199999,0,user_18,905,907,15543
16436,90,3199999,0,user_20,905,906,15543
16580,91,3199999,0,user_11,906,906,15543
16421,92,3199999,0,user_9,905,906,15543
16586,93,3199999,0,user_14,906,906,15543
15657,94,3199999,0,user_20,901,906,15543
15857,95,3199999,0,user_3,902,906,15543
15861,96,3199999,0,user_7,902,906,15543
15878,97,3199999,0,user_21,902,906,15543
15879,98,3199999,0,user_21,902,906,15543
15874,99,3199999,0,user_18,902,906,15543
15902,6,43000000,0,user_45,902,919,
15679,9,43000000,0,user_47,901,919,
16848,2,30000001,0,builder_15,907,907,16613
16613,11,30000000,769000,user_45,906,919,
16719,41,30000001,0,user_0,907,919,16613
16603,60,30000000,0,user_31,906,919,
16468,59,30000000,0,user_43,905,919,
16292,58,30000000,0,user_42,904,919,
16112,94,27000000,0,user_46,903,912,
16849,9,3200001,0,builder_15,907,907,15543
15543,86,3200000,17700000,user_39,900,911,
16850,11,6300001,0,builder_15,907,907,16282
16282,91,6300000,5630,user_32,904,911,
16445,92,6300000,0,user_28,905,911,
15676,93,6300000,0,user_45,901,911,
15677,94,6300000,0,user_45,901,911,
15900,96,6100000,0,user_40,902,911,
16111,97,6100000,0,user_45,903,911,
16457,99,5200000,215000,user_37,905,911,
16851,19,5199999,0,builder_15,907,907,16457
16852,20,5200001,0,builder_15,907,907,15511
15511,84,5200000,181000,user_1,900,910,
16568,90,5200001,0,user_5,906,910,16457
16598,50,5200001,0,user_23,906,909,16457
16587,88,5200001,0,user_14,906,910,16457
16589,91,5200001,0,user_15,906,910,16457
16591,89,5200001,0,user_16,906,910,16457
16264,86,5200001,0,user_18,904,910,15511
16443,87,5200001,0,user_24,905,910,15511
15526,95,5200001,0,user_12,900,910,15511
15532,98,5200001,0,user_19,900,910,15511
15517,97,5200001,0,user_6,900,910,15511
15530,96,5200001,0,user_15,900,910,15511
15537,99,5200001,0,user_26,900,910,15511
15654,94,5200001,0,user_18,901,910,15511
15866,93,5200001,0,user_10,902,910,15511
16263,85,5200001,0,user_17,904,910,15511
15645,64,5200001,0,user_13,901,909,15511
16299,65,5200000,0,user_48,904,909,
15903,66,5200000,0,user_45,902,909,
16087,67,5200000,0,user_28,903,909,
16569,77,5199999,0,user_5,906,909,16457
16581,74,5199999,0,user_12,906,909,16457
16571,68,5199999,0,user_7,906,909,16457
16570,70,5199999,0,user_6,906,909,16457
16599,72,5199999,0,user_26,906,909,16457
16577,73,5199999,0,user_9,906,909,16457
16585,69,5199999,0,user_14,906,909,16457
16590,71,5199999,0,user_15,906,909,16457
16563,75,5199999,0,user_1,906,909,16457
16566,76,5199999,0,user_1,906,909,16457
16243,87,5199999,0,user_9,904,909,15511
15519,84,5199999,0,user_7,900,909,15511
15520,85,5199999,0,user_7,900,909,15511
15527,83,5199999,0,user_12,900,909,15511
15533,80,5199999,0,user_19,900,909,15511
15518,81,5199999,0,user_6,900,909,15511
15531,86,5199999,0,user_15,900,909,15511
15534,82,5199999,0,user_22,900,909,15511
15651,78,5199999,0,user_18,901,909,15511
15863,79,5199999,0,user_10,902,909,15511
15641,88,5199999,0,user_11,901,909,15511
15647,89,5199999,0,user_14,901,909,15511
16600,90,5000000,0,user_28,906,909,
15895,91,5000000,0,user_36,902,909,
15665,96,4500000,0,user_31,901,909,
16101,97,4500000,0,user_37,903,909,
16728,99,4200001,0,user_17,907,909,16609
16721,98,4200001,0,user_5,907,909,16609
16737,79,4200001,0,user_24,907,908,16609
16727,88,4199999,0,user_16,907,908,16609
16731,92,4199999,0,user_18,907,908,16609
16720,89,4199999,0,user_2,907,908,16609
16732,90,4199999,0,user_19,907,908,16609
16733,91,4199999,0,user_19,907,908,16609
16736,93,4199999,0,user_23,907,908,16609
16738,95,4199999,0,user_26,907,908,16609
16751,77,3600000,0,user_40,907,907,
15666,78,3600000,0,user_32,901,907,
15664,79,3500000,0,user_31,901,907,
16596,80,3200001,0,user_22,906,907,15543
16730,81,3200001,0,user_17,907,907,15543
16410,82,3200001,0,user_1,905,907,15543
15629,83,3200001,0,user_1,901,907,15543
15632,84,3200001,0,user_5,901,907,15543
15859,85,3200001,0,user_5,902,907,15543
15865,86,3200001,0,user_10,902,907,15543
16077,87,3200001,0,user_16,903,907,15543
16235,88,3200001,0,user_2,904,907,15543
16229,89,3200001,0,user_0,904,907,15543
15634,90,3200001,0,user_7,901,907,15543
15636,91,3200001,0,user_7,901,907,15543
15643,92,3200001,0,user_11,901,907,15543
15633,93,3200001,0,user_6,901,907,15543
15854,94,3200001,0,user_1,902,907,15543
16245,95,3200001,0,user_11,904,907,15543
16259,96,3200001,0,user_16,904,907,15543
16453,97,3200000,0,user_34,905,907,
16301,98,3200000,0,user_48,904,907,
16433,99,3199999,0,user_18,905,907,15543
15902,6,43000000,0,user_45,902,919,
15679,9,43000000,0,user_47,901,919,
17008,2,30000001,0,builder_15,908,908,16613
16613,11,30000000,769000,user_45,906,919,
16719,41,30000001,0,user_0,907,919,16613
16468,59,30000000,0,user_43,905,919,
16603,60,30000000,0,user_31,906,919,
16292,58,30000000,0,user_42,904,919,
16873,86,29999999,0,user_7,908,919,16613
16874,87,29999999,0,user_8,908,919,16613
16902,90,27000000,779000,user_36,908,919,
17009,11,26999999,0,builder_15,908,908,16902
16112,94,27000000,0,user_46,903,912,
17010,13,3200001,0,builder_15,908,908,15543
15543,86,3200000,17700000,user_39,900,911,
16903,87,19000000,0,user_37,908,911,
17011,16,6300001,0,builder_15,908,908,16282
16282,91,6300000,5630,user_32,904,911,
16445,92,6300000,0,user_28,905,911,
15676,93,6300000,0,user_45,901,911,
15677,94,6300000,0,user_45,901,911,
15900,96,6100000,0,user_40,902,911,
16111,97,6100000,0,user_45,903,911,
17012,23,5200001,0,builder_15,908,908,16457
16457,99,5200000,215000,user_37,905,911,
17013,25,5200001,0,builder_15,908,908,15511
15511,84,5200000,181000,user_1,900,910,
16587,88,5200001,0,user_14,906,910,16457
16591,89,5200001,0,user_16,906,910,16457
16568,90,5200001,0,user_5,906,910,16457
16598,50,5200001,0,user_23,906,909,16457
16589,91,5200001,0,user_15,906,910,16457
16584,92,5200001,0,user_13,906,910,16457
16264,86,5200001,0,user_18,904,910,15511
16443,87,5200001,0,user_24,905,910,15511
16263,85,5200001,0,user_17,904,910,15511
15526,95,5200001,0,user_12,900,910,15511
15532,98,5200001,0,user_19,900,910,15511
15517,97,5200001,0,user_6,900,910,15511
15530,96,5200001,0,user_15,900,910,15511
15537,99,5200001,0,user_26,900,910,15511
15654,94,5200001,0,user_18,901,910,15511
15866,93,5200001,0,user_10,902,910,15511
15645,64,5200001,0,user_13,901,909,15511
16299,65,5200000,0,user_48,904,909,
15903,66,5200000,0,user_45,902,909,
16087,67,5200000,0,user_28,903,909,
16585,69,5199999,0,user_14,906,909,16457
16563,75,5199999,0,user_1,906,909,16457
16566,76,5199999,0,user_1,906,909,16457
16571,68,5199999,0,user_7,906,909,16457
16569,77,5199999,0,user_5,906,909,16457
16581,74,5199999,0,user_12,906,909,16457
16570,70,5199999,0,user_6,906,909,16457
16590,71,5199999,0,user_15,906,909,16457
16599,72,5199999,0,user_26,906,909,16457
16243,87,5199999,0,user_9,904,909,15511
16577,73,5199999,0,user_9,906,909,16457
15519,84,5199999,0,user_7,900,909,15511
15520,85,5199999,0,user_7,900,909,15511
15527,83,5199999,0,user_12,900,909,15511
15533,80,5199999,0,user_19,900,909,15511
15518,81,5199999,0,user_6,900,909,15511
15531,86,5199999,0,user_15,900,909,15511
15534,82,5199999,0,user_22,900,909,15511
15651,78,5199999,0,user_18,901,909,15511
15863,79,5199999,0,user_10,902,909,15511
15641,88,5199999,0,user_11,901,909,15511
15647,89,5199999,0,user_14,901,909,15511
16600,90,5000000,0,user_28,906,909,
15895,91,5000000,0,user_36,902,909,
16911,93,630000,4320000,user_48,908,909,
17014,72,629999,0,builder_15,908,908,16911
17015,73,4200001,0,builder_15,908,908,16609
16609,94,4200000,410000,user_39,906,909,
15665,96,4500000,0,user_31,901,909,
16101,97,4500000,0,user_37,903,909,
16728,99,4200001,0,user_17,907,909,16609
16721,98,4200001,0,user_5,907,909,16609
16737,79,4200001,0,user_24,907,908,16609
16734,80,4200001,0,user_20,907,908,16609
16880,81,4200001,0,user_11,908,908,16609
16870,82,4200001,0,user_2,908,908,16609
16881,83,4200001,0,user_14,908,908,16609
16885,84,4200001,0,user_18,908,908,16609
16886,85,4200001,0,user_18,908,908,16609
16872,86,4200001,0,user_5,908,908,16609
16876,87,4200001,0,user_8,908,908,16609
16727,88,4199999,0,user_16,907,908,16609
16720,89,4199999,0,user_2,907,908,16609
16732,90,4199999,0,user_19,907,908,16609
16733,91,4199999,0,user_19,907,908,16609
16731,92,4199999,0,user_18,907,908,16609
16736,93,4199999,0,user_23,907,908,16609
16735,94,4199999,0,user_21,907,908,16609
16738,95,4199999,0,user_26,907,908,16609
16879,96,4199999,0,user_11,908,908,16609
16871,97,4199999,0,user_3,908,908,16609
16888,98,4199999,0,user_23,908,908,16609
16877,99,4199999,0,user_9,908,908,16609
16896,8,43000000,0,user_29,908,919,
15902,6,43000000,0,user_45,902,919,
15679,9,43000000,0,user_47,901,919,
16613,11,30000000,769000,user_45,906,919,
17207,4,29999999,0,builder_15,909,909,16613
16719,41,30000001,0,user_0,907,919,16613
17054,44,30000001,0,user_17,909,919,16613
17056,45,30000001,0,user_18,909,919,16613
17059,46,30000001,0,user_18,909,919,16613
17060,47,30000001,0,user_18,909,919,16613
17064,16,30000001,0,user_21,909,919,16613
17069,48,30000001,0,user_25,909,919,16613
17061,15,30000001,0,user_19,909,919,16613
17053,43,30000001,0,user_15,909,919,16613
17070,49,30000001,0,user_26,909,919,16613
16603,60,30000000,0,user_31,906,919,
16292,58,30000000,0,user_42,904,919,
16468,59,30000000,0,user_43,905,919,
16874,87,29999999,0,user_8,908,919,16613
16873,86,29999999,0,user_7,908,919,16613
17050,88,29999999,0,user_13,909,919,16613
17055,81,29999999,0,user_17,909,919,16613
17063,62,29999999,0,user_21,909,919,16613
17066,82,29999999,0,user_23,909,919,16613
16902,90,27000000,779000,user_36,908,919,
17208,25,26999999,0,builder_15,909,909,16902
17051,91,27000001,0,user_14,909,919,16902
16112,94,27000000,0,user_46,903,912,
17043,82,26999999,0,user_4,909,911,16902
17044,79,26999999,0,user_5,909,911,16902
17046,81,26999999,0,user_7,909,911,16902
17058,83,26999999,0,user_18,909,911,16902
17052,80,26999999,0,user_14,909,911,16902
15543,86,3200000,17700000,user_39,900,911,
17209,34,3199999,0,builder_15,909,909,15543
16903,87,19000000,0,user_37,908,911,
16282,91,6300000,5630,user_32,904,911,
17210,37,6299999,0,builder_15,909,909,16282
16912,95,6300000,0,user_49,908,911,
16445,92,6300000,0,user_28,905,911,
15676,93,6300000,0,user_45,901,911,
15677,94,6300000,0,user_45,901,911,
15900,96,6100000,0,user_40,902,911,
16111,97,6100000,0,user_45,903,911,
16457,99,5200000,215000,user_37,905,911,
17211,45,5199999,0,builder_15,909,909,16457
17212,46,5200001,0,builder_15,909,909,15511
15511,84,5200000,181000,user_1,900,910,
16587,88,5200001,0,user_14,906,910,16457
16591,89,5200001,0,user_16,906,910,16457
16598,50,5200001,0,user_23,906,909,16457
16589,91,5200001,0,user_15,906,910,16457
16568,90,5200001,0,user_5,906,910,16457
16584,92,5200001,0,user_13,906,910,16457
16263,85,5200001,0,user_17,904,910,15511
16264,86,5200001,0,user_18,904,910,15511
16443,87,5200001,0,user_24,905,910,15511
15654,94,5200001,0,user_18,901,910,15511
15866,93,5200001,0,user_10,902,910,15511
15532,98,5200001,0,user_19,900,910,15511
15517,97,5200001,0,user_6,900,910,15511
15537,99,5200001,0,user_26,900,910,15511
15526,95,5200001,0,user_12,900,910,15511
15530,96,5200001,0,user_15,900,910,15511
15645,64,5200001,0,user_13,901,909,15511
16299,65,5200000,0,user_48,904,909,
15903,66,5200000,0,user_45,902,909,
16087,67,5200000,0,user_28,903,909,
16571,68,5199999,0,user_7,906,909,16457
16585,69,5199999,0,user_14,906,909,16457
16570,70,5199999,0,user_6,906,909,16457
16590,71,5199999,0,user_15,906,909,16457
16599,72,5199999,0,user_26,906,909,16457
16577,73,5199999,0,user_9,906,909,16457
16581,74,5199999,0,user_12,906,909,16457
16563,75,5199999,0,user_1,906,909,16457
16566,76,5199999,0,user_1,906,909,16457
16569,77,5199999,0,user_5,906,909,16457
15651,78,5199999,0,user_18,901,909,15511
15863,79,5199999,0,user_10,902,909,15511
15533,80,5199999,0,user_19,900,909,15511
15518,81,5199999,0,user_6,900,909,15511
15534,82,5199999,0,user_22,900,909,15511
15527,83,5199999,0,user_12,900,909,15511
15519,84,5199999,0,user_7,900,909,15511
15520,85,5199999,0,user_7,900,909,15511
15531,86,5199999,0,user_15,900,909,15511
16243,87,5199999,0,user_9,904,909,15511
15641,88,5199999,0,user_11,901,909,15511
15647,89,5199999,0,user_14,901,909,15511
16600,90,5000000,0,user_28,906,909,
15895,91,5000000,0,user_36,902,909,
17213,92,630001,0,builder_15,909,909,16911
16911,93,630000,4320000,user_48,908,909,
16609,94,4200000,410000,user_39,906,909,
17214,95,4199999,0,builder_15,909,909,16609
15665,96,4500000,0,user_31,901,909,
16101,97,4500000,0,user_37,903,909,
16721,98,4200001,0,user_5,907,909,16609
16728,99,4200001,0,user_17,907,909,16609
17398,0,43000001,0,builder_15,910,910,17076
17076,0,43000000,545000,user_38,909,919,
16896,8,43000000,0,user_29,908,919,
17300,4,43000000,0,user_48,910,919,
15902,6,43000000,0,user_45,902,919,
15679,9,43000000,0,user_47,901,919,
17399,6,30000001,0,builder_15,910,910,16613
16613,11,30000000,769000,user_45,906,919,
17054,44,30000001,0,user_17,909,919,16613
17061,15,30000001,0,user_19,909,919,16613
17056,45,30000001,0,user_18,909,919,16613
17059,46,30000001,0,user_18,909,919,16613
17060,47,30000001,0,user_18,909,919,16613
17062,42,30000001,0,user_20,909,919,16613
17053,43,30000001,0,user_15,909,919,16613
17064,16,30000001,0,user_21,909,919,16613
17069,48,30000001,0,user_25,909,919,16613
17070,49,30000001,0,user_26,909,919,16613
17261,32,30000001,0,user_11,910,919,16613
17239,28,30000001,0,user_0,910,919,16613
17240,14,30000001,0,user_1,910,919,16613
17247,29,30000001,0,user_4,910,919,16613
17262,30,30000001,0,user_12,910,919,16613
17265,31,30000001,0,user_12,910,919,16613
17241,34,30000001,0,user_2,910,919,16613
17242,35,30000001,0,user_2,910,919,16613
17268,50,30000001,0,user_13,910,919,16613
17269,51,30000001,0,user_13,910,919,16613
17271,52,30000001,0,user_13,910,919,16613
17275,33,30000001,0,user_18,910,919,16613
17244,36,30000001,0,user_3,910,919,16613
17245,37,30000001,0,user_3,910,919,16613
17276,53,30000001,0,user_19,910,919,16613
17277,54,30000001,0,user_19,910,919,16613
16719,41,30000001,0,user_0,907,919,16613
17256,40,30000001,0,user_9,910,919,16613
17283,38,30000001,0,user_26,910,919,16613
16292,58,30000000,0,user_42,904,919,
16468,59,30000000,0,user_43,905,919,
16603,60,30000000,0,user_31,906,919,
16874,87,29999999,0,user_8,908,919,16613
16873,86,29999999,0,user_7,908,919,16613
17050,88,29999999,0,user_13,909,919,16613
17055,81,29999999,0,user_17,909,919,16613
17066,82,29999999,0,user_23,909,919,16613
17063,62,29999999,0,user_21,909,919,16613
17249,68,29999999,0,user_5,910,919,16613
17266,70,29999999,0,user_12,910,919,16613
17267,83,29999999,0,user_13,910,919,16613
17270,84,29999999,0,user_13,910,919,16613
17273,71,29999999,0,user_16,910,919,16613
17274,72,29999999,0,user_16,910,919,16613
17253,61,29999999,0,user_7,910,919,16613
17255,73,29999999,0,user_8,910,919,16613
17258,78,29999999,0,user_10,910,919,16613
17259,79,29999999,0,user_10,910,919,16613
17280,74,29999999,0,user_23,910,919,16613
17272,77,29999999,0,user_15,910,919,16613
17279,75,29999999,0,user_22,910,919,16613
17282,76,29999999,0,user_26,910,919,16613
16902,90,27000000,779000,user_36,908,919,
17400,61,26999999,0,builder_15,910,910,16902
17051,91,27000001,0,user_14,909,919,16902
16112,94,27000000,0,user_46,903,912,
17043,82,26999999,0,user_4,909,911,16902
17052,80,26999999,0,user_14,909,911,16902
17046,81,26999999,0,user_7,909,911,16902
17044,79,26999999,0,user_5,909,911,16902
17058,83,26999999,0,user_18,909,911,16902
17257,77,26999999,0,user_10,910,911,16902
15543,86,3200000,17700000,user_39,900,911,
17401,71,3199999,0,builder_15,910,910,15543
16903,87,19000000,0,user_37,908,911,
17402,73,6300001,0,builder_15,910,910,16282
16282,91,6300000,5630,user_32,904,911,
16912,95,6300000,0,user_49,908,911,
16445,92,6300000,0,user_28,905,911,
15676,93,6300000,0,user_45,901,911,
15677,94,6300000,0,user_45,901,911,
15900,96,6100000,0,user_40,902,911,
16111,97,6100000,0,user_45,903,911,
17403,81,5200001,0,builder_15,910,910,16457
16457,99,5200000,215000,user_37,905,911,
17404,83,5200001,0,builder_15,910,910,15511
15511,84,5200000,181000,user_1,900,910,
16263,85,5200001,0,user_17,904,910,15511
16264,86,5200001,0,user_18,904,910,15511
16443,87,5200001,0,user_24,905,910,15511
16587,88,5200001,0,user_14,906,910,16457
16591,89,5200001,0,user_16,906,910,16457
16568,90,5200001,0,user_5,906,910,16457
16589,91,5200001,0,user_15,906,910,16457
16584,92,5200001,0,user_13,906,910,16457
15866,93,5200001,0,user_10,902,910,15511
15654,94,5200001,0,user_18,901,910,15511
15526,95,5200001,0,user_12,900,910,15511
15530,96,5200001,0,user_15,900,910,15511
15517,97,5200001,0,user_6,900,910,15511
15532,98,5200001,0,user_19,900,910,15511
15537,99,5200001,0,user_26,900,910,15511
17576,0,43000001,0,builder_15,911,911,17076
17076,0,43000000,545000,user_38,909,919,
17300,4,43000000,0,user_48,910,919,
15902,6,43000000,0,user_45,902,919,
15679,9,43000000,0,user_47,901,919,
16896,8,43000000,0,user_29,908,919,
16613,11,30000000,769000,user_45,906,919,
17577,7,29999999,0,builder_15,911,911,16613
17240,14,30000001,0,user_1,910,919,16613
17241,34,30000001,0,user_2,910,919,16613
17242,35,30000001,0,user_2,910,919,16613
17247,29,30000001,0,user_4,910,919,16613
17239,28,30000001,0,user_0,910,919,16613
17262,30,30000001,0,user_12,910,919,16613
17265,31,30000001,0,user_12,910,919,16613
17276,53,30000001,0,user_19,910,919,16613
17277,54,30000001,0,user_19,910,919,16613
17275,33,30000001,0,user_18,910,919,16613
17278,39,30000001,0,user_20,910,919,16613
17244,36,30000001,0,user_3,910,919,16613
17245,37,30000001,0,user_3,910,919,16613
17283,38,30000001,0,user_26,910,919,16613
17435,20,30000001,0,user_11,911,919,16613
17436,21,30000001,0,user_11,911,919,16613
17261,32,30000001,0,user_11,910,919,16613
17256,40,30000001,0,user_9,910,919,16613
17427,17,30000001,0,user_2,911,919,16613
17428,18,30000001,0,user_2,911,919,16613
17429,19,30000001,0,user_2,911,919,16613
17438,22,30000001,0,user_13,911,919,16613
17069,48,30000001,0,user_25,909,919,16613
17434,24,30000001,0,user_7,911,919,16613
17448,25,30000001,0,user_21,911,919,16613
17452,26,30000001,0,user_25,911,919,16613
17053,43,30000001,0,user_15,909,919,16613
17061,15,30000001,0,user_19,909,919,16613
17070,49,30000001,0,user_26,909,919,16613
17064,16,30000001,0,user_21,909,919,16613
17054,44,30000001,0,user_17,909,919,16613
17056,45,30000001,0,user_18,909,919,16613
17059,46,30000001,0,user_18,909,919,16613
17060,47,30000001,0,user_18,909,919,16613
17062,42,30000001,0,user_20,909,919,16613
17444,23,30000001,0,user_17,911,919,16613
16719,41,30000001,0,user_0,907,919,16613
17440,27,30000001,0,user_15,911,919,16613
16292,58,30000000,0,user_42,904,919,
16468,59,30000000,0,user_43,905,919,
16603,60,30000000,0,user_31,906,919,
17273,71,29999999,0,user_16,910,919,16613
17274,72,29999999,0,user_16,910,919,16613
17253,61,29999999,0,user_7,910,919,16613
17249,68,29999999,0,user_5,910,919,16613
17266,70,29999999,0,user_12,910,919,16613
17258,78,29999999,0,user_10,910,919,16613
17259,79,29999999,0,user_10,910,919,16613
17255,73,29999999,0,user_8,910,919,16613
17280,74,29999999,0,user_23,910,919,16613
17272,77,29999999,0,user_15,910,919,16613
17279,75,29999999,0,user_22,910,919,16613
17282,76,29999999,0,user_26,910,919,16613
17426,63,29999999,0,user_0,911,919,16613
17050,88,29999999,0,user_13,909,919,16613
17431,65,29999999,0,user_3,911,919,16613
17442,66,29999999,0,user_16,911,919,16613
17443,67,29999999,0,user_16,911,919,16613
17445,80,29999999,0,user_19,911,919,16613
17066,82,29999999,0,user_23,909,919,16613
17063,62,29999999,0,user_21,909,919,16613
17055,81,29999999,0,user_17,909,919,16613
16874,87,29999999,0,user_8,908,919,16613
16873,86,29999999,0,user_7,908,919,16613
17449,64,29999999,0,user_22,911,919,16613
16902,90,27000000,779000,user_36,908,919,
17578,74,26999999,0,builder_15,911,911,16902
17051,91,27000001,0,user_14,909,919,16902
16112,94,27000000,0,user_46,903,912,
17257,77,26999999,0,user_10,910,911,16902
17430,95,26999999,0,user_2,911,912,16902
17044,79,26999999,0,user_5,909,911,16902
17052,80,26999999,0,user_14,909,911,16902
17046,81,26999999,0,user_7,909,911,16902
17043,82,26999999,0,user_4,909,911,16902
17058,83,26999999,0,user_18,909,911,16902
17441,97,26999999,0,user_15,911,912,16902
17579,85,3200001,0,builder_15,911,911,15543
15543,86,3200000,17700000,user_39,900,911,
16903,87,19000000,0,user_37,908,911,
17580,88,870001,0,builder_15,911,911,17462
17462,89,870000,7190000,user_36,911,911,
17581,90,6300001,0,builder_15,911,911,16282
16282,91,6300000,5630,user_32,904,911,
16445,92,6300000,0,user_28,905,911,
15676,93,6300000,0,user_45,901,911,
15677,94,6300000,0,user_45,901,911,
16912,95,6300000,0,user_49,908,911,
15900,96,6100000,0,user_40,902,911,
16111,97,6100000,0,user_45,903,911,
17582,98,5200001,0,builder_15,911,911,16457
16457,99,5200000,215000,user_37,905,911,
17076,0,43000000,545000,user_38,909,919,
17714,1,42999999,0,builder_15,912,912,17076
17300,4,43000000,0,user_48,910,919,
15902,6,43000000,0,user_45,902,919,
15679,9,43000000,0,user_47,901,919,
16896,8,43000000,0,user_29,908,919,
17648,5,43000000,0,user_44,912,919,
16613,11,30000000,769000,user_45,906,919,
17715,8,29999999,0,builder_15,912,912,16613
17427,17,30000001,0,user_2,911,919,16613
17428,18,30000001,0,user_2,911,919,16613
17429,19,30000001,0,user_2,911,919,16613
17438,22,30000001,0,user_13,911,919,16613
17444,23,30000001,0,user_17,911,919,16613
17434,24,30000001,0,user_7,911,919,16613
17261,32,30000001,0,user_11,910,919,16613
17440,27,30000001,0,user_15,911,919,16613
17448,25,30000001,0,user_21,911,919,16613
17452,26,30000001,0,user_25,911,919,16613
17435,20,30000001,0,user_11,911,919,16613
17436,21,30000001,0,user_11,911,919,16613
17268,50,30000001,0,user_13,910,919,16613
17269,51,30000001,0,user_13,910,919,16613
17271,52,30000001,0,user_13,910,919,16613
17056,45,30000001,0,user_18,909,919,16613
17059,46,30000001,0,user_18,909,919,16613
17060,47,30000001,0,user_18,909,919,16613
17061,15,30000001,0,user_19,909,919,16613
17053,43,30000001,0,user_15,909,919,16613
17070,49,30000001,0,user_26,909,919,16613
17240,14,30000001,0,user_1,910,919,16613
17241,34,30000001,0,user_2,910,919,16613
17242,35,30000001,0,user_2,910,919,16613
17247,29,30000001,0,user_4,910,919,16613
17275,33,30000001,0,user_18,910,919,16613
17054,44,30000001,0,user_17,909,919,16613
17239,28,30000001,0,user_0,910,919,16613
17262,30,30000001,0,user_12,910,919,16613
17265,31,30000001,0,user_12,910,919,16613
17276,53,30000001,0,user_19,910,919,16613
17277,54,30000001,0,user_19,910,919,16613
17244,36,30000001,0,user_3,910,919,16613
17245,37,30000001,0,user_3,910,919,16613
17283,38,30000001,0,user_26,910,919,16613
17256,40,30000001,0,user_9,910,919,16613
17062,42,30000001,0,user_20,909,919,16613
17278,39,30000001,0,user_20,910,919,16613
17069,48,30000001,0,user_25,909,919,16613
17064,16,30000001,0,user_21,909,919,16613
16719,41,30000001,0,user_0,907,919,16613
16292,58,30000000,0,user_42,904,919,
16468,59,30000000,0,user_43,905,919,
16603,60,30000000,0,user_31,906,919,
17431,65,29999999,0,user_3,911,919,16613
17442,66,29999999,0,user_16,911,919,16613
17443,67,29999999,0,user_16,911,919,16613
17426,63,29999999,0,user_0,911,919,16613
17445,80,29999999,0,user_19,911,919,16613
17446,69,29999999,0,user_20,911,919,16613
17449,64,29999999,0,user_22,911,919,16613
17267,83,29999999,0,user_13,910,919,16613
17270,84,29999999,0,user_13,910,919,16613
17607,85,29999999,0,user_8,912,919,16613
17066,82,29999999,0,user_23,909,919,16613
17273,71,29999999,0,user_16,910,919,16613
17274,72,29999999,0,user_16,910,919,16613
17253,61,29999999,0,user_7,910,919,16613
17055,81,29999999,0,user_17,909,919,16613
17258,78,29999999,0,user_10,910,919,16613
17259,79,29999999,0,user_10,910,919,16613
17249,68,29999999,0,user_5,910,919,16613
17266,70,29999999,0,user_12,910,919,16613
17255,73,29999999,0,user_8,910,919,16613
17280,74,29999999,0,user_23,910,919,16613
17272,77,29999999,0,user_15,910,919,16613
17279,75,29999999,0,user_22,910,919,16613
17282,76,29999999,0,user_26,910,919,16613
17063,62,29999999,0,user_21,909,919,16613
16873,86,29999999,0,user_7,908,919,16613
16874,87,29999999,0,user_8,908,919,16613
17050,88,29999999,0,user_13,909,919,16613
16902,90,27000000,779000,user_36,908,919,
17716,82,26999999,0,builder_15,912,912,16902
17612,94,27000001,0,user_13,912,919,16902
17601,95,27000001,0,user_1,912,919,16902
17602,96,27000001,0,user_1,912,919,16902
17615,98,27000001,0,user_21,912,919,16902
17623,97,27000001,0,user_25,912,917,16902
17051,91,27000001,0,user_14,909,919,16902
17610,93,27000001,0,user_10,912,919,16902
17609,97,27000001,0,user_9,912,918,16902
17614,97,27000001,0,user_15,912,919,16902
17618,99,27000001,0,user_22,912,919,16902
17624,98,27000001,0,user_26,912,917,16902
16112,94,27000000,0,user_46,903,912,
17430,95,26999999,0,user_2,911,912,16902
17447,96,26999999,0,user_20,911,912,16902
17441,97,26999999,0,user_15,911,912,16902
17611,98,26999999,0,user_11,912,912,16902
17606,99,26999999,0,user_7,912,912,16902
17076,0,43000000,545000,user_38,909,919,
17829,1,42999999,0,builder_15,913,913,17076
17648,5,43000000,0,user_44,912,919,
17652,7,43000000,0,user_49,912,919,
17300,4,43000000,0,user_48,910,919,
15902,6,43000000,0,user_45,902,919,
15679,9,43000000,0,user_47,901,919,
16896,8,43000000,0,user_29,908,919,
17830,8,30000001,0,builder_15,913,913,16613
16613,11,30000000,769000,user_45,906,919,
17427,17,30000001,0,user_2,911,919,16613
17428,18,30000001,0,user_2,911,919,16613
17429,19,30000001,0,user_2,911,919,16613
17434,24,30000001,0,user_7,911,919,16613
17435,20,30000001,0,user_11,911,919,16613
17436,21,30000001,0,user_11,911,919,16613
17448,25,30000001,0,user_21,911,919,16613
17438,22,30000001,0,user_13,911,919,16613
17444,23,30000001,0,user_17,911,919,16613
17262,30,30000001,0,user_12,910,919,16613
17265,31,30000001,0,user_12,910,919,16613
17440,27,30000001,0,user_15,911,919,16613
17452,26,30000001,0,user_25,911,919,16613
17061,15,30000001,0,user_19,909,919,16613
17240,14,30000001,0,user_1,910,919,16613
17241,34,30000001,0,user_2,910,919,16613
17242,35,30000001,0,user_2,910,919,16613
17244,36,30000001,0,user_3,910,919,16613
17245,37,30000001,0,user_3,910,919,16613
17275,33,30000001,0,user_18,910,919,16613
17247,29,30000001,0,user_4,910,919,16613
17278,39,30000001,0,user_20,910,919,16613
17283,38,30000001,0,user_26,910,919,16613
17256,40,30000001,0,user_9,910,919,16613
17276,53,30000001,0,user_19,910,919,16613
17277,54,30000001,0,user_19,910,919,16613
17064,16,30000001,0,user_21,909,919,16613
16719,41,30000001,0,user_0,907,919,16613
17053,43,30000001,0,user_15,909,919,16613
17054,44,30000001,0,user_17,909,919,16613
17056,45,30000001,0,user_18,909,919,16613
17059,46,30000001,0,user_18,909,919,16613
17060,47,30000001,0,user_18,909,919,16613
17069,48,30000001,0,user_25,909,919,16613
17070,49,30000001,0,user_26,909,919,16613
17062,42,30000001,0,user_20,909,919,16613
17239,28,30000001,0,user_0,910,919,16613
17261,32,30000001,0,user_11,910,919,16613
17268,50,30000001,0,user_13,910,919,16613
17269,51,30000001,0,user_13,910,919,16613
17271,52,30000001,0,user_13,910,919,16613
16468,59,30000000,0,user_43,905,919,
16292,58,30000000,0,user_42,904,919,
16603,60,30000000,0,user_31,906,919,
17445,80,29999999,0,user_19,911,919,16613
17431,65,29999999,0,user_3,911,919,16613
17442,66,29999999,0,user_16,911,919,16613
17443,67,29999999,0,user_16,911,919,16613
17266,70,29999999,0,user_12,910,919,16613
17449,64,29999999,0,user_22,911,919,16613
17446,69,29999999,0,user_20,911,919,16613
17607,85,29999999,0,user_8,912,919,16613
17426,63,29999999,0,user_0,911,919,16613
17273,71,29999999,0,user_16,910,919,16613
17274,72,29999999,0,user_16,910,919,16613
17280,74,29999999,0,user_23,910,919,16613
17272,77,29999999,0,user_15,910,919,16613
17253,61,29999999,0,user_7,910,919,16613
17258,78,29999999,0,user_10,910,919,16613
17259,79,29999999,0,user_10,910,919,16613
17249,68,29999999,0,user_5,910,919,16613
17255,73,29999999,0,user_8,910,919,16613
17279,75,29999999,0,user_22,910,919,16613
17282,76,29999999,0,user_26,910,919,16613
17063,62,29999999,0,user_21,909,919,16613
17055,81,29999999,0,user_17,909,919,16613
17066,82,29999999,0,user_23,909,919,16613
16873,86,29999999,0,user_7,908,919,16613
16874,87,29999999,0,user_8,908,919,16613
17050,88,29999999,0,user_13,909,919,16613
17267,83,29999999,0,user_13,910,919,16613
17270,84,29999999,0,user_13,910,919,16613
17831,82,27000001,0,builder_15,913,913,16902
16902,90,27000000,779000,user_36,908,919,
17601,95,27000001,0,user_1,912,919,16902
17602,96,27000001,0,user_1,912,919,16902
17615,98,27000001,0,user_21,912,919,16902
17610,93,27000001,0,user_10,912,919,16902
17614,97,27000001,0,user_15,912,919,16902
17618,99,27000001,0,user_22,912,919,16902
17623,97,27000001,0,user_25,912,917,16902
17624,98,27000001,0,user_26,912,917,16902
17609,97,27000001,0,user_9,912,918,16902
17740,90,27000001,0,user_12,913,918,16902
17728,95,27000001,0,user_2,913,915,16902
17741,87,27000001,0,user_13,913,916,16902
17731,97,27000001,0,user_3,913,915,16902
17732,98,27000001,0,user_3,913,915,16902
17743,99,27000001,0,user_14,913,915,16902
17751,88,27000001,0,user_25,913,917,16902
17937,0,43000001,0,builder_15,914,914,17076
17076,0,43000000,545000,user_38,909,919,
17648,5,43000000,0,user_44,912,919,
17652,7,43000000,0,user_49,912,919,
17300,4,43000000,0,user_48,910,919,
15902,6,43000000,0,user_45,902,919,
16896,8,43000000,0,user_29,908,919,
15679,9,43000000,0,user_47,901,919,
17938,8,30000001,0,builder_15,914,914,16613
16613,11,30000000,769000,user_45,906,919,
17435,20,30000001,0,user_11,911,919,16613
17436,21,30000001,0,user_11,911,919,16613
17247,29,30000001,0,user_4,910,919,16613
17056,45,30000001,0,user_18,909,919,16613
17059,46,30000001,0,user_18,909,919,16613
17060,47,30000001,0,user_18,909,919,16613
17239,28,30000001,0,user_0,910,919,16613
17241,34,30000001,0,user_2,910,919,16613
17242,35,30000001,0,user_2,910,919,16613
17244,36,30000001,0,user_3,910,919,16613
17245,37,30000001,0,user_3,910,919,16613
17256,40,30000001,0,user_9,910,919,16613
17261,32,30000001,0,user_11,910,919,16613
17262,30,30000001,0,user_12,910,919,16613
17265,31,30000001,0,user_12,910,919,16613
17278,39,30000001,0,user_20,910,919,16613
17434,24,30000001,0,user_7,911,919,16613
17427,17,30000001,0,user_2,911,919,16613
17428,18,30000001,0,user_2,911,919,16613
17429,19,30000001,0,user_2,911,919,16613
17438,22,30000001,0,user_13,911,919,16613
17444,23,30000001,0,user_17,911,919,16613
17275,33,30000001,0,user_18,910,919,16613
17440,27,30000001,0,user_15,911,919,16613
17448,25,30000001,0,user_21,911,919,16613
17452,26,30000001,0,user_25,911,919,16613
17061,15,30000001,0,user_19,909,919,16613
17064,16,30000001,0,user_21,909,919,16613
17240,14,30000001,0,user_1,910,919,16613
17276,53,30000001,0,user_19,910,919,16613
17277,54,30000001,0,user_19,910,919,16613
17283,38,30000001,0,user_26,910,919,16613
16719,41,30000001,0,user_0,907,919,16613
17069,48,30000001,0,user_25,909,919,16613
17070,49,30000001,0,user_26,909,919,16613
17054,44,30000001,0,user_17,909,919,16613
17053,43,30000001,0,user_15,909,919,16613
17062,42,30000001,0,user_20,909,919,16613
17268,50,30000001,0,user_13,910,919,16613
17269,51,30000001,0,user_13,910,919,16613
17271,52,30000001,0,user_13,910,919,16613
16292,58,30000000,0,user_42,904,919,
16468,59,30000000,0,user_43,905,919,
16603,60,30000000,0,user_31,906,919,
17607,85,29999999,0,user_8,912,919,16613
17249,68,29999999,0,user_5,910,919,16613
17255,73,29999999,0,user_8,910,919,16613
17280,74,29999999,0,user_23,910,919,16613
17272,77,29999999,0,user_15,910,919,16613
17258,78,29999999,0,user_10,910,919,16613
17259,79,29999999,0,user_10,910,919,16613
17266,70,29999999,0,user_12,910,919,16613
17273,71,29999999,0,user_16,910,919,16613
17274,72,29999999,0,user_16,910,919,16613
17431,65,29999999,0,user_3,911,919,16613
17442,66,29999999,0,user_16,911,919,16613
17443,67,29999999,0,user_16,911,919,16613
17426,63,29999999,0,user_0,911,919,16613
17446,69,29999999,0,user_20,911,919,16613
17445,80,29999999,0,user_19,911,919,16613
17449,64,29999999,0,user_22,911,919,16613
17063,62,29999999,0,user_21,909,919,16613
17253,61,29999999,0,user_7,910,919,16613
17279,75,29999999,0,user_22,910,919,16613
17282,76,29999999,0,user_26,910,919,16613
17055,81,29999999,0,user_17,909,919,16613
17066,82,29999999,0,user_23,909,919,16613
16874,87,29999999,0,user_8,908,919,16613
16873,86,29999999,0,user_7,908,919,16613
17050,88,29999999,0,user_13,909,919,16613
17267,83,29999999,0,user_13,910,919,16613
17270,84,29999999,0,user_13,910,919,16613
17939,82,27000001,0,builder_15,914,914,16902
16902,90,27000000,779000,user_36,908,919,
17601,95,27000001,0,user_1,912,919,16902
17602,96,27000001,0,user_1,912,919,16902
17610,93,27000001,0,user_10,912,919,16902
17614,97,27000001,0,user_15,912,919,16902
17615,98,27000001,0,user_21,912,919,16902
17618,99,27000001,0,user_22,912,919,16902
17623,97,27000001,0,user_25,912,917,16902
17624,98,27000001,0,user_26,912,917,16902
17728,95,27000001,0,user_2,913,915,16902
17731,97,27000001,0,user_3,913,915,16902
17732,98,27000001,0,user_3,913,915,16902
17743,99,27000001,0,user_14,913,915,16902
17741,87,27000001,0,user_13,913,916,16902
17740,90,27000001,0,user_12,913,918,16902
17739,92,27000001,0,user_9,913,919,16902
17612,94,27000001,0,user_13,912,919,16902
17076,0,43000000,545000,user_38,909,919,
18053,1,42999999,0,builder_15,915,915,17076
17996,3,43000000,0,user_47,915,919,
17300,4,43000000,0,user_48,910,919,
17648,5,43000000,0,user_44,912,919,
17652,7,43000000,0,user_49,912,919,
15902,6,43000000,0,user_45,902,919,
16896,8,43000000,0,user_29,908,919,
15679,9,43000000,0,user_47,901,919,
18054,9,30000001,0,builder_15,915,915,16613
16613,11,30000000,769000,user_45,906,919,
17247,29,30000001,0,user_4,910,919,16613
17056,45,30000001,0,user_18,909,919,16613
17059,46,30000001,0,user_18,909,919,16613
17060,47,30000001,0,user_18,909,919,16613
17239,28,30000001,0,user_0,910,919,16613
17241,34,30000001,0,user_2,910,919,16613
17242,35,30000001,0,user_2,910,919,16613
17244,36,30000001,0,user_3,910,919,16613
17245,37,30000001,0,user_3,910,919,16613
17256,40,30000001,0,user_9,910,919,16613
17261,32,30000001,0,user_11,910,919,16613
17262,30,30000001,0,user_12,910,919,16613
17265,31,30000001,0,user_12,910,919,16613
17268,50,30000001,0,user_13,910,919,16613
17269,51,30000001,0,user_13,910,919,16613
17271,52,30000001,0,user_13,910,919,16613
17276,53,30000001,0,user_19,910,919,16613
17277,54,30000001,0,user_19,910,919,16613
17283,38,30000001,0,user_26,910,919,16613
17434,24,30000001,0,user_7,911,919,16613
17435,20,30000001,0,user_11,911,919,16613
17436,21,30000001,0,user_11,911,919,16613
17427,17,30000001,0,user_2,911,919,16613
17428,18,30000001,0,user_2,911,919,16613
17429,19,30000001,0,user_2,911,919,16613
17438,22,30000001,0,user_13,911,919,16613
17444,23,30000001,0,user_17,911,919,16613
17275,33,30000001,0,user_18,910,919,16613
17440,27,30000001,0,user_15,911,919,16613
17278,39,30000001,0,user_20,910,919,16613
17448,25,30000001,0,user_21,911,919,16613
17452,26,30000001,0,user_25,911,919,16613
17240,14,30000001,0,user_1,910,919,16613
17061,15,30000001,0,user_19,909,919,16613
17064,16,30000001,0,user_21,909,919,16613
16719,41,30000001,0,user_0,907,919,16613
17062,42,30000001,0,user_20,909,919,16613
17053,43,30000001,0,user_15,909,919,16613
17054,44,30000001,0,user_17,909,919,16613
17069,48,30000001,0,user_25,909,919,16613
17070,49,30000001,0,user_26,909,919,16613
16292,58,30000000,0,user_42,904,919,
16468,59,30000000,0,user_43,905,919,
16603,60,30000000,0,user_31,906,919,
17249,68,29999999,0,user_5,910,919,16613
17255,73,29999999,0,user_8,910,919,16613
17280,74,29999999,0,user_23,910,919,16613
17272,77,29999999,0,user_15,910,919,16613
17258,78,29999999,0,user_10,910,919,16613
17259,79,29999999,0,user_10,910,919,16613
17266,70,29999999,0,user_12,910,919,16613
17273,71,29999999,0,user_16,910,919,16613
17274,72,29999999,0,user_16,910,919,16613
17267,83,29999999,0,user_13,910,919,16613
17270,84,29999999,0,user_13,910,919,16613
17279,75,29999999,0,user_22,910,919,16613
17282,76,29999999,0,user_26,910,919,16613
17431,65,29999999,0,user_3,911,919,16613
17442,66,29999999,0,user_16,911,919,16613
17443,67,29999999,0,user_16,911,919,16613
17426,63,29999999,0,user_0,911,919,16613
17445,80,29999999,0,user_19,911,919,16613
17449,64,29999999,0,user_22,911,919,16613
17607,85,29999999,0,user_8,912,919,16613
17446,69,29999999,0,user_20,911,919,16613
17253,61,29999999,0,user_7,910,919,16613
17063,62,29999999,0,user_21,909,919,16613
17055,81,29999999,0,user_17,909,919,16613
17066,82,29999999,0,user_23,909,919,16613
16873,86,29999999,0,user_7,908,919,16613
16874,87,29999999,0,user_8,908,919,16613
17050,88,29999999,0,user_13,909,919,16613
18055,83,27000001,0,builder_15,915,915,16902
16902,90,27000000,779000,user_36,908,919,
17740,90,27000001,0,user_12,913,918,16902
17739,92,27000001,0,user_9,913,919,16902
17601,95,27000001,0,user_1,912,919,16902
17602,96,27000001,0,user_1,912,919,16902
17609,97,27000001,0,user_9,912,918,16902
17614,97,27000001,0,user_15,912,919,16902
17610,93,27000001,0,user_10,912,919,16902
17612,94,27000001,0,user_13,912,919,16902
17618,99,27000001,0,user_22,912,919,16902
17624,98,27000001,0,user_26,912,917,16902
17728,95,27000001,0,user_2,913,915,16902
17741,87,27000001,0,user_13,913,916,16902
17731,97,27000001,0,user_3,913,915,16902
17732,98,27000001,0,user_3,913,915,16902
17743,99,27000001,0,user_14,913,915,16902
17076,0,43000000,545000,user_38,909,919,
18170,1,42999999,0,builder_15,916,916,17076
17996,3,43000000,0,user_47,915,919,
18097,2,43000000,0,user_30,916,919,
15902,6,43000000,0,user_45,902,919,
17300,4,43000000,0,user_48,910,919,
17648,5,43000000,0,user_44,912,919,
17652,7,43000000,0,user_49,912,919,
15679,9,43000000,0,user_47,901,919,
16896,8,43000000,0,user_29,908,919,
16613,11,30000000,769000,user_45,906,919,
18171,11,29999999,0,builder_15,916,916,16613
17240,14,30000001,0,user_1,910,919,16613
17064,16,30000001,0,user_21,909,919,16613
17061,15,30000001,0,user_19,909,919,16613
16719,41,30000001,0,user_0,907,919,16613
17062,42,30000001,0,user_20,909,919,16613
17053,43,30000001,0,user_15,909,919,16613
17069,48,30000001,0,user_25,909,919,16613
17070,49,30000001,0,user_26,909,919,16613
17054,44,30000001,0,user_17,909,919,16613
17056,45,30000001,0,user_18,909,919,16613
17059,46,30000001,0,user_18,909,919,16613
17060,47,30000001,0,user_18,909,919,16613
17247,29,30000001,0,user_4,910,919,16613
17241,34,30000001,0,user_2,910,919,16613
17242,35,30000001,0,user_2,910,919,16613
17244,36,30000001,0,user_3,910,919,16613
17245,37,30000001,0,user_3,910,919,16613
17239,28,30000001,0,user_0,910,919,16613
17262,30,30000001,0,user_12,910,919,16613
17265,31,30000001,0,user_12,910,919,16613
17278,39,30000001,0,user_20,910,919,16613
17256,40,30000001,0,user_9,910,919,16613
17275,33,30000001,0,user_18,910,919,16613
17261,32,30000001,0,user_11,910,919,16613
17268,50,30000001,0,user_13,910,919,16613
17269,51,30000001,0,user_13,910,919,16613
17271,52,30000001,0,user_13,910,919,16613
17276,53,30000001,0,user_19,910,919,16613
17277,54,30000001,0,user_19,910,919,16613
17283,38,30000001,0,user_26,910,919,16613
17427,17,30000001,0,user_2,911,919,16613
17428,18,30000001,0,user_2,911,919,16613
17429,19,30000001,0,user_2,911,919,16613
17435,20,30000001,0,user_11,911,919,16613
17436,21,30000001,0,user_11,911,919,16613
17434,24,30000001,0,user_7,911,919,16613
17448,25,30000001,0,user_21,911,919,16613
17452,26,30000001,0,user_25,911,919,16613
17438,22,30000001,0,user_13,911,919,16613
17444,23,30000001,0,user_17,911,919,16613
17440,27,30000001,0,user_15,911,919,16613
17972,57,30000000,0,user_29,915,919,
16603,60,30000000,0,user_31,906,919,
16292,58,30000000,0,user_42,904,919,
16468,59,30000000,0,user_43,905,919,
17253,61,29999999,0,user_7,910,919,16613
17063,62,29999999,0,user_21,909,919,16613
17055,81,29999999,0,user_17,909,919,16613
17066,82,29999999,0,user_23,909,919,16613
17258,78,29999999,0,user_10,910,919,16613
17259,79,29999999,0,user_10,910,919,16613
17249,68,29999999,0,user_5,910,919,16613
17266,70,29999999,0,user_12,910,919,16613
17272,77,29999999,0,user_15,910,919,16613
17273,71,29999999,0,user_16,910,919,16613
17274,72,29999999,0,user_16,910,919,16613
17255,73,29999999,0,user_8,910,919,16613
17280,74,29999999,0,user_23,910,919,16613
17267,83,29999999,0,user_13,910,919,16613
17270,84,29999999,0,user_13,910,919,16613
17279,75,29999999,0,user_22,910,919,16613
17282,76,29999999,0,user_26,910,919,16613
17431,65,29999999,0,user_3,911,919,16613
17449,64,29999999,0,user_22,911,919,16613
17442,66,29999999,0,user_16,911,919,16613
17443,67,29999999,0,user_16,911,919,16613
17426,63,29999999,0,user_0,911,919,16613
17445,80,29999999,0,user_19,911,919,16613
17446,69,29999999,0,user_20,911,919,16613
17607,85,29999999,0,user_8,912,919,16613
17050,88,29999999,0,user_13,909,919,16613
16873,86,29999999,0,user_7,908,919,16613
16874,87,29999999,0,user_8,908,919,16613
18172,85,27000001,0,builder_15,916,916,16902
16902,90,27000000,779000,user_36,908,919,
17741,87,27000001,0,user_13,913,916,16902
17739,92,27000001,0,user_9,913,919,16902
17740,90,27000001,0,user_12,913,918,16902
17051,91,27000001,0,user_14,909,919,16902
17601,95,27000001,0,user_1,912,919,16902
17602,96,27000001,0,user_1,912,919,16902
17609,97,27000001,0,user_9,912,918,16902
17614,97,27000001,0,user_15,912,919,16902
17610,93,27000001,0,user_10,912,919,16902
17618,99,27000001,0,user_22,912,919,16902
17623,97,27000001,0,user_25,912,917,16902
17624,98,27000001,0,user_26,912,917,16902
17612,94,27000001,0,user_13,912,919,16902
18281,0,43000001,0,builder_15,917,917,17076
17076,0,43000000,545000,user_38,909,919,
18097,2,43000000,0,user_30,916,919,
17996,3,43000000,0,user_47,915,919,
15902,6,43000000,0,user_45,902,919,
17300,4,43000000,0,user_48,910,919,
17648,5,43000000,0,user_44,912,919,
17652,7,43000000,0,user_49,912,919,
15679,9,43000000,0,user_47,901,919,
16896,8,43000000,0,user_29,908,919,
16613,11,30000000,769000,user_45,906,919,
18282,11,29999999,0,builder_15,917,917,16613
17061,15,30000001,0,user_19,909,919,16613
17064,16,30000001,0,user_21,909,919,16613
17240,14,30000001,0,user_1,910,919,16613
17062,42,30000001,0,user_20,909,919,16613
17053,43,30000001,0,user_15,909,919,16613
17069,48,30000001,0,user_25,909,919,16613
17070,49,30000001,0,user_26,909,919,16613
17054,44,30000001,0,user_17,909,919,16613
17056,45,30000001,0,user_18,909,919,16613
17059,46,30000001,0,user_18,909,919,16613
17060,47,30000001,0,user_18,909,919,16613
17241,34,30000001,0,user_2,910,919,16613
17242,35,30000001,0,user_2,910,919,16613
17247,29,30000001,0,user_4,910,919,16613
17268,50,30000001,0,user_13,910,919,16613
17269,51,30000001,0,user_13,910,919,16613
17271,52,30000001,0,user_13,910,919,16613
17261,32,30000001,0,user_11,910,919,16613
17239,28,30000001,0,user_0,910,919,16613
17262,30,30000001,0,user_12,910,919,16613
17265,31,30000001,0,user_12,910,919,16613
17276,53,30000001,0,user_19,910,919,16613
17277,54,30000001,0,user_19,910,919,16613
17278,39,30000001,0,user_20,910,919,16613
16719,41,30000001,0,user_0,907,919,16613
17244,36,30000001,0,user_3,910,919,16613
17245,37,30000001,0,user_3,910,919,16613
17283,38,30000001,0,user_26,910,919,16613
17275,33,30000001,0,user_18,910,919,16613
17256,40,30000001,0,user_9,910,919,16613
17427,17,30000001,0,user_2,911,919,16613
17428,18,30000001,0,user_2,911,919,16613
17429,19,30000001,0,user_2,911,919,16613
17435,20,30000001,0,user_11,911,919,16613
17436,21,30000001,0,user_11,911,919,16613
17434,24,30000001,0,user_7,911,919,16613
17448,25,30000001,0,user_21,911,919,16613
17440,27,30000001,0,user_15,911,919,16613
17438,22,30000001,0,user_13,911,919,16613
17444,23,30000001,0,user_17,911,919,16613
17452,26,30000001,0,user_25,911,919,16613
18220,56,30000000,0,user_39,917,919,
17972,57,30000000,0,user_29,915,919,
16468,59,30000000,0,user_43,905,919,
16292,58,30000000,0,user_42,904,919,
16603,60,30000000,0,user_31,906,919,
17063,62,29999999,0,user_21,909,919,16613
17253,61,29999999,0,user_7,910,919,16613
17055,81,29999999,0,user_17,909,919,16613
17066,82,29999999,0,user_23,909,919,16613
17249,68,29999999,0,user_5,910,919,16613
17258,78,29999999,0,user_10,910,919,16613
17259,79,29999999,0,user_10,910,919,16613
17267,83,29999999,0,user_13,910,919,16613
17270,84,29999999,0,user_13,910,919,16613
17266,70,29999999,0,user_12,910,919,16613
17255,73,29999999,0,user_8,910,919,16613
17272,77,29999999,0,user_15,910,919,16613
17279,75,29999999,0,user_22,910,919,16613
17273,71,29999999,0,user_16,910,919,16613
17274,72,29999999,0,user_16,910,919,16613
17282,76,29999999,0,user_26,910,919,16613
17280,74,29999999,0,user_23,910,919,16613
17431,65,29999999,0,user_3,911,919,16613
17426,63,29999999,0,user_0,911,919,16613
17446,69,29999999,0,user_20,911,919,16613
17442,66,29999999,0,user_16,911,919,16613
17443,67,29999999,0,user_16,911,919,16613
17445,80,29999999,0,user_19,911,919,16613
17607,85,29999999,0,user_8,912,919,16613
17449,64,29999999,0,user_22,911,919,16613
16873,86,29999999,0,user_7,908,919,16613
16874,87,29999999,0,user_8,908,919,16613
17050,88,29999999,0,user_13,909,919,16613
16902,90,27000000,779000,user_36,908,919,
18283,87,26999999,0,builder_15,917,917,16902
17751,88,27000001,0,user_25,913,917,16902
17051,91,27000001,0,user_14,909,919,16902
17740,90,27000001,0,user_12,913,918,16902
17739,92,27000001,0,user_9,913,919,16902
17601,95,27000001,0,user_1,912,919,16902
17602,96,27000001,0,user_1,912,919,16902
17609,97,27000001,0,user_9,912,918,16902
17618,99,27000001,0,user_22,912,919,16902
17615,98,27000001,0,user_21,912,919,16902
17623,97,27000001,0,user_25,912,917,16902
17624,98,27000001,0,user_26,912,917,16902
17610,93,27000001,0,user_10,912,919,16902
17076,0,43000000,545000,user_38,909,919,
18404,1,42999999,0,builder_15,918,918,17076
18097,2,43000000,0,user_30,916,919,
17996,3,43000000,0,user_47,915,919,
17300,4,43000000,0,user_48,910,919,
15902,6,43000000,0,user_45,902,919,
17648,5,43000000,0,user_44,912,919,
17652,7,43000000,0,user_49,912,919,
16896,8,43000000,0,user_29,908,919,
15679,9,43000000,0,user_47,901,919,
18405,10,30000001,0,builder_15,918,918,16613
16613,11,30000000,769000,user_45,906,919,
18406,12,30000001,0,builder_15,918,918,18340
18340,12,30000000,322000,user_44,918,919,
17061,15,30000001,0,user_19,909,919,16613
17064,16,30000001,0,user_21,909,919,16613
17240,14,30000001,0,user_1,910,919,16613
17244,36,30000001,0,user_3,910,919,16613
17245,37,30000001,0,user_3,910,919,16613
17247,29,30000001,0,user_4,910,919,16613
17268,50,30000001,0,user_13,910,919,16613
17269,51,30000001,0,user_13,910,919,16613
17271,52,30000001,0,user_13,910,919,16613
17261,32,30000001,0,user_11,910,919,16613
17239,28,30000001,0,user_0,910,919,16613
17262,30,30000001,0,user_12,910,919,16613
17265,31,30000001,0,user_12,910,919,16613
17276,53,30000001,0,user_19,910,919,16613
17277,54,30000001,0,user_19,910,919,16613
17278,39,30000001,0,user_20,910,919,16613
17283,38,30000001,0,user_26,910,919,16613
17275,33,30000001,0,user_18,910,919,16613
17427,17,30000001,0,user_2,911,919,16613
17428,18,30000001,0,user_2,911,919,16613
17429,19,30000001,0,user_2,911,919,16613
17241,34,30000001,0,user_2,910,919,16613
17242,35,30000001,0,user_2,910,919,16613
17256,40,30000001,0,user_9,910,919,16613
17438,22,30000001,0,user_13,911,919,16613
17434,24,30000001,0,user_7,911,919,16613
17435,20,30000001,0,user_11,911,919,16613
17436,21,30000001,0,user_11,911,919,16613
17062,42,30000001,0,user_20,909,919,16613
16719,41,30000001,0,user_0,907,919,16613
17069,48,30000001,0,user_25,909,919,16613
17070,49,30000001,0,user_26,909,919,16613
17054,44,30000001,0,user_17,909,919,16613
17056,45,30000001,0,user_18,909,919,16613
17059,46,30000001,0,user_18,909,919,16613
17060,47,30000001,0,user_18,909,919,16613
17053,43,30000001,0,user_15,909,919,16613
17440,27,30000001,0,user_15,911,919,16613
17448,25,30000001,0,user_21,911,919,16613
17452,26,30000001,0,user_25,911,919,16613
17444,23,30000001,0,user_17,911,919,16613
17972,57,30000000,0,user_29,915,919,
18336,55,30000000,0,user_40,918,919,
16292,58,30000000,0,user_42,904,919,
16468,59,30000000,0,user_43,905,919,
16603,60,30000000,0,user_31,906,919,
17063,62,29999999,0,user_21,909,919,16613
17253,61,29999999,0,user_7,910,919,16613
17267,83,29999999,0,user_13,910,919,16613
17270,84,29999999,0,user_13,910,919,16613
17249,68,29999999,0,user_5,910,919,16613
17266,70,29999999,0,user_12,910,919,16613
17255,73,29999999,0,user_8,910,919,16613
17272,77,29999999,0,user_15,910,919,16613
17279,75,29999999,0,user_22,910,919,16613
17273,71,29999999,0,user_16,910,919,16613
17274,72,29999999,0,user_16,910,919,16613
17282,76,29999999,0,user_26,910,919,16613
17258,78,29999999,0,user_10,910,919,16613
17259,79,29999999,0,user_10,910,919,16613
17280,74,29999999,0,user_23,910,919,16613
17426,63,29999999,0,user_0,911,919,16613
17445,80,29999999,0,user_19,911,919,16613
17446,69,29999999,0,user_20,911,919,16613
17055,81,29999999,0,user_17,909,919,16613
17066,82,29999999,0,user_23,909,919,16613
17431,65,29999999,0,user_3,911,919,16613
17442,66,29999999,0,user_16,911,919,16613
17443,67,29999999,0,user_16,911,919,16613
17449,64,29999999,0,user_22,911,919,16613
17607,85,29999999,0,user_8,912,919,16613
16874,87,29999999,0,user_8,908,919,16613
16873,86,29999999,0,user_7,908,919,16613
17050,88,29999999,0,user_13,909,919,16613
18407,88,27000001,0,builder_15,918,918,16902
16902,90,27000000,779000,user_36,908,919,
17740,90,27000001,0,user_12,913,918,16902
17739,92,27000001,0,user_9,913,919,16902
17051,91,27000001,0,user_14,909,919,16902
17601,95,27000001,0,user_1,912,919,16902
17602,96,27000001,0,user_1,912,919,16902
17610,93,27000001,0,user_10,912,919,16902
17615,98,27000001,0,user_21,912,919,16902
17609,97,27000001,0,user_9,912,918,16902
17614,97,27000001,0,user_15,912,919,16902
17612,94,27000001,0,user_13,912,919,16902
17076,0,43000000,545000,user_38,909,919,
18535,1,42999999,0,builder_15,919,919,17076
18097,2,43000000,0,user_30,916,919,
17996,3,43000000,0,user_47,915,919,
17300,4,43000000,0,user_48,910,919,
17648,5,43000000,0,user_44,912,919,
15902,6,43000000,0,user_45,902,919,
17652,7,43000000,0,user_49,912,919,
16896,8,43000000,0,user_29,908,919,
15679,9,43000000,0,user_47,901,919,
18536,10,30000001,0,builder_15,919,919,16613
16613,11,30000000,769000,user_45,906,919,
18340,12,30000000,322000,user_44,918,919,
18537,13,29999999,0,builder_15,919,919,18340
17240,14,30000001,0,user_1,910,919,16613
17061,15,30000001,0,user_19,909,919,16613
17064,16,30000001,0,user_21,909,919,16613
17427,17,30000001,0,user_2,911,919,16613
17428,18,30000001,0,user_2,911,919,16613
17429,19,30000001,0,user_2,911,919,16613
17435,20,30000001,0,user_11,911,919,16613
17436,21,30000001,0,user_11,911,919,16613
17438,22,30000001,0,user_13,911,919,16613
17444,23,30000001,0,user_17,911,919,16613
17434,24,30000001,0,user_7,911,919,16613
17448,25,30000001,0,user_21,911,919,16613
17452,26,30000001,0,user_25,911,919,16613
17440,27,30000001,0,user_15,911,919,16613
17239,28,30000001,0,user_0,910,919,16613
17247,29,30000001,0,user_4,910,919,16613
17262,30,30000001,0,user_12,910,919,16613
17265,31,30000001,0,user_12,910,919,16613
17261,32,30000001,0,user_11,910,919,16613
17275,33,30000001,0,user_18,910,919,16613
17241,34,30000001,0,user_2,910,919,16613
17242,35,30000001,0,user_2,910,919,16613
17244,36,30000001,0,user_3,910,919,16613
17245,37,30000001,0,user_3,910,919,16613
17283,38,30000001,0,user_26,910,919,16613
17278,39,30000001,0,user_20,910,919,16613
17256,40,30000001,0,user_9,910,919,16613
16719,41,30000001,0,user_0,907,919,16613
17062,42,30000001,0,user_20,909,919,16613
17053,43,30000001,0,user_15,909,919,16613
17054,44,30000001,0,user_17,909,919,16613
17056,45,30000001,0,user_18,909,919,16613
17059,46,30000001,0,user_18,909,919,16613
17060,47,30000001,0,user_18,909,919,16613
17069,48,30000001,0,user_25,909,919,16613
17070,49,30000001,0,user_26,909,919,16613
17268,50,30000001,0,user_13,910,919,16613
17269,51,30000001,0,user_13,910,919,16613
17271,52,30000001,0,user_13,910,919,16613
17276,53,30000001,0,user_19,910,919,16613
17277,54,30000001,0,user_19,910,919,16613
18336,55,30000000,0,user_40,918,919,
18220,56,30000000,0,user_39,917,919,
17972,57,30000000,0,user_29,915,919,
16292,58,30000000,0,user_42,904,919,
16468,59,30000000,0,user_43,905,919,
16603,60,30000000,0,user_31,906,919,
17253,61,29999999,0,user_7,910,919,16613
17063,62,29999999,0,user_21,909,919,16613
17426,63,29999999,0,user_0,911,919,16613
17449,64,29999999,0,user_22,911,919,16613
17431,65,29999999,0,user_3,911,919,16613
17442,66,29999999,0,user_16,911,919,16613
17443,67,29999999,0,user_16,911,919,16613
17249,68,29999999,0,user_5,910,919,16613
17446,69,29999999,0,user_20,911,919,16613
17266,70,29999999,0,user_12,910,919,16613
17273,71,29999999,0,user_16,910,919,16613
17274,72,29999999,0,user_16,910,919,16613
17255,73,29999999,0,user_8,910,919,16613
17280,74,29999999,0,user_23,910,919,16613
17279,75,29999999,0,user_22,910,919,16613
17282,76,29999999,0,user_26,910,919,16613
17272,77,29999999,0,user_15,910,919,16613
17258,78,29999999,0,user_10,910,919,16613
17259,79,29999999,0,user_10,910,919,16613
17445,80,29999999,0,user_19,911,919,16613
17055,81,29999999,0,user_17,909,919,16613
17066,82,29999999,0,user_23,909,919,16613
17267,83,29999999,0,user_13,910,919,16613
17270,84,29999999,0,user_13,910,919,16613
17607,85,29999999,0,user_8,912,919,16613
16873,86,29999999,0,user_7,908,919,16613
16874,87,29999999,0,user_8,908,919,16613
17050,88,29999999,0,user_13,909,919,16613
18538,89,27000001,0,builder_15,919,919,16902
16902,90,27000000,779000,user_36,908,919,
17051,91,27000001,0,user_14,909,919,16902
17739,92,27000001,0,user_9,913,919,16902
17610,93,27000001,0,user_10,912,919,16902
17612,94,27000001,0,user_13,912,919,16902
17601,95,27000001,0,user_1,912,919,16902
17602,96,27000001,0,user_1,912,919,16902
17614,97,27000001,0,user_15,912,919,16902
17615,98,27000001,0,user_21,912,919,16902
17618,99,27000001,0,user_22,912,919,16902
15543,86,3200000,17700000,user_39,920,931,
15604,1,3199999,0,builder_15,920,920,15543
15511,84,5200000,181000,user_1,920,930,
15605,3,5199999,0,builder_15,920,920,15511
15526,95,5200001,0,user_12,920,930,15511
15532,98,5200001,0,user_19,920,930,15511
15530,96,5200001,0,user_15,920,930,15511
15517,97,5200001,0,user_6,920,930,15511
15537,99,5200001,0,user_26,920,930,15511
15527,83,5199999,0,user_12,920,929,15511
15519,84,5199999,0,user_7,920,929,15511
15520,85,5199999,0,user_7,920,929,15511
15533,80,5199999,0,user_19,920,929,15511
15531,86,5199999,0,user_15,920,929,15511
15518,81,5199999,0,user_6,920,929,15511
15534,82,5199999,0,user_22,920,929,15511
15541,85,2600000,0,user_37,920,925,
15544,91,2000000,15100,user_40,920,925,
15606,18,1999999,0,builder_15,920,920,15544
15553,94,2000000,0,user_44,920,925,
15557,97,1900000,0,user_47,920,925,
15556,93,1500000,0,user_47,920,924,
15559,95,1300000,13800,user_47,920,924,
15607,23,1299999,0,builder_15,920,920,15559
15560,82,1000000,0,user_48,920,922,
15525,86,910000,0,user_11,920,922,
15515,87,870000,0,user_4,920,922,
15535,89,670000,0,user_23,920,922,
15524,88,670000,0,user_10,920,922,
15523,92,470000,0,user_10,920,922,
15510,96,460000,0,user_1,920,922,
15522,93,460000,0,user_9,920,922,
15550,94,460000,0,user_44,920,922,
15552,97,420000,18600,user_44,920,922,
15608,34,419999,0,builder_15,920,920,15552
15558,64,420000,0,user_47,920,921,
15514,70,300000,0,user_1,920,921,
15516,71,260000,0,user_5,920,921,
15609,38,150001,0,builder_15,920,920,15549
15549,73,150000,75000,user_44,920,921,
15529,74,220000,0,user_14,920,921,
15610,41,170001,0,builder_15,920,920,15528
15528,42,170000,24700,user_13,920,920,
15512,76,190000,0,user_1,920,921,
15509,80,170000,0,user_0,920,921,
15513,83,160000,0,user_1,920,921,
15554,84,160000,0,user_45,920,921,
15551,96,120000,0,user_44,920,921,
15536,97,110000,0,user_24,920,921,
15521,49,98000,0,user_8,920,920,
15555,50,80000,0,user_47,920,920,
15545,51,77000,0,user_40,920,920,
15679,9,43000000,0,user_47,921,939,
15812,1,3200001,0,builder_15,921,921,15543
15543,86,3200000,17700000,user_39,920,931,
15676,93,6300000,0,user_45,921,931,
15677,94,6300000,0,user_45,921,931,
15813,5,5200001,0,builder_15,921,921,15511
15511,84,5200000,181000,user_1,920,930,
15526,95,5200001,0,user_12,920,930,15511
15532,98,5200001,0,user_19,920,930,15511
15517,97,5200001,0,user_6,920,930,15511
15530,96,5200001,0,user_15,920,930,15511
15537,99,5200001,0,user_26,920,930,15511
15645,64,5200001,0,user_13,921,929,15511
15654,94,5200001,0,user_18,921,930,15511
15519,84,5199999,0,user_7,920,929,15511
15520,85,5199999,0,user_7,920,929,15511
15527,83,5199999,0,user_12,920,929,15511
15533,80,5199999,0,user_19,920,929,15511
15518,81,5199999,0,user_6,920,929,15511
15531,86,5199999,0,user_15,920,929,15511
15534,82,5199999,0,user_22,920,929,15511
15641,88,5199999,0,user_11,921,929,15511
15647,89,5199999,0,user_14,921,929,15511
15651,78,5199999,0,user_18,921,929,15511
15665,96,4500000,0,user_31,921,929,
15666,78,3600000,0,user_32,921,927,
15664,79,3500000,0,user_31,921,927,
15643,92,3200001,0,user_11,921,927,15543
15629,83,3200001,0,user_1,921,927,15543
15634,90,3200001,0,user_7,921,927,15543
15636,91,3200001,0,user_7,921,927,15543
15632,84,3200001,0,user_5,921,927,15543
15640,72,3199999,0,user_11,921,925,15543
15630,71,3199999,0,user_2,921,925,15543
15644,76,3199999,0,user_13,921,925,15543
15635,73,3199999,0,user_7,921,925,15543
15656,69,3199999,0,user_19,921,925,15543
15639,74,3199999,0,user_10,921,925,15543
15649,70,3199999,0,user_15,921,925,15543
15541,85,2600000,0,user_37,920,925,
15539,84,2600000,0,user_29,920,925,
15542,90,2100000,0,user_38,920,925,
15814,42,2000001,0,builder_15,921,921,15544
15544,91,2000000,15100,user_40,920,925,
15627,93,2000001,0,user_0,921,925,15544
15553,94,2000000,0,user_44,920,925,
15557,97,1900000,0,user_47,920,925,
15556,93,1500000,0,user_47,920,924,
15559,95,1300000,13800,user_47,920,924,
15815,49,1299999,0,builder_15,921,921,15559
15560,82,1000000,0,user_48,920,922,
15525,86,910000,0,user_11,920,922,
15515,87,870000,0,user_4,920,922,
15535,89,670000,0,user_23,920,922,
15524,88,670000,0,user_10,920,922,
15523,92,470000,0,user_10,920,922,
15510,96,460000,0,user_1,920,922,
15547,95,460000,0,user_41,920,922,
15550,94,460000,0,user_44,920,922,
15522,93,460000,0,user_9,920,922,
15552,97,420000,18600,user_44,920,922,
15816,61,419999,0,builder_15,921,921,15552
15637,99,420001,0,user_7,921,922,15552
15660,63,420001,0,user_25,921,921,15552
15558,64,420000,0,user_47,920,921,
15642,65,419999,0,user_11,921,921,15552
15661,66,419999,0,user_25,921,921,15552
15817,67,360001,0,builder_15,921,921,15671
15671,68,360000,56200,user_39,921,921,
15540,69,340000,0,user_34,920,921,
15514,70,300000,0,user_1,920,921,
15516,71,260000,0,user_5,920,921,
15818,72,150001,0,builder_15,921,921,15549
15549,73,150000,75000,user_44,920,921,
15529,74,220000,0,user_14,920,921,
15561,75,220000,0,user_49,920,921,
15512,76,190000,0,user_1,920,921,
15658,77,170001,0,user_21,921,921,15528
15659,78,170001,0,user_24,921,921,15528
15648,79,170001,0,user_15,921,921,15528
15509,80,170000,0,user_0,920,921,
15663,81,150000,14200,user_30,921,921,
15819,82,149999,0,builder_15,921,921,15663
15513,83,160000,0,user_1,920,921,
15554,84,160000,0,user_45,920,921,
15631,85,150001,0,user_4,921,921,15549
15652,86,150001,0,user_18,921,921,15549
15655,87,150001,0,user_18,921,921,15549
15628,88,150001,0,user_0,921,921,15549
15667,89,150000,0,user_32,921,921,
15646,90,149999,0,user_14,921,921,15549
15650,91,149999,0,user_16,921,921,15549
15653,92,149999,0,user_18,921,921,15549
15548,93,130000,18600,user_43,920,921,
15820,94,129999,0,builder_15,921,921,15548
15638,95,129999,0,user_8,921,921,15548
15551,96,120000,0,user_44,920,921,
15536,97,110000,0,user_24,920,921,
15546,98,110000,0,user_41,920,921,
15538,99,110000,0,user_27,920,921,
15679,9,43000000,0,user_47,921,939,
15902,6,43000000,0,user_45,922,939,
16036,2,3200001,0,builder_15,922,922,15543
15543,86,3200000,17700000,user_39,920,931,
15676,93,6300000,0,user_45,921,931,
15677,94,6300000,0,user_45,921,931,
15900,96,6100000,0,user_40,922,931,
16037,7,5200001,0,builder_15,922,922,15511
15511,84,5200000,181000,user_1,920,930,
15532,98,5200001,0,user_19,920,930,15511
15517,97,5200001,0,user_6,920,930,15511
15530,96,5200001,0,user_15,920,930,15511
15537,99,5200001,0,user_26,920,930,15511
15526,95,5200001,0,user_12,920,930,15511
15654,94,5200001,0,user_18,921,930,15511
15866,93,5200001,0,user_10,922,930,15511
15903,66,5200000,0,user_45,922,929,
15647,89,5199999,0,user_14,921,929,15511
15519,84,5199999,0,user_7,920,929,15511
15520,85,5199999,0,user_7,920,929,15511
15533,80,5199999,0,user_19,920,929,15511
15518,81,5199999,0,user_6,920,929,15511
15531,86,5199999,0,user_15,920,929,15511
15534,82,5199999,0,user_22,920,929,15511
15641,88,5199999,0,user_11,921,929,15511
15527,83,5199999,0,user_12,920,929,15511
15651,78,5199999,0,user_18,921,929,15511
15863,79,5199999,0,user_10,922,929,15511
15895,91,5000000,0,user_36,922,929,
15665,96,4500000,0,user_31,921,929,
15666,78,3600000,0,user_32,921,927,
15664,79,3500000,0,user_31,921,927,
15629,83,3200001,0,user_1,921,927,15543
15634,90,3200001,0,user_7,921,927,15543
15636,91,3200001,0,user_7,921,927,15543
15632,84,3200001,0,user_5,921,927,15543
15633,93,3200001,0,user_6,921,927,15543
15643,92,3200001,0,user_11,921,927,15543
15854,94,3200001,0,user_1,922,927,15543
15859,85,3200001,0,user_5,922,927,15543
15865,86,3200001,0,user_10,922,927,15543
15630,71,3199999,0,user_2,921,925,15543
15635,73,3199999,0,user_7,921,925,15543
15656,69,3199999,0,user_19,921,925,15543
15639,74,3199999,0,user_10,921,925,15543
15657,94,3199999,0,user_20,921,926,15543
15649,70,3199999,0,user_15,921,925,15543
15640,72,3199999,0,user_11,921,925,15543
15857,95,3199999,0,user_3,922,926,15543
15861,96,3199999,0,user_7,922,926,15543
15874,99,3199999,0,user_18,922,926,15543
15878,97,3199999,0,user_21,922,926,15543
15879,98,3199999,0,user_21,922,926,15543
15881,81,3199999,0,user_24,922,925,15543
15539,84,2600000,0,user_29,920,925,
15541,85,2600000,0,user_37,920,925,
15542,90,2100000,0,user_38,920,925,
15544,91,2000000,15100,user_40,920,925,
16038,58,1999999,0,builder_15,922,922,15544
15627,93,2000001,0,user_0,921,925,15544
15553,94,2000000,0,user_44,920,925,
15557,97,1900000,0,user_47,920,925,
15898,99,1700000,0,user_39,922,925,
15896,90,1600000,0,user_37,922,924,
15556,93,1500000,0,user_47,920,924,
15559,95,1300000,13800,user_47,920,924,
16039,66,1299999,0,builder_15,922,922,15559
15907,82,1200000,0,user_48,922,923,
15891,84,1100000,0,user_32,922,923,
16040,69,1000001,0,builder_15,922,922,15673
15673,86,1000000,66100,user_42,921,923,
16041,71,1000001,0,builder_15,922,922,15888
15888,88,1000000,3130,user_32,922,923,
15855,99,1000001,0,user_1,922,923,15673
15870,91,1000001,0,user_14,922,923,15673
15877,92,1000001,0,user_21,922,923,15673
15882,95,1000001,0,user_25,922,923,15673
15875,90,1000001,0,user_19,922,923,15673
15880,94,1000001,0,user_23,922,923,15673
15864,93,1000001,0,user_10,922,923,15673
15862,97,1000001,0,user_9,922,923,15673
15883,96,1000001,0,user_26,922,923,15673
15560,82,1000000,0,user_48,920,922,
15867,83,999999,0,user_11,922,922,15673
15873,84,999999,0,user_17,922,922,15673
15871,85,999999,0,user_15,922,922,15673
15525,86,910000,0,user_11,920,922,
15515,87,870000,0,user_4,920,922,
15524,88,670000,0,user_10,920,922,
15535,89,670000,0,user_23,920,922,
16042,90,190001,0,builder_15,922,922,15670
15670,91,190000,381000,user_38,921,922,
15523,92,470000,0,user_10,920,922,
15522,93,460000,0,user_9,920,922,
15550,94,460000,0,user_44,920,922,
15547,95,460000,0,user_41,920,922,
15510,96,460000,0,user_1,920,922,
15552,97,420000,18600,user_44,920,922,
16043,98,419999,0,builder_15,922,922,15552
15637,99,420001,0,user_7,921,922,15552
15902,6,43000000,0,user_45,922,939,
15679,9,43000000,0,user_47,921,939,
16205,2,3200001,0,builder_15,923,923,15543
15543,86,3200000,17700000,user_39,920,931,
15676,93,6300000,0,user_45,921,931,
15677,94,6300000,0,user_45,921,931,
15900,96,6100000,0,user_40,922,931,
16111,97,6100000,0,user_45,923,931,
15511,84,5200000,181000,user_1,920,930,
16206,9,5199999,0,builder_15,923,923,15511
15866,93,5200001,0,user_10,922,930,15511
15645,64,5200001,0,user_13,921,929,15511
15654,94,5200001,0,user_18,921,930,15511
15526,95,5200001,0,user_12,920,930,15511
15532,98,5200001,0,user_19,920,930,15511
15517,97,5200001,0,user_6,920,930,15511
15530,96,5200001,0,user_15,920,930,15511
15537,99,5200001,0,user_26,920,930,15511
15903,66,5200000,0,user_45,922,929,
16087,67,5200000,0,user_28,923,929,
15863,79,5199999,0,user_10,922,929,15511
15641,88,5199999,0,user_11,921,929,15511
15647,89,5199999,0,user_14,921,929,15511
15651,78,5199999,0,user_18,921,929,15511
15527,83,5199999,0,user_12,920,929,15511
15519,84,5199999,0,user_7,920,929,15511
15520,85,5199999,0,user_7,920,929,15511
15533,80,5199999,0,user_19,920,929,15511
15518,81,5199999,0,user_6,920,929,15511
15531,86,5199999,0,user_15,920,929,15511
15534,82,5199999,0,user_22,920,929,15511
15895,91,5000000,0,user_36,922,929,
15665,96,4500000,0,user_31,921,929,
16101,97,4500000,0,user_37,923,929,
15666,78,3600000,0,user_32,921,927,
15664,79,3500000,0,user_31,921,927,
15865,86,3200001,0,user_10,922,927,15543
15633,93,3200001,0,user_6,921,927,15543
15643,92,3200001,0,user_11,921,927,15543
15634,90,3200001,0,user_7,921,927,15543
15636,91,3200001,0,user_7,921,927,15543
15854,94,3200001,0,user_1,922,927,15543
15859,85,3200001,0,user_5,922,927,15543
16077,87,3200001,0,user_16,923,927,15543
15629,83,3200001,0,user_1,921,927,15543
15632,84,3200001,0,user_5,921,927,15543
15861,96,3199999,0,user_7,922,926,15543
15857,95,3199999,0,user_3,922,926,15543
15878,97,3199999,0,user_21,922,926,15543
15879,98,3199999,0,user_21,922,926,15543
15874,99,3199999,0,user_18,922,926,15543
15881,81,3199999,0,user_24,922,925,15543
16066,82,3199999,0,user_1,923,925,15543
15640,72,3199999,0,user_11,921,925,15543
15635,73,3199999,0,user_7,921,925,15543
15639,74,3199999,0,user_10,921,925,15543
15657,94,3199999,0,user_20,921,926,15543
15644,76,3199999,0,user_13,921,925,15543
16078,68,3199999,0,user_17,923,925,15543
15630,71,3199999,0,user_2,921,925,15543
15656,69,3199999,0,user_19,921,925,15543
15649,70,3199999,0,user_15,921,925,15543
15541,85,2600000,0,user_37,920,925,
15539,84,2600000,0,user_29,920,925,
16097,89,2300000,0,user_35,923,925,
15542,90,2100000,0,user_38,920,925,
15544,91,2000000,15100,user_40,920,925,
16207,67,1999999,0,builder_15,923,923,15544
15627,93,2000001,0,user_0,921,925,15544
15553,94,2000000,0,user_44,920,925,
16100,96,1900000,0,user_36,923,925,
15557,97,1900000,0,user_47,920,925,
15898,99,1700000,0,user_39,922,925,
16113,98,1700000,0,user_47,923,925,
15896,90,1600000,0,user_37,922,924,
16096,92,1500000,0,user_33,923,924,
15556,93,1500000,0,user_47,920,924,
15559,95,1300000,13800,user_47,920,924,
16208,78,1299999,0,builder_15,923,923,15559
15904,97,1300000,0,user_46,922,924,
16098,98,1300000,0,user_35,923,924,
16103,99,1300000,0,user_39,923,924,
15907,82,1200000,0,user_48,922,923,
16108,83,1200000,0,user_40,923,923,
15891,84,1100000,0,user_32,922,923,
16106,85,1100000,0,user_39,923,923,
15673,86,1000000,66100,user_42,921,923,
16209,87,999999,0,builder_15,923,923,15673
15888,88,1000000,3130,user_32,922,923,
16210,89,999999,0,builder_15,923,923,15888
15875,90,1000001,0,user_19,922,923,15673
15870,91,1000001,0,user_14,922,923,15673
15877,92,1000001,0,user_21,922,923,15673
15864,93,1000001,0,user_10,922,923,15673
15880,94,1000001,0,user_23,922,923,15673
15882,95,1000001,0,user_25,922,923,15673
15883,96,1000001,0,user_26,922,923,15673
15862,97,1000001,0,user_9,922,923,15673
16068,98,1000001,0,user_4,923,923,15673
15855,99,1000001,0,user_1,922,923,15673
15902,6,43000000,0,user_45,922,939,
15679,9,43000000,0,user_47,921,939,
16112,94,27000000,0,user_46,923,932,
15543,86,3200000,17700000,user_39,920,931,
16386,4,3199999,0,builder_15,924,924,15543
16387,5,6300001,0,builder_15,924,924,16282
16282,91,6300000,5630,user_32,924,931,
15676,93,6300000,0,user_45,921,931,
15677,94,6300000,0,user_45,921,931,
16111,97,6100000,0,user_45,923,931,
15900,96,6100000,0,user_40,922,931,
16388,11,5200001,0,builder_15,924,924,15511
15511,84,5200000,181000,user_1,920,930,
15866,93,5200001,0,user_10,922,930,15511
16263,85,5200001,0,user_17,924,930,15511
16264,86,5200001,0,user_18,924,930,15511
15654,94,5200001,0,user_18,921,930,15511
15517,97,5200001,0,user_6,920,930,15511
15537,99,5200001,0,user_26,920,930,15511
15532,98,5200001,0,user_19,920,930,15511
15530,96,5200001,0,user_15,920,930,15511
15526,95,5200001,0,user_12,920,930,15511
15645,64,5200001,0,user_13,921,929,15511
15903,66,5200000,0,user_45,922,929,
16087,67,5200000,0,user_28,923,929,
16299,65,5200000,0,user_48,924,929,
15641,88,5199999,0,user_11,921,929,15511
15863,79,5199999,0,user_10,922,929,15511
15651,78,5199999,0,user_18,921,929,15511
15518,81,5199999,0,user_6,920,929,15511
15534,82,5199999,0,user_22,920,929,15511
15533,80,5199999,0,user_19,920,929,15511
15519,84,5199999,0,user_7,920,929,15511
15520,85,5199999,0,user_7,920,929,15511
15531,86,5199999,0,user_15,920,929,15511
15527,83,5199999,0,user_12,920,929,15511
15647,89,5199999,0,user_14,921,929,15511
16243,87,5199999,0,user_9,924,929,15511
15895,91,5000000,0,user_36,922,929,
16101,97,4500000,0,user_37,923,929,
15665,96,4500000,0,user_31,921,929,
15666,78,3600000,0,user_32,921,927,
15664,79,3500000,0,user_31,921,927,
15854,94,3200001,0,user_1,922,927,15543
15859,85,3200001,0,user_5,922,927,15543
15643,92,3200001,0,user_11,921,927,15543
15865,86,3200001,0,user_10,922,927,15543
16077,87,3200001,0,user_16,923,927,15543
16245,95,3200001,0,user_11,924,927,15543
16229,89,3200001,0,user_0,924,927,15543
16235,88,3200001,0,user_2,924,927,15543
16259,96,3200001,0,user_16,924,927,15543
15629,83,3200001,0,user_1,921,927,15543
15632,84,3200001,0,user_5,921,927,15543
15633,93,3200001,0,user_6,921,927,15543
15634,90,3200001,0,user_7,921,927,15543
15636,91,3200001,0,user_7,921,927,15543
16301,98,3200000,0,user_48,924,927,
15857,95,3199999,0,user_3,922,926,15543
15861,96,3199999,0,user_7,922,926,15543
15874,99,3199999,0,user_18,922,926,15543
15881,81,3199999,0,user_24,922,925,15543
15640,72,3199999,0,user_11,921,925,15543
15878,97,3199999,0,user_21,922,926,15543
15879,98,3199999,0,user_21,922,926,15543
16066,82,3199999,0,user_1,923,925,15543
16078,68,3199999,0,user_17,923,925,15543
16232,64,3199999,0,user_2,924,925,15543
16271,65,3199999,0,user_25,924,925,15543
15630,71,3199999,0,user_2,921,925,15543
15649,70,3199999,0,user_15,921,925,15543
15656,69,3199999,0,user_19,921,925,15543
15639,74,3199999,0,user_10,921,925,15543
15635,73,3199999,0,user_7,921,925,15543
15644,76,3199999,0,user_13,921,925,15543
15657,94,3199999,0,user_20,921,926,15543
15539,84,2600000,0,user_29,920,925,
15541,85,2600000,0,user_37,920,925,
16102,87,2400000,0,user_38,923,925,
16296,86,2400000,0,user_47,924,925,
16097,89,2300000,0,user_35,923,925,
15542,90,2100000,0,user_38,920,925,
16389,82,2000001,0,builder_15,924,924,15544
15544,91,2000000,15100,user_40,920,925,
15627,93,2000001,0,user_0,921,925,15544
15553,94,2000000,0,user_44,920,925,
16100,96,1900000,0,user_36,923,925,
15557,97,1900000,0,user_47,920,925,
16113,98,1700000,0,user_47,923,925,
15898,99,1700000,0,user_39,922,925,
15896,90,1600000,0,user_37,922,924,
16110,91,1600000,0,user_42,923,924,
16096,92,1500000,0,user_33,923,924,
15556,93,1500000,0,user_47,920,924,
16288,94,1400000,0,user_39,924,924,
15559,95,1300000,13800,user_47,920,924,
16390,96,1299999,0,builder_15,924,924,15559
15904,97,1300000,0,user_46,922,924,
16098,98,1300000,0,user_35,923,924,
16103,99,1300000,0,user_39,923,924,
15679,9,43000000,0,user_47,921,939,
15902,6,43000000,0,user_45,922,939,
16292,58,30000000,0,user_42,924,939,
16112,94,27000000,0,user_46,923,932,
15543,86,3200000,17700000,user_39,920,931,
16544,5,3199999,0,builder_15,925,925,15543
16282,91,6300000,5630,user_32,924,931,
16545,7,6299999,0,builder_15,925,925,16282
16445,92,6300000,0,user_28,925,931,
15676,93,6300000,0,user_45,921,931,
15677,94,6300000,0,user_45,921,931,
16111,97,6100000,0,user_45,923,931,
15900,96,6100000,0,user_40,922,931,
16546,13,5200001,0,builder_15,925,925,16457
16457,99,5200000,215000,user_37,925,931,
15511,84,5200000,181000,user_1,920,930,
16547,16,5199999,0,builder_15,925,925,15511
16263,85,5200001,0,user_17,924,930,15511
16264,86,5200001,0,user_18,924,930,15511
16443,87,5200001,0,user_24,925,930,15511
15517,97,5200001,0,user_6,920,930,15511
15537,99,5200001,0,user_26,920,930,15511
15526,95,5200001,0,user_12,920,930,15511
15530,96,5200001,0,user_15,920,930,15511
15532,98,5200001,0,user_19,920,930,15511
15654,94,5200001,0,user_18,921,930,15511
15645,64,5200001,0,user_13,921,929,15511
15866,93,5200001,0,user_10,922,930,15511
16299,65,5200000,0,user_48,924,929,
16087,67,5200000,0,user_28,923,929,
15903,66,5200000,0,user_45,922,929,
16243,87,5199999,0,user_9,924,929,15511
15518,81,5199999,0,user_6,920,929,15511
15534,82,5199999,0,user_22,920,929,15511
15519,84,5199999,0,user_7,920,929,15511
15520,85,5199999,0,user_7,920,929,15511
15527,83,5199999,0,user_12,920,929,15511
15531,86,5199999,0,user_15,920,929,15511
15533,80,5199999,0,user_19,920,929,15511
15651,78,5199999,0,user_18,921,929,15511
15641,88,5199999,0,user_11,921,929,15511
15647,89,5199999,0,user_14,921,929,15511
15863,79,5199999,0,user_10,922,929,15511
15895,91,5000000,0,user_36,922,929,
16101,97,4500000,0,user_37,923,929,
15665,96,4500000,0,user_31,921,929,
15666,78,3600000,0,user_32,921,927,
15664,79,3500000,0,user_31,921,927,
16235,88,3200001,0,user_2,924,927,15543
16259,96,3200001,0,user_16,924,927,15543
16229,89,3200001,0,user_0,924,927,15543
16245,95,3200001,0,user_11,924,927,15543
16410,82,3200001,0,user_1,925,927,15543
16077,87,3200001,0,user_16,923,927,15543
15629,83,3200001,0,user_1,921,927,15543
15632,84,3200001,0,user_5,921,927,15543
15643,92,3200001,0,user_11,921,927,15543
15634,90,3200001,0,user_7,921,927,15543
15636,91,3200001,0,user_7,921,927,15543
15633,93,3200001,0,user_6,921,927,15543
15854,94,3200001,0,user_1,922,927,15543
15859,85,3200001,0,user_5,922,927,15543
15865,86,3200001,0,user_10,922,927,15543
16301,98,3200000,0,user_48,924,927,
16232,64,3199999,0,user_2,924,925,15543
16271,65,3199999,0,user_25,924,925,15543
16433,99,3199999,0,user_18,925,927,15543
15874,99,3199999,0,user_18,922,926,15543
16078,68,3199999,0,user_17,923,925,15543
15656,69,3199999,0,user_19,921,925,15543
15649,70,3199999,0,user_15,921,925,15543
15630,71,3199999,0,user_2,921,925,15543
15640,72,3199999,0,user_11,921,925,15543
15635,73,3199999,0,user_7,921,925,15543
15639,74,3199999,0,user_10,921,925,15543
15657,94,3199999,0,user_20,921,926,15543
15644,76,3199999,0,user_13,921,925,15543
15857,95,3199999,0,user_3,922,926,15543
15861,96,3199999,0,user_7,922,926,15543
15878,97,3199999,0,user_21,922,926,15543
15879,98,3199999,0,user_21,922,926,15543
15881,81,3199999,0,user_24,922,925,15543
16066,82,3199999,0,user_1,923,925,15543
16421,92,3199999,0,user_9,925,926,15543
15539,84,2600000,0,user_29,920,925,
15541,85,2600000,0,user_37,920,925,
16296,86,2400000,0,user_47,924,925,
16102,87,2400000,0,user_38,923,925,
16463,88,2300000,0,user_39,925,925,
16097,89,2300000,0,user_35,923,925,
15542,90,2100000,0,user_38,920,925,
15544,91,2000000,15100,user_40,920,925,
16548,92,1999999,0,builder_15,925,925,15544
15627,93,2000001,0,user_0,921,925,15544
15553,94,2000000,0,user_44,920,925,
16456,95,1900000,0,user_36,925,925,
16100,96,1900000,0,user_36,923,925,
15557,97,1900000,0,user_47,920,925,
16113,98,1700000,0,user_47,923,925,
15898,99,1700000,0,user_39,922,925,
15902,6,43000000,0,user_45,922,939,
15679,9,43000000,0,user_47,921,939,
16695,2,30000001,0,builder_15,926,926,16613
16613,11,30000000,769000,user_45,926,939,
16468,59,30000000,0,user_43,925,939,
16292,58,30000000,0,user_42,924,939,
16603,60,30000000,0,user_31,926,939,
16112,94,27000000,0,user_46,923,932,
16696,8,3200001,0,builder_15,926,926,15543
15543,86,3200000,17700000,user_39,920,931,
16697,10,6300001,0,builder_15,926,926,16282
16282,91,6300000,5630,user_32,924,931,
16445,92,6300000,0,user_28,925,931,
15676,93,6300000,0,user_45,921,931,
15677,94,6300000,0,user_45,921,931,
16111,97,6100000,0,user_45,923,931,
15900,96,6100000,0,user_40,922,931,
16457,99,5200000,215000,user_37,925,931,
16698,18,5199999,0,builder_15,926,926,16457
15511,84,5200000,181000,user_1,920,930,
16699,20,5199999,0,builder_15,926,926,15511
16443,87,5200001,0,user_24,925,930,15511
16568,90,5200001,0,user_5,926,930,16457
16584,92,5200001,0,user_13,926,930,16457
16587,88,5200001,0,user_14,926,930,16457
16591,89,5200001,0,user_16,926,930,16457
16264,86,5200001,0,user_18,924,930,15511
15866,93,5200001,0,user_10,922,930,15511
16263,85,5200001,0,user_17,924,930,15511
15526,95,5200001,0,user_12,920,930,15511
15530,96,5200001,0,user_15,920,930,15511
15517,97,5200001,0,user_6,920,930,15511
15532,98,5200001,0,user_19,920,930,15511
15537,99,5200001,0,user_26,920,930,15511
15654,94,5200001,0,user_18,921,930,15511
16598,50,5200001,0,user_23,926,929,16457
15645,64,5200001,0,user_13,921,929,15511
16589,91,5200001,0,user_15,926,930,16457
16299,65,5200000,0,user_48,924,929,
15903,66,5200000,0,user_45,922,929,
16087,67,5200000,0,user_28,923,929,
16563,75,5199999,0,user_1,926,929,16457
16566,76,5199999,0,user_1,926,929,16457
16569,77,5199999,0,user_5,926,929,16457
16581,74,5199999,0,user_12,926,929,16457
16585,69,5199999,0,user_14,926,929,16457
16571,68,5199999,0,user_7,926,929,16457
16243,87,5199999,0,user_9,924,929,15511
15863,79,5199999,0,user_10,922,929,15511
15519,84,5199999,0,user_7,920,929,15511
15520,85,5199999,0,user_7,920,929,15511
15527,83,5199999,0,user_12,920,929,15511
15531,86,5199999,0,user_15,920,929,15511
15518,81,5199999,0,user_6,920,929,15511
15533,80,5199999,0,user_19,920,929,15511
15534,82,5199999,0,user_22,920,929,15511
15651,78,5199999,0,user_18,921,929,15511
15641,88,5199999,0,user_11,921,929,15511
15647,89,5199999,0,user_14,921,929,15511
16577,73,5199999,0,user_9,926,929,16457
16590,71,5199999,0,user_15,926,929,16457
16570,70,5199999,0,user_6,926,929,16457
16599,72,5199999,0,user_26,926,929,16457
16600,90,5000000,0,user_28,926,929,
15895,91,5000000,0,user_36,922,929,
16609,94,4200000,410000,user_39,926,929,
16700,66,4199999,0,builder_15,926,926,16609
16101,97,4500000,0,user_37,923,929,
15665,96,4500000,0,user_31,921,929,
15666,78,3600000,0,user_32,921,927,
15664,79,3500000,0,user_31,921,927,
16410,82,3200001,0,user_1,925,927,15543
16245,95,3200001,0,user_11,924,927,15543
16259,96,3200001,0,user_16,924,927,15543
16229,89,3200001,0,user_0,924,927,15543
15865,86,3200001,0,user_10,922,927,15543
15859,85,3200001,0,user_5,922,927,15543
16077,87,3200001,0,user_16,923,927,15543
16235,88,3200001,0,user_2,924,927,15543
15629,83,3200001,0,user_1,921,927,15543
15632,84,3200001,0,user_5,921,927,15543
15634,90,3200001,0,user_7,921,927,15543
15636,91,3200001,0,user_7,921,927,15543
15643,92,3200001,0,user_11,921,927,15543
15633,93,3200001,0,user_6,921,927,15543
15854,94,3200001,0,user_1,922,927,15543
16596,80,3200001,0,user_22,926,927,15543
16453,97,3200000,0,user_34,925,927,
16301,98,3200000,0,user_48,924,927,
16433,99,3199999,0,user_18,925,927,15543
16436,90,3199999,0,user_20,925,926,15543
16580,91,3199999,0,user_11,926,926,15543
16421,92,3199999,0,user_9,925,926,15543
16586,93,3199999,0,user_14,926,926,15543
15657,94,3199999,0,user_20,921,926,15543
15857,95,3199999,0,user_3,922,926,15543
15861,96,3199999,0,user_7,922,926,15543
15878,97,3199999,0,user_21,922,926,15543
15879,98,3199999,0,user_21,922,926,15543
15874,99,3199999,0,user_18,922,926,15543
15902,6,43000000,0,user_45,922,939,
15679,9,43000000,0,user_47,921,939,
16848,2,30000001,0,builder_15,927,927,16613
16613,11,30000000,769000,user_45,926,939,
16719,41,30000001,0,user_0,927,939,16613
16603,60,30000000,0,user_31,926,939,
16468,59,30000000,0,user_43,925,939,
16292,58,30000000,0,user_42,924,939,
16112,94,27000000,0,user_46,923,932,
16849,9,3200001,0,builder_15,927,927,15543
15543,86,3200000,17700000,user_39,920,931,
16850,11,6300001,0,builder_15,927,927,16282
16282,91,6300000,5630,user_32,924,931,
16445,92,6300000,0,user_28,925,931,
15676,93,6300000,0,user_45,921,931,
15677,94,6300000,0,user_45,921,931,
15900,96,6100000,0,user_40,922,931,
16111,97,6100000,0,user_45,923,931,
16457,99,5200000,215000,user_37,925,931,
16851,19,5199999,0,builder_15,927,927,16457
16852,20,5200001,0,builder_15,927,927,15511
15511,84,5200000,181000,user_1,920,930,
16568,90,5200001,0,user_5,926,930,16457
16598,50,5200001,0,user_23,926,929,16457
16587,88,5200001,0,user_14,926,930,16457
16589,91,5200001,0,user_15,926,930,16457
16591,89,5200001,0,user_16,926,930,16457
16264,86,5200001,0,user_18,924,930,15511
16443,87,5200001,0,user_24,925,930,15511
15526,95,5200001,0,user_12,920,930,15511
15532,98,5200001,0,user_19,920,930,15511
15517,97,5200001,0,user_6,920,930,15511
15530,96,5200001,0,user_15,920,930,15511
15537,99,5200001,0,user_26,920,930,15511
15654,94,5200001,0,user_18,921,930,15511
15866,93,5200001,0,user_10,922,930,15511
16263,85,5200001,0,user_17,924,930,15511
15645,64,5200001,0,user_13,921,929,15511
16299,65,5200000,0,user_48,924,929,
15903,66,5200000,0,user_45,922,929,
16087,67,5200000,0,user_28,923,929,
16569,77,5199999,0,user_5,926,929,16457
16581,74,5199999,0,user_12,926,929,16457
16571,68,5199999,0,user_7,926,929,16457
16570,70,5199999,0,user_6,926,929,16457
16599,72,5199999,0,user_26,926,929,16457
16577,73,5199999,0,user_9,926,929,16457
16585,69,5199999,0,user_14,926,929,16457
16590,71,5199999,0,user_15,926,929,16457
16563,75,5199999,0,user_1,926,929,16457
16566,76,5199999,0,user_1,926,929,16457
16243,87,5199999,0,user_9,924,929,15511
15519,84,5199999,0,user_7,920,929,15511
15520,85,5199999,0,user_7,920,929,15511
15527,83,5199999,0,user_12,920,929,15511
15533,80,5199999,0,user_19,920,929,15511
15518,81,5199999,0,user_6,920,929,15511
15531,86,5199999,0,user_15,920,929,15511
15534,82,5199999,0,user_22,920,929,15511
15651,78,5199999,0,user_18,921,929,15511
15863,79,5199999,0,user_10,922,929,15511
15641,88,5199999,0,user_11,921,929,15511
15647,89,5199999,0,user_14,921,929,15511
16600,90,5000000,0,user_28,926,929,
15895,91,5000000,0,user_36,922,929,
15665,96,4500000,0,user_31,921,929,
16101,97,4500000,0,user_37,923,929,
16728,99,4200001,0,user_17,927,929,16609
16721,98,4200001,0,user_5,927,929,16609
16737,79,4200001,0,user_24,927,928,16609
16727,88,4199999,0,user_16,927,928,16609
16731,92,4199999,0,user_18,927,928,16609
16720,89,4199999,0,user_2,927,928,16609
16732,90,4199999,0,user_19,927,928,16609
16733,91,4199999,0,user_19,927,928,16609
16736,93,4199999,0,user_23,927,928,16609
16738,95,4199999,0,user_26,927,928,16609
16751,77,3600000,0,user_40,927,927,
15666,78,3600000,0,user_32,921,927,
15664,79,3500000,0,user_31,921,927,
16596,80,3200001,0,user_22,926,927,15543
16730,81,3200001,0,user_17,927,927,15543
16410,82,3200001,0,user_1,925,927,15543
15629,83,3200001,0,user_1,921,927,15543
15632,84,3200001,0,user_5,921,927,15543
15859,85,3200001,0,user_5,922,927,15543
15865,86,3200001,0,user_10,922,927,15543
16077,87,3200001,0,user_16,923,927,15543
16235,88,3200001,0,user_2,924,927,15543
16229,89,3200001,0,user_0,924,927,15543
15634,90,3200001,0,user_7,921,927,15543
15636,91,3200001,0,user_7,921,927,15543
15643,92,3200001,0,user_11,921,927,15543
15633,93,3200001,0,user_6,921,927,15543
15854,94,3200001,0,user_1,922,927,15543
16245,95,3200001,0,user_11,924,927,15543
16259,96,3200001,0,user_16,924,927,15543
16453,97,3200000,0,user_34,925,927,
16301,98,3200000,0,user_48,924,927,
16433,99,3199999,0,user_18,925,927,15543
15902,6,43000000,0,user_45,922,939,
15679,9,43000000,0,user_47,921,939,
17008,2,30000001,0,builder_15,928,928,16613
16613,11,30000000,769000,user_45,926,939,
16719,41,30000001,0,user_0,927,939,16613
16468,59,30000000,0,user_43,925,939,
16603,60,30000000,0,user_31,926,939,
16292,58,30000000,0,user_42,924,939,
16873,86,29999999,0,user_7,928,939,16613
16874,87,29999999,0,user_8,928,939,16613
16902,90,27000000,779000,user_36,928,939,
17009,11,26999999,0,builder_15,928,928,16902
16112,94,27000000,0,user_46,923,932,
17010,13,3200001,0,builder_15,928,928,15543
15543,86,3200000,17700000,user_39,920,931,
16903,87,19000000,0,user_37,928,931,
17011,16,6300001,0,builder_15,928,928,16282
16282,91,6300000,5630,user_32,924,931,
16445,92,6300000,0,user_28,925,931,
15676,93,6300000,0,user_45,921,931,
15677,94,6300000,0,user_45,921,931,
15900,96,6100000,0,user_40,922,931,
16111,97,6100000,0,user_45,923,931,
17012,23,5200001,0,builder_15,928,928,16457
16457,99,5200000,215000,user_37,925,931,
17013,25,5200001,0,builder_15,928,928,15511
15511,84,5200000,181000,user_1,920,930,
16587,88,5200001,0,user_14,926,930,16457
16591,89,5200001,0,user_16,926,930,16457
16568,90,5200001,0,user_5,926,930,16457
16598,50,5200001,0,user_23,926,929,16457
16589,91,5200001,0,user_15,926,930,16457
16584,92,5200001,0,user_13,926,930,16457
16264,86,5200001,0,user_18,924,930,15511
16443,87,5200001,0,user_24,925,930,15511
16263,85,5200001,0,user_17,924,930,15511
15526,95,5200001,0,user_12,920,930,15511
15532,98,5200001,0,user_19,920,930,15511
15517,97,5200001,0,user_6,920,930,15511
15530,96,5200001,0,user_15,920,930,15511
15537,99,5200001,0,user_26,920,930,15511
15654,94,5200001,0,user_18,921,930,15511
15866,93,5200001,0,user_10,922,930,15511
15645,64,5200001,0,user_13,921,929,15511
16299,65,5200000,0,user_48,924,929,
15903,66,5200000,0,user_45,922,929,
16087,67,5200000,0,user_28,923,929,
16585,69,5199999,0,user_14,926,929,16457
16563,75,5199999,0,user_1,926,929,16457
16566,76,5199999,0,user_1,926,929,16457
16571,68,5199999,0,user_7,926,929,16457
16569,77,5199999,0,user_5,926,929,16457
16581,74,5199999,0,user_12,926,929,16457
16570,70,5199999,0,user_6,926,929,16457
16590,71,5199999,0,user_15,926,929,16457
16599,72,5199999,0,user_26,926,929,16457
16243,87,5199999,0,user_9,924,929,15511
16577,73,5199999,0,user_9,926,929,16457
15519,84,5199999,0,user_7,920,929,15511
15520,85,5199999,0,user_7,920,929,15511
15527,83,5199999,0,user_12,920,929,15511
15533,80,5199999,0,user_19,920,929,15511
15518,81,5199999,0,user_6,920,929,15511
15531,86,5199999,0,user_15,920,929,15511
15534,82,5199999,0,user_22,920,929,15511
15651,78,5199999,0,user_18,921,929,15511
15863,79,5199999,0,user_10,922,929,15511
15641,88,5199999,0,user_11,921,929,15511
15647,89,5199999,0,user_14,921,929,15511
16600,90,5000000,0,user_28,926,929,
15895,91,5000000,0,user_36,922,929,
16911,93,630000,4320000,user_48,928,929,
17014,72,629999,0,builder_15,928,928,16911
17015,73,4200001,0,builder_15,928,928,16609
16609,94,4200000,410000,user_39,926,929,
15665,96,4500000,0,user_31,921,929,
16101,97,4500000,0,user_37,923,929,
16728,99,4200001,0,user_17,927,929,16609
16721,98,4200001,0,user_5,927,929,16609
16737,79,4200001,0,user_24,927,928,16609
16734,80,4200001,0,user_20,927,928,16609
16880,81,4200001,0,user_11,928,928,16609
16870,82,4200001,0,user_2,928,928,16609
16881,83,4200001,0,user_14,928,928,16609
16885,84,4200001,0,user_18,928,928,16609
16886,85,4200001,0,user_18,928,928,16609
16872,86,4200001,0,user_5,928,928,16609
16876,87,4200001,0,user_8,928,928,16609
16727,88,4199999,0,user_16,927,928,16609
16720,89,4199999,0,user_2,927,928,16609
16732,90,4199999,0,user_19,927,928,16609
16733,91,4199999,0,user_19,927,928,16609
16731,92,4199999,0,user_18,927,928,16609
16736,93,4199999,0,user_23,927,928,16609
16735,94,4199999,0,user_21,927,928,16609
16738,95,4199999,0,user_26,927,928,16609
16879,96,4199999,0,user_11,928,928,16609
16871,97,4199999,0,user_3,928,928,16609
16888,98,4199999,0,user_23,928,928,16609
16877,99,4199999,0,user_9,928,928,16609
16896,8,43000000,0,user_29,928,939,
15902,6,43000000,0,user_45,922,939,
15679,9,43000000,0,user_47,921,939,
16613,11,30000000,769000,user_45,926,939,
17207,4,29999999,0,builder_15,929,929,16613
16719,41,30000001,0,user_0,927,939,16613
17054,44,30000001,0,user_17,929,939,16613
17056,45,30000001,0,user_18,929,939,16613
17059,46,30000001,0,user_18,929,939,16613
17060,47,30000001,0,user_18,929,939,16613
17064,16,30000001,0,user_21,929,939,16613
17069,48,30000001,0,user_25,929,939,16613
17061,15,30000001,0,user_19,929,939,16613
17053,43,30000001,0,user_15,929,939,16613
17070,49,30000001,0,user_26,929,939,16613
16603,60,30000000,0,user_31,926,939,
16292,58,30000000,0,user_42,924,939,
16468,59,30000000,0,user_43,925,939,
16874,87,29999999,0,user_8,928,939,16613
16873,86,29999999,0,user_7,928,939,16613
17050,88,29999999,0,user_13,929,939,16613
17055,81,29999999,0,user_17,929,939,16613
17063,62,29999999,0,user_21,929,939,16613
17066,82,29999999,0,user_23,929,939,16613
16902,90,27000000,779000,user_36,928,939,
17208,25,26999999,0,builder_15,929,929,16902
17051,91,27000001,0,user_14,929,939,16902
16112,94,27000000,0,user_46,923,932,
17043,82,26999999,0,user_4,929,931,16902
17044,79,26999999,0,user_5,929,931,16902
17046,81,26999999,0,user_7,929,931,16902
17058,83,26999999,0,user_18,929,931,16902
17052,80,26999999,0,user_14,929,931,16902
15543,86,3200000,17700000,user_39,920,931,
17209,34,3199999,0,builder_15,929,929,15543
16903,87,19000000,0,user_37,928,931,
16282,91,6300000,5630,user_32,924,931,
17210,37,6299999,0,builder_15,929,929,16282
16912,95,6300000,0,user_49,928,931,
16445,92,6300000,0,user_28,925,931,
15676,93,6300000,0,user_45,921,931,
15677,94,6300000,0,user_45,921,931,
15900,96,6100000,0,user_40,922,931,
16111,97,6100000,0,user_45,923,931,
16457,99,5200000,215000,user_37,925,931,
17211,45,5199999,0,builder_15,929,929,16457
17212,46,5200001,0,builder_15,929,929,15511
15511,84,5200000,181000,user_1,920,930,
16587,88,5200001,0,user_14,926,930,16457
16591,89,5200001,0,user_16,926,930,16457
16598,50,5200001,0,user_23,926,929,16457
16589,91,5200001,0,user_15,926,930,16457
16568,90,5200001,0,user_5,926,930,16457
16584,92,5200001,0,user_13,926,930,16457
16263,85,5200001,0,user_17,924,930,15511
16264,86,5200001,0,user_18,924,930,15511
16443,87,5200001,0,user_24,925,930,15511
15654,94,5200001,0,user_18,921,930,15511
15866,93,5200001,0,user_10,922,930,15511
15532,98,5200001,0,user_19,920,930,15511
15517,97,5200001,0,user_6,920,930,15511
15537,99,5200001,0,user_26,920,930,15511
15526,95,5200001,0,user_12,920,930,15511
15530,96,5200001,0,user_15,920,930,15511
15645,64,5200001,0,user_13,921,929,15511
16299,65,5200000,0,user_48,924,929,
15903,66,5200000,0,user_45,922,929,
16087,67,5200000,0,user_28,923,929,
16571,68,5199999,0,user_7,926,929,16457
16585,69,5199999,0,user_14,926,929,16457
16570,70,5199999,0,user_6,926,929,16457
16590,71,5199999,0,user_15,926,929,16457
16599,72,5199999,0,user_26,926,929,16457
16577,73,5199999,0,user_9,926,929,16457
16581,74,5199999,0,user_12,926,929,16457
16563,75,5199999,0,user_1,926,929,16457
16566,76,5199999,0,user_1,926,929,16457
16569,77,5199999,0,user_5,926,929,16457
15651,78,5199999,0,user_18,921,929,15511
15863,79,5199999,0,user_10,922,929,15511
15533,80,5199999,0,user_19,920,929,15511
15518,81,5199999,0,user_6,920,929,15511
15534,82,5199999,0,user_22,920,929,15511
15527,83,5199999,0,user_12,920,929,15511
15519,84,5199999,0,user_7,920,929,15511
15520,85,5199999,0,user_7,920,929,15511
15531,86,5199999,0,user_15,920,929,15511
16243,87,5199999,0,user_9,924,929,15511
15641,88,5199999,0,user_11,921,929,15511
15647,89,5199999,0,user_14,921,929,15511
16600,90,5000000,0,user_28,926,929,
15895,91,5000000,0,user_36,922,929,
17213,92,630001,0,builder_15,929,929,16911
16911,93,630000,4320000,user_48,928,929,
16609,94,4200000,410000,user_39,926,929,
17214,95,4199999,0,builder_15,929,929,16609
15665,96,4500000,0,user_31,921,929,
16101,97,4500000,0,user_37,923,929,
16721,98,4200001,0,user_5,927,929,16609
16728,99,4200001,0,user_17,927,929,16609
17398,0,43000001,0,builder_15,930,930,17076
17076,0,43000000,545000,user_38,929,939,
16896,8,43000000,0,user_29,928,939,
17300,4,43000000,0,user_48,930,939,
15902,6,43000000,0,user_45,922,939,
15679,9,43000000,0,user_47,921,939,
17399,6,30000001,0,builder_15,930,930,16613
16613,11,30000000,769000,user_45,926,939,
17054,44,30000001,0,user_17,929,939,16613
17061,15,30000001,0,user_19,929,939,16613
17056,45,30000001,0,user_18,929,939,16613
17059,46,30000001,0,user_18,929,939,16613
17060,47,30000001,0,user_18,929,939,16613
17062,42,30000001,0,user_20,929,939,16613
17053,43,30000001,0,user_15,929,939,16613
17064,16,30000001,0,user_21,929,939,16613
17069,48,30000001,0,user_25,929,939,16613
17070,49,30000001,0,user_26,929,939,16613
17261,32,30000001,0,user_11,930,939,16613
17239,28,30000001,0,user_0,930,939,16613
17240,14,30000001,0,user_1,930,939,16613
17247,29,30000001,0,user_4,930,939,16613
17262,30,30000001,0,user_12,930,939,16613
17265,31,30000001,0,user_12,930,939,16613
17241,34,30000001,0,user_2,930,939,16613
17242,35,30000001,0,user_2,930,939,16613
17268,50,30000001,0,user_13,930,939,16613
17269,51,30000001,0,user_13,930,939,16613
17271,52,30000001,0,user_13,930,939,16613
17275,33,30000001,0,user_18,930,939,16613
17244,36,30000001,0,user_3,930,939,16613
17245,37,30000001,0,user_3,930,939,16613
17276,53,30000001,0,user_19,930,939,16613
17277,54,30000001,0,user_19,930,939,16613
16719,41,30000001,0,user_0,927,939,16613
17256,40,30000001,0,user_9,930,939,16613
17283,38,30000001,0,user_26,930,939,16613
16292,58,30000000,0,user_42,924,939,
16468,59,30000000,0,user_43,925,939,
16603,60,30000000,0,user_31,926,939,
16874,87,29999999,0,user_8,928,939,16613
16873,86,29999999,0,user_7,928,939,16613
17050,88,29999999,0,user_13,929,939,16613
17055,81,29999999,0,user_17,929,939,16613
17066,82,29999999,0,user_23,929,939,16613
17063,62,29999999,0,user_21,929,939,16613
17249,68,29999999,0,user_5,930,939,16613
17266,70,29999999,0,user_12,930,939,16613
17267,83,29999999,0,user_13,930,939,16613
17270,84,29999999,0,user_13,930,939,16613
17273,71,29999999,0,user_16,930,939,16613
17274,72,29999999,0,user_16,930,939,16613
17253,61,29999999,0,user_7,930,939,16613
17255,73,29999999,0,user_8,930,939,16613
17258,78,29999999,0,user_10,930,939,16613
17259,79,29999999,0,user_10,930,939,16613
17280,74,29999999,0,user_23,930,939,16613
17272,77,29999999,0,user_15,930,939,16613
17279,75,29999999,0,user_22,930,939,16613
17282,76,29999999,0,user_26,930,939,16613
16902,90,27000000,779000,user_36,928,939,
17400,61,26999999,0,builder_15,930,930,16902
17051,91,27000001,0,user_14,929,939,16902
16112,94,27000000,0,user_46,923,932,
17043,82,26999999,0,user_4,929,931,16902
17052,80,26999999,0,user_14,929,931,16902
17046,81,26999999,0,user_7,929,931,16902
17044,79,26999999,0,user_5,929,931,16902
17058,83,26999999,0,user_18,929,931,16902
17257,77,26999999,0,user_10,930,931,16902
15543,86,3200000,17700000,user_39,920,931,
17401,71,3199999,0,builder_15,930,930,15543
16903,87,19000000,0,user_37,928,931,
17402,73,6300001,0,builder_15,930,930,16282
16282,91,6300000,5630,user_32,924,931,
16912,95,6300000,0,user_49,928,931,
16445,92,6300000,0,user_28,925,931,
15676,93,6300000,0,user_45,921,931,
15677,94,6300000,0,user_45,921,931,
15900,96,6100000,0,user_40,922,931,
16111,97,6100000,0,user_45,923,931,
17403,81,5200001,0,builder_15,930,930,16457
16457,99,5200000,215000,user_37,925,931,
17404,83,5200001,0,builder_15,930,930,15511
15511,84,5200000,181000,user_1,920,930,
16263,85,5200001,0,user_17,924,930,15511
16264,86,5200001,0,user_18,924,930,15511
16443,87,5200001,0,user_24,925,930,15511
16587,88,5200001,0,user_14,926,930,16457
16591,89,5200001,0,user_16,926,930,16457
16568,90,5200001,0,user_5,926,930,16457
16589,91,5200001,0,user_15,926,930,16457
16584,92,5200001,0,user_13,926,930,16457
15866,93,5200001,0,user_10,922,930,15511
15654,94,5200001,0,user_18,921,930,15511
15526,95,5200001,0,user_12,920,930,15511
15530,96,5200001,0,user_15,920,930,15511
15517,97,5200001,0,user_6,920,930,15511
15532,98,5200001,0,user_19,920,930,15511
15537,99,5200001,0,user_26,920,930,15511
17576,0,43000001,0,builder_15,931,931,17076
17076,0,43000000,545000,user_38,929,939,
17300,4,43000000,0,user_48,930,939,
15902,6,43000000,0,user_45,922,939,
15679,9,43000000,0,user_47,921,939,
16896,8,43000000,0,user_29,928,939,
16613,11,30000000,769000,user_45,926,939,
17577,7,29999999,0,builder_15,931,931,16613
17240,14,30000001,0,user_1,930,939,16613
17241,34,30000001,0,user_2,930,939,16613
17242,35,30000001,0,user_2,930,939,16613
17247,29,30000001,0,user_4,930,939,16613
17239,28,30000001,0,user_0,930,939,16613
17262,30,30000001,0,user_12,930,939,16613
17265,31,30000001,0,user_12,930,939,16613
17276,53,30000001,0,user_19,930,939,16613
17277,54,30000001,0,user_19,930,939,16613
17275,33,30000001,0,user_18,930,939,16613
17278,39,30000001,0,user_20,930,939,16613
17244,36,30000001,0,user_3,930,939,16613
17245,37,30000001,0,user_3,930,939,16613
17283,38,30000001,0,user_26,930,939,16613
17435,20,30000001,0,user_11,931,939,16613
17436,21,30000001,0,user_11,931,939,16613
17261,32,30000001,0,user_11,930,939,16613
17256,40,30000001,0,user_9,930,939,16613
17427,17,30000001,0,user_2,931,939,16613
17428,18,30000001,0,user_2,931,939,16613
17429,19,30000001,0,user_2,931,939,16613
17438,22,30000001,0,user_13,931,939,16613
17069,48,30000001,0,user_25,929,939,16613
17434,24,30000001,0,user_7,931,939,16613
17448,25,30000001,0,user_21,931,939,16613
17452,26,30000001,0,user_25,931,939,16613
17053,43,30000001,0,user_15,929,939,16613
17061,15,30000001,0,user_19,929,939,16613
17070,49,30000001,0,user_26,929,939,16613
17064,16,30000001,0,user_21,929,939,16613
17054,44,30000001,0,user_17,929,939,16613
17056,45,30000001,0,user_18,929,939,16613
17059,46,30000001,0,user_18,929,939,16613
17060,47,30000001,0,user_18,929,939,16613
17062,42,30000001,0,user_20,929,939,16613
17444,23,30000001,0,user_17,931,939,16613
16719,41,30000001,0,user_0,927,939,16613
17440,27,30000001,0,user_15,931,939,16613
16292,58,30000000,0,user_42,924,939,
16468,59,30000000,0,user_43,925,939,
16603,60,30000000,0,user_31,926,939,
17273,71,29999999,0,user_16,930,939,16613
17274,72,29999999,0,user_16,930,939,16613
17253,61,29999999,0,user_7,930,939,16613
17249,68,29999999,0,user_5,930,939,16613
17266,70,29999999,0,user_12,930,939,16613
17258,78,29999999,0,user_10,930,939,16613
17259,79,29999999,0,user_10,930,939,16613
17255,73,29999999,0,user_8,930,939,16613
17280,74,29999999,0,user_23,930,939,16613
17272,77,29999999,0,user_15,930,939,16613
17279,75,29999999,0,user_22,930,939,16613
17282,76,29999999,0,user_26,930,939,16613
17426,63,29999999,0,user_0,931,939,16613
17050,88,29999999,0,user_13,929,939,16613
17431,65,29999999,0,user_3,931,939,16613
17442,66,29999999,0,user_16,931,939,16613
17443,67,29999999,0,user_16,931,939,16613
17445,80,29999999,0,user_19,931,939,16613
17066,82,29999999,0,user_23,929,939,16613
17063,62,29999999,0,user_21,929,939,16613
17055,81,29999999,0,user_17,929,939,16613
16874,87,29999999,0,user_8,928,939,16613
16873,86,29999999,0,user_7,928,939,16613
17449,64,29999999,0,user_22,931,939,16613
16902,90,27000000,779000,user_36,928,939,
17578,74,26999999,0,builder_15,931,931,16902
17051,91,27000001,0,user_14,929,939,16902
16112,94,27000000,0,user_46,923,932,
17257,77,26999999,0,user_10,930,931,16902
17430,95,26999999,0,user_2,931,932,16902
17044,79,26999999,0,user_5,929,931,16902
17052,80,26999999,0,user_14,929,931,16902
17046,81,26999999,0,user_7,929,931,16902
17043,82,26999999,0,user_4,929,931,16902
17058,83,26999999,0,user_18,929,931,16902
17441,97,26999999,0,user_15,931,932,16902
17579,85,3200001,0,builder_15,931,931,15543
15543,86,3200000,17700000,user_39,920,931,
16903,87,19000000,0,user_37,928,931,
17580,88,870001,0,builder_15,931,931,17462
17462,89,870000,7190000,user_36,931,931,
17581,90,6300001,0,builder_15,931,931,16282
16282,91,6300000,5630,user_32,924,931,
16445,92,6300000,0,user_28,925,931,
15676,93,6300000,0,user_45,921,931,
15677,94,6300000,0,user_45,921,931,
16912,95,6300000,0,user_49,928,931,
15900,96,6100000,0,user_40,922,931,
16111,97,6100000,0,user_45,923,931,
17582,98,5200001,0,builder_15,931,931,16457
16457,99,5200000,215000,user_37,925,931,
17076,0,43000000,545000,user_38,929,939,
17714,1,42999999,0,builder_15,932,932,17076
17300,4,43000000,0,user_48,930,939,
15902,6,43000000,0,user_45,922,939,
15679,9,43000000,0,user_47,921,939,
16896,8,43000000,0,user_29,928,939,
17648,5,43000000,0,user_44,932,939,
16613,11,30000000,769000,user_45,926,939,
17715,8,29999999,0,builder_15,932,932,16613
17427,17,30000001,0,user_2,931,939,16613
17428,18,30000001,0,user_2,931,939,16613
17429,19,30000001,0,user_2,931,939,16613
17438,22,30000001,0,user_13,931,939,16613
17444,23,30000001,0,user_17,931,939,16613
17434,24,30000001,0,user_7,931,939,16613
17261,32,30000001,0,user_11,930,939,16613
17440,27,30000001,0,user_15,931,939,16613
17448,25,30000001,0,user_21,931,939,16613
17452,26,30000001,0,user_25,931,939,16613
17435,20,30000001,0,user_11,931,939,16613
17436,21,30000001,0,user_11,931,939,16613
17268,50,30000001,0,user_13,930,939,16613
17269,51,30000001,0,user_13,930,939,16613
17271,52,30000001,0,user_13,930,939,16613
17056,45,30000001,0,user_18,929,939,16613
17059,46,30000001,0,user_18,929,939,16613
17060,47,30000001,0,user_18,929,939,16613
17061,15,30000001,0,user_19,929,939,16613
17053,43,30000001,0,user_15,929,939,16613
17070,49,30000001,0,user_26,929,939,16613
17240,14,30000001,0,user_1,930,939,16613
17241,34,30000001,0,user_2,930,939,16613
17242,35,30000001,0,user_2,930,939,16613
17247,29,30000001,0,user_4,930,939,16613
17275,33,30000001,0,user_18,930,939,16613
17054,44,30000001,0,user_17,929,939,16613
17239,28,30000001,0,user_0,930,939,16613
17262,30,30000001,0,user_12,930,939,16613
17265,31,30000001,0,user_12,930,939,16613
17276,53,30000001,0,user_19,930,939,16613
17277,54,30000001,0,user_19,930,939,16613
17244,36,30000001,0,user_3,930,939,16613
17245,37,30000001,0,user_3,930,939,16613
17283,38,30000001,0,user_26,930,939,16613
17256,40,30000001,0,user_9,930,939,16613
17062,42,30000001,0,user_20,929,939,16613
17278,39,30000001,0,user_20,930,939,16613
17069,48,30000001,0,user_25,929,939,16613
17064,16,30000001,0,user_21,929,939,16613
16719,41,30000001,0,user_0,927,939,16613
16292,58,30000000,0,user_42,924,939,
16468,59,30000000,0,user_43,925,939,
16603,60,30000000,0,user_31,926,939,
17431,65,29999999,0,user_3,931,939,16613
17442,66,29999999,0,user_16,931,939,16613
17443,67,29999999,0,user_16,931,939,16613
17426,63,29999999,0,user_0,931,939,16613
17445,80,29999999,0,user_19,931,939,16613
17446,69,29999999,0,user_20,931,939,16613
17449,64,29999999,0,user_22,931,939,16613
17267,83,29999999,0,user_13,930,939,16613
17270,84,29999999,0,user_13,930,939,16613
17607,85,29999999,0,user_8,932,939,16613
17066,82,29999999,0,user_23,929,939,16613
17273,71,29999999,0,user_16,930,939,16613
17274,72,29999999,0,user_16,930,939,16613
17253,61,29999999,0,user_7,930,939,16613
17055,81,29999999,0,user_17,929,939,16613
17258,78,29999999,0,user_10,930,939,16613
17259,79,29999999,0,user_10,930,939,16613
17249,68,29999999,0,user_5,930,939,16613
17266,70,29999999,0,user_12,930,939,16613
17255,73,29999999,0,user_8,930,939,16613
17280,74,29999999,0,user_23,930,939,16613
17272,77,29999999,0,user_15,930,939,16613
17279,75,29999999,0,user_22,930,939,16613
17282,76,29999999,0,user_26,930,939,16613
17063,62,29999999,0,user_21,929,939,16613
16873,86,29999999,0,user_7,928,939,16613
16874,87,29999999,0,user_8,928,939,16613
17050,88,29999999,0,user_13,929,939,16613
16902,90,27000000,779000,user_36,928,939,
17716,82,26999999,0,builder_15,932,932,16902
17612,94,27000001,0,user_13,932,939,16902
17601,95,27000001,0,user_1,932,939,16902
17602,96,27000001,0,user_1,932,939,16902
17615,98,27000001,0,user_21,932,939,16902
17623,97,27000001,0,user_25,932,937,16902
17051,91,27000001,0,user_14,929,939,16902
17610,93,27000001,0,user_10,932,939,16902
17609,97,27000001,0,user_9,932,938,16902
17614,97,27000001,0,user_15,932,939,16902
17618,99,27000001,0,user_22,932,939,16902
17624,98,27000001,0,user_26,932,937,16902
16112,94,27000000,0,user_46,923,932,
17430,95,26999999,0,user_2,931,932,16902
17447,96,26999999,0,user_20,931,932,16902
17441,97,26999999,0,user_15,931,932,16902
17611,98,26999999,0,user_11,932,932,16902
17606,99,26999999,0,user_7,932,932,16902
17076,0,43000000,545000,user_38,929,939,
17829,1,42999999,0,builder_15,933,933,17076
17648,5,43000000,0,user_44,932,939,
17652,7,43000000,0,user_49,932,939,
17300,4,43000000,0,user_48,930,939,
15902,6,43000000,0,user_45,922,939,
15679,9,43000000,0,user_47,921,939,
16896,8,43000000,0,user_29,928,939,
17830,8,30000001,0,builder_15,933,933,16613
16613,11,30000000,769000,user_45,926,939,
17427,17,30000001,0,user_2,931,939,16613
17428,18,30000001,0,user_2,931,939,16613
17429,19,30000001,0,user_2,931,939,16613
17434,24,30000001,0,user_7,931,939,16613
17435,20,30000001,0,user_11,931,939,16613
17436,21,30000001,0,user_11,931,939,16613
17448,25,30000001,0,user_21,931,939,16613
17438,22,30000001,0,user_13,931,939,16613
17444,23,30000001,0,user_17,931,939,16613
17262,30,30000001,0,user_12,930,939,16613
17265,31,30000001,0,user_12,930,939,16613
17440,27,30000001,0,user_15,931,939,16613
17452,26,30000001,0,user_25,931,939,16613
17061,15,30000001,0,user_19,929,939,16613
17240,14,30000001,0,user_1,930,939,16613
17241,34,30000001,0,user_2,930,939,16613
17242,35,30000001,0,user_2,930,939,16613
17244,36,30000001,0,user_3,930,939,16613
17245,37,30000001,0,user_3,930,939,16613
17275,33,30000001,0,user_18,930,939,16613
17247,29,30000001,0,user_4,930,939,16613
17278,39,30000001,0,user_20,930,939,16613
17283,38,30000001,0,user_26,930,939,16613
17256,40,30000001,0,user_9,930,939,16613
17276,53,30000001,0,user_19,930,939,16613
17277,54,30000001,0,user_19,930,939,16613
17064,16,30000001,0,user_21,929,939,16613
16719,41,30000001,0,user_0,927,939,16613
17053,43,30000001,0,user_15,929,939,16613
17054,44,30000001,0,user_17,929,939,16613
17056,45,30000001,0,user_18,929,939,16613
17059,46,30000001,0,user_18,929,939,16613
17060,47,30000001,0,user_18,929,939,16613
17069,48,30000001,0,user_25,929,939,16613
17070,49,30000001,0,user_26,929,939,16613
17062,42,30000001,0,user_20,929,939,16613
17239,28,30000001,0,user_0,930,939,16613
17261,32,30000001,0,user_11,930,939,16613
17268,50,30000001,0,user_13,930,939,16613
17269,51,30000001,0,user_13,930,939,16613
17271,52,30000001,0,user_13,930,939,16613
16468,59,30000000,0,user_43,925,939,
16292,58,30000000,0,user_42,924,939,
16603,60,30000000,0,user_31,926,939,
17445,80,29999999,0,user_19,931,939,16613
17431,65,29999999,0,user_3,931,939,16613
17442,66,29999999,0,user_16,931,939,16613
17443,67,29999999,0,user_16,931,939,16613
17266,70,29999999,0,user_12,930,939,16613
17449,64,29999999,0,user_22,931,939,16613
17446,69,29999999,0,user_20,931,939,16613
17607,85,29999999,0,user_8,932,939,16613
17426,63,29999999,0,user_0,931,939,16613
17273,71,29999999,0,user_16,930,939,16613
17274,72,29999999,0,user_16,930,939,16613
17280,74,29999999,0,user_23,930,939,16613
17272,77,29999999,0,user_15,930,939,16613
17253,61,29999999,0,user_7,930,939,16613
17258,78,29999999,0,user_10,930,939,16613
17259,79,29999999,0,user_10,930,939,16613
17249,68,29999999,0,user_5,930,939,16613
17255,73,29999999,0,user_8,930,939,16613
17279,75,29999999,0,user_22,930,939,16613
17282,76,29999999,0,user_26,930,939,16613
17063,62,29999999,0,user_21,929,939,16613
17055,81,29999999,0,user_17,929,939,16613
17066,82,29999999,0,user_23,929,939,16613
16873,86,29999999,0,user_7,928,939,16613
16874,87,29999999,0,user_8,928,939,16613
17050,88,29999999,0,user_13,929,939,16613
17267,83,29999999,0,user_13,930,939,16613
17270,84,29999999,0,user_13,930,939,16613
17831,82,27000001,0,builder_15,933,933,16902
16902,90,27000000,779000,user_36,928,939,
17601,95,27000001,0,user_1,932,939,16902
17602,96,27000001,0,user_1,932,939,16902
17615,98,27000001,0,user_21,932,939,16902
17610,93,27000001,0,user_10,932,939,16902
17614,97,27000001,0,user_15,932,939,16902
17618,99,27000001,0,user_22,932,939,16902
17623,97,27000001,0,user_25,932,937,16902
17624,98,27000001,0,user_26,932,937,16902
17609,97,27000001,0,user_9,932,938,16902
17740,90,27000001,0,user_12,933,938,16902
17728,95,27000001,0,user_2,933,935,16902
17741,87,27000001,0,user_13,933,936,16902
17731,97,27000001,0,user_3,933,935,16902
17732,98,27000001,0,user_3,933,935,16902
17743,99,27000001,0,user_14,933,935,16902
17751,88,27000001,0,user_25,933,937,16902
17937,0,43000001,0,builder_15,934,934,17076
17076,0,43000000,545000,user_38,929,939,
17648,5,43000000,0,user_44,932,939,
17652,7,43000000,0,user_49,932,939,
17300,4,43000000,0,user_48,930,939,
15902,6,43000000,0,user_45,922,939,
16896,8,43000000,0,user_29,928,939,
15679,9,43000000,0,user_47,921,939,
17938,8,30000001,0,builder_15,934,934,16613
16613,11,30000000,769000,user_45,926,939,
17435,20,30000001,0,user_11,931,939,16613
17436,21,30000001,0,user_11,931,939,16613
17247,29,30000001,0,user_4,930,939,16613
17056,45,30000001,0,user_18,929,939,16613
17059,46,30000001,0,user_18,929,939,16613
17060,47,30000001,0,user_18,929,939,16613
17239,28,30000001,0,user_0,930,939,16613
17241,34,30000001,0,user_2,930,939,16613
17242,35,30000001,0,user_2,930,939,16613
17244,36,30000001,0,user_3,930,939,16613
17245,37,30000001,0,user_3,930,939,16613
17256,40,30000001,0,user_9,930,939,16613
17261,32,30000001,0,user_11,930,939,16613
17262,30,30000001,0,user_12,930,939,16613
17265,31,30000001,0,user_12,930,939,16613
17278,39,30000001,0,user_20,930,939,16613
17434,24,30000001,0,user_7,931,939,16613
17427,17,30000001,0,user_2,931,939,16613
17428,18,30000001,0,user_2,931,939,16613
17429,19,30000001,0,user_2,931,939,16613
17438,22,30000001,0,user_13,931,939,16613
17444,23,30000001,0,user_17,931,939,16613
17275,33,30000001,0,user_18,930,939,16613
17440,27,30000001,0,user_15,931,939,16613
17448,25,30000001,0,user_21,931,939,16613
17452,26,30000001,0,user_25,931,939,16613
17061,15,30000001,0,user_19,929,939,16613
17064,16,30000001,0,user_21,929,939,16613
17240,14,30000001,0,user_1,930,939,16613
17276,53,30000001,0,user_19,930,939,16613
17277,54,30000001,0,user_19,930,939,16613
17283,38,30000001,0,user_26,930,939,16613
16719,41,30000001,0,user_0,927,939,16613
17069,48,30000001,0,user_25,929,939,16613
17070,49,30000001,0,user_26,929,939,16613
17054,44,30000001,0,user_17,929,939,16613
17053,43,30000001,0,user_15,929,939,16613
17062,42,30000001,0,user_20,929,939,16613
17268,50,30000001,0,user_13,930,939,16613
17269,51,30000001,0,user_13,930,939,16613
17271,52,30000001,0,user_13,930,939,16613
16292,58,30000000,0,user_42,924,939,
16468,59,30000000,0,user_43,925,939,
16603,60,30000000,0,user_31,926,939,
17607,85,29999999,0,user_8,932,939,16613
17249,68,29999999,0,user_5,930,939,16613
17255,73,29999999,0,user_8,930,939,16613
17280,74,29999999,0,user_23,930,939,16613
17272,77,29999999,0,user_15,930,939,16613
17258,78,29999999,0,user_10,930,939,16613
17259,79,29999999,0,user_10,930,939,16613
17266,70,29999999,0,user_12,930,939,16613
17273,71,29999999,0,user_16,930,939,16613
17274,72,29999999,0,user_16,930,939,16613
17431,65,29999999,0,user_3,931,939,16613
17442,66,29999999,0,user_16,931,939,16613
17443,67,29999999,0,user_16,931,939,16613
17426,63,29999999,0,user_0,931,939,16613
17446,69,29999999,0,user_20,931,939,16613
17445,80,29999999,0,user_19,931,939,16613
17449,64,29999999,0,user_22,931,939,16613
17063,62,29999999,0,user_21,929,939,16613
17253,61,29999999,0,user_7,930,939,16613
17279,75,29999999,0,user_22,930,939,16613
17282,76,29999999,0,user_26,930,939,16613
17055,81,29999999,0,user_17,929,939,16613
17066,82,29999999,0,user_23,929,939,16613
16874,87,29999999,0,user_8,928,939,16613
16873,86,29999999,0,user_7,928,939,16613
17050,88,29999999,0,user_13,929,939,16613
17267,83,29999999,0,user_13,930,939,16613
17270,84,29999999,0,user_13,930,939,16613
17939,82,27000001,0,builder_15,934,934,16902
16902,90,27000000,779000,user_36,928,939,
17601,95,27000001,0,user_1,932,939,16902
17602,96,27000001,0,user_1,932,939,16902
17610,93,27000001,0,user_10,932,939,16902
17614,97,27000001,0,user_15,932,939,16902
17615,98,27000001,0,user_21,932,939,16902
17618,99,27000001,0,user_22,932,939,16902
17623,97,27000001,0,user_25,932,937,16902
17624,98,27000001,0,user_26,932,937,16902
17728,95,27000001,0,user_2,933,935,16902
17731,97,27000001,0,user_3,933,935,16902
17732,98,27000001,0,user_3,933,935,16902
17743,99,27000001,0,user_14,933,935,16902
17741,87,27000001,0,user_13,933,936,16902
17740,90,27000001,0,user_12,933,938,16902
17739,92,27000001,0,user_9,933,939,16902
17612,94,27000001,0,user_13,932,939,16902
17076,0,43000000,545000,user_38,929,939,
18053,1,42999999,0,builder_15,935,935,17076
17996,3,43000000,0,user_47,935,939,
17300,4,43000000,0,user_48,930,939,
17648,5,43000000,0,user_44,932,939,
17652,7,43000000,0,user_49,932,939,
15902,6,43000000,0,user_45,922,939,
16896,8,43000000,0,user_29,928,939,
15679,9,43000000,0,user_47,921,939,
18054,9,30000001,0,builder_15,935,935,16613
16613,11,30000000,769000,user_45,926,939,
17247,29,30000001,0,user_4,930,939,16613
17056,45,30000001,0,user_18,929,939,16613
17059,46,30000001,0,user_18,929,939,16613
17060,47,30000001,0,user_18,929,939,16613
17239,28,30000001,0,user_0,930,939,16613
17241,34,30000001,0,user_2,930,939,16613
17242,35,30000001,0,user_2,930,939,16613
17244,36,30000001,0,user_3,930,939,16613
17245,37,30000001,0,user_3,930,939,16613
17256,40,30000001,0,user_9,930,939,16613
17261,32,30000001,0,user_11,930,939,16613
17262,30,30000001,0,user_12,930,939,16613
17265,31,30000001,0,user_12,930,939,16613
17268,50,30000001,0,user_13,930,939,16613
17269,51,30000001,0,user_13,930,939,16613
17271,52,30000001,0,user_13,930,939,16613
17276,53,30000001,0,user_19,930,939,16613
17277,54,30000001,0,user_19,930,939,16613
17283,38,30000001,0,user_26,930,939,16613
17434,24,30000001,0,user_7,931,939,16613
17435,20,30000001,0,user_11,931,939,16613
17436,21,30000001,0,user_11,931,939,16613
17427,17,30000001,0,user_2,931,939,16613
17428,18,30000001,0,user_2,931,939,16613
17429,19,30000001,0,user_2,931,939,16613
17438,22,30000001,0,user_13,931,939,16613
17444,23,30000001,0,user_17,931,939,16613
17275,33,30000001,0,user_18,930,939,16613
17440,27,30000001,0,user_15,931,939,16613
17278,39,30000001,0,user_20,930,939,16613
17448,25,30000001,0,user_21,931,939,16613
17452,26,30000001,0,user_25,931,939,16613
17240,14,30000001,0,user_1,930,939,16613
17061,15,30000001,0,user_19,929,939,16613
17064,16,30000001,0,user_21,929,939,16613
16719,41,30000001,0,user_0,927,939,16613
17062,42,30000001,0,user_20,929,939,16613
17053,43,30000001,0,user_15,929,939,16613
17054,44,30000001,0,user_17,929,939,16613
17069,48,30000001,0,user_25,929,939,16613
17070,49,30000001,0,user_26,929,939,16613
16292,58,30000000,0,user_42,924,939,
16468,59,30000000,0,user_43,925,939,
16603,60,30000000,0,user_31,926,939,
17249,68,29999999,0,user_5,930,939,16613
17255,73,29999999,0,user_8,930,939,16613
17280,74,29999999,0,user_23,930,939,16613
17272,77,29999999,0,user_15,930,939,16613
17258,78,29999999,0,user_10,930,939,16613
17259,79,29999999,0,user_10,930,939,16613
17266,70,29999999,0,user_12,930,939,16613
17273,71,29999999,0,user_16,930,939,16613
17274,72,29999999,0,user_16,930,939,16613
17267,83,29999999,0,user_13,930,939,16613
17270,84,29999999,0,user_13,930,939,16613
17279,75,29999999,0,user_22,930,939,16613
17282,76,29999999,0,user_26,930,939,16613
17431,65,29999999,0,user_3,931,939,16613
17442,66,29999999,0,user_16,931,939,16613
17443,67,29999999,0,user_16,931,939,16613
17426,63,29999999,0,user_0,931,939,16613
17445,80,29999999,0,user_19,931,939,16613
17449,64,29999999,0,user_22,931,939,16613
17607,85,29999999,0,user_8,932,939,16613
17446,69,29999999,0,user_20,931,939,16613
17253,61,29999999,0,user_7,930,939,16613
17063,62,29999999,0,user_21,929,939,16613
17055,81,29999999,0,user_17,929,939,16613
17066,82,29999999,0,user_23,929,939,16613
16873,86,29999999,0,user_7,928,939,16613
16874,87,29999999,0,user_8,928,939,16613
17050,88,29999999,0,user_13,929,939,16613
18055,83,27000001,0,builder_15,935,935,16902
16902,90,27000000,779000,user_36,928,939,
17740,90,27000001,0,user_12,933,938,16902
17739,92,27000001,0,user_9,933,939,16902
17601,95,27000001,0,user_1,932,939,16902
17602,96,27000001,0,user_1,932,939,16902
17609,97,27000001,0,user_9,932,938,16902
17614,97,27000001,0,user_15,932,939,16902
17610,93,27000001,0,user_10,932,939,16902
17612,94,27000001,0,user_13,932,939,16902
17618,99,27000001,0,user_22,932,939,16902
17624,98,27000001,0,user_26,932,937,16902
17728,95,27000001,0,user_2,933,935,16902
17741,87,27000001,0,user_13,933,936,16902
17731,97,27000001,0,user_3,933,935,16902
17732,98,27000001,0,user_3,933,935,16902
17743,99,27000001,0,user_14,933,935,16902
17076,0,43000000,545000,user_38,929,939,
18170,1,42999999,0,builder_15,936,936,17076
17996,3,43000000,0,user_47,935,939,
18097,2,43000000,0,user_30,936,939,
15902,6,43000000,0,user_45,922,939,
17300,4,43000000,0,user_48,930,939,
17648,5,43000000,0,user_44,932,939,
17652,7,43000000,0,user_49,932,939,
15679,9,43000000,0,user_47,921,939,
16896,8,43000000,0,user_29,928,939,
16613,11,30000000,769000,user_45,926,939,
18171,11,29999999,0,builder_15,936,936,16613
17240,14,30000001,0,user_1,930,939,16613
17064,16,30000001,0,user_21,929,939,16613
17061,15,30000001,0,user_19,929,939,16613
16719,41,30000001,0,user_0,927,939,16613
17062,42,30000001,0,user_20,929,939,16613
17053,43,30000001,0,user_15,929,939,16613
17069,48,30000001,0,user_25,929,939,16613
17070,49,30000001,0,user_26,929,939,16613
17054,44,30000001,0,user_17,929,939,16613
17056,45,30000001,0,user_18,929,939,16613
17059,46,30000001,0,user_18,929,939,16613
17060,47,30000001,0,user_18,929,939,16613
17247,29,30000001,0,user_4,930,939,16613
17241,34,30000001,0,user_2,930,939,16613
17242,35,30000001,0,user_2,930,939,16613
17244,36,30000001,0,user_3,930,939,16613
17245,37,30000001,0,user_3,930,939,16613
17239,28,30000001,0,user_0,930,939,16613
17262,30,30000001,0,user_12,930,939,16613
17265,31,30000001,0,user_12,930,939,16613
17278,39,30000001,0,user_20,930,939,16613
17256,40,30000001,0,user_9,930,939,16613
17275,33,30000001,0,user_18,930,939,16613
17261,32,30000001,0,user_11,930,939,16613
17268,50,30000001,0,user_13,930,939,16613
17269,51,30000001,0,user_13,930,939,16613
17271,52,30000001,0,user_13,930,939,16613
17276,53,30000001,0,user_19,930,939,16613
17277,54,30000001,0,user_19,930,939,16613
17283,38,30000001,0,user_26,930,939,16613
17427,17,30000001,0,user_2,931,939,16613
17428,18,30000001,0,user_2,931,939,16613
17429,19,30000001,0,user_2,931,939,16613
17435,20,30000001,0,user_11,931,939,16613
17436,21,30000001,0,user_11,931,939,16613
17434,24,30000001,0,user_7,931,939,16613
17448,25,30000001,0,user_21,931,939,16613
17452,26,30000001,0,user_25,931,939,16613
17438,22,30000001,0,user_13,931,939,16613
17444,23,30000001,0,user_17,931,939,16613
17440,27,30000001,0,user_15,931,939,16613
17972,57,30000000,0,user_29,935,939,
16603,60,30000000,0,user_31,926,939,
16292,58,30000000,0,user_42,924,939,
16468,59,30000000,0,user_43,925,939,
17253,61,29999999,0,user_7,930,939,16613
17063,62,29999999,0,user_21,929,939,16613
17055,81,29999999,0,user_17,929,939,16613
17066,82,29999999,0,user_23,929,939,16613
17258,78,29999999,0,user_10,930,939,16613
17259,79,29999999,0,user_10,930,939,16613
17249,68,29999999,0,user_5,930,939,16613
17266,70,29999999,0,user_12,930,939,16613
17272,77,29999999,0,user_15,930,939,16613
17273,71,29999999,0,user_16,930,939,16613
17274,72,29999999,0,user_16,930,939,16613
17255,73,29999999,0,user_8,930,939,16613
17280,74,29999999,0,user_23,930,939,16613
17267,83,29999999,0,user_13,930,939,16613
17270,84,29999999,0,user_13,930,939,16613
17279,75,29999999,0,user_22,930,939,16613
17282,76,29999999,0,user_26,930,939,16613
17431,65,29999999,0,user_3,931,939,16613
17449,64,29999999,0,user_22,931,939,16613
17442,66,29999999,0,user_16,931,939,16613
17443,67,29999999,0,user_16,931,939,16613
17426,63,29999999,0,user_0,931,939,16613
17445,80,29999999,0,user_19,931,939,16613
17446,69,29999999,0,user_20,931,939,16613
17607,85,29999999,0,user_8,932,939,16613
17050,88,29999999,0,user_13,929,939,16613
16873,86,29999999,0,user_7,928,939,16613
16874,87,29999999,0,user_8,928,939,16613
18172,85,27000001,0,builder_15,936,936,16902
16902,90,27000000,779000,user_36,928,939,
17741,87,27000001,0,user_13,933,936,16902
17739,92,27000001,0,user_9,933,939,16902
17740,90,27000001,0,user_12,933,938,16902
17051,91,27000001,0,user_14,929,939,16902
17601,95,27000001,0,user_1,932,939,16902
17602,96,27000001,0,user_1,932,939,16902
17609,97,27000001,0,user_9,932,938,16902
17614,97,27000001,0,user_15,932,939,16902
17610,93,27000001,0,user_10,932,939,16902
17618,99,27000001,0,user_22,932,939,16902
17623,97,27000001,0,user_25,932,937,16902
17624,98,27000001,0,user_26,932,937,16902
17612,94,27000001,0,user_13,932,939,16902
18281,0,43000001,0,builder_15,937,937,17076
17076,0,43000000,545000,user_38,929,939,
18097,2,43000000,0,user_30,936,939,
17996,3,43000000,0,user_47,935,939,
15902,6,43000000,0,user_45,922,939,
17300,4,43000000,0,user_48,930,939,
17648,5,43000000,0,user_44,932,939,
17652,7,43000000,0,user_49,932,939,
15679,9,43000000,0,user_47,921,939,
16896,8,43000000,0,user_29,928,939,
16613,11,30000000,769000,user_45,926,939,
18282,11,29999999,0,builder_15,937,937,16613
17061,15,30000001,0,user_19,929,939,16613
17064,16,30000001,0,user_21,929,939,16613
17240,14,30000001,0,user_1,930,939,16613
17062,42,30000001,0,user_20,929,939,16613
17053,43,30000001,0,user_15,929,939,16613
17069,48,30000001,0,user_25,929,939,16613
17070,49,30000001,0,user_26,929,939,16613
17054,44,30000001,0,user_17,929,939,16613
17056,45,30000001,0,user_18,929,939,16613
17059,46,30000001,0,user_18,929,939,16613
17060,47,30000001,0,user_18,929,939,16613
17241,34,30000001,0,user_2,930,939,16613
17242,35,30000001,0,user_2,930,939,16613
17247,29,30000001,0,user_4,930,939,16613
17268,50,30000001,0,user_13,930,939,16613
17269,51,30000001,0,user_13,930,939,16613
17271,52,30000001,0,user_13,930,939,16613
17261,32,30000001,0,user_11,930,939,16613
17239,28,30000001,0,user_0,930,939,16613
17262,30,30000001,0,user_12,930,939,16613
17265,31,30000001,0,user_12,930,939,16613
17276,53,30000001,0,user_19,930,939,16613
17277,54,30000001,0,user_19,930,939,16613
17278,39,30000001,0,user_20,930,939,16613
16719,41,30000001,0,user_0,927,939,16613
17244,36,30000001,0,user_3,930,939,16613
17245,37,30000001,0,user_3,930,939,16613
17283,38,30000001,0,user_26,930,939,16613
17275,33,30000001,0,user_18,930,939,16613
17256,40,30000001,0,user_9,930,939,16613
17427,17,30000001,0,user_2,931,939,16613
17428,18,30000001,0,user_2,931,939,16613
17429,19,30000001,0,user_2,931,939,16613
17435,20,30000001,0,user_11,931,939,16613
17436,21,30000001,0,user_11,931,939,16613
17434,24,30000001,0,user_7,931,939,16613
17448,25,30000001,0,user_21,931,939,16613
17440,27,30000001,0,user_15,931,939,16613
17438,22,30000001,0,user_13,931,939,16613
17444,23,30000001,0,user_17,931,939,16613
17452,26,30000001,0,user_25,931,939,16613
18220,56,30000000,0,user_39,937,939,
17972,57,30000000,0,user_29,935,939,
16468,59,30000000,0,user_43,925,939,
16292,58,30000000,0,user_42,924,939,
16603,60,30000000,0,user_31,926,939,
17063,62,29999999,0,user_21,929,939,16613
17253,61,29999999,0,user_7,930,939,16613
17055,81,29999999,0,user_17,929,939,16613
17066,82,29999999,0,user_23,929,939,16613
17249,68,29999999,0,user_5,930,939,16613
17258,78,29999999,0,user_10,930,939,16613
17259,79,29999999,0,user_10,930,939,16613
17267,83,29999999,0,user_13,930,939,16613
17270,84,29999999,0,user_13,930,939,16613
17266,70,29999999,0,user_12,930,939,16613
17255,73,29999999,0,user_8,930,939,16613
17272,77,29999999,0,user_15,930,939,16613
17279,75,29999999,0,user_22,930,939,16613
17273,71,29999999,0,user_16,930,939,16613
17274,72,29999999,0,user_16,930,939,16613
17282,76,29999999,0,user_26,930,939,16613
17280,74,29999999,0,user_23,930,939,16613
17431,65,29999999,0,user_3,931,939,16613
17426,63,29999999,0,user_0,931,939,16613
17446,69,29999999,0,user_20,931,939,16613
17442,66,29999999,0,user_16,931,939,16613
17443,67,29999999,0,user_16,931,939,16613
17445,80,29999999,0,user_19,931,939,16613
17607,85,29999999,0,user_8,932,939,16613
17449,64,29999999,0,user_22,931,939,16613
16873,86,29999999,0,user_7,928,939,16613
16874,87,29999999,0,user_8,928,939,16613
17050,88,29999999,0,user_13,929,939,16613
16902,90,27000000,779000,user_36,928,939,
18283,87,26999999,0,builder_15,937,937,16902
17751,88,27000001,0,user_25,933,937,16902
17051,91,27000001,0,user_14,929,939,16902
17740,90,27000001,0,user_12,933,938,16902
17739,92,27000001,0,user_9,933,939,16902
17601,95,27000001,0,user_1,932,939,16902
17602,96,27000001,0,user_1,932,939,16902
17609,97,27000001,0,user_9,932,938,16902
17618,99,27000001,0,user_22,932,939,16902
17615,98,27000001,0,user_21,932,939,16902
17623,97,27000001,0,user_25,932,937,16902
17624,98,27000001,0,user_26,932,937,16902
17610,93,27000001,0,user_10,932,939,16902
17076,0,43000000,545000,user_38,929,939,
18404,1,42999999,0,builder_15,938,938,17076
18097,2,43000000,0,user_30,936,939,
17996,3,43000000,0,user_47,935,939,
17300,4,43000000,0,user_48,930,939,
15902,6,43000000,0,user_45,922,939,
17648,5,43000000,0,user_44,932,939,
17652,7,43000000,0,user_49,932,939,
16896,8,43000000,0,user_29,928,939,
15679,9,43000000,0,user_47,921,939,
18405,10,30000001,0,builder_15,938,938,16613
16613,11,30000000,769000,user_45,926,939,
18406,12,30000001,0,builder_15,938,938,18340
18340,12,30000000,322000,user_44,938,939,
17061,15,30000001,0,user_19,929,939,16613
17064,16,30000001,0,user_21,929,939,16613
17240,14,30000001,0,user_1,930,939,16613
17244,36,30000001,0,user_3,930,939,16613
17245,37,30000001,0,user_3,930,939,16613
17247,29,30000001,0,user_4,930,939,16613
17268,50,30000001,0,user_13,930,939,16613
17269,51,30000001,0,user_13,930,939,16613
17271,52,30000001,0,user_13,930,939,16613
17261,32,30000001,0,user_11,930,939,16613
17239,28,30000001,0,user_0,930,939,16613
17262,30,30000001,0,user_12,930,939,16613
17265,31,30000001,0,user_12,930,939,16613
17276,53,30000001,0,user_19,930,939,16613
17277,54,30000001,0,user_19,930,939,16613
17278,39,30000001,0,user_20,930,939,16613
17283,38,30000001,0,user_26,930,939,16613
17275,33,30000001,0,user_18,930,939,16613
17427,17,30000001,0,user_2,931,939,16613
17428,18,30000001,0,user_2,931,939,16613
17429,19,30000001,0,user_2,931,939,16613
17241,34,30000001,0,user_2,930,939,16613
17242,35,30000001,0,user_2,930,939,16613
17256,40,30000001,0,user_9,930,939,16613
17438,22,30000001,0,user_13,931,939,16613
17434,24,30000001,0,user_7,931,939,16613
17435,20,30000001,0,user_11,931,939,16613
17436,21,30000001,0,user_11,931,939,16613
17062,42,30000001,0,user_20,929,939,16613
16719,41,30000001,0,user_0,927,939,16613
17069,48,30000001,0,user_25,929,939,16613
17070,49,30000001,0,user_26,929,939,16613
17054,44,30000001,0,user_17,929,939,16613
17056,45,30000001,0,user_18,929,939,16613
17059,46,30000001,0,user_18,929,939,16613
17060,47,30000001,0,user_18,929,939,16613
17053,43,30000001,0,user_15,929,939,16613
17440,27,30000001,0,user_15,931,939,16613
17448,25,30000001,0,user_21,931,939,16613
17452,26,30000001,0,user_25,931,939,16613
17444,23,30000001,0,user_17,931,939,16613
17972,57,30000000,0,user_29,935,939,
18336,55,30000000,0,user_40,938,939,
16292,58,30000000,0,user_42,924,939,
16468,59,30000000,0,user_43,925,939,
16603,60,30000000,0,user_31,926,939,
17063,62,29999999,0,user_21,929,939,16613
17253,61,29999999,0,user_7,930,939,16613
17267,83,29999999,0,user_13,930,939,16613
17270,84,29999999,0,user_13,930,939,16613
17249,68,29999999,0,user_5,930,939,16613
17266,70,29999999,0,user_12,930,939,16613
17255,73,29999999,0,user_8,930,939,16613
17272,77,29999999,0,user_15,930,939,16613
17279,75,29999999,0,user_22,930,939,16613
17273,71,29999999,0,user_16,930,939,16613
17274,72,29999999,0,user_16,930,939,16613
17282,76,29999999,0,user_26,930,939,16613
17258,78,29999999,0,user_10,930,939,16613
17259,79,29999999,0,user_10,930,939,16613
17280,74,29999999,0,user_23,930,939,16613
17426,63,29999999,0,user_0,931,939,16613
17445,80,29999999,0,user_19,931,939,16613
17446,69,29999999,0,user_20,931,939,16613
17055,81,29999999,0,user_17,929,939,16613
17066,82,29999999,0,user_23,929,939,16613
17431,65,29999999,0,user_3,931,939,16613
17442,66,29999999,0,user_16,931,939,16613
17443,67,29999999,0,user_16,931,939,16613
17449,64,29999999,0,user_22,931,939,16613
17607,85,29999999,0,user_8,932,939,16613
16874,87,29999999,0,user_8,928,939,16613
16873,86,29999999,0,user_7,928,939,16613
17050,88,29999999,0,user_13,929,939,16613
18407,88,27000001,0,builder_15,938,938,16902
16902,90,27000000,779000,user_36,928,939,
17740,90,27000001,0,user_12,933,938,16902
17739,92,27000001,0,user_9,933,939,16902
17051,91,27000001,0,user_14,929,939,16902
17601,95,27000001,0,user_1,932,939,16902
17602,96,27000001,0,user_1,932,939,16902
17610,93,27000001,0,user_10,932,939,16902
17615,98,27000001,0,user_21,932,939,16902
17609,97,27000001,0,user_9,932,938,16902
17614,97,27000001,0,user_15,932,939,16902
17612,94,27000001,0,user_13,932,939,16902
17076,0,43000000,545000,user_38,929,939,
18535,1,42999999,0,builder_15,939,939,17076
18097,2,43000000,0,user_30,936,939,
17996,3,43000000,0,user_47,935,939,
17300,4,43000000,0,user_48,930,939,
17648,5,43000000,0,user_44,932,939,
15902,6,43000000,0,user_45,922,939,
17652,7,43000000,0,user_49,932,939,
16896,8,43000000,0,user_29,928,939,
15679,9,43000000,0,user_47,921,939,
18536,10,30000001,0,builder_15,939,939,16613
16613,11,30000000,769000,user_45,926,939,
18340,12,30000000,322000,user_44,938,939,
18537,13,29999999,0,builder_15,939,939,18340
17240,14,30000001,0,user_1,930,939,16613
17061,15,30000001,0,user_19,929,939,16613
17064,16,30000001,0,user_21,929,939,16613
17427,17,30000001,0,user_2,931,939,16613
17428,18,30000001,0,user_2,931,939,16613
17429,19,30000001,0,user_2,931,939,16613
17435,20,30000001,0,user_11,931,939,16613
17436,21,30000001,0,user_11,931,939,16613
17438,22,30000001,0,user_13,931,939,16613
17444,23,30000001,0,user_17,931,939,16613
17434,24,30000001,0,user_7,931,939,16613
17448,25,30000001,0,user_21,931,939,16613
17452,26,30000001,0,user_25,931,939,16613
17440,27,30000001,0,user_15,931,939,16613
17239,28,30000001,0,user_0,930,939,16613
17247,29,30000001,0,user_4,930,939,16613
17262,30,30000001,0,user_12,930,939,16613
17265,31,30000001,0,user_12,930,939,16613
17261,32,30000001,0,user_11,930,939,16613
17275,33,30000001,0,user_18,930,939,16613
17241,34,30000001,0,user_2,930,939,16613
17242,35,30000001,0,user_2,930,939,16613
17244,36,30000001,0,user_3,930,939,16613
17245,37,30000001,0,user_3,930,939,16613
17283,38,30000001,0,user_26,930,939,16613
17278,39,30000001,0,user_20,930,939,16613
17256,40,30000001,0,user_9,930,939,16613
16719,41,30000001,0,user_0,927,939,16613
17062,42,30000001,0,user_20,929,939,16613
17053,43,30000001,0,user_15,929,939,16613
17054,44,30000001,0,user_17,929,939,16613
17056,45,30000001,0,user_18,929,939,16613
17059,46,30000001,0,user_18,929,939,16613
17060,47,30000001,0,user_18,929,939,16613
17069,48,30000001,0,user_25,929,939,16613
17070,49,30000001,0,user_26,929,939,16613
17268,50,30000001,0,user_13,930,939,16613
17269,51,30000001,0,user_13,930,939,16613
17271,52,30000001,0,user_13,930,939,16613
17276,53,30000001,0,user_19,930,939,16613
17277,54,30000001,0,user_19,930,939,16613
18336,55,30000000,0,user_40,938,939,
18220,56,30000000,0,user_39,937,939,
17972,57,30000000,0,user_29,935,939,
16292,58,30000000,0,user_42,924,939,
16468,59,30000000,0,user_43,925,939,
16603,60,30000000,0,user_31,926,939,
17253,61,29999999,0,user_7,930,939,16613
17063,62,29999999,0,user_21,929,939,16613
17426,63,29999999,0,user_0,931,939,16613
17449,64,29999999,0,user_22,931,939,16613
17431,65,29999999,0,user_3,931,939,16613
17442,66,29999999,0,user_16,931,939,16613
17443,67,29999999,0,user_16,931,939,16613
17249,68,29999999,0,user_5,930,939,16613
17446,69,29999999,0,user_20,931,939,16613
17266,70,29999999,0,user_12,930,939,16613
17273,71,29999999,0,user_16,930,939,16613
17274,72,29999999,0,user_16,930,939,16613
17255,73,29999999,0,user_8,930,939,16613
17280,74,29999999,0,user_23,930,939,16613
17279,75,29999999,0,user_22,930,939,16613
17282,76,29999999,0,user_26,930,939,16613
17272,77,29999999,0,user_15,930,939,16613
17258,78,29999999,0,user_10,930,939,16613
17259,79,29999999,0,user_10,930,939,16613
17445,80,29999999,0,user_19,931,939,16613
17055,81,29999999,0,user_17,929,939,16613
17066,82,29999999,0,user_23,929,939,16613
17267,83,29999999,0,user_13,930,939,16613
17270,84,29999999,0,user_13,930,939,16613
17607,85,29999999,0,user_8,932,939,16613
16873,86,29999999,0,user_7,928,939,16613
16874,87,29999999,0,user_8,928,939,16613
17050,88,29999999,0,user_13,929,939,16613
18538,89,27000001,0,builder_15,939,939,16902
16902,90,27000000,779000,user_36,928,939,
17051,91,27000001,0,user_14,929,939,16902
17739,92,27000001,0,user_9,933,939,16902
17610,93,27000001,0,user_10,932,939,16902
17612,94,27000001,0,user_13,932,939,16902
17601,95,27000001,0,user_1,932,939,16902
17602,96,27000001,0,user_1,932,939,16902
17614,97,27000001,0,user_15,932,939,16902
17615,98,27000001,0,user_21,932,939,16902
17618,99,27000001,0,user_22,932,939,16902
15543,86,3200000,17700000,user_39,940,951,
15604,1,3199999,0,builder_15,940,940,15543
15511,84,5200000,181000,user_1,940,950,
15605,3,5199999,0,builder_15,940,940,15511
15526,95,5200001,0,user_12,940,950,15511
15532,98,5200001,0,user_19,940,950,15511
15530,96,5200001,0,user_15,940,950,15511
15517,97,5200001,0,user_6,940,950,15511
15537,99,5200001,0,user_26,940,950,15511
15527,83,5199999,0,user_12,940,949,15511
15519,84,5199999,0,user_7,940,949,15511
15520,85,5199999,0,user_7,940,949,15511
15533,80,5199999,0,user_19,940,949,15511
15531,86,5199999,0,user_15,940,949,15511
15518,81,5199999,0,user_6,940,949,15511
15534,82,5199999,0,user_22,940,949,15511
15541,85,2600000,0,user_37,940,945,
15544,91,2000000,15100,user_40,940,945,
15606,18,1999999,0,builder_15,940,940,15544
15553,94,2000000,0,user_44,940,945,
15557,97,1900000,0,user_47,940,945,
15556,93,1500000,0,user_47,940,944,
15559,95,1300000,13800,user_47,940,944,
15607,23,1299999,0,builder_15,940,940,15559
15560,82,1000000,0,user_48,940,942,
15525,86,910000,0,user_11,940,942,
15515,87,870000,0,user_4,940,942,
15535,89,670000,0,user_23,940,942,
15524,88,670000,0,user_10,940,942,
15523,92,470000,0,user_10,940,942,
15510,96,460000,0,user_1,940,942,
15522,93,460000,0,user_9,940,942,
15550,94,460000,0,user_44,940,942,
15552,97,420000,18600,user_44,940,942,
15608,34,419999,0,builder_15,940,940,15552
15558,64,420000,0,user_47,940,941,
15514,70,300000,0,user_1,940,941,
15516,71,260000,0,user_5,940,941,
15609,38,150001,0,builder_15,940,940,15549
15549,73,150000,75000,user_44,940,941,
15529,74,220000,0,user_14,940,941,
15610,41,170001,0,builder_15,940,940,15528
15528,42,170000,24700,user_13,940,940,
15512,76,190000,0,user_1,940,941,
15509,80,170000,0,user_0,940,941,
15513,83,160000,0,user_1,940,941,
15554,84,160000,0,user_45,940,941,
15551,96,120000,0,user_44,940,941,
15536,97,110000,0,user_24,940,941,
15521,49,98000,0,user_8,940,940,
15555,50,80000,0,user_47,940,940,
15545,51,77000,0,user_40,940,940,
15679,9,43000000,0,user_47,941,959,
15812,1,3200001,0,builder_15,941,941,15543
15543,86,3200000,17700000,user_39,940,951,
15676,93,6300000,0,user_45,941,951,
15677,94,6300000,0,user_45,941,951,
15813,5,5200001,0,builder_15,941,941,15511
15511,84,5200000,181000,user_1,940,950,
15526,95,5200001,0,user_12,940,950,15511
15532,98,5200001,0,user_19,940,950,15511
15517,97,5200001,0,user_6,940,950,15511
15530,96,5200001,0,user_15,940,950,15511
15537,99,5200001,0,user_26,940,950,15511
15645,64,5200001,0,user_13,941,949,15511
15654,94,5200001,0,user_18,941,950,15511
15519,84,5199999,0,user_7,940,949,15511
15520,85,5199999,0,user_7,940,949,15511
15527,83,5199999,0,user_12,940,949,15511
15533,80,5199999,0,user_19,940,949,15511
15518,81,5199999,0,user_6,940,949,15511
15531,86,5199999,0,user_15,940,949,15511
15534,82,5199999,0,user_22,940,949,15511
15641,88,5199999,0,user_11,941,949,15511
15647,89,5199999,0,user_14,941,949,15511
15651,78,5199999,0,user_18,941,949,15511
15665,96,4500000,0,user_31,941,949,
15666,78,3600000,0,user_32,941,947,
15664,79,3500000,0,user_31,941,947,
15643,92,3200001,0,user_11,941,947,15543
15629,83,3200001,0,user_1,941,947,15543
15634,90,3200001,0,user_7,941,947,15543
15636,91,3200001,0,user_7,941,947,15543
15632,84,3200001,0,user_5,941,947,15543
15640,72,3199999,0,user_11,941,945,15543
15630,71,3199999,0,user_2,941,945,15543
15644,76,3199999,0,user_13,941,945,15543
15635,73,3199999,0,user_7,941,945,15543
15656,69,3199999,0,user_19,941,945,15543
15639,74,3199999,0,user_10,941,945,15543
15649,70,3199999,0,user_15,941,945,15543
15541,85,2600000,0,user_37,940,945,
15539,84,2600000,0,user_29,940,945,
15542,90,2100000,0,user_38,940,945,
15814,42,2000001,0,builder_15,941,941,15544
15544,91,2000000,15100,user_40,940,945,
15627,93,2000001,0,user_0,941,945,15544
15553,94,2000000,0,user_44,940,945,
15557,97,1900000,0,user_47,940,945,
15556,93,1500000,0,user_47,940,944,
15559,95,1300000,13800,user_47,940,944,
15815,49,1299999,0,builder_15,941,941,15559
15560,82,1000000,0,user_48,940,942,
15525,86,910000,0,user_11,940,942,
15515,87,870000,0,user_4,940,942,
15535,89,670000,0,user_23,940,942,
15524,88,670000,0,user_10,940,942,
15523,92,470000,0,user_10,940,942,
15510,96,460000,0,user_1,940,942,
15547,95,460000,0,user_41,940,942,
15550,94,460000,0,user_44,940,942,
15522,93,460000,0,user_9,940,942,
15552,97,420000,18600,user_44,940,942,
15816,61,419999,0,builder_15,941,941,15552
15637,99,420001,0,user_7,941,942,15552
15660,63,420001,0,user_25,941,941,15552
15558,64,420000,0,user_47,940,941,
15642,65,419999,0,user_11,941,941,15552
15661,66,419999,0,user_25,941,941,15552
15817,67,360001,0,builder_15,941,941,15671
15671,68,360000,56200,user_39,941,941,
15540,69,340000,0,user_34,940,941,
15514,70,300000,0,user_1,940,941,
15516,71,260000,0,user_5,940,941,
15818,72,150001,0,builder_15,941,941,15549
15549,73,150000,75000,user_44,940,941,
15529,74,220000,0,user_14,940,941,
15561,75,220000,0,user_49,940,941,
15512,76,190000,0,user_1,940,941,
15658,77,170001,0,user_21,941,941,15528
15659,78,170001,0,user_24,941,941,15528
15648,79,170001,0,user_15,941,941,15528
15509,80,170000,0,user_0,940,941,
15663,81,150000,14200,user_30,941,941,
15819,82,149999,0,builder_15,941,941,15663
15513,83,160000,0,user_1,940,941,
15554,84,160000,0,user_45,940,941,
15631,85,150001,0,user_4,941,941,15549
15652,86,150001,0,user_18,941,941,15549
15655,87,150001,0,user_18,941,941,15549
15628,88,150001,0,user_0,941,941,15549
15667,89,150000,0,user_32,941,941,
15646,90,149999,0,user_14,941,941,15549
15650,91,149999,0,user_16,941,941,15549
15653,92,149999,0,user_18,941,941,15549
15548,93,130000,18600,user_43,940,941,
15820,94,129999,0,builder_15,941,941,15548
15638,95,129999,0,user_8,941,941,15548
15551,96,120000,0,user_44,940,941,
15536,97,110000,0,user_24,940,941,
15546,98,110000,0,user_41,940,941,
15538,99,110000,0,user_27,940,941,
15679,9,43000000,0,user_47,941,959,
15902,6,43000000,0,user_45,942,959,
16036,2,3200001,0,builder_15,942,942,15543
15543,86,3200000,17700000,user_39,940,951,
15676,93,6300000,0,user_45,941,951,
15677,94,6300000,0,user_45,941,951,
15900,96,6100000,0,user_40,942,951,
16037,7,5200001,0,builder_15,942,942,15511
15511,84,5200000,181000,user_1,940,950,
15532,98,5200001,0,user_19,940,950,15511
15517,97,5200001,0,user_6,940,950,15511
15530,96,5200001,0,user_15,940,950,15511
15537,99,5200001,0,user_26,940,950,15511
15526,95,5200001,0,user_12,940,950,15511
15654,94,5200001,0,user_18,941,950,15511
15866,93,5200001,0,user_10,942,950,15511
15903,66,5200000,0,user_45,942,949,
15647,89,5199999,0,user_14,941,949,15511
15519,84,5199999,0,user_7,940,949,15511
15520,85,5199999,0,user_7,940,949,15511
15533,80,5199999,0,user_19,940,949,15511
15518,81,5199999,0,user_6,940,949,15511
15531,86,5199999,0,user_15,940,949,15511
15534,82,5199999,0,user_22,940,949,15511
15641,88,5199999,0,user_11,941,949,15511
15527,83,5199999,0,user_12,940,949,15511
15651,78,5199999,0,user_18,941,949,15511
15863,79,5199999,0,user_10,942,949,15511
15895,91,5000000,0,user_36,942,949,
15665,96,4500000,0,user_31,941,949,
15666,78,3600000,0,user_32,941,947,
15664,79,3500000,0,user_31,941,947,
15629,83,3200001,0,user_1,941,947,15543
15634,90,3200001,0,user_7,941,947,15543
15636,91,3200001,0,user_7,941,947,15543
15632,84,3200001,0,user_5,941,947,15543
15633,93,3200001,0,user_6,941,947,15543
15643,92,3200001,0,user_11,941,947,15543
15854,94,3200001,0,user_1,942,947,15543
15859,85,3200001,0,user_5,942,947,15543
15865,86,3200001,0,user_10,942,947,15543
15630,71,3199999,0,user_2,941,945,15543
15635,73,3199999,0,user_7,941,945,15543
15656,69,3199999,0,user_19,941,945,15543
15639,74,3199999,0,user_10,941,945,15543
15657,94,3199999,0,user_20,941,946,15543
15649,70,3199999,0,user_15,941,945,15543
15640,72,3199999,0,user_11,941,945,15543
15857,95,3199999,0,user_3,942,946,15543
15861,96,3199999,0,user_7,942,946,15543
15874,99,3199999,0,user_18,942,946,15543
15878,97,3199999,0,user_21,942,946,15543
15879,98,3199999,0,user_21,942,946,15543
15881,81,3199999,0,user_24,942,945,15543
15539,84,2600000,0,user_29,940,945,
15541,85,2600000,0,user_37,940,945,
15542,90,2100000,0,user_38,940,945,
15544,91,2000000,15100,user_40,940,945,
16038,58,1999999,0,builder_15,942,942,15544
15627,93,2000001,0,user_0,941,945,15544
15553,94,2000000,0,user_44,940,945,
15557,97,1900000,0,user_47,940,945,
15898,99,1700000,0,user_39,942,945,
15896,90,1600000,0,user_37,942,944,
15556,93,1500000,0,user_47,940,944,
15559,95,1300000,13800,user_47,940,944,
16039,66,1299999,0,builder_15,942,942,15559
15907,82,1200000,0,user_48,942,943,
15891,84,1100000,0,user_32,942,943,
16040,69,1000001,0,builder_15,942,942,15673
15673,86,1000000,66100,user_42,941,943,
16041,71,1000001,0,builder_15,942,942,15888
15888,88,1000000,3130,user_32,942,943,
15855,99,1000001,0,user_1,942,943,15673
15870,91,1000001,0,user_14,942,943,15673
15877,92,1000001,0,user_21,942,943,15673
15882,95,1000001,0,user_25,942,943,15673
15875,90,1000001,0,user_19,942,943,15673
15880,94,1000001,0,user_23,942,943,15673
15864,93,1000001,0,user_10,942,943,15673
15862,97,1000001,0,user_9,942,943,15673
15883,96,1000001,0,user_26,942,943,15673
15560,82,1000000,0,user_48,940,942,
15867,83,999999,0,user_11,942,942,15673
15873,84,999999,0,user_17,942,942,15673
15871,85,999999,0,user_15,942,942,15673
15525,86,910000,0,user_11,940,942,
15515,87,870000,0,user_4,940,942,
15524,88,670000,0,user_10,940,942,
15535,89,670000,0,user_23,940,942,
16042,90,190001,0,builder_15,942,942,15670
15670,91,190000,381000,user_38,941,942,
15523,92,470000,0,user_10,940,942,
15522,93,460000,0,user_9,940,942,
15550,94,460000,0,user_44,940,942,
15547,95,460000,0,user_41,940,942,
15510,96,460000,0,user_1,940,942,
15552,97,420000,18600,user_44,940,942,
16043,98,419999,0,builder_15,942,942,15552
15637,99,420001,0,user_7,941,942,15552
15902,6,43000000,0,user_45,942,959,
15679,9,43000000,0,user_47,941,959,
16205,2,3200001,0,builder_15,943,943,15543
15543,86,3200000,17700000,user_39,940,951,
15676,93,6300000,0,user_45,941,951,
15677,94,6300000,0,user_45,941,951,
15900,96,6100000,0,user_40,942,951,
16111,97,6100000,0,user_45,943,951,
15511,84,5200000,181000,user_1,940,950,
16206,9,5199999,0,builder_15,943,943,15511
15866,93,5200001,0,user_10,942,950,15511
15645,64,5200001,0,user_13,941,949,15511
15654,94,5200001,0,user_18,941,950,15511
15526,95,5200001,0,user_12,940,950,15511
15532,98,5200001,0,user_19,940,950,15511
15517,97,5200001,0,user_6,940,950,15511
15530,96,5200001,0,user_15,940,950,15511
15537,99,5200001,0,user_26,940,950,15511
15903,66,5200000,0,user_45,942,949,
16087,67,5200000,0,user_28,943,949,
15863,79,5199999,0,user_10,942,949,15511
15641,88,5199999,0,user_11,941,949,15511
15647,89,5199999,0,user_14,941,949,15511
15651,78,5199999,0,user_18,941,949,15511
15527,83,5199999,0,user_12,940,949,15511
15519,84,5199999,0,user_7,940,949,15511
15520,85,5199999,0,user_7,940,949,15511
15533,80,5199999,0,user_19,940,949,15511
15518,81,5199999,0,user_6,940,949,15511
15531,86,5199999,0,user_15,940,949,15511
15534,82,5199999,0,user_22,940,949,15511
15895,91,5000000,0,user_36,942,949,
15665,96,4500000,0,user_31,941,949,
16101,97,4500000,0,user_37,943,949,
15666,78,3600000,0,user_32,941,947,
15664,79,3500000,0,user_31,941,947,
15865,86,3200001,0,user_10,942,947,15543
15633,93,3200001,0,user_6,941,947,15543
15643,92,3200001,0,user_11,941,947,15543
15634,90,3200001,0,user_7,941,947,15543
15636,91,3200001,0,user_7,941,947,15543
15854,94,3200001,0,user_1,942,947,15543
15859,85,3200001,0,user_5,942,947,15543
16077,87,3200001,0,user_16,943,947,15543
15629,83,3200001,0,user_1,941,947,15543
15632,84,3200001,0,user_5,941,947,15543
15861,96,3199999,0,user_7,942,946,15543
15857,95,3199999,0,user_3,942,946,15543
15878,97,3199999,0,user_21,942,946,15543
15879,98,3199999,0,user_21,942,946,15543
15874,99,3199999,0,user_18,942,946,15543
15881,81,3199999,0,user_24,942,945,15543
16066,82,3199999,0,user_1,943,945,15543
15640,72,3199999,0,user_11,941,945,15543
15635,73,3199999,0,user_7,941,945,15543
15639,74,3199999,0,user_10,941,945,15543
15657,94,3199999,0,user_20,941,946,15543
15644,76,3199999,0,user_13,941,945,15543
16078,68,3199999,0,user_17,943,945,15543
15630,71,3199999,0,user_2,941,945,15543
15656,69,3199999,0,user_19,941,945,15543
15649,70,3199999,0,user_15,941,945,15543
15541,85,2600000,0,user_37,940,945,
15539,84,2600000,0,user_29,940,945,
16097,89,2300000,0,user_35,943,945,
15542,90,2100000,0,user_38,940,945,
15544,91,2000000,15100,user_40,940,945,
16207,67,1999999,0,builder_15,943,943,15544
15627,93,2000001,0,user_0,941,945,15544
15553,94,2000000,0,user_44,940,945,
16100,96,1900000,0,user_36,943,945,
15557,97,1900000,0,user_47,940,945,
15898,99,1700000,0,user_39,942,945,
16113,98,1700000,0,user_47,943,945,
15896,90,1600000,0,user_37,942,944,
16096,92,1500000,0,user_33,943,944,
15556,93,1500000,0,user_47,940,944,
15559,95,1300000,13800,user_47,940,944,
16208,78,1299999,0,builder_15,943,943,15559
15904,97,1300000,0,user_46,942,944,
16098,98,1300000,0,user_35,943,944,
16103,99,1300000,0,user_39,943,944,
15907,82,1200000,0,user_48,942,943,
16108,83,1200000,0,user_40,943,943,
15891,84,1100000,0,user_32,942,943,
16106,85,1100000,0,user_39,943,943,
15673,86,1000000,66100,user_42,941,943,
16209,87,999999,0,builder_15,943,943,15673
15888,88,1000000,3130,user_32,942,943,
16210,89,999999,0,builder_15,943,943,15888
15875,90,1000001,0,user_19,942,943,15673
15870,91,1000001,0,user_14,942,943,15673
15877,92,1000001,0,user_21,942,943,15673
15864,93,1000001,0,user_10,942,943,15673
15880,94,1000001,0,user_23,942,943,15673
15882,95,1000001,0,user_25,942,943,15673
15883,96,1000001,0,user_26,942,943,15673
15862,97,1000001,0,user_9,942,943,15673
16068,98,1000001,0,user_4,943,943,15673
15855,99,1000001,0,user_1,942,943,15673
15902,6,43000000,0,user_45,942,959,
15679,9,43000000,0,user_47,941,959,
16112,94,27000000,0,user_46,943,952,
15543,86,3200000,17700000,user_39,940,951,
16386,4,3199999,0,builder_15,944,944,15543
16387,5,6300001,0,builder_15,944,944,16282
16282,91,6300000,5630,user_32,944,951,
15676,93,6300000,0,user_45,941,951,
15677,94,6300000,0,user_45,941,951,
16111,97,6100000,0,user_45,943,951,
15900,96,6100000,0,user_40,942,951,
16388,11,5200001,0,builder_15,944,944,15511
15511,84,5200000,181000,user_1,940,950,
15866,93,5200001,0,user_10,942,950,15511
16263,85,5200001,0,user_17,944,950,15511
16264,86,5200001,0,user_18,944,950,15511
15654,94,5200001,0,user_18,941,950,15511
15517,97,5200001,0,user_6,940,950,15511
15537,99,5200001,0,user_26,940,950,15511
15532,98,5200001,0,user_19,940,950,15511
15530,96,5200001,0,user_15,940,950,15511
15526,95,5200001,0,user_12,940,950,15511
15645,64,5200001,0,user_13,941,949,15511
15903,66,5200000,0,user_45,942,949,
16087,67,5200000,0,user_28,943,949,
16299,65,5200000,0,user_48,944,949,
15641,88,5199999,0,user_11,941,949,15511
15863,79,5199999,0,user_10,942,949,15511
15651,78,5199999,0,user_18,941,949,15511
15518,81,5199999,0,user_6,940,949,15511
15534,82,5199999,0,user_22,940,949,15511
15533,80,5199999,0,user_19,940,949,15511
15519,84,5199999,0,user_7,940,949,15511
15520,85,5199999,0,user_7,940,949,15511
15531,86,5199999,0,user_15,940,949,15511
15527,83,5199999,0,user_12,940,949,15511
15647,89,5199999,0,user_14,941,949,15511
16243,87,5199999,0,user_9,944,949,15511
15895,91,5000000,0,user_36,942,949,
16101,97,4500000,0,user_37,943,949,
15665,96,4500000,0,user_31,941,949,
15666,78,3600000,0,user_32,941,947,
15664,79,3500000,0,user_31,941,947,
15854,94,3200001,0,user_1,942,947,15543
15859,85,3200001,0,user_5,942,947,15543
15643,92,3200001,0,user_11,941,947,15543
15865,86,3200001,0,user_10,942,947,15543
16077,87,3200001,0,user_16,943,947,15543
16245,95,3200001,0,user_11,944,947,15543
16229,89,3200001,0,user_0,944,947,15543
16235,88,3200001,0,user_2,944,947,15543
16259,96,3200001,0,user_16,944,947,15543
15629,83,3200001,0,user_1,941,947,15543
15632,84,3200001,0,user_5,941,947,15543
15633,93,3200001,0,user_6,941,947,15543
15634,90,3200001,0,user_7,941,947,15543
15636,91,3200001,0,user_7,941,947,15543
16301,98,3200000,0,user_48,944,947,
15857,95,3199999,0,user_3,942,946,15543
15861,96,3199999,0,user_7,942,946,15543
15874,99,3199999,0,user_18,942,946,15543
15881,81,3199999,0,user_24,942,945,15543
15640,72,3199999,0,user_11,941,945,15543
15878,97,3199999,0,user_21,942,946,15543
15879,98,3199999,0,user_21,942,946,15543
16066,82,3199999,0,user_1,943,945,15543
16078,68,3199999,0,user_17,943,945,15543
16232,64,3199999,0,user_2,944,945,15543
16271,65,3199999,0,user_25,944,945,15543
15630,71,3199999,0,user_2,941,945,15543
15649,70,3199999,0,user_15,941,945,15543
15656,69,3199999,0,user_19,941,945,15543
15639,74,3199999,0,user_10,941,945,15543
15635,73,3199999,0,user_7,941,945,15543
15644,76,3199999,0,user_13,941,945,15543
15657,94,3199999,0,user_20,941,946,15543
15539,84,2600000,0,user_29,940,945,
15541,85,2600000,0,user_37,940,945,
16102,87,2400000,0,user_38,943,945,
16296,86,2400000,0,user_47,944,945,
16097,89,2300000,0,user_35,943,945,
15542,90,2100000,0,user_38,940,945,
16389,82,2000001,0,builder_15,944,944,15544
15544,91,2000000,15100,user_40,940,945,
15627,93,2000001,0,user_0,941,945,15544
15553,94,2000000,0,user_44,940,945,
16100,96,1900000,0,user_36,943,945,
15557,97,1900000,0,user_47,940,945,
16113,98,1700000,0,user_47,943,945,
15898,99,1700000,0,user_39,942,945,
15896,90,1600000,0,user_37,942,944,
16110,91,1600000,0,user_42,943,944,
16096,92,1500000,0,user_33,943,944,
15556,93,1500000,0,user_47,940,944,
16288,94,1400000,0,user_39,944,944,
15559,95,1300000,13800,user_47,940,944,
16390,96,1299999,0,builder_15,944,944,15559
15904,97,1300000,0,user_46,942,944,
16098,98,1300000,0,user_35,943,944,
16103,99,1300000,0,user_39,943,944,
15679,9,43000000,0,user_47,941,959,
15902,6,43000000,0,user_45,942,959,
16292,58,30000000,0,user_42,944,959,
16112,94,27000000,0,user_46,943,952,
15543,86,3200000,17700000,user_39,940,951,
16544,5,3199999,0,builder_15,945,945,15543
16282,91,6300000,5630,user_32,944,951,
16545,7,6299999,0,builder_15,945,945,16282
16445,92,6300000,0,user_28,945,951,
15676,93,6300000,0,user_45,941,951,
15677,94,6300000,0,user_45,941,951,
16111,97,6100000,0,user_45,943,951,
15900,96,6100000,0,user_40,942,951,
16546,13,5200001,0,builder_15,945,945,16457
16457,99,5200000,215000,user_37,945,951,
15511,84,5200000,181000,user_1,940,950,
16547,16,5199999,0,builder_15,945,945,15511
16263,85,5200001,0,user_17,944,950,15511
16264,86,5200001,0,user_18,944,950,15511
16443,87,5200001,0,user_24,945,950,15511
15517,97,5200001,0,user_6,940,950,15511
15537,99,5200001,0,user_26,940,950,15511
15526,95,5200001,0,user_12,940,950,15511
15530,96,5200001,0,user_15,940,950,15511
15532,98,5200001,0,user_19,940,950,15511
15654,94,5200001,0,user_18,941,950,15511
15645,64,5200001,0,user_13,941,949,15511
15866,93,5200001,0,user_10,942,950,15511
16299,65,5200000,0,user_48,944,949,
16087,67,5200000,0,user_28,943,949,
15903,66,5200000,0,user_45,942,949,
16243,87,5199999,0,user_9,944,949,15511
15518,81,5199999,0,user_6,940,949,15511
15534,82,5199999,0,user_22,940,949,15511
15519,84,5199999,0,user_7,940,949,15511
15520,85,5199999,0,user_7,940,949,15511
15527,83,5199999,0,user_12,940,949,15511
15531,86,5199999,0,user_15,940,949,15511
15533,80,5199999,0,user_19,940,949,15511
15651,78,5199999,0,user_18,941,949,15511
15641,88,5199999,0,user_11,941,949,15511
15647,89,5199999,0,user_14,941,949,15511
15863,79,5199999,0,user_10,942,949,15511
15895,91,5000000,0,user_36,942,949,
16101,97,4500000,0,user_37,943,949,
15665,96,4500000,0,user_31,941,949,
15666,78,3600000,0,user_32,941,947,
15664,79,3500000,0,user_31,941,947,
16235,88,3200001,0,user_2,944,947,15543
16259,96,3200001,0,user_16,944,947,15543
16229,89,3200001,0,user_0,944,947,15543
16245,95,3200001,0,user_11,944,947,15543
16410,82,3200001,0,user_1,945,947,15543
16077,87,3200001,0,user_16,943,947,15543
15629,83,3200001,0,user_1,941,947,15543
15632,84,3200001,0,user_5,941,947,15543
15643,92,3200001,0,user_11,941,947,15543
15634,90,3200001,0,user_7,941,947,15543
15636,91,3200001,0,user_7,941,947,15543
15633,93,3200001,0,user_6,941,947,15543
15854,94,3200001,0,user_1,942,947,15543
15859,85,3200001,0,user_5,942,947,15543
15865,86,3200001,0,user_10,942,947,15543
16301,98,3200000,0,user_48,944,947,
16232,64,3199999,0,user_2,944,945,15543
16271,65,3199999,0,user_25,944,945,15543
16433,99,3199999,0,user_18,945,947,15543
15874,99,3199999,0,user_18,942,946,15543
16078,68,3199999,0,user_17,943,945,15543
15656,69,3199999,0,user_19,941,945,15543
15649,70,3199999,0,user_15,941,945,15543
15630,71,3199999,0,user_2,941,945,15543
15640,72,3199999,0,user_11,941,945,15543
15635,73,3199999,0,user_7,941,945,15543
15639,74,3199999,0,user_10,941,945,15543
15657,94,3199999,0,user_20,941,946,15543
15644,76,3199999,0,user_13,941,945,15543
15857,95,3199999,0,user_3,942,946,15543
15861,96,3199999,0,user_7,942,946,15543
15878,97,3199999,0,user_21,942,946,15543
15879,98,3199999,0,user_21,942,946,15543
15881,81,3199999,0,user_24,942,945,15543
16066,82,3199999,0,user_1,943,945,15543
16421,92,3199999,0,user_9,945,946,15543
15539,84,2600000,0,user_29,940,945,
15541,85,2600000,0,user_37,940,945,
16296,86,2400000,0,user_47,944,945,
16102,87,2400000,0,user_38,943,945,
16463,88,2300000,0,user_39,945,945,
16097,89,2300000,0,user_35,943,945,
15542,90,2100000,0,user_38,940,945,
15544,91,2000000,15100,user_40,940,945,
16548,92,1999999,0,builder_15,945,945,15544
15627,93,2000001,0,user_0,941,945,15544
15553,94,2000000,0,user_44,940,945,
16456,95,1900000,0,user_36,945,945,
16100,96,1900000,0,user_36,943,945,
15557,97,1900000,0,user_47,940,945,
16113,98,1700000,0,user_47,943,945,
15898,99,1700000,0,user_39,942,945,
15902,6,43000000,0,user_45,942,959,
15679,9,43000000,0,user_47,941,959,
16695,2,30000001,0,builder_15,946,946,16613
16613,11,30000000,769000,user_45,946,959,
16468,59,30000000,0,user_43,945,959,
16292,58,30000000,0,user_42,944,959,
16603,60,30000000,0,user_31,946,959,
16112,94,27000000,0,user_46,943,952,
16696,8,3200001,0,builder_15,946,946,15543
15543,86,3200000,17700000,user_39,940,951,
16697,10,6300001,0,builder_15,946,946,16282
16282,91,6300000,5630,user_32,944,951,
16445,92,6300000,0,user_28,945,951,
15676,93,6300000,0,user_45,941,951,
15677,94,6300000,0,user_45,941,951,
16111,97,6100000,0,user_45,943,951,
15900,96,6100000,0,user_40,942,951,
16457,99,5200000,215000,user_37,945,951,
16698,18,5199999,0,builder_15,946,946,16457
15511,84,5200000,181000,user_1,940,950,
16699,20,5199999,0,builder_15,946,946,15511
16443,87,5200001,0,user_24,945,950,15511
16568,90,5200001,0,user_5,946,950,16457
16584,92,5200001,0,user_13,946,950,16457
16587,88,5200001,0,user_14,946,950,16457
16591,89,5200001,0,user_16,946,950,16457
16264,86,5200001,0,user_18,944,950,15511
15866,93,5200001,0,user_10,942,950,15511
16263,85,5200001,0,user_17,944,950,15511
15526,95,5200001,0,user_12,940,950,15511
15530,96,5200001,0,user_15,940,950,15511
15517,97,5200001,0,user_6,940,950,15511
15532,98,5200001,0,user_19,940,950,15511
15537,99,5200001,0,user_26,940,950,15511
15654,94,5200001,0,user_18,941,950,15511
16598,50,5200001,0,user_23,946,949,16457
15645,64,5200001,0,user_13,941,949,15511
16589,91,5200001,0,user_15,946,950,16457
16299,65,5200000,0,user_48,944,949,
15903,66,5200000,0,user_45,942,949,
16087,67,5200000,0,user_28,943,949,
16563,75,5199999,0,user_1,946,949,16457
16566,76,5199999,0,user_1,946,949,16457
16569,77,5199999,0,user_5,946,949,16457
16581,74,5199999,0,user_12,946,949,16457
16585,69,5199999,0,user_14,946,949,16457
16571,68,5199999,0,user_7,946,949,16457
16243,87,5199999,0,user_9,944,949,15511
15863,79,5199999,0,user_10,942,949,15511
15519,84,5199999,0,user_7,940,949,15511
15520,85,5199999,0,user_7,940,949,15511
15527,83,5199999,0,user_12,940,949,15511
15531,86,5199999,0,user_15,940,949,15511
15518,81,5199999,0,user_6,940,949,15511
15533,80,5199999,0,user_19,940,949,15511
15534,82,5199999,0,user_22,940,949,15511
15651,78,5199999,0,user_18,941,949,15511
15641,88,5199999,0,user_11,941,949,15511
15647,89,5199999,0,user_14,941,949,15511
16577,73,5199999,0,user_9,946,949,16457
16590,71,5199999,0,user_15,946,949,16457
16570,70,5199999,0,user_6,946,949,16457
16599,72,5199999,0,user_26,946,949,16457
16600,90,5000000,0,user_28,946,949,
15895,91,5000000,0,user_36,942,949,
16609,94,4200000,410000,user_39,946,949,
16700,66,4199999,0,builder_15,946,946,16609
16101,97,4500000,0,user_37,943,949,
15665,96,4500000,0,user_31,941,949,
15666,78,3600000,0,user_32,941,947,
15664,79,3500000,0,user_31,941,947,
16410,82,3200001,0,user_1,945,947,15543
16245,95,3200001,0,user_11,944,947,15543
16259,96,3200001,0,user_16,944,947,15543
16229,89,3200001,0,user_0,944,947,15543
15865,86,3200001,0,user_10,942,947,15543
15859,85,3200001,0,user_5,942,947,15543
16077,87,3200001,0,user_16,943,947,15543
16235,88,3200001,0,user_2,944,947,15543
15629,83,3200001,0,user_1,941,947,15543
15632,84,3200001,0,user_5,941,947,15543
15634,90,3200001,0,user_7,941,947,15543
15636,91,3200001,0,user_7,941,947,15543
15643,92,3200001,0,user_11,941,947,15543
15633,93,3200001,0,user_6,941,947,15543
15854,94,3200001,0,user_1,942,947,15543
16596,80,3200001,0,user_22,946,947,15543
16453,97,3200000,0,user_34,945,947,
16301,98,3200000,0,user_48,944,947,
16433,99,3199999,0,user_18,945,947,15543
16436,90,3199999,0,user_20,945,946,15543
16580,91,3199999,0,user_11,946,946,15543
16421,92,3199999,0,user_9,945,946,15543
16586,93,3199999,0,user_14,946,946,15543
15657,94,3199999,0,user_20,941,946,15543
15857,95,3199999,0,user_3,942,946,15543
15861,96,3199999,0,user_7,942,946,15543
15878,97,3199999,0,user_21,942,946,15543
15879,98,3199999,0,user_21,942,946,15543
15874,99,3199999,0,user_18,942,946,15543
15902,6,43000000,0,user_45,942,959,
15679,9,43000000,0,user_47,941,959,
16848,2,30000001,0,builder_15,947,947,16613
16613,11,30000000,769000,user_45,946,959,
16719,41,30000001,0,user_0,947,959,16613
16603,60,30000000,0,user_31,946,959,
16468,59,30000000,0,user_43,945,959,
16292,58,30000000,0,user_42,944,959,
16112,94,27000000,0,user_46,943,952,
16849,9,3200001,0,builder_15,947,947,15543
15543,86,3200000,17700000,user_39,940,951,
16850,11,6300001,0,builder_15,947,947,16282
16282,91,6300000,5630,user_32,944,951,
16445,92,6300000,0,user_28,945,951,
15676,93,6300000,0,user_45,941,951,
15677,94,6300000,0,user_45,941,951,
15900,96,6100000,0,user_40,942,951,
16111,97,6100000,0,user_45,943,951,
16457,99,5200000,215000,user_37,945,951,
16851,19,5199999,0,builder_15,947,947,16457
16852,20,5200001,0,builder_15,947,947,15511
15511,84,5200000,181000,user_1,940,950,
16568,90,5200001,0,user_5,946,950,16457
16598,50,5200001,0,user_23,946,949,16457
16587,88,5200001,0,user_14,946,950,16457
16589,91,5200001,0,user_15,946,950,16457
16591,89,5200001,0,user_16,946,950,16457
16264,86,5200001,0,user_18,944,950,15511
16443,87,5200001,0,user_24,945,950,15511
15526,95,5200001,0,user_12,940,950,15511
15532,98,5200001,0,user_19,940,950,15511
15517,97,5200001,0,user_6,940,950,15511
15530,96,5200001,0,user_15,940,950,15511
15537,99,5200001,0,user_26,940,950,15511
15654,94,5200001,0,user_18,941,950,15511
15866,93,5200001,0,user_10,942,950,15511
16263,85,5200001,0,user_17,944,950,15511
15645,64,5200001,0,user_13,941,949,15511
16299,65,5200000,0,user_48,944,949,
15903,66,5200000,0,user_45,942,949,
16087,67,5200000,0,user_28,943,949,
16569,77,5199999,0,user_5,946,949,16457
16581,74,5199999,0,user_12,946,949,16457
16571,68,5199999,0,user_7,946,949,16457
16570,70,5199999,0,user_6,946,949,16457
16599,72,5199999,0,user_26,946,949,16457
16577,73,5199999,0,user_9,946,949,16457
16585,69,5199999,0,user_14,946,949,16457
16590,71,5199999,0,user_15,946,949,16457
16563,75,5199999,0,user_1,946,949,16457
16566,76,5199999,0,user_1,946,949,16457
16243,87,5199999,0,user_9,944,949,15511
15519,84,5199999,0,user_7,940,949,15511
15520,85,5199999,0,user_7,940,949,15511
15527,83,5199999,0,user_12,940,949,15511
15533,80,5199999,0,user_19,940,949,15511
15518,81,5199999,0,user_6,940,949,15511
15531,86,5199999,0,user_15,940,949,15511
15534,82,5199999,0,user_22,940,949,15511
15651,78,5199999,0,user_18,941,949,15511
15863,79,5199999,0,user_10,942,949,15511
15641,88,5199999,0,user_11,941,949,15511
15647,89,5199999,0,user_14,941,949,15511
16600,90,5000000,0,user_28,946,949,
15895,91,5000000,0,user_36,942,949,
15665,96,4500000,0,user_31,941,949,
16101,97,4500000,0,user_37,943,949,
16728,99,4200001,0,user_17,947,949,16609
16721,98,4200001,0,user_5,947,949,16609
16737,79,4200001,0,user_24,947,948,16609
16727,88,4199999,0,user_16,947,948,16609
16731,92,4199999,0,user_18,947,948,16609
16720,89,4199999,0,user_2,947,948,16609
16732,90,4199999,0,user_19,947,948,16609
16733,91,4199999,0,user_19,947,948,16609
16736,93,4199999,0,user_23,947,948,16609
16738,95,4199999,0,user_26,947,948,16609
16751,77,3600000,0,user_40,947,947,
15666,78,3600000,0,user_32,941,947,
15664,79,3500000,0,user_31,941,947,
16596,80,3200001,0,user_22,946,947,15543
16730,81,3200001,0,user_17,947,947,15543
16410,82,3200001,0,user_1,945,947,15543
15629,83,3200001,0,user_1,941,947,15543
15632,84,3200001,0,user_5,941,947,15543
15859,85,3200001,0,user_5,942,947,15543
15865,86,3200001,0,user_10,942,947,15543
16077,87,3200001,0,user_16,943,947,15543
16235,88,3200001,0,user_2,944,947,15543
16229,89,3200001,0,user_0,944,947,15543
15634,90,3200001,0,user_7,941,947,15543
15636,91,3200001,0,user_7,941,947,15543
15643,92,3200001,0,user_11,941,947,15543
15633,93,3200001,0,user_6,941,947,15543
15854,94,3200001,0,user_1,942,947,15543
16245,95,3200001,0,user_11,944,947,15543
16259,96,3200001,0,user_16,944,947,15543
16453,97,3200000,0,user_34,945,947,
16301,98,3200000,0,user_48,944,947,
16433,99,3199999,0,user_18,945,947,15543
15902,6,43000000,0,user_45,942,959,
15679,9,43000000,0,user_47,941,959,
17008,2,30000001,0,builder_15,948,948,16613
16613,11,30000000,769000,user_45,946,959,
16719,41,30000001,0,user_0,947,959,16613
16468,59,30000000,0,user_43,945,959,
16603,60,30000000,0,user_31,946,959,
16292,58,30000000,0,user_42,944,959,
16873,86,29999999,0,user_7,948,959,16613
16874,87,29999999,0,user_8,948,959,16613
16902,90,27000000,779000,user_36,948,959,
17009,11,26999999,0,builder_15,948,948,16902
16112,94,27000000,0,user_46,943,952,
17010,13,3200001,0,builder_15,948,948,15543
15543,86,3200000,17700000,user_39,940,951,
16903,87,19000000,0,user_37,948,951,
17011,16,6300001,0,builder_15,948,948,16282
16282,91,6300000,5630,user_32,944,951,
16445,92,6300000,0,user_28,945,951,
15676,93,6300000,0,user_45,941,951,
15677,94,6300000,0,user_45,941,951,
15900,96,6100000,0,user_40,942,951,
16111,97,6100000,0,user_45,943,951,
17012,23,5200001,0,builder_15,948,948,16457
16457,99,5200000,215000,user_37,945,951,
17013,25,5200001,0,builder_15,948,948,15511
15511,84,5200000,181000,user_1,940,950,
16587,88,5200001,0,user_14,946,950,16457
16591,89,5200001,0,user_16,946,950,16457
16568,90,5200001,0,user_5,946,950,16457
16598,50,5200001,0,user_23,946,949,16457
16589,91,5200001,0,user_15,946,950,16457
16584,92,5200001,0,user_13,946,950,16457
16264,86,5200001,0,user_18,944,950,15511
16443,87,5200001,0,user_24,945,950,15511
16263,85,5200001,0,user_17,944,950,15511
15526,95,5200001,0,user_12,940,950,15511
15532,98,5200001,0,user_19,940,950,15511
15517,97,5200001,0,user_6,940,950,15511
15530,96,5200001,0,user_15,940,950,15511
15537,99,5200001,0,user_26,940,950,15511
15654,94,5200001,0,user_18,941,950,15511
15866,93,5200001,0,user_10,942,950,15511
15645,64,5200001,0,user_13,941,949,15511
16299,65,5200000,0,user_48,944,949,
15903,66,5200000,0,user_45,942,949,
16087,67,5200000,0,user_28,943,949,
16585,69,5199999,0,user_14,946,949,16457
16563,75,5199999,0,user_1,946,949,16457
16566,76,5199999,0,user_1,946,949,16457
16571,68,5199999,0,user_7,946,949,16457
16569,77,5199999,0,user_5,946,949,16457
16581,74,5199999,0,user_12,946,949,16457
16570,70,5199999,0,user_6,946,949,16457
16590,71,5199999,0,user_15,946,949,16457
16599,72,5199999,0,user_26,946,949,16457
16243,87,5199999,0,user_9,944,949,15511
16577,73,5199999,0,user_9,946,949,16457
15519,84,5199999,0,user_7,940,949,15511
15520,85,5199999,0,user_7,940,949,15511
15527,83,5199999,0,user_12,940,949,15511
15533,80,5199999,0,user_19,940,949,15511
15518,81,5199999,0,user_6,940,949,15511
15531,86,5199999,0,user_15,940,949,15511
15534,82,5199999,0,user_22,940,949,15511
15651,78,5199999,0,user_18,941,949,15511
15863,79,5199999,0,user_10,942,949,15511
15641,88,5199999,0,user_11,941,949,15511
15647,89,5199999,0,user_14,941,949,15511
16600,90,5000000,0,user_28,946,949,
15895,91,5000000,0,user_36,942,949,
16911,93,630000,4320000,user_48,948,949,
17014,72,629999,0,builder_15,948,948,16911
17015,73,4200001,0,builder_15,948,948,16609
16609,94,4200000,410000,user_39,946,949,
15665,96,4500000,0,user_31,941,949,
16101,97,4500000,0,user_37,943,949,
16728,99,4200001,0,user_17,947,949,16609
16721,98,4200001,0,user_5,947,949,16609
16737,79,4200001,0,user_24,947,948,16609
16734,80,4200001,0,user_20,947,948,16609
16880,81,4200001,0,user_11,948,948,16609
16870,82,4200001,0,user_2,948,948,16609
16881,83,4200001,0,user_14,948,948,16609
16885,84,4200001,0,user_18,948,948,16609
16886,85,4200001,0,user_18,948,948,16609
16872,86,4200001,0,user_5,948,948,16609
16876,87,4200001,0,user_8,948,948,16609
16727,88,4199999,0,user_16,947,948,16609
16720,89,4199999,0,user_2,947,948,16609
16732,90,4199999,0,user_19,947,948,16609
16733,91,4199999,0,user_19,947,948,16609
16731,92,4199999,0,user_18,947,948,16609
16736,93,4199999,0,user_23,947,948,16609
16735,94,4199999,0,user_21,947,948,16609
16738,95,4199999,0,user_26,947,948,16609
16879,96,4199999,0,user_11,948,948,16609
16871,97,4199999,0,user_3,948,948,16609
16888,98,4199999,0,user_23,948,948,16609
16877,99,4199999,0,user_9,948,948,16609
16896,8,43000000,0,user_29,948,959,
15902,6,43000000,0,user_45,942,959,
15679,9,43000000,0,user_47,941,959,
16613,11,30000000,769000,user_45,946,959,
17207,4,29999999,0,builder_15,949,949,16613
16719,41,30000001,0,user_0,947,959,16613
17054,44,30000001,0,user_17,949,959,16613
17056,45,30000001,0,user_18,949,959,16613
17059,46,30000001,0,user_18,949,959,16613
17060,47,30000001,0,user_18,949,959,16613
17064,16,30000001,0,user_21,949,959,16613
17069,48,30000001,0,user_25,949,959,16613
17061,15,30000001,0,user_19,949,959,16613
17053,43,30000001,0,user_15,949,959,16613
17070,49,30000001,0,user_26,949,959,16613
16603,60,30000000,0,user_31,946,959,
16292,58,30000000,0,user_42,944,959,
16468,59,30000000,0,user_43,945,959,
16874,87,29999999,0,user_8,948,959,16613
16873,86,29999999,0,user_7,948,959,16613
17050,88,29999999,0,user_13,949,959,16613
17055,81,29999999,0,user_17,949,959,16613
17063,62,29999999,0,user_21,949,959,16613
17066,82,29999999,0,user_23,949,959,16613
16902,90,27000000,779000,user_36,948,959,
17208,25,26999999,0,builder_15,949,949,16902
17051,91,27000001,0,user_14,949,959,16902
16112,94,27000000,0,user_46,943,952,
17043,82,26999999,0,user_4,949,951,16902
17044,79,26999999,0,user_5,949,951,16902
17046,81,26999999,0,user_7,949,951,16902
17058,83,26999999,0,user_18,949,951,16902
17052,80,26999999,0,user_14,949,951,16902
15543,86,3200000,17700000,user_39,940,951,
17209,34,3199999,0,builder_15,949,949,15543
16903,87,19000000,0,user_37,948,951,
16282,91,6300000,5630,user_32,944,951,
17210,37,6299999,0,builder_15,949,949,16282
16912,95,6300000,0,user_49,948,951,
16445,92,6300000,0,user_28,945,951,
15676,93,6300000,0,user_45,941,951,
15677,94,6300000,0,user_45,941,951,
15900,96,6100000,0,user_40,942,951,
16111,97,6100000,0,user_45,943,951,
16457,99,5200000,215000,user_37,945,951,
17211,45,5199999,0,builder_15,949,949,16457
17212,46,5200001,0,builder_15,949,949,15511
15511,84,5200000,181000,user_1,940,950,
16587,88,5200001,0,user_14,946,950,16457
16591,89,5200001,0,user_16,946,950,16457
16598,50,5200001,0,user_23,946,949,16457
16589,91,5200001,0,user_15,946,950,16457
16568,90,5200001,0,user_5,946,950,16457
16584,92,5200001,0,user_13,946,950,16457
16263,85,5200001,0,user_17,944,950,15511
16264,86,5200001,0,user_18,944,950,15511
16443,87,5200001,0,user_24,945,950,15511
15654,94,5200001,0,user_18,941,950,15511
15866,93,5200001,0,user_10,942,950,15511
15532,98,5200001,0,user_19,940,950,15511
15517,97,5200001,0,user_6,940,950,15511
15537,99,5200001,0,user_26,940,950,15511
15526,95,5200001,0,user_12,940,950,15511
15530,96,5200001,0,user_15,940,950,15511
15645,64,5200001,0,user_13,941,949,15511
16299,65,5200000,0,user_48,944,949,
15903,66,5200000,0,user_45,942,949,
16087,67,5200000,0,user_28,943,949,
16571,68,5199999,0,user_7,946,949,16457
16585,69,5199999,0,user_14,946,949,16457
16570,70,5199999,0,user_6,946,949,16457
16590,71,5199999,0,user_15,946,949,16457
16599,72,5199999,0,user_26,946,949,16457
16577,73,5199999,0,user_9,946,949,16457
16581,74,5199999,0,user_12,946,949,16457
16563,75,5199999,0,user_1,946,949,16457
16566,76,5199999,0,user_1,946,949,16457
16569,77,5199999,0,user_5,946,949,16457
15651,78,5199999,0,user_18,941,949,15511
15863,79,5199999,0,user_10,942,949,15511
15533,80,5199999,0,user_19,940,949,15511
15518,81,5199999,0,user_6,940,949,15511
15534,82,5199999,0,user_22,940,949,15511
15527,83,5199999,0,user_12,940,949,15511
15519,84,5199999,0,user_7,940,949,15511
15520,85,5199999,0,user_7,940,949,15511
15531,86,5199999,0,user_15,940,949,15511
16243,87,5199999,0,user_9,944,949,15511
15641,88,5199999,0,user_11,941,949,15511
15647,89,5199999,0,user_14,941,949,15511
16600,90,5000000,0,user_28,946,949,
15895,91,5000000,0,user_36,942,949,
17213,92,630001,0,builder_15,949,949,16911
16911,93,630000,4320000,user_48,948,949,
16609,94,4200000,410000,user_39,946,949,
17214,95,4199999,0,builder_15,949,949,16609
15665,96,4500000,0,user_31,941,949,
16101,97,4500000,0,user_37,943,949,
16721,98,4200001,0,user_5,947,949,16609
16728,99,4200001,0,user_17,947,949,16609
17398,0,43000001,0,builder_15,950,950,17076
17076,0,43000000,545000,user_38,949,959,
16896,8,43000000,0,user_29,948,959,
17300,4,43000000,0,user_48,950,959,
15902,6,43000000,0,user_45,942,959,
15679,9,43000000,0,user_47,941,959,
17399,6,30000001,0,builder_15,950,950,16613
16613,11,30000000,769000,user_45,946,959,
17054,44,30000001,0,user_17,949,959,16613
17061,15,30000001,0,user_19,949,959,16613
17056,45,30000001,0,user_18,949,959,16613
17059,46,30000001,0,user_18,949,959,16613
17060,47,30000001,0,user_18,949,959,16613
17062,42,30000001,0,user_20,949,959,16613
17053,43,30000001,0,user_15,949,959,16613
17064,16,30000001,0,user_21,949,959,16613
17069,48,30000001,0,user_25,949,959,16613
17070,49,30000001,0,user_26,949,959,16613
17261,32,30000001,0,user_11,950,959,16613
17239,28,30000001,0,user_0,950,959,16613
17240,14,30000001,0,user_1,950,959,16613
17247,29,30000001,0,user_4,950,959,16613
17262,30,30000001,0,user_12,950,959,16613
17265,31,30000001,0,user_12,950,959,16613
17241,34,30000001,0,user_2,950,959,16613
17242,35,30000001,0,user_2,950,959,16613
17268,50,30000001,0,user_13,950,959,16613
17269,51,30000001,0,user_13,950,959,16613
17271,52,30000001,0,user_13,950,959,16613
17275,33,30000001,0,user_18,950,959,16613
17244,36,30000001,0,user_3,950,959,16613
17245,37,30000001,0,user_3,950,959,16613
17276,53,30000001,0,user_19,950,959,16613
17277,54,30000001,0,user_19,950,959,16613
16719,41,30000001,0,user_0,947,959,16613
17256,40,30000001,0,user_9,950,959,16613
17283,38,30000001,0,user_26,950,959,16613
16292,58,30000000,0,user_42,944,959,
16468,59,30000000,0,user_43,945,959,
16603,60,30000000,0,user_31,946,959,
16874,87,29999999,0,user_8,948,959,16613
16873,86,29999999,0,user_7,948,959,16613
17050,88,29999999,0,user_13,949,959,16613
17055,81,29999999,0,user_17,949,959,16613
17066,82,29999999,0,user_23,949,959,16613
17063,62,29999999,0,user_21,949,959,16613
17249,68,29999999,0,user_5,950,959,16613
17266,70,29999999,0,user_12,950,959,16613
17267,83,29999999,0,user_13,950,959,16613
17270,84,29999999,0,user_13,950,959,16613
17273,71,29999999,0,user_16,950,959,16613
17274,72,29999999,0,user_16,950,959,16613
17253,61,29999999,0,user_7,950,959,16613
17255,73,29999999,0,user_8,950,959,16613
17258,78,29999999,0,user_10,950,959,16613
17259,79,29999999,0,user_10,950,959,16613
17280,74,29999999,0,user_23,950,959,16613
17272,77,29999999,0,user_15,950,959,16613
17279,75,29999999,0,user_22,950,959,16613
17282,76,29999999,0,user_26,950,959,16613
16902,90,27000000,779000,user_36,948,959,
17400,61,26999999,0,builder_15,950,950,16902
17051,91,27000001,0,user_14,949,959,16902
16112,94,27000000,0,user_46,943,952,
17043,82,26999999,0,user_4,949,951,16902
17052,80,26999999,0,user_14,949,951,16902
17046,81,26999999,0,user_7,949,951,16902
17044,79,26999999,0,user_5,949,951,16902
17058,83,26999999,0,user_18,949,951,16902
17257,77,26999999,0,user_10,950,951,16902
15543,86,3200000,17700000,user_39,940,951,
17401,71,3199999,0,builder_15,950,950,15543
16903,87,19000000,0,user_37,948,951,
17402,73,6300001,0,builder_15,950,950,16282
16282,91,6300000,5630,user_32,944,951,
16912,95,6300000,0,user_49,948,951,
16445,92,6300000,0,user_28,945,951,
15676,93,6300000,0,user_45,941,951,
15677,94,6300000,0,user_45,941,951,
15900,96,6100000,0,user_40,942,951,
16111,97,6100000,0,user_45,943,951,
17403,81,5200001,0,builder_15,950,950,16457
16457,99,5200000,215000,user_37,945,951,
17404,83,5200001,0,builder_15,950,950,15511
15511,84,5200000,181000,user_1,940,950,
16263,85,5200001,0,user_17,944,950,15511
16264,86,5200001,0,user_18,944,950,15511
16443,87,5200001,0,user_24,945,950,15511
16587,88,5200001,0,user_14,946,950,16457
16591,89,5200001,0,user_16,946,950,16457
16568,90,5200001,0,user_5,946,950,16457
16589,91,5200001,0,user_15,946,950,16457
16584,92,5200001,0,user_13,946,950,16457
15866,93,5200001,0,user_10,942,950,15511
15654,94,5200001,0,user_18,941,950,15511
15526,95,5200001,0,user_12,940,950,15511
15530,96,5200001,0,user_15,940,950,15511
15517,97,5200001,0,user_6,940,950,15511
15532,98,5200001,0,user_19,940,950,15511
15537,99,5200001,0,user_26,940,950,15511
17576,0,43000001,0,builder_15,951,951,17076
17076,0,43000000,545000,user_38,949,959,
17300,4,43000000,0,user_48,950,959,
15902,6,43000000,0,user_45,942,959,
15679,9,43000000,0,user_47,941,959,
16896,8,43000000,0,user_29,948,959,
16613,11,30000000,769000,user_45,946,959,
17577,7,29999999,0,builder_15,951,951,16613
17240,14,30000001,0,user_1,950,959,16613
17241,34,30000001,0,user_2,950,959,16613
17242,35,30000001,0,user_2,950,959,16613
17247,29,30000001,0,user_4,950,959,16613
17239,28,30000001,0,user_0,950,959,16613
17262,30,30000001,0,user_12,950,959,16613
17265,31,30000001,0,user_12,950,959,16613
17276,53,30000001,0,user_19,950,959,16613
17277,54,30000001,0,user_19,950,959,16613
17275,33,30000001,0,user_18,950,959,16613
17278,39,30000001,0,user_20,950,959,16613
17244,36,30000001,0,user_3,950,959,16613
17245,37,30000001,0,user_3,950,959,16613
17283,38,30000001,0,user_26,950,959,16613
17435,20,30000001,0,user_11,951,959,16613
17436,21,30000001,0,user_11,951,959,16613
17261,32,30000001,0,user_11,950,959,16613
17256,40,30000001,0,user_9,950,959,16613
17427,17,30000001,0,user_2,951,959,16613
17428,18,30000001,0,user_2,951,959,16613
17429,19,30000001,0,user_2,951,959,16613
17438,22,30000001,0,user_13,951,959,16613
17069,48,30000001,0,user_25,949,959,16613
17434,24,30000001,0,user_7,951,959,16613
17448,25,30000001,0,user_21,951,959,16613
17452,26,30000001,0,user_25,951,959,16613
17053,43,30000001,0,user_15,949,959,16613
17061,15,30000001,0,user_19,949,959,16613
17070,49,30000001,0,user_26,949,959,16613
17064,16,30000001,0,user_21,949,959,16613
17054,44,30000001,0,user_17,949,959,16613
17056,45,30000001,0,user_18,949,959,16613
17059,46,30000001,0,user_18,949,959,16613
17060,47,30000001,0,user_18,949,959,16613
17062,42,30000001,0,user_20,949,959,16613
17444,23,30000001,0,user_17,951,959,16613
16719,41,30000001,0,user_0,947,959,16613
17440,27,30000001,0,user_15,951,959,16613
16292,58,30000000,0,user_42,944,959,
16468,59,30000000,0,user_43,945,959,
16603,60,30000000,0,user_31,946,959,
17273,71,29999999,0,user_16,950,959,16613
17274,72,29999999,0,user_16,950,959,16613
17253,61,29999999,0,user_7,950,959,16613
17249,68,29999999,0,user_5,950,959,16613
17266,70,29999999,0,user_12,950,959,16613
17258,78,29999999,0,user_10,950,959,16613
17259,79,29999999,0,user_10,950,959,16613
17255,73,29999999,0,user_8,950,959,16613
17280,74,29999999,0,user_23,950,959,16613
17272,77,29999999,0,user_15,950,959,16613
17279,75,29999999,0,user_22,950,959,16613
17282,76,29999999,0,user_26,950,959,16613
17426,63,29999999,0,user_0,951,959,16613
17050,88,29999999,0,user_13,949,959,16613
17431,65,29999999,0,user_3,951,959,16613
17442,66,29999999,0,user_16,951,959,16613
17443,67,29999999,0,user_16,951,959,16613
17445,80,29999999,0,user_19,951,959,16613
17066,82,29999999,0,user_23,949,959,16613
17063,62,29999999,0,user_21,949,959,16613
17055,81,29999999,0,user_17,949,959,16613
16874,87,29999999,0,user_8,948,959,16613
16873,86,29999999,0,user_7,948,959,16613
17449,64,29999999,0,user_22,951,959,16613
16902,90,27000000,779000,user_36,948,959,
17578,74,26999999,0,builder_15,951,951,16902
17051,91,27000001,0,user_14,949,959,16902
16112,94,27000000,0,user_46,943,952,
17257,77,26999999,0,user_10,950,951,16902
17430,95,26999999,0,user_2,951,952,16902
17044,79,26999999,0,user_5,949,951,16902
17052,80,26999999,0,user_14,949,951,16902
17046,81,26999999,0,user_7,949,951,16902
17043,82,26999999,0,user_4,949,951,16902
17058,83,26999999,0,user_18,949,951,16902
17441,97,26999999,0,user_15,951,952,16902
17579,85,3200001,0,builder_15,951,951,15543
15543,86,3200000,17700000,user_39,940,951,
16903,87,19000000,0,user_37,948,951,
17580,88,870001,0,builder_15,951,951,17462
17462,89,870000,7190000,user_36,951,951,
17581,90,6300001,0,builder_15,951,951,16282
16282,91,6300000,5630,user_32,944,951,
16445,92,6300000,0,user_28,945,951,
15676,93,6300000,0,user_45,941,951,
15677,94,6300000,0,user_45,941,951,
16912,95,6300000,0,user_49,948,951,
15900,96,6100000,0,user_40,942,951,
16111,97,6100000,0,user_45,943,951,
17582,98,5200001,0,builder_15,951,951,16457
16457,99,5200000,215000,user_37,945,951,
17076,0,43000000,545000,user_38,949,959,
17714,1,42999999,0,builder_15,952,952,17076
17300,4,43000000,0,user_48,950,959,
15902,6,43000000,0,user_45,942,959,
15679,9,43000000,0,user_47,941,959,
16896,8,43000000,0,user_29,948,959,
17648,5,43000000,0,user_44,952,959,
16613,11,30000000,769000,user_45,946,959,
17715,8,29999999,0,builder_15,952,952,16613
17427,17,30000001,0,user_2,951,959,16613
17428,18,30000001,0,user_2,951,959,16613
17429,19,30000001,0,user_2,951,959,16613
17438,22,30000001,0,user_13,951,959,16613
17444,23,30000001,0,user_17,951,959,16613
17434,24,30000001,0,user_7,951,959,16613
17261,32,30000001,0,user_11,950,959,16613
17440,27,30000001,0,user_15,951,959,16613
17448,25,30000001,0,user_21,951,959,16613
17452,26,30000001,0,user_25,951,959,16613
17435,20,30000001,0,user_11,951,959,16613
17436,21,30000001,0,user_11,951,959,16613
17268,50,30000001,0,user_13,950,959,16613
17269,51,30000001,0,user_13,950,959,16613
17271,52,30000001,0,user_13,950,959,16613
17056,45,30000001,0,user_18,949,959,16613
17059,46,30000001,0,user_18,949,959,16613
17060,47,30000001,0,user_18,949,959,16613
17061,15,30000001,0,user_19,949,959,16613
17053,43,30000001,0,user_15,949,959,16613
17070,49,30000001,0,user_26,949,959,16613
17240,14,30000001,0,user_1,950,959,16613
17241,34,30000001,0,user_2,950,959,16613
17242,35,30000001,0,user_2,950,959,16613
17247,29,30000001,0,user_4,950,959,16613
17275,33,30000001,0,user_18,950,959,16613
17054,44,30000001,0,user_17,949,959,16613
17239,28,30000001,0,user_0,950,959,16613
17262,30,30000001,0,user_12,950,959,16613
17265,31,30000001,0,user_12,950,959,16613
17276,53,30000001,0,user_19,950,959,16613
17277,54,30000001,0,user_19,950,959,16613
17244,36,30000001,0,user_3,950,959,16613
17245,37,30000001,0,user_3,950,959,16613
17283,38,30000001,0,user_26,950,959,16613
17256,40,30000001,0,user_9,950,959,16613
17062,42,30000001,0,user_20,949,959,16613
17278,39,30000001,0,user_20,950,959,16613
17069,48,30000001,0,user_25,949,959,16613
17064,16,30000001,0,user_21,949,959,16613
16719,41,30000001,0,user_0,947,959,16613
16292,58,30000000,0,user_42,944,959,
16468,59,30000000,0,user_43,945,959,
16603,60,30000000,0,user_31,946,959,
17431,65,29999999,0,user_3,951,959,16613
17442,66,29999999,0,user_16,951,959,16613
17443,67,29999999,0,user_16,951,959,16613
17426,63,29999999,0,user_0,951,959,16613
17445,80,29999999,0,user_19,951,959,16613
17446,69,29999999,0,user_20,951,959,16613
17449,64,29999999,0,user_22,951,959,16613
17267,83,29999999,0,user_13,950,959,16613
17270,84,29999999,0,user_13,950,959,16613
17607,85,29999999,0,user_8,952,959,16613
17066,82,29999999,0,user_23,949,959,16613
17273,71,29999999,0,user_16,950,959,16613
17274,72,29999999,0,user_16,950,959,16613
17253,61,29999999,0,user_7,950,959,16613
17055,81,29999999,0,user_17,949,959,16613
17258,78,29999999,0,user_10,950,959,16613
17259,79,29999999,0,user_10,950,959,16613
17249,68,29999999,0,user_5,950,959,16613
17266,70,29999999,0,user_12,950,959,16613
17255,73,29999999,0,user_8,950,959,16613
17280,74,29999999,0,user_23,950,959,16613
17272,77,29999999,0,user_15,950,959,16613
17279,75,29999999,0,user_22,950,959,16613
17282,76,29999999,0,user_26,950,959,16613
17063,62,29999999,0,user_21,949,959,16613
16873,86,29999999,0,user_7,948,959,16613
16874,87,29999999,0,user_8,948,959,16613
17050,88,29999999,0,user_13,949,959,16613
16902,90,27000000,779000,user_36,948,959,
17716,82,26999999,0,builder_15,952,952,16902
17612,94,27000001,0,user_13,952,959,16902
17601,95,27000001,0,user_1,952,959,16902
17602,96,27000001,0,user_1,952,959,16902
17615,98,27000001,0,user_21,952,959,16902
17623,97,27000001,0,user_25,952,957,16902
17051,91,27000001,0,user_14,949,959,16902
17610,93,27000001,0,user_10,952,959,16902
17609,97,27000001,0,user_9,952,958,16902
17614,97,27000001,0,user_15,952,959,16902
17618,99,27000001,0,user_22,952,959,16902
17624,98,27000001,0,user_26,952,957,16902
16112,94,27000000,0,user_46,943,952,
17430,95,26999999,0,user_2,951,952,16902
17447,96,26999999,0,user_20,951,952,16902
17441,97,26999999,0,user_15,951,952,16902
17611,98,26999999,0,user_11,952,952,16902
17606,99,26999999,0,user_7,952,952,16902
17076,0,43000000,545000,user_38,949,959,
17829,1,42999999,0,builder_15,953,953,17076
17648,5,43000000,0,user_44,952,959,
17652,7,43000000,0,user_49,952,959,
17300,4,43000000,0,user_48,950,959,
15902,6,43000000,0,user_45,942,959,
15679,9,43000000,0,user_47,941,959,
16896,8,43000000,0,user_29,948,959,
17830,8,30000001,0,builder_15,953,953,16613
16613,11,30000000,769000,user_45,946,959,
17427,17,30000001,0,user_2,951,959,16613
17428,18,30000001,0,user_2,951,959,16613
17429,19,30000001,0,user_2,951,959,16613
17434,24,30000001,0,user_7,951,959,16613
17435,20,30000001,0,user_11,951,959,16613
17436,21,30000001,0,user_11,951,959,16613
17448,25,30000001,0,user_21,951,959,16613
17438,22,30000001,0,user_13,951,959,16613
17444,23,30000001,0,user_17,951,959,16613
17262,30,30000001,0,user_12,950,959,16613
17265,31,30000001,0,user_12,950,959,16613
17440,27,30000001,0,user_15,951,959,16613
17452,26,30000001,0,user_25,951,959,16613
17061,15,30000001,0,user_19,949,959,16613
17240,14,30000001,0,user_1,950,959,16613
17241,34,30000001,0,user_2,950,959,16613
17242,35,30000001,0,user_2,950,959,16613
17244,36,30000001,0,user_3,950,959,16613
17245,37,30000001,0,user_3,950,959,16613
17275,33,30000001,0,user_18,950,959,16613
17247,29,30000001,0,user_4,950,959,16613
17278,39,30000001,0,user_20,950,959,16613
17283,38,30000001,0,user_26,950,959,16613
17256,40,30000001,0,user_9,950,959,16613
17276,53,30000001,0,user_19,950,959,16613
17277,54,30000001,0,user_19,950,959,16613
17064,16,30000001,0,user_21,949,959,16613
16719,41,30000001,0,user_0,947,959,16613
17053,43,30000001,0,user_15,949,959,16613
17054,44,30000001,0,user_17,949,959,16613
17056,45,30000001,0,user_18,949,959,16613
17059,46,30000001,0,user_18,949,959,16613
17060,47,30000001,0,user_18,949,959,16613
17069,48,30000001,0,user_25,949,959,16613
17070,49,30000001,0,user_26,949,959,16613
17062,42,30000001,0,user_20,949,959,16613
17239,28,30000001,0,user_0,950,959,16613
17261,32,30000001,0,user_11,950,959,16613
17268,50,30000001,0,user_13,950,959,16613
17269,51,30000001,0,user_13,950,959,16613
17271,52,30000001,0,user_13,950,959,16613
16468,59,30000000,0,user_43,945,959,
16292,58,30000000,0,user_42,944,959,
16603,60,30000000,0,user_31,946,959,
17445,80,29999999,0,user_19,951,959,16613
17431,65,29999999,0,user_3,951,959,16613
17442,66,29999999,0,user_16,951,959,16613
17443,67,29999999,0,user_16,951,959,16613
17266,70,29999999,0,user_12,950,959,16613
17449,64,29999999,0,user_22,951,959,16613
17446,69,29999999,0,user_20,951,959,16613
17607,85,29999999,0,user_8,952,959,16613
17426,63,29999999,0,user_0,951,959,16613
17273,71,29999999,0,user_16,950,959,16613
17274,72,29999999,0,user_16,950,959,16613
17280,74,29999999,0,user_23,950,959,16613
17272,77,29999999,0,user_15,950,959,16613
17253,61,29999999,0,user_7,950,959,16613
17258,78,29999999,0,user_10,950,959,16613
17259,79,29999999,0,user_10,950,959,16613
17249,68,29999999,0,user_5,950,959,16613
17255,73,29999999,0,user_8,950,959,16613
17279,75,29999999,0,user_22,950,959,16613
17282,76,29999999,0,user_26,950,959,16613
17063,62,29999999,0,user_21,949,959,16613
17055,81,29999999,0,user_17,949,959,16613
17066,82,29999999,0,user_23,949,959,16613
16873,86,29999999,0,user_7,948,959,16613
16874,87,29999999,0,user_8,948,959,16613
17050,88,29999999,0,user_13,949,959,16613
17267,83,29999999,0,user_13,950,959,16613
17270,84,29999999,0,user_13,950,959,16613
17831,82,27000001,0,builder_15,953,953,16902
16902,90,27000000,779000,user_36,948,959,
17601,95,27000001,0,user_1,952,959,16902
17602,96,27000001,0,user_1,952,959,16902
17615,98,27000001,0,user_21,952,959,16902
17610,93,27000001,0,user_10,952,959,16902
17614,97,27000001,0,user_15,952,959,16902
17618,99,27000001,0,user_22,952,959,16902
17623,97,27000001,0,user_25,952,957,16902
17624,98,27000001,0,user_26,952,957,16902
17609,97,27000001,0,user_9,952,958,16902
17740,90,27000001,0,user_12,953,958,16902
17728,95,27000001,0,user_2,953,955,16902
17741,87,27000001,0,user_13,953,956,16902
17731,97,27000001,0,user_3,953,955,16902
17732,98,27000001,0,user_3,953,955,16902
17743,99,27000001,0,user_14,953,955,16902
17751,88,27000001,0,user_25,953,957,16902
17937,0,43000001,0,builder_15,954,954,17076
17076,0,43000000,545000,user_38,949,959,
17648,5,43000000,0,user_44,952,959,
17652,7,43000000,0,user_49,952,959,
17300,4,43000000,0,user_48,950,959,
15902,6,43000000,0,user_45,942,959,
16896,8,43000000,0,user_29,948,959,
15679,9,43000000,0,user_47,941,959,
17938,8,30000001,0,builder_15,954,954,16613
16613,11,30000000,769000,user_45,946,959,
17435,20,30000001,0,user_11,951,959,16613
17436,21,30000001,0,user_11,951,959,16613
17247,29,30000001,0,user_4,950,959,16613
17056,45,30000001,0,user_18,949,959,16613
17059,46,30000001,0,user_18,949,959,16613
17060,47,30000001,0,user_18,949,959,16613
17239,28,30000001,0,user_0,950,959,16613
17241,34,30000001,0,user_2,950,959,16613
17242,35,30000001,0,user_2,950,959,16613
17244,36,30000001,0,user_3,950,959,16613
17245,37,30000001,0,user_3,950,959,16613
17256,40,30000001,0,user_9,950,959,16613
17261,32,30000001,0,user_11,950,959,16613
17262,30,30000001,0,user_12,950,959,16613
17265,31,30000001,0,user_12,950,959,16613
17278,39,30000001,0,user_20,950,959,16613
17434,24,30000001,0,user_7,951,959,16613
17427,17,30000001,0,user_2,951,959,16613
17428,18,30000001,0,user_2,951,959,16613
17429,19,30000001,0,user_2,951,959,16613
17438,22,30000001,0,user_13,951,959,16613
17444,23,30000001,0,user_17,951,959,16613
17275,33,30000001,0,user_18,950,959,16613
17440,27,30000001,0,user_15,951,959,16613
17448,25,30000001,0,user_21,951,959,16613
17452,26,30000001,0,user_25,951,959,16613
17061,15,30000001,0,user_19,949,959,16613
17064,16,30000001,0,user_21,949,959,16613
17240,14,30000001,0,user_1,950,959,16613
17276,53,30000001,0,user_19,950,959,16613
17277,54,30000001,0,user_19,950,959,16613
17283,38,30000001,0,user_26,950,959,16613
16719,41,30000001,0,user_0,947,959,16613
17069,48,30000001,0,user_25,949,959,16613
17070,49,30000001,0,user_26,949,959,16613
17054,44,30000001,0,user_17,949,959,16613
17053,43,30000001,0,user_15,949,959,16613
17062,42,30000001,0,user_20,949,959,16613
17268,50,30000001,0,user_13,950,959,16613
17269,51,30000001,0,user_13,950,959,16613
17271,52,30000001,0,user_13,950,959,16613
16292,58,30000000,0,user_42,944,959,
16468,59,30000000,0,user_43,945,959,
16603,60,30000000,0,user_31,946,959,
17607,85,29999999,0,user_8,952,959,16613
17249,68,29999999,0,user_5,950,959,16613
17255,73,29999999,0,user_8,950,959,16613
17280,74,29999999,0,user_23,950,959,16613
17272,77,29999999,0,user_15,950,959,16613
17258,78,29999999,0,user_10,950,959,16613
17259,79,29999999,0,user_10,950,959,16613
17266,70,29999999,0,user_12,950,959,16613
17273,71,29999999,0,user_16,950,959,16613
17274,72,29999999,0,user_16,950,959,16613
17431,65,29999999,0,user_3,951,959,16613
17442,66,29999999,0,user_16,951,959,16613
17443,67,29999999,0,user_16,951,959,16613
17426,63,29999999,0,user_0,951,959,16613
17446,69,29999999,0,user_20,951,959,16613
17445,80,29999999,0,user_19,951,959,16613
17449,64,29999999,0,user_22,951,959,16613
17063,62,29999999,0,user_21,949,959,16613
17253,61,29999999,0,user_7,950,959,16613
17279,75,29999999,0,user_22,950,959,16613
17282,76,29999999,0,user_26,950,959,16613
17055,81,29999999,0,user_17,949,959,16613
17066,82,29999999,0,user_23,949,959,16613
16874,87,29999999,0,user_8,948,959,16613
16873,86,29999999,0,user_7,948,959,16613
17050,88,29999999,0,user_13,949,959,16613
17267,83,29999999,0,user_13,950,959,16613
17270,84,29999999,0,user_13,950,959,16613
17939,82,27000001,0,builder_15,954,954,16902
16902,90,27000000,779000,user_36,948,959,
17601,95,27000001,0,user_1,952,959,16902
17602,96,27000001,0,user_1,952,959,16902
17610,93,27000001,0,user_10,952,959,16902
17614,97,27000001,0,user_15,952,959,16902
17615,98,27000001,0,user_21,952,959,16902
17618,99,27000001,0,user_22,952,959,16902
17623,97,27000001,0,user_25,952,957,16902
17624,98,27000001,0,user_26,952,957,16902
17728,95,27000001,0,user_2,953,955,16902
17731,97,27000001,0,user_3,953,955,16902
17732,98,27000001,0,user_3,953,955,16902
17743,99,27000001,0,user_14,953,955,16902
17741,87,27000001,0,user_13,953,956,16902
17740,90,27000001,0,user_12,953,958,16902
17739,92,27000001,0,user_9,953,959,16902
17612,94,27000001,0,user_13,952,959,16902
17076,0,43000000,545000,user_38,949,959,
18053,1,42999999,0,builder_15,955,955,17076
17996,3,43000000,0,user_47,955,959,
17300,4,43000000,0,user_48,950,959,
17648,5,43000000,0,user_44,952,959,
17652,7,43000000,0,user_49,952,959,
15902,6,43000000,0,user_45,942,959,
16896,8,43000000,0,user_29,948,959,
15679,9,43000000,0,user_47,941,959,
18054,9,30000001,0,builder_15,955,955,16613
16613,11,30000000,769000,user_45,946,959,
17247,29,30000001,0,user_4,950,959,16613
17056,45,30000001,0,user_18,949,959,16613
17059,46,30000001,0,user_18,949,959,16613
17060,47,30000001,0,user_18,949,959,16613
17239,28,30000001,0,user_0,950,959,16613
17241,34,30000001,0,user_2,950,959,16613
17242,35,30000001,0,user_2,950,959,16613
17244,36,30000001,0,user_3,950,959,16613
17245,37,30000001,0,user_3,950,959,16613
17256,40,30000001,0,user_9,950,959,16613
17261,32,30000001,0,user_11,950,959,16613
17262,30,30000001,0,user_12,950,959,16613
17265,31,30000001,0,user_12,950,959,16613
17268,50,30000001,0,user_13,950,959,16613
17269,51,30000001,0,user_13,950,959,16613
17271,52,30000001,0,user_13,950,959,16613
17276,53,30000001,0,user_19,950,959,16613
17277,54,30000001,0,user_19,950,959,16613
17283,38,30000001,0,user_26,950,959,16613
17434,24,30000001,0,user_7,951,959,16613
17435,20,30000001,0,user_11,951,959,16613
17436,21,30000001,0,user_11,951,959,16613
17427,17,30000001,0,user_2,951,959,16613
17428,18,30000001,0,user_2,951,959,16613
17429,19,30000001,0,user_2,951,959,16613
17438,22,30000001,0,user_13,951,959,16613
17444,23,30000001,0,user_17,951,959,16613
17275,33,30000001,0,user_18,950,959,16613
17440,27,30000001,0,user_15,951,959,16613
17278,39,30000001,0,user_20,950,959,16613
17448,25,30000001,0,user_21,951,959,16613
17452,26,30000001,0,user_25,951,959,16613
17240,14,30000001,0,user_1,950,959,16613
17061,15,30000001,0,user_19,949,959,16613
17064,16,30000001,0,user_21,949,959,16613
16719,41,30000001,0,user_0,947,959,16613
17062,42,30000001,0,user_20,949,959,16613
17053,43,30000001,0,user_15,949,959,16613
17054,44,30000001,0,user_17,949,959,16613
17069,48,30000001,0,user_25,949,959,16613
17070,49,30000001,0,user_26,949,959,16613
16292,58,30000000,0,user_42,944,959,
16468,59,30000000,0,user_43,945,959,
16603,60,30000000,0,user_31,946,959,
17249,68,29999999,0,user_5,950,959,16613
17255,73,29999999,0,user_8,950,959,16613
17280,74,29999999,0,user_23,950,959,16613
17272,77,29999999,0,user_15,950,959,16613
17258,78,29999999,0,user_10,950,959,16613
17259,79,29999999,0,user_10,950,959,16613
17266,70,29999999,0,user_12,950,959,16613
17273,71,29999999,0,user_16,950,959,16613
17274,72,29999999,0,user_16,950,959,16613
17267,83,29999999,0,user_13,950,959,16613
17270,84,29999999,0,user_13,950,959,16613
17279,75,29999999,0,user_22,950,959,16613
17282,76,29999999,0,user_26,950,959,16613
17431,65,29999999,0,user_3,951,959,16613
17442,66,29999999,0,user_16,951,959,16613
17443,67,29999999,0,user_16,951,959,16613
17426,63,29999999,0,user_0,951,959,16613
17445,80,29999999,0,user_19,951,959,16613
17449,64,29999999,0,user_22,951,959,16613
17607,85,29999999,0,user_8,952,959,16613
17446,69,29999999,0,user_20,951,959,16613
17253,61,29999999,0,user_7,950,959,16613
17063,62,29999999,0,user_21,949,959,16613
17055,81,29999999,0,user_17,949,959,16613
17066,82,29999999,0,user_23,949,959,16613
16873,86,29999999,0,user_7,948,959,16613
16874,87,29999999,0,user_8,948,959,16613
17050,88,29999999,0,user_13,949,959,16613
18055,83,27000001,0,builder_15,955,955,16902
16902,90,27000000,779000,user_36,948,959,
17740,90,27000001,0,user_12,953,958,16902
17739,92,27000001,0,user_9,953,959,16902
17601,95,27000001,0,user_1,952,959,16902
17602,96,27000001,0,user_1,952,959,16902
17609,97,27000001,0,user_9,952,958,16902
17614,97,27000001,0,user_15,952,959,16902
17610,93,27000001,0,user_10,952,959,16902
17612,94,27000001,0,user_13,952,959,16902
17618,99,27000001,0,user_22,952,959,16902
17624,98,27000001,0,user_26,952,957,16902
17728,95,27000001,0,user_2,953,955,16902
17741,87,27000001,0,user_13,953,956,16902
17731,97,27000001,0,user_3,953,955,16902
17732,98,27000001,0,user_3,953,955,16902
17743,99,27000001,0,user_14,953,955,16902
17076,0,43000000,545000,user_38,949,959,
18170,1,42999999,0,builder_15,956,956,17076
17996,3,43000000,0,user_47,955,959,
18097,2,43000000,0,user_30,956,959,
15902,6,43000000,0,user_45,942,959,
17300,4,43000000,0,user_48,950,959,
17648,5,43000000,0,user_44,952,959,
17652,7,43000000,0,user_49,952,959,
15679,9,43000000,0,user_47,941,959,
16896,8,43000000,0,user_29,948,959,
16613,11,30000000,769000,user_45,946,959,
18171,11,29999999,0,builder_15,956,956,16613
17240,14,30000001,0,user_1,950,959,16613
17064,16,30000001,0,user_21,949,959,16613
17061,15,30000001,0,user_19,949,959,16613
16719,41,30000001,0,user_0,947,959,16613
17062,42,30000001,0,user_20,949,959,16613
17053,43,30000001,0,user_15,949,959,16613
17069,48,30000001,0,user_25,949,959,16613
17070,49,30000001,0,user_26,949,959,16613
17054,44,30000001,0,user_17,949,959,16613
17056,45,30000001,0,user_18,949,959,16613
17059,46,30000001,0,user_18,949,959,16613
17060,47,30000001,0,user_18,949,959,16613
17247,29,30000001,0,user_4,950,959,16613
17241,34,30000001,0,user_2,950,959,16613
17242,35,30000001,0,user_2,950,959,16613
17244,36,30000001,0,user_3,950,959,16613
17245,37,30000001,0,user_3,950,959,16613
17239,28,30000001,0,user_0,950,959,16613
17262,30,30000001,0,user_12,950,959,16613
17265,31,30000001,0,user_12,950,959,16613
17278,39,30000001,0,user_20,950,959,16613
17256,40,30000001,0,user_9,950,959,16613
17275,33,30000001,0,user_18,950,959,16613
17261,32,30000001,0,user_11,950,959,16613
17268,50,30000001,0,user_13,950,959,16613
17269,51,30000001,0,user_13,950,959,16613
17271,52,30000001,0,user_13,950,959,16613
17276,53,30000001,0,user_19,950,959,16613
17277,54,30000001,0,user_19,950,959,16613
17283,38,30000001,0,user_26,950,959,16613
17427,17,30000001,0,user_2,951,959,16613
17428,18,30000001,0,user_2,951,959,16613
17429,19,30000001,0,user_2,951,959,16613
17435,20,30000001,0,user_11,951,959,16613
17436,21,30000001,0,user_11,951,959,16613
17434,24,30000001,0,user_7,951,959,16613
17448,25,30000001,0,user_21,951,959,16613
17452,26,30000001,0,user_25,951,959,16613
17438,22,30000001,0,user_13,951,959,16613
17444,23,30000001,0,user_17,951,959,16613
17440,27,30000001,0,user_15,951,959,16613
17972,57,30000000,0,user_29,955,959,
16603,60,30000000,0,user_31,946,959,
16292,58,30000000,0,user_42,944,959,
16468,59,30000000,0,user_43,945,959,
17253,61,29999999,0,user_7,950,959,16613
17063,62,29999999,0,user_21,949,959,16613
17055,81,29999999,0,user_17,949,959,16613
17066,82,29999999,0,user_23,949,959,16613
17258,78,29999999,0,user_10,950,959,16613
17259,79,29999999,0,user_10,950,959,16613
17249,68,29999999,0,user_5,950,959,16613
17266,70,29999999,0,user_12,950,959,16613
17272,77,29999999,0,user_15,950,959,16613
17273,71,29999999,0,user_16,950,959,16613
17274,72,29999999,0,user_16,950,959,16613
17255,73,29999999,0,user_8,950,959,16613
17280,74,29999999,0,user_23,950,959,16613
17267,83,29999999,0,user_13,950,959,16613
17270,84,29999999,0,user_13,950,959,16613
17279,75,29999999,0,user_22,950,959,16613
17282,76,29999999,0,user_26,950,959,16613
17431,65,29999999,0,user_3,951,959,16613
17449,64,29999999,0,user_22,951,959,16613
17442,66,29999999,0,user_16,951,959,16613
17443,67,29999999,0,user_16,951,959,16613
17426,63,29999999,0,user_0,951,959,16613
17445,80,29999999,0,user_19,951,959,16613
17446,69,29999999,0,user_20,951,959,16613
17607,85,29999999,0,user_8,952,959,16613
17050,88,29999999,0,user_13,949,959,16613
16873,86,29999999,0,user_7,948,959,16613
16874,87,29999999,0,user_8,948,959,16613
18172,85,27000001,0,builder_15,956,956,16902
16902,90,27000000,779000,user_36,948,959,
17741,87,27000001,0,user_13,953,956,16902
17739,92,27000001,0,user_9,953,959,16902
17740,90,27000001,0,user_12,953,958,16902
17051,91,27000001,0,user_14,949,959,16902
17601,95,27000001,0,user_1,952,959,16902
17602,96,27000001,0,user_1,952,959,16902
17609,97,27000001,0,user_9,952,958,16902
17614,97,27000001,0,user_15,952,959,16902
17610,93,27000001,0,user_10,952,959,16902
17618,99,27000001,0,user_22,952,959,16902
17623,97,27000001,0,user_25,952,957,16902
17624,98,27000001,0,user_26,952,957,16902
17612,94,27000001,0,user_13,952,959,16902
18281,0,43000001,0,builder_15,957,957,17076
17076,0,43000000,545000,user_38,949,959,
18097,2,43000000,0,user_30,956,959,
17996,3,43000000,0,user_47,955,959,
15902,6,43000000,0,user_45,942,959,
17300,4,43000000,0,user_48,950,959,
17648,5,43000000,0,user_44,952,959,
17652,7,43000000,0,user_49,952,959,
15679,9,43000000,0,user_47,941,959,
16896,8,43000000,0,user_29,948,959,
16613,11,30000000,769000,user_45,946,959,
18282,11,29999999,0,builder_15,957,957,16613
17061,15,30000001,0,user_19,949,959,16613
17064,16,30000001,0,user_21,949,959,16613
17240,14,30000001,0,user_1,950,959,16613
17062,42,30000001,0,user_20,949,959,16613
17053,43,30000001,0,user_15,949,959,16613
17069,48,30000001,0,user_25,949,959,16613
17070,49,30000001,0,user_26,949,959,16613
17054,44,30000001,0,user_17,949,959,16613
17056,45,30000001,0,user_18,949,959,16613
17059,46,30000001,0,user_18,949,959,16613
17060,47,30000001,0,user_18,949,959,16613
17241,34,30000001,0,user_2,950,959,16613
17242,35,30000001,0,user_2,950,959,16613
17247,29,30000001,0,user_4,950,959,16613
17268,50,30000001,0,user_13,950,959,16613
17269,51,30000001,0,user_13,950,959,16613
17271,52,30000001,0,user_13,950,959,16613
17261,32,30000001,0,user_11,950,959,16613
17239,28,30000001,0,user_0,950,959,16613
17262,30,30000001,0,user_12,950,959,16613
17265,31,30000001,0,user_12,950,959,16613
17276,53,30000001,0,user_19,950,959,16613
17277,54,30000001,0,user_19,950,959,16613
17278,39,30000001,0,user_20,950,959,16613
16719,41,30000001,0,user_0,947,959,16613
17244,36,30000001,0,user_3,950,959,16613
17245,37,30000001,0,user_3,950,959,16613
17283,38,30000001,0,user_26,950,959,16613
17275,33,30000001,0,user_18,950,959,16613
17256,40,30000001,0,user_9,950,959,16613
17427,17,30000001,0,user_2,951,959,16613
17428,18,30000001,0,user_2,951,959,16613
17429,19,30000001,0,user_2,951,959,16613
17435,20,30000001,0,user_11,951,959,16613
17436,21,30000001,0,user_11,951,959,16613
17434,24,30000001,0,user_7,951,959,16613
17448,25,30000001,0,user_21,951,959,16613
17440,27,30000001,0,user_15,951,959,16613
17438,22,30000001,0,user_13,951,959,16613
17444,23,30000001,0,user_17,951,959,16613
17452,26,30000001,0,user_25,951,959,16613
18220,56,30000000,0,user_39,957,959,
17972,57,30000000,0,user_29,955,959,
16468,59,30000000,0,user_43,945,959,
16292,58,30000000,0,user_42,944,959,
16603,60,30000000,0,user_31,946,959,
17063,62,29999999,0,user_21,949,959,16613
17253,61,29999999,0,user_7,950,959,16613
17055,81,29999999,0,user_17,949,959,16613
17066,82,29999999,0,user_23,949,959,16613
17249,68,29999999,0,user_5,950,959,16613
17258,78,29999999,0,user_10,950,959,16613
17259,79,29999999,0,user_10,950,959,16613
17267,83,29999999,0,user_13,950,959,16613
17270,84,29999999,0,user_13,950,959,16613
17266,70,29999999,0,user_12,950,959,16613
17255,73,29999999,0,user_8,950,959,16613
17272,77,29999999,0,user_15,950,959,16613
17279,75,29999999,0,user_22,950,959,16613
17273,71,29999999,0,user_16,950,959,16613
17274,72,29999999,0,user_16,950,959,16613
17282,76,29999999,0,user_26,950,959,16613
17280,74,29999999,0,user_23,950,959,16613
17431,65,29999999,0,user_3,951,959,16613
17426,63,29999999,0,user_0,951,959,16613
17446,69,29999999,0,user_20,951,959,16613
17442,66,29999999,0,user_16,951,959,16613
17443,67,29999999,0,user_16,951,959,16613
17445,80,29999999,0,user_19,951,959,16613
17607,85,29999999,0,user_8,952,959,16613
17449,64,29999999,0,user_22,951,959,16613
16873,86,29999999,0,user_7,948,959,16613
16874,87,29999999,0,user_8,948,959,16613
17050,88,29999999,0,user_13,949,959,16613
16902,90,27000000,779000,user_36,948,959,
18283,87,26999999,0,builder_15,957,957,16902
17751,88,27000001,0,user_25,953,957,16902
17051,91,27000001,0,user_14,949,959,16902
17740,90,27000001,0,user_12,953,958,16902
17739,92,27000001,0,user_9,953,959,16902
17601,95,27000001,0,user_1,952,959,16902
17602,96,27000001,0,user_1,952,959,16902
17609,97,27000001,0,user_9,952,958,16902
17618,99,27000001,0,user_22,952,959,16902
17615,98,27000001,0,user_21,952,959,16902
17623,97,27000001,0,user_25,952,957,16902
17624,98,27000001,0,user_26,952,957,16902
17610,93,27000001,0,user_10,952,959,16902
17076,0,43000000,545000,user_38,949,959,
18404,1,42999999,0,builder_15,958,958,17076
18097,2,43000000,0,user_30,956,959,
17996,3,43000000,0,user_47,955,959,
17300,4,43000000,0,user_48,950,959,
15902,6,43000000,0,user_45,942,959,
17648,5,43000000,0,user_44,952,959,
17652,7,43000000,0,user_49,952,959,
16896,8,43000000,0,user_29,948,959,
15679,9,43000000,0,user_47,941,959,
18405,10,30000001,0,builder_15,958,958,16613
16613,11,30000000,769000,user_45,946,959,
18406,12,30000001,0,builder_15,958,958,18340
18340,12,30000000,322000,user_44,958,959,
17061,15,30000001,0,user_19,949,959,16613
17064,16,30000001,0,user_21,949,959,16613
17240,14,30000001,0,user_1,950,959,16613
17244,36,30000001,0,user_3,950,959,16613
17245,37,30000001,0,user_3,950,959,16613
17247,29,30000001,0,user_4,950,959,16613
17268,50,30000001,0,user_13,950,959,16613
17269,51,30000001,0,user_13,950,959,16613
17271,52,30000001,0,user_13,950,959,16613
17261,32,30000001,0,user_11,950,959,16613
17239,28,30000001,0,user_0,950,959,16613
17262,30,30000001,0,user_12,950,959,16613
17265,31,30000001,0,user_12,950,959,16613
17276,53,30000001,0,user_19,950,959,16613
17277,54,30000001,0,user_19,950,959,16613
17278,39,30000001,0,user_20,950,959,16613
17283,38,30000001,0,user_26,950,959,16613
17275,33,30000001,0,user_18,950,959,16613
17427,17,30000001,0,user_2,951,959,16613
17428,18,30000001,0,user_2,951,959,16613
17429,19,30000001,0,user_2,951,959,16613
17241,34,30000001,0,user_2,950,959,16613
17242,35,30000001,0,user_2,950,959,16613
17256,40,30000001,0,user_9,950,959,16613
17438,22,30000001,0,user_13,951,959,16613
17434,24,30000001,0,user_7,951,959,16613
17435,20,30000001,0,user_11,951,959,16613
17436,21,30000001,0,user_11,951,959,16613
17062,42,30000001,0,user_20,949,959,16613
16719,41,30000001,0,user_0,947,959,16613
17069,48,30000001,0,user_25,949,959,16613
17070,49,30000001,0,user_26,949,959,16613
17054,44,30000001,0,user_17,949,959,16613
17056,45,30000001,0,user_18,949,959,16613
17059,46,30000001,0,user_18,949,959,16613
17060,47,30000001,0,user_18,949,959,16613
17053,43,30000001,0,user_15,949,959,16613
17440,27,30000001,0,user_15,951,959,16613
17448,25,30000001,0,user_21,951,959,16613
17452,26,30000001,0,user_25,951,959,16613
17444,23,30000001,0,user_17,951,959,16613
17972,57,30000000,0,user_29,955,959,
18336,55,30000000,0,user_40,958,959,
16292,58,30000000,0,user_42,944,959,
16468,59,30000000,0,user_43,945,959,
16603,60,30000000,0,user_31,946,959,
17063,62,29999999,0,user_21,949,959,16613
17253,61,29999999,0,user_7,950,959,16613
17267,83,29999999,0,user_13,950,959,16613
17270,84,29999999,0,user_13,950,959,16613
17249,68,29999999,0,user_5,950,959,16613
17266,70,29999999,0,user_12,950,959,16613
17255,73,29999999,0,user_8,950,959,16613
17272,77,29999999,0,user_15,950,959,16613
17279,75,29999999,0,user_22,950,959,16613
17273,71,29999999,0,user_16,950,959,16613
17274,72,29999999,0,user_16,950,959,16613
17282,76,29999999,0,user_26,950,959,16613
17258,78,29999999,0,user_10,950,959,16613
17259,79,29999999,0,user_10,950,959,16613
17280,74,29999999,0,user_23,950,959,16613
17426,63,29999999,0,user_0,951,959,16613
17445,80,29999999,0,user_19,951,959,16613
17446,69,29999999,0,user_20,951,959,16613
17055,81,29999999,0,user_17,949,959,16613
17066,82,29999999,0,user_23,949,959,16613
17431,65,29999999,0,user_3,951,959,16613
17442,66,29999999,0,user_16,951,959,16613
17443,67,29999999,0,user_16,951,959,16613
17449,64,29999999,0,user_22,951,959,16613
17607,85,29999999,0,user_8,952,959,16613
16874,87,29999999,0,user_8,948,959,16613
16873,86,29999999,0,user_7,948,959,16613
17050,88,29999999,0,user_13,949,959,16613
18407,88,27000001,0,builder_15,958,958,16902
16902,90,27000000,779000,user_36,948,959,
17740,90,27000001,0,user_12,953,958,16902
17739,92,27000001,0,user_9,953,959,16902
17051,91,27000001,0,user_14,949,959,16902
17601,95,27000001,0,user_1,952,959,16902
17602,96,27000001,0,user_1,952,959,16902
17610,93,27000001,0,user_10,952,959,16902
17615,98,27000001,0,user_21,952,959,16902
17609,97,27000001,0,user_9,952,958,16902
17614,97,27000001,0,user_15,952,959,16902
17612,94,27000001,0,user_13,952,959,16902
17076,0,43000000,545000,user_38,949,959,
18535,1,42999999,0,builder_15,959,959,17076
18097,2,43000000,0,user_30,956,959,
17996,3,43000000,0,user_47,955,959,
17300,4,43000000,0,user_48,950,959,
17648,5,43000000,0,user_44,952,959,
15902,6,43000000,0,user_45,942,959,
17652,7,43000000,0,user_49,952,959,
16896,8,43000000,0,user_29,948,959,
15679,9,43000000,0,user_47,941,959,
18536,10,30000001,0,builder_15,959,959,16613
16613,11,30000000,769000,user_45,946,959,
18340,12,30000000,322000,user_44,958,959,
18537,13,29999999,0,builder_15,959,959,18340
17240,14,30000001,0,user_1,950,959,16613
17061,15,30000001,0,user_19,949,959,16613
17064,16,30000001,0,user_21,949,959,16613
17427,17,30000001,0,user_2,951,959,16613
17428,18,30000001,0,user_2,951,959,16613
17429,19,30000001,0,user_2,951,959,16613
17435,20,30000001,0,user_11,951,959,16613
17436,21,30000001,0,user_11,951,959,16613
17438,22,30000001,0,user_13,951,959,16613
17444,23,30000001,0,user_17,951,959,16613
17434,24,30000001,0,user_7,951,959,16613
17448,25,30000001,0,user_21,951,959,16613
17452,26,30000001,0,user_25,951,959,16613
17440,27,30000001,0,user_15,951,959,16613
17239,28,30000001,0,user_0,950,959,16613
17247,29,30000001,0,user_4,950,959,16613
17262,30,30000001,0,user_12,950,959,16613
17265,31,30000001,0,user_12,950,959,16613
17261,32,30000001,0,user_11,950,959,16613
17275,33,30000001,0,user_18,950,959,16613
17241,34,30000001,0,user_2,950,959,16613
17242,35,30000001,0,user_2,950,959,16613
17244,36,30000001,0,user_3,950,959,16613
17245,37,30000001,0,user_3,950,959,16613
17283,38,30000001,0,user_26,950,959,16613
17278,39,30000001,0,user_20,950,959,16613
17256,40,30000001,0,user_9,950,959,16613
16719,41,30000001,0,user_0,947,959,16613
17062,42,30000001,0,user_20,949,959,16613
17053,43,30000001,0,user_15,949,959,16613
17054,44,30000001,0,user_17,949,959,16613
17056,45,30000001,0,user_18,949,959,16613
17059,46,30000001,0,user_18,949,959,16613
17060,47,30000001,0,user_18,949,959,16613
17069,48,30000001,0,user_25,949,959,16613
17070,49,30000001,0,user_26,949,959,16613
17268,50,30000001,0,user_13,950,959,16613
17269,51,30000001,0,user_13,950,959,16613
17271,52,30000001,0,user_13,950,959,16613
17276,53,30000001,0,user_19,950,959,16613
17277,54,30000001,0,user_19,950,959,16613
18336,55,30000000,0,user_40,958,959,
18220,56,30000000,0,user_39,957,959,
17972,57,30000000,0,user_29,955,959,
16292,58,30000000,0,user_42,944,959,
16468,59,30000000,0,user_43,945,959,
16603,60,30000000,0,user_31,946,959,
17253,61,29999999,0,user_7,950,959,16613
17063,62,29999999,0,user_21,949,959,16613
17426,63,29999999,0,user_0,951,959,16613
17449,64,29999999,0,user_22,951,959,16613
17431,65,29999999,0,user_3,951,959,16613
17442,66,29999999,0,user_16,951,959,16613
17443,67,29999999,0,user_16,951,959,16613
17249,68,29999999,0,user_5,950,959,16613
17446,69,29999999,0,user_20,951,959,16613
17266,70,29999999,0,user_12,950,959,16613
17273,71,29999999,0,user_16,950,959,16613
17274,72,29999999,0,user_16,950,959,16613
17255,73,29999999,0,user_8,950,959,16613
17280,74,29999999,0,user_23,950,959,16613
17279,75,29999999,0,user_22,950,959,16613
17282,76,29999999,0,user_26,950,959,16613
17272,77,29999999,0,user_15,950,959,16613
17258,78,29999999,0,user_10,950,959,16613
17259,79,29999999,0,user_10,950,959,16613
17445,80,29999999,0,user_19,951,959,16613
17055,81,29999999,0,user_17,949,959,16613
17066,82,29999999,0,user_23,949,959,16613
17267,83,29999999,0,user_13,950,959,16613
17270,84,29999999,0,user_13,950,959,16613
17607,85,29999999,0,user_8,952,959,16613
16873,86,29999999,0,user_7,948,959,16613
16874,87,29999999,0,user_8,948,959,16613
17050,88,29999999,0,user_13,949,959,16613
18538,89,27000001,0,builder_15,959,959,16902
16902,90,27000000,779000,user_36,948,959,
17051,91,27000001,0,user_14,949,959,16902
17739,92,27000001,0,user_9,953,959,16902
17610,93,27000001,0,user_10,952,959,16902
17612,94,27000001,0,user_13,952,959,16902
17601,95,27000001,0,user_1,952,959,16902
17602,96,27000001,0,user_1,952,959,16902
17614,97,27000001,0,user_15,952,959,16902
17615,98,27000001,0,user_21,952,959,16902
17618,99,27000001,0,user_22,952,959,16902
15543,86,3200000,17700000,user_39,960,971,
15604,1,3199999,0,builder_15,960,960,15543
15511,84,5200000,181000,user_1,960,970,
15605,3,5199999,0,builder_15,960,960,15511
15526,95,5200001,0,user_12,960,970,15511
15532,98,5200001,0,user_19,960,970,15511
15530,96,5200001,0,user_15,960,970,15511
15517,97,5200001,0,user_6,960,970,15511
15537,99,5200001,0,user_26,960,970,15511
15527,83,5199999,0,user_12,960,969,15511
15519,84,5199999,0,user_7,960,969,15511
15520,85,5199999,0,user_7,960,969,15511
15533,80,5199999,0,user_19,960,969,15511
15531,86,5199999,0,user_15,960,969,15511
15518,81,5199999,0,user_6,960,969,15511
15534,82,5199999,0,user_22,960,969,15511
15541,85,2600000,0,user_37,960,965,
15544,91,2000000,15100,user_40,960,965,
15606,18,1999999,0,builder_15,960,960,15544
15553,94,2000000,0,user_44,960,965,
15557,97,1900000,0,user_47,960,965,
15556,93,1500000,0,user_47,960,964,
15559,95,1300000,13800,user_47,960,964,
15607,23,1299999,0,builder_15,960,960,15559
15560,82,1000000,0,user_48,960,962,
15525,86,910000,0,user_11,960,962,
15515,87,870000,0,user_4,960,962,
15535,89,670000,0,user_23,960,962,
15524,88,670000,0,user_10,960,962,
15523,92,470000,0,user_10,960,962,
15510,96,460000,0,user_1,960,962,
15522,93,460000,0,user_9,960,962,
15550,94,460000,0,user_44,960,962,
15552,97,420000,18600,user_44,960,962,
15608,34,419999,0,builder_15,960,960,15552
15558,64,420000,0,user_47,960,961,
15514,70,300000,0,user_1,960,961,
15516,71,260000,0,user_5,960,961,
15609,38,150001,0,builder_15,960,960,15549
15549,73,150000,75000,user_44,960,961,
15529,74,220000,0,user_14,960,961,
15610,41,170001,0,builder_15,960,960,15528
15528,42,170000,24700,user_13,960,960,
15512,76,190000,0,user_1,960,961,
15509,80,170000,0,user_0,960,961,
15513,83,160000,0,user_1,960,961,
15554,84,160000,0,user_45,960,961,
15551,96,120000,0,user_44,960,961,
15536,97,110000,0,user_24,960,961,
15521,49,98000,0,user_8,960,960,
15555,50,80000,0,user_47,960,960,
15545,51,77000,0,user_40,960,960,
15679,9,43000000,0,user_47,961,979,
15812,1,3200001,0,builder_15,961,961,15543
15543,86,3200000,17700000,user_39,960,971,
15676,93,6300000,0,user_45,961,971,
15677,94,6300000,0,user_45,961,971,
15813,5,5200001,0,builder_15,961,961,15511
15511,84,5200000,181000,user_1,960,970,
15526,95,5200001,0,user_12,960,970,15511
15532,98,5200001,0,user_19,960,970,15511
15517,97,5200001,0,user_6,960,970,15511
15530,96,5200001,0,user_15,960,970,15511
15537,99,5200001,0,user_26,960,970,15511
15645,64,5200001,0,user_13,961,969,15511
15654,94,5200001,0,user_18,961,970,15511
15519,84,5199999,0,user_7,960,969,15511
15520,85,5199999,0,user_7,960,969,15511
15527,83,5199999,0,user_12,960,969,15511
15533,80,5199999,0,user_19,960,969,15511
15518,81,5199999,0,user_6,960,969,15511
15531,86,5199999,0,user_15,960,969,15511
15534,82,5199999,0,user_22,960,969,15511
15641,88,5199999,0,user_11,961,969,15511
15647,89,5199999,0,user_14,961,969,15511
15651,78,5199999,0,user_18,961,969,15511
15665,96,4500000,0,user_31,961,969,
15666,78,3600000,0,user_32,961,967,
15664,79,3500000,0,user_31,961,967,
15643,92,3200001,0,user_11,961,967,15543
15629,83,3200001,0,user_1,961,967,15543
15634,90,3200001,0,user_7,961,967,15543
15636,91,3200001,0,user_7,961,967,15543
15632,84,3200001,0,user_5,961,967,15543
15640,72,3199999,0,user_11,961,965,15543
15630,71,3199999,0,user_2,961,965,15543
15644,76,3199999,0,user_13,961,965,15543
15635,73,3199999,0,user_7,961,965,15543
15656,69,3199999,0,user_19,961,965,15543
15639,74,3199999,0,user_10,961,965,15543
15649,70,3199999,0,user_15,961,965,15543
15541,85,2600000,0,user_37,960,965,
15539,84,2600000,0,user_29,960,965,
15542,90,2100000,0,user_38,960,965,
15814,42,2000001,0,builder_15,961,961,15544
15544,91,2000000,15100,user_40,960,965,
15627,93,2000001,0,user_0,961,965,15544
15553,94,2000000,0,user_44,960,965,
15557,97,1900000,0,user_47,960,965,
15556,93,1500000,0,user_47,960,964,
15559,95,1300000,13800,user_47,960,964,
15815,49,1299999,0,builder_15,961,961,15559
15560,82,1000000,0,user_48,960,962,
15525,86,910000,0,user_11,960,962,
15515,87,870000,0,user_4,960,962,
15535,89,670000,0,user_23,960,962,
15524,88,670000,0,user_10,960,962,
15523,92,470000,0,user_10,960,962,
15510,96,460000,0,user_1,960,962,
15547,95,460000,0,user_41,960,962,
15550,94,460000,0,user_44,960,962,
15522,93,460000,0,user_9,960,962,
15552,97,420000,18600,user_44,960,962,
15816,61,419999,0,builder_15,961,961,15552
15637,99,420001,0,user_7,961,962,15552
15660,63,420001,0,user_25,961,961,15552
15558,64,420000,0,user_47,960,961,
15642,65,419999,0,user_11,961,961,15552
15661,66,419999,0,user_25,961,961,15552
15817,67,360001,0,builder_15,961,961,15671
15671,68,360000,56200,user_39,961,961,
15540,69,340000,0,user_34,960,961,
15514,70,300000,0,user_1,960,961,
15516,71,260000,0,user_5,960,961,
15818,72,150001,0,builder_15,961,961,15549
15549,73,150000,75000,user_44,960,961,
15529,74,220000,0,user_14,960,961,
15561,75,220000,0,user_49,960,961,
15512,76,190000,0,user_1,960,961,
15658,77,170001,0,user_21,961,961,15528
15659,78,170001,0,user_24,961,961,15528
15648,79,170001,0,user_15,961,961,15528
15509,80,170000,0,user_0,960,961,
15663,81,150000,14200,user_30,961,961,
15819,82,149999,0,builder_15,961,961,15663
15513,83,160000,0,user_1,960,961,
15554,84,160000,0,user_45,960,961,
15631,85,150001,0,user_4,961,961,15549
15652,86,150001,0,user_18,961,961,15549
15655,87,150001,0,user_18,961,961,15549
15628,88,150001,0,user_0,961,961,15549
15667,89,150000,0,user_32,961,961,
15646,90,149999,0,user_14,961,961,15549
15650,91,149999,0,user_16,961,961,15549
15653,92,149999,0,user_18,961,961,15549
15548,93,130000,18600,user_43,960,961,
15820,94,129999,0,builder_15,961,961,15548
15638,95,129999,0,user_8,961,961,15548
15551,96,120000,0,user_44,960,961,
15536,97,110000,0,user_24,960,961,
15546,98,110000,0,user_41,960,961,
15538,99,110000,0,user_27,960,961,
15679,9,43000000,0,user_47,961,979,
15902,6,43000000,0,user_45,962,979,
16036,2,3200001,0,builder_15,962,962,15543
15543,86,3200000,17700000,user_39,960,971,
15676,93,6300000,0,user_45,961,971,
15677,94,6300000,0,user_45,961,971,
15900,96,6100000,0,user_40,962,971,
16037,7,5200001,0,builder_15,962,962,15511
15511,84,5200000,181000,user_1,960,970,
15532,98,5200001,0,user_19,960,970,15511
15517,97,5200001,0,user_6,960,970,15511
15530,96,5200001,0,user_15,960,970,15511
15537,99,5200001,0,user_26,960,970,15511
15526,95,5200001,0,user_12,960,970,15511
15654,94,5200001,0,user_18,961,970,15511
15866,93,5200001,0,user_10,962,970,15511
15903,66,5200000,0,user_45,962,969,
15647,89,5199999,0,user_14,961,969,15511
15519,84,5199999,0,user_7,960,969,15511
15520,85,5199999,0,user_7,960,969,15511
15533,80,5199999,0,user_19,960,969,15511
15518,81,5199999,0,user_6,960,969,15511
15531,86,5199999,0,user_15,960,969,15511
15534,82,5199999,0,user_22,960,969,15511
15641,88,5199999,0,user_11,961,969,15511
15527,83,5199999,0,user_12,960,969,15511
15651,78,5199999,0,user_18,961,969,15511
15863,79,5199999,0,user_10,962,969,15511
15895,91,5000000,0,user_36,962,969,
15665,96,4500000,0,user_31,961,969,
15666,78,3600000,0,user_32,961,967,
15664,79,3500000,0,user_31,961,967,
15629,83,3200001,0,user_1,961,967,15543
15634,90,3200001,0,user_7,961,967,15543
15636,91,3200001,0,user_7,961,967,15543
15632,84,3200001,0,user_5,961,967,15543
15633,93,3200001,0,user_6,961,967,15543
15643,92,3200001,0,user_11,961,967,15543
15854,94,3200001,0,user_1,962,967,15543
15859,85,3200001,0,user_5,962,967,15543
15865,86,3200001,0,user_10,962,967,15543
15630,71,3199999,0,user_2,961,965,15543
15635,73,3199999,0,user_7,961,965,15543
15656,69,3199999,0,user_19,961,965,15543
15639,74,3199999,0,user_10,961,965,15543
15657,94,3199999,0,user_20,961,966,15543
15649,70,3199999,0,user_15,961,965,15543
15640,72,3199999,0,user_11,961,965,15543
15857,95,3199999,0,user_3,962,966,15543
15861,96,3199999,0,user_7,962,966,15543
15874,99,3199999,0,user_18,962,966,15543
15878,97,3199999,0,user_21,962,966,15543
15879,98,3199999,0,user_21,962,966,15543
15881,81,3199999,0,user_24,962,965,15543
15539,84,2600000,0,user_29,960,965,
15541,85,2600000,0,user_37,960,965,
15542,90,2100000,0,user_38,960,965,
15544,91,2000000,15100,user_40,960,965,
16038,58,1999999,0,builder_15,962,962,15544
15627,93,2000001,0,user_0,961,965,15544
15553,94,2000000,0,user_44,960,965,
15557,97,1900000,0,user_47,960,965,
15898,99,1700000,0,user_39,962,965,
15896,90,1600000,0,user_37,962,964,
15556,93,1500000,0,user_47,960,964,
15559,95,1300000,13800,user_47,960,964,
16039,66,1299999,0,builder_15,962,962,15559
15907,82,1200000,0,user_48,962,963,
15891,84,1100000,0,user_32,962,963,
16040,69,1000001,0,builder_15,962,962,15673
15673,86,1000000,66100,user_42,961,963,
16041,71,1000001,0,builder_15,962,962,15888
15888,88,1000000,3130,user_32,962,963,
15855,99,1000001,0,user_1,962,963,15673
15870,91,1000001,0,user_14,962,963,15673
15877,92,1000001,0,user_21,962,963,15673
15882,95,1000001,0,user_25,962,963,15673
15875,90,1000001,0,user_19,962,963,15673
15880,94,1000001,0,user_23,962,963,15673
15864,93,1000001,0,user_10,962,963,15673
15862,97,1000001,0,user_9,962,963,15673
15883,96,1000001,0,user_26,962,963,15673
15560,82,1000000,0,user_48,960,962,
15867,83,999999,0,user_11,962,962,15673
15873,84,999999,0,user_17,962,962,15673
15871,85,999999,0,user_15,962,962,15673
15525,86,910000,0,user_11,960,962,
15515,87,870000,0,user_4,960,962,
15524,88,670000,0,user_10,960,962,
15535,89,670000,0,user_23,960,962,
16042,90,190001,0,builder_15,962,962,15670
15670,91,190000,381000,user_38,961,962,
15523,92,470000,0,user_10,960,962,
15522,93,460000,0,user_9,960,962,
15550,94,460000,0,user_44,960,962,
15547,95,460000,0,user_41,960,962,
15510,96,460000,0,user_1,960,962,
15552,97,420000,18600,user_44,960,962,
16043,98,419999,0,builder_15,962,962,15552
15637,99,420001,0,user_7,961,962,15552
15902,6,43000000,0,user_45,962,979,
15679,9,43000000,0,user_47,961,979,
16205,2,3200001,0,builder_15,963,963,15543
15543,86,3200000,17700000,user_39,960,971,
15676,93,6300000,0,user_45,961,971,
15677,94,6300000,0,user_45,961,971,
15900,96,6100000,0,user_40,962,971,
16111,97,6100000,0,user_45,963,971,
15511,84,5200000,181000,user_1,960,970,
16206,9,5199999,0,builder_15,963,963,15511
15866,93,5200001,0,user_10,962,970,15511
15645,64,5200001,0,user_13,961,969,15511
15654,94,5200001,0,user_18,961,970,15511
15526,95,5200001,0,user_12,960,970,15511
15532,98,5200001,0,user_19,960,970,15511
15517,97,5200001,0,user_6,960,970,15511
15530,96,5200001,0,user_15,960,970,15511
15537,99,5200001,0,user_26,960,970,15511
15903,66,5200000,0,user_45,962,969,
16087,67,5200000,0,user_28,963,969,
15863,79,5199999,0,user_10,962,969,15511
15641,88,5199999,0,user_11,961,969,15511
15647,89,5199999,0,user_14,961,969,15511
15651,78,5199999,0,user_18,961,969,15511
15527,83,5199999,0,user_12,960,969,15511
15519,84,5199999,0,user_7,960,969,15511
15520,85,5199999,0,user_7,960,969,15511
15533,80,5199999,0,user_19,960,969,15511
15518,81,5199999,0,user_6,960,969,15511
15531,86,5199999,0,user_15,960,969,15511
15534,82,5199999,0,user_22,960,969,15511
15895,91,5000000,0,user_36,962,969,
15665,96,4500000,0,user_31,961,969,
16101,97,4500000,0,user_37,963,969,
15666,78,3600000,0,user_32,961,967,
15664,79,3500000,0,user_31,961,967,
15865,86,3200001,0,user_10,962,967,15543
15633,93,3200001,0,user_6,961,967,15543
15643,92,3200001,0,user_11,961,967,15543
15634,90,3200001,0,user_7,961,967,15543
15636,91,3200001,0,user_7,961,967,15543
15854,94,3200001,0,user_1,962,967,15543
15859,85,3200001,0,user_5,962,967,15543
16077,87,3200001,0,user_16,963,967,15543
15629,83,3200001,0,user_1,961,967,15543
15632,84,3200001,0,user_5,961,967,15543
15861,96,3199999,0,user_7,962,966,15543
15857,95,3199999,0,user_3,962,966,15543
15878,97,3199999,0,user_21,962,966,15543
15879,98,3199999,0,user_21,962,966,15543
15874,99,3199999,0,user_18,962,966,15543
15881,81,3199999,0,user_24,962,965,15543
16066,82,3199999,0,user_1,963,965,15543
15640,72,3199999,0,user_11,961,965,15543
15635,73,3199999,0,user_7,961,965,15543
15639,74,3199999,0,user_10,961,965,15543
15657,94,3199999,0,user_20,961,966,15543
15644,76,3199999,0,user_13,961,965,15543
16078,68,3199999,0,user_17,963,965,15543
15630,71,3199999,0,user_2,961,965,15543
15656,69,3199999,0,user_19,961,965,15543
15649,70,3199999,0,user_15,961,965,15543
15541,85,2600000,0,user_37,960,965,
15539,84,2600000,0,user_29,960,965,
16097,89,2300000,0,user_35,963,965,
15542,90,2100000,0,user_38,960,965,
15544,91,2000000,15100,user_40,960,965,
16207,67,1999999,0,builder_15,963,963,15544
15627,93,2000001,0,user_0,961,965,15544
15553,94,2000000,0,user_44,960,965,
16100,96,1900000,0,user_36,963,965,
15557,97,1900000,0,user_47,960,965,
15898,99,1700000,0,user_39,962,965,
16113,98,1700000,0,user_47,963,965,
15896,90,1600000,0,user_37,962,964,
16096,92,1500000,0,user_33,963,964,
15556,93,1500000,0,user_47,960,964,
15559,95,1300000,13800,user_47,960,964,
16208,78,1299999,0,builder_15,963,963,15559
15904,97,1300000,0,user_46,962,964,
16098,98,1300000,0,user_35,963,964,
16103,99,1300000,0,user_39,963,964,
15907,82,1200000,0,user_48,962,963,
16108,83,1200000,0,user_40,963,963,
15891,84,1100000,0,user_32,962,963,
16106,85,1100000,0,user_39,963,963,
15673,86,1000000,66100,user_42,961,963,
16209,87,999999,0,builder_15,963,963,15673
15888,88,1000000,3130,user_32,962,963,
16210,89,999999,0,builder_15,963,963,15888
15875,90,1000001,0,user_19,962,963,15673
15870,91,1000001,0,user_14,962,963,15673
15877,92,1000001,0,user_21,962,963,15673
15864,93,1000001,0,user_10,962,963,15673
15880,94,1000001,0,user_23,962,963,15673
15882,95,1000001,0,user_25,962,963,15673
15883,96,1000001,0,user_26,962,963,15673
15862,97,1000001,0,user_9,962,963,15673
16068,98,1000001,0,user_4,963,963,15673
15855,99,1000001,0,user_1,962,963,15673
15902,6,43000000,0,user_45,962,979,
15679,9,43000000,0,user_47,961,979,
16112,94,27000000,0,user_46,963,972,
15543,86,3200000,17700000,user_39,960,971,
16386,4,3199999,0,builder_15,964,964,15543
16387,5,6300001,0,builder_15,964,964,16282
16282,91,6300000,5630,user_32,964,971,
15676,93,6300000,0,user_45,961,971,
15677,94,6300000,0,user_45,961,971,
16111,97,6100000,0,user_45,963,971,
15900,96,6100000,0,user_40,962,971,
16388,11,5200001,0,builder_15,964,964,15511
15511,84,5200000,181000,user_1,960,970,
15866,93,5200001,0,user_10,962,970,15511
16263,85,5200001,0,user_17,964,970,15511
16264,86,5200001,0,user_18,964,970,15511
15654,94,5200001,0,user_18,961,970,15511
15517,97,5200001,0,user_6,960,970,15511
15537,99,5200001,0,user_26,960,970,15511
15532,98,5200001,0,user_19,960,970,15511
15530,96,5200001,0,user_15,960,970,15511
15526,95,5200001,0,user_12,960,970,15511
15645,64,5200001,0,user_13,961,969,15511
15903,66,5200000,0,user_45,962,969,
16087,67,5200000,0,user_28,963,969,
16299,65,5200000,0,user_48,964,969,
15641,88,5199999,0,user_11,961,969,15511
15863,79,5199999,0,user_10,962,969,15511
15651,78,5199999,0,user_18,961,969,15511
15518,81,5199999,0,user_6,960,969,15511
15534,82,5199999,0,user_22,960,969,15511
15533,80,5199999,0,user_19,960,969,15511
15519,84,5199999,0,user_7,960,969,15511
15520,85,5199999,0,user_7,960,969,15511
15531,86,5199999,0,user_15,960,969,15511
15527,83,5199999,0,user_12,960,969,15511
15647,89,5199999,0,user_14,961,969,15511
16243,87,5199999,0,user_9,964,969,15511
15895,91,5000000,0,user_36,962,969,
16101,97,4500000,0,user_37,963,969,
15665,96,4500000,0,user_31,961,969,
15666,78,3600000,0,user_32,961,967,
15664,79,3500000,0,user_31,961,967,
15854,94,3200001,0,user_1,962,967,15543
15859,85,3200001,0,user_5,962,967,15543
15643,92,3200001,0,user_11,961,967,15543
15865,86,3200001,0,user_10,962,967,15543
16077,87,3200001,0,user_16,963,967,15543
16245,95,3200001,0,user_11,964,967,15543
16229,89,3200001,0,user_0,964,967,15543
16235,88,3200001,0,user_2,964,967,15543
16259,96,3200001,0,user_16,964,967,15543
15629,83,3200001,0,user_1,961,967,15543
15632,84,3200001,0,user_5,961,967,15543
15633,93,3200001,0,user_6,961,967,15543
15634,90,3200001,0,user_7,961,967,15543
15636,91,3200001,0,user_7,961,967,15543
16301,98,3200000,0,user_48,964,967,
15857,95,3199999,0,user_3,962,966,15543
15861,96,3199999,0,user_7,962,966,15543
15874,99,3199999,0,user_18,962,966,15543
15881,81,3199999,0,user_24,962,965,15543
15640,72,3199999,0,user_11,961,965,15543
15878,97,3199999,0,user_21,962,966,15543
15879,98,3199999,0,user_21,962,966,15543
16066,82,3199999,0,user_1,963,965,15543
16078,68,3199999,0,user_17,963,965,15543
16232,64,3199999,0,user_2,964,965,15543
16271,65,3199999,0,user_25,964,965,15543
15630,71,3199999,0,user_2,961,965,15543
15649,70,3199999,0,user_15,961,965,15543
15656,69,3199999,0,user_19,961,965,15543
15639,74,3199999,0,user_10,961,965,15543
15635,73,3199999,0,user_7,961,965,15543
15644,76,3199999,0,user_13,961,965,15543
15657,94,3199999,0,user_20,961,966,15543
15539,84,2600000,0,user_29,960,965,
15541,85,2600000,0,user_37,960,965,
16102,87,2400000,0,user_38,963,965,
16296,86,2400000,0,user_47,964,965,
16097,89,2300000,0,user_35,963,965,
15542,90,2100000,0,user_38,960,965,
16389,82,2000001,0,builder_15,964,964,15544
15544,91,2000000,15100,user_40,960,965,
15627,93,2000001,0,user_0,961,965,15544
15553,94,2000000,0,user_44,960,965,
16100,96,1900000,0,user_36,963,965,
15557,97,1900000,0,user_47,960,965,
16113,98,1700000,0,user_47,963,965,
15898,99,1700000,0,user_39,962,965,
15896,90,1600000,0,user_37,962,964,
16110,91,1600000,0,user_42,963,964,
16096,92,1500000,0,user_33,963,964,
15556,93,1500000,0,user_47,960,964,
16288,94,1400000,0,user_39,964,964,
15559,95,1300000,13800,user_47,960,964,
16390,96,1299999,0,builder_15,964,964,15559
15904,97,1300000,0,user_46,962,964,
16098,98,1300000,0,user_35,963,964,
16103,99,1300000,0,user_39,963,964,
15679,9,43000000,0,user_47,961,979,
15902,6,43000000,0,user_45,962,979,
16292,58,30000000,0,user_42,964,979,
16112,94,27000000,0,user_46,963,972,
15543,86,3200000,17700000,user_39,960,971,
16544,5,3199999,0,builder_15,965,965,15543
16282,91,6300000,5630,user_32,964,971,
16545,7,6299999,0,builder_15,965,965,16282
16445,92,6300000,0,user_28,965,971,
15676,93,6300000,0,user_45,961,971,
15677,94,6300000,0,user_45,961,971,
16111,97,6100000,0,user_45,963,971,
15900,96,6100000,0,user_40,962,971,
16546,13,5200001,0,builder_15,965,965,16457
16457,99,5200000,215000,user_37,965,971,
15511,84,5200000,181000,user_1,960,970,
16547,16,5199999,0,builder_15,965,965,15511
16263,85,5200001,0,user_17,964,970,15511
16264,86,5200001,0,user_18,964,970,15511
16443,87,5200001,0,user_24,965,970,15511
15517,97,5200001,0,user_6,960,970,15511
15537,99,5200001,0,user_26,960,970,15511
15526,95,5200001,0,user_12,960,970,15511
15530,96,5200001,0,user_15,960,970,15511
15532,98,5200001,0,user_19,960,970,15511
15654,94,5200001,0,user_18,961,970,15511
15645,64,5200001,0,user_13,961,969,15511
15866,93,5200001,0,user_10,962,970,15511
16299,65,5200000,0,user_48,964,969,
16087,67,5200000,0,user_28,963,969,
15903,66,5200000,0,user_45,962,969,
16243,87,5199999,0,user_9,964,969,15511
15518,81,5199999,0,user_6,960,969,15511
15534,82,5199999,0,user_22,960,969,15511
15519,84,5199999,0,user_7,960,969,15511
15520,85,5199999,0,user_7,960,969,15511
15527,83,5199999,0,user_12,960,969,15511
15531,86,5199999,0,user_15,960,969,15511
15533,80,5199999,0,user_19,960,969,15511
15651,78,5199999,0,user_18,961,969,15511
15641,88,5199999,0,user_11,961,969,15511
15647,89,5199999,0,user_14,961,969,15511
15863,79,5199999,0,user_10,962,969,15511
15895,91,5000000,0,user_36,962,969,
16101,97,4500000,0,user_37,963,969,
15665,96,4500000,0,user_31,961,969,
15666,78,3600000,0,user_32,961,967,
15664,79,3500000,0,user_31,961,967,
16235,88,3200001,0,user_2,964,967,15543
16259,96,3200001,0,user_16,964,967,15543
16229,89,3200001,0,user_0,964,967,15543
16245,95,3200001,0,user_11,964,967,15543
16410,82,3200001,0,user_1,965,967,15543
16077,87,3200001,0,user_16,963,967,15543
15629,83,3200001,0,user_1,961,967,15543
15632,84,3200001,0,user_5,961,967,15543
15643,92,3200001,0,user_11,961,967,15543
15634,90,3200001,0,user_7,961,967,15543
15636,91,3200001,0,user_7,961,967,15543
15633,93,3200001,0,user_6,961,967,15543
15854,94,3200001,0,user_1,962,967,15543
15859,85,3200001,0,user_5,962,967,15543
15865,86,3200001,0,user_10,962,967,15543
16301,98,3200000,0,user_48,964,967,
16232,64,3199999,0,user_2,964,965,15543
16271,65,3199999,0,user_25,964,965,15543
16433,99,3199999,0,user_18,965,967,15543
15874,99,3199999,0,user_18,962,966,15543
16078,68,3199999,0,user_17,963,965,15543
15656,69,3199999,0,user_19,961,965,15543
15649,70,3199999,0,user_15,961,965,15543
15630,71,3199999,0,user_2,961,965,15543
15640,72,3199999,0,user_11,961,965,15543
15635,73,3199999,0,user_7,961,965,15543
15639,74,3199999,0,user_10,961,965,15543
15657,94,3199999,0,user_20,961,966,15543
15644,76,3199999,0,user_13,961,965,15543
15857,95,3199999,0,user_3,962,966,15543
15861,96,3199999,0,user_7,962,966,15543
15878,97,3199999,0,user_21,962,966,15543
15879,98,3199999,0,user_21,962,966,15543
15881,81,3199999,0,user_24,962,965,15543
16066,82,3199999,0,user_1,963,965,15543
16421,92,3199999,0,user_9,965,966,15543
15539,84,2600000,0,user_29,960,965,
15541,85,2600000,0,user_37,960,965,
16296,86,2400000,0,user_47,964,965,
16102,87,2400000,0,user_38,963,965,
16463,88,2300000,0,user_39,965,965,
16097,89,2300000,0,user_35,963,965,
15542,90,2100000,0,user_38,960,965,
15544,91,2000000,15100,user_40,960,965,
16548,92,1999999,0,builder_15,965,965,15544
15627,93,2000001,0,user_0,961,965,15544
15553,94,2000000,0,user_44,960,965,
16456,95,1900000,0,user_36,965,965,
16100,96,1900000,0,user_36,963,965,
15557,97,1900000,0,user_47,960,965,
16113,98,1700000,0,user_47,963,965,
15898,99,1700000,0,user_39,962,965,
15902,6,43000000,0,user_45,962,979,
15679,9,43000000,0,user_47,961,979,
16695,2,30000001,0,builder_15,966,966,16613
16613,11,30000000,769000,user_45,966,979,
16468,59,30000000,0,user_43,965,979,
16292,58,30000000,0,user_42,964,979,
16603,60,30000000,0,user_31,966,979,
16112,94,27000000,0,user_46,963,972,
16696,8,3200001,0,builder_15,966,966,15543
15543,86,3200000,17700000,user_39,960,971,
16697,10,6300001,0,builder_15,966,966,16282
16282,91,6300000,5630,user_32,964,971,
16445,92,6300000,0,user_28,965,971,
15676,93,6300000,0,user_45,961,971,
15677,94,6300000,0,user_45,961,971,
16111,97,6100000,0,user_45,963,971,
15900,96,6100000,0,user_40,962,971,
16457,99,5200000,215000,user_37,965,971,
16698,18,5199999,0,builder_15,966,966,16457
15511,84,5200000,181000,user_1,960,970,
16699,20,5199999,0,builder_15,966,966,15511
16443,87,5200001,0,user_24,965,970,15511
16568,90,5200001,0,user_5,966,970,16457
16584,92,5200001,0,user_13,966,970,16457
16587,88,5200001,0,user_14,966,970,16457
16591,89,5200001,0,user_16,966,970,16457
16264,86,5200001,0,user_18,964,970,15511
15866,93,5200001,0,user_10,962,970,15511
16263,85,5200001,0,user_17,964,970,15511
15526,95,5200001,0,user_12,960,970,15511
15530,96,5200001,0,user_15,960,970,15511
15517,97,5200001,0,user_6,960,970,15511
15532,98,5200001,0,user_19,960,970,15511
15537,99,5200001,0,user_26,960,970,15511
15654,94,5200001,0,user_18,961,970,15511
16598,50,5200001,0,user_23,966,969,16457
15645,64,5200001,0,user_13,961,969,15511
16589,91,5200001,0,user_15,966,970,16457
16299,65,5200000,0,user_48,964,969,
15903,66,5200000,0,user_45,962,969,
16087,67,5200000,0,user_28,963,969,
16563,75,5199999,0,user_1,966,969,16457
16566,76,5199999,0,user_1,966,969,16457
16569,77,5199999,0,user_5,966,969,16457
16581,74,5199999,0,user_12,966,969,16457
16585,69,5199999,0,user_14,966,969,16457
16571,68,5199999,0,user_7,966,969,16457
16243,87,5199999,0,user_9,964,969,15511
15863,79,5199999,0,user_10,962,969,15511
15519,84,5199999,0,user_7,960,969,15511
15520,85,5199999,0,user_7,960,969,15511
15527,83,5199999,0,user_12,960,969,15511
15531,86,5199999,0,user_15,960,969,15511
15518,81,5199999,0,user_6,960,969,15511
15533,80,5199999,0,user_19,960,969,15511
15534,82,5199999,0,user_22,960,969,15511
15651,78,5199999,0,user_18,961,969,15511
15641,88,5199999,0,user_11,961,969,15511
15647,89,5199999,0,user_14,961,969,15511
16577,73,5199999,0,user_9,966,969,16457
16590,71,5199999,0,user_15,966,969,16457
16570,70,5199999,0,user_6,966,969,16457
16599,72,5199999,0,user_26,966,969,16457
16600,90,5000000,0,user_28,966,969,
15895,91,5000000,0,user_36,962,969,
16609,94,4200000,410000,user_39,966,969,
16700,66,4199999,0,builder_15,966,966,16609
16101,97,4500000,0,user_37,963,969,
15665,96,4500000,0,user_31,961,969,
15666,78,3600000,0,user_32,961,967,
15664,79,3500000,0,user_31,961,967,
16410,82,3200001,0,user_1,965,967,15543
16245,95,3200001,0,user_11,964,967,15543
16259,96,3200001,0,user_16,964,967,15543
16229,89,3200001,0,user_0,964,967,15543
15865,86,3200001,0,user_10,962,967,15543
15859,85,3200001,0,user_5,962,967,15543
16077,87,3200001,0,user_16,963,967,15543
16235,88,3200001,0,user_2,964,967,15543
15629,83,3200001,0,user_1,961,967,15543
15632,84,3200001,0,user_5,961,967,15543
15634,90,3200001,0,user_7,961,967,15543
15636,91,3200001,0,user_7,961,967,15543
15643,92,3200001,0,user_11,961,967,15543
15633,93,3200001,0,user_6,961,967,15543
15854,94,3200001,0,user_1,962,967,15543
16596,80,3200001,0,user_22,966,967,15543
16453,97,3200000,0,user_34,965,967,
16301,98,3200000,0,user_48,964,967,
16433,99,3199999,0,user_18,965,967,15543
16436,90,3199999,0,user_20,965,966,15543
16580,91,3199999,0,user_11,966,966,15543
16421,92,3199999,0,user_9,965,966,15543
16586,93,3199999,0,user_14,966,966,15543
15657,94,3199999,0,user_20,961,966,15543
15857,95,3199999,0,user_3,962,966,15543
15861,96,3199999,0,user_7,962,966,15543
15878,97,3199999,0,user_21,962,966,15543
15879,98,3199999,0,user_21,962,966,15543
15874,99,3199999,0,user_18,962,966,15543
15902,6,43000000,0,user_45,962,979,
15679,9,43000000,0,user_47,961,979,
16848,2,30000001,0,builder_15,967,967,16613
16613,11,30000000,769000,user_45,966,979,
16719,41,30000001,0,user_0,967,979,16613
16603,60,30000000,0,user_31,966,979,
16468,59,30000000,0,user_43,965,979,
16292,58,30000000,0,user_42,964,979,
16112,94,27000000,0,user_46,963,972,
16849,9,3200001,0,builder_15,967,967,15543
15543,86,3200000,17700000,user_39,960,971,
16850,11,6300001,0,builder_15,967,967,16282
16282,91,6300000,5630,user_32,964,971,
16445,92,6300000,0,user_28,965,971,
15676,93,6300000,0,user_45,961,971,
15677,94,6300000,0,user_45,961,971,
15900,96,6100000,0,user_40,962,971,
16111,97,6100000,0,user_45,963,971,
16457,99,5200000,215000,user_37,965,971,
16851,19,5199999,0,builder_15,967,967,16457
16852,20,5200001,0,builder_15,967,967,15511
15511,84,5200000,181000,user_1,960,970,
16568,90,5200001,0,user_5,966,970,16457
16598,50,5200001,0,user_23,966,969,16457
16587,88,5200001,0,user_14,966,970,16457
16589,91,5200001,0,user_15,966,970,16457
16591,89,5200001,0,user_16,966,970,16457
16264,86,5200001,0,user_18,964,970,15511
16443,87,5200001,0,user_24,965,970,15511
15526,95,5200001,0,user_12,960,970,15511
15532,98,5200001,0,user_19,960,970,15511
15517,97,5200001,0,user_6,960,970,15511
15530,96,5200001,0,user_15,960,970,15511
15537,99,5200001,0,user_26,960,970,15511
15654,94,5200001,0,user_18,961,970,15511
15866,93,5200001,0,user_10,962,970,15511
16263,85,5200001,0,user_17,964,970,15511
15645,64,5200001,0,user_13,961,969,15511
16299,65,5200000,0,user_48,964,969,
15903,66,5200000,0,user_45,962,969,
16087,67,5200000,0,user_28,963,969,
16569,77,5199999,0,user_5,966,969,16457
16581,74,5199999,0,user_12,966,969,16457
16571,68,5199999,0,user_7,966,969,16457
16570,70,5199999,0,user_6,966,969,16457
16599,72,5199999,0,user_26,966,969,16457
16577,73,5199999,0,user_9,966,969,16457
16585,69,5199999,0,user_14,966,969,16457
16590,71,5199999,0,user_15,966,969,16457
16563,75,5199999,0,user_1,966,969,16457
16566,76,5199999,0,user_1,966,969,16457
16243,87,5199999,0,user_9,964,969,15511
15519,84,5199999,0,user_7,960,969,15511
15520,85,5199999,0,user_7,960,969,15511
15527,83,5199999,0,user_12,960,969,15511
15533,80,5199999,0,user_19,960,969,15511
15518,81,5199999,0,user_6,960,969,15511
15531,86,5199999,0,user_15,960,969,15511
15534,82,5199999,0,user_22,960,969,15511
15651,78,5199999,0,user_18,961,969,15511
15863,79,5199999,0,user_10,962,969,15511
15641,88,5199999,0,user_11,961,969,15511
15647,89,5199999,0,user_14,961,969,15511
16600,90,5000000,0,user_28,966,969,
15895,91,5000000,0,user_36,962,969,
15665,96,4500000,0,user_31,961,969,
16101,97,4500000,0,user_37,963,969,
16728,99,4200001,0,user_17,967,969,16609
16721,98,4200001,0,user_5,967,969,16609
16737,79,4200001,0,user_24,967,968,16609
16727,88,4199999,0,user_16,967,968,16609
16731,92,4199999,0,user_18,967,968,16609
16720,89,4199999,0,user_2,967,968,16609
16732,90,4199999,0,user_19,967,968,16609
16733,91,4199999,0,user_19,967,968,16609
16736,93,4199999,0,user_23,967,968,16609
16738,95,4199999,0,user_26,967,968,16609
16751,77,3600000,0,user_40,967,967,
15666,78,3600000,0,user_32,961,967,
15664,79,3500000,0,user_31,961,967,
16596,80,3200001,0,user_22,966,967,15543
16730,81,3200001,0,user_17,967,967,15543
16410,82,3200001,0,user_1,965,967,15543
15629,83,3200001,0,user_1,961,967,15543
15632,84,3200001,0,user_5,961,967,15543
15859,85,3200001,0,user_5,962,967,15543
15865,86,3200001,0,user_10,962,967,15543
16077,87,3200001,0,user_16,963,967,15543
16235,88,3200001,0,user_2,964,967,15543
16229,89,3200001,0,user_0,964,967,15543
15634,90,3200001,0,user_7,961,967,15543
15636,91,3200001,0,user_7,961,967,15543
15643,92,3200001,0,user_11,961,967,15543
15633,93,3200001,0,user_6,961,967,15543
15854,94,3200001,0,user_1,962,967,15543
16245,95,3200001,0,user_11,964,967,15543
16259,96,3200001,0,user_16,964,967,15543
16453,97,3200000,0,user_34,965,967,
16301,98,3200000,0,user_48,964,967,
16433,99,3199999,0,user_18,965,967,15543
15902,6,43000000,0,user_45,962,979,
15679,9,43000000,0,user_47,961,979,
17008,2,30000001,0,builder_15,968,968,16613
16613,11,30000000,769000,user_45,966,979,
16719,41,30000001,0,user_0,967,979,16613
16468,59,30000000,0,user_43,965,979,
16603,60,30000000,0,user_31,966,979,
16292,58,30000000,0,user_42,964,979,
16873,86,29999999,0,user_7,968,979,16613
16874,87,29999999,0,user_8,968,979,16613
16902,90,27000000,779000,user_36,968,979,
17009,11,26999999,0,builder_15,968,968,16902
16112,94,27000000,0,user_46,963,972,
17010,13,3200001,0,builder_15,968,968,15543
15543,86,3200000,17700000,user_39,960,971,
16903,87,19000000,0,user_37,968,971,
17011,16,6300001,0,builder_15,968,968,16282
16282,91,6300000,5630,user_32,964,971,
16445,92,6300000,0,user_28,965,971,
15676,93,6300000,0,user_45,961,971,
15677,94,6300000,0,user_45,961,971,
15900,96,6100000,0,user_40,962,971,
16111,97,6100000,0,user_45,963,971,
17012,23,5200001,0,builder_15,968,968,16457
16457,99,5200000,215000,user_37,965,971,
17013,25,5200001,0,builder_15,968,968,15511
15511,84,5200000,181000,user_1,960,970,
16587,88,5200001,0,user_14,966,970,16457
16591,89,5200001,0,user_16,966,970,16457
16568,90,5200001,0,user_5,966,970,16457
16598,50,5200001,0,user_23,966,969,16457
16589,91,5200001,0,user_15,966,970,16457
16584,92,5200001,0,user_13,966,970,16457
16264,86,5200001,0,user_18,964,970,15511
16443,87,5200001,0,user_24,965,970,15511
16263,85,5200001,0,user_17,964,970,15511
15526,95,5200001,0,user_12,960,970,15511
15532,98,5200001,0,user_19,960,970,15511
15517,97,5200001,0,user_6,960,970,15511
15530,96,5200001,0,user_15,960,970,15511
15537,99,5200001,0,user_26,960,970,15511
15654,94,5200001,0,user_18,961,970,15511
15866,93,5200001,0,user_10,962,970,15511
15645,64,5200001,0,user_13,961,969,15511
16299,65,5200000,0,user_48,964,969,
15903,66,5200000,0,user_45,962,969,
16087,67,5200000,0,user_28,963,969,
16585,69,5199999,0,user_14,966,969,16457
16563,75,5199999,0,user_1,966,969,16457
16566,76,5199999,0,user_1,966,969,16457
16571,68,5199999,0,user_7,966,969,16457
16569,77,5199999,0,user_5,966,969,16457
16581,74,5199999,0,user_12,966,969,16457
16570,70,5199999,0,user_6,966,969,16457
16590,71,5199999,0,user_15,966,969,16457
16599,72,5199999,0,user_26,966,969,16457
16243,87,5199999,0,user_9,964,969,15511
16577,73,5199999,0,user_9,966,969,16457
15519,84,5199999,0,user_7,960,969,15511
15520,85,5199999,0,user_7,960,969,15511
15527,83,5199999,0,user_12,960,969,15511
15533,80,5199999,0,user_19,960,969,15511
15518,81,5199999,0,user_6,960,969,15511
15531,86,5199999,0,user_15,960,969,15511
15534,82,5199999,0,user_22,960,969,15511
15651,78,5199999,0,user_18,961,969,15511
15863,79,5199999,0,user_10,962,969,15511
15641,88,5199999,0,user_11,961,969,15511
15647,89,5199999,0,user_14,961,969,15511
16600,90,5000000,0,user_28,966,969,
15895,91,5000000,0,user_36,962,969,
16911,93,630000,4320000,user_48,968,969,
17014,72,629999,0,builder_15,968,968,16911
17015,73,4200001,0,builder_15,968,968,16609
16609,94,4200000,410000,user_39,966,969,
15665,96,4500000,0,user_31,961,969,
16101,97,4500000,0,user_37,963,969,
16728,99,4200001,0,user_17,967,969,16609
16721,98,4200001,0,user_5,967,969,16609
16737,79,4200001,0,user_24,967,968,16609
16734,80,4200001,0,user_20,967,968,16609
16880,81,4200001,0,user_11,968,968,16609
16870,82,4200001,0,user_2,968,968,16609
16881,83,4200001,0,user_14,968,968,16609
16885,84,4200001,0,user_18,968,968,16609
16886,85,4200001,0,user_18,968,968,16609
16872,86,4200001,0,user_5,968,968,16609
16876,87,4200001,0,user_8,968,968,16609
16727,88,4199999,0,user_16,967,968,16609
16720,89,4199999,0,user_2,967,968,16609
16732,90,4199999,0,user_19,967,968,16609
16733,91,4199999,0,user_19,967,968,16609
16731,92,4199999,0,user_18,967,968,16609
16736,93,4199999,0,user_23,967,968,16609
16735,94,4199999,0,user_21,967,968,16609
16738,95,4199999,0,user_26,967,968,16609
16879,96,4199999,0,user_11,968,968,16609
16871,97,4199999,0,user_3,968,968,16609
16888,98,4199999,0,user_23,968,968,16609
16877,99,4199999,0,user_9,968,968,16609
16896,8,43000000,0,user_29,968,979,
15902,6,43000000,0,user_45,962,979,
15679,9,43000000,0,user_47,961,979,
16613,11,30000000,769000,user_45,966,979,
17207,4,29999999,0,builder_15,969,969,16613
16719,41,30000001,0,user_0,967,979,16613
17054,44,30000001,0,user_17,969,979,16613
17056,45,30000001,0,user_18,969,979,16613
17059,46,30000001,0,user_18,969,979,16613
17060,47,30000001,0,user_18,969,979,16613
17064,16,30000001,0,user_21,969,979,16613
17069,48,30000001,0,user_25,969,979,16613
17061,15,30000001,0,user_19,969,979,16613
17053,43,30000001,0,user_15,969,979,16613
17070,49,30000001,0,user_26,969,979,16613
16603,60,30000000,0,user_31,966,979,
16292,58,30000000,0,user_42,964,979,
16468,59,30000000,0,user_43,965,979,
16874,87,29999999,0,user_8,968,979,16613
16873,86,29999999,0,user_7,968,979,16613
17050,88,29999999,0,user_13,969,979,16613
17055,81,29999999,0,user_17,969,979,16613
17063,62,29999999,0,user_21,969,979,16613
17066,82,29999999,0,user_23,969,979,16613
16902,90,27000000,779000,user_36,968,979,
17208,25,26999999,0,builder_15,969,969,16902
17051,91,27000001,0,user_14,969,979,16902
16112,94,27000000,0,user_46,963,972,
17043,82,26999999,0,user_4,969,971,16902
17044,79,26999999,0,user_5,969,971,16902
17046,81,26999999,0,user_7,969,971,16902
17058,83,26999999,0,user_18,969,971,16902
17052,80,26999999,0,user_14,969,971,16902
15543,86,3200000,17700000,user_39,960,971,
17209,34,3199999,0,builder_15,969,969,15543
16903,87,19000000,0,user_37,968,971,
16282,91,6300000,5630,user_32,964,971,
17210,37,6299999,0,builder_15,969,969,16282
16912,95,6300000,0,user_49,968,971,
16445,92,6300000,0,user_28,965,971,
15676,93,6300000,0,user_45,961,971,
15677,94,6300000,0,user_45,961,971,
15900,96,6100000,0,user_40,962,971,
16111,97,6100000,0,user_45,963,971,
16457,99,5200000,215000,user_37,965,971,
17211,45,5199999,0,builder_15,969,969,16457
17212,46,5200001,0,builder_15,969,969,15511
15511,84,5200000,181000,user_1,960,970,
16587,88,5200001,0,user_14,966,970,16457
16591,89,5200001,0,user_16,966,970,16457
16598,50,5200001,0,user_23,966,969,16457
16589,91,5200001,0,user_15,966,970,16457
16568,90,5200001,0,user_5,966,970,16457
16584,92,5200001,0,user_13,966,970,16457
16263,85,5200001,0,user_17,964,970,15511
16264,86,5200001,0,user_18,964,970,15511
16443,87,5200001,0,user_24,965,970,15511
15654,94,5200001,0,user_18,961,970,15511
15866,93,5200001,0,user_10,962,970,15511
15532,98,5200001,0,user_19,960,970,15511
15517,97,5200001,0,user_6,960,970,15511
15537,99,5200001,0,user_26,960,970,15511
15526,95,5200001,0,user_12,960,970,15511
15530,96,5200001,0,user_15,960,970,15511
15645,64,5200001,0,user_13,961,969,15511
16299,65,5200000,0,user_48,964,969,
15903,66,5200000,0,user_45,962,969,
16087,67,5200000,0,user_28,963,969,
16571,68,5199999,0,user_7,966,969,16457
16585,69,5199999,0,user_14,966,969,16457
16570,70,5199999,0,user_6,966,969,16457
16590,71,5199999,0,user_15,966,969,16457
16599,72,5199999,0,user_26,966,969,16457
16577,73,5199999,0,user_9,966,969,16457
16581,74,5199999,0,user_12,966,969,16457
16563,75,5199999,0,user_1,966,969,16457
16566,76,5199999,0,user_1,966,969,16457
16569,77,5199999,0,user_5,966,969,16457
15651,78,5199999,0,user_18,961,969,15511
15863,79,5199999,0,user_10,962,969,15511
15533,80,5199999,0,user_19,960,969,15511
15518,81,5199999,0,user_6,960,969,15511
15534,82,5199999,0,user_22,960,969,15511
15527,83,5199999,0,user_12,960,969,15511
15519,84,5199999,0,user_7,960,969,15511
15520,85,5199999,0,user_7,960,969,15511
15531,86,5199999,0,user_15,960,969,15511
16243,87,5199999,0,user_9,964,969,15511
15641,88,5199999,0,user_11,961,969,15511
15647,89,5199999,0,user_14,961,969,15511
16600,90,5000000,0,user_28,966,969,
15895,91,5000000,0,user_36,962,969,
17213,92,630001,0,builder_15,969,969,16911
16911,93,630000,4320000,user_48,968,969,
16609,94,4200000,410000,user_39,966,969,
17214,95,4199999,0,builder_15,969,969,16609
15665,96,4500000,0,user_31,961,969,
16101,97,4500000,0,user_37,963,969,
16721,98,4200001,0,user_5,967,969,16609
16728,99,4200001,0,user_17,967,969,16609
17398,0,43000001,0,builder_15,970,970,17076
17076,0,43000000,545000,user_38,969,979,
16896,8,43000000,0,user_29,968,979,
17300,4,43000000,0,user_48,970,979,
15902,6,43000000,0,user_45,962,979,
15679,9,43000000,0,user_47,961,979,
17399,6,30000001,0,builder_15,970,970,16613
16613,11,30000000,769000,user_45,966,979,
17054,44,30000001,0,user_17,969,979,16613
17061,15,30000001,0,user_19,969,979,16613
17056,45,30000001,0,user_18,969,979,16613
17059,46,30000001,0,user_18,969,979,16613
17060,47,30000001,0,user_18,969,979,16613
17062,42,30000001,0,user_20,969,979,16613
17053,43,30000001,0,user_15,969,979,16613
17064,16,30000001,0,user_21,969,979,16613
17069,48,30000001,0,user_25,969,979,16613
17070,49,30000001,0,user_26,969,979,16613
17261,32,30000001,0,user_11,970,979,16613
17239,28,30000001,0,user_0,970,979,16613
17240,14,30000001,0,user_1,970,979,16613
17247,29,30000001,0,user_4,970,979,16613
17262,30,30000001,0,user_12,970,979,16613
17265,31,30000001,0,user_12,970,979,16613
17241,34,30000001,0,user_2,970,979,16613
17242,35,30000001,0,user_2,970,979,16613
17268,50,30000001,0,user_13,970,979,16613
17269,51,30000001,0,user_13,970,979,16613
17271,52,30000001,0,user_13,970,979,16613
17275,33,30000001,0,user_18,970,979,16613
17244,36,30000001,0,user_3,970,979,16613
17245,37,30000001,0,user_3,970,979,16613
17276,53,30000001,0,user_19,970,979,16613
17277,54,30000001,0,user_19,970,979,16613
16719,41,30000001,0,user_0,967,979,16613
17256,40,30000001,0,user_9,970,979,16613
17283,38,30000001,0,user_26,970,979,16613
16292,58,30000000,0,user_42,964,979,
16468,59,30000000,0,user_43,965,979,
16603,60,30000000,0,user_31,966,979,
16874,87,29999999,0,user_8,968,979,16613
16873,86,29999999,0,user_7,968,979,16613
17050,88,29999999,0,user_13,969,979,16613
17055,81,29999999,0,user_17,969,979,16613
17066,82,29999999,0,user_23,969,979,16613
17063,62,29999999,0,user_21,969,979,16613
17249,68,29999999,0,user_5,970,979,16613
17266,70,29999999,0,user_12,970,979,16613
17267,83,29999999,0,user_13,970,979,16613
17270,84,29999999,0,user_13,970,979,16613
17273,71,29999999,0,user_16,970,979,16613
17274,72,29999999,0,user_16,970,979,16613
17253,61,29999999,0,user_7,970,979,16613
17255,73,29999999,0,user_8,970,979,16613
17258,78,29999999,0,user_10,970,979,16613
17259,79,29999999,0,user_10,970,979,16613
17280,74,29999999,0,user_23,970,979,16613
17272,77,29999999,0,user_15,970,979,16613
17279,75,29999999,0,user_22,970,979,16613
17282,76,29999999,0,user_26,970,979,16613
16902,90,27000000,779000,user_36,968,979,
17400,61,26999999,0,builder_15,970,970,16902
17051,91,27000001,0,user_14,969,979,16902
16112,94,27000000,0,user_46,963,972,
17043,82,26999999,0,user_4,969,971,16902
17052,80,26999999,0,user_14,969,971,16902
17046,81,26999999,0,user_7,969,971,16902
17044,79,26999999,0,user_5,969,971,16902
17058,83,26999999,0,user_18,969,971,16902
17257,77,26999999,0,user_10,970,971,16902
15543,86,3200000,17700000,user_39,960,971,
17401,71,3199999,0,builder_15,970,970,15543
16903,87,19000000,0,user_37,968,971,
17402,73,6300001,0,builder_15,970,970,16282
16282,91,6300000,5630,user_32,964,971,
16912,95,6300000,0,user_49,968,971,
16445,92,6300000,0,user_28,965,971,
15676,93,6300000,0,user_45,961,971,
15677,94,6300000,0,user_45,961,971,
15900,96,6100000,0,user_40,962,971,
16111,97,6100000,0,user_45,963,971,
17403,81,5200001,0,builder_15,970,970,16457
16457,99,5200000,215000,user_37,965,971,
17404,83,5200001,0,builder_15,970,970,15511
15511,84,5200000,181000,user_1,960,970,
16263,85,5200001,0,user_17,964,970,15511
16264,86,5200001,0,user_18,964,970,15511
16443,87,5200001,0,user_24,965,970,15511
16587,88,5200001,0,user_14,966,970,16457
16591,89,5200001,0,user_16,966,970,16457
16568,90,5200001,0,user_5,966,970,16457
16589,91,5200001,0,user_15,966,970,16457
16584,92,5200001,0,user_13,966,970,16457
15866,93,5200001,0,user_10,962,970,15511
15654,94,5200001,0,user_18,961,970,15511
15526,95,5200001,0,user_12,960,970,15511
15530,96,5200001,0,user_15,960,970,15511
15517,97,5200001,0,user_6,960,970,15511
15532,98,5200001,0,user_19,960,970,15511
15537,99,5200001,0,user_26,960,970,15511
17576,0,43000001,0,builder_15,971,971,17076
17076,0,43000000,545000,user_38,969,979,
17300,4,43000000,0,user_48,970,979,
15902,6,43000000,0,user_45,962,979,
15679,9,43000000,0,user_47,961,979,
16896,8,43000000,0,user_29,968,979,
16613,11,30000000,769000,user_45,966,979,
17577,7,29999999,0,builder_15,971,971,16613
17240,14,30000001,0,user_1,970,979,16613
17241,34,30000001,0,user_2,970,979,16613
17242,35,30000001,0,user_2,970,979,16613
17247,29,30000001,0,user_4,970,979,16613
17239,28,30000001,0,user_0,970,979,16613
17262,30,30000001,0,user_12,970,979,16613
17265,31,30000001,0,user_12,970,979,16613
17276,53,30000001,0,user_19,970,979,16613
17277,54,30000001,0,user_19,970,979,16613
17275,33,30000001,0,user_18,970,979,16613
17278,39,30000001,0,user_20,970,979,16613
17244,36,30000001,0,user_3,970,979,16613
17245,37,30000001,0,user_3,970,979,16613
17283,38,30000001,0,user_26,970,979,16613
17435,20,30000001,0,user_11,971,979,16613
17436,21,30000001,0,user_11,971,979,16613
17261,32,30000001,0,user_11,970,979,16613
17256,40,30000001,0,user_9,970,979,16613
17427,17,30000001,0,user_2,971,979,16613
17428,18,30000001,0,user_2,971,979,16613
17429,19,30000001,0,user_2,971,979,16613
17438,22,30000001,0,user_13,971,979,16613
17069,48,30000001,0,user_25,969,979,16613
17434,24,30000001,0,user_7,971,979,16613
17448,25,30000001,0,user_21,971,979,16613
17452,26,30000001,0,user_25,971,979,16613
17053,43,30000001,0,user_15,969,979,16613
17061,15,30000001,0,user_19,969,979,16613
17070,49,30000001,0,user_26,969,979,16613
17064,16,30000001,0,user_21,969,979,16613
17054,44,30000001,0,user_17,969,979,16613
17056,45,30000001,0,user_18,969,979,16613
17059,46,30000001,0,user_18,969,979,16613
17060,47,30000001,0,user_18,969,979,16613
17062,42,30000001,0,user_20,969,979,16613
17444,23,30000001,0,user_17,971,979,16613
16719,41,30000001,0,user_0,967,979,16613
17440,27,30000001,0,user_15,971,979,16613
16292,58,30000000,0,user_42,964,979,
16468,59,30000000,0,user_43,965,979,
16603,60,30000000,0,user_31,966,979,
17273,71,29999999,0,user_16,970,979,16613
17274,72,29999999,0,user_16,970,979,16613
17253,61,29999999,0,user_7,970,979,16613
17249,68,29999999,0,user_5,970,979,16613
17266,70,29999999,0,user_12,970,979,16613
17258,78,29999999,0,user_10,970,979,16613
17259,79,29999999,0,user_10,970,979,16613
17255,73,29999999,0,user_8,970,979,16613
17280,74,29999999,0,user_23,970,979,16613
17272,77,29999999,0,user_15,970,979,16613
17279,75,29999999,0,user_22,970,979,16613
17282,76,29999999,0,user_26,970,979,16613
17426,63,29999999,0,user_0,971,979,16613
17050,88,29999999,0,user_13,969,979,16613
17431,65,29999999,0,user_3,971,979,16613
17442,66,29999999,0,user_16,971,979,16613
17443,67,29999999,0,user_16,971,979,16613
17445,80,29999999,0,user_19,971,979,16613
17066,82,29999999,0,user_23,969,979,16613
17063,62,29999999,0,user_21,969,979,16613
17055,81,29999999,0,user_17,969,979,16613
16874,87,29999999,0,user_8,968,979,16613
16873,86,29999999,0,user_7,968,979,16613
17449,64,29999999,0,user_22,971,979,16613
16902,90,27000000,779000,user_36,968,979,
17578,74,26999999,0,builder_15,971,971,16902
17051,91,27000001,0,user_14,969,979,16902
16112,94,27000000,0,user_46,963,972,
17257,77,26999999,0,user_10,970,971,16902
17430,95,26999999,0,user_2,971,972,16902
17044,79,26999999,0,user_5,969,971,16902
17052,80,26999999,0,user_14,969,971,16902
17046,81,26999999,0,user_7,969,971,16902
17043,82,26999999,0,user_4,969,971,16902
17058,83,26999999,0,user_18,969,971,16902
17441,97,26999999,0,user_15,971,972,16902
17579,85,3200001,0,builder_15,971,971,15543
15543,86,3200000,17700000,user_39,960,971,
16903,87,19000000,0,user_37,968,971,
17580,88,870001,0,builder_15,971,971,17462
17462,89,870000,7190000,user_36,971,971,
17581,90,6300001,0,builder_15,971,971,16282
16282,91,6300000,5630,user_32,964,971,
16445,92,6300000,0,user_28,965,971,
15676,93,6300000,0,user_45,961,971,
15677,94,6300000,0,user_45,961,971,
16912,95,6300000,0,user_49,968,971,
15900,96,6100000,0,user_40,962,971,
16111,97,6100000,0,user_45,963,971,
17582,98,5200001,0,builder_15,971,971,16457
16457,99,5200000,215000,user_37,965,971,
17076,0,43000000,545000,user_38,969,979,
17714,1,42999999,0,builder_15,972,972,17076
17300,4,43000000,0,user_48,970,979,
15902,6,43000000,0,user_45,962,979,
15679,9,43000000,0,user_47,961,979,
16896,8,43000000,0,user_29,968,979,
17648,5,43000000,0,user_44,972,979,
16613,11,30000000,769000,user_45,966,979,
17715,8,29999999,0,builder_15,972,972,16613
17427,17,30000001,0,user_2,971,979,16613
17428,18,30000001,0,user_2,971,979,16613
17429,19,30000001,0,user_2,971,979,16613
17438,22,30000001,0,user_13,971,979,16613
17444,23,30000001,0,user_17,971,979,16613
17434,24,30000001,0,user_7,971,979,16613
17261,32,30000001,0,user_11,970,979,16613
17440,27,30000001,0,user_15,971,979,16613
17448,25,30000001,0,user_21,971,979,16613
17452,26,30000001,0,user_25,971,979,16613
17435,20,30000001,0,user_11,971,979,16613
17436,21,30000001,0,user_11,971,979,16613
17268,50,30000001,0,user_13,970,979,16613
17269,51,30000001,0,user_13,970,979,16613
17271,52,30000001,0,user_13,970,979,16613
17056,45,30000001,0,user_18,969,979,16613
17059,46,30000001,0,user_18,969,979,16613
17060,47,30000001,0,user_18,969,979,16613
17061,15,30000001,0,user_19,969,979,16613
17053,43,30000001,0,user_15,969,979,16613
17070,49,30000001,0,user_26,969,979,16613
17240,14,30000001,0,user_1,970,979,16613
17241,34,30000001,0,user_2,970,979,16613
17242,35,30000001,0,user_2,970,979,16613
17247,29,30000001,0,user_4,970,979,16613
17275,33,30000001,0,user_18,970,979,16613
17054,44,30000001,0,user_17,969,979,16613
17239,28,30000001,0,user_0,970,979,16613
17262,30,30000001,0,user_12,970,979,16613
17265,31,30000001,0,user_12,970,979,16613
17276,53,30000001,0,user_19,970,979,16613
17277,54,30000001,0,user_19,970,979,16613
17244,36,30000001,0,user_3,970,979,16613
17245,37,30000001,0,user_3,970,979,16613
17283,38,30000001,0,user_26,970,979,16613
17256,40,30000001,0,user_9,970,979,16613
17062,42,30000001,0,user_20,969,979,16613
17278,39,30000001,0,user_20,970,979,16613
17069,48,30000001,0,user_25,969,979,16613
17064,16,30000001,0,user_21,969,979,16613
16719,41,30000001,0,user_0,967,979,16613
16292,58,30000000,0,user_42,964,979,
16468,59,30000000,0,user_43,965,979,
16603,60,30000000,0,user_31,966,979,
17431,65,29999999,0,user_3,971,979,16613
17442,66,29999999,0,user_16,971,979,16613
17443,67,29999999,0,user_16,971,979,16613
17426,63,29999999,0,user_0,971,979,16613
17445,80,29999999,0,user_19,971,979,16613
17446,69,29999999,0,user_20,971,979,16613
17449,64,29999999,0,user_22,971,979,16613
17267,83,29999999,0,user_13,970,979,16613
17270,84,29999999,0,user_13,970,979,16613
17607,85,29999999,0,user_8,972,979,16613
17066,82,29999999,0,user_23,969,979,16613
17273,71,29999999,0,user_16,970,979,16613
17274,72,29999999,0,user_16,970,979,16613
17253,61,29999999,0,user_7,970,979,16613
17055,81,29999999,0,user_17,969,979,16613
17258,78,29999999,0,user_10,970,979,16613
17259,79,29999999,0,user_10,970,979,16613
17249,68,29999999,0,user_5,970,979,16613
17266,70,29999999,0,user_12,970,979,16613
17255,73,29999999,0,user_8,970,979,16613
17280,74,29999999,0,user_23,970,979,16613
17272,77,29999999,0,user_15,970,979,16613
17279,75,29999999,0,user_22,970,979,16613
17282,76,29999999,0,user_26,970,979,16613
17063,62,29999999,0,user_21,969,979,16613
16873,86,29999999,0,user_7,968,979,16613
16874,87,29999999,0,user_8,968,979,16613
17050,88,29999999,0,user_13,969,979,16613
16902,90,27000000,779000,user_36,968,979,
17716,82,26999999,0,builder_15,972,972,16902
17612,94,27000001,0,user_13,972,979,16902
17601,95,27000001,0,user_1,972,979,16902
17602,96,27000001,0,user_1,972,979,16902
17615,98,27000001,0,user_21,972,979,16902
17623,97,27000001,0,user_25,972,977,16902
17051,91,27000001,0,user_14,969,979,16902
17610,93,27000001,0,user_10,972,979,16902
17609,97,27000001,0,user_9,972,978,16902
17614,97,27000001,0,user_15,972,979,16902
17618,99,27000001,0,user_22,972,979,16902
17624,98,27000001,0,user_26,972,977,16902
16112,94,27000000,0,user_46,963,972,
17430,95,26999999,0,user_2,971,972,16902
17447,96,26999999,0,user_20,971,972,16902
17441,97,26999999,0,user_15,971,972,16902
17611,98,26999999,0,user_11,972,972,16902
17606,99,26999999,0,user_7,972,972,16902
17076,0,43000000,545000,user_38,969,979,
17829,1,42999999,0,builder_15,973,973,17076
17648,5,43000000,0,user_44,972,979,
17652,7,43000000,0,user_49,972,979,
17300,4,43000000,0,user_48,970,979,
15902,6,43000000,0,user_45,962,979,
15679,9,43000000,0,user_47,961,979,
16896,8,43000000,0,user_29,968,979,
17830,8,30000001,0,builder_15,973,973,16613
16613,11,30000000,769000,user_45,966,979,
17427,17,30000001,0,user_2,971,979,16613
17428,18,30000001,0,user_2,971,979,16613
17429,19,30000001,0,user_2,971,979,16613
17434,24,30000001,0,user_7,971,979,16613
17435,20,30000001,0,user_11,971,979,16613
17436,21,30000001,0,user_11,971,979,16613
17448,25,30000001,0,user_21,971,979,16613
17438,22,30000001,0,user_13,971,979,16613
17444,23,30000001,0,user_17,971,979,16613
17262,30,30000001,0,user_12,970,979,16613
17265,31,30000001,0,user_12,970,979,16613
17440,27,30000001,0,user_15,971,979,16613
17452,26,30000001,0,user_25,971,979,16613
17061,15,30000001,0,user_19,969,979,16613
17240,14,30000001,0,user_1,970,979,16613
17241,34,30000001,0,user_2,970,979,16613
17242,35,30000001,0,user_2,970,979,16613
17244,36,30000001,0,user_3,970,979,16613
17245,37,30000001,0,user_3,970,979,16613
17275,33,30000001,0,user_18,970,979,16613
17247,29,30000001,0,user_4,970,979,16613
17278,39,30000001,0,user_20,970,979,16613
17283,38,30000001,0,user_26,970,979,16613
17256,40,30000001,0,user_9,970,979,16613
17276,53,30000001,0,user_19,970,979,16613
17277,54,30000001,0,user_19,970,979,16613
17064,16,30000001,0,user_21,969,979,16613
16719,41,30000001,0,user_0,967,979,16613
17053,43,30000001,0,user_15,969,979,16613
17054,44,30000001,0,user_17,969,979,16613
17056,45,30000001,0,user_18,969,979,16613
17059,46,30000001,0,user_18,969,979,16613
17060,47,30000001,0,user_18,969,979,16613
17069,48,30000001,0,user_25,969,979,16613
17070,49,30000001,0,user_26,969,979,16613
17062,42,30000001,0,user_20,969,979,16613
17239,28,30000001,0,user_0,970,979,16613
17261,32,30000001,0,user_11,970,979,16613
17268,50,30000001,0,user_13,970,979,16613
17269,51,30000001,0,user_13,970,979,16613
17271,52,30000001,0,user_13,970,979,16613
16468,59,30000000,0,user_43,965,979,
16292,58,30000000,0,user_42,964,979,
16603,60,30000000,0,user_31,966,979,
17445,80,29999999,0,user_19,971,979,16613
17431,65,29999999,0,user_3,971,979,16613
17442,66,29999999,0,user_16,971,979,16613
17443,67,29999999,0,user_16,971,979,16613
17266,70,29999999,0,user_12,970,979,16613
17449,64,29999999,0,user_22,971,979,16613
17446,69,29999999,0,user_20,971,979,16613
17607,85,29999999,0,user_8,972,979,16613
17426,63,29999999,0,user_0,971,979,16613
17273,71,29999999,0,user_16,970,979,16613
17274,72,29999999,0,user_16,970,979,16613
17280,74,29999999,0,user_23,970,979,16613
17272,77,29999999,0,user_15,970,979,16613
17253,61,29999999,0,user_7,970,979,16613
17258,78,29999999,0,user_10,970,979,16613
17259,79,29999999,0,user_10,970,979,16613
17249,68,29999999,0,user_5,970,979,16613
17255,73,29999999,0,user_8,970,979,16613
17279,75,29999999,0,user_22,970,979,16613
17282,76,29999999,0,user_26,970,979,16613
17063,62,29999999,0,user_21,969,979,16613
17055,81,29999999,0,user_17,969,979,16613
17066,82,29999999,0,user_23,969,979,16613
16873,86,29999999,0,user_7,968,979,16613
16874,87,29999999,0,user_8,968,979,16613
17050,88,29999999,0,user_13,969,979,16613
17267,83,29999999,0,user_13,970,979,16613
17270,84,29999999,0,user_13,970,979,16613
17831,82,27000001,0,builder_15,973,973,16902
16902,90,27000000,779000,user_36,968,979,
17601,95,27000001,0,user_1,972,979,16902
17602,96,27000001,0,user_1,972,979,16902
17615,98,27000001,0,user_21,972,979,16902
17610,93,27000001,0,user_10,972,979,16902
17614,97,27000001,0,user_15,972,979,16902
17618,99,27000001,0,user_22,972,979,16902
17623,97,27000001,0,user_25,972,977,16902
17624,98,27000001,0,user_26,972,977,16902
17609,97,27000001,0,user_9,972,978,16902
17740,90,27000001,0,user_12,973,978,16902
17728,95,27000001,0,user_2,973,975,16902
17741,87,27000001,0,user_13,973,976,16902
17731,97,27000001,0,user_3,973,975,16902
17732,98,27000001,0,user_3,973,975,16902
17743,99,27000001,0,user_14,973,975,16902
17751,88,27000001,0,user_25,973,977,16902
17937,0,43000001,0,builder_15,974,974,17076
17076,0,43000000,545000,user_38,969,979,
17648,5,43000000,0,user_44,972,979,
17652,7,43000000,0,user_49,972,979,
17300,4,43000000,0,user_48,970,979,
15902,6,43000000,0,user_45,962,979,
16896,8,43000000,0,user_29,968,979,
15679,9,43000000,0,user_47,961,979,
17938,8,30000001,0,builder_15,974,974,16613
16613,11,30000000,769000,user_45,966,979,
17435,20,30000001,0,user_11,971,979,16613
17436,21,30000001,0,user_11,971,979,16613
17247,29,30000001,0,user_4,970,979,16613
17056,45,30000001,0,user_18,969,979,16613
17059,46,30000001,0,user_18,969,979,16613
17060,47,30000001,0,user_18,969,979,16613
17239,28,30000001,0,user_0,970,979,16613
17241,34,30000001,0,user_2,970,979,16613
17242,35,30000001,0,user_2,970,979,16613
17244,36,30000001,0,user_3,970,979,16613
17245,37,30000001,0,user_3,970,979,16613
17256,40,30000001,0,user_9,970,979,16613
17261,32,30000001,0,user_11,970,979,16613
17262,30,30000001,0,user_12,970,979,16613
17265,31,30000001,0,user_12,970,979,16613
17278,39,30000001,0,user_20,970,979,16613
17434,24,30000001,0,user_7,971,979,16613
17427,17,30000001,0,user_2,971,979,16613
17428,18,30000001,0,user_2,971,979,16613
17429,19,30000001,0,user_2,971,979,16613
17438,22,30000001,0,user_13,971,979,16613
17444,23,30000001,0,user_17,971,979,16613
17275,33,30000001,0,user_18,970,979,16613
17440,27,30000001,0,user_15,971,979,16613
17448,25,30000001,0,user_21,971,979,16613
17452,26,30000001,0,user_25,971,979,16613
17061,15,30000001,0,user_19,969,979,16613
17064,16,30000001,0,user_21,969,979,16613
17240,14,30000001,0,user_1,970,979,16613
17276,53,30000001,0,user_19,970,979,16613
17277,54,30000001,0,user_19,970,979,16613
17283,38,30000001,0,user_26,970,979,16613
16719,41,30000001,0,user_0,967,979,16613
17069,48,30000001,0,user_25,969,979,16613
17070,49,30000001,0,user_26,969,979,16613
17054,44,30000001,0,user_17,969,979,16613
17053,43,30000001,0,user_15,969,979,16613
17062,42,30000001,0,user_20,969,979,16613
17268,50,30000001,0,user_13,970,979,16613
17269,51,30000001,0,user_13,970,979,16613
17271,52,30000001,0,user_13,970,979,16613
16292,58,30000000,0,user_42,964,979,
16468,59,30000000,0,user_43,965,979,
16603,60,30000000,0,user_31,966,979,
17607,85,29999999,0,user_8,972,979,16613
17249,68,29999999,0,user_5,970,979,16613
17255,73,29999999,0,user_8,970,979,16613
17280,74,29999999,0,user_23,970,979,16613
17272,77,29999999,0,user_15,970,979,16613
17258,78,29999999,0,user_10,970,979,16613
17259,79,29999999,0,user_10,970,979,16613
17266,70,29999999,0,user_12,970,979,16613
17273,71,29999999,0,user_16,970,979,16613
17274,72,29999999,0,user_16,970,979,16613
17431,65,29999999,0,user_3,971,979,16613
17442,66,29999999,0,user_16,971,979,16613
17443,67,29999999,0,user_16,971,979,16613
17426,63,29999999,0,user_0,971,979,16613
17446,69,29999999,0,user_20,971,979,16613
17445,80,29999999,0,user_19,971,979,16613
17449,64,29999999,0,user_22,971,979,16613
17063,62,29999999,0,user_21,969,979,16613
17253,61,29999999,0,user_7,970,979,16613
17279,75,29999999,0,user_22,970,979,16613
17282,76,29999999,0,user_26,970,979,16613
17055,81,29999999,0,user_17,969,979,16613
17066,82,29999999,0,user_23,969,979,16613
16874,87,29999999,0,user_8,968,979,16613
16873,86,29999999,0,user_7,968,979,16613
17050,88,29999999,0,user_13,969,979,16613
17267,83,29999999,0,user_13,970,979,16613
17270,84,29999999,0,user_13,970,979,16613
17939,82,27000001,0,builder_15,974,974,16902
16902,90,27000000,779000,user_36,968,979,
17601,95,27000001,0,user_1,972,979,16902
17602,96,27000001,0,user_1,972,979,16902
17610,93,27000001,0,user_10,972,979,16902
17614,97,27000001,0,user_15,972,979,16902
17615,98,27000001,0,user_21,972,979,16902
17618,99,27000001,0,user_22,972,979,16902
17623,97,27000001,0,user_25,972,977,16902
17624,98,27000001,0,user_26,972,977,16902
17728,95,27000001,0,user_2,973,975,16902
17731,97,27000001,0,user_3,973,975,16902
17732,98,27000001,0,user_3,973,975,16902
17743,99,27000001,0,user_14,973,975,16902
17741,87,27000001,0,user_13,973,976,16902
17740,90,27000001,0,user_12,973,978,16902
17739,92,27000001,0,user_9,973,979,16902
17612,94,27000001,0,user_13,972,979,16902
17076,0,43000000,545000,user_38,969,979,
18053,1,42999999,0,builder_15,975,975,17076
17996,3,43000000,0,user_47,975,979,
17300,4,43000000,0,user_48,970,979,
17648,5,43000000,0,user_44,972,979,
17652,7,43000000,0,user_49,972,979,
15902,6,43000000,0,user_45,962,979,
16896,8,43000000,0,user_29,968,979,
15679,9,43000000,0,user_47,961,979,
18054,9,30000001,0,builder_15,975,975,16613
16613,11,30000000,769000,user_45,966,979,
17247,29,30000001,0,user_4,970,979,16613
17056,45,30000001,0,user_18,969,979,16613
17059,46,30000001,0,user_18,969,979,16613
17060,47,30000001,0,user_18,969,979,16613
17239,28,30000001,0,user_0,970,979,16613
17241,34,30000001,0,user_2,970,979,16613
17242,35,30000001,0,user_2,970,979,16613
17244,36,30000001,0,user_3,970,979,16613
17245,37,30000001,0,user_3,970,979,16613
17256,40,30000001,0,user_9,970,979,16613
17261,32,30000001,0,user_11,970,979,16613
17262,30,30000001,0,user_12,970,979,16613
17265,31,30000001,0,user_12,970,979,16613
17268,50,30000001,0,user_13,970,979,16613
17269,51,30000001,0,user_13,970,979,16613
17271,52,30000001,0,user_13,970,979,16613
17276,53,30000001,0,user_19,970,979,16613
17277,54,30000001,0,user_19,970,979,16613
17283,38,30000001,0,user_26,970,979,16613
17434,24,30000001,0,user_7,971,979,16613
17435,20,30000001,0,user_11,971,979,16613
17436,21,30000001,0,user_11,971,979,16613
17427,17,30000001,0,user_2,971,979,16613
17428,18,30000001,0,user_2,971,979,16613
17429,19,30000001,0,user_2,971,979,16613
17438,22,30000001,0,user_13,971,979,16613
17444,23,30000001,0,user_17,971,979,16613
17275,33,30000001,0,user_18,970,979,16613
17440,27,30000001,0,user_15,971,979,16613
17278,39,30000001,0,user_20,970,979,16613
17448,25,30000001,0,user_21,971,979,16613
17452,26,30000001,0,user_25,971,979,16613
17240,14,30000001,0,user_1,970,979,16613
17061,15,30000001,0,user_19,969,979,16613
17064,16,30000001,0,user_21,969,979,16613
16719,41,30000001,0,user_0,967,979,16613
17062,42,30000001,0,user_20,969,979,16613
17053,43,30000001,0,user_15,969,979,16613
17054,44,30000001,0,user_17,969,979,16613
17069,48,30000001,0,user_25,969,979,16613
17070,49,30000001,0,user_26,969,979,16613
16292,58,30000000,0,user_42,964,979,
16468,59,30000000,0,user_43,965,979,
16603,60,30000000,0,user_31,966,979,
17249,68,29999999,0,user_5,970,979,16613
17255,73,29999999,0,user_8,970,979,16613
17280,74,29999999,0,user_23,970,979,16613
17272,77,29999999,0,user_15,970,979,16613
17258,78,29999999,0,user_10,970,979,16613
17259,79,29999999,0,user_10,970,979,16613
17266,70,29999999,0,user_12,970,979,16613
17273,71,29999999,0,user_16,970,979,16613
17274,72,29999999,0,user_16,970,979,16613
17267,83,29999999,0,user_13,970,979,16613
17270,84,29999999,0,user_13,970,979,16613
17279,75,29999999,0,user_22,970,979,16613
17282,76,29999999,0,user_26,970,979,16613
17431,65,29999999,0,user_3,971,979,16613
17442,66,29999999,0,user_16,971,979,16613
17443,67,29999999,0,user_16,971,979,16613
17426,63,29999999,0,user_0,971,979,16613
17445,80,29999999,0,user_19,971,979,16613
17449,64,29999999,0,user_22,971,979,16613
17607,85,29999999,0,user_8,972,979,16613
17446,69,29999999,0,user_20,971,979,16613
17253,61,29999999,0,user_7,970,979,16613
17063,62,29999999,0,user_21,969,979,16613
17055,81,29999999,0,user_17,969,979,16613
17066,82,29999999,0,user_23,969,979,16613
16873,86,29999999,0,user_7,968,979,16613
16874,87,29999999,0,user_8,968,979,16613
17050,88,29999999,0,user_13,969,979,16613
18055,83,27000001,0,builder_15,975,975,16902
16902,90,27000000,779000,user_36,968,979,
17740,90,27000001,0,user_12,973,978,16902
17739,92,27000001,0,user_9,973,979,16902
17601,95,27000001,0,user_1,972,979,16902
17602,96,27000001,0,user_1,972,979,16902
17609,97,27000001,0,user_9,972,978,16902
17614,97,27000001,0,user_15,972,979,16902
17610,93,27000001,0,user_10,972,979,16902
17612,94,27000001,0,user_13,972,979,16902
17618,99,27000001,0,user_22,972,979,16902
17624,98,27000001,0,user_26,972,977,16902
17728,95,27000001,0,user_2,973,975,16902
17741,87,27000001,0,user_13,973,976,16902
17731,97,27000001,0,user_3,973,975,16902
17732,98,27000001,0,user_3,973,975,16902
17743,99,27000001,0,user_14,973,975,16902
17076,0,43000000,545000,user_38,969,979,
18170,1,42999999,0,builder_15,976,976,17076
17996,3,43000000,0,user_47,975,979,
18097,2,43000000,0,user_30,976,979,
15902,6,43000000,0,user_45,962,979,
17300,4,43000000,0,user_48,970,979,
17648,5,43000000,0,user_44,972,979,
17652,7,43000000,0,user_49,972,979,
15679,9,43000000,0,user_47,961,979,
16896,8,43000000,0,user_29,968,979,
16613,11,30000000,769000,user_45,966,979,
18171,11,29999999,0,builder_15,976,976,16613
17240,14,30000001,0,user_1,970,979,16613
17064,16,30000001,0,user_21,969,979,16613
17061,15,30000001,0,user_19,969,979,16613
16719,41,30000001,0,user_0,967,979,16613
17062,42,30000001,0,user_20,969,979,16613
17053,43,30000001,0,user_15,969,979,16613
17069,48,30000001,0,user_25,969,979,16613
17070,49,30000001,0,user_26,969,979,16613
17054,44,30000001,0,user_17,969,979,16613
17056,45,30000001,0,user_18,969,979,16613
17059,46,30000001,0,user_18,969,979,16613
17060,47,30000001,0,user_18,969,979,16613
17247,29,30000001,0,user_4,970,979,16613
17241,34,30000001,0,user_2,970,979,16613
17242,35,30000001,0,user_2,970,979,16613
17244,36,30000001,0,user_3,970,979,16613
17245,37,30000001,0,user_3,970,979,16613
17239,28,30000001,0,user_0,970,979,16613
17262,30,30000001,0,user_12,970,979,16613
17265,31,30000001,0,user_12,970,979,16613
17278,39,30000001,0,user_20,970,979,16613
17256,40,30000001,0,user_9,970,979,16613
17275,33,30000001,0,user_18,970,979,16613
17261,32,30000001,0,user_11,970,979,16613
17268,50,30000001,0,user_13,970,979,16613
17269,51,30000001,0,user_13,970,979,16613
17271,52,30000001,0,user_13,970,979,16613
17276,53,30000001,0,user_19,970,979,16613
17277,54,30000001,0,user_19,970,979,16613
17283,38,30000001,0,user_26,970,979,16613
17427,17,30000001,0,user_2,971,979,16613
17428,18,30000001,0,user_2,971,979,16613
17429,19,30000001,0,user_2,971,979,16613
17435,20,30000001,0,user_11,971,979,16613
17436,21,30000001,0,user_11,971,979,16613
17434,24,30000001,0,user_7,971,979,16613
17448,25,30000001,0,user_21,971,979,16613
17452,26,30000001,0,user_25,971,979,16613
17438,22,30000001,0,user_13,971,979,16613
17444,23,30000001,0,user_17,971,979,16613
17440,27,30000001,0,user_15,971,979,16613
17972,57,30000000,0,user_29,975,979,
16603,60,30000000,0,user_31,966,979,
16292,58,30000000,0,user_42,964,979,
16468,59,30000000,0,user_43,965,979,
17253,61,29999999,0,user_7,970,979,16613
17063,62,29999999,0,user_21,969,979,16613
17055,81,29999999,0,user_17,969,979,16613
17066,82,29999999,0,user_23,969,979,16613
17258,78,29999999,0,user_10,970,979,16613
17259,79,29999999,0,user_10,970,979,16613
17249,68,29999999,0,user_5,970,979,16613
17266,70,29999999,0,user_12,970,979,16613
17272,77,29999999,0,user_15,970,979,16613
17273,71,29999999,0,user_16,970,979,16613
17274,72,29999999,0,user_16,970,979,16613
17255,73,29999999,0,user_8,970,979,16613
17280,74,29999999,0,user_23,970,979,16613
17267,83,29999999,0,user_13,970,979,16613
17270,84,29999999,0,user_13,970,979,16613
17279,75,29999999,0,user_22,970,979,16613
17282,76,29999999,0,user_26,970,979,16613
17431,65,29999999,0,user_3,971,979,16613
17449,64,29999999,0,user_22,971,979,16613
17442,66,29999999,0,user_16,971,979,16613
17443,67,29999999,0,user_16,971,979,16613
17426,63,29999999,0,user_0,971,979,16613
17445,80,29999999,0,user_19,971,979,16613
17446,69,29999999,0,user_20,971,979,16613
17607,85,29999999,0,user_8,972,979,16613
17050,88,29999999,0,user_13,969,979,16613
16873,86,29999999,0,user_7,968,979,16613
16874,87,29999999,0,user_8,968,979,16613
18172,85,27000001,0,builder_15,976,976,16902
16902,90,27000000,779000,user_36,968,979,
17741,87,27000001,0,user_13,973,976,16902
17739,92,27000001,0,user_9,973,979,16902
17740,90,27000001,0,user_12,973,978,16902
17051,91,27000001,0,user_14,969,979,16902
17601,95,27000001,0,user_1,972,979,16902
17602,96,27000001,0,user_1,972,979,16902
17609,97,27000001,0,user_9,972,978,16902
17614,97,27000001,0,user_15,972,979,16902
17610,93,27000001,0,user_10,972,979,16902
17618,99,27000001,0,user_22,972,979,16902
17623,97,27000001,0,user_25,972,977,16902
17624,98,27000001,0,user_26,972,977,16902
17612,94,27000001,0,user_13,972,979,16902
18281,0,43000001,0,builder_15,977,977,17076
17076,0,43000000,545000,user_38,969,979,
18097,2,43000000,0,user_30,976,979,
17996,3,43000000,0,user_47,975,979,
15902,6,43000000,0,user_45,962,979,
17300,4,43000000,0,user_48,970,979,
17648,5,43000000,0,user_44,972,979,
17652,7,43000000,0,user_49,972,979,
15679,9,43000000,0,user_47,961,979,
16896,8,43000000,0,user_29,968,979,
16613,11,30000000,769000,user_45,966,979,
18282,11,29999999,0,builder_15,977,977,16613
17061,15,30000001,0,user_19,969,979,16613
17064,16,30000001,0,user_21,969,979,16613
17240,14,30000001,0,user_1,970,979,16613
17062,42,30000001,0,user_20,969,979,16613
17053,43,30000001,0,user_15,969,979,16613
17069,48,30000001,0,user_25,969,979,16613
17070,49,30000001,0,user_26,969,979,16613
17054,44,30000001,0,user_17,969,979,16613
17056,45,30000001,0,user_18,969,979,16613
17059,46,30000001,0,user_18,969,979,16613
17060,47,30000001,0,user_18,969,979,16613
17241,34,30000001,0,user_2,970,979,16613
17242,35,30000001,0,user_2,970,979,16613
17247,29,30000001,0,user_4,970,979,16613
17268,50,30000001,0,user_13,970,979,16613
17269,51,30000001,0,user_13,970,979,16613
17271,52,30000001,0,user_13,970,979,16613
17261,32,30000001,0,user_11,970,979,16613
17239,28,30000001,0,user_0,970,979,16613
17262,30,30000001,0,user_12,970,979,16613
17265,31,30000001,0,user_12,970,979,16613
17276,53,30000001,0,user_19,970,979,16613
17277,54,30000001,0,user_19,970,979,16613
17278,39,30000001,0,user_20,970,979,16613
16719,41,30000001,0,user_0,967,979,16613
17244,36,30000001,0,user_3,970,979,16613
17245,37,30000001,0,user_3,970,979,16613
17283,38,30000001,0,user_26,970,979,16613
17275,33,30000001,0,user_18,970,979,16613
17256,40,30000001,0,user_9,970,979,16613
17427,17,30000001,0,user_2,971,979,16613
17428,18,30000001,0,user_2,971,979,16613
17429,19,30000001,0,user_2,971,979,16613
17435,20,30000001,0,user_11,971,979,16613
17436,21,30000001,0,user_11,971,979,16613
17434,24,30000001,0,user_7,971,979,16613
17448,25,30000001,0,user_21,971,979,16613
17440,27,30000001,0,user_15,971,979,16613
17438,22,30000001,0,user_13,971,979,16613
17444,23,30000001,0,user_17,971,979,16613
17452,26,30000001,0,user_25,971,979,16613
18220,56,30000000,0,user_39,977,979,
17972,57,30000000,0,user_29,975,979,
16468,59,30000000,0,user_43,965,979,
16292,58,30000000,0,user_42,964,979,
16603,60,30000000,0,user_31,966,979,
17063,62,29999999,0,user_21,969,979,16613
17253,61,29999999,0,user_7,970,979,16613
17055,81,29999999,0,user_17,969,979,16613
17066,82,29999999,0,user_23,969,979,16613
17249,68,29999999,0,user_5,970,979,16613
17258,78,29999999,0,user_10,970,979,16613
17259,79,29999999,0,user_10,970,979,16613
17267,83,29999999,0,user_13,970,979,16613
17270,84,29999999,0,user_13,970,979,16613
17266,70,29999999,0,user_12,970,979,16613
17255,73,29999999,0,user_8,970,979,16613
17272,77,29999999,0,user_15,970,979,16613
17279,75,29999999,0,user_22,970,979,16613
17273,71,29999999,0,user_16,970,979,16613
17274,72,29999999,0,user_16,970,979,16613
17282,76,29999999,0,user_26,970,979,16613
17280,74,29999999,0,user_23,970,979,16613
17431,65,29999999,0,user_3,971,979,16613
17426,63,29999999,0,user_0,971,979,16613
17446,69,29999999,0,user_20,971,979,16613
17442,66,29999999,0,user_16,971,979,16613
17443,67,29999999,0,user_16,971,979,16613
17445,80,29999999,0,user_19,971,979,16613
17607,85,29999999,0,user_8,972,979,16613
17449,64,29999999,0,user_22,971,979,16613
16873,86,29999999,0,user_7,968,979,16613
16874,87,29999999,0,user_8,968,979,16613
17050,88,29999999,0,user_13,969,979,16613
16902,90,27000000,779000,user_36,968,979,
18283,87,26999999,0,builder_15,977,977,16902
17751,88,27000001,0,user_25,973,977,16902
17051,91,27000001,0,user_14,969,979,16902
17740,90,27000001,0,user_12,973,978,16902
17739,92,27000001,0,user_9,973,979,16902
17601,95,27000001,0,user_1,972,979,16902
17602,96,27000001,0,user_1,972,979,16902
17609,97,27000001,0,user_9,972,978,16902
17618,99,27000001,0,user_22,972,979,16902
17615,98,27000001,0,user_21,972,979,16902
17623,97,27000001,0,user_25,972,977,16902
17624,98,27000001,0,user_26,972,977,16902
17610,93,27000001,0,user_10,972,979,16902
17076,0,43000000,545000,user_38,969,979,
18404,1,42999999,0,builder_15,978,978,17076
18097,2,43000000,0,user_30,976,979,
17996,3,43000000,0,user_47,975,979,
17300,4,43000000,0,user_48,970,979,
15902,6,43000000,0,user_45,962,979,
17648,5,43000000,0,user_44,972,979,
17652,7,43000000,0,user_49,972,979,
16896,8,43000000,0,user_29,968,979,
15679,9,43000000,0,user_47,961,979,
18405,10,30000001,0,builder_15,978,978,16613
16613,11,30000000,769000,user_45,966,979,
18406,12,30000001,0,builder_15,978,978,18340
18340,12,30000000,322000,user_44,978,979,
17061,15,30000001,0,user_19,969,979,16613
17064,16,30000001,0,user_21,969,979,16613
17240,14,30000001,0,user_1,970,979,16613
17244,36,30000001,0,user_3,970,979,16613
17245,37,30000001,0,user_3,970,979,16613
17247,29,30000001,0,user_4,970,979,16613
17268,50,30000001,0,user_13,970,979,16613
17269,51,30000001,0,user_13,970,979,16613
17271,52,30000001,0,user_13,970,979,16613
17261,32,30000001,0,user_11,970,979,16613
17239,28,30000001,0,user_0,970,979,16613
17262,30,30000001,0,user_12,970,979,16613
17265,31,30000001,0,user_12,970,979,16613
17276,53,30000001,0,user_19,970,979,16613
17277,54,30000001,0,user_19,970,979,16613
17278,39,30000001,0,user_20,970,979,16613
17283,38,30000001,0,user_26,970,979,16613
17275,33,30000001,0,user_18,970,979,16613
17427,17,30000001,0,user_2,971,979,16613
17428,18,30000001,0,user_2,971,979,16613
17429,19,30000001,0,user_2,971,979,16613
17241,34,30000001,0,user_2,970,979,16613
17242,35,30000001,0,user_2,970,979,16613
17256,40,30000001,0,user_9,970,979,16613
17438,22,30000001,0,user_13,971,979,16613
17434,24,30000001,0,user_7,971,979,16613
17435,20,30000001,0,user_11,971,979,16613
17436,21,30000001,0,user_11,971,979,16613
17062,42,30000001,0,user_20,969,979,16613
16719,41,30000001,0,user_0,967,979,16613
17069,48,30000001,0,user_25,969,979,16613
17070,49,30000001,0,user_26,969,979,16613
17054,44,30000001,0,user_17,969,979,16613
17056,45,30000001,0,user_18,969,979,16613
17059,46,30000001,0,user_18,969,979,16613
17060,47,30000001,0,user_18,969,979,16613
17053,43,30000001,0,user_15,969,979,16613
17440,27,30000001,0,user_15,971,979,16613
17448,25,30000001,0,user_21,971,979,16613
17452,26,30000001,0,user_25,971,979,16613
17444,23,30000001,0,user_17,971,979,16613
17972,57,30000000,0,user_29,975,979,
18336,55,30000000,0,user_40,978,979,
16292,58,30000000,0,user_42,964,979,
16468,59,30000000,0,user_43,965,979,
16603,60,30000000,0,user_31,966,979,
17063,62,29999999,0,user_21,969,979,16613
17253,61,29999999,0,user_7,970,979,16613
17267,83,29999999,0,user_13,970,979,16613
17270,84,29999999,0,user_13,970,979,16613
17249,68,29999999,0,user_5,970,979,16613
17266,70,29999999,0,user_12,970,979,16613
17255,73,29999999,0,user_8,970,979,16613
17272,77,29999999,0,user_15,970,979,16613
17279,75,29999999,0,user_22,970,979,16613
17273,71,29999999,0,user_16,970,979,16613
17274,72,29999999,0,user_16,970,979,16613
17282,76,29999999,0,user_26,970,979,16613
17258,78,29999999,0,user_10,970,979,16613
17259,79,29999999,0,user_10,970,979,16613
17280,74,29999999,0,user_23,970,979,16613
17426,63,29999999,0,user_0,971,979,16613
17445,80,29999999,0,user_19,971,979,16613
17446,69,29999999,0,user_20,971,979,16613
17055,81,29999999,0,user_17,969,979,16613
17066,82,29999999,0,user_23,969,979,16613
17431,65,29999999,0,user_3,971,979,16613
17442,66,29999999,0,user_16,971,979,16613
17443,67,29999999,0,user_16,971,979,16613
17449,64,29999999,0,user_22,971,979,16613
17607,85,29999999,0,user_8,972,979,16613
16874,87,29999999,0,user_8,968,979,16613
16873,86,29999999,0,user_7,968,979,16613
17050,88,29999999,0,user_13,969,979,16613
18407,88,27000001,0,builder_15,978,978,16902
16902,90,27000000,779000,user_36,968,979,
17740,90,27000001,0,user_12,973,978,16902
17739,92,27000001,0,user_9,973,979,16902
17051,91,27000001,0,user_14,969,979,16902
17601,95,27000001,0,user_1,972,979,16902
17602,96,27000001,0,user_1,972,979,16902
17610,93,27000001,0,user_10,972,979,16902
17615,98,27000001,0,user_21,972,979,16902
17609,97,27000001,0,user_9,972,978,16902
17614,97,27000001,0,user_15,972,979,16902
17612,94,27000001,0,user_13,972,979,16902
17076,0,43000000,545000,user_38,969,979,
18535,1,42999999,0,builder_15,979,979,17076
18097,2,43000000,0,user_30,976,979,
17996,3,43000000,0,user_47,975,979,
17300,4,43000000,0,user_48,970,979,
17648,5,43000000,0,user_44,972,979,
15902,6,43000000,0,user_45,962,979,
17652,7,43000000,0,user_49,972,979,
16896,8,43000000,0,user_29,968,979,
15679,9,43000000,0,user_47,961,979,
18536,10,30000001,0,builder_15,979,979,16613
16613,11,30000000,769000,user_45,966,979,
18340,12,30000000,322000,user_44,978,979,
18537,13,29999999,0,builder_15,979,979,18340
17240,14,30000001,0,user_1,970,979,16613
17061,15,30000001,0,user_19,969,979,16613
17064,16,30000001,0,user_21,969,979,16613
17427,17,30000001,0,user_2,971,979,16613
17428,18,30000001,0,user_2,971,979,16613
17429,19,30000001,0,user_2,971,979,16613
17435,20,30000001,0,user_11,971,979,16613
17436,21,30000001,0,user_11,971,979,16613
17438,22,30000001,0,user_13,971,979,16613
17444,23,30000001,0,user_17,971,979,16613
17434,24,30000001,0,user_7,971,979,16613
17448,25,30000001,0,user_21,971,979,16613
17452,26,30000001,0,user_25,971,979,16613
17440,27,30000001,0,user_15,971,979,16613
17239,28,30000001,0,user_0,970,979,16613
17247,29,30000001,0,user_4,970,979,16613
17262,30,30000001,0,user_12,970,979,16613
17265,31,30000001,0,user_12,970,979,16613
17261,32,30000001,0,user_11,970,979,16613
17275,33,30000001,0,user_18,970,979,16613
17241,34,30000001,0,user_2,970,979,16613
17242,35,30000001,0,user_2,970,979,16613
17244,36,30000001,0,user_3,970,979,16613
17245,37,30000001,0,user_3,970,979,16613
17283,38,30000001,0,user_26,970,979,16613
17278,39,30000001,0,user_20,970,979,16613
17256,40,30000001,0,user_9,970,979,16613
16719,41,30000001,0,user_0,967,979,16613
17062,42,30000001,0,user_20,969,979,16613
17053,43,30000001,0,user_15,969,979,16613
17054,44,30000001,0,user_17,969,979,16613
17056,45,30000001,0,user_18,969,979,16613
17059,46,30000001,0,user_18,969,979,16613
17060,47,30000001,0,user_18,969,979,16613
17069,48,30000001,0,user_25,969,979,16613
17070,49,30000001,0,user_26,969,979,16613
17268,50,30000001,0,user_13,970,979,16613
17269,51,30000001,0,user_13,970,979,16613
17271,52,30000001,0,user_13,970,979,16613
17276,53,30000001,0,user_19,970,979,16613
17277,54,30000001,0,user_19,970,979,16613
18336,55,30000000,0,user_40,978,979,
18220,56,30000000,0,user_39,977,979,
17972,57,30000000,0,user_29,975,979,
16292,58,30000000,0,user_42,964,979,
16468,59,30000000,0,user_43,965,979,
16603,60,30000000,0,user_31,966,979,
17253,61,29999999,0,user_7,970,979,16613
17063,62,29999999,0,user_21,969,979,16613
17426,63,29999999,0,user_0,971,979,16613
17449,64,29999999,0,user_22,971,979,16613
17431,65,29999999,0,user_3,971,979,16613
17442,66,29999999,0,user_16,971,979,16613
17443,67,29999999,0,user_16,971,979,16613
17249,68,29999999,0,user_5,970,979,16613
17446,69,29999999,0,user_20,971,979,16613
17266,70,29999999,0,user_12,970,979,16613
17273,71,29999999,0,user_16,970,979,16613
17274,72,29999999,0,user_16,970,979,16613
17255,73,29999999,0,user_8,970,979,16613
17280,74,29999999,0,user_23,970,979,16613
17279,75,29999999,0,user_22,970,979,16613
17282,76,29999999,0,user_26,970,979,16613
17272,77,29999999,0,user_15,970,979,16613
17258,78,29999999,0,user_10,970,979,16613
17259,79,29999999,0,user_10,970,979,16613
17445,80,29999999,0,user_19,971,979,16613
17055,81,29999999,0,user_17,969,979,16613
17066,82,29999999,0,user_23,969,979,16613
17267,83,29999999,0,user_13,970,979,16613
17270,84,29999999,0,user_13,970,979,16613
17607,85,29999999,0,user_8,972,979,16613
16873,86,29999999,0,user_7,968,979,16613
16874,87,29999999,0,user_8,968,979,16613
17050,88,29999999,0,user_13,969,979,16613
18538,89,27000001,0,builder_15,979,979,16902
16902,90,27000000,779000,user_36,968,979,
17051,91,27000001,0,user_14,969,979,16902
17739,92,27000001,0,user_9,973,979,16902
17610,93,27000001,0,user_10,972,979,16902
17612,94,27000001,0,user_13,972,979,16902
17601,95,27000001,0,user_1,972,979,16902
17602,96,27000001,0,user_1,972,979,16902
17614,97,27000001,0,user_15,972,979,16902
17615,98,27000001,0,user_21,972,979,16902
17618,99,27000001,0,user_22,972,979,16902
15543,86,3200000,17700000,user_39,980,991,
15604,1,3199999,0,builder_15,980,980,15543
15511,84,5200000,181000,user_1,980,990,
15605,3,5199999,0,builder_15,980,980,15511
15526,95,5200001,0,user_12,980,990,15511
15532,98,5200001,0,user_19,980,990,15511
15530,96,5200001,0,user_15,980,990,15511
15517,97,5200001,0,user_6,980,990,15511
15537,99,5200001,0,user_26,980,990,15511
15527,83,5199999,0,user_12,980,989,15511
15519,84,5199999,0,user_7,980,989,15511
15520,85,5199999,0,user_7,980,989,15511
15533,80,5199999,0,user_19,980,989,15511
15531,86,5199999,0,user_15,980,989,15511
15518,81,5199999,0,user_6,980,989,15511
15534,82,5199999,0,user_22,980,989,15511
15541,85,2600000,0,user_37,980,985,
15544,91,2000000,15100,user_40,980,985,
15606,18,1999999,0,builder_15,980,980,15544
15553,94,2000000,0,user_44,980,985,
15557,97,1900000,0,user_47,980,985,
15556,93,1500000,0,user_47,980,984,
15559,95,1300000,13800,user_47,980,984,
15607,23,1299999,0,builder_15,980,980,15559
15560,82,1000000,0,user_48,980,982,
15525,86,910000,0,user_11,980,982,
15515,87,870000,0,user_4,980,982,
15535,89,670000,0,user_23,980,982,
15524,88,670000,0,user_10,980,982,
15523,92,470000,0,user_10,980,982,
15510,96,460000,0,user_1,980,982,
15522,93,460000,0,user_9,980,982,
15550,94,460000,0,user_44,980,982,
15552,97,420000,18600,user_44,980,982,
15608,34,419999,0,builder_15,980,980,15552
15558,64,420000,0,user_47,980,981,
15514,70,300000,0,user_1,980,981,
15516,71,260000,0,user_5,980,981,
15609,38,150001,0,builder_15,980,980,15549
15549,73,150000,75000,user_44,980,981,
15529,74,220000,0,user_14,980,981,
15610,41,170001,0,builder_15,980,980,15528
15528,42,170000,24700,user_13,980,980,
15512,76,190000,0,user_1,980,981,
15509,80,170000,0,user_0,980,981,
15513,83,160000,0,user_1,980,981,
15554,84,160000,0,user_45,980,981,
15551,96,120000,0,user_44,980,981,
15536,97,110000,0,user_24,980,981,
15521,49,98000,0,user_8,980,980,
15555,50,80000,0,user_47,980,980,
15545,51,77000,0,user_40,980,980,
15679,9,43000000,0,user_47,981,999,
15812,1,3200001,0,builder_15,981,981,15543
15543,86,3200000,17700000,user_39,980,991,
15676,93,6300000,0,user_45,981,991,
15677,94,6300000,0,user_45,981,991,
15813,5,5200001,0,builder_15,981,981,15511
15511,84,5200000,181000,user_1,980,990,
15526,95,5200001,0,user_12,980,990,15511
15532,98,5200001,0,user_19,980,990,15511
15517,97,5200001,0,user_6,980,990,15511
15530,96,5200001,0,user_15,980,990,15511
15537,99,5200001,0,user_26,980,990,15511
15645,64,5200001,0,user_13,981,989,15511
15654,94,5200001,0,user_18,981,990,15511
15519,84,5199999,0,user_7,980,989,15511
15520,85,5199999,0,user_7,980,989,15511
15527,83,5199999,0,user_12,980,989,15511
15533,80,5199999,0,user_19,980,989,15511
15518,81,5199999,0,user_6,980,989,15511
15531,86,5199999,0,user_15,980,989,15511
15534,82,5199999,0,user_22,980,989,15511
15641,88,5199999,0,user_11,981,989,15511
15647,89,5199999,0,user_14,981,989,15511
15651,78,5199999,0,user_18,981,989,15511
15665,96,4500000,0,user_31,981,989,
15666,78,3600000,0,user_32,981,987,
15664,79,3500000,0,user_31,981,987,
15643,92,3200001,0,user_11,981,987,15543
15629,83,3200001,0,user_1,981,987,15543
15634,90,3200001,0,user_7,981,987,15543
15636,91,3200001,0,user_7,981,987,15543
15632,84,3200001,0,user_5,981,987,15543
15640,72,3199999,0,user_11,981,985,15543
15630,71,3199999,0,user_2,981,985,15543
15644,76,3199999,0,user_13,981,985,15543
15635,73,3199999,0,user_7,981,985,15543
15656,69,3199999,0,user_19,981,985,15543
15639,74,3199999,0,user_10,981,985,15543
15649,70,3199999,0,user_15,981,985,15543
15541,85,2600000,0,user_37,980,985,
15539,84,2600000,0,user_29,980,985,
15542,90,2100000,0,user_38,980,985,
15814,42,2000001,0,builder_15,981,981,15544
15544,91,2000000,15100,user_40,980,985,
15627,93,2000001,0,user_0,981,985,15544
15553,94,2000000,0,user_44,980,985,
15557,97,1900000,0,user_47,980,985,
15556,93,1500000,0,user_47,980,984,
15559,95,1300000,13800,user_47,980,984,
15815,49,1299999,0,builder_15,981,981,15559
15560,82,1000000,0,user_48,980,982,
15525,86,910000,0,user_11,980,982,
15515,87,870000,0,user_4,980,982,
15535,89,670000,0,user_23,980,982,
15524,88,670000,0,user_10,980,982,
15523,92,470000,0,user_10,980,982,
15510,96,460000,0,user_1,980,982,
15547,95,460000,0,user_41,980,982,
15550,94,460000,0,user_44,980,982,
15522,93,460000,0,user_9,980,982,
15552,97,420000,18600,user_44,980,982,
15816,61,419999,0,builder_15,981,981,15552
15637,99,420001,0,user_7,981,982,15552
15660,63,420001,0,user_25,981,981,15552
15558,64,420000,0,user_47,980,981,
15642,65,419999,0,user_11,981,981,15552
15661,66,419999,0,user_25,981,981,15552
15817,67,360001,0,builder_15,981,981,15671
15671,68,360000,56200,user_39,981,981,
15540,69,340000,0,user_34,980,981,
15514,70,300000,0,user_1,980,981,
15516,71,260000,0,user_5,980,981,
15818,72,150001,0,builder_15,981,981,15549
15549,73,150000,75000,user_44,980,981,
15529,74,220000,0,user_14,980,981,
15561,75,220000,0,user_49,980,981,
15512,76,190000,0,user_1,980,981,
15658,77,170001,0,user_21,981,981,15528
15659,78,170001,0,user_24,981,981,15528
15648,79,170001,0,user_15,981,981,15528
15509,80,170000,0,user_0,980,981,
15663,81,150000,14200,user_30,981,981,
15819,82,149999,0,builder_15,981,981,15663
15513,83,160000,0,user_1,980,981,
15554,84,160000,0,user_45,980,981,
15631,85,150001,0,user_4,981,981,15549
15652,86,150001,0,user_18,981,981,15549
15655,87,150001,0,user_18,981,981,15549
15628,88,150001,0,user_0,981,981,15549
15667,89,150000,0,user_32,981,981,
15646,90,149999,0,user_14,981,981,15549
15650,91,149999,0,user_16,981,981,15549
15653,92,149999,0,user_18,981,981,15549
15548,93,130000,18600,user_43,980,981,
15820,94,129999,0,builder_15,981,981,15548
15638,95,129999,0,user_8,981,981,15548
15551,96,120000,0,user_44,980,981,
15536,97,110000,0,user_24,980,981,
15546,98,110000,0,user_41,980,981,
15538,99,110000,0,user_27,980,981,
15679,9,43000000,0,user_47,981,999,
15902,6,43000000,0,user_45,982,999,
16036,2,3200001,0,builder_15,982,982,15543
15543,86,3200000,17700000,user_39,980,991,
15676,93,6300000,0,user_45,981,991,
15677,94,6300000,0,user_45,981,991,
15900,96,6100000,0,user_40,982,991,
16037,7,5200001,0,builder_15,982,982,15511
15511,84,5200000,181000,user_1,980,990,
15532,98,5200001,0,user_19,980,990,15511
15517,97,5200001,0,user_6,980,990,15511
15530,96,5200001,0,user_15,980,990,15511
15537,99,5200001,0,user_26,980,990,15511
15526,95,5200001,0,user_12,980,990,15511
15654,94,5200001,0,user_18,981,990,15511
15866,93,5200001,0,user_10,982,990,15511
15903,66,5200000,0,user_45,982,989,
15647,89,5199999,0,user_14,981,989,15511
15519,84,5199999,0,user_7,980,989,15511
15520,85,5199999,0,user_7,980,989,15511
15533,80,5199999,0,user_19,980,989,15511
15518,81,5199999,0,user_6,980,989,15511
15531,86,5199999,0,user_15,980,989,15511
15534,82,5199999,0,user_22,980,989,15511
15641,88,5199999,0,user_11,981,989,15511
15527,83,5199999,0,user_12,980,989,15511
15651,78,5199999,0,user_18,981,989,15511
15863,79,5199999,0,user_10,982,989,15511
15895,91,5000000,0,user_36,982,989,
15665,96,4500000,0,user_31,981,989,
15666,78,3600000,0,user_32,981,987,
15664,79,3500000,0,user_31,981,987,
15629,83,3200001,0,user_1,981,987,15543
15634,90,3200001,0,user_7,981,987,15543
15636,91,3200001,0,user_7,981,987,15543
15632,84,3200001,0,user_5,981,987,15543
15633,93,3200001,0,user_6,981,987,15543
15643,92,3200001,0,user_11,981,987,15543
15854,94,3200001,0,user_1,982,987,15543
15859,85,3200001,0,user_5,982,987,15543
15865,86,3200001,0,user_10,982,987,15543
15630,71,3199999,0,user_2,981,985,15543
15635,73,3199999,0,user_7,981,985,15543
15656,69,3199999,0,user_19,981,985,15543
15639,74,3199999,0,user_10,981,985,15543
15657,94,3199999,0,user_20,981,986,15543
15649,70,3199999,0,user_15,981,985,15543
15640,72,3199999,0,user_11,981,985,15543
15857,95,3199999,0,user_3,982,986,15543
15861,96,3199999,0,user_7,982,986,15543
15874,99,3199999,0,user_18,982,986,15543
15878,97,3199999,0,user_21,982,986,15543
15879,98,3199999,0,user_21,982,986,15543
15881,81,3199999,0,user_24,982,985,15543
15539,84,2600000,0,user_29,980,985,
15541,85,2600000,0,user_37,980,985,
15542,90,2100000,0,user_38,980,985,
15544,91,2000000,15100,user_40,980,985,
16038,58,1999999,0,builder_15,982,982,15544
15627,93,2000001,0,user_0,981,985,15544
15553,94,2000000,0,user_44,980,985,
15557,97,1900000,0,user_47,980,985,
15898,99,1700000,0,user_39,982,985,
15896,90,1600000,0,user_37,982,984,
15556,93,1500000,0,user_47,980,984,
15559,95,1300000,13800,user_47,980,984,
16039,66,1299999,0,builder_15,982,982,15559
15907,82,1200000,0,user_48,982,983,
15891,84,1100000,0,user_32,982,983,
16040,69,1000001,0,builder_15,982,982,15673
15673,86,1000000,66100,user_42,981,983,
16041,71,1000001,0,builder_15,982,982,15888
15888,88,1000000,3130,user_32,982,983,
15855,99,1000001,0,user_1,982,983,15673
15870,91,1000001,0,user_14,982,983,15673
15877,92,1000001,0,user_21,982,983,15673
15882,95,1000001,0,user_25,982,983,15673
15875,90,1000001,0,user_19,982,983,15673
15880,94,1000001,0,user_23,982,983,15673
15864,93,1000001,0,user_10,982,983,15673
15862,97,1000001,0,user_9,982,983,15673
15883,96,1000001,0,user_26,982,983,15673
15560,82,1000000,0,user_48,980,982,
15867,83,999999,0,user_11,982,982,15673
15873,84,999999,0,user_17,982,982,15673
15871,85,999999,0,user_15,982,982,15673
15525,86,910000,0,user_11,980,982,
15515,87,870000,0,user_4,980,982,
15524,88,670000,0,user_10,980,982,
15535,89,670000,0,user_23,980,982,
16042,90,190001,0,builder_15,982,982,15670
15670,91,190000,381000,user_38,981,982,
15523,92,470000,0,user_10,980,982,
15522,93,460000,0,user_9,980,982,
15550,94,460000,0,user_44,980,982,
15547,95,460000,0,user_41,980,982,
15510,96,460000,0,user_1,980,982,
15552,97,420000,18600,user_44,980,982,
16043,98,419999,0,builder_15,982,982,15552
15637,99,420001,0,user_7,981,982,15552
15902,6,43000000,0,user_45,982,999,
15679,9,43000000,0,user_47,981,999,
16205,2,3200001,0,builder_15,983,983,15543
15543,86,3200000,17700000,user_39,980,991,
15676,93,6300000,0,user_45,981,991,
15677,94,6300000,0,user_45,981,991,
15900,96,6100000,0,user_40,982,991,
16111,97,6100000,0,user_45,983,991,
15511,84,5200000,181000,user_1,980,990,
16206,9,5199999,0,builder_15,983,983,15511
15866,93,5200001,0,user_10,982,990,15511
15645,64,5200001,0,user_13,981,989,15511
15654,94,5200001,0,user_18,981,990,15511
15526,95,5200001,0,user_12,980,990,15511
15532,98,5200001,0,user_19,980,990,15511
15517,97,5200001,0,user_6,980,990,15511
15530,96,5200001,0,user_15,980,990,15511
15537,99,5200001,0,user_26,980,990,15511
15903,66,5200000,0,user_45,982,989,
16087,67,5200000,0,user_28,983,989,
15863,79,5199999,0,user_10,982,989,15511
15641,88,5199999,0,user_11,981,989,15511
15647,89,5199999,0,user_14,981,989,15511
15651,78,5199999,0,user_18,981,989,15511
15527,83,5199999,0,user_12,980,989,15511
15519,84,5199999,0,user_7,980,989,15511
15520,85,5199999,0,user_7,980,989,15511
15533,80,5199999,0,user_19,980,989,15511
15518,81,5199999,0,user_6,980,989,15511
15531,86,5199999,0,user_15,980,989,15511
15534,82,5199999,0,user_22,980,989,15511
15895,91,5000000,0,user_36,982,989,
15665,96,4500000,0,user_31,981,989,
16101,97,4500000,0,user_37,983,989,
15666,78,3600000,0,user_32,981,987,
15664,79,3500000,0,user_31,981,987,
15865,86,3200001,0,user_10,982,987,15543
15633,93,3200001,0,user_6,981,987,15543
15643,92,3200001,0,user_11,981,987,15543
15634,90,3200001,0,user_7,981,987,15543
15636,91,3200001,0,user_7,981,987,15543
15854,94,3200001,0,user_1,982,987,15543
15859,85,3200001,0,user_5,982,987,15543
16077,87,3200001,0,user_16,983,987,15543
15629,83,3200001,0,user_1,981,987,15543
15632,84,3200001,0,user_5,981,987,15543
15861,96,3199999,0,user_7,982,986,15543
15857,95,3199999,0,user_3,982,986,15543
15878,97,3199999,0,user_21,982,986,15543
15879,98,3199999,0,user_21,982,986,15543
15874,99,3199999,0,user_18,982,986,15543
15881,81,3199999,0,user_24,982,985,15543
16066,82,3199999,0,user_1,983,985,15543
15640,72,3199999,0,user_11,981,985,15543
15635,73,3199999,0,user_7,981,985,15543
15639,74,3199999,0,user_10,981,985,15543
15657,94,3199999,0,user_20,981,986,15543
15644,76,3199999,0,user_13,981,985,15543
16078,68,3199999,0,user_17,983,985,15543
15630,71,3199999,0,user_2,981,985,15543
15656,69,3199999,0,user_19,981,985,15543
15649,70,3199999,0,user_15,981,985,15543
15541,85,2600000,0,user_37,980,985,
15539,84,2600000,0,user_29,980,985,
16097,89,2300000,0,user_35,983,985,
15542,90,2100000,0,user_38,980,985,
15544,91,2000000,15100,user_40,980,985,
16207,67,1999999,0,builder_15,983,983,15544
15627,93,2000001,0,user_0,981,985,15544
15553,94,2000000,0,user_44,980,985,
16100,96,1900000,0,user_36,983,985,
15557,97,1900000,0,user_47,980,985,
15898,99,1700000,0,user_39,982,985,
16113,98,1700000,0,user_47,983,985,
15896,90,1600000,0,user_37,982,984,
16096,92,1500000,0,user_33,983,984,
15556,93,1500000,0,user_47,980,984,
15559,95,1300000,13800,user_47,980,984,
16208,78,1299999,0,builder_15,983,983,15559
15904,97,1300000,0,user_46,982,984,
16098,98,1300000,0,user_35,983,984,
16103,99,1300000,0,user_39,983,984,
15907,82,1200000,0,user_48,982,983,
16108,83,1200000,0,user_40,983,983,
15891,84,1100000,0,user_32,982,983,
16106,85,1100000,0,user_39,983,983,
15673,86,1000000,66100,user_42,981,983,
16209,87,999999,0,builder_15,983,983,15673
15888,88,1000000,3130,user_32,982,983,
16210,89,999999,0,builder_15,983,983,15888
15875,90,1000001,0,user_19,982,983,15673
15870,91,1000001,0,user_14,982,983,15673
15877,92,1000001,0,user_21,982,983,15673
15864,93,1000001,0,user_10,982,983,15673
15880,94,1000001,0,user_23,982,983,15673
15882,95,1000001,0,user_25,982,983,15673
15883,96,1000001,0,user_26,982,983,15673
15862,97,1000001,0,user_9,982,983,15673
16068,98,1000001,0,user_4,983,983,15673
15855,99,1000001,0,user_1,982,983,15673
15902,6,43000000,0,user_45,982,999,
15679,9,43000000,0,user_47,981,999,
16112,94,27000000,0,user_46,983,992,
15543,86,3200000,17700000,user_39,980,991,
16386,4,3199999,0,builder_15,984,984,15543
16387,5,6300001,0,builder_15,984,984,16282
16282,91,6300000,5630,user_32,984,991,
15676,93,6300000,0,user_45,981,991,
15677,94,6300000,0,user_45,981,991,
16111,97,6100000,0,user_45,983,991,
15900,96,6100000,0,user_40,982,991,
16388,11,5200001,0,builder_15,984,984,15511
15511,84,5200000,181000,user_1,980,990,
15866,93,5200001,0,user_10,982,990,15511
16263,85,5200001,0,user_17,984,990,15511
16264,86,5200001,0,user_18,984,990,15511
15654,94,5200001,0,user_18,981,990,15511
15517,97,5200001,0,user_6,980,990,15511
15537,99,5200001,0,user_26,980,990,15511
15532,98,5200001,0,user_19,980,990,15511
15530,96,5200001,0,user_15,980,990,15511
15526,95,5200001,0,user_12,980,990,15511
15645,64,5200001,0,user_13,981,989,15511
15903,66,5200000,0,user_45,982,989,
16087,67,5200000,0,user_28,983,989,
16299,65,5200000,0,user_48,984,989,
15641,88,5199999,0,user_11,981,989,15511
15863,79,5199999,0,user_10,982,989,15511
15651,78,5199999,0,user_18,981,989,15511
15518,81,5199999,0,user_6,980,989,15511
15534,82,5199999,0,user_22,980,989,15511
15533,80,5199999,0,user_19,980,989,15511
15519,84,5199999,0,user_7,980,989,15511
15520,85,5199999,0,user_7,980,989,15511
15531,86,5199999,0,user_15,980,989,15511
15527,83,5199999,0,user_12,980,989,15511
15647,89,5199999,0,user_14,981,989,15511
16243,87,5199999,0,user_9,984,989,15511
15895,91,5000000,0,user_36,982,989,
16101,97,4500000,0,user_37,983,989,
15665,96,4500000,0,user_31,981,989,
15666,78,3600000,0,user_32,981,987,
15664,79,3500000,0,user_31,981,987,
15854,94,3200001,0,user_1,982,987,15543
15859,85,3200001,0,user_5,982,987,15543
15643,92,3200001,0,user_11,981,987,15543
15865,86,3200001,0,user_10,982,987,15543
16077,87,3200001,0,user_16,983,987,15543
16245,95,3200001,0,user_11,984,987,15543
16229,89,3200001,0,user_0,984,987,15543
16235,88,3200001,0,user_2,984,987,15543
16259,96,3200001,0,user_16,984,987,15543
15629,83,3200001,0,user_1,981,987,15543
15632,84,3200001,0,user_5,981,987,15543
15633,93,3200001,0,user_6,981,987,15543
15634,90,3200001,0,user_7,981,987,15543
15636,91,3200001,0,user_7,981,987,15543
16301,98,3200000,0,user_48,984,987,
15857,95,3199999,0,user_3,982,986,15543
15861,96,3199999,0,user_7,982,986,15543
15874,99,3199999,0,user_18,982,986,15543
15881,81,3199999,0,user_24,982,985,15543
15640,72,3199999,0,user_11,981,985,15543
15878,97,3199999,0,user_21,982,986,15543
15879,98,3199999,0,user_21,982,986,15543
16066,82,3199999,0,user_1,983,985,15543
16078,68,3199999,0,user_17,983,985,15543
16232,64,3199999,0,user_2,984,985,15543
16271,65,3199999,0,user_25,984,985,15543
15630,71,3199999,0,user_2,981,985,15543
15649,70,3199999,0,user_15,981,985,15543
15656,69,3199999,0,user_19,981,985,15543
15639,74,3199999,0,user_10,981,985,15543
15635,73,3199999,0,user_7,981,985,15543
15644,76,3199999,0,user_13,981,985,15543
15657,94,3199999,0,user_20,981,986,15543
15539,84,2600000,0,user_29,980,985,
15541,85,2600000,0,user_37,980,985,
16102,87,2400000,0,user_38,983,985,
16296,86,2400000,0,user_47,984,985,
16097,89,2300000,0,user_35,983,985,
15542,90,2100000,0,user_38,980,985,
16389,82,2000001,0,builder_15,984,984,15544
15544,91,2000000,15100,user_40,980,985,
15627,93,2000001,0,user_0,981,985,15544
15553,94,2000000,0,user_44,980,985,
16100,96,1900000,0,user_36,983,985,
15557,97,1900000,0,user_47,980,985,
16113,98,1700000,0,user_47,983,985,
15898,99,1700000,0,user_39,982,985,
15896,90,1600000,0,user_37,982,984,
16110,91,1600000,0,user_42,983,984,
16096,92,1500000,0,user_33,983,984,
15556,93,1500000,0,user_47,980,984,
16288,94,1400000,0,user_39,984,984,
15559,95,1300000,13800,user_47,980,984,
16390,96,1299999,0,builder_15,984,984,15559
15904,97,1300000,0,user_46,982,984,
16098,98,1300000,0,user_35,983,984,
16103,99,1300000,0,user_39,983,984,
15679,9,43000000,0,user_47,981,999,
15902,6,43000000,0,user_45,982,999,
16292,58,30000000,0,user_42,984,999,
16112,94,27000000,0,user_46,983,992,
15543,86,3200000,17700000,user_39,980,991,
16544,5,3199999,0,builder_15,985,985,15543
16282,91,6300000,5630,user_32,984,991,
16545,7,6299999,0,builder_15,985,985,16282
16445,92,6300000,0,user_28,985,991,
15676,93,6300000,0,user_45,981,991,
15677,94,6300000,0,user_45,981,991,
16111,97,6100000,0,user_45,983,991,
15900,96,6100000,0,user_40,982,991,
16546,13,5200001,0,builder_15,985,985,16457
16457,99,5200000,215000,user_37,985,991,
15511,84,5200000,181000,user_1,980,990,
16547,16,5199999,0,builder_15,985,985,15511
16263,85,5200001,0,user_17,984,990,15511
16264,86,5200001,0,user_18,984,990,15511
16443,87,5200001,0,user_24,985,990,15511
15517,97,5200001,0,user_6,980,990,15511
15537,99,5200001,0,user_26,980,990,15511
15526,95,5200001,0,user_12,980,990,15511
15530,96,5200001,0,user_15,980,990,15511
15532,98,5200001,0,user_19,980,990,15511
15654,94,5200001,0,user_18,981,990,15511
15645,64,5200001,0,user_13,981,989,15511
15866,93,5200001,0,user_10,982,990,15511
16299,65,5200000,0,user_48,984,989,
16087,67,5200000,0,user_28,983,989,
15903,66,5200000,0,user_45,982,989,
16243,87,5199999,0,user_9,984,989,15511
15518,81,5199999,0,user_6,980,989,15511
15534,82,5199999,0,user_22,980,989,15511
15519,84,5199999,0,user_7,980,989,15511
15520,85,5199999,0,user_7,980,989,15511
15527,83,5199999,0,user_12,980,989,15511
15531,86,5199999,0,user_15,980,989,15511
15533,80,5199999,0,user_19,980,989,15511
15651,78,5199999,0,user_18,981,989,15511
15641,88,5199999,0,user_11,981,989,15511
15647,89,5199999,0,user_14,981,989,15511
15863,79,5199999,0,user_10,982,989,15511
15895,91,5000000,0,user_36,982,989,
16101,97,4500000,0,user_37,983,989,
15665,96,4500000,0,user_31,981,989,
15666,78,3600000,0,user_32,981,987,
15664,79,3500000,0,user_31,981,987,
16235,88,3200001,0,user_2,984,987,15543
16259,96,3200001,0,user_16,984,987,15543
16229,89,3200001,0,user_0,984,987,15543
16245,95,3200001,0,user_11,984,987,15543
16410,82,3200001,0,user_1,985,987,15543
16077,87,3200001,0,user_16,983,987,15543
15629,83,3200001,0,user_1,981,987,15543
15632,84,3200001,0,user_5,981,987,15543
15643,92,3200001,0,user_11,981,987,15543
15634,90,3200001,0,user_7,981,987,15543
15636,91,3200001,0,user_7,981,987,15543
15633,93,3200001,0,user_6,981,987,15543
15854,94,3200001,0,user_1,982,987,15543
15859,85,3200001,0,user_5,982,987,15543
15865,86,3200001,0,user_10,982,987,15543
16301,98,3200000,0,user_48,984,987,
16232,64,3199999,0,user_2,984,985,15543
16271,65,3199999,0,user_25,984,985,15543
16433,99,3199999,0,user_18,985,987,15543
15874,99,3199999,0,user_18,982,986,15543
16078,68,3199999,0,user_17,983,985,15543
15656,69,3199999,0,user_19,981,985,15543
15649,70,3199999,0,user_15,981,985,15543
15630,71,3199999,0,user_2,981,985,15543
15640,72,3199999,0,user_11,981,985,15543
15635,73,3199999,0,user_7,981,985,15543
15639,74,3199999,0,user_10,981,985,15543
15657,94,3199999,0,user_20,981,986,15543
15644,76,3199999,0,user_13,981,985,15543
15857,95,3199999,0,user_3,982,986,15543
15861,96,3199999,0,user_7,982,986,15543
15878,97,3199999,0,user_21,982,986,15543
15879,98,3199999,0,user_21,982,986,15543
15881,81,3199999,0,user_24,982,985,15543
16066,82,3199999,0,user_1,983,985,15543
16421,92,3199999,0,user_9,985,986,15543
15539,84,2600000,0,user_29,980,985,
15541,85,2600000,0,user_37,980,985,
16296,86,2400000,0,user_47,984,985,
16102,87,2400000,0,user_38,983,985,
16463,88,2300000,0,user_39,985,985,
16097,89,2300000,0,user_35,983,985,
15542,90,2100000,0,user_38,980,985,
15544,91,2000000,15100,user_40,980,985,
16548,92,1999999,0,builder_15,985,985,15544
15627,93,2000001,0,user_0,981,985,15544
15553,94,2000000,0,user_44,980,985,
16456,95,1900000,0,user_36,985,985,
16100,96,1900000,0,user_36,983,985,
15557,97,1900000,0,user_47,980,985,
16113,98,1700000,0,user_47,983,985,
15898,99,1700000,0,user_39,982,985,
15902,6,43000000,0,user_45,982,999,
15679,9,43000000,0,user_47,981,999,
16695,2,30000001,0,builder_15,986,986,16613
16613,11,30000000,769000,user_45,986,999,
16468,59,30000000,0,user_43,985,999,
16292,58,30000000,0,user_42,984,999,
16603,60,30000000,0,user_31,986,999,
16112,94,27000000,0,user_46,983,992,
16696,8,3200001,0,builder_15,986,986,15543
15543,86,3200000,17700000,user_39,980,991,
16697,10,6300001,0,builder_15,986,986,16282
16282,91,6300000,5630,user_32,984,991,
16445,92,6300000,0,user_28,985,991,
15676,93,6300000,0,user_45,981,991,
15677,94,6300000,0,user_45,981,991,
16111,97,6100000,0,user_45,983,991,
15900,96,6100000,0,user_40,982,991,
16457,99,5200000,215000,user_37,985,991,
16698,18,5199999,0,builder_15,986,986,16457
15511,84,5200000,181000,user_1,980,990,
16699,20,5199999,0,builder_15,986,986,15511
16443,87,5200001,0,user_24,985,990,15511
16568,90,5200001,0,user_5,986,990,16457
16584,92,5200001,0,user_13,986,990,16457
16587,88,5200001,0,user_14,986,990,16457
16591,89,5200001,0,user_16,986,990,16457
16264,86,5200001,0,user_18,984,990,15511
15866,93,5200001,0,user_10,982,990,15511
16263,85,5200001,0,user_17,984,990,15511
15526,95,5200001,0,user_12,980,990,15511
15530,96,5200001,0,user_15,980,990,15511
15517,97,5200001,0,user_6,980,990,15511
15532,98,5200001,0,user_19,980,990,15511
15537,99,5200001,0,user_26,980,990,15511
15654,94,5200001,0,user_18,981,990,15511
16598,50,5200001,0,user_23,986,989,16457
15645,64,5200001,0,user_13,981,989,15511
16589,91,5200001,0,user_15,986,990,16457
16299,65,5200000,0,user_48,984,989,
15903,66,5200000,0,user_45,982,989,
16087,67,5200000,0,user_28,983,989,
16563,75,5199999,0,user_1,986,989,16457
16566,76,5199999,0,user_1,986,989,16457
16569,77,5199999,0,user_5,986,989,16457
16581,74,5199999,0,user_12,986,989,16457
16585,69,5199999,0,user_14,986,989,16457
16571,68,5199999,0,user_7,986,989,16457
16243,87,5199999,0,user_9,984,989,15511
15863,79,5199999,0,user_10,982,989,15511
15519,84,5199999,0,user_7,980,989,15511
15520,85,5199999,0,user_7,980,989,15511
15527,83,5199999,0,user_12,980,989,15511
15531,86,5199999,0,user_15,980,989,15511
15518,81,5199999,0,user_6,980,989,15511
15533,80,5199999,0,user_19,980,989,15511
15534,82,5199999,0,user_22,980,989,15511
15651,78,5199999,0,user_18,981,989,15511
15641,88,5199999,0,user_11,981,989,15511
15647,89,5199999,0,user_14,981,989,15511
16577,73,5199999,0,user_9,986,989,16457
16590,71,5199999,0,user_15,986,989,16457
16570,70,5199999,0,user_6,986,989,16457
16599,72,5199999,0,user_26,986,989,16457
16600,90,5000000,0,user_28,986,989,
15895,91,5000000,0,user_36,982,989,
16609,94,4200000,410000,user_39,986,989,
16700,66,4199999,0,builder_15,986,986,16609
16101,97,4500000,0,user_37,983,989,
15665,96,4500000,0,user_31,981,989,
15666,78,3600000,0,user_32,981,987,
15664,79,3500000,0,user_31,981,987,
16410,82,3200001,0,user_1,985,987,15543
16245,95,3200001,0,user_11,984,987,15543
16259,96,3200001,0,user_16,984,987,15543
16229,89,3200001,0,user_0,984,987,15543
15865,86,3200001,0,user_10,982,987,15543
15859,85,3200001,0,user_5,982,987,15543
16077,87,3200001,0,user_16,983,987,15543
16235,88,3200001,0,user_2,984,987,15543
15629,83,3200001,0,user_1,981,987,15543
15632,84,3200001,0,user_5,981,987,15543
15634,90,3200001,0,user_7,981,987,15543
15636,91,3200001,0,user_7,981,987,15543
15643,92,3200001,0,user_11,981,987,15543
15633,93,3200001,0,user_6,981,987,15543
15854,94,3200001,0,user_1,982,987,15543
16596,80,3200001,0,user_22,986,987,15543
16453,97,3200000,0,user_34,985,987,
16301,98,3200000,0,user_48,984,987,
16433,99,3199999,0,user_18,985,987,15543
16436,90,3199999,0,user_20,985,986,15543
16580,91,3199999,0,user_11,986,986,15543
16421,92,3199999,0,user_9,985,986,15543
16586,93,3199999,0,user_14,986,986,15543
15657,94,3199999,0,user_20,981,986,15543
15857,95,3199999,0,user_3,982,986,15543
15861,96,3199999,0,user_7,982,986,15543
15878,97,3199999,0,user_21,982,986,15543
15879,98,3199999,0,user_21,982,986,15543
15874,99,3199999,0,user_18,982,986,15543
15902,6,43000000,0,user_45,982,999,
15679,9,43000000,0,user_47,981,999,
16848,2,30000001,0,builder_15,987,987,16613
16613,11,30000000,769000,user_45,986,999,
16719,41,30000001,0,user_0,987,999,16613
16603,60,30000000,0,user_31,986,999,
16468,59,30000000,0,user_43,985,999,
16292,58,30000000,0,user_42,984,999,
16112,94,27000000,0,user_46,983,992,
16849,9,3200001,0,builder_15,987,987,15543
15543,86,3200000,17700000,user_39,980,991,
16850,11,6300001,0,builder_15,987,987,16282
16282,91,6300000,5630,user_32,984,991,
16445,92,6300000,0,user_28,985,991,
15676,93,6300000,0,user_45,981,991,
15677,94,6300000,0,user_45,981,991,
15900,96,6100000,0,user_40,982,991,
16111,97,6100000,0,user_45,983,991,
16457,99,5200000,215000,user_37,985,991,
16851,19,5199999,0,builder_15,987,987,16457
16852,20,5200001,0,builder_15,987,987,15511
15511,84,5200000,181000,user_1,980,990,
16568,90,5200001,0,user_5,986,990,16457
16598,50,5200001,0,user_23,986,989,16457
16587,88,5200001,0,user_14,986,990,16457
16589,91,5200001,0,user_15,986,990,16457
16591,89,5200001,0,user_16,986,990,16457
16264,86,5200001,0,user_18,984,990,15511
16443,87,5200001,0,user_24,985,990,15511
15526,95,5200001,0,user_12,980,990,15511
15532,98,5200001,0,user_19,980,990,15511
15517,97,5200001,0,user_6,980,990,15511
15530,96,5200001,0,user_15,980,990,15511
15537,99,5200001,0,user_26,980,990,15511
15654,94,5200001,0,user_18,981,990,15511
15866,93,5200001,0,user_10,982,990,15511
16263,85,5200001,0,user_17,984,990,15511
15645,64,5200001,0,user_13,981,989,15511
16299,65,5200000,0,user_48,984,989,
15903,66,5200000,0,user_45,982,989,
16087,67,5200000,0,user_28,983,989,
16569,77,5199999,0,user_5,986,989,16457
16581,74,5199999,0,user_12,986,989,16457
16571,68,5199999,0,user_7,986,989,16457
16570,70,5199999,0,user_6,986,989,16457
16599,72,5199999,0,user_26,986,989,16457
16577,73,5199999,0,user_9,986,989,16457
16585,69,5199999,0,user_14,986,989,16457
16590,71,5199999,0,user_15,986,989,16457
16563,75,5199999,0,user_1,986,989,16457
16566,76,5199999,0,user_1,986,989,16457
16243,87,5199999,0,user_9,984,989,15511
15519,84,5199999,0,user_7,980,989,15511
15520,85,5199999,0,user_7,980,989,15511
15527,83,5199999,0,user_12,980,989,15511
15533,80,5199999,0,user_19,980,989,15511
15518,81,5199999,0,user_6,980,989,15511
15531,86,5199999,0,user_15,980,989,15511
15534,82,5199999,0,user_22,980,989,15511
15651,78,5199999,0,user_18,981,989,15511
15863,79,5199999,0,user_10,982,989,15511
15641,88,5199999,0,user_11,981,989,15511
15647,89,5199999,0,user_14,981,989,15511
16600,90,5000000,0,user_28,986,989,
15895,91,5000000,0,user_36,982,989,
15665,96,4500000,0,user_31,981,989,
16101,97,4500000,0,user_37,983,989,
16728,99,4200001,0,user_17,987,989,16609
16721,98,4200001,0,user_5,987,989,16609
16737,79,4200001,0,user_24,987,988,16609
16727,88,4199999,0,user_16,987,988,16609
16731,92,4199999,0,user_18,987,988,16609
16720,89,4199999,0,user_2,987,988,16609
16732,90,4199999,0,user_19,987,988,16609
16733,91,4199999,0,user_19,987,988,16609
16736,93,4199999,0,user_23,987,988,16609
16738,95,4199999,0,user_26,987,988,16609
16751,77,3600000,0,user_40,987,987,
15666,78,3600000,0,user_32,981,987,
15664,79,3500000,0,user_31,981,987,
16596,80,3200001,0,user_22,986,987,15543
16730,81,3200001,0,user_17,987,987,15543
16410,82,3200001,0,user_1,985,987,15543
15629,83,3200001,0,user_1,981,987,15543
15632,84,3200001,0,user_5,981,987,15543
15859,85,3200001,0,user_5,982,987,15543
15865,86,3200001,0,user_10,982,987,15543
16077,87,3200001,0,user_16,983,987,15543
16235,88,3200001,0,user_2,984,987,15543
16229,89,3200001,0,user_0,984,987,15543
15634,90,3200001,0,user_7,981,987,15543
15636,91,3200001,0,user_7,981,987,15543
15643,92,3200001,0,user_11,981,987,15543
15633,93,3200001,0,user_6,981,987,15543
15854,94,3200001,0,user_1,982,987,15543
16245,95,3200001,0,user_11,984,987,15543
16259,96,3200001,0,user_16,984,987,15543
16453,97,3200000,0,user_34,985,987,
16301,98,3200000,0,user_48,984,987,
16433,99,3199999,0,user_18,985,987,15543
15902,6,43000000,0,user_45,982,999,
15679,9,43000000,0,user_47,981,999,
17008,2,30000001,0,builder_15,988,988,16613
16613,11,30000000,769000,user_45,986,999,
16719,41,30000001,0,user_0,987,999,16613
16468,59,30000000,0,user_43,985,999,
16603,60,30000000,0,user_31,986,999,
16292,58,30000000,0,user_42,984,999,
16873,86,29999999,0,user_7,988,999,16613
16874,87,29999999,0,user_8,988,999,16613
16902,90,27000000,779000,user_36,988,999,
17009,11,26999999,0,builder_15,988,988,16902
16112,94,27000000,0,user_46,983,992,
17010,13,3200001,0,builder_15,988,988,15543
15543,86,3200000,17700000,user_39,980,991,
16903,87,19000000,0,user_37,988,991,
17011,16,6300001,0,builder_15,988,988,16282
16282,91,6300000,5630,user_32,984,991,
16445,92,6300000,0,user_28,985,991,
15676,93,6300000,0,user_45,981,991,
15677,94,6300000,0,user_45,981,991,
15900,96,6100000,0,user_40,982,991,
16111,97,6100000,0,user_45,983,991,
17012,23,5200001,0,builder_15,988,988,16457
16457,99,5200000,215000,user_37,985,991,
17013,25,5200001,0,builder_15,988,988,15511
15511,84,5200000,181000,user_1,980,990,
16587,88,5200001,0,user_14,986,990,16457
16591,89,5200001,0,user_16,986,990,16457
16568,90,5200001,0,user_5,986,990,16457
16598,50,5200001,0,user_23,986,989,16457
16589,91,5200001,0,user_15,986,990,16457
16584,92,5200001,0,user_13,986,990,16457
16264,86,5200001,0,user_18,984,990,15511
16443,87,5200001,0,user_24,985,990,15511
16263,85,5200001,0,user_17,984,990,15511
15526,95,5200001,0,user_12,980,990,15511
15532,98,5200001,0,user_19,980,990,15511
15517,97,5200001,0,user_6,980,990,15511
15530,96,5200001,0,user_15,980,990,15511
15537,99,5200001,0,user_26,980,990,15511
15654,94,5200001,0,user_18,981,990,15511
15866,93,5200001,0,user_10,982,990,15511
15645,64,5200001,0,user_13,981,989,15511
16299,65,5200000,0,user_48,984,989,
15903,66,5200000,0,user_45,982,989,
16087,67,5200000,0,user_28,983,989,
16585,69,5199999,0,user_14,986,989,16457
16563,75,5199999,0,user_1,986,989,16457
16566,76,5199999,0,user_1,986,989,16457
16571,68,5199999,0,user_7,986,989,16457
16569,77,5199999,0,user_5,986,989,16457
16581,74,5199999,0,user_12,986,989,16457
16570,70,5199999,0,user_6,986,989,16457
16590,71,5199999,0,user_15,986,989,16457
16599,72,5199999,0,user_26,986,989,16457
16243,87,5199999,0,user_9,984,989,15511
16577,73,5199999,0,user_9,986,989,16457
15519,84,5199999,0,user_7,980,989,15511
15520,85,5199999,0,user_7,980,989,15511
15527,83,5199999,0,user_12,980,989,15511
15533,80,5199999,0,user_19,980,989,15511
15518,81,5199999,0,user_6,980,989,15511
15531,86,5199999,0,user_15,980,989,15511
15534,82,5199999,0,user_22,980,989,15511
15651,78,5199999,0,user_18,981,989,15511
15863,79,5199999,0,user_10,982,989,15511
15641,88,5199999,0,user_11,981,989,15511
15647,89,5199999,0,user_14,981,989,15511
16600,90,5000000,0,user_28,986,989,
15895,91,5000000,0,user_36,982,989,
16911,93,630000,4320000,user_48,988,989,
17014,72,629999,0,builder_15,988,988,16911
17015,73,4200001,0,builder_15,988,988,16609
16609,94,4200000,410000,user_39,986,989,
15665,96,4500000,0,user_31,981,989,
16101,97,4500000,0,user_37,983,989,
16728,99,4200001,0,user_17,987,989,16609
16721,98,4200001,0,user_5,987,989,16609
16737,79,4200001,0,user_24,987,988,16609
16734,80,4200001,0,user_20,987,988,16609
16880,81,4200001,0,user_11,988,988,16609
16870,82,4200001,0,user_2,988,988,16609
16881,83,4200001,0,user_14,988,988,16609
16885,84,4200001,0,user_18,988,988,16609
16886,85,4200001,0,user_18,988,988,16609
16872,86,4200001,0,user_5,988,988,16609
16876,87,4200001,0,user_8,988,988,16609
16727,88,4199999,0,user_16,987,988,16609
16720,89,4199999,0,user_2,987,988,16609
16732,90,4199999,0,user_19,987,988,16609
16733,91,4199999,0,user_19,987,988,16609
16731,92,4199999,0,user_18,987,988,16609
16736,93,4199999,0,user_23,987,988,16609
16735,94,4199999,0,user_21,987,988,16609
16738,95,4199999,0,user_26,987,988,16609
16879,96,4199999,0,user_11,988,988,16609
16871,97,4199999,0,user_3,988,988,16609
16888,98,4199999,0,user_23,988,988,16609
16877,99,4199999,0,user_9,988,988,16609
16896,8,43000000,0,user_29,988,999,
15902,6,43000000,0,user_45,982,999,
15679,9,43000000,0,user_47,981,999,
16613,11,30000000,769000,user_45,986,999,
17207,4,29999999,0,builder_15,989,989,16613
16719,41,30000001,0,user_0,987,999,16613
17054,44,30000001,0,user_17,989,999,16613
17056,45,30000001,0,user_18,989,999,16613
17059,46,30000001,0,user_18,989,999,16613
17060,47,30000001,0,user_18,989,999,16613
17064,16,30000001,0,user_21,989,999,16613
17069,48,30000001,0,user_25,989,999,16613
17061,15,30000001,0,user_19,989,999,16613
17053,43,30000001,0,user_15,989,999,16613
17070,49,30000001,0,user_26,989,999,16613
16603,60,30000000,0,user_31,986,999,
16292,58,30000000,0,user_42,984,999,
16468,59,30000000,0,user_43,985,999,
16874,87,29999999,0,user_8,988,999,16613
16873,86,29999999,0,user_7,988,999,16613
17050,88,29999999,0,user_13,989,999,16613
17055,81,29999999,0,user_17,989,999,16613
17063,62,29999999,0,user_21,989,999,16613
17066,82,29999999,0,user_23,989,999,16613
16902,90,27000000,779000,user_36,988,999,
17208,25,26999999,0,builder_15,989,989,16902
17051,91,27000001,0,user_14,989,999,16902
16112,94,27000000,0,user_46,983,992,
17043,82,26999999,0,user_4,989,991,16902
17044,79,26999999,0,user_5,989,991,16902
17046,81,26999999,0,user_7,989,991,16902
17058,83,26999999,0,user_18,989,991,16902
17052,80,26999999,0,user_14,989,991,16902
15543,86,3200000,17700000,user_39,980,991,
17209,34,3199999,0,builder_15,989,989,15543
16903,87,19000000,0,user_37,988,991,
16282,91,6300000,5630,user_32,984,991,
17210,37,6299999,0,builder_15,989,989,16282
16912,95,6300000,0,user_49,988,991,
16445,92,6300000,0,user_28,985,991,
15676,93,6300000,0,user_45,981,991,
15677,94,6300000,0,user_45,981,991,
15900,96,6100000,0,user_40,982,991,
16111,97,6100000,0,user_45,983,991,
16457,99,5200000,215000,user_37,985,991,
17211,45,5199999,0,builder_15,989,989,16457
17212,46,5200001,0,builder_15,989,989,15511
15511,84,5200000,181000,user_1,980,990,
16587,88,5200001,0,user_14,986,990,16457
16591,89,5200001,0,user_16,986,990,16457
16598,50,5200001,0,user_23,986,989,16457
16589,91,5200001,0,user_15,986,990,16457
16568,90,5200001,0,user_5,986,990,16457
16584,92,5200001,0,user_13,986,990,16457
16263,85,5200001,0,user_17,984,990,15511
16264,86,5200001,0,user_18,984,990,15511
16443,87,5200001,0,user_24,985,990,15511
15654,94,5200001,0,user_18,981,990,15511
15866,93,5200001,0,user_10,982,990,15511
15532,98,5200001,0,user_19,980,990,15511
15517,97,5200001,0,user_6,980,990,15511
15537,99,5200001,0,user_26,980,990,15511
15526,95,5200001,0,user_12,980,990,15511
15530,96,5200001,0,user_15,980,990,15511
15645,64,5200001,0,user_13,981,989,15511
16299,65,5200000,0,user_48,984,989,
15903,66,5200000,0,user_45,982,989,
16087,67,5200000,0,user_28,983,989,
16571,68,5199999,0,user_7,986,989,16457
16585,69,5199999,0,user_14,986,989,16457
16570,70,5199999,0,user_6,986,989,16457
16590,71,5199999,0,user_15,986,989,16457
16599,72,5199999,0,user_26,986,989,16457
16577,73,5199999,0,user_9,986,989,16457
16581,74,5199999,0,user_12,986,989,16457
16563,75,5199999,0,user_1,986,989,16457
16566,76,5199999,0,user_1,986,989,16457
16569,77,5199999,0,user_5,986,989,16457
15651,78,5199999,0,user_18,981,989,15511
15863,79,5199999,0,user_10,982,989,15511
15533,80,5199999,0,user_19,980,989,15511
15518,81,5199999,0,user_6,980,989,15511
15534,82,5199999,0,user_22,980,989,15511
15527,83,5199999,0,user_12,980,989,15511
15519,84,5199999,0,user_7,980,989,15511
15520,85,5199999,0,user_7,980,989,15511
15531,86,5199999,0,user_15,980,989,15511
16243,87,5199999,0,user_9,984,989,15511
15641,88,5199999,0,user_11,981,989,15511
15647,89,5199999,0,user_14,981,989,15511
16600,90,5000000,0,user_28,986,989,
15895,91,5000000,0,user_36,982,989,
17213,92,630001,0,builder_15,989,989,16911
16911,93,630000,4320000,user_48,988,989,
16609,94,4200000,410000,user_39,986,989,
17214,95,4199999,0,builder_15,989,989,16609
15665,96,4500000,0,user_31,981,989,
16101,97,4500000,0,user_37,983,989,
16721,98,4200001,0,user_5,987,989,16609
16728,99,4200001,0,user_17,987,989,16609
17398,0,43000001,0,builder_15,990,990,17076
17076,0,43000000,545000,user_38,989,999,
16896,8,43000000,0,user_29,988,999,
17300,4,43000000,0,user_48,990,999,
15902,6,43000000,0,user_45,982,999,
15679,9,43000000,0,user_47,981,999,
17399,6,30000001,0,builder_15,990,990,16613
16613,11,30000000,769000,user_45,986,999,
17054,44,30000001,0,user_17,989,999,16613
17061,15,30000001,0,user_19,989,999,16613
17056,45,30000001,0,user_18,989,999,16613
17059,46,30000001,0,user_18,989,999,16613
17060,47,30000001,0,user_18,989,999,16613
17062,42,30000001,0,user_20,989,999,16613
17053,43,30000001,0,user_15,989,999,16613
17064,16,30000001,0,user_21,989,999,16613
17069,48,30000001,0,user_25,989,999,16613
17070,49,30000001,0,user_26,989,999,16613
17261,32,30000001,0,user_11,990,999,16613
17239,28,30000001,0,user_0,990,999,16613
17240,14,30000001,0,user_1,990,999,16613
17247,29,30000001,0,user_4,990,999,16613
17262,30,30000001,0,user_12,990,999,16613
17265,31,30000001,0,user_12,990,999,16613
17241,34,30000001,0,user_2,990,999,16613
17242,35,30000001,0,user_2,990,999,16613
17268,50,30000001,0,user_13,990,999,16613
17269,51,30000001,0,user_13,990,999,16613
17271,52,30000001,0,user_13,990,999,16613
17275,33,30000001,0,user_18,990,999,16613
17244,36,30000001,0,user_3,990,999,16613
17245,37,30000001,0,user_3,990,999,16613
17276,53,30000001,0,user_19,990,999,16613
17277,54,30000001,0,user_19,990,999,16613
16719,41,30000001,0,user_0,987,999,16613
17256,40,30000001,0,user_9,990,999,16613
17283,38,30000001,0,user_26,990,999,16613
16292,58,30000000,0,user_42,984,999,
16468,59,30000000,0,user_43,985,999,
16603,60,30000000,0,user_31,986,999,
16874,87,29999999,0,user_8,988,999,16613
16873,86,29999999,0,user_7,988,999,16613
17050,88,29999999,0,user_13,989,999,16613
17055,81,29999999,0,user_17,989,999,16613
17066,82,29999999,0,user_23,989,999,16613
17063,62,29999999,0,user_21,989,999,16613
17249,68,29999999,0,user_5,990,999,16613
17266,70,29999999,0,user_12,990,999,16613
17267,83,29999999,0,user_13,990,999,16613
17270,84,29999999,0,user_13,990,999,16613
17273,71,29999999,0,user_16,990,999,16613
17274,72,29999999,0,user_16,990,999,16613
17253,61,29999999,0,user_7,990,999,16613
17255,73,29999999,0,user_8,990,999,16613
17258,78,29999999,0,user_10,990,999,16613
17259,79,29999999,0,user_10,990,999,16613
17280,74,29999999,0,user_23,990,999,16613
17272,77,29999999,0,user_15,990,999,16613
17279,75,29999999,0,user_22,990,999,16613
17282,76,29999999,0,user_26,990,999,16613
16902,90,27000000,779000,user_36,988,999,
17400,61,26999999,0,builder_15,990,990,16902
17051,91,27000001,0,user_14,989,999,16902
16112,94,27000000,0,user_46,983,992,
17043,82,26999999,0,user_4,989,991,16902
17052,80,26999999,0,user_14,989,991,16902
17046,81,26999999,0,user_7,989,991,16902
17044,79,26999999,0,user_5,989,991,16902
17058,83,26999999,0,user_18,989,991,16902
17257,77,26999999,0,user_10,990,991,16902
15543,86,3200000,17700000,user_39,980,991,
17401,71,3199999,0,builder_15,990,990,15543
16903,87,19000000,0,user_37,988,991,
17402,73,6300001,0,builder_15,990,990,16282
16282,91,6300000,5630,user_32,984,991,
16912,95,6300000,0,user_49,988,991,
16445,92,6300000,0,user_28,985,991,
15676,93,6300000,0,user_45,981,991,
15677,94,6300000,0,user_45,981,991,
15900,96,6100000,0,user_40,982,991,
16111,97,6100000,0,user_45,983,991,
17403,81,5200001,0,builder_15,990,990,16457
16457,99,5200000,215000,user_37,985,991,
17404,83,5200001,0,builder_15,990,990,15511
15511,84,5200000,181000,user_1,980,990,
16263,85,5200001,0,user_17,984,990,15511
16264,86,5200001,0,user_18,984,990,15511
16443,87,5200001,0,user_24,985,990,15511
16587,88,5200001,0,user_14,986,990,16457
16591,89,5200001,0,user_16,986,990,16457
16568,90,5200001,0,user_5,986,990,16457
16589,91,5200001,0,user_15,986,990,16457
16584,92,5200001,0,user_13,986,990,16457
15866,93,5200001,0,user_10,982,990,15511
15654,94,5200001,0,user_18,981,990,15511
15526,95,5200001,0,user_12,980,990,15511
15530,96,5200001,0,user_15,980,990,15511
15517,97,5200001,0,user_6,980,990,15511
15532,98,5200001,0,user_19,980,990,15511
15537,99,5200001,0,user_26,980,990,15511
17576,0,43000001,0,builder_15,991,991,17076
17076,0,43000000,545000,user_38,989,999,
17300,4,43000000,0,user_48,990,999,
15902,6,43000000,0,user_45,982,999,
15679,9,43000000,0,user_47,981,999,
16896,8,43000000,0,user_29,988,999,
16613,11,30000000,769000,user_45,986,999,
17577,7,29999999,0,builder_15,991,991,16613
17240,14,30000001,0,user_1,990,999,16613
17241,34,30000001,0,user_2,990,999,16613
17242,35,30000001,0,user_2,990,999,16613
17247,29,30000001,0,user_4,990,999,16613
17239,28,30000001,0,user_0,990,999,16613
17262,30,30000001,0,user_12,990,999,16613
17265,31,30000001,0,user_12,990,999,16613
17276,53,30000001,0,user_19,990,999,16613
17277,54,30000001,0,user_19,990,999,16613
17275,33,30000001,0,user_18,990,999,16613
17278,39,30000001,0,user_20,990,999,16613
17244,36,30000001,0,user_3,990,999,16613
17245,37,30000001,0,user_3,990,999,16613
17283,38,30000001,0,user_26,990,999,16613
17435,20,30000001,0,user_11,991,999,16613
17436,21,30000001,0,user_11,991,999,16613
17261,32,30000001,0,user_11,990,999,16613
17256,40,30000001,0,user_9,990,999,16613
17427,17,30000001,0,user_2,991,999,16613
17428,18,30000001,0,user_2,991,999,16613
17429,19,30000001,0,user_2,991,999,16613
17438,22,30000001,0,user_13,991,999,16613
17069,48,30000001,0,user_25,989,999,16613
17434,24,30000001,0,user_7,991,999,16613
17448,25,30000001,0,user_21,991,999,16613
17452,26,30000001,0,user_25,991,999,16613
17053,43,30000001,0,user_15,989,999,16613
17061,15,30000001,0,user_19,989,999,16613
17070,49,30000001,0,user_26,989,999,16613
17064,16,30000001,0,user_21,989,999,16613
17054,44,30000001,0,user_17,989,999,16613
17056,45,30000001,0,user_18,989,999,16613
17059,46,30000001,0,user_18,989,999,16613
17060,47,30000001,0,user_18,989,999,16613
17062,42,30000001,0,user_20,989,999,16613
17444,23,30000001,0,user_17,991,999,16613
16719,41,30000001,0,user_0,987,999,16613
17440,27,30000001,0,user_15,991,999,16613
16292,58,30000000,0,user_42,984,999,
16468,59,30000000,0,user_43,985,999,
16603,60,30000000,0,user_31,986,999,
17273,71,29999999,0,user_16,990,999,16613
17274,72,29999999,0,user_16,990,999,16613
17253,61,29999999,0,user_7,990,999,16613
17249,68,29999999,0,user_5,990,999,16613
17266,70,29999999,0,user_12,990,999,16613
17258,78,29999999,0,user_10,990,999,16613
17259,79,29999999,0,user_10,990,999,16613
17255,73,29999999,0,user_8,990,999,16613
17280,74,29999999,0,user_23,990,999,16613
17272,77,29999999,0,user_15,990,999,16613
17279,75,29999999,0,user_22,990,999,16613
17282,76,29999999,0,user_26,990,999,16613
17426,63,29999999,0,user_0,991,999,16613
17050,88,29999999,0,user_13,989,999,16613
17431,65,29999999,0,user_3,991,999,16613
17442,66,29999999,0,user_16,991,999,16613
17443,67,29999999,0,user_16,991,999,16613
17445,80,29999999,0,user_19,991,999,16613
17066,82,29999999,0,user_23,989,999,16613
17063,62,29999999,0,user_21,989,999,16613
17055,81,29999999,0,user_17,989,999,16613
16874,87,29999999,0,user_8,988,999,16613
16873,86,29999999,0,user_7,988,999,16613
17449,64,29999999,0,user_22,991,999,16613
16902,90,27000000,779000,user_36,988,999,
17578,74,26999999,0,builder_15,991,991,16902
17051,91,27000001,0,user_14,989,999,16902
16112,94,27000000,0,user_46,983,992,
17257,77,26999999,0,user_10,990,991,16902
17430,95,26999999,0,user_2,991,992,16902
17044,79,26999999,0,user_5,989,991,16902
17052,80,26999999,0,user_14,989,991,16902
17046,81,26999999,0,user_7,989,991,16902
17043,82,26999999,0,user_4,989,991,16902
17058,83,26999999,0,user_18,989,991,16902
17441,97,26999999,0,user_15,991,992,16902
17579,85,3200001,0,builder_15,991,991,15543
15543,86,3200000,17700000,user_39,980,991,
16903,87,19000000,0,user_37,988,991,
17580,88,870001,0,builder_15,991,991,17462
17462,89,870000,7190000,user_36,991,991,
17581,90,6300001,0,builder_15,991,991,16282
16282,91,6300000,5630,user_32,984,991,
16445,92,6300000,0,user_28,985,991,
15676,93,6300000,0,user_45,981,991,
15677,94,6300000,0,user_45,981,991,
16912,95,6300000,0,user_49,988,991,
15900,96,6100000,0,user_40,982,991,
16111,97,6100000,0,user_45,983,991,
17582,98,5200001,0,builder_15,991,991,16457
16457,99,5200000,215000,user_37,985,991,
17076,0,43000000,545000,user_38,989,999,
17714,1,42999999,0,builder_15,992,992,17076
17300,4,43000000,0,user_48,990,999,
15902,6,43000000,0,user_45,982,999,
15679,9,43000000,0,user_47,981,999,
16896,8,43000000,0,user_29,988,999,
17648,5,43000000,0,user_44,992,999,
16613,11,30000000,769000,user_45,986,999,
17715,8,29999999,0,builder_15,992,992,16613
17427,17,30000001,0,user_2,991,999,16613
17428,18,30000001,0,user_2,991,999,16613
17429,19,30000001,0,user_2,991,999,16613
17438,22,30000001,0,user_13,991,999,16613
17444,23,30000001,0,user_17,991,999,16613
17434,24,30000001,0,user_7,991,999,16613
17261,32,30000001,0,user_11,990,999,16613
17440,27,30000001,0,user_15,991,999,16613
17448,25,30000001,0,user_21,991,999,16613
17452,26,30000001,0,user_25,991,999,16613
17435,20,30000001,0,user_11,991,999,16613
17436,21,30000001,0,user_11,991,999,16613
17268,50,30000001,0,user_13,990,999,16613
17269,51,30000001,0,user_13,990,999,16613
17271,52,30000001,0,user_13,990,999,16613
17056,45,30000001,0,user_18,989,999,16613
17059,46,30000001,0,user_18,989,999,16613
17060,47,30000001,0,user_18,989,999,16613
17061,15,30000001,0,user_19,989,999,16613
17053,43,30000001,0,user_15,989,999,16613
17070,49,30000001,0,user_26,989,999,16613
17240,14,30000001,0,user_1,990,999,16613
17241,34,30000001,0,user_2,990,999,16613
17242,35,30000001,0,user_2,990,999,16613
17247,29,30000001,0,user_4,990,999,16613
17275,33,30000001,0,user_18,990,999,16613
17054,44,30000001,0,user_17,989,999,16613
17239,28,30000001,0,user_0,990,999,16613
17262,30,30000001,0,user_12,990,999,16613
17265,31,30000001,0,user_12,990,999,16613
17276,53,30000001,0,user_19,990,999,16613
17277,54,30000001,0,user_19,990,999,16613
17244,36,30000001,0,user_3,990,999,16613
17245,37,30000001,0,user_3,990,999,16613
17283,38,30000001,0,user_26,990,999,16613
17256,40,30000001,0,user_9,990,999,16613
17062,42,30000001,0,user_20,989,999,16613
17278,39,30000001,0,user_20,990,999,16613
17069,48,30000001,0,user_25,989,999,16613
17064,16,30000001,0,user_21,989,999,16613
16719,41,30000001,0,user_0,987,999,16613
16292,58,30000000,0,user_42,984,999,
16468,59,30000000,0,user_43,985,999,
16603,60,30000000,0,user_31,986,999,
17431,65,29999999,0,user_3,991,999,16613
17442,66,29999999,0,user_16,991,999,16613
17443,67,29999999,0,user_16,991,999,16613
17426,63,29999999,0,user_0,991,999,16613
17445,80,29999999,0,user_19,991,999,16613
17446,69,29999999,0,user_20,991,999,16613
17449,64,29999999,0,user_22,991,999,16613
17267,83,29999999,0,user_13,990,999,16613
17270,84,29999999,0,user_13,990,999,16613
17607,85,29999999,0,user_8,992,999,16613
17066,82,29999999,0,user_23,989,999,16613
17273,71,29999999,0,user_16,990,999,16613
17274,72,29999999,0,user_16,990,999,16613
17253,61,29999999,0,user_7,990,999,16613
17055,81,29999999,0,user_17,989,999,16613
17258,78,29999999,0,user_10,990,999,16613
17259,79,29999999,0,user_10,990,999,16613
17249,68,29999999,0,user_5,990,999,16613
17266,70,29999999,0,user_12,990,999,16613
17255,73,29999999,0,user_8,990,999,16613
17280,74,29999999,0,user_23,990,999,16613
17272,77,29999999,0,user_15,990,999,16613
17279,75,29999999,0,user_22,990,999,16613
17282,76,29999999,0,user_26,990,999,16613
17063,62,29999999,0,user_21,989,999,16613
16873,86,29999999,0,user_7,988,999,16613
16874,87,29999999,0,user_8,988,999,16613
17050,88,29999999,0,user_13,989,999,16613
16902,90,27000000,779000,user_36,988,999,
17716,82,26999999,0,builder_15,992,992,16902
17612,94,27000001,0,user_13,992,999,16902
17601,95,27000001,0,user_1,992,999,16902
17602,96,27000001,0,user_1,992,999,16902
17615,98,27000001,0,user_21,992,999,16902
17623,97,27000001,0,user_25,992,997,16902
17051,91,27000001,0,user_14,989,999,16902
17610,93,27000001,0,user_10,992,999,16902
17609,97,27000001,0,user_9,992,998,16902
17614,97,27000001,0,user_15,992,999,16902
17618,99,27000001,0,user_22,992,999,16902
17624,98,27000001,0,user_26,992,997,16902
16112,94,27000000,0,user_46,983,992,
17430,95,26999999,0,user_2,991,992,16902
17447,96,26999999,0,user_20,991,992,16902
17441,97,26999999,0,user_15,991,992,16902
17611,98,26999999,0,user_11,992,992,16902
17606,99,26999999,0,user_7,992,992,16902
17076,0,43000000,545000,user_38,989,999,
17829,1,42999999,0,builder_15,993,993,17076
17648,5,43000000,0,user_44,992,999,
17652,7,43000000,0,user_49,992,999,
17300,4,43000000,0,user_48,990,999,
15902,6,43000000,0,user_45,982,999,
15679,9,43000000,0,user_47,981,999,
16896,8,43000000,0,user_29,988,999,
17830,8,30000001,0,builder_15,993,993,16613
16613,11,30000000,769000,user_45,986,999,
17427,17,30000001,0,user_2,991,999,16613
17428,18,30000001,0,user_2,991,999,16613
17429,19,30000001,0,user_2,991,999,16613
17434,24,30000001,0,user_7,991,999,16613
17435,20,30000001,0,user_11,991,999,16613
17436,21,30000001,0,user_11,991,999,16613
17448,25,30000001,0,user_21,991,999,16613
17438,22,30000001,0,user_13,991,999,16613
17444,23,30000001,0,user_17,991,999,16613
17262,30,30000001,0,user_12,990,999,16613
17265,31,30000001,0,user_12,990,999,16613
17440,27,30000001,0,user_15,991,999,16613
17452,26,30000001,0,user_25,991,999,16613
17061,15,30000001,0,user_19,989,999,16613
17240,14,30000001,0,user_1,990,999,16613
17241,34,30000001,0,user_2,990,999,16613
17242,35,30000001,0,user_2,990,999,16613
17244,36,30000001,0,user_3,990,999,16613
17245,37,30000001,0,user_3,990,999,16613
17275,33,30000001,0,user_18,990,999,16613
17247,29,30000001,0,user_4,990,999,16613
17278,39,30000001,0,user_20,990,999,16613
17283,38,30000001,0,user_26,990,999,16613
17256,40,30000001,0,user_9,990,999,16613
17276,53,30000001,0,user_19,990,999,16613
17277,54,30000001,0,user_19,990,999,16613
17064,16,30000001,0,user_21,989,999,16613
16719,41,30000001,0,user_0,987,999,16613
17053,43,30000001,0,user_15,989,999,16613
17054,44,30000001,0,user_17,989,999,16613
17056,45,30000001,0,user_18,989,999,16613
17059,46,30000001,0,user_18,989,999,16613
17060,47,30000001,0,user_18,989,999,16613
17069,48,30000001,0,user_25,989,999,16613
17070,49,30000001,0,user_26,989,999,16613
17062,42,30000001,0,user_20,989,999,16613
17239,28,30000001,0,user_0,990,999,16613
17261,32,30000001,0,user_11,990,999,16613
17268,50,30000001,0,user_13,990,999,16613
17269,51,30000001,0,user_13,990,999,16613
17271,52,30000001,0,user_13,990,999,16613
16468,59,30000000,0,user_43,985,999,
16292,58,30000000,0,user_42,984,999,
16603,60,30000000,0,user_31,986,999,
17445,80,29999999,0,user_19,991,999,16613
17431,65,29999999,0,user_3,991,999,16613
17442,66,29999999,0,user_16,991,999,16613
17443,67,29999999,0,user_16,991,999,16613
17266,70,29999999,0,user_12,990,999,16613
17449,64,29999999,0,user_22,991,999,16613
17446,69,29999999,0,user_20,991,999,16613
17607,85,29999999,0,user_8,992,999,16613
17426,63,29999999,0,user_0,991,999,16613
17273,71,29999999,0,user_16,990,999,16613
17274,72,29999999,0,user_16,990,999,16613
17280,74,29999999,0,user_23,990,999,16613
17272,77,29999999,0,user_15,990,999,16613
17253,61,29999999,0,user_7,990,999,16613
17258,78,29999999,0,user_10,990,999,16613
17259,79,29999999,0,user_10,990,999,16613
17249,68,29999999,0,user_5,990,999,16613
17255,73,29999999,0,user_8,990,999,16613
17279,75,29999999,0,user_22,990,999,16613
17282,76,29999999,0,user_26,990,999,16613
17063,62,29999999,0,user_21,989,999,16613
17055,81,29999999,0,user_17,989,999,16613
17066,82,29999999,0,user_23,989,999,16613
16873,86,29999999,0,user_7,988,999,16613
16874,87,29999999,0,user_8,988,999,16613
17050,88,29999999,0,user_13,989,999,16613
17267,83,29999999,0,user_13,990,999,16613
17270,84,29999999,0,user_13,990,999,16613
17831,82,27000001,0,builder_15,993,993,16902
16902,90,27000000,779000,user_36,988,999,
17601,95,27000001,0,user_1,992,999,16902
17602,96,27000001,0,user_1,992,999,16902
17615,98,27000001,0,user_21,992,999,16902
17610,93,27000001,0,user_10,992,999,16902
17614,97,27000001,0,user_15,992,999,16902
17618,99,27000001,0,user_22,992,999,16902
17623,97,27000001,0,user_25,992,997,16902
17624,98,27000001,0,user_26,992,997,16902
17609,97,27000001,0,user_9,992,998,16902
17740,90,27000001,0,user_12,993,998,16902
17728,95,27000001,0,user_2,993,995,16902
17741,87,27000001,0,user_13,993,996,16902
17731,97,27000001,0,user_3,993,995,16902
17732,98,27000001,0,user_3,993,995,16902
17743,99,27000001,0,user_14,993,995,16902
17751,88,27000001,0,user_25,993,997,16902
17937,0,43000001,0,builder_15,994,994,17076
17076,0,43000000,545000,user_38,989,999,
17648,5,43000000,0,user_44,992,999,
17652,7,43000000,0,user_49,992,999,
17300,4,43000000,0,user_48,990,999,
15902,6,43000000,0,user_45,982,999,
16896,8,43000000,0,user_29,988,999,
15679,9,43000000,0,user_47,981,999,
17938,8,30000001,0,builder_15,994,994,16613
16613,11,30000000,769000,user_45,986,999,
17435,20,30000001,0,user_11,991,999,16613
17436,21,30000001,0,user_11,991,999,16613
17247,29,30000001,0,user_4,990,999,16613
17056,45,30000001,0,user_18,989,999,16613
17059,46,30000001,0,user_18,989,999,16613
17060,47,30000001,0,user_18,989,999,16613
17239,28,30000001,0,user_0,990,999,16613
17241,34,30000001,0,user_2,990,999,16613
17242,35,30000001,0,user_2,990,999,16613
17244,36,30000001,0,user_3,990,999,16613
17245,37,30000001,0,user_3,990,999,16613
17256,40,30000001,0,user_9,990,999,16613
17261,32,30000001,0,user_11,990,999,16613
17262,30,30000001,0,user_12,990,999,16613
17265,31,30000001,0,user_12,990,999,16613
17278,39,30000001,0,user_20,990,999,16613
17434,24,30000001,0,user_7,991,999,16613
17427,17,30000001,0,user_2,991,999,16613
17428,18,30000001,0,user_2,991,999,16613
17429,19,30000001,0,user_2,991,999,16613
17438,22,30000001,0,user_13,991,999,16613
17444,23,30000001,0,user_17,991,999,16613
17275,33,30000001,0,user_18,990,999,16613
17440,27,30000001,0,user_15,991,999,16613
17448,25,30000001,0,user_21,991,999,16613
17452,26,30000001,0,user_25,991,999,16613
17061,15,30000001,0,user_19,989,999,16613
17064,16,30000001,0,user_21,989,999,16613
17240,14,30000001,0,user_1,990,999,16613
17276,53,30000001,0,user_19,990,999,16613
17277,54,30000001,0,user_19,990,999,16613
17283,38,30000001,0,user_26,990,999,16613
16719,41,30000001,0,user_0,987,999,16613
17069,48,30000001,0,user_25,989,999,16613
17070,49,30000001,0,user_26,989,999,16613
17054,44,30000001,0,user_17,989,999,16613
17053,43,30000001,0,user_15,989,999,16613
17062,42,30000001,0,user_20,989,999,16613
17268,50,30000001,0,user_13,990,999,16613
17269,51,30000001,0,user_13,990,999,16613
17271,52,30000001,0,user_13,990,999,16613
16292,58,30000000,0,user_42,984,999,
16468,59,30000000,0,user_43,985,999,
16603,60,30000000,0,user_31,986,999,
17607,85,29999999,0,user_8,992,999,16613
17249,68,29999999,0,user_5,990,999,16613
17255,73,29999999,0,user_8,990,999,16613
17280,74,29999999,0,user_23,990,999,16613
17272,77,29999999,0,user_15,990,999,16613
17258,78,29999999,0,user_10,990,999,16613
17259,79,29999999,0,user_10,990,999,16613
17266,70,29999999,0,user_12,990,999,16613
17273,71,29999999,0,user_16,990,999,16613
17274,72,29999999,0,user_16,990,999,16613
17431,65,29999999,0,user_3,991,999,16613
17442,66,29999999,0,user_16,991,999,16613
17443,67,29999999,0,user_16,991,999,16613
17426,63,29999999,0,user_0,991,999,16613
17446,69,29999999,0,user_20,991,999,16613
17445,80,29999999,0,user_19,991,999,16613
17449,64,29999999,0,user_22,991,999,16613
17063,62,29999999,0,user_21,989,999,16613
17253,61,29999999,0,user_7,990,999,16613
17279,75,29999999,0,user_22,990,999,16613
17282,76,29999999,0,user_26,990,999,16613
17055,81,29999999,0,user_17,989,999,16613
17066,82,29999999,0,user_23,989,999,16613
16874,87,29999999,0,user_8,988,999,16613
16873,86,29999999,0,user_7,988,999,16613
17050,88,29999999,0,user_13,989,999,16613
17267,83,29999999,0,user_13,990,999,16613
17270,84,29999999,0,user_13,990,999,16613
17939,82,27000001,0,builder_15,994,994,16902
16902,90,27000000,779000,user_36,988,999,
17601,95,27000001,0,user_1,992,999,16902
17602,96,27000001,0,user_1,992,999,16902
17610,93,27000001,0,user_10,992,999,16902
17614,97,27000001,0,user_15,992,999,16902
17615,98,27000001,0,user_21,992,999,16902
17618,99,27000001,0,user_22,992,999,16902
17623,97,27000001,0,user_25,992,997,16902
17624,98,27000001,0,user_26,992,997,16902
17728,95,27000001,0,user_2,993,995,16902
17731,97,27000001,0,user_3,993,995,16902
17732,98,27000001,0,user_3,993,995,16902
17743,99,27000001,0,user_14,993,995,16902
17741,87,27000001,0,user_13,993,996,16902
17740,90,27000001,0,user_12,993,998,16902
17739,92,27000001,0,user_9,993,999,16902
17612,94,27000001,0,user_13,992,999,16902
17076,0,43000000,545000,user_38,989,999,
18053,1,42999999,0,builder_15,995,995,17076
17996,3,43000000,0,user_47,995,999,
17300,4,43000000,0,user_48,990,999,
17648,5,43000000,0,user_44,992,999,
17652,7,43000000,0,user_49,992,999,
15902,6,43000000,0,user_45,982,999,
16896,8,43000000,0,user_29,988,999,
15679,9,43000000,0,user_47,981,999,
18054,9,30000001,0,builder_15,995,995,16613
16613,11,30000000,769000,user_45,986,999,
17247,29,30000001,0,user_4,990,999,16613
17056,45,30000001,0,user_18,989,999,16613
17059,46,30000001,0,user_18,989,999,16613
17060,47,30000001,0,user_18,989,999,16613
17239,28,30000001,0,user_0,990,999,16613
17241,34,30000001,0,user_2,990,999,16613
17242,35,30000001,0,user_2,990,999,16613
17244,36,30000001,0,user_3,990,999,16613
17245,37,30000001,0,user_3,990,999,16613
17256,40,30000001,0,user_9,990,999,16613
17261,32,30000001,0,user_11,990,999,16613
17262,30,30000001,0,user_12,990,999,16613
17265,31,30000001,0,user_12,990,999,16613
17268,50,30000001,0,user_13,990,999,16613
17269,51,30000001,0,user_13,990,999,16613
17271,52,30000001,0,user_13,990,999,16613
17276,53,30000001,0,user_19,990,999,16613
17277,54,30000001,0,user_19,990,999,16613
17283,38,30000001,0,user_26,990,999,16613
17434,24,30000001,0,user_7,991,999,16613
17435,20,30000001,0,user_11,991,999,16613
17436,21,30000001,0,user_11,991,999,16613
17427,17,30000001,0,user_2,991,999,16613
17428,18,30000001,0,user_2,991,999,16613
17429,19,30000001,0,user_2,991,999,16613
17438,22,30000001,0,user_13,991,999,16613
17444,23,30000001,0,user_17,991,999,16613
17275,33,30000001,0,user_18,990,999,16613
17440,27,30000001,0,user_15,991,999,16613
17278,39,30000001,0,user_20,990,999,16613
17448,25,30000001,0,user_21,991,999,16613
17452,26,30000001,0,user_25,991,999,16613
17240,14,30000001,0,user_1,990,999,16613
17061,15,30000001,0,user_19,989,999,16613
17064,16,30000001,0,user_21,989,999,16613
16719,41,30000001,0,user_0,987,999,16613
17062,42,30000001,0,user_20,989,999,16613
17053,43,30000001,0,user_15,989,999,16613
17054,44,30000001,0,user_17,989,999,16613
17069,48,30000001,0,user_25,989,999,16613
17070,49,30000001,0,user_26,989,999,16613
16292,58,30000000,0,user_42,984,999,
16468,59,30000000,0,user_43,985,999,
16603,60,30000000,0,user_31,986,999,
17249,68,29999999,0,user_5,990,999,16613
17255,73,29999999,0,user_8,990,999,16613
17280,74,29999999,0,user_23,990,999,16613
17272,77,29999999,0,user_15,990,999,16613
17258,78,29999999,0,user_10,990,999,16613
17259,79,29999999,0,user_10,990,999,16613
17266,70,29999999,0,user_12,990,999,16613
17273,71,29999999,0,user_16,990,999,16613
17274,72,29999999,0,user_16,990,999,16613
17267,83,29999999,0,user_13,990,999,16613
17270,84,29999999,0,user_13,990,999,16613
17279,75,29999999,0,user_22,990,999,16613
17282,76,29999999,0,user_26,990,999,16613
17431,65,29999999,0,user_3,991,999,16613
17442,66,29999999,0,user_16,991,999,16613
17443,67,29999999,0,user_16,991,999,16613
17426,63,29999999,0,user_0,991,999,16613
17445,80,29999999,0,user_19,991,999,16613
17449,64,29999999,0,user_22,991,999,16613
17607,85,29999999,0,user_8,992,999,16613
17446,69,29999999,0,user_20,991,999,16613
17253,61,29999999,0,user_7,990,999,16613
17063,62,29999999,0,user_21,989,999,16613
17055,81,29999999,0,user_17,989,999,16613
17066,82,29999999,0,user_23,989,999,16613
16873,86,29999999,0,user_7,988,999,16613
16874,87,29999999,0,user_8,988,999,16613
17050,88,29999999,0,user_13,989,999,16613
18055,83,27000001,0,builder_15,995,995,16902
16902,90,27000000,779000,user_36,988,999,
17740,90,27000001,0,user_12,993,998,16902
17739,92,27000001,0,user_9,993,999,16902
17601,95,27000001,0,user_1,992,999,16902
17602,96,27000001,0,user_1,992,999,16902
17609,97,27000001,0,user_9,992,998,16902
17614,97,27000001,0,user_15,992,999,16902
17610,93,27000001,0,user_10,992,999,16902
17612,94,27000001,0,user_13,992,999,16902
17618,99,27000001,0,user_22,992,999,16902
17624,98,27000001,0,user_26,992,997,16902
17728,95,27000001,0,user_2,993,995,16902
17741,87,27000001,0,user_13,993,996,16902
17731,97,27000001,0,user_3,993,995,16902
17732,98,27000001,0,user_3,993,995,16902
17743,99,27000001,0,user_14,993,995,16902
17076,0,43000000,545000,user_38,989,999,
18170,1,42999999,0,builder_15,996,996,17076
17996,3,43000000,0,user_47,995,999,
18097,2,43000000,0,user_30,996,999,
15902,6,43000000,0,user_45,982,999,
17300,4,43000000,0,user_48,990,999,
17648,5,43000000,0,user_44,992,999,
17652,7,43000000,0,user_49,992,999,
15679,9,43000000,0,user_47,981,999,
16896,8,43000000,0,user_29,988,999,
16613,11,30000000,769000,user_45,986,999,
18171,11,29999999,0,builder_15,996,996,16613
17240,14,30000001,0,user_1,990,999,16613
17064,16,30000001,0,user_21,989,999,16613
17061,15,30000001,0,user_19,989,999,16613
16719,41,30000001,0,user_0,987,999,16613
17062,42,30000001,0,user_20,989,999,16613
17053,43,30000001,0,user_15,989,999,16613
17069,48,30000001,0,user_25,989,999,16613
17070,49,30000001,0,user_26,989,999,16613
17054,44,30000001,0,user_17,989,999,16613
17056,45,30000001,0,user_18,989,999,16613
17059,46,30000001,0,user_18,989,999,16613
17060,47,30000001,0,user_18,989,999,16613
17247,29,30000001,0,user_4,990,999,16613
17241,34,30000001,0,user_2,990,999,16613
17242,35,30000001,0,user_2,990,999,16613
17244,36,30000001,0,user_3,990,999,16613
17245,37,30000001,0,user_3,990,999,16613
17239,28,30000001,0,user_0,990,999,16613
17262,30,30000001,0,user_12,990,999,16613
17265,31,30000001,0,user_12,990,999,16613
17278,39,30000001,0,user_20,990,999,16613
17256,40,30000001,0,user_9,990,999,16613
17275,33,30000001,0,user_18,990,999,16613
17261,32,30000001,0,user_11,990,999,16613
17268,50,30000001,0,user_13,990,999,16613
17269,51,30000001,0,user_13,990,999,16613
17271,52,30000001,0,user_13,990,999,16613
17276,53,30000001,0,user_19,990,999,16613
17277,54,30000001,0,user_19,990,999,16613
17283,38,30000001,0,user_26,990,999,16613
17427,17,30000001,0,user_2,991,999,16613
17428,18,30000001,0,user_2,991,999,16613
17429,19,30000001,0,user_2,991,999,16613
17435,20,30000001,0,user_11,991,999,16613
17436,21,30000001,0,user_11,991,999,16613
17434,24,30000001,0,user_7,991,999,16613
17448,25,30000001,0,user_21,991,999,16613
17452,26,30000001,0,user_25,991,999,16613
17438,22,30000001,0,user_13,991,999,16613
17444,23,30000001,0,user_17,991,999,16613
17440,27,30000001,0,user_15,991,999,16613
17972,57,30000000,0,user_29,995,999,
16603,60,30000000,0,user_31,986,999,
16292,58,30000000,0,user_42,984,999,
16468,59,30000000,0,user_43,985,999,
17253,61,29999999,0,user_7,990,999,16613
17063,62,29999999,0,user_21,989,999,16613
17055,81,29999999,0,user_17,989,999,16613
17066,82,29999999,0,user_23,989,999,16613
17258,78,29999999,0,user_10,990,999,16613
17259,79,29999999,0,user_10,990,999,16613
17249,68,29999999,0,user_5,990,999,16613
17266,70,29999999,0,user_12,990,999,16613
17272,77,29999999,0,user_15,990,999,16613
17273,71,29999999,0,user_16,990,999,16613
17274,72,29999999,0,user_16,990,999,16613
17255,73,29999999,0,user_8,990,999,16613
17280,74,29999999,0,user_23,990,999,16613
17267,83,29999999,0,user_13,990,999,16613
17270,84,29999999,0,user_13,990,999,16613
17279,75,29999999,0,user_22,990,999,16613
17282,76,29999999,0,user_26,990,999,16613
17431,65,29999999,0,user_3,991,999,16613
17449,64,29999999,0,user_22,991,999,16613
17442,66,29999999,0,user_16,991,999,16613
17443,67,29999999,0,user_16,991,999,16613
17426,63,29999999,0,user_0,991,999,16613
17445,80,29999999,0,user_19,991,999,16613
17446,69,29999999,0,user_20,991,999,16613
17607,85,29999999,0,user_8,992,999,16613
17050,88,29999999,0,user_13,989,999,16613
16873,86,29999999,0,user_7,988,999,16613
16874,87,29999999,0,user_8,988,999,16613
18172,85,27000001,0,builder_15,996,996,16902
16902,90,27000000,779000,user_36,988,999,
17741,87,27000001,0,user_13,993,996,16902
17739,92,27000001,0,user_9,993,999,16902
17740,90,27000001,0,user_12,993,998,16902
17051,91,27000001,0,user_14,989,999,16902
17601,95,27000001,0,user_1,992,999,16902
17602,96,27000001,0,user_1,992,999,16902
17609,97,27000001,0,user_9,992,998,16902
17614,97,27000001,0,user_15,992,999,16902
17610,93,27000001,0,user_10,992,999,16902
17618,99,27000001,0,user_22,992,999,16902
17623,97,27000001,0,user_25,992,997,16902
17624,98,27000001,0,user_26,992,997,16902
17612,94,27000001,0,user_13,992,999,16902
18281,0,43000001,0,builder_15,997,997,17076
17076,0,43000000,545000,user_38,989,999,
18097,2,43000000,0,user_30,996,999,
17996,3,43000000,0,user_47,995,999,
15902,6,43000000,0,user_45,982,999,
17300,4,43000000,0,user_48,990,999,
17648,5,43000000,0,user_44,992,999,
17652,7,43000000,0,user_49,992,999,
15679,9,43000000,0,user_47,981,999,
16896,8,43000000,0,user_29,988,999,
16613,11,30000000,769000,user_45,986,999,
18282,11,29999999,0,builder_15,997,997,16613
17061,15,30000001,0,user_19,989,999,16613
17064,16,30000001,0,user_21,989,999,16613
17240,14,30000001,0,user_1,990,999,16613
17062,42,30000001,0,user_20,989,999,16613
17053,43,30000001,0,user_15,989,999,16613
17069,48,30000001,0,user_25,989,999,16613
17070,49,30000001,0,user_26,989,999,16613
17054,44,30000001,0,user_17,989,999,16613
17056,45,30000001,0,user_18,989,999,16613
17059,46,30000001,0,user_18,989,999,16613
17060,47,30000001,0,user_18,989,999,16613
17241,34,30000001,0,user_2,990,999,16613
17242,35,30000001,0,user_2,990,999,16613
17247,29,30000001,0,user_4,990,999,16613
17268,50,30000001,0,user_13,990,999,16613
17269,51,30000001,0,user_13,990,999,16613
17271,52,30000001,0,user_13,990,999,16613
17261,32,30000001,0,user_11,990,999,16613
17239,28,30000001,0,user_0,990,999,16613
17262,30,30000001,0,user_12,990,999,16613
17265,31,30000001,0,user_12,990,999,16613
17276,53,30000001,0,user_19,990,999,16613
17277,54,30000001,0,user_19,990,999,16613
17278,39,30000001,0,user_20,990,999,16613
16719,41,30000001,0,user_0,987,999,16613
17244,36,30000001,0,user_3,990,999,16613
17245,37,30000001,0,user_3,990,999,16613
17283,38,30000001,0,user_26,990,999,16613
17275,33,30000001,0,user_18,990,999,16613
17256,40,30000001,0,user_9,990,999,16613
17427,17,30000001,0,user_2,991,999,16613
17428,18,30000001,0,user_2,991,999,16613
17429,19,30000001,0,user_2,991,999,16613
17435,20,30000001,0,user_11,991,999,16613
17436,21,30000001,0,user_11,991,999,16613
17434,24,30000001,0,user_7,991,999,16613
17448,25,30000001,0,user_21,991,999,16613
17440,27,30000001,0,user_15,991,999,16613
17438,22,30000001,0,user_13,991,999,16613
17444,23,30000001,0,user_17,991,999,16613
17452,26,30000001,0,user_25,991,999,16613
18220,56,30000000,0,user_39,997,999,
17972,57,30000000,0,user_29,995,999,
16468,59,30000000,0,user_43,985,999,
16292,58,30000000,0,user_42,984,999,
16603,60,30000000,0,user_31,986,999,
17063,62,29999999,0,user_21,989,999,16613
17253,61,29999999,0,user_7,990,999,16613
17055,81,29999999,0,user_17,989,999,16613
17066,82,29999999,0,user_23,989,999,16613
17249,68,29999999,0,user_5,990,999,16613
17258,78,29999999,0,user_10,990,999,16613
17259,79,29999999,0,user_10,990,999,16613
17267,83,29999999,0,user_13,990,999,16613
17270,84,29999999,0,user_13,990,999,16613
17266,70,29999999,0,user_12,990,999,16613
17255,73,29999999,0,user_8,990,999,16613
17272,77,29999999,0,user_15,990,999,16613
17279,75,29999999,0,user_22,990,999,16613
17273,71,29999999,0,user_16,990,999,16613
17274,72,29999999,0,user_16,990,999,16613
17282,76,29999999,0,user_26,990,999,16613
17280,74,29999999,0,user_23,990,999,16613
17431,65,29999999,0,user_3,991,999,16613
17426,63,29999999,0,user_0,991,999,16613
17446,69,29999999,0,user_20,991,999,16613
17442,66,29999999,0,user_16,991,999,16613
17443,67,29999999,0,user_16,991,999,16613
17445,80,29999999,0,user_19,991,999,16613
17607,85,29999999,0,user_8,992,999,16613
17449,64,29999999,0,user_22,991,999,16613
16873,86,29999999,0,user_7,988,999,16613
16874,87,29999999,0,user_8,988,999,16613
17050,88,29999999,0,user_13,989,999,16613
16902,90,27000000,779000,user_36,988,999,
18283,87,26999999,0,builder_15,997,997,16902
17751,88,27000001,0,user_25,993,997,16902
17051,91,27000001,0,user_14,989,999,16902
17740,90,27000001,0,user_12,993,998,16902
17739,92,27000001,0,user_9,993,999,16902
17601,95,27000001,0,user_1,992,999,16902
17602,96,27000001,0,user_1,992,999,16902
17609,97,27000001,0,user_9,992,998,16902
17618,99,27000001,0,user_22,992,999,16902
17615,98,27000001,0,user_21,992,999,16902
17623,97,27000001,0,user_25,992,997,16902
17624,98,27000001,0,user_26,992,997,16902
17610,93,27000001,0,user_10,992,999,16902
17076,0,43000000,545000,user_38,989,999,
18404,1,42999999,0,builder_15,998,998,17076
18097,2,43000000,0,user_30,996,999,
17996,3,43000000,0,user_47,995,999,
17300,4,43000000,0,user_48,990,999,
15902,6,43000000,0,user_45,982,999,
17648,5,43000000,0,user_44,992,999,
17652,7,43000000,0,user_49,992,999,
16896,8,43000000,0,user_29,988,999,
15679,9,43000000,0,user_47,981,999,
18405,10,30000001,0,builder_15,998,998,16613
16613,11,30000000,769000,user_45,986,999,
18406,12,30000001,0,builder_15,998,998,18340
18340,12,30000000,322000,user_44,998,999,
17061,15,30000001,0,user_19,989,999,16613
17064,16,30000001,0,user_21,989,999,16613
17240,14,30000001,0,user_1,990,999,16613
17244,36,30000001,0,user_3,990,999,16613
17245,37,30000001,0,user_3,990,999,16613
17247,29,30000001,0,user_4,990,999,16613
17268,50,30000001,0,user_13,990,999,16613
17269,51,30000001,0,user_13,990,999,16613
17271,52,30000001,0,user_13,990,999,16613
17261,32,30000001,0,user_11,990,999,16613
17239,28,30000001,0,user_0,990,999,16613
17262,30,30000001,0,user_12,990,999,16613
17265,31,30000001,0,user_12,990,999,16613
17276,53,30000001,0,user_19,990,999,16613
17277,54,30000001,0,user_19,990,999,16613
17278,39,30000001,0,user_20,990,999,16613
17283,38,30000001,0,user_26,990,999,16613
17275,33,30000001,0,user_18,990,999,16613
17427,17,30000001,0,user_2,991,999,16613
17428,18,30000001,0,user_2,991,999,16613
17429,19,30000001,0,user_2,991,999,16613
17241,34,30000001,0,user_2,990,999,16613
17242,35,30000001,0,user_2,990,999,16613
17256,40,30000001,0,user_9,990,999,16613
17438,22,30000001,0,user_13,991,999,16613
17434,24,30000001,0,user_7,991,999,16613
17435,20,30000001,0,user_11,991,999,16613
17436,21,30000001,0,user_11,991,999,16613
17062,42,30000001,0,user_20,989,999,16613
16719,41,30000001,0,user_0,987,999,16613
17069,48,30000001,0,user_25,989,999,16613
17070,49,30000001,0,user_26,989,999,16613
17054,44,30000001,0,user_17,989,999,16613
17056,45,30000001,0,user_18,989,999,16613
17059,46,30000001,0,user_18,989,999,16613
17060,47,30000001,0,user_18,989,999,16613
17053,43,30000001,0,user_15,989,999,16613
17440,27,30000001,0,user_15,991,999,16613
17448,25,30000001,0,user_21,991,999,16613
17452,26,30000001,0,user_25,991,999,16613
17444,23,30000001,0,user_17,991,999,16613
17972,57,30000000,0,user_29,995,999,
18336,55,30000000,0,user_40,998,999,
16292,58,30000000,0,user_42,984,999,
16468,59,30000000,0,user_43,985,999,
16603,60,30000000,0,user_31,986,999,
17063,62,29999999,0,user_21,989,999,16613
17253,61,29999999,0,user_7,990,999,16613
17267,83,29999999,0,user_13,990,999,16613
17270,84,29999999,0,user_13,990,999,16613
17249,68,29999999,0,user_5,990,999,16613
17266,70,29999999,0,user_12,990,999,16613
17255,73,29999999,0,user_8,990,999,16613
17272,77,29999999,0,user_15,990,999,16613
17279,75,29999999,0,user_22,990,999,16613
17273,71,29999999,0,user_16,990,999,16613
17274,72,29999999,0,user_16,990,999,16613
17282,76,29999999,0,user_26,990,999,16613
17258,78,29999999,0,user_10,990,999,16613
17259,79,29999999,0,user_10,990,999,16613
17280,74,29999999,0,user_23,990,999,16613
17426,63,29999999,0,user_0,991,999,16613
17445,80,29999999,0,user_19,991,999,16613
17446,69,29999999,0,user_20,991,999,16613
17055,81,29999999,0,user_17,989,999,16613
17066,82,29999999,0,user_23,989,999,16613
17431,65,29999999,0,user_3,991,999,16613
17442,66,29999999,0,user_16,991,999,16613
17443,67,29999999,0,user_16,991,999,16613
17449,64,29999999,0,user_22,991,999,16613
17607,85,29999999,0,user_8,992,999,16613
16874,87,29999999,0,user_8,988,999,16613
16873,86,29999999,0,user_7,988,999,16613
17050,88,29999999,0,user_13,989,999,16613
18407,88,27000001,0,builder_15,998,998,16902
16902,90,27000000,779000,user_36,988,999,
17740,90,27000001,0,user_12,993,998,16902
17739,92,27000001,0,user_9,993,999,16902
17051,91,27000001,0,user_14,989,999,16902
17601,95,27000001,0,user_1,992,999,16902
17602,96,27000001,0,user_1,992,999,16902
17610,93,27000001,0,user_10,992,999,16902
17615,98,27000001,0,user_21,992,999,16902
17609,97,27000001,0,user_9,992,998,16902
17614,97,27000001,0,user_15,992,999,16902
17612,94,27000001,0,user_13,992,999,16902
17076,0,43000000,545000,user_38,989,999,
18535,1,42999999,0,builder_15,999,999,17076
18097,2,43000000,0,user_30,996,999,
17996,3,43000000,0,user_47,995,999,
17300,4,43000000,0,user_48,990,999,
17648,5,43000000,0,user_44,992,999,
15902,6,43000000,0,user_45,982,999,
17652,7,43000000,0,user_49,992,999,
16896,8,43000000,0,user_29,988,999,
15679,9,43000000,0,user_47,981,999,
18536,10,30000001,0,builder_15,999,999,16613
16613,11,30000000,769000,user_45,986,999,
18340,12,30000000,322000,user_44,998,999,
18537,13,29999999,0,builder_15,999,999,18340
17240,14,30000001,0,user_1,990,999,16613
17061,15,30000001,0,user_19,989,999,16613
17064,16,30000001,0,user_21,989,999,16613
17427,17,30000001,0,user_2,991,999,16613
17428,18,30000001,0,user_2,991,999,16613
17429,19,30000001,0,user_2,991,999,16613
17435,20,30000001,0,user_11,991,999,16613
17436,21,30000001,0,user_11,991,999,16613
17438,22,30000001,0,user_13,991,999,16613
17444,23,30000001,0,user_17,991,999,16613
17434,24,30000001,0,user_7,991,999,16613
17448,25,30000001,0,user_21,991,999,16613
17452,26,30000001,0,user_25,991,999,16613
17440,27,30000001,0,user_15,991,999,16613
17239,28,30000001,0,user_0,990,999,16613
17247,29,30000001,0,user_4,990,999,16613
17262,30,30000001,0,user_12,990,999,16613
17265,31,30000001,0,user_12,990,999,16613
17261,32,30000001,0,user_11,990,999,16613
17275,33,30000001,0,user_18,990,999,16613
17241,34,30000001,0,user_2,990,999,16613
17242,35,30000001,0,user_2,990,999,16613
17244,36,30000001,0,user_3,990,999,16613
17245,37,30000001,0,user_3,990,999,16613
17283,38,30000001,0,user_26,990,999,16613
17278,39,30000001,0,user_20,990,999,16613
17256,40,30000001,0,user_9,990,999,16613
16719,41,30000001,0,user_0,987,999,16613
17062,42,30000001,0,user_20,989,999,16613
17053,43,30000001,0,user_15,989,999,16613
17054,44,30000001,0,user_17,989,999,16613
17056,45,30000001,0,user_18,989,999,16613
17059,46,30000001,0,user_18,989,999,16613
17060,47,30000001,0,user_18,989,999,16613
17069,48,30000001,0,user_25,989,999,16613
17070,49,30000001,0,user_26,989,999,16613
17268,50,30000001,0,user_13,990,999,16613
17269,51,30000001,0,user_13,990,999,16613
17271,52,30000001,0,user_13,990,999,16613
17276,53,30000001,0,user_19,990,999,16613
17277,54,30000001,0,user_19,990,999,16613
18336,55,30000000,0,user_40,998,999,
18220,56,30000000,0,user_39,997,999,
17972,57,30000000,0,user_29,995,999,
16292,58,30000000,0,user_42,984,999,
16468,59,30000000,0,user_43,985,999,
16603,60,30000000,0,user_31,986,999,
17253,61,29999999,0,user_7,990,999,16613
17063,62,29999999,0,user_21,989,999,16613
17426,63,29999999,0,user_0,991,999,16613
17449,64,29999999,0,user_22,991,999,16613
17431,65,29999999,0,user_3,991,999,16613
17442,66,29999999,0,user_16,991,999,16613
17443,67,29999999,0,user_16,991,999,16613
17249,68,29999999,0,user_5,990,999,16613
17446,69,29999999,0,user_20,991,999,16613
17266,70,29999999,0,user_12,990,999,16613
17273,71,29999999,0,user_16,990,999,16613
17274,72,29999999,0,user_16,990,999,16613
17255,73,29999999,0,user_8,990,999,16613
17280,74,29999999,0,user_23,990,999,16613
17279,75,29999999,0,user_22,990,999,16613
17282,76,29999999,0,user_26,990,999,16613
17272,77,29999999,0,user_15,990,999,16613
17258,78,29999999,0,user_10,990,999,16613
17259,79,29999999,0,user_10,990,999,16613
17445,80,29999999,0,user_19,991,999,16613
17055,81,29999999,0,user_17,989,999,16613
17066,82,29999999,0,user_23,989,999,16613
17267,83,29999999,0,user_13,990,999,16613
17270,84,29999999,0,user_13,990,999,16613
17607,85,29999999,0,user_8,992,999,16613
16873,86,29999999,0,user_7,988,999,16613
16874,87,29999999,0,user_8,988,999,16613
17050,88,29999999,0,user_13,989,999,16613
18538,89,27000001,0,builder_15,999,999,16902
16902,90,27000000,779000,user_36,988,999,
17051,91,27000001,0,user_14,989,999,16902
17739,92,27000001,0,user_9,993,999,16902
17610,93,27000001,0,user_10,992,999,16902
17612,94,27000001,0,user_13,992,999,16902
17601,95,27000001,0,user_1,992,999,16902
17602,96,27000001,0,user_1,992,999,16902
17614,97,27000001,0,user_15,992,999,16902
17615,98,27000001,0,user_21,992,999,16902
17618,99,27000001,0,user_22,992,999,16902
