id,position,gas_fee,mev_potential,creator_id,created_at,included_at,target_tx
11,1,43000000,0,user_9,0,19,
15,11,2600000,0,user_11,0,19,
10,16,2000000,0,user_8,0,19,
13,54,1100000,0,user_11,0,19,
63,90,1000000,0,user_48,0,19,
6,87,660001,0,user_5,0,8,5
8,88,660001,0,user_5,0,8,5
27,86,660001,0,user_19,0,8,5
17,89,660001,0,user_14,0,8,5
21,90,660001,0,user_17,0,8,5
23,91,660001,0,user_18,0,8,5
24,92,660001,0,user_18,0,8,5
25,93,660001,0,user_18,0,8,5
37,94,660001,0,user_28,0,8,5
29,95,660001,0,user_22,0,8,5
19,98,660001,0,user_15,0,8,5
41,88,660001,0,user_33,0,6,5
42,89,660001,0,user_33,0,6,5
31,96,660001,0,user_25,0,8,5
32,97,660001,0,user_25,0,8,5
35,99,660001,0,user_27,0,8,5
52,96,660001,0,user_40,0,6,5
48,99,660001,0,user_38,0,6,5
60,53,660001,0,user_44,0,5,5
55,54,660001,0,user_42,0,5,5
5,85,660000,14200,user_4,0,3,
7,86,659999,0,user_5,0,3,5
16,87,659999,0,user_14,0,3,5
22,88,659999,0,user_18,0,3,5
26,89,659999,0,user_18,0,3,5
33,90,659999,0,user_26,0,3,5
34,91,659999,0,user_26,0,3,5
36,92,659999,0,user_27,0,3,5
46,93,659999,0,user_36,0,3,5
43,94,659999,0,user_34,0,3,5
44,95,659999,0,user_34,0,3,5
49,96,659999,0,user_38,0,3,5
53,97,659999,0,user_41,0,3,5
54,98,659999,0,user_41,0,3,5
59,99,659999,0,user_44,0,3,5
61,67,659999,0,user_45,0,1,5
62,91,650000,0,user_47,0,1,
12,94,310000,0,user_11,0,1,
64,93,310000,0,user_48,0,1,
4,95,260000,0,user_4,0,1,
14,96,220000,0,user_11,0,1,
2,97,150001,0,user_2,0,1,1
9,98,150001,0,user_7,0,1,1
18,99,150001,0,user_15,0,1,1
47,49,150001,0,user_36,0,0,1
45,50,150001,0,user_35,0,0,1
51,51,150001,0,user_40,0,0,1
38,52,150001,0,user_29,0,0,1
1,53,150000,39400,user_1,0,0,
28,54,149999,0,user_20,0,0,1
3,55,149999,0,user_3,0,0,1
20,56,149999,0,user_16,0,0,1
30,57,149999,0,user_23,0,0,1
39,58,149999,0,user_30,0,0,1
40,59,149999,0,user_31,0,0,1
50,60,149999,0,user_39,0,0,1
0,61,80000,0,user_1,0,0,
11,1,43000000,0,user_9,0,19,
15,11,2600000,0,user_11,0,19,
10,16,2000000,0,user_8,0,19,
13,54,1100000,0,user_11,0,19,
63,90,1000000,0,user_48,0,19,
17,89,660001,0,user_14,0,8,5
21,90,660001,0,user_17,0,8,5
27,86,660001,0,user_19,0,8,5
6,87,660001,0,user_5,0,8,5
8,88,660001,0,user_5,0,8,5
23,91,660001,0,user_18,0,8,5
24,92,660001,0,user_18,0,8,5
25,93,660001,0,user_18,0,8,5
37,94,660001,0,user_28,0,8,5
48,99,660001,0,user_38,0,6,5
19,98,660001,0,user_15,0,8,5
41,88,660001,0,user_33,0,6,5
42,89,660001,0,user_33,0,6,5
31,96,660001,0,user_25,0,8,5
32,97,660001,0,user_25,0,8,5
29,95,660001,0,user_22,0,8,5
35,99,660001,0,user_27,0,8,5
52,96,660001,0,user_40,0,6,5
55,54,660001,0,user_42,0,5,5
60,53,660001,0,user_44,0,5,5
91,80,660001,0,user_11,1,11,5
92,81,660001,0,user_11,1,11,5
56,99,660001,0,user_43,0,15,5
57,79,660001,0,user_43,0,11,5
79,82,660001,0,user_0,1,11,5
93,83,660001,0,user_12,1,11,5
99,86,660001,0,user_17,1,11,5
100,87,660001,0,user_18,1,11,5
111,90,660001,0,user_30,1,11,5
122,59,660001,0,user_35,1,7,5
123,60,660001,0,user_35,1,7,5
102,84,660001,0,user_19,1,11,5
128,61,660001,0,user_39,1,7,5
108,93,660001,0,user_26,1,11,5
129,62,660001,0,user_40,1,7,5
130,63,660001,0,user_40,1,7,5
106,88,660001,0,user_24,1,11,5
107,89,660001,0,user_24,1,11,5
114,92,660001,0,user_33,1,11,5
90,94,660001,0,user_10,1,11,5
89,85,660001,0,user_9,1,11,5
116,95,660001,0,user_34,1,11,5
117,96,660001,0,user_34,1,11,5
118,97,660001,0,user_34,1,11,5
119,98,660001,0,user_34,1,11,5
126,99,660001,0,user_37,1,11,5
109,58,660001,0,user_27,1,7,5
5,85,660000,14200,user_4,0,3,
16,87,659999,0,user_14,0,3,5
7,86,659999,0,user_5,0,3,5
22,88,659999,0,user_18,0,3,5
26,89,659999,0,user_18,0,3,5
49,96,659999,0,user_38,0,3,5
43,94,659999,0,user_34,0,3,5
44,95,659999,0,user_34,0,3,5
33,90,659999,0,user_26,0,3,5
34,91,659999,0,user_26,0,3,5
36,92,659999,0,user_27,0,3,5
46,93,659999,0,user_36,0,3,5
53,97,659999,0,user_41,0,3,5
54,98,659999,0,user_41,0,3,5
59,99,659999,0,user_44,0,3,5
61,67,659999,0,user_45,0,1,5
58,75,659999,0,user_43,0,2,5
80,80,659999,0,user_0,1,2,5
81,81,659999,0,user_0,1,2,5
87,82,659999,0,user_5,1,2,5
84,76,659999,0,user_2,1,2,5
85,77,659999,0,user_2,1,2,5
95,78,659999,0,user_13,1,2,5
97,74,659999,0,user_16,1,2,5
98,79,659999,0,user_17,1,2,5
121,88,659999,0,user_35,1,2,5
124,89,659999,0,user_35,1,2,5
101,83,659999,0,user_19,1,2,5
96,87,659999,0,user_15,1,2,5
88,84,659999,0,user_8,1,2,5
104,85,659999,0,user_23,1,2,5
105,86,659999,0,user_23,1,2,5
103,92,659999,0,user_20,1,2,5
125,94,659999,0,user_37,1,2,5
110,93,659999,0,user_29,1,2,5
133,95,659999,0,user_42,1,2,5
134,96,659999,0,user_45,1,2,5
112,97,659999,0,user_31,1,2,5
113,98,659999,0,user_31,1,2,5
62,91,650000,0,user_47,0,1,
137,92,370000,49100,user_48,1,1,
64,93,310000,0,user_48,0,1,
12,94,310000,0,user_11,0,1,
4,95,260000,0,user_4,0,1,
14,96,220000,0,user_11,0,1,
2,97,150001,0,user_2,0,1,1
9,98,150001,0,user_7,0,1,1
18,99,150001,0,user_15,0,1,1
11,1,43000000,0,user_9,0,19,
210,8,4500000,0,user_48,2,19,
15,11,2600000,0,user_11,0,19,
10,16,2000000,0,user_8,0,19,
13,54,1100000,0,user_11,0,19,
63,90,1000000,0,user_48,0,19,
211,91,970000,0,user_48,2,19,
56,99,660001,0,user_43,0,15,5
57,79,660001,0,user_43,0,11,5
99,86,660001,0,user_17,1,11,5
79,82,660001,0,user_0,1,11,5
93,83,660001,0,user_12,1,11,5
102,84,660001,0,user_19,1,11,5
100,87,660001,0,user_18,1,11,5
106,88,660001,0,user_24,1,11,5
107,89,660001,0,user_24,1,11,5
127,91,660001,0,user_38,1,11,5
114,92,660001,0,user_33,1,11,5
116,95,660001,0,user_34,1,11,5
117,96,660001,0,user_34,1,11,5
118,97,660001,0,user_34,1,11,5
119,98,660001,0,user_34,1,11,5
108,93,660001,0,user_26,1,11,5
122,59,660001,0,user_35,1,7,5
123,60,660001,0,user_35,1,7,5
129,62,660001,0,user_40,1,7,5
130,63,660001,0,user_40,1,7,5
109,58,660001,0,user_27,1,7,5
126,99,660001,0,user_37,1,11,5
90,94,660001,0,user_10,1,11,5
111,90,660001,0,user_30,1,11,5
89,85,660001,0,user_9,1,11,5
91,80,660001,0,user_11,1,11,5
92,81,660001,0,user_11,1,11,5
154,64,660001,0,user_5,2,7,5
23,91,660001,0,user_18,0,8,5
24,92,660001,0,user_18,0,8,5
25,93,660001,0,user_18,0,8,5
169,67,660001,0,user_18,2,7,5
6,87,660001,0,user_5,0,8,5
8,88,660001,0,user_5,0,8,5
29,95,660001,0,user_22,0,8,5
21,90,660001,0,user_17,0,8,5
19,98,660001,0,user_15,0,8,5
35,99,660001,0,user_27,0,8,5
52,96,660001,0,user_40,0,6,5
41,88,660001,0,user_33,0,6,5
42,89,660001,0,user_33,0,6,5
27,86,660001,0,user_19,0,8,5
37,94,660001,0,user_28,0,8,5
48,99,660001,0,user_38,0,6,5
55,54,660001,0,user_42,0,5,5
31,96,660001,0,user_25,0,8,5
32,97,660001,0,user_25,0,8,5
128,61,660001,0,user_39,1,7,5
176,66,660001,0,user_21,2,7,5
186,92,660001,0,user_28,2,12,5
187,71,660001,0,user_30,2,7,5
171,65,660001,0,user_19,2,7,5
60,53,660001,0,user_44,0,5,5
17,89,660001,0,user_14,0,8,5
181,69,660001,0,user_24,2,7,5
182,70,660001,0,user_24,2,7,5
193,73,660001,0,user_38,2,7,5
196,74,660001,0,user_38,2,7,5
207,77,660001,0,user_44,2,7,5
191,76,660001,0,user_37,2,7,5
184,75,660001,0,user_26,2,7,5
185,78,660001,0,user_27,2,7,5
201,79,660001,0,user_42,2,7,5
202,80,660001,0,user_42,2,7,5
203,81,660001,0,user_42,2,7,5
189,72,660001,0,user_31,2,7,5
5,85,660000,14200,user_4,0,3,
97,74,659999,0,user_16,1,2,5
58,75,659999,0,user_43,0,2,5
84,76,659999,0,user_2,1,2,5
85,77,659999,0,user_2,1,2,5
95,78,659999,0,user_13,1,2,5
98,79,659999,0,user_17,1,2,5
80,80,659999,0,user_0,1,2,5
81,81,659999,0,user_0,1,2,5
87,82,659999,0,user_5,1,2,5
101,83,659999,0,user_19,1,2,5
88,84,659999,0,user_8,1,2,5
104,85,659999,0,user_23,1,2,5
105,86,659999,0,user_23,1,2,5
96,87,659999,0,user_15,1,2,5
121,88,659999,0,user_35,1,2,5
124,89,659999,0,user_35,1,2,5
131,90,659999,0,user_41,1,2,5
132,91,659999,0,user_41,1,2,5
103,92,659999,0,user_20,1,2,5
110,93,659999,0,user_29,1,2,5
125,94,659999,0,user_37,1,2,5
133,95,659999,0,user_42,1,2,5
134,96,659999,0,user_45,1,2,5
112,97,659999,0,user_31,1,2,5
113,98,659999,0,user_31,1,2,5
135,99,659999,0,user_46,1,2,5
11,1,43000000,0,user_9,0,19,
268,0,43000000,0,user_47,3,19,
210,8,4500000,0,user_48,2,19,
15,11,2600000,0,user_11,0,19,
10,16,2000000,0,user_8,0,19,
13,54,1100000,0,user_11,0,19,
63,90,1000000,0,user_48,0,19,
211,91,970000,0,user_48,2,19,
6,87,660001,0,user_5,0,8,5
8,88,660001,0,user_5,0,8,5
27,86,660001,0,user_19,0,8,5
17,89,660001,0,user_14,0,8,5
21,90,660001,0,user_17,0,8,5
23,91,660001,0,user_18,0,8,5
24,92,660001,0,user_18,0,8,5
25,93,660001,0,user_18,0,8,5
37,94,660001,0,user_28,0,8,5
29,95,660001,0,user_22,0,8,5
19,98,660001,0,user_15,0,8,5
41,88,660001,0,user_33,0,6,5
42,89,660001,0,user_33,0,6,5
31,96,660001,0,user_25,0,8,5
32,97,660001,0,user_25,0,8,5
35,99,660001,0,user_27,0,8,5
52,96,660001,0,user_40,0,6,5
48,99,660001,0,user_38,0,6,5
60,53,660001,0,user_44,0,5,5
55,54,660001,0,user_42,0,5,5
56,99,660001,0,user_43,0,15,5
57,79,660001,0,user_43,0,11,5
79,82,660001,0,user_0,1,11,5
93,83,660001,0,user_12,1,11,5
91,80,660001,0,user_11,1,11,5
92,81,660001,0,user_11,1,11,5
99,86,660001,0,user_17,1,11,5
109,58,660001,0,user_27,1,7,5
114,92,660001,0,user_33,1,11,5
90,94,660001,0,user_10,1,11,5
89,85,660001,0,user_9,1,11,5
100,87,660001,0,user_18,1,11,5
102,84,660001,0,user_19,1,11,5
116,95,660001,0,user_34,1,11,5
117,96,660001,0,user_34,1,11,5
118,97,660001,0,user_34,1,11,5
119,98,660001,0,user_34,1,11,5
126,99,660001,0,user_37,1,11,5
108,93,660001,0,user_26,1,11,5
111,90,660001,0,user_30,1,11,5
122,59,660001,0,user_35,1,7,5
123,60,660001,0,user_35,1,7,5
128,61,660001,0,user_39,1,7,5
106,88,660001,0,user_24,1,11,5
107,89,660001,0,user_24,1,11,5
129,62,660001,0,user_40,1,7,5
130,63,660001,0,user_40,1,7,5
127,91,660001,0,user_38,1,11,5
154,64,660001,0,user_5,2,7,5
176,66,660001,0,user_21,2,7,5
184,75,660001,0,user_26,2,7,5
187,71,660001,0,user_30,2,7,5
171,65,660001,0,user_19,2,7,5
169,67,660001,0,user_18,2,7,5
186,92,660001,0,user_28,2,12,5
193,73,660001,0,user_38,2,7,5
196,74,660001,0,user_38,2,7,5
207,77,660001,0,user_44,2,7,5
181,69,660001,0,user_24,2,7,5
182,70,660001,0,user_24,2,7,5
189,72,660001,0,user_31,2,7,5
185,78,660001,0,user_27,2,7,5
191,76,660001,0,user_37,2,7,5
201,79,660001,0,user_42,2,7,5
202,80,660001,0,user_42,2,7,5
203,81,660001,0,user_42,2,7,5
229,83,660001,0,user_9,3,13,5
234,91,660001,0,user_11,3,17,5
235,92,660001,0,user_11,3,17,5
237,94,660001,0,user_13,3,17,5
242,95,660001,0,user_16,3,17,5
244,96,660001,0,user_18,3,17,5
230,89,660001,0,user_10,3,9,5
232,90,660001,0,user_10,3,9,5
227,93,660001,0,user_8,3,17,5
267,98,660001,0,user_45,3,17,5
251,88,660001,0,user_29,3,13,5
5,85,660000,14200,user_4,0,3,
7,86,659999,0,user_5,0,3,5
16,87,659999,0,user_14,0,3,5
22,88,659999,0,user_18,0,3,5
26,89,659999,0,user_18,0,3,5
33,90,659999,0,user_26,0,3,5
34,91,659999,0,user_26,0,3,5
36,92,659999,0,user_27,0,3,5
46,93,659999,0,user_36,0,3,5
43,94,659999,0,user_34,0,3,5
44,95,659999,0,user_34,0,3,5
49,96,659999,0,user_38,0,3,5
53,97,659999,0,user_41,0,3,5
54,98,659999,0,user_41,0,3,5
59,99,659999,0,user_44,0,3,5
11,1,43000000,0,user_9,0,19,
268,0,43000000,0,user_47,3,19,
272,2,27000000,0,user_49,3,19,
271,4,5000000,0,user_49,3,19,
210,8,4500000,0,user_48,2,19,
15,11,2600000,0,user_11,0,19,
10,16,2000000,0,user_8,0,19,
333,14,2000000,0,user_48,4,19,
13,54,1100000,0,user_11,0,19,
63,90,1000000,0,user_48,0,19,
211,91,970000,0,user_48,2,19,
27,86,660001,0,user_19,0,8,5
6,87,660001,0,user_5,0,8,5
8,88,660001,0,user_5,0,8,5
17,89,660001,0,user_14,0,8,5
21,90,660001,0,user_17,0,8,5
23,91,660001,0,user_18,0,8,5
24,92,660001,0,user_18,0,8,5
25,93,660001,0,user_18,0,8,5
37,94,660001,0,user_28,0,8,5
29,95,660001,0,user_22,0,8,5
31,96,660001,0,user_25,0,8,5
32,97,660001,0,user_25,0,8,5
19,98,660001,0,user_15,0,8,5
35,99,660001,0,user_27,0,8,5
48,99,660001,0,user_38,0,6,5
41,88,660001,0,user_33,0,6,5
42,89,660001,0,user_33,0,6,5
52,96,660001,0,user_40,0,6,5
60,53,660001,0,user_44,0,5,5
55,54,660001,0,user_42,0,5,5
56,99,660001,0,user_43,0,15,5
57,79,660001,0,user_43,0,11,5
90,94,660001,0,user_10,1,11,5
91,80,660001,0,user_11,1,11,5
92,81,660001,0,user_11,1,11,5
79,82,660001,0,user_0,1,11,5
93,83,660001,0,user_12,1,11,5
102,84,660001,0,user_19,1,11,5
99,86,660001,0,user_17,1,11,5
100,87,660001,0,user_18,1,11,5
116,95,660001,0,user_34,1,11,5
117,96,660001,0,user_34,1,11,5
118,97,660001,0,user_34,1,11,5
119,98,660001,0,user_34,1,11,5
126,99,660001,0,user_37,1,11,5
108,93,660001,0,user_26,1,11,5
109,58,660001,0,user_27,1,7,5
106,88,660001,0,user_24,1,11,5
107,89,660001,0,user_24,1,11,5
122,59,660001,0,user_35,1,7,5
123,60,660001,0,user_35,1,7,5
128,61,660001,0,user_39,1,7,5
129,62,660001,0,user_40,1,7,5
130,63,660001,0,user_40,1,7,5
114,92,660001,0,user_33,1,11,5
127,91,660001,0,user_38,1,11,5
89,85,660001,0,user_9,1,11,5
111,90,660001,0,user_30,1,11,5
154,64,660001,0,user_5,2,7,5
185,78,660001,0,user_27,2,7,5
176,66,660001,0,user_21,2,7,5
169,67,660001,0,user_18,2,7,5
187,71,660001,0,user_30,2,7,5
171,65,660001,0,user_19,2,7,5
186,92,660001,0,user_28,2,12,5
193,73,660001,0,user_38,2,7,5
196,74,660001,0,user_38,2,7,5
207,77,660001,0,user_44,2,7,5
191,76,660001,0,user_37,2,7,5
184,75,660001,0,user_26,2,7,5
201,79,660001,0,user_42,2,7,5
202,80,660001,0,user_42,2,7,5
203,81,660001,0,user_42,2,7,5
181,69,660001,0,user_24,2,7,5
182,70,660001,0,user_24,2,7,5
189,72,660001,0,user_31,2,7,5
229,83,660001,0,user_9,3,13,5
234,91,660001,0,user_11,3,17,5
235,92,660001,0,user_11,3,17,5
227,93,660001,0,user_8,3,17,5
242,95,660001,0,user_16,3,17,5
230,89,660001,0,user_10,3,9,5
232,90,660001,0,user_10,3,9,5
237,94,660001,0,user_13,3,17,5
244,96,660001,0,user_18,3,17,5
246,99,660001,0,user_24,3,17,5
251,88,660001,0,user_29,3,13,5
256,84,660001,0,user_35,3,13,5
257,85,660001,0,user_35,3,13,5
260,86,660001,0,user_35,3,13,5
262,87,660001,0,user_36,3,13,5
253,97,660001,0,user_32,3,17,5
267,98,660001,0,user_45,3,17,5
250,78,660001,0,user_28,3,8,5
263,89,660001,0,user_38,3,13,5
281,78,660001,0,user_2,4,14,5
294,94,660001,0,user_15,4,16,5
293,90,660001,0,user_13,4,18,5
304,95,660001,0,user_23,4,18,5
11,1,43000000,0,user_9,0,19,
268,0,43000000,0,user_47,3,19,
272,2,27000000,0,user_49,3,19,
271,4,5000000,0,user_49,3,19,
210,8,4500000,0,user_48,2,19,
15,11,2600000,0,user_11,0,19,
10,16,2000000,0,user_8,0,19,
333,14,2000000,0,user_48,4,19,
334,15,2000000,0,user_49,4,19,
13,54,1100000,0,user_11,0,19,
393,55,1100000,121000,user_48,5,19,
63,90,1000000,0,user_48,0,19,
211,91,970000,0,user_48,2,19,
79,82,660001,0,user_0,1,11,5
93,83,660001,0,user_12,1,11,5
91,80,660001,0,user_11,1,11,5
92,81,660001,0,user_11,1,11,5
99,86,660001,0,user_17,1,11,5
100,87,660001,0,user_18,1,11,5
106,88,660001,0,user_24,1,11,5
107,89,660001,0,user_24,1,11,5
109,58,660001,0,user_27,1,7,5
89,85,660001,0,user_9,1,11,5
102,84,660001,0,user_19,1,11,5
111,90,660001,0,user_30,1,11,5
114,92,660001,0,user_33,1,11,5
127,91,660001,0,user_38,1,11,5
6,87,660001,0,user_5,0,8,5
8,88,660001,0,user_5,0,8,5
108,93,660001,0,user_26,1,11,5
122,59,660001,0,user_35,1,7,5
123,60,660001,0,user_35,1,7,5
129,62,660001,0,user_40,1,7,5
130,63,660001,0,user_40,1,7,5
90,94,660001,0,user_10,1,11,5
116,95,660001,0,user_34,1,11,5
117,96,660001,0,user_34,1,11,5
118,97,660001,0,user_34,1,11,5
119,98,660001,0,user_34,1,11,5
126,99,660001,0,user_37,1,11,5
154,64,660001,0,user_5,2,7,5
128,61,660001,0,user_39,1,7,5
27,86,660001,0,user_19,0,8,5
171,65,660001,0,user_19,2,7,5
48,99,660001,0,user_38,0,6,5
31,96,660001,0,user_25,0,8,5
32,97,660001,0,user_25,0,8,5
29,95,660001,0,user_22,0,8,5
19,98,660001,0,user_15,0,8,5
35,99,660001,0,user_27,0,8,5
52,96,660001,0,user_40,0,6,5
41,88,660001,0,user_33,0,6,5
42,89,660001,0,user_33,0,6,5
60,53,660001,0,user_44,0,5,5
55,54,660001,0,user_42,0,5,5
56,99,660001,0,user_43,0,15,5
57,79,660001,0,user_43,0,11,5
37,94,660001,0,user_28,0,8,5
169,67,660001,0,user_18,2,7,5
186,92,660001,0,user_28,2,12,5
191,76,660001,0,user_37,2,7,5
187,71,660001,0,user_30,2,7,5
193,73,660001,0,user_38,2,7,5
196,74,660001,0,user_38,2,7,5
207,77,660001,0,user_44,2,7,5
176,66,660001,0,user_21,2,7,5
184,75,660001,0,user_26,2,7,5
185,78,660001,0,user_27,2,7,5
201,79,660001,0,user_42,2,7,5
202,80,660001,0,user_42,2,7,5
203,81,660001,0,user_42,2,7,5
17,89,660001,0,user_14,0,8,5
21,90,660001,0,user_17,0,8,5
23,91,660001,0,user_18,0,8,5
24,92,660001,0,user_18,0,8,5
25,93,660001,0,user_18,0,8,5
181,69,660001,0,user_24,2,7,5
182,70,660001,0,user_24,2,7,5
189,72,660001,0,user_31,2,7,5
234,91,660001,0,user_11,3,17,5
235,92,660001,0,user_11,3,17,5
230,89,660001,0,user_10,3,9,5
232,90,660001,0,user_10,3,9,5
242,95,660001,0,user_16,3,17,5
251,88,660001,0,user_29,3,13,5
229,83,660001,0,user_9,3,13,5
237,94,660001,0,user_13,3,17,5
244,96,660001,0,user_18,3,17,5
227,93,660001,0,user_8,3,17,5
267,98,660001,0,user_45,3,17,5
256,84,660001,0,user_35,3,13,5
257,85,660001,0,user_35,3,13,5
260,86,660001,0,user_35,3,13,5
246,99,660001,0,user_24,3,17,5
262,87,660001,0,user_36,3,13,5
253,97,660001,0,user_32,3,17,5
250,78,660001,0,user_28,3,8,5
263,89,660001,0,user_38,3,13,5
281,78,660001,0,user_2,4,14,5
293,90,660001,0,user_13,4,18,5
11,1,43000000,0,user_9,0,19,
268,0,43000000,0,user_47,3,19,
272,2,27000000,0,user_49,3,19,
271,4,5000000,0,user_49,3,19,
210,8,4500000,0,user_48,2,19,
15,11,2600000,0,user_11,0,19,
10,16,2000000,0,user_8,0,19,
333,14,2000000,0,user_48,4,19,
334,15,2000000,0,user_49,4,19,
404,35,1100001,0,user_5,6,19,393
405,36,1100001,0,user_5,6,19,393
413,39,1100001,0,user_9,6,19,393
418,37,1100001,0,user_17,6,19,393
414,33,1100001,0,user_10,6,19,393
411,40,1100001,0,user_8,6,19,393
412,41,1100001,0,user_8,6,19,393
436,38,1100001,0,user_33,6,19,393
13,54,1100000,0,user_11,0,19,
393,55,1100000,121000,user_48,5,19,
410,77,1099999,0,user_7,6,19,393
402,80,1099999,0,user_3,6,19,393
416,78,1099999,0,user_16,6,19,393
421,79,1099999,0,user_20,6,19,393
431,81,1099999,0,user_29,6,19,393
63,90,1000000,0,user_48,0,19,
211,91,970000,0,user_48,2,19,
181,69,660001,0,user_24,2,7,5
182,70,660001,0,user_24,2,7,5
185,78,660001,0,user_27,2,7,5
169,67,660001,0,user_18,2,7,5
186,92,660001,0,user_28,2,12,5
176,66,660001,0,user_21,2,7,5
184,75,660001,0,user_26,2,7,5
171,65,660001,0,user_19,2,7,5
187,71,660001,0,user_30,2,7,5
189,72,660001,0,user_31,2,7,5
193,73,660001,0,user_38,2,7,5
196,74,660001,0,user_38,2,7,5
207,77,660001,0,user_44,2,7,5
191,76,660001,0,user_37,2,7,5
201,79,660001,0,user_42,2,7,5
202,80,660001,0,user_42,2,7,5
203,81,660001,0,user_42,2,7,5
56,99,660001,0,user_43,0,15,5
57,79,660001,0,user_43,0,11,5
79,82,660001,0,user_0,1,11,5
93,83,660001,0,user_12,1,11,5
91,80,660001,0,user_11,1,11,5
92,81,660001,0,user_11,1,11,5
99,86,660001,0,user_17,1,11,5
100,87,660001,0,user_18,1,11,5
111,90,660001,0,user_30,1,11,5
114,92,660001,0,user_33,1,11,5
102,84,660001,0,user_19,1,11,5
116,95,660001,0,user_34,1,11,5
117,96,660001,0,user_34,1,11,5
118,97,660001,0,user_34,1,11,5
119,98,660001,0,user_34,1,11,5
126,99,660001,0,user_37,1,11,5
108,93,660001,0,user_26,1,11,5
109,58,660001,0,user_27,1,7,5
106,88,660001,0,user_24,1,11,5
107,89,660001,0,user_24,1,11,5
89,85,660001,0,user_9,1,11,5
122,59,660001,0,user_35,1,7,5
123,60,660001,0,user_35,1,7,5
129,62,660001,0,user_40,1,7,5
130,63,660001,0,user_40,1,7,5
128,61,660001,0,user_39,1,7,5
127,91,660001,0,user_38,1,11,5
154,64,660001,0,user_5,2,7,5
90,94,660001,0,user_10,1,11,5
230,89,660001,0,user_10,3,9,5
232,90,660001,0,user_10,3,9,5
237,94,660001,0,user_13,3,17,5
234,91,660001,0,user_11,3,17,5
235,92,660001,0,user_11,3,17,5
242,95,660001,0,user_16,3,17,5
244,96,660001,0,user_18,3,17,5
250,78,660001,0,user_28,3,8,5
227,93,660001,0,user_8,3,17,5
267,98,660001,0,user_45,3,17,5
17,89,660001,0,user_14,0,8,5
6,87,660001,0,user_5,0,8,5
8,88,660001,0,user_5,0,8,5
19,98,660001,0,user_15,0,8,5
21,90,660001,0,user_17,0,8,5
35,99,660001,0,user_27,0,8,5
41,88,660001,0,user_33,0,6,5
42,89,660001,0,user_33,0,6,5
23,91,660001,0,user_18,0,8,5
24,92,660001,0,user_18,0,8,5
25,93,660001,0,user_18,0,8,5
29,95,660001,0,user_22,0,8,5
31,96,660001,0,user_25,0,8,5
32,97,660001,0,user_25,0,8,5
52,96,660001,0,user_40,0,6,5
27,86,660001,0,user_19,0,8,5
37,94,660001,0,user_28,0,8,5
48,99,660001,0,user_38,0,6,5
268,0,43000000,0,user_47,3,19,
11,1,43000000,0,user_9,0,19,
272,2,27000000,0,user_49,3,19,
271,4,5000000,0,user_49,3,19,
210,8,4500000,0,user_48,2,19,
15,11,2600000,0,user_11,0,19,
10,16,2000000,0,user_8,0,19,
333,14,2000000,0,user_48,4,19,
334,15,2000000,0,user_49,4,19,
513,18,1900000,0,user_48,7,19,
413,39,1100001,0,user_9,6,19,393
404,35,1100001,0,user_5,6,19,393
405,36,1100001,0,user_5,6,19,393
418,37,1100001,0,user_17,6,19,393
411,40,1100001,0,user_8,6,19,393
412,41,1100001,0,user_8,6,19,393
436,38,1100001,0,user_33,6,19,393
414,33,1100001,0,user_10,6,19,393
442,42,1100001,0,user_40,6,19,393
490,34,1100001,0,user_29,7,19,393
13,54,1100000,0,user_11,0,19,
393,55,1100000,121000,user_48,5,19,
402,80,1099999,0,user_3,6,19,393
416,78,1099999,0,user_16,6,19,393
410,77,1099999,0,user_7,6,19,393
431,81,1099999,0,user_29,6,19,393
440,82,1099999,0,user_39,6,19,393
421,79,1099999,0,user_20,6,19,393
466,71,1099999,0,user_0,7,19,393
471,70,1099999,0,user_3,7,19,393
483,69,1099999,0,user_20,7,19,393
495,72,1099999,0,user_35,7,19,393
501,73,1099999,0,user_38,7,19,393
63,90,1000000,0,user_48,0,19,
514,89,1000000,19700,user_48,7,19,
211,91,970000,0,user_48,2,19,
56,99,660001,0,user_43,0,15,5
57,79,660001,0,user_43,0,11,5
91,80,660001,0,user_11,1,11,5
92,81,660001,0,user_11,1,11,5
79,82,660001,0,user_0,1,11,5
93,83,660001,0,user_12,1,11,5
102,84,660001,0,user_19,1,11,5
89,85,660001,0,user_9,1,11,5
99,86,660001,0,user_17,1,11,5
100,87,660001,0,user_18,1,11,5
106,88,660001,0,user_24,1,11,5
107,89,660001,0,user_24,1,11,5
111,90,660001,0,user_30,1,11,5
127,91,660001,0,user_38,1,11,5
114,92,660001,0,user_33,1,11,5
108,93,660001,0,user_26,1,11,5
90,94,660001,0,user_10,1,11,5
116,95,660001,0,user_34,1,11,5
117,96,660001,0,user_34,1,11,5
118,97,660001,0,user_34,1,11,5
119,98,660001,0,user_34,1,11,5
126,99,660001,0,user_37,1,11,5
109,58,660001,0,user_27,1,7,5
122,59,660001,0,user_35,1,7,5
123,60,660001,0,user_35,1,7,5
128,61,660001,0,user_39,1,7,5
129,62,660001,0,user_40,1,7,5
130,63,660001,0,user_40,1,7,5
154,64,660001,0,user_5,2,7,5
171,65,660001,0,user_19,2,7,5
176,66,660001,0,user_21,2,7,5
169,67,660001,0,user_18,2,7,5
186,92,660001,0,user_28,2,12,5
181,69,660001,0,user_24,2,7,5
182,70,660001,0,user_24,2,7,5
187,71,660001,0,user_30,2,7,5
189,72,660001,0,user_31,2,7,5
193,73,660001,0,user_38,2,7,5
196,74,660001,0,user_38,2,7,5
184,75,660001,0,user_26,2,7,5
191,76,660001,0,user_37,2,7,5
207,77,660001,0,user_44,2,7,5
185,78,660001,0,user_27,2,7,5
201,79,660001,0,user_42,2,7,5
202,80,660001,0,user_42,2,7,5
203,81,660001,0,user_42,2,7,5
237,94,660001,0,user_13,3,17,5
234,91,660001,0,user_11,3,17,5
235,92,660001,0,user_11,3,17,5
242,95,660001,0,user_16,3,17,5
244,96,660001,0,user_18,3,17,5
250,78,660001,0,user_28,3,8,5
229,83,660001,0,user_9,3,13,5
227,93,660001,0,user_8,3,17,5
246,99,660001,0,user_24,3,17,5
262,87,660001,0,user_36,3,13,5
263,89,660001,0,user_38,3,13,5
230,89,660001,0,user_10,3,9,5
232,90,660001,0,user_10,3,9,5
253,97,660001,0,user_32,3,17,5
267,98,660001,0,user_45,3,17,5
251,88,660001,0,user_29,3,13,5
256,84,660001,0,user_35,3,13,5
257,85,660001,0,user_35,3,13,5
268,0,43000000,0,user_47,3,19,
11,1,43000000,0,user_9,0,19,
272,2,27000000,0,user_49,3,19,
271,4,5000000,0,user_49,3,19,
210,8,4500000,0,user_48,2,19,
15,11,2600000,0,user_11,0,19,
333,14,2000000,0,user_48,4,19,
334,15,2000000,0,user_49,4,19,
10,16,2000000,0,user_8,0,19,
513,18,1900000,0,user_48,7,19,
404,35,1100001,0,user_5,6,19,393
405,36,1100001,0,user_5,6,19,393
418,37,1100001,0,user_17,6,19,393
436,38,1100001,0,user_33,6,19,393
414,33,1100001,0,user_10,6,19,393
413,39,1100001,0,user_9,6,19,393
411,40,1100001,0,user_8,6,19,393
412,41,1100001,0,user_8,6,19,393
442,42,1100001,0,user_40,6,19,393
490,34,1100001,0,user_29,7,19,393
13,54,1100000,0,user_11,0,19,
393,55,1100000,121000,user_48,5,19,
410,77,1099999,0,user_7,6,19,393
416,78,1099999,0,user_16,6,19,393
421,79,1099999,0,user_20,6,19,393
402,80,1099999,0,user_3,6,19,393
431,81,1099999,0,user_29,6,19,393
440,82,1099999,0,user_39,6,19,393
471,70,1099999,0,user_3,7,19,393
483,69,1099999,0,user_20,7,19,393
466,71,1099999,0,user_0,7,19,393
495,72,1099999,0,user_35,7,19,393
501,73,1099999,0,user_38,7,19,393
548,66,1099999,0,user_13,8,19,393
568,68,1099999,0,user_29,8,19,393
63,90,1000000,0,user_48,0,19,
514,89,1000000,19700,user_48,7,19,
211,91,970000,0,user_48,2,19,
293,90,660001,0,user_13,4,18,5
290,91,660001,0,user_11,4,18,5
297,92,660001,0,user_19,4,18,5
295,93,660001,0,user_16,4,18,5
300,94,660001,0,user_21,4,18,5
304,95,660001,0,user_23,4,18,5
305,96,660001,0,user_24,4,18,5
285,97,660001,0,user_6,4,18,5
287,98,660001,0,user_6,4,18,5
312,99,660001,0,user_31,4,18,5
294,94,660001,0,user_15,4,16,5
318,95,660001,0,user_34,4,16,5
324,96,660001,0,user_40,4,16,5
325,97,660001,0,user_41,4,16,5
326,98,660001,0,user_44,4,16,5
328,99,660001,0,user_44,4,16,5
309,81,660001,0,user_29,4,12,5
323,82,660001,0,user_39,4,12,5
263,89,660001,0,user_38,3,13,5
281,78,660001,0,user_2,4,14,5
308,85,660001,0,user_27,4,12,5
347,67,660001,0,user_4,5,14,5
349,68,660001,0,user_4,5,14,5
237,94,660001,0,user_13,3,17,5
359,79,660001,0,user_13,5,17,5
360,80,660001,0,user_13,5,17,5
341,77,660001,0,user_0,5,17,5
186,92,660001,0,user_28,2,12,5
227,93,660001,0,user_8,3,17,5
256,84,660001,0,user_35,3,13,5
257,85,660001,0,user_35,3,13,5
260,86,660001,0,user_35,3,13,5
229,83,660001,0,user_9,3,13,5
246,99,660001,0,user_24,3,17,5
262,87,660001,0,user_36,3,13,5
230,89,660001,0,user_10,3,9,5
232,90,660001,0,user_10,3,9,5
253,97,660001,0,user_32,3,17,5
267,98,660001,0,user_45,3,17,5
251,88,660001,0,user_29,3,13,5
250,78,660001,0,user_28,3,8,5
372,82,660001,0,user_28,5,17,5
380,87,660001,0,user_34,5,17,5
369,78,660001,0,user_22,5,17,5
364,83,660001,0,user_15,5,17,5
365,81,660001,0,user_17,5,17,5
384,85,660001,0,user_36,5,17,5
390,86,660001,0,user_44,5,17,5
27,86,660001,0,user_19,0,8,5
6,87,660001,0,user_5,0,8,5
8,88,660001,0,user_5,0,8,5
17,89,660001,0,user_14,0,8,5
21,90,660001,0,user_17,0,8,5
23,91,660001,0,user_18,0,8,5
24,92,660001,0,user_18,0,8,5
25,93,660001,0,user_18,0,8,5
37,94,660001,0,user_28,0,8,5
29,95,660001,0,user_22,0,8,5
31,96,660001,0,user_25,0,8,5
32,97,660001,0,user_25,0,8,5
19,98,660001,0,user_15,0,8,5
35,99,660001,0,user_27,0,8,5
268,0,43000000,0,user_47,3,19,
11,1,43000000,0,user_9,0,19,
272,2,27000000,0,user_49,3,19,
271,4,5000000,0,user_49,3,19,
210,8,4500000,0,user_48,2,19,
15,11,2600000,0,user_11,0,19,
333,14,2000000,0,user_48,4,19,
334,15,2000000,0,user_49,4,19,
10,16,2000000,0,user_8,0,19,
513,18,1900000,0,user_48,7,19,
404,35,1100001,0,user_5,6,19,393
405,36,1100001,0,user_5,6,19,393
414,33,1100001,0,user_10,6,19,393
418,37,1100001,0,user_17,6,19,393
411,40,1100001,0,user_8,6,19,393
412,41,1100001,0,user_8,6,19,393
442,42,1100001,0,user_40,6,19,393
436,38,1100001,0,user_33,6,19,393
413,39,1100001,0,user_9,6,19,393
490,34,1100001,0,user_29,7,19,393
617,45,1100001,0,user_9,9,19,393
635,43,1100001,0,user_23,9,19,393
644,44,1100001,0,user_29,9,19,393
393,55,1100000,121000,user_48,5,19,
13,54,1100000,0,user_11,0,19,
410,77,1099999,0,user_7,6,19,393
421,79,1099999,0,user_20,6,19,393
416,78,1099999,0,user_16,6,19,393
402,80,1099999,0,user_3,6,19,393
431,81,1099999,0,user_29,6,19,393
440,82,1099999,0,user_39,6,19,393
466,71,1099999,0,user_0,7,19,393
471,70,1099999,0,user_3,7,19,393
483,69,1099999,0,user_20,7,19,393
495,72,1099999,0,user_35,7,19,393
501,73,1099999,0,user_38,7,19,393
548,66,1099999,0,user_13,8,19,393
565,67,1099999,0,user_24,8,19,393
568,68,1099999,0,user_29,8,19,393
621,74,1099999,0,user_13,9,19,393
628,76,1099999,0,user_17,9,19,393
620,75,1099999,0,user_12,9,19,393
63,90,1000000,0,user_48,0,19,
514,89,1000000,19700,user_48,7,19,
211,91,970000,0,user_48,2,19,
341,77,660001,0,user_0,5,17,5
369,78,660001,0,user_22,5,17,5
359,79,660001,0,user_13,5,17,5
360,80,660001,0,user_13,5,17,5
365,81,660001,0,user_17,5,17,5
372,82,660001,0,user_28,5,17,5
364,83,660001,0,user_15,5,17,5
392,84,660001,0,user_46,5,17,5
384,85,660001,0,user_36,5,17,5
390,86,660001,0,user_44,5,17,5
380,87,660001,0,user_34,5,17,5
374,88,660001,0,user_29,5,17,5
406,89,660001,0,user_5,6,17,5
407,90,660001,0,user_5,6,17,5
234,91,660001,0,user_11,3,17,5
235,92,660001,0,user_11,3,17,5
227,93,660001,0,user_8,3,17,5
237,94,660001,0,user_13,3,17,5
242,95,660001,0,user_16,3,17,5
244,96,660001,0,user_18,3,17,5
253,97,660001,0,user_32,3,17,5
267,98,660001,0,user_45,3,17,5
246,99,660001,0,user_24,3,17,5
229,83,660001,0,user_9,3,13,5
256,84,660001,0,user_35,3,13,5
257,85,660001,0,user_35,3,13,5
260,86,660001,0,user_35,3,13,5
262,87,660001,0,user_36,3,13,5
251,88,660001,0,user_29,3,13,5
263,89,660001,0,user_38,3,13,5
281,78,660001,0,user_2,4,14,5
293,90,660001,0,user_13,4,18,5
304,95,660001,0,user_23,4,18,5
285,97,660001,0,user_6,4,18,5
287,98,660001,0,user_6,4,18,5
294,94,660001,0,user_15,4,16,5
324,96,660001,0,user_40,4,16,5
290,91,660001,0,user_11,4,18,5
318,95,660001,0,user_34,4,16,5
295,93,660001,0,user_16,4,18,5
297,92,660001,0,user_19,4,18,5
325,97,660001,0,user_41,4,16,5
326,98,660001,0,user_44,4,16,5
328,99,660001,0,user_44,4,16,5
230,89,660001,0,user_10,3,9,5
232,90,660001,0,user_10,3,9,5
305,96,660001,0,user_24,4,18,5
300,94,660001,0,user_21,4,18,5
312,99,660001,0,user_31,4,18,5
309,81,660001,0,user_29,4,12,5
323,82,660001,0,user_39,4,12,5
347,67,660001,0,user_4,5,14,5
349,68,660001,0,user_4,5,14,5
387,82,660001,0,user_42,5,14,5
417,84,660001,0,user_17,6,15,5
11,1,43000000,0,user_9,0,19,
268,0,43000000,0,user_47,3,19,
272,2,27000000,0,user_49,3,19,
663,3,27000000,0,user_49,9,19,
271,4,5000000,0,user_49,3,19,
210,8,4500000,0,user_48,2,19,
15,11,2600000,0,user_11,0,19,
334,15,2000000,0,user_49,4,19,
333,14,2000000,0,user_48,4,19,
10,16,2000000,0,user_8,0,19,
513,18,1900000,0,user_48,7,19,
731,20,1400000,0,user_48,10,19,
404,35,1100001,0,user_5,6,19,393
405,36,1100001,0,user_5,6,19,393
418,37,1100001,0,user_17,6,19,393
413,39,1100001,0,user_9,6,19,393
411,40,1100001,0,user_8,6,19,393
412,41,1100001,0,user_8,6,19,393
436,38,1100001,0,user_33,6,19,393
414,33,1100001,0,user_10,6,19,393
442,42,1100001,0,user_40,6,19,393
490,34,1100001,0,user_29,7,19,393
617,45,1100001,0,user_9,9,19,393
635,43,1100001,0,user_23,9,19,393
645,46,1100001,0,user_31,9,19,393
644,44,1100001,0,user_29,9,19,393
692,47,1100001,0,user_10,10,19,393
722,48,1100001,0,user_42,10,19,393
393,55,1100000,121000,user_48,5,19,
13,54,1100000,0,user_11,0,19,
402,80,1099999,0,user_3,6,19,393
410,77,1099999,0,user_7,6,19,393
421,79,1099999,0,user_20,6,19,393
416,78,1099999,0,user_16,6,19,393
431,81,1099999,0,user_29,6,19,393
440,82,1099999,0,user_39,6,19,393
466,71,1099999,0,user_0,7,19,393
483,69,1099999,0,user_20,7,19,393
471,70,1099999,0,user_3,7,19,393
495,72,1099999,0,user_35,7,19,393
501,73,1099999,0,user_38,7,19,393
568,68,1099999,0,user_29,8,19,393
548,66,1099999,0,user_13,8,19,393
565,67,1099999,0,user_24,8,19,393
620,75,1099999,0,user_12,9,19,393
621,74,1099999,0,user_13,9,19,393
628,76,1099999,0,user_17,9,19,393
63,90,1000000,0,user_48,0,19,
514,89,1000000,19700,user_48,7,19,
211,91,970000,0,user_48,2,19,
347,67,660001,0,user_4,5,14,5
349,68,660001,0,user_4,5,14,5
359,79,660001,0,user_13,5,17,5
360,80,660001,0,user_13,5,17,5
341,77,660001,0,user_0,5,17,5
372,82,660001,0,user_28,5,17,5
365,81,660001,0,user_17,5,17,5
369,78,660001,0,user_22,5,17,5
384,85,660001,0,user_36,5,17,5
364,83,660001,0,user_15,5,17,5
392,84,660001,0,user_46,5,17,5
281,78,660001,0,user_2,4,14,5
380,87,660001,0,user_34,5,17,5
390,86,660001,0,user_44,5,17,5
374,88,660001,0,user_29,5,17,5
387,82,660001,0,user_42,5,14,5
406,89,660001,0,user_5,6,17,5
407,90,660001,0,user_5,6,17,5
422,86,660001,0,user_21,6,15,5
417,84,660001,0,user_17,6,15,5
409,82,660001,0,user_6,6,15,5
423,83,660001,0,user_22,6,15,5
435,87,660001,0,user_33,6,15,5
450,88,660001,0,user_46,6,15,5
434,89,660001,0,user_32,6,15,5
438,90,660001,0,user_34,6,15,5
439,91,660001,0,user_37,6,15,5
441,95,660001,0,user_39,6,15,5
444,96,660001,0,user_41,6,15,5
447,97,660001,0,user_41,6,15,5
428,85,660001,0,user_27,6,15,5
449,98,660001,0,user_42,6,15,5
293,90,660001,0,user_13,4,18,5
478,93,660001,0,user_13,7,19,5
465,96,660001,0,user_0,7,19,5
480,95,660001,0,user_17,7,19,5
493,99,660001,0,user_34,7,19,5
499,87,660001,0,user_37,7,18,5
326,98,660001,0,user_44,4,16,5
328,99,660001,0,user_44,4,16,5
484,94,660001,0,user_22,7,19,5
489,97,660001,0,user_27,7,19,5
504,98,660001,0,user_40,7,19,5
267,98,660001,0,user_45,3,17,5
290,91,660001,0,user_11,4,18,5
297,92,660001,0,user_19,4,18,5
304,95,660001,0,user_23,4,18,5
285,97,660001,0,user_6,4,18,5
287,98,660001,0,user_6,4,18,5
294,94,660001,0,user_15,4,16,5
268,0,43000000,0,user_47,3,19,
11,1,43000000,0,user_9,0,19,
272,2,27000000,0,user_49,3,19,
663,3,27000000,0,user_49,9,19,
271,4,5000000,0,user_49,3,19,
210,8,4500000,0,user_48,2,19,
15,11,2600000,0,user_11,0,19,
10,16,2000000,0,user_8,0,19,
333,14,2000000,0,user_48,4,19,
334,15,2000000,0,user_49,4,19,
513,18,1900000,0,user_48,7,19,
731,20,1400000,0,user_48,10,19,
490,34,1100001,0,user_29,7,19,393
411,40,1100001,0,user_8,6,19,393
412,41,1100001,0,user_8,6,19,393
418,37,1100001,0,user_17,6,19,393
413,39,1100001,0,user_9,6,19,393
436,38,1100001,0,user_33,6,19,393
414,33,1100001,0,user_10,6,19,393
442,42,1100001,0,user_40,6,19,393
404,35,1100001,0,user_5,6,19,393
405,36,1100001,0,user_5,6,19,393
644,44,1100001,0,user_29,9,19,393
617,45,1100001,0,user_9,9,19,393
635,43,1100001,0,user_23,9,19,393
645,46,1100001,0,user_31,9,19,393
692,47,1100001,0,user_10,10,19,393
722,48,1100001,0,user_42,10,19,393
763,32,1100001,0,user_13,11,19,393
13,54,1100000,0,user_11,0,19,
393,55,1100000,121000,user_48,5,19,
471,70,1099999,0,user_3,7,19,393
466,71,1099999,0,user_0,7,19,393
483,69,1099999,0,user_20,7,19,393
501,73,1099999,0,user_38,7,19,393
495,72,1099999,0,user_35,7,19,393
402,80,1099999,0,user_3,6,19,393
410,77,1099999,0,user_7,6,19,393
416,78,1099999,0,user_16,6,19,393
421,79,1099999,0,user_20,6,19,393
431,81,1099999,0,user_29,6,19,393
548,66,1099999,0,user_13,8,19,393
440,82,1099999,0,user_39,6,19,393
565,67,1099999,0,user_24,8,19,393
568,68,1099999,0,user_29,8,19,393
620,75,1099999,0,user_12,9,19,393
621,74,1099999,0,user_13,9,19,393
628,76,1099999,0,user_17,9,19,393
514,89,1000000,19700,user_48,7,19,
63,90,1000000,0,user_48,0,19,
211,91,970000,0,user_48,2,19,
478,93,660001,0,user_13,7,19,5
465,96,660001,0,user_0,7,19,5
480,95,660001,0,user_17,7,19,5
484,94,660001,0,user_22,7,19,5
489,97,660001,0,user_27,7,19,5
493,99,660001,0,user_34,7,19,5
499,87,660001,0,user_37,7,18,5
504,98,660001,0,user_40,7,19,5
507,88,660001,0,user_42,7,18,5
508,89,660001,0,user_43,7,18,5
409,82,660001,0,user_6,6,15,5
423,83,660001,0,user_22,6,15,5
417,84,660001,0,user_17,6,15,5
428,85,660001,0,user_27,6,15,5
422,86,660001,0,user_21,6,15,5
435,87,660001,0,user_33,6,15,5
450,88,660001,0,user_46,6,15,5
434,89,660001,0,user_32,6,15,5
438,90,660001,0,user_34,6,15,5
439,91,660001,0,user_37,6,15,5
406,89,660001,0,user_5,6,17,5
407,90,660001,0,user_5,6,17,5
372,82,660001,0,user_28,5,17,5
441,95,660001,0,user_39,6,15,5
444,96,660001,0,user_41,6,15,5
447,97,660001,0,user_41,6,15,5
449,98,660001,0,user_42,6,15,5
56,99,660001,0,user_43,0,15,5
57,79,660001,0,user_43,0,11,5
91,80,660001,0,user_11,1,11,5
92,81,660001,0,user_11,1,11,5
79,82,660001,0,user_0,1,11,5
93,83,660001,0,user_12,1,11,5
102,84,660001,0,user_19,1,11,5
89,85,660001,0,user_9,1,11,5
99,86,660001,0,user_17,1,11,5
100,87,660001,0,user_18,1,11,5
106,88,660001,0,user_24,1,11,5
107,89,660001,0,user_24,1,11,5
111,90,660001,0,user_30,1,11,5
127,91,660001,0,user_38,1,11,5
114,92,660001,0,user_33,1,11,5
108,93,660001,0,user_26,1,11,5
90,94,660001,0,user_10,1,11,5
116,95,660001,0,user_34,1,11,5
117,96,660001,0,user_34,1,11,5
118,97,660001,0,user_34,1,11,5
119,98,660001,0,user_34,1,11,5
126,99,660001,0,user_37,1,11,5
268,0,43000000,0,user_47,3,19,
11,1,43000000,0,user_9,0,19,
272,2,27000000,0,user_49,3,19,
663,3,27000000,0,user_49,9,19,
271,4,5000000,0,user_49,3,19,
210,8,4500000,0,user_48,2,19,
15,11,2600000,0,user_11,0,19,
333,14,2000000,0,user_48,4,19,
334,15,2000000,0,user_49,4,19,
10,16,2000000,0,user_8,0,19,
513,18,1900000,0,user_48,7,19,
731,20,1400000,0,user_48,10,19,
414,33,1100001,0,user_10,6,19,393
490,34,1100001,0,user_29,7,19,393
404,35,1100001,0,user_5,6,19,393
405,36,1100001,0,user_5,6,19,393
418,37,1100001,0,user_17,6,19,393
436,38,1100001,0,user_33,6,19,393
413,39,1100001,0,user_9,6,19,393
411,40,1100001,0,user_8,6,19,393
412,41,1100001,0,user_8,6,19,393
442,42,1100001,0,user_40,6,19,393
635,43,1100001,0,user_23,9,19,393
644,44,1100001,0,user_29,9,19,393
617,45,1100001,0,user_9,9,19,393
645,46,1100001,0,user_31,9,19,393
692,47,1100001,0,user_10,10,19,393
722,48,1100001,0,user_42,10,19,393
763,32,1100001,0,user_13,11,19,393
813,26,1100001,0,user_3,12,19,393
847,31,1100001,0,user_41,12,19,393
13,54,1100000,0,user_11,0,19,
393,55,1100000,121000,user_48,5,19,
548,66,1099999,0,user_13,8,19,393
565,67,1099999,0,user_24,8,19,393
568,68,1099999,0,user_29,8,19,393
483,69,1099999,0,user_20,7,19,393
471,70,1099999,0,user_3,7,19,393
466,71,1099999,0,user_0,7,19,393
495,72,1099999,0,user_35,7,19,393
501,73,1099999,0,user_38,7,19,393
621,74,1099999,0,user_13,9,19,393
620,75,1099999,0,user_12,9,19,393
628,76,1099999,0,user_17,9,19,393
410,77,1099999,0,user_7,6,19,393
416,78,1099999,0,user_16,6,19,393
421,79,1099999,0,user_20,6,19,393
402,80,1099999,0,user_3,6,19,393
431,81,1099999,0,user_29,6,19,393
440,82,1099999,0,user_39,6,19,393
817,62,1099999,0,user_9,12,19,393
824,61,1099999,0,user_15,12,19,393
514,89,1000000,19700,user_48,7,19,
63,90,1000000,0,user_48,0,19,
211,91,970000,0,user_48,2,19,
478,93,660001,0,user_13,7,19,5
484,94,660001,0,user_22,7,19,5
480,95,660001,0,user_17,7,19,5
465,96,660001,0,user_0,7,19,5
489,97,660001,0,user_27,7,19,5
504,98,660001,0,user_40,7,19,5
493,99,660001,0,user_34,7,19,5
499,87,660001,0,user_37,7,18,5
507,88,660001,0,user_42,7,18,5
508,89,660001,0,user_43,7,18,5
293,90,660001,0,user_13,4,18,5
290,91,660001,0,user_11,4,18,5
297,92,660001,0,user_19,4,18,5
295,93,660001,0,user_16,4,18,5
300,94,660001,0,user_21,4,18,5
304,95,660001,0,user_23,4,18,5
305,96,660001,0,user_24,4,18,5
285,97,660001,0,user_6,4,18,5
287,98,660001,0,user_6,4,18,5
312,99,660001,0,user_31,4,18,5
294,94,660001,0,user_15,4,16,5
318,95,660001,0,user_34,4,16,5
324,96,660001,0,user_40,4,16,5
325,97,660001,0,user_41,4,16,5
326,98,660001,0,user_44,4,16,5
328,99,660001,0,user_44,4,16,5
309,81,660001,0,user_29,4,12,5
323,82,660001,0,user_39,4,12,5
263,89,660001,0,user_38,3,13,5
281,78,660001,0,user_2,4,14,5
308,85,660001,0,user_27,4,12,5
347,67,660001,0,user_4,5,14,5
349,68,660001,0,user_4,5,14,5
237,94,660001,0,user_13,3,17,5
359,79,660001,0,user_13,5,17,5
360,80,660001,0,user_13,5,17,5
341,77,660001,0,user_0,5,17,5
186,92,660001,0,user_28,2,12,5
227,93,660001,0,user_8,3,17,5
256,84,660001,0,user_35,3,13,5
257,85,660001,0,user_35,3,13,5
260,86,660001,0,user_35,3,13,5
229,83,660001,0,user_9,3,13,5
246,99,660001,0,user_24,3,17,5
