id,position,gas_fee,mev_potential,creator_id,created_at,included_at,target_tx
11,0,43000000,0,user_9,0,19,
15,64,2600000,0,user_11,0,19,
10,94,2000000,0,user_8,0,19,
60,86,1600000,0,user_46,0,13,
13,84,1100000,0,user_11,0,7,
62,85,1000000,0,user_48,0,7,
109,6,660001,0,builder_17,0,0,63
63,89,660000,121000,user_48,0,7,
110,8,660001,0,builder_17,0,0,5
5,92,660000,14200,user_4,0,7,
17,93,660001,0,user_14,0,4,5
6,99,660001,0,user_5,0,6,5
8,87,660001,0,user_5,0,4,5
21,95,660001,0,user_17,0,4,5
23,97,660001,0,user_18,0,4,5
24,98,660001,0,user_18,0,4,5
25,99,660001,0,user_18,0,4,5
37,56,660001,0,user_28,0,3,5
19,94,660001,0,user_15,0,4,5
41,63,660001,0,user_33,0,3,5
42,64,660001,0,user_33,0,3,5
31,58,660001,0,user_25,0,3,5
32,59,660001,0,user_25,0,3,5
29,57,660001,0,user_22,0,3,5
35,96,660001,0,user_27,0,4,5
52,65,660001,0,user_40,0,3,5
27,90,660001,0,user_19,0,4,5
48,62,660001,0,user_38,0,3,5
16,98,659999,0,user_14,0,3,5
7,97,659999,0,user_5,0,3,5
22,99,659999,0,user_18,0,3,5
26,76,659999,0,user_18,0,2,5
43,77,659999,0,user_34,0,2,5
44,78,659999,0,user_34,0,2,5
33,79,659999,0,user_26,0,2,5
34,80,659999,0,user_26,0,2,5
36,74,659999,0,user_27,0,2,5
46,81,659999,0,user_36,0,2,5
49,82,659999,0,user_38,0,2,5
53,83,659999,0,user_41,0,2,5
54,84,659999,0,user_41,0,2,5
55,67,240000,350000,user_42,0,1,
111,42,239999,0,builder_17,0,0,55
12,70,310000,0,user_11,0,1,
4,71,260000,0,user_4,0,1,
14,81,220000,0,user_11,0,1,
112,46,150001,0,builder_17,0,0,1
1,83,150000,39400,user_1,0,1,
61,84,170000,0,user_47,0,1,
2,85,150001,0,user_2,0,1,1
9,86,150001,0,user_7,0,1,1
18,87,150001,0,user_15,0,1,1
45,88,150001,0,user_35,0,1,1
47,89,150001,0,user_36,0,1,1
51,90,150001,0,user_40,0,1,1
38,55,150001,0,user_29,0,0,1
58,93,150000,0,user_45,0,1,
64,92,150000,0,user_49,0,1,
3,94,149999,0,user_3,0,1,1
20,95,149999,0,user_16,0,1,1
28,97,149999,0,user_20,0,1,1
39,98,149999,0,user_30,0,1,1
40,99,149999,0,user_31,0,1,1
30,96,149999,0,user_23,0,1,1
50,64,149999,0,user_39,0,0,1
59,65,120000,0,user_46,0,0,
0,66,80000,0,user_1,0,0,
11,0,43000000,0,user_9,0,19,
200,1,3200001,0,builder_9,1,1,159
159,20,3200000,15700,user_42,1,19,
163,43,3200000,0,user_48,1,19,
15,64,2600000,0,user_11,0,19,
10,94,2000000,0,user_8,0,19,
158,95,2000000,0,user_42,1,19,
60,86,1600000,0,user_46,0,13,
13,84,1100000,0,user_11,0,7,
62,85,1000000,0,user_48,0,7,
201,10,660001,0,builder_9,1,1,63
63,89,660000,121000,user_48,0,7,
202,12,660001,0,builder_9,1,1,5
5,92,660000,14200,user_4,0,7,
17,93,660001,0,user_14,0,4,5
6,99,660001,0,user_5,0,6,5
8,87,660001,0,user_5,0,4,5
29,57,660001,0,user_22,0,3,5
31,58,660001,0,user_25,0,3,5
32,59,660001,0,user_25,0,3,5
21,95,660001,0,user_17,0,4,5
23,97,660001,0,user_18,0,4,5
24,98,660001,0,user_18,0,4,5
25,99,660001,0,user_18,0,4,5
37,56,660001,0,user_28,0,3,5
19,94,660001,0,user_15,0,4,5
41,63,660001,0,user_33,0,3,5
42,64,660001,0,user_33,0,3,5
35,96,660001,0,user_27,0,4,5
52,65,660001,0,user_40,0,3,5
27,90,660001,0,user_19,0,4,5
48,62,660001,0,user_38,0,3,5
114,82,660001,0,user_1,1,5,5
117,83,660001,0,user_3,1,5,5
128,86,660001,0,user_13,1,5,5
130,87,660001,0,user_13,1,5,5
131,88,660001,0,user_13,1,5,5
132,89,660001,0,user_13,1,5,5
142,96,660001,0,user_24,1,5,5
133,84,660001,0,user_15,1,5,5
150,97,660001,0,user_35,1,5,5
147,85,660001,0,user_32,1,5,5
16,98,659999,0,user_14,0,3,5
7,97,659999,0,user_5,0,3,5
33,79,659999,0,user_26,0,2,5
34,80,659999,0,user_26,0,2,5
22,99,659999,0,user_18,0,3,5
26,76,659999,0,user_18,0,2,5
43,77,659999,0,user_34,0,2,5
44,78,659999,0,user_34,0,2,5
36,74,659999,0,user_27,0,2,5
46,81,659999,0,user_36,0,2,5
49,82,659999,0,user_38,0,2,5
135,89,659999,0,user_16,1,2,5
136,90,659999,0,user_17,1,2,5
145,55,659999,0,user_29,1,1,5
53,83,659999,0,user_41,0,2,5
54,84,659999,0,user_41,0,2,5
122,88,659999,0,user_7,1,2,5
157,93,659999,0,user_40,1,2,63
113,85,659999,0,user_0,1,2,5
127,87,659999,0,user_12,1,2,5
139,96,659999,0,user_21,1,2,5
140,94,659999,0,user_22,1,2,63
141,95,659999,0,user_22,1,2,5
149,92,659999,0,user_34,1,2,5
203,66,240001,0,builder_9,1,1,55
55,67,240000,350000,user_42,0,1,
162,68,460000,0,user_46,1,1,
161,69,370000,0,user_46,1,1,
12,70,310000,0,user_11,0,1,
4,71,260000,0,user_4,0,1,
115,72,240001,0,user_1,1,1,55
118,73,240001,0,user_4,1,1,55
121,74,240001,0,user_7,1,1,55
116,75,239999,0,user_2,1,1,55
119,76,239999,0,user_4,1,1,55
124,77,239999,0,user_10,1,1,55
120,78,239999,0,user_5,1,1,55
125,79,239999,0,user_11,1,1,55
134,80,239999,0,user_15,1,1,55
14,81,220000,0,user_11,0,1,
204,82,150001,0,builder_9,1,1,1
1,83,150000,39400,user_1,0,1,
61,84,170000,0,user_47,0,1,
2,85,150001,0,user_2,0,1,1
9,86,150001,0,user_7,0,1,1
18,87,150001,0,user_15,0,1,1
45,88,150001,0,user_35,0,1,1
47,89,150001,0,user_36,0,1,1
51,90,150001,0,user_40,0,1,1
57,91,150000,0,user_44,0,1,
64,92,150000,0,user_49,0,1,
58,93,150000,0,user_45,0,1,
3,94,149999,0,user_3,0,1,1
20,95,149999,0,user_16,0,1,1
30,96,149999,0,user_23,0,1,1
28,97,149999,0,user_20,0,1,1
39,98,149999,0,user_30,0,1,1
40,99,149999,0,user_31,0,1,1
11,0,43000000,0,user_9,0,19,
324,1,3200001,0,builder_9,2,2,159
159,20,3200000,15700,user_42,1,19,
245,28,3200001,0,user_4,2,19,159
249,31,3200001,0,user_6,2,19,159
252,29,3200001,0,user_11,2,19,159
273,32,3200001,0,user_35,2,19,159
163,43,3200000,0,user_48,1,19,
255,49,3199999,0,user_14,2,19,159
269,50,3199999,0,user_33,2,19,159
271,51,3199999,0,user_34,2,19,159
15,64,2600000,0,user_11,0,19,
283,65,2500000,0,user_45,2,19,
10,94,2000000,0,user_8,0,19,
158,95,2000000,0,user_42,1,19,
60,86,1600000,0,user_46,0,13,
284,82,1200000,0,user_45,2,7,
13,84,1100000,0,user_11,0,7,
62,85,1000000,0,user_48,0,7,
285,86,1000000,0,user_46,2,7,
325,20,660001,0,builder_9,2,2,63
63,89,660000,121000,user_48,0,7,
326,22,660001,0,builder_9,2,2,5
5,92,660000,14200,user_4,0,7,
17,93,660001,0,user_14,0,4,5
6,99,660001,0,user_5,0,6,5
8,87,660001,0,user_5,0,4,5
19,94,660001,0,user_15,0,4,5
21,95,660001,0,user_17,0,4,5
35,96,660001,0,user_27,0,4,5
41,63,660001,0,user_33,0,3,5
42,64,660001,0,user_33,0,3,5
23,97,660001,0,user_18,0,4,5
24,98,660001,0,user_18,0,4,5
25,99,660001,0,user_18,0,4,5
29,57,660001,0,user_22,0,3,5
114,82,660001,0,user_1,1,5,5
27,90,660001,0,user_19,0,4,5
31,58,660001,0,user_25,0,3,5
32,59,660001,0,user_25,0,3,5
52,65,660001,0,user_40,0,3,5
37,56,660001,0,user_28,0,3,5
48,62,660001,0,user_38,0,3,5
138,91,660001,0,user_19,1,5,5
151,92,660001,0,user_37,1,5,5
152,93,660001,0,user_37,1,5,5
153,94,660001,0,user_37,1,5,5
155,95,660001,0,user_37,1,5,5
148,90,660001,0,user_33,1,5,5
128,86,660001,0,user_13,1,5,5
130,87,660001,0,user_13,1,5,5
131,88,660001,0,user_13,1,5,5
132,89,660001,0,user_13,1,5,5
117,83,660001,0,user_3,1,5,5
142,96,660001,0,user_24,1,5,5
133,84,660001,0,user_15,1,5,5
147,85,660001,0,user_32,1,5,5
150,97,660001,0,user_35,1,5,5
241,97,660001,0,user_2,2,6,5
244,82,660001,0,user_4,2,6,5
246,83,660001,0,user_4,2,6,5
242,81,660001,0,user_3,2,6,63
264,90,660001,0,user_24,2,6,63
250,84,660001,0,user_7,2,6,5
251,87,660001,0,user_8,2,6,63
262,86,660001,0,user_21,2,6,5
267,91,660001,0,user_29,2,6,5
266,88,660001,0,user_26,2,6,63
268,89,660001,0,user_32,2,6,63
272,92,660001,0,user_34,2,6,5
260,85,660001,0,user_19,2,6,5
280,93,660001,0,user_41,2,6,5
16,98,659999,0,user_14,0,3,5
7,97,659999,0,user_5,0,3,5
36,74,659999,0,user_27,0,2,5
22,99,659999,0,user_18,0,3,5
26,76,659999,0,user_18,0,2,5
43,77,659999,0,user_34,0,2,5
44,78,659999,0,user_34,0,2,5
33,79,659999,0,user_26,0,2,5
34,80,659999,0,user_26,0,2,5
46,81,659999,0,user_36,0,2,5
49,82,659999,0,user_38,0,2,5
53,83,659999,0,user_41,0,2,5
54,84,659999,0,user_41,0,2,5
113,85,659999,0,user_0,1,2,5
146,86,659999,0,user_30,1,2,5
127,87,659999,0,user_12,1,2,5
122,88,659999,0,user_7,1,2,5
135,89,659999,0,user_16,1,2,5
136,90,659999,0,user_17,1,2,5
144,91,659999,0,user_28,1,2,5
149,92,659999,0,user_34,1,2,5
157,93,659999,0,user_40,1,2,63
140,94,659999,0,user_22,1,2,63
141,95,659999,0,user_22,1,2,5
139,96,659999,0,user_21,1,2,5
239,97,659999,0,user_1,2,2,5
240,98,659999,0,user_2,2,2,5
243,99,659999,0,user_4,2,2,5
11,0,43000000,0,user_9,0,19,
159,20,3200000,15700,user_42,1,19,
454,2,3199999,0,builder_16,3,3,159
245,28,3200001,0,user_4,2,19,159
252,29,3200001,0,user_11,2,19,159
261,30,3200001,0,user_20,2,19,159
249,31,3200001,0,user_6,2,19,159
273,32,3200001,0,user_35,2,19,159
362,33,3200001,0,user_7,3,19,159
371,34,3200001,0,user_12,3,19,159
372,35,3200001,0,user_12,3,19,159
376,36,3200001,0,user_21,3,19,159
378,37,3200001,0,user_21,3,19,159
385,38,3200001,0,user_22,3,19,159
395,39,3200001,0,user_37,3,19,159
393,40,3200001,0,user_33,3,19,159
163,43,3200000,0,user_48,1,19,
255,49,3199999,0,user_14,2,19,159
269,50,3199999,0,user_33,2,19,159
271,51,3199999,0,user_34,2,19,159
361,57,3199999,0,user_6,3,19,159
365,45,3199999,0,user_10,3,19,159
368,46,3199999,0,user_10,3,19,159
370,52,3199999,0,user_11,3,19,159
387,56,3199999,0,user_24,3,19,159
394,63,3199999,0,user_35,3,19,159
379,53,3199999,0,user_21,3,19,159
380,54,3199999,0,user_21,3,19,159
383,58,3199999,0,user_22,3,19,159
384,59,3199999,0,user_22,3,19,159
392,62,3199999,0,user_32,3,19,159
389,60,3199999,0,user_30,3,19,159
15,64,2600000,0,user_11,0,19,
283,65,2500000,0,user_45,2,19,
10,94,2000000,0,user_8,0,19,
158,95,2000000,0,user_42,1,19,
60,86,1600000,0,user_46,0,13,
455,37,1500001,0,builder_16,3,3,400
400,87,1500000,75000,user_42,3,13,
399,79,1400000,0,user_42,3,7,
284,82,1200000,0,user_45,2,7,
401,81,1200000,0,user_45,3,7,
13,84,1100000,0,user_11,0,7,
62,85,1000000,0,user_48,0,7,
63,89,660000,121000,user_48,0,7,
456,45,659999,0,builder_16,3,3,63
5,92,660000,14200,user_4,0,7,
457,47,659999,0,builder_16,3,3,5
27,90,660001,0,user_19,0,4,5
6,99,660001,0,user_5,0,6,5
8,87,660001,0,user_5,0,4,5
17,93,660001,0,user_14,0,4,5
21,95,660001,0,user_17,0,4,5
23,97,660001,0,user_18,0,4,5
24,98,660001,0,user_18,0,4,5
25,99,660001,0,user_18,0,4,5
37,56,660001,0,user_28,0,3,5
29,57,660001,0,user_22,0,3,5
31,58,660001,0,user_25,0,3,5
32,59,660001,0,user_25,0,3,5
19,94,660001,0,user_15,0,4,5
35,96,660001,0,user_27,0,4,5
48,62,660001,0,user_38,0,3,5
41,63,660001,0,user_33,0,3,5
42,64,660001,0,user_33,0,3,5
52,65,660001,0,user_40,0,3,5
114,82,660001,0,user_1,1,5,5
128,86,660001,0,user_13,1,5,5
130,87,660001,0,user_13,1,5,5
131,88,660001,0,user_13,1,5,5
132,89,660001,0,user_13,1,5,5
138,91,660001,0,user_19,1,5,5
151,92,660001,0,user_37,1,5,5
152,93,660001,0,user_37,1,5,5
153,94,660001,0,user_37,1,5,5
155,95,660001,0,user_37,1,5,5
117,83,660001,0,user_3,1,5,5
133,84,660001,0,user_15,1,5,5
147,85,660001,0,user_32,1,5,5
142,96,660001,0,user_24,1,5,5
150,97,660001,0,user_35,1,5,5
148,90,660001,0,user_33,1,5,5
244,82,660001,0,user_4,2,6,5
246,83,660001,0,user_4,2,6,5
241,97,660001,0,user_2,2,6,5
242,81,660001,0,user_3,2,6,63
250,84,660001,0,user_7,2,6,5
262,86,660001,0,user_21,2,6,5
267,91,660001,0,user_29,2,6,5
272,92,660001,0,user_34,2,6,5
264,90,660001,0,user_24,2,6,63
268,89,660001,0,user_32,2,6,63
260,85,660001,0,user_19,2,6,5
280,93,660001,0,user_41,2,6,5
373,97,660001,0,user_14,3,7,63
381,98,660001,0,user_22,3,7,63
375,99,660001,0,user_20,3,7,63
7,97,659999,0,user_5,0,3,5
16,98,659999,0,user_14,0,3,5
22,99,659999,0,user_18,0,3,5
11,0,43000000,0,user_9,0,19,
574,1,3200001,0,builder_16,4,4,159
159,20,3200000,15700,user_42,1,19,
245,28,3200001,0,user_4,2,19,159
252,29,3200001,0,user_11,2,19,159
261,30,3200001,0,user_20,2,19,159
249,31,3200001,0,user_6,2,19,159
273,32,3200001,0,user_35,2,19,159
371,34,3200001,0,user_12,3,19,159
372,35,3200001,0,user_12,3,19,159
393,40,3200001,0,user_33,3,19,159
362,33,3200001,0,user_7,3,19,159
376,36,3200001,0,user_21,3,19,159
378,37,3200001,0,user_21,3,19,159
395,39,3200001,0,user_37,3,19,159
385,38,3200001,0,user_22,3,19,159
462,24,3200001,0,user_0,4,19,159
474,27,3200001,0,user_8,4,19,159
481,25,3200001,0,user_17,4,19,159
483,26,3200001,0,user_17,4,19,159
163,43,3200000,0,user_48,1,19,
255,49,3199999,0,user_14,2,19,159
269,50,3199999,0,user_33,2,19,159
271,51,3199999,0,user_34,2,19,159
370,52,3199999,0,user_11,3,19,159
365,45,3199999,0,user_10,3,19,159
368,46,3199999,0,user_10,3,19,159
379,53,3199999,0,user_21,3,19,159
380,54,3199999,0,user_21,3,19,159
361,57,3199999,0,user_6,3,19,159
383,58,3199999,0,user_22,3,19,159
384,59,3199999,0,user_22,3,19,159
389,60,3199999,0,user_30,3,19,159
394,63,3199999,0,user_35,3,19,159
387,56,3199999,0,user_24,3,19,159
391,61,3199999,0,user_31,3,19,159
392,62,3199999,0,user_32,3,19,159
388,55,3199999,0,user_28,3,19,159
396,47,3199999,0,user_38,3,19,159
472,48,3199999,0,user_8,4,19,159
15,64,2600000,0,user_11,0,19,
283,65,2500000,0,user_45,2,19,
158,95,2000000,0,user_42,1,19,
10,94,2000000,0,user_8,0,19,
512,82,1900000,0,user_48,4,13,
405,83,1800000,0,user_49,3,13,
60,86,1600000,0,user_46,0,13,
400,87,1500000,75000,user_42,3,13,
575,48,1499999,0,builder_16,4,4,400
463,90,1500001,0,user_1,4,12,400
489,91,1500001,0,user_25,4,12,400
465,92,1499999,0,user_3,4,9,400
468,90,1499999,0,user_5,4,9,400
469,91,1499999,0,user_5,4,9,400
471,93,1499999,0,user_7,4,9,400
492,97,1499999,0,user_29,4,9,400
497,94,1499999,0,user_34,4,9,400
494,95,1499999,0,user_30,4,9,400
399,79,1400000,0,user_42,3,7,
284,82,1200000,0,user_45,2,7,
401,81,1200000,0,user_45,3,7,
13,84,1100000,0,user_11,0,7,
62,85,1000000,0,user_48,0,7,
285,86,1000000,0,user_46,2,7,
509,88,870000,0,user_44,4,7,
576,65,660001,0,builder_16,4,4,63
63,89,660000,121000,user_48,0,7,
577,67,660001,0,builder_16,4,4,5
5,92,660000,14200,user_4,0,7,
117,83,660001,0,user_3,1,5,5
128,86,660001,0,user_13,1,5,5
130,87,660001,0,user_13,1,5,5
131,88,660001,0,user_13,1,5,5
132,89,660001,0,user_13,1,5,5
138,91,660001,0,user_19,1,5,5
133,84,660001,0,user_15,1,5,5
147,85,660001,0,user_32,1,5,5
151,92,660001,0,user_37,1,5,5
152,93,660001,0,user_37,1,5,5
153,94,660001,0,user_37,1,5,5
155,95,660001,0,user_37,1,5,5
148,90,660001,0,user_33,1,5,5
142,96,660001,0,user_24,1,5,5
150,97,660001,0,user_35,1,5,5
241,97,660001,0,user_2,2,6,5
114,82,660001,0,user_1,1,5,5
6,99,660001,0,user_5,0,6,5
8,87,660001,0,user_5,0,4,5
244,82,660001,0,user_4,2,6,5
246,83,660001,0,user_4,2,6,5
27,90,660001,0,user_19,0,4,5
250,84,660001,0,user_7,2,6,5
260,85,660001,0,user_19,2,6,5
17,93,660001,0,user_14,0,4,5
19,94,660001,0,user_15,0,4,5
21,95,660001,0,user_17,0,4,5
35,96,660001,0,user_27,0,4,5
23,97,660001,0,user_18,0,4,5
24,98,660001,0,user_18,0,4,5
25,99,660001,0,user_18,0,4,5
11,0,43000000,0,user_9,0,19,
678,1,3200001,0,builder_16,5,5,159
159,20,3200000,15700,user_42,1,19,
252,29,3200001,0,user_11,2,19,159
273,32,3200001,0,user_35,2,19,159
261,30,3200001,0,user_20,2,19,159
245,28,3200001,0,user_4,2,19,159
249,31,3200001,0,user_6,2,19,159
362,33,3200001,0,user_7,3,19,159
371,34,3200001,0,user_12,3,19,159
372,35,3200001,0,user_12,3,19,159
395,39,3200001,0,user_37,3,19,159
376,36,3200001,0,user_21,3,19,159
378,37,3200001,0,user_21,3,19,159
385,38,3200001,0,user_22,3,19,159
393,40,3200001,0,user_33,3,19,159
462,24,3200001,0,user_0,4,19,159
481,25,3200001,0,user_17,4,19,159
483,26,3200001,0,user_17,4,19,159
474,27,3200001,0,user_8,4,19,159
163,43,3200000,0,user_48,1,19,
255,49,3199999,0,user_14,2,19,159
269,50,3199999,0,user_33,2,19,159
271,51,3199999,0,user_34,2,19,159
365,45,3199999,0,user_10,3,19,159
368,46,3199999,0,user_10,3,19,159
370,52,3199999,0,user_11,3,19,159
388,55,3199999,0,user_28,3,19,159
361,57,3199999,0,user_6,3,19,159
379,53,3199999,0,user_21,3,19,159
380,54,3199999,0,user_21,3,19,159
383,58,3199999,0,user_22,3,19,159
384,59,3199999,0,user_22,3,19,159
392,62,3199999,0,user_32,3,19,159
387,56,3199999,0,user_24,3,19,159
394,63,3199999,0,user_35,3,19,159
389,60,3199999,0,user_30,3,19,159
391,61,3199999,0,user_31,3,19,159
396,47,3199999,0,user_38,3,19,159
472,48,3199999,0,user_8,4,19,159
15,64,2600000,0,user_11,0,19,
283,65,2500000,0,user_45,2,19,
158,95,2000000,0,user_42,1,19,
10,94,2000000,0,user_8,0,19,
512,82,1900000,0,user_48,4,13,
405,83,1800000,0,user_49,3,13,
60,86,1600000,0,user_46,0,13,
400,87,1500000,75000,user_42,3,13,
679,48,1499999,0,builder_16,5,5,400
463,90,1500001,0,user_1,4,12,400
489,91,1500001,0,user_25,4,12,400
582,89,1500001,0,user_2,5,12,400
594,88,1500001,0,user_19,5,12,400
468,90,1499999,0,user_5,4,9,400
469,91,1499999,0,user_5,4,9,400
465,92,1499999,0,user_3,4,9,400
471,93,1499999,0,user_7,4,9,400
492,97,1499999,0,user_29,4,9,400
497,94,1499999,0,user_34,4,9,400
494,95,1499999,0,user_30,4,9,400
399,79,1400000,0,user_42,3,7,
284,82,1200000,0,user_45,2,7,
401,81,1200000,0,user_45,3,7,
513,80,1200000,0,user_49,4,7,
618,83,1200000,0,user_48,5,7,
13,84,1100000,0,user_11,0,7,
285,86,1000000,0,user_46,2,7,
62,85,1000000,0,user_48,0,7,
509,88,870000,0,user_44,4,7,
63,89,660000,121000,user_48,0,7,
680,70,659999,0,builder_16,5,5,63
681,71,660001,0,builder_16,5,5,5
5,92,660000,14200,user_4,0,7,
241,97,660001,0,user_2,2,6,5
242,81,660001,0,user_3,2,6,63
264,90,660001,0,user_24,2,6,63
268,89,660001,0,user_32,2,6,63
250,84,660001,0,user_7,2,6,5
251,87,660001,0,user_8,2,6,63
262,86,660001,0,user_21,2,6,5
266,88,660001,0,user_26,2,6,63
267,91,660001,0,user_29,2,6,5
114,82,660001,0,user_1,1,5,5
117,83,660001,0,user_3,1,5,5
133,84,660001,0,user_15,1,5,5
147,85,660001,0,user_32,1,5,5
128,86,660001,0,user_13,1,5,5
130,87,660001,0,user_13,1,5,5
131,88,660001,0,user_13,1,5,5
132,89,660001,0,user_13,1,5,5
148,90,660001,0,user_33,1,5,5
138,91,660001,0,user_19,1,5,5
151,92,660001,0,user_37,1,5,5
152,93,660001,0,user_37,1,5,5
153,94,660001,0,user_37,1,5,5
155,95,660001,0,user_37,1,5,5
142,96,660001,0,user_24,1,5,5
150,97,660001,0,user_35,1,5,5
244,82,660001,0,user_4,2,6,5
246,83,660001,0,user_4,2,6,5
11,0,43000000,0,user_9,0,19,
804,1,3200001,0,builder_16,6,6,159
159,20,3200000,15700,user_42,1,19,
805,3,3200001,0,builder_16,6,6,734
734,22,3200000,10700,user_48,6,19,
245,28,3200001,0,user_4,2,19,159
252,29,3200001,0,user_11,2,19,159
261,30,3200001,0,user_20,2,19,159
249,31,3200001,0,user_6,2,19,159
273,32,3200001,0,user_35,2,19,159
362,33,3200001,0,user_7,3,19,159
371,34,3200001,0,user_12,3,19,159
372,35,3200001,0,user_12,3,19,159
376,36,3200001,0,user_21,3,19,159
378,37,3200001,0,user_21,3,19,159
385,38,3200001,0,user_22,3,19,159
395,39,3200001,0,user_37,3,19,159
393,40,3200001,0,user_33,3,19,159
462,24,3200001,0,user_0,4,19,159
481,25,3200001,0,user_17,4,19,159
483,26,3200001,0,user_17,4,19,159
474,27,3200001,0,user_8,4,19,159
163,43,3200000,0,user_48,1,19,
255,49,3199999,0,user_14,2,19,159
269,50,3199999,0,user_33,2,19,159
271,51,3199999,0,user_34,2,19,159
370,52,3199999,0,user_11,3,19,159
379,53,3199999,0,user_21,3,19,159
380,54,3199999,0,user_21,3,19,159
388,55,3199999,0,user_28,3,19,159
387,56,3199999,0,user_24,3,19,159
361,57,3199999,0,user_6,3,19,159
383,58,3199999,0,user_22,3,19,159
384,59,3199999,0,user_22,3,19,159
389,60,3199999,0,user_30,3,19,159
391,61,3199999,0,user_31,3,19,159
396,47,3199999,0,user_38,3,19,159
365,45,3199999,0,user_10,3,19,159
368,46,3199999,0,user_10,3,19,159
392,62,3199999,0,user_32,3,19,159
394,63,3199999,0,user_35,3,19,159
472,48,3199999,0,user_8,4,19,159
15,64,2600000,0,user_11,0,19,
283,65,2500000,0,user_45,2,19,
736,66,2400000,0,user_48,6,19,
10,94,2000000,0,user_8,0,19,
158,95,2000000,0,user_42,1,19,
512,82,1900000,0,user_48,4,13,
405,83,1800000,0,user_49,3,13,
60,86,1600000,0,user_46,0,13,
806,50,1500001,0,builder_16,6,6,400
400,87,1500000,75000,user_42,3,13,
463,90,1500001,0,user_1,4,12,400
489,91,1500001,0,user_25,4,12,400
582,89,1500001,0,user_2,5,12,400
594,88,1500001,0,user_19,5,12,400
700,92,1500001,0,user_12,6,12,400
737,98,1500000,0,user_48,6,10,
468,90,1499999,0,user_5,4,9,400
469,91,1499999,0,user_5,4,9,400
471,93,1499999,0,user_7,4,9,400
497,94,1499999,0,user_34,4,9,400
465,92,1499999,0,user_3,4,9,400
492,97,1499999,0,user_29,4,9,400
494,95,1499999,0,user_30,4,9,400
704,96,1499999,0,user_18,6,9,400
711,98,1499999,0,user_24,6,9,400
399,79,1400000,0,user_42,3,7,
284,82,1200000,0,user_45,2,7,
401,81,1200000,0,user_45,3,7,
513,80,1200000,0,user_49,4,7,
618,83,1200000,0,user_48,5,7,
13,84,1100000,0,user_11,0,7,
285,86,1000000,0,user_46,2,7,
62,85,1000000,0,user_48,0,7,
733,87,1000000,0,user_47,6,7,
509,88,870000,0,user_44,4,7,
807,77,660001,0,builder_16,6,6,63
63,89,660000,121000,user_48,0,7,
5,92,660000,14200,user_4,0,7,
808,80,659999,0,builder_16,6,6,5
242,81,660001,0,user_3,2,6,63
244,82,660001,0,user_4,2,6,5
246,83,660001,0,user_4,2,6,5
250,84,660001,0,user_7,2,6,5
260,85,660001,0,user_19,2,6,5
262,86,660001,0,user_21,2,6,5
251,87,660001,0,user_8,2,6,63
266,88,660001,0,user_26,2,6,63
268,89,660001,0,user_32,2,6,63
264,90,660001,0,user_24,2,6,63
267,91,660001,0,user_29,2,6,5
272,92,660001,0,user_34,2,6,5
280,93,660001,0,user_41,2,6,5
375,99,660001,0,user_20,3,7,63
373,97,660001,0,user_14,3,7,63
381,98,660001,0,user_22,3,7,63
241,97,660001,0,user_2,2,6,5
484,93,660001,0,user_18,4,7,63
6,99,660001,0,user_5,0,6,5
11,0,43000000,0,user_9,0,19,
859,11,5000000,0,user_48,7,19,
860,15,4200000,0,user_48,7,19,
949,3,3200001,0,builder_16,7,7,159
159,20,3200000,15700,user_42,1,19,
734,22,3200000,10700,user_48,6,19,
950,6,3199999,0,builder_16,7,7,734
462,24,3200001,0,user_0,4,19,159
481,25,3200001,0,user_17,4,19,159
483,26,3200001,0,user_17,4,19,159
474,27,3200001,0,user_8,4,19,159
362,33,3200001,0,user_7,3,19,159
371,34,3200001,0,user_12,3,19,159
372,35,3200001,0,user_12,3,19,159
395,39,3200001,0,user_37,3,19,159
261,30,3200001,0,user_20,2,19,159
376,36,3200001,0,user_21,3,19,159
378,37,3200001,0,user_21,3,19,159
385,38,3200001,0,user_22,3,19,159
393,40,3200001,0,user_33,3,19,159
245,28,3200001,0,user_4,2,19,159
252,29,3200001,0,user_11,2,19,159
249,31,3200001,0,user_6,2,19,159
273,32,3200001,0,user_35,2,19,159
163,43,3200000,0,user_48,1,19,
738,42,3200000,0,user_49,6,19,
472,48,3199999,0,user_8,4,19,159
396,47,3199999,0,user_38,3,19,159
370,52,3199999,0,user_11,3,19,159
365,45,3199999,0,user_10,3,19,159
368,46,3199999,0,user_10,3,19,159
379,53,3199999,0,user_21,3,19,159
380,54,3199999,0,user_21,3,19,159
361,57,3199999,0,user_6,3,19,159
383,58,3199999,0,user_22,3,19,159
384,59,3199999,0,user_22,3,19,159
389,60,3199999,0,user_30,3,19,159
387,56,3199999,0,user_24,3,19,159
391,61,3199999,0,user_31,3,19,159
394,63,3199999,0,user_35,3,19,159
392,62,3199999,0,user_32,3,19,159
388,55,3199999,0,user_28,3,19,159
255,49,3199999,0,user_14,2,19,159
269,50,3199999,0,user_33,2,19,159
271,51,3199999,0,user_34,2,19,159
15,64,2600000,0,user_11,0,19,
283,65,2500000,0,user_45,2,19,
736,66,2400000,0,user_48,6,19,
856,67,2000000,231000,user_46,7,19,
951,49,1999999,0,builder_16,7,7,856
10,94,2000000,0,user_8,0,19,
158,95,2000000,0,user_42,1,19,
512,82,1900000,0,user_48,4,13,
405,83,1800000,0,user_49,3,13,
854,84,1700000,0,user_44,7,13,
60,86,1600000,0,user_46,0,13,
400,87,1500000,75000,user_42,3,13,
952,57,1499999,0,builder_16,7,7,400
855,92,1500000,42000,user_45,7,13,
953,59,1499999,0,builder_16,7,7,855
489,91,1500001,0,user_25,4,12,400
582,89,1500001,0,user_2,5,12,400
463,90,1500001,0,user_1,4,12,400
594,88,1500001,0,user_19,5,12,400
700,92,1500001,0,user_12,6,12,400
828,93,1500001,0,user_17,7,12,400
835,94,1500001,0,user_23,7,12,400
737,98,1500000,0,user_48,6,10,
465,92,1499999,0,user_3,4,9,400
471,93,1499999,0,user_7,4,9,400
468,90,1499999,0,user_5,4,9,400
469,91,1499999,0,user_5,4,9,400
494,95,1499999,0,user_30,4,9,400
497,94,1499999,0,user_34,4,9,400
492,97,1499999,0,user_29,4,9,400
704,96,1499999,0,user_18,6,9,400
711,98,1499999,0,user_24,6,9,400
826,99,1499999,0,user_14,7,9,400
843,95,1499999,0,user_30,7,8,400
399,79,1400000,0,user_42,3,7,
513,80,1200000,0,user_49,4,7,
401,81,1200000,0,user_45,3,7,
284,82,1200000,0,user_45,2,7,
618,83,1200000,0,user_48,5,7,
13,84,1100000,0,user_11,0,7,
62,85,1000000,0,user_48,0,7,
285,86,1000000,0,user_46,2,7,
733,87,1000000,0,user_47,6,7,
509,88,870000,0,user_44,4,7,
63,89,660000,121000,user_48,0,7,
954,90,659999,0,builder_16,7,7,63
955,91,660001,0,builder_16,7,7,5
5,92,660000,14200,user_4,0,7,
484,93,660001,0,user_18,4,7,63
487,94,660001,0,user_22,4,7,63
495,95,660001,0,user_31,4,7,63
583,96,660001,0,user_2,5,7,63
373,97,660001,0,user_14,3,7,63
381,98,660001,0,user_22,3,7,63
375,99,660001,0,user_20,3,7,63
11,0,43000000,0,user_9,0,19,
859,11,5000000,0,user_48,7,19,
860,15,4200000,0,user_48,7,19,
159,20,3200000,15700,user_42,1,19,
1116,4,3199999,0,builder_16,8,8,159
1117,5,3200001,0,builder_16,8,8,734
734,22,3200000,10700,user_48,6,19,
249,31,3200001,0,user_6,2,19,159
252,29,3200001,0,user_11,2,19,159
273,32,3200001,0,user_35,2,19,159
371,34,3200001,0,user_12,3,19,159
372,35,3200001,0,user_12,3,19,159
362,33,3200001,0,user_7,3,19,159
376,36,3200001,0,user_21,3,19,159
378,37,3200001,0,user_21,3,19,159
393,40,3200001,0,user_33,3,19,159
395,39,3200001,0,user_37,3,19,159
385,38,3200001,0,user_22,3,19,159
481,25,3200001,0,user_17,4,19,159
483,26,3200001,0,user_17,4,19,159
462,24,3200001,0,user_0,4,19,159
474,27,3200001,0,user_8,4,19,159
245,28,3200001,0,user_4,2,19,159
261,30,3200001,0,user_20,2,19,159
163,43,3200000,0,user_48,1,19,
738,42,3200000,0,user_49,6,19,
255,49,3199999,0,user_14,2,19,159
269,50,3199999,0,user_33,2,19,159
361,57,3199999,0,user_6,3,19,159
370,52,3199999,0,user_11,3,19,159
388,55,3199999,0,user_28,3,19,159
396,47,3199999,0,user_38,3,19,159
379,53,3199999,0,user_21,3,19,159
380,54,3199999,0,user_21,3,19,159
394,63,3199999,0,user_35,3,19,159
365,45,3199999,0,user_10,3,19,159
368,46,3199999,0,user_10,3,19,159
383,58,3199999,0,user_22,3,19,159
384,59,3199999,0,user_22,3,19,159
389,60,3199999,0,user_30,3,19,159
387,56,3199999,0,user_24,3,19,159
392,62,3199999,0,user_32,3,19,159
391,61,3199999,0,user_31,3,19,159
472,48,3199999,0,user_8,4,19,159
271,51,3199999,0,user_34,2,19,159
15,64,2600000,0,user_11,0,19,
283,65,2500000,0,user_45,2,19,
736,66,2400000,0,user_48,6,19,
856,67,2000000,231000,user_46,7,19,
1118,49,1999999,0,builder_16,8,8,856
968,89,2000001,0,user_3,8,19,856
980,87,2000001,0,user_18,8,19,856
982,88,2000001,0,user_18,8,19,856
158,95,2000000,0,user_42,1,19,
10,94,2000000,0,user_8,0,19,
995,97,1999999,0,user_36,8,17,856
992,96,1999999,0,user_34,8,17,856
988,95,1999999,0,user_28,8,17,856
512,82,1900000,0,user_48,4,13,
405,83,1800000,0,user_49,3,13,
854,84,1700000,0,user_44,7,13,
60,86,1600000,0,user_46,0,13,
1012,85,1600000,0,user_47,8,13,
1119,63,1500001,0,builder_16,8,8,400
400,87,1500000,75000,user_42,3,13,
855,92,1500000,42000,user_45,7,13,
1120,66,1499999,0,builder_16,8,8,855
594,88,1500001,0,user_19,5,12,400
582,89,1500001,0,user_2,5,12,400
463,90,1500001,0,user_1,4,12,400
489,91,1500001,0,user_25,4,12,400
700,92,1500001,0,user_12,6,12,400
828,93,1500001,0,user_17,7,12,400
835,94,1500001,0,user_23,7,12,400
981,94,1500001,0,user_18,8,13,400
996,95,1500001,0,user_36,8,13,400
1000,99,1500001,0,user_40,8,13,400
984,93,1500001,0,user_19,8,13,400
999,96,1500001,0,user_38,8,13,400
1001,93,1500001,0,user_41,8,11,400
1002,94,1500001,0,user_41,8,11,400
997,97,1500001,0,user_37,8,13,400
998,98,1500001,0,user_37,8,13,400
737,98,1500000,0,user_48,6,10,
1011,99,1500000,0,user_45,8,10,
468,90,1499999,0,user_5,4,9,400
469,91,1499999,0,user_5,4,9,400
465,92,1499999,0,user_3,4,9,400
471,93,1499999,0,user_7,4,9,400
497,94,1499999,0,user_34,4,9,400
494,95,1499999,0,user_30,4,9,400
704,96,1499999,0,user_18,6,9,400
492,97,1499999,0,user_29,4,9,400
711,98,1499999,0,user_24,6,9,400
826,99,1499999,0,user_14,7,9,400
843,95,1499999,0,user_30,7,8,400
964,96,1499999,0,user_0,8,8,400
978,97,1499999,0,user_17,8,8,400
979,98,1499999,0,user_18,8,8,400
993,99,1499999,0,user_36,8,8,400
11,0,43000000,0,user_9,0,19,
859,11,5000000,0,user_48,7,19,
1171,12,5000000,0,user_48,9,19,
860,15,4200000,0,user_48,7,19,
1220,4,3200001,0,builder_9,9,9,159
159,20,3200000,15700,user_42,1,19,
734,22,3200000,10700,user_48,6,19,
1221,7,3199999,0,builder_9,9,9,734
249,31,3200001,0,user_6,2,19,159
252,29,3200001,0,user_11,2,19,159
273,32,3200001,0,user_35,2,19,159
371,34,3200001,0,user_12,3,19,159
372,35,3200001,0,user_12,3,19,159
362,33,3200001,0,user_7,3,19,159
376,36,3200001,0,user_21,3,19,159
378,37,3200001,0,user_21,3,19,159
393,40,3200001,0,user_33,3,19,159
395,39,3200001,0,user_37,3,19,159
385,38,3200001,0,user_22,3,19,159
481,25,3200001,0,user_17,4,19,159
483,26,3200001,0,user_17,4,19,159
462,24,3200001,0,user_0,4,19,159
474,27,3200001,0,user_8,4,19,159
245,28,3200001,0,user_4,2,19,159
261,30,3200001,0,user_20,2,19,159
163,43,3200000,0,user_48,1,19,
738,42,3200000,0,user_49,6,19,
255,49,3199999,0,user_14,2,19,159
269,50,3199999,0,user_33,2,19,159
361,57,3199999,0,user_6,3,19,159
370,52,3199999,0,user_11,3,19,159
388,55,3199999,0,user_28,3,19,159
396,47,3199999,0,user_38,3,19,159
379,53,3199999,0,user_21,3,19,159
380,54,3199999,0,user_21,3,19,159
394,63,3199999,0,user_35,3,19,159
365,45,3199999,0,user_10,3,19,159
368,46,3199999,0,user_10,3,19,159
383,58,3199999,0,user_22,3,19,159
384,59,3199999,0,user_22,3,19,159
389,60,3199999,0,user_30,3,19,159
387,56,3199999,0,user_24,3,19,159
392,62,3199999,0,user_32,3,19,159
391,61,3199999,0,user_31,3,19,159
472,48,3199999,0,user_8,4,19,159
271,51,3199999,0,user_34,2,19,159
15,64,2600000,0,user_11,0,19,
283,65,2500000,0,user_45,2,19,
736,66,2400000,0,user_48,6,19,
856,67,2000000,231000,user_46,7,19,
1222,50,1999999,0,builder_9,9,9,856
968,89,2000001,0,user_3,8,19,856
980,87,2000001,0,user_18,8,19,856
982,88,2000001,0,user_18,8,19,856
1128,90,2000001,0,user_5,9,19,856
1150,91,2000001,0,user_27,9,19,856
158,95,2000000,0,user_42,1,19,
10,94,2000000,0,user_8,0,19,
988,95,1999999,0,user_28,8,17,856
992,96,1999999,0,user_34,8,17,856
995,97,1999999,0,user_36,8,17,856
512,82,1900000,0,user_48,4,13,
1004,81,1900000,0,user_43,8,13,
405,83,1800000,0,user_49,3,13,
854,84,1700000,0,user_44,7,13,
60,86,1600000,0,user_46,0,13,
1012,85,1600000,0,user_47,8,13,
1223,67,1500001,0,builder_9,9,9,400
400,87,1500000,75000,user_42,3,13,
1224,69,1500001,0,builder_9,9,9,855
855,92,1500000,42000,user_45,7,13,
594,88,1500001,0,user_19,5,12,400
582,89,1500001,0,user_2,5,12,400
463,90,1500001,0,user_1,4,12,400
489,91,1500001,0,user_25,4,12,400
700,92,1500001,0,user_12,6,12,400
828,93,1500001,0,user_17,7,12,400
835,94,1500001,0,user_23,7,12,400
997,97,1500001,0,user_37,8,13,400
998,98,1500001,0,user_37,8,13,400
981,94,1500001,0,user_18,8,13,400
996,95,1500001,0,user_36,8,13,400
1000,99,1500001,0,user_40,8,13,400
984,93,1500001,0,user_19,8,13,400
999,96,1500001,0,user_38,8,13,400
1001,93,1500001,0,user_41,8,11,400
1002,94,1500001,0,user_41,8,11,400
737,98,1500000,0,user_48,6,10,
1016,88,1500000,0,user_49,8,9,
1011,99,1500000,0,user_45,8,10,
468,90,1499999,0,user_5,4,9,400
469,91,1499999,0,user_5,4,9,400
465,92,1499999,0,user_3,4,9,400
471,93,1499999,0,user_7,4,9,400
497,94,1499999,0,user_34,4,9,400
494,95,1499999,0,user_30,4,9,400
704,96,1499999,0,user_18,6,9,400
492,97,1499999,0,user_29,4,9,400
711,98,1499999,0,user_24,6,9,400
826,99,1499999,0,user_14,7,9,400
11,0,43000000,0,user_9,0,19,
1415,1,27000001,0,builder_16,10,10,1305
1305,2,27000000,46500,user_44,10,19,
859,11,5000000,0,user_48,7,19,
1171,12,5000000,0,user_48,9,19,
1416,5,4500001,0,builder_16,10,10,1172
1172,14,4500000,16400,user_49,9,19,
860,15,4200000,0,user_48,7,19,
1311,18,3500000,5180,user_46,10,19,
1417,9,3499999,0,builder_16,10,10,1311
1418,10,3200001,0,builder_16,10,10,159
159,20,3200000,15700,user_42,1,19,
734,22,3200000,10700,user_48,6,19,
1419,13,3199999,0,builder_16,10,10,734
462,24,3200001,0,user_0,4,19,159
481,25,3200001,0,user_17,4,19,159
483,26,3200001,0,user_17,4,19,159
474,27,3200001,0,user_8,4,19,159
245,28,3200001,0,user_4,2,19,159
252,29,3200001,0,user_11,2,19,159
261,30,3200001,0,user_20,2,19,159
249,31,3200001,0,user_6,2,19,159
273,32,3200001,0,user_35,2,19,159
362,33,3200001,0,user_7,3,19,159
371,34,3200001,0,user_12,3,19,159
372,35,3200001,0,user_12,3,19,159
376,36,3200001,0,user_21,3,19,159
378,37,3200001,0,user_21,3,19,159
385,38,3200001,0,user_22,3,19,159
395,39,3200001,0,user_37,3,19,159
393,40,3200001,0,user_33,3,19,159
738,42,3200000,0,user_49,6,19,
163,43,3200000,0,user_48,1,19,
365,45,3199999,0,user_10,3,19,159
368,46,3199999,0,user_10,3,19,159
396,47,3199999,0,user_38,3,19,159
472,48,3199999,0,user_8,4,19,159
255,49,3199999,0,user_14,2,19,159
269,50,3199999,0,user_33,2,19,159
271,51,3199999,0,user_34,2,19,159
370,52,3199999,0,user_11,3,19,159
379,53,3199999,0,user_21,3,19,159
380,54,3199999,0,user_21,3,19,159
388,55,3199999,0,user_28,3,19,159
387,56,3199999,0,user_24,3,19,159
361,57,3199999,0,user_6,3,19,159
383,58,3199999,0,user_22,3,19,159
384,59,3199999,0,user_22,3,19,159
389,60,3199999,0,user_30,3,19,159
391,61,3199999,0,user_31,3,19,159
392,62,3199999,0,user_32,3,19,159
394,63,3199999,0,user_35,3,19,159
15,64,2600000,0,user_11,0,19,
283,65,2500000,0,user_45,2,19,
736,66,2400000,0,user_48,6,19,
1420,55,2000001,0,builder_16,10,10,856
856,67,2000000,231000,user_46,7,19,
1167,69,2100000,0,user_43,9,19,
980,87,2000001,0,user_18,8,19,856
982,88,2000001,0,user_18,8,19,856
968,89,2000001,0,user_3,8,19,856
1128,90,2000001,0,user_5,9,19,856
1150,91,2000001,0,user_27,9,19,856
10,94,2000000,0,user_8,0,19,
158,95,2000000,0,user_42,1,19,
1170,96,2000000,0,user_47,9,19,
988,95,1999999,0,user_28,8,17,856
992,96,1999999,0,user_34,8,17,856
995,97,1999999,0,user_36,8,17,856
1143,94,1999999,0,user_19,9,17,856
1279,98,1999999,0,user_16,10,17,856
1287,99,1999999,0,user_23,10,17,856
512,82,1900000,0,user_48,4,13,
1004,81,1900000,0,user_43,8,13,
405,83,1800000,0,user_49,3,13,
854,84,1700000,0,user_44,7,13,
60,86,1600000,0,user_46,0,13,
1012,85,1600000,0,user_47,8,13,
1421,78,1500001,0,builder_16,10,10,400
400,87,1500000,75000,user_42,3,13,
1422,80,1500001,0,builder_16,10,10,855
855,92,1500000,42000,user_45,7,13,
828,93,1500001,0,user_17,7,12,400
835,94,1500001,0,user_23,7,12,400
463,90,1500001,0,user_1,4,12,400
489,91,1500001,0,user_25,4,12,400
582,89,1500001,0,user_2,5,12,400
594,88,1500001,0,user_19,5,12,400
700,92,1500001,0,user_12,6,12,400
984,93,1500001,0,user_19,8,13,400
981,94,1500001,0,user_18,8,13,400
997,97,1500001,0,user_37,8,13,400
998,98,1500001,0,user_37,8,13,400
996,95,1500001,0,user_36,8,13,400
1000,99,1500001,0,user_40,8,13,400
999,96,1500001,0,user_38,8,13,400
1001,93,1500001,0,user_41,8,11,400
1002,94,1500001,0,user_41,8,11,400
737,98,1500000,0,user_48,6,10,
1011,99,1500000,0,user_45,8,10,
11,0,43000000,0,user_9,0,19,
1305,2,27000000,46500,user_44,10,19,
1601,2,26999999,0,builder_16,11,11,1305
859,11,5000000,0,user_48,7,19,
1171,12,5000000,0,user_48,9,19,
1172,14,4500000,16400,user_49,9,19,
1602,6,4499999,0,builder_16,11,11,1172
860,15,4200000,0,user_48,7,19,
1311,18,3500000,5180,user_46,10,19,
1603,9,3499999,0,builder_16,11,11,1311
1604,10,3200001,0,builder_16,11,11,159
159,20,3200000,15700,user_42,1,19,
734,22,3200000,10700,user_48,6,19,
1605,13,3199999,0,builder_16,11,11,734
462,24,3200001,0,user_0,4,19,159
481,25,3200001,0,user_17,4,19,159
483,26,3200001,0,user_17,4,19,159
474,27,3200001,0,user_8,4,19,159
362,33,3200001,0,user_7,3,19,159
371,34,3200001,0,user_12,3,19,159
372,35,3200001,0,user_12,3,19,159
395,39,3200001,0,user_37,3,19,159
261,30,3200001,0,user_20,2,19,159
376,36,3200001,0,user_21,3,19,159
378,37,3200001,0,user_21,3,19,159
385,38,3200001,0,user_22,3,19,159
393,40,3200001,0,user_33,3,19,159
245,28,3200001,0,user_4,2,19,159
252,29,3200001,0,user_11,2,19,159
249,31,3200001,0,user_6,2,19,159
273,32,3200001,0,user_35,2,19,159
163,43,3200000,0,user_48,1,19,
738,42,3200000,0,user_49,6,19,
472,48,3199999,0,user_8,4,19,159
396,47,3199999,0,user_38,3,19,159
370,52,3199999,0,user_11,3,19,159
365,45,3199999,0,user_10,3,19,159
368,46,3199999,0,user_10,3,19,159
379,53,3199999,0,user_21,3,19,159
380,54,3199999,0,user_21,3,19,159
361,57,3199999,0,user_6,3,19,159
383,58,3199999,0,user_22,3,19,159
384,59,3199999,0,user_22,3,19,159
389,60,3199999,0,user_30,3,19,159
387,56,3199999,0,user_24,3,19,159
391,61,3199999,0,user_31,3,19,159
394,63,3199999,0,user_35,3,19,159
392,62,3199999,0,user_32,3,19,159
388,55,3199999,0,user_28,3,19,159
255,49,3199999,0,user_14,2,19,159
269,50,3199999,0,user_33,2,19,159
271,51,3199999,0,user_34,2,19,159
15,64,2600000,0,user_11,0,19,
283,65,2500000,0,user_45,2,19,
736,66,2400000,0,user_48,6,19,
1606,55,2000001,0,builder_16,11,11,856
856,67,2000000,231000,user_46,7,19,
1167,69,2100000,0,user_43,9,19,
968,89,2000001,0,user_3,8,19,856
980,87,2000001,0,user_18,8,19,856
982,88,2000001,0,user_18,8,19,856
1128,90,2000001,0,user_5,9,19,856
1150,91,2000001,0,user_27,9,19,856
10,94,2000000,0,user_8,0,19,
158,95,2000000,0,user_42,1,19,
1170,96,2000000,0,user_47,9,19,
1477,93,2000000,0,user_47,11,19,
988,95,1999999,0,user_28,8,17,856
995,97,1999999,0,user_36,8,17,856
992,96,1999999,0,user_34,8,17,856
1143,94,1999999,0,user_19,9,17,856
1279,98,1999999,0,user_16,10,17,856
1287,99,1999999,0,user_23,10,17,856
1438,93,1999999,0,user_8,11,16,856
1004,81,1900000,0,user_43,8,13,
512,82,1900000,0,user_48,4,13,
405,83,1800000,0,user_49,3,13,
854,84,1700000,0,user_44,7,13,
1012,85,1600000,0,user_47,8,13,
60,86,1600000,0,user_46,0,13,
400,87,1500000,75000,user_42,3,13,
1607,81,1499999,0,builder_16,11,11,400
855,92,1500000,42000,user_45,7,13,
1608,83,1499999,0,builder_16,11,11,855
835,94,1500001,0,user_23,7,12,400
828,93,1500001,0,user_17,7,12,400
981,94,1500001,0,user_18,8,13,400
996,95,1500001,0,user_36,8,13,400
1000,99,1500001,0,user_40,8,13,400
984,93,1500001,0,user_19,8,13,400
997,97,1500001,0,user_37,8,13,400
998,98,1500001,0,user_37,8,13,400
999,96,1500001,0,user_38,8,13,400
1001,93,1500001,0,user_41,8,11,400
1002,94,1500001,0,user_41,8,11,400
489,91,1500001,0,user_25,4,12,400
582,89,1500001,0,user_2,5,12,400
463,90,1500001,0,user_1,4,12,400
594,88,1500001,0,user_19,5,12,400
700,92,1500001,0,user_12,6,12,400
11,0,43000000,0,user_9,0,19,
1804,1,27000001,0,builder_16,12,12,1305
1305,2,27000000,46500,user_44,10,19,
1805,3,5000001,0,builder_16,12,12,1671
1671,8,5000000,47700,user_42,12,19,
1171,12,5000000,0,user_48,9,19,
859,11,5000000,0,user_48,7,19,
1806,7,4500001,0,builder_16,12,12,1172
1172,14,4500000,16400,user_49,9,19,
860,15,4200000,0,user_48,7,19,
1311,18,3500000,5180,user_46,10,19,
1807,11,3499999,0,builder_16,12,12,1311
159,20,3200000,15700,user_42,1,19,
1808,13,3199999,0,builder_16,12,12,159
734,22,3200000,10700,user_48,6,19,
1809,15,3199999,0,builder_16,12,12,734
249,31,3200001,0,user_6,2,19,159
252,29,3200001,0,user_11,2,19,159
273,32,3200001,0,user_35,2,19,159
371,34,3200001,0,user_12,3,19,159
372,35,3200001,0,user_12,3,19,159
362,33,3200001,0,user_7,3,19,159
376,36,3200001,0,user_21,3,19,159
378,37,3200001,0,user_21,3,19,159
393,40,3200001,0,user_33,3,19,159
395,39,3200001,0,user_37,3,19,159
385,38,3200001,0,user_22,3,19,159
481,25,3200001,0,user_17,4,19,159
483,26,3200001,0,user_17,4,19,159
462,24,3200001,0,user_0,4,19,159
474,27,3200001,0,user_8,4,19,159
245,28,3200001,0,user_4,2,19,159
261,30,3200001,0,user_20,2,19,159
163,43,3200000,0,user_48,1,19,
738,42,3200000,0,user_49,6,19,
255,49,3199999,0,user_14,2,19,159
269,50,3199999,0,user_33,2,19,159
361,57,3199999,0,user_6,3,19,159
370,52,3199999,0,user_11,3,19,159
388,55,3199999,0,user_28,3,19,159
