id,position,gas_fee,mev_potential,creator_id,created_at,included_at,target_tx
11,0,43000000,0,user_9,0,19,
15,48,2600000,0,user_11,0,19,
10,56,2000000,0,user_8,0,19,
13,84,1100000,0,user_11,0,7,
63,85,1000000,0,user_48,0,7,
6,99,660001,0,user_5,0,7,5
8,68,660001,0,user_5,0,6,5
17,84,660001,0,user_14,0,6,5
19,85,660001,0,user_15,0,6,5
21,86,660001,0,user_17,0,6,5
23,90,660001,0,user_18,0,6,5
24,91,660001,0,user_18,0,6,5
25,92,660001,0,user_18,0,6,5
29,93,660001,0,user_22,0,6,5
41,88,660001,0,user_33,0,6,5
42,89,660001,0,user_33,0,6,5
31,94,660001,0,user_25,0,6,5
32,95,660001,0,user_25,0,6,5
35,87,660001,0,user_27,0,6,5
52,96,660001,0,user_40,0,6,5
27,97,660001,0,user_19,0,6,5
37,98,660001,0,user_28,0,6,5
48,99,660001,0,user_38,0,6,5
60,72,660001,0,user_44,0,5,5
55,73,660001,0,user_42,0,5,5
5,95,660000,14200,user_4,0,5,
7,89,659999,0,user_5,0,4,5
16,90,659999,0,user_14,0,4,5
22,91,659999,0,user_18,0,4,5
26,92,659999,0,user_18,0,4,5
33,93,659999,0,user_26,0,4,5
34,94,659999,0,user_26,0,4,5
36,95,659999,0,user_27,0,4,5
46,96,659999,0,user_36,0,4,5
43,98,659999,0,user_34,0,4,5
44,99,659999,0,user_34,0,4,5
49,97,659999,0,user_38,0,4,5
53,82,659999,0,user_41,0,3,5
54,83,659999,0,user_41,0,3,5
59,84,659999,0,user_44,0,3,5
61,85,659999,0,user_45,0,3,5
62,74,650000,0,user_47,0,1,
64,76,310000,0,user_48,0,1,
12,75,310000,0,user_11,0,1,
4,77,260000,0,user_4,0,1,
14,78,220000,0,user_11,0,1,
9,80,150001,0,user_7,0,1,1
2,79,150001,0,user_2,0,1,1
18,81,150001,0,user_15,0,1,1
47,82,150001,0,user_36,0,1,1
45,83,150001,0,user_35,0,1,1
51,84,150001,0,user_40,0,1,1
38,85,150001,0,user_29,0,1,1
1,87,150000,39400,user_1,0,1,
3,88,149999,0,user_3,0,1,1
20,89,149999,0,user_16,0,1,1
30,90,149999,0,user_23,0,1,1
39,91,149999,0,user_30,0,1,1
28,92,149999,0,user_20,0,1,1
40,93,149999,0,user_31,0,1,1
0,98,80000,0,user_1,0,1,
11,0,43000000,0,user_9,0,19,
15,48,2600000,0,user_11,0,19,
10,56,2000000,0,user_8,0,19,
13,84,1100000,0,user_11,0,7,
63,85,1000000,0,user_48,0,7,
17,84,660001,0,user_14,0,6,5
6,99,660001,0,user_5,0,7,5
8,68,660001,0,user_5,0,6,5
29,93,660001,0,user_22,0,6,5
31,94,660001,0,user_25,0,6,5
32,95,660001,0,user_25,0,6,5
21,86,660001,0,user_17,0,6,5
23,90,660001,0,user_18,0,6,5
24,91,660001,0,user_18,0,6,5
25,92,660001,0,user_18,0,6,5
19,85,660001,0,user_15,0,6,5
41,88,660001,0,user_33,0,6,5
42,89,660001,0,user_33,0,6,5
35,87,660001,0,user_27,0,6,5
52,96,660001,0,user_40,0,6,5
27,97,660001,0,user_19,0,6,5
37,98,660001,0,user_28,0,6,5
48,99,660001,0,user_38,0,6,5
60,72,660001,0,user_44,0,5,5
55,73,660001,0,user_42,0,5,5
56,51,660001,0,user_43,0,5,5
57,52,660001,0,user_43,0,5,5
78,58,660001,0,user_7,1,6,5
84,59,660001,0,user_17,1,6,5
85,60,660001,0,user_18,1,6,5
76,53,660001,0,user_2,1,6,5
86,71,660001,0,user_19,1,6,5
87,72,660001,0,user_19,1,6,5
88,61,660001,0,user_20,1,6,5
103,73,660001,0,user_34,1,6,5
94,63,660001,0,user_25,1,6,5
95,64,660001,0,user_26,1,6,5
97,62,660001,0,user_27,1,6,5
111,74,660001,0,user_42,1,6,5
112,75,660001,0,user_42,1,6,5
113,76,660001,0,user_42,1,6,5
114,77,660001,0,user_42,1,6,5
121,78,660001,0,user_45,1,6,5
5,95,660000,14200,user_4,0,5,
16,90,659999,0,user_14,0,4,5
7,89,659999,0,user_5,0,4,5
33,93,659999,0,user_26,0,4,5
34,94,659999,0,user_26,0,4,5
22,91,659999,0,user_18,0,4,5
26,92,659999,0,user_18,0,4,5
36,95,659999,0,user_27,0,4,5
46,96,659999,0,user_36,0,4,5
43,98,659999,0,user_34,0,4,5
44,99,659999,0,user_34,0,4,5
49,97,659999,0,user_38,0,4,5
53,82,659999,0,user_41,0,3,5
54,83,659999,0,user_41,0,3,5
59,84,659999,0,user_44,0,3,5
61,85,659999,0,user_45,0,3,5
58,86,659999,0,user_43,0,3,5
73,87,659999,0,user_1,1,3,5
74,88,659999,0,user_1,1,3,5
77,97,659999,0,user_5,1,5,5
79,96,659999,0,user_7,1,5,5
83,99,659999,0,user_16,1,5,5
75,93,659999,0,user_2,1,3,5
80,95,659999,0,user_10,1,3,5
81,98,659999,0,user_12,1,5,5
105,97,659999,0,user_37,1,3,5
90,96,659999,0,user_21,1,3,5
93,98,659999,0,user_25,1,3,5
96,94,659999,0,user_27,1,3,5
120,99,659999,0,user_45,1,3,5
91,88,659999,0,user_23,1,2,5
62,74,650000,0,user_47,0,1,
12,75,310000,0,user_11,0,1,
64,76,310000,0,user_48,0,1,
4,77,260000,0,user_4,0,1,
14,78,220000,0,user_11,0,1,
2,79,150001,0,user_2,0,1,1
9,80,150001,0,user_7,0,1,1
18,81,150001,0,user_15,0,1,1
47,82,150001,0,user_36,0,1,1
45,83,150001,0,user_35,0,1,1
51,84,150001,0,user_40,0,1,1
38,85,150001,0,user_29,0,1,1
89,86,150001,0,user_20,1,1,1
1,87,150000,39400,user_1,0,1,
3,88,149999,0,user_3,0,1,1
20,89,149999,0,user_16,0,1,1
30,90,149999,0,user_23,0,1,1
39,91,149999,0,user_30,0,1,1
28,92,149999,0,user_20,0,1,1
40,93,149999,0,user_31,0,1,1
50,94,149999,0,user_39,0,1,1
82,95,149999,0,user_14,1,1,1
110,96,149999,0,user_42,1,1,1
123,97,130000,24700,user_47,1,1,
0,98,80000,0,user_1,0,1,
124,99,77000,0,user_48,1,1,
11,0,43000000,0,user_9,0,19,
15,48,2600000,0,user_11,0,19,
10,56,2000000,0,user_8,0,19,
13,84,1100000,0,user_11,0,7,
63,85,1000000,0,user_48,0,7,
17,84,660001,0,user_14,0,6,5
6,99,660001,0,user_5,0,7,5
8,68,660001,0,user_5,0,6,5
19,85,660001,0,user_15,0,6,5
21,86,660001,0,user_17,0,6,5
35,87,660001,0,user_27,0,6,5
41,88,660001,0,user_33,0,6,5
42,89,660001,0,user_33,0,6,5
23,90,660001,0,user_18,0,6,5
24,91,660001,0,user_18,0,6,5
25,92,660001,0,user_18,0,6,5
29,93,660001,0,user_22,0,6,5
31,94,660001,0,user_25,0,6,5
32,95,660001,0,user_25,0,6,5
52,96,660001,0,user_40,0,6,5
27,97,660001,0,user_19,0,6,5
37,98,660001,0,user_28,0,6,5
48,99,660001,0,user_38,0,6,5
60,72,660001,0,user_44,0,5,5
55,73,660001,0,user_42,0,5,5
56,51,660001,0,user_43,0,5,5
57,52,660001,0,user_43,0,5,5
78,58,660001,0,user_7,1,6,5
76,53,660001,0,user_2,1,6,5
94,63,660001,0,user_25,1,6,5
95,64,660001,0,user_26,1,6,5
84,59,660001,0,user_17,1,6,5
85,60,660001,0,user_18,1,6,5
104,47,660001,0,user_35,1,5,5
101,69,660001,0,user_32,1,6,5
102,70,660001,0,user_32,1,6,5
103,73,660001,0,user_34,1,6,5
86,71,660001,0,user_19,1,6,5
87,72,660001,0,user_19,1,6,5
106,35,660001,0,user_38,1,5,5
109,48,660001,0,user_41,1,5,5
88,61,660001,0,user_20,1,6,5
97,62,660001,0,user_27,1,6,5
111,74,660001,0,user_42,1,6,5
112,75,660001,0,user_42,1,6,5
113,76,660001,0,user_42,1,6,5
114,77,660001,0,user_42,1,6,5
121,78,660001,0,user_45,1,6,5
117,65,660001,0,user_43,1,6,5
118,66,660001,0,user_43,1,6,5
171,47,660001,0,user_30,2,6,5
158,46,660001,0,user_21,2,6,5
167,49,660001,0,user_26,2,6,5
173,48,660001,0,user_31,2,6,5
178,50,660001,0,user_36,2,6,5
179,51,660001,0,user_36,2,6,5
180,52,660001,0,user_36,2,6,5
186,54,660001,0,user_40,2,6,5
187,55,660001,0,user_41,2,6,5
190,98,660001,0,user_44,2,7,5
191,97,660001,0,user_45,2,7,5
5,95,660000,14200,user_4,0,5,
16,90,659999,0,user_14,0,4,5
7,89,659999,0,user_5,0,4,5
36,95,659999,0,user_27,0,4,5
22,91,659999,0,user_18,0,4,5
26,92,659999,0,user_18,0,4,5
33,93,659999,0,user_26,0,4,5
34,94,659999,0,user_26,0,4,5
46,96,659999,0,user_36,0,4,5
43,98,659999,0,user_34,0,4,5
44,99,659999,0,user_34,0,4,5
49,97,659999,0,user_38,0,4,5
53,82,659999,0,user_41,0,3,5
54,83,659999,0,user_41,0,3,5
59,84,659999,0,user_44,0,3,5
61,85,659999,0,user_45,0,3,5
58,86,659999,0,user_43,0,3,5
73,87,659999,0,user_1,1,3,5
74,88,659999,0,user_1,1,3,5
79,96,659999,0,user_7,1,5,5
83,99,659999,0,user_16,1,5,5
75,93,659999,0,user_2,1,3,5
77,97,659999,0,user_5,1,5,5
81,98,659999,0,user_12,1,5,5
90,96,659999,0,user_21,1,3,5
93,98,659999,0,user_25,1,3,5
80,95,659999,0,user_10,1,3,5
91,88,659999,0,user_23,1,2,5
92,89,659999,0,user_24,1,2,5
107,90,659999,0,user_39,1,2,5
108,91,659999,0,user_39,1,2,5
98,92,659999,0,user_28,1,2,5
96,94,659999,0,user_27,1,3,5
105,97,659999,0,user_37,1,3,5
120,99,659999,0,user_45,1,3,5
116,96,659999,0,user_43,1,2,5
119,97,659999,0,user_43,1,2,5
99,98,659999,0,user_31,1,2,5
100,99,659999,0,user_31,1,2,5
11,0,43000000,0,user_9,0,19,
258,21,30000000,67900,user_47,3,19,
192,40,6300000,0,user_46,2,19,
15,48,2600000,0,user_11,0,19,
10,56,2000000,0,user_8,0,19,
13,84,1100000,0,user_11,0,7,
63,85,1000000,0,user_48,0,7,
6,99,660001,0,user_5,0,7,5
8,68,660001,0,user_5,0,6,5
27,97,660001,0,user_19,0,6,5
17,84,660001,0,user_14,0,6,5
21,86,660001,0,user_17,0,6,5
23,90,660001,0,user_18,0,6,5
24,91,660001,0,user_18,0,6,5
25,92,660001,0,user_18,0,6,5
37,98,660001,0,user_28,0,6,5
29,93,660001,0,user_22,0,6,5
19,85,660001,0,user_15,0,6,5
41,88,660001,0,user_33,0,6,5
42,89,660001,0,user_33,0,6,5
31,94,660001,0,user_25,0,6,5
32,95,660001,0,user_25,0,6,5
35,87,660001,0,user_27,0,6,5
52,96,660001,0,user_40,0,6,5
48,99,660001,0,user_38,0,6,5
60,72,660001,0,user_44,0,5,5
55,73,660001,0,user_42,0,5,5
56,51,660001,0,user_43,0,5,5
57,52,660001,0,user_43,0,5,5
78,58,660001,0,user_7,1,6,5
84,59,660001,0,user_17,1,6,5
76,53,660001,0,user_2,1,6,5
88,61,660001,0,user_20,1,6,5
97,62,660001,0,user_27,1,6,5
85,60,660001,0,user_18,1,6,5
86,71,660001,0,user_19,1,6,5
87,72,660001,0,user_19,1,6,5
103,73,660001,0,user_34,1,6,5
94,63,660001,0,user_25,1,6,5
95,64,660001,0,user_26,1,6,5
111,74,660001,0,user_42,1,6,5
112,75,660001,0,user_42,1,6,5
113,76,660001,0,user_42,1,6,5
114,77,660001,0,user_42,1,6,5
121,78,660001,0,user_45,1,6,5
117,65,660001,0,user_43,1,6,5
118,66,660001,0,user_43,1,6,5
104,47,660001,0,user_35,1,5,5
101,69,660001,0,user_32,1,6,5
102,70,660001,0,user_32,1,6,5
106,35,660001,0,user_38,1,5,5
109,48,660001,0,user_41,1,5,5
158,46,660001,0,user_21,2,6,5
167,49,660001,0,user_26,2,6,5
171,47,660001,0,user_30,2,6,5
173,48,660001,0,user_31,2,6,5
178,50,660001,0,user_36,2,6,5
179,51,660001,0,user_36,2,6,5
180,52,660001,0,user_36,2,6,5
186,54,660001,0,user_40,2,6,5
187,55,660001,0,user_41,2,6,5
190,98,660001,0,user_44,2,7,5
191,97,660001,0,user_45,2,7,5
217,89,660001,0,user_9,3,7,5
228,87,660001,0,user_19,3,7,5
250,95,660001,0,user_37,3,7,5
232,93,660001,0,user_22,3,7,5
226,88,660001,0,user_16,3,7,5
241,94,660001,0,user_25,3,7,5
235,90,660001,0,user_23,3,7,5
5,95,660000,14200,user_4,0,5,
7,89,659999,0,user_5,0,4,5
16,90,659999,0,user_14,0,4,5
22,91,659999,0,user_18,0,4,5
26,92,659999,0,user_18,0,4,5
33,93,659999,0,user_26,0,4,5
34,94,659999,0,user_26,0,4,5
36,95,659999,0,user_27,0,4,5
46,96,659999,0,user_36,0,4,5
43,98,659999,0,user_34,0,4,5
44,99,659999,0,user_34,0,4,5
49,97,659999,0,user_38,0,4,5
53,82,659999,0,user_41,0,3,5
54,83,659999,0,user_41,0,3,5
59,84,659999,0,user_44,0,3,5
61,85,659999,0,user_45,0,3,5
58,86,659999,0,user_43,0,3,5
73,87,659999,0,user_1,1,3,5
74,88,659999,0,user_1,1,3,5
77,97,659999,0,user_5,1,5,5
79,96,659999,0,user_7,1,5,5
81,98,659999,0,user_12,1,5,5
83,99,659999,0,user_16,1,5,5
75,93,659999,0,user_2,1,3,5
96,94,659999,0,user_27,1,3,5
80,95,659999,0,user_10,1,3,5
90,96,659999,0,user_21,1,3,5
105,97,659999,0,user_37,1,3,5
93,98,659999,0,user_25,1,3,5
120,99,659999,0,user_45,1,3,5
11,0,43000000,0,user_9,0,19,
267,9,30000001,0,user_0,4,19,258
296,11,30000001,0,user_30,4,19,258
288,10,30000001,0,user_20,4,19,258
292,12,30000001,0,user_26,4,19,258
293,13,30000001,0,user_26,4,19,258
285,14,30000001,0,user_17,4,19,258
258,21,30000000,67900,user_47,3,19,
275,29,29999999,0,user_11,4,19,258
282,32,29999999,0,user_14,4,19,258
273,28,29999999,0,user_10,4,19,258
290,31,29999999,0,user_23,4,19,258
277,30,29999999,0,user_12,4,19,258
312,33,29999999,0,user_44,4,19,258
295,34,29999999,0,user_29,4,19,258
192,40,6300000,0,user_46,2,19,
256,41,6100000,0,user_46,3,19,
15,48,2600000,0,user_11,0,19,
10,56,2000000,0,user_8,0,19,
315,58,1700000,5630,user_47,4,19,
13,84,1100000,0,user_11,0,7,
63,85,1000000,0,user_48,0,7,
27,97,660001,0,user_19,0,6,5
6,99,660001,0,user_5,0,7,5
8,68,660001,0,user_5,0,6,5
17,84,660001,0,user_14,0,6,5
21,86,660001,0,user_17,0,6,5
23,90,660001,0,user_18,0,6,5
24,91,660001,0,user_18,0,6,5
25,92,660001,0,user_18,0,6,5
37,98,660001,0,user_28,0,6,5
29,93,660001,0,user_22,0,6,5
31,94,660001,0,user_25,0,6,5
32,95,660001,0,user_25,0,6,5
19,85,660001,0,user_15,0,6,5
35,87,660001,0,user_27,0,6,5
48,99,660001,0,user_38,0,6,5
41,88,660001,0,user_33,0,6,5
42,89,660001,0,user_33,0,6,5
52,96,660001,0,user_40,0,6,5
60,72,660001,0,user_44,0,5,5
55,73,660001,0,user_42,0,5,5
56,51,660001,0,user_43,0,5,5
57,52,660001,0,user_43,0,5,5
76,53,660001,0,user_2,1,6,5
78,58,660001,0,user_7,1,6,5
86,71,660001,0,user_19,1,6,5
87,72,660001,0,user_19,1,6,5
88,61,660001,0,user_20,1,6,5
84,59,660001,0,user_17,1,6,5
85,60,660001,0,user_18,1,6,5
103,73,660001,0,user_34,1,6,5
94,63,660001,0,user_25,1,6,5
95,64,660001,0,user_26,1,6,5
97,62,660001,0,user_27,1,6,5
111,74,660001,0,user_42,1,6,5
112,75,660001,0,user_42,1,6,5
113,76,660001,0,user_42,1,6,5
114,77,660001,0,user_42,1,6,5
121,78,660001,0,user_45,1,6,5
101,69,660001,0,user_32,1,6,5
102,70,660001,0,user_32,1,6,5
104,47,660001,0,user_35,1,5,5
106,35,660001,0,user_38,1,5,5
109,48,660001,0,user_41,1,5,5
117,65,660001,0,user_43,1,6,5
118,66,660001,0,user_43,1,6,5
158,46,660001,0,user_21,2,6,5
171,47,660001,0,user_30,2,6,5
167,49,660001,0,user_26,2,6,5
173,48,660001,0,user_31,2,6,5
178,50,660001,0,user_36,2,6,5
179,51,660001,0,user_36,2,6,5
180,52,660001,0,user_36,2,6,5
186,54,660001,0,user_40,2,6,5
187,55,660001,0,user_41,2,6,5
190,98,660001,0,user_44,2,7,5
191,97,660001,0,user_45,2,7,5
217,89,660001,0,user_9,3,7,5
232,93,660001,0,user_22,3,7,5
226,88,660001,0,user_16,3,7,5
241,94,660001,0,user_25,3,7,5
235,90,660001,0,user_23,3,7,5
237,91,660001,0,user_24,3,7,5
238,92,660001,0,user_24,3,7,5
228,87,660001,0,user_19,3,7,5
250,95,660001,0,user_37,3,7,5
254,96,660001,0,user_43,3,7,5
5,95,660000,14200,user_4,0,5,
7,89,659999,0,user_5,0,4,5
16,90,659999,0,user_14,0,4,5
22,91,659999,0,user_18,0,4,5
26,92,659999,0,user_18,0,4,5
33,93,659999,0,user_26,0,4,5
34,94,659999,0,user_26,0,4,5
36,95,659999,0,user_27,0,4,5
46,96,659999,0,user_36,0,4,5
49,97,659999,0,user_38,0,4,5
43,98,659999,0,user_34,0,4,5
44,99,659999,0,user_34,0,4,5
11,0,43000000,0,user_9,0,19,
267,9,30000001,0,user_0,4,19,258
292,12,30000001,0,user_26,4,19,258
293,13,30000001,0,user_26,4,19,258
296,11,30000001,0,user_30,4,19,258
288,10,30000001,0,user_20,4,19,258
285,14,30000001,0,user_17,4,19,258
302,15,30000001,0,user_39,4,19,258
376,16,30000001,0,user_42,5,19,258
258,21,30000000,67900,user_47,3,19,
275,29,29999999,0,user_11,4,19,258
282,32,29999999,0,user_14,4,19,258
277,30,29999999,0,user_12,4,19,258
273,28,29999999,0,user_10,4,19,258
290,31,29999999,0,user_23,4,19,258
312,33,29999999,0,user_44,4,19,258
295,34,29999999,0,user_29,4,19,258
366,35,29999999,0,user_30,5,19,258
192,40,6300000,0,user_46,2,19,
256,41,6100000,0,user_46,3,19,
380,42,6100000,0,user_47,5,19,
379,45,3600000,0,user_47,5,19,
15,48,2600000,0,user_11,0,19,
10,56,2000000,0,user_8,0,19,
315,58,1700000,5630,user_47,4,19,
378,88,1200000,164000,user_47,5,9,
13,84,1100000,0,user_11,0,7,
63,85,1000000,0,user_48,0,7,
314,86,1000000,0,user_46,4,7,
78,58,660001,0,user_7,1,6,5
86,71,660001,0,user_19,1,6,5
87,72,660001,0,user_19,1,6,5
88,61,660001,0,user_20,1,6,5
84,59,660001,0,user_17,1,6,5
85,60,660001,0,user_18,1,6,5
106,35,660001,0,user_38,1,5,5
94,63,660001,0,user_25,1,6,5
95,64,660001,0,user_26,1,6,5
101,69,660001,0,user_32,1,6,5
102,70,660001,0,user_32,1,6,5
103,73,660001,0,user_34,1,6,5
97,62,660001,0,user_27,1,6,5
111,74,660001,0,user_42,1,6,5
112,75,660001,0,user_42,1,6,5
113,76,660001,0,user_42,1,6,5
114,77,660001,0,user_42,1,6,5
121,78,660001,0,user_45,1,6,5
104,47,660001,0,user_35,1,5,5
109,48,660001,0,user_41,1,5,5
117,65,660001,0,user_43,1,6,5
118,66,660001,0,user_43,1,6,5
56,51,660001,0,user_43,0,5,5
57,52,660001,0,user_43,0,5,5
76,53,660001,0,user_2,1,6,5
17,84,660001,0,user_14,0,6,5
21,86,660001,0,user_17,0,6,5
27,97,660001,0,user_19,0,6,5
6,99,660001,0,user_5,0,7,5
8,68,660001,0,user_5,0,6,5
23,90,660001,0,user_18,0,6,5
24,91,660001,0,user_18,0,6,5
25,92,660001,0,user_18,0,6,5
37,98,660001,0,user_28,0,6,5
48,99,660001,0,user_38,0,6,5
19,85,660001,0,user_15,0,6,5
29,93,660001,0,user_22,0,6,5
31,94,660001,0,user_25,0,6,5
32,95,660001,0,user_25,0,6,5
41,88,660001,0,user_33,0,6,5
42,89,660001,0,user_33,0,6,5
35,87,660001,0,user_27,0,6,5
52,96,660001,0,user_40,0,6,5
60,72,660001,0,user_44,0,5,5
55,73,660001,0,user_42,0,5,5
171,47,660001,0,user_30,2,6,5
158,46,660001,0,user_21,2,6,5
167,49,660001,0,user_26,2,6,5
173,48,660001,0,user_31,2,6,5
178,50,660001,0,user_36,2,6,5
179,51,660001,0,user_36,2,6,5
180,52,660001,0,user_36,2,6,5
186,54,660001,0,user_40,2,6,5
187,55,660001,0,user_41,2,6,5
190,98,660001,0,user_44,2,7,5
191,97,660001,0,user_45,2,7,5
226,88,660001,0,user_16,3,7,5
217,89,660001,0,user_9,3,7,5
228,87,660001,0,user_19,3,7,5
250,95,660001,0,user_37,3,7,5
232,93,660001,0,user_22,3,7,5
241,94,660001,0,user_25,3,7,5
235,90,660001,0,user_23,3,7,5
237,91,660001,0,user_24,3,7,5
238,92,660001,0,user_24,3,7,5
254,96,660001,0,user_43,3,7,5
5,95,660000,14200,user_4,0,5,
79,96,659999,0,user_7,1,5,5
77,97,659999,0,user_5,1,5,5
81,98,659999,0,user_12,1,5,5
83,99,659999,0,user_16,1,5,5
11,0,43000000,0,user_9,0,19,
267,9,30000001,0,user_0,4,19,258
288,10,30000001,0,user_20,4,19,258
296,11,30000001,0,user_30,4,19,258
292,12,30000001,0,user_26,4,19,258
293,13,30000001,0,user_26,4,19,258
285,14,30000001,0,user_17,4,19,258
302,15,30000001,0,user_39,4,19,258
338,17,30000001,0,user_6,5,19,258
376,16,30000001,0,user_42,5,19,258
363,18,30000001,0,user_28,5,19,258
438,7,30000001,0,user_37,6,19,258
428,4,30000001,0,user_27,6,19,258
446,8,30000001,0,user_45,6,19,258
424,2,30000001,0,user_23,6,19,258
258,21,30000000,67900,user_47,3,19,
275,29,29999999,0,user_11,4,19,258
282,32,29999999,0,user_14,4,19,258
273,28,29999999,0,user_10,4,19,258
277,30,29999999,0,user_12,4,19,258
295,34,29999999,0,user_29,4,19,258
290,31,29999999,0,user_23,4,19,258
312,33,29999999,0,user_44,4,19,258
366,35,29999999,0,user_30,5,19,258
375,36,29999999,0,user_41,5,19,258
417,22,29999999,0,user_18,6,19,258
437,27,29999999,0,user_37,6,19,258
420,24,29999999,0,user_21,6,19,258
423,25,29999999,0,user_21,6,19,258
192,40,6300000,0,user_46,2,19,
256,41,6100000,0,user_46,3,19,
380,42,6100000,0,user_47,5,19,
379,45,3600000,0,user_47,5,19,
15,48,2600000,0,user_11,0,19,
10,56,2000000,0,user_8,0,19,
315,58,1700000,5630,user_47,4,19,
410,73,1200001,0,user_11,6,12,378
414,74,1200001,0,user_15,6,12,378
421,75,1200001,0,user_21,6,12,378
378,88,1200000,164000,user_47,5,9,
412,89,1199999,0,user_13,6,9,378
416,90,1199999,0,user_17,6,9,378
411,91,1199999,0,user_12,6,9,378
13,84,1100000,0,user_11,0,7,
63,85,1000000,0,user_48,0,7,
314,86,1000000,0,user_46,4,7,
158,46,660001,0,user_21,2,6,5
171,47,660001,0,user_30,2,6,5
173,48,660001,0,user_31,2,6,5
167,49,660001,0,user_26,2,6,5
178,50,660001,0,user_36,2,6,5
179,51,660001,0,user_36,2,6,5
180,52,660001,0,user_36,2,6,5
76,53,660001,0,user_2,1,6,5
186,54,660001,0,user_40,2,6,5
187,55,660001,0,user_41,2,6,5
190,98,660001,0,user_44,2,7,5
191,97,660001,0,user_45,2,7,5
78,58,660001,0,user_7,1,6,5
84,59,660001,0,user_17,1,6,5
85,60,660001,0,user_18,1,6,5
88,61,660001,0,user_20,1,6,5
97,62,660001,0,user_27,1,6,5
94,63,660001,0,user_25,1,6,5
95,64,660001,0,user_26,1,6,5
117,65,660001,0,user_43,1,6,5
118,66,660001,0,user_43,1,6,5
6,99,660001,0,user_5,0,7,5
8,68,660001,0,user_5,0,6,5
101,69,660001,0,user_32,1,6,5
102,70,660001,0,user_32,1,6,5
86,71,660001,0,user_19,1,6,5
87,72,660001,0,user_19,1,6,5
103,73,660001,0,user_34,1,6,5
111,74,660001,0,user_42,1,6,5
112,75,660001,0,user_42,1,6,5
113,76,660001,0,user_42,1,6,5
114,77,660001,0,user_42,1,6,5
121,78,660001,0,user_45,1,6,5
228,87,660001,0,user_19,3,7,5
250,95,660001,0,user_37,3,7,5
232,93,660001,0,user_22,3,7,5
226,88,660001,0,user_16,3,7,5
241,94,660001,0,user_25,3,7,5
17,84,660001,0,user_14,0,6,5
19,85,660001,0,user_15,0,6,5
21,86,660001,0,user_17,0,6,5
35,87,660001,0,user_27,0,6,5
41,88,660001,0,user_33,0,6,5
42,89,660001,0,user_33,0,6,5
23,90,660001,0,user_18,0,6,5
24,91,660001,0,user_18,0,6,5
25,92,660001,0,user_18,0,6,5
29,93,660001,0,user_22,0,6,5
31,94,660001,0,user_25,0,6,5
32,95,660001,0,user_25,0,6,5
52,96,660001,0,user_40,0,6,5
27,97,660001,0,user_19,0,6,5
37,98,660001,0,user_28,0,6,5
48,99,660001,0,user_38,0,6,5
11,0,43000000,0,user_9,0,19,
267,9,30000001,0,user_0,4,19,258
288,10,30000001,0,user_20,4,19,258
296,11,30000001,0,user_30,4,19,258
292,12,30000001,0,user_26,4,19,258
293,13,30000001,0,user_26,4,19,258
285,14,30000001,0,user_17,4,19,258
302,15,30000001,0,user_39,4,19,258
376,16,30000001,0,user_42,5,19,258
338,17,30000001,0,user_6,5,19,258
363,18,30000001,0,user_28,5,19,258
424,2,30000001,0,user_23,6,19,258
427,3,30000001,0,user_24,6,19,258
434,5,30000001,0,user_32,6,19,258
440,19,30000001,0,user_38,6,19,258
444,20,30000001,0,user_41,6,19,258
428,4,30000001,0,user_27,6,19,258
438,7,30000001,0,user_37,6,19,258
446,8,30000001,0,user_45,6,19,258
433,6,30000001,0,user_31,6,19,258
258,21,30000000,67900,user_47,3,19,
273,28,29999999,0,user_10,4,19,258
275,29,29999999,0,user_11,4,19,258
277,30,29999999,0,user_12,4,19,258
290,31,29999999,0,user_23,4,19,258
282,32,29999999,0,user_14,4,19,258
312,33,29999999,0,user_44,4,19,258
295,34,29999999,0,user_29,4,19,258
366,35,29999999,0,user_30,5,19,258
375,36,29999999,0,user_41,5,19,258
417,22,29999999,0,user_18,6,19,258
443,23,29999999,0,user_40,6,19,258
439,37,29999999,0,user_38,6,19,258
420,24,29999999,0,user_21,6,19,258
423,25,29999999,0,user_21,6,19,258
437,27,29999999,0,user_37,6,19,258
432,26,29999999,0,user_31,6,19,258
192,40,6300000,0,user_46,2,19,
256,41,6100000,0,user_46,3,19,
380,42,6100000,0,user_47,5,19,
379,45,3600000,0,user_47,5,19,
15,48,2600000,0,user_11,0,19,
10,56,2000000,0,user_8,0,19,
315,58,1700000,5630,user_47,4,19,
406,76,1200001,0,user_6,6,12,378
410,73,1200001,0,user_11,6,12,378
441,88,1200001,0,user_39,6,12,378
442,89,1200001,0,user_39,6,12,378
414,74,1200001,0,user_15,6,12,378
421,75,1200001,0,user_21,6,12,378
474,79,1200001,0,user_7,7,13,378
472,63,1200001,0,user_2,7,14,378
489,81,1200001,0,user_18,7,13,378
478,90,1200001,0,user_10,7,13,378
475,78,1200001,0,user_8,7,13,378
473,83,1200001,0,user_6,7,13,378
504,84,1200001,0,user_33,7,13,378
506,85,1200001,0,user_33,7,13,378
498,86,1200001,0,user_26,7,13,378
510,87,1200001,0,user_35,7,13,378
503,82,1200001,0,user_32,7,13,378
378,88,1200000,164000,user_47,5,9,
412,89,1199999,0,user_13,6,9,378
416,90,1199999,0,user_17,6,9,378
426,92,1199999,0,user_24,6,9,378
411,91,1199999,0,user_12,6,9,378
470,93,1199999,0,user_1,7,9,378
469,94,1199999,0,user_0,7,9,378
484,95,1199999,0,user_15,7,9,378
485,96,1199999,0,user_16,7,9,378
486,97,1199999,0,user_16,7,9,378
495,81,1199999,0,user_22,7,8,378
505,86,1199999,0,user_33,7,8,378
507,87,1199999,0,user_33,7,8,378
494,84,1199999,0,user_21,7,8,378
513,88,1199999,0,user_40,7,8,378
509,89,1199999,0,user_34,7,8,378
514,90,1199999,0,user_41,7,8,378
491,98,1199999,0,user_20,7,9,378
492,99,1199999,0,user_20,7,9,378
493,93,1199999,0,user_20,7,8,378
511,94,1199999,0,user_37,7,8,378
515,95,1199999,0,user_42,7,8,378
518,96,1199999,0,user_45,7,8,378
13,84,1100000,0,user_11,0,7,
63,85,1000000,0,user_48,0,7,
314,86,1000000,0,user_46,4,7,
228,87,660001,0,user_19,3,7,5
226,88,660001,0,user_16,3,7,5
217,89,660001,0,user_9,3,7,5
235,90,660001,0,user_23,3,7,5
237,91,660001,0,user_24,3,7,5
238,92,660001,0,user_24,3,7,5
232,93,660001,0,user_22,3,7,5
241,94,660001,0,user_25,3,7,5
250,95,660001,0,user_37,3,7,5
254,96,660001,0,user_43,3,7,5
191,97,660001,0,user_45,2,7,5
190,98,660001,0,user_44,2,7,5
6,99,660001,0,user_5,0,7,5
11,0,43000000,0,user_9,0,19,
267,9,30000001,0,user_0,4,19,258
288,10,30000001,0,user_20,4,19,258
292,12,30000001,0,user_26,4,19,258
293,13,30000001,0,user_26,4,19,258
285,14,30000001,0,user_17,4,19,258
296,11,30000001,0,user_30,4,19,258
302,15,30000001,0,user_39,4,19,258
363,18,30000001,0,user_28,5,19,258
376,16,30000001,0,user_42,5,19,258
338,17,30000001,0,user_6,5,19,258
428,4,30000001,0,user_27,6,19,258
438,7,30000001,0,user_37,6,19,258
446,8,30000001,0,user_45,6,19,258
424,2,30000001,0,user_23,6,19,258
427,3,30000001,0,user_24,6,19,258
433,6,30000001,0,user_31,6,19,258
434,5,30000001,0,user_32,6,19,258
440,19,30000001,0,user_38,6,19,258
444,20,30000001,0,user_41,6,19,258
258,21,30000000,67900,user_47,3,19,
277,30,29999999,0,user_12,4,19,258
290,31,29999999,0,user_23,4,19,258
275,29,29999999,0,user_11,4,19,258
282,32,29999999,0,user_14,4,19,258
295,34,29999999,0,user_29,4,19,258
273,28,29999999,0,user_10,4,19,258
312,33,29999999,0,user_44,4,19,258
366,35,29999999,0,user_30,5,19,258
375,36,29999999,0,user_41,5,19,258
420,24,29999999,0,user_21,6,19,258
423,25,29999999,0,user_21,6,19,258
417,22,29999999,0,user_18,6,19,258
437,27,29999999,0,user_37,6,19,258
432,26,29999999,0,user_31,6,19,258
443,23,29999999,0,user_40,6,19,258
439,37,29999999,0,user_38,6,19,258
192,40,6300000,0,user_46,2,19,
256,41,6100000,0,user_46,3,19,
380,42,6100000,0,user_47,5,19,
379,45,3600000,0,user_47,5,19,
15,48,2600000,0,user_11,0,19,
519,53,2400000,0,user_46,7,19,
10,56,2000000,0,user_8,0,19,
592,57,2000000,0,user_47,8,19,
315,58,1700000,5630,user_47,4,19,
410,73,1200001,0,user_11,6,12,378
414,74,1200001,0,user_15,6,12,378
421,75,1200001,0,user_21,6,12,378
406,76,1200001,0,user_6,6,12,378
473,83,1200001,0,user_6,7,13,378
474,79,1200001,0,user_7,7,13,378
475,78,1200001,0,user_8,7,13,378
472,63,1200001,0,user_2,7,14,378
498,86,1200001,0,user_26,7,13,378
478,90,1200001,0,user_10,7,13,378
489,81,1200001,0,user_18,7,13,378
504,84,1200001,0,user_33,7,13,378
506,85,1200001,0,user_33,7,13,378
510,87,1200001,0,user_35,7,13,378
503,82,1200001,0,user_32,7,13,378
512,88,1200001,0,user_39,7,13,378
441,88,1200001,0,user_39,6,12,378
442,89,1200001,0,user_39,6,12,378
516,53,1200001,0,user_43,7,14,378
542,52,1200001,0,user_3,8,14,378
547,54,1200001,0,user_11,8,14,378
548,55,1200001,0,user_11,8,14,378
549,56,1200001,0,user_12,8,14,378
554,57,1200001,0,user_20,8,14,378
556,60,1200001,0,user_22,8,14,378
582,64,1200001,0,user_42,8,14,378
584,65,1200001,0,user_45,8,14,378
585,66,1200001,0,user_45,8,14,378
378,88,1200000,164000,user_47,5,9,
411,91,1199999,0,user_12,6,9,378
412,89,1199999,0,user_13,6,9,378
416,90,1199999,0,user_17,6,9,378
470,93,1199999,0,user_1,7,9,378
426,92,1199999,0,user_24,6,9,378
469,94,1199999,0,user_0,7,9,378
495,81,1199999,0,user_22,7,8,378
485,96,1199999,0,user_16,7,9,378
486,97,1199999,0,user_16,7,9,378
494,84,1199999,0,user_21,7,8,378
484,95,1199999,0,user_15,7,9,378
505,86,1199999,0,user_33,7,8,378
507,87,1199999,0,user_33,7,8,378
513,88,1199999,0,user_40,7,8,378
509,89,1199999,0,user_34,7,8,378
514,90,1199999,0,user_41,7,8,378
491,98,1199999,0,user_20,7,9,378
492,99,1199999,0,user_20,7,9,378
493,93,1199999,0,user_20,7,8,378
511,94,1199999,0,user_37,7,8,378
515,95,1199999,0,user_42,7,8,378
518,96,1199999,0,user_45,7,8,378
500,97,1199999,0,user_28,7,8,378
544,98,1199999,0,user_5,8,8,378
540,99,1199999,0,user_0,8,8,378
11,0,43000000,0,user_9,0,19,
363,18,30000001,0,user_28,5,19,258
376,16,30000001,0,user_42,5,19,258
338,17,30000001,0,user_6,5,19,258
267,9,30000001,0,user_0,4,19,258
292,12,30000001,0,user_26,4,19,258
293,13,30000001,0,user_26,4,19,258
296,11,30000001,0,user_30,4,19,258
285,14,30000001,0,user_17,4,19,258
288,10,30000001,0,user_20,4,19,258
438,7,30000001,0,user_37,6,19,258
428,4,30000001,0,user_27,6,19,258
446,8,30000001,0,user_45,6,19,258
302,15,30000001,0,user_39,4,19,258
424,2,30000001,0,user_23,6,19,258
434,5,30000001,0,user_32,6,19,258
427,3,30000001,0,user_24,6,19,258
440,19,30000001,0,user_38,6,19,258
444,20,30000001,0,user_41,6,19,258
433,6,30000001,0,user_31,6,19,258
258,21,30000000,67900,user_47,3,19,
366,35,29999999,0,user_30,5,19,258
273,28,29999999,0,user_10,4,19,258
375,36,29999999,0,user_41,5,19,258
275,29,29999999,0,user_11,4,19,258
282,32,29999999,0,user_14,4,19,258
277,30,29999999,0,user_12,4,19,258
295,34,29999999,0,user_29,4,19,258
290,31,29999999,0,user_23,4,19,258
312,33,29999999,0,user_44,4,19,258
417,22,29999999,0,user_18,6,19,258
437,27,29999999,0,user_37,6,19,258
420,24,29999999,0,user_21,6,19,258
423,25,29999999,0,user_21,6,19,258
443,23,29999999,0,user_40,6,19,258
439,37,29999999,0,user_38,6,19,258
432,26,29999999,0,user_31,6,19,258
647,39,27000000,0,user_47,9,19,
192,40,6300000,0,user_46,2,19,
380,42,6100000,0,user_47,5,19,
256,41,6100000,0,user_46,3,19,
379,45,3600000,0,user_47,5,19,
15,48,2600000,0,user_11,0,19,
519,53,2400000,0,user_46,7,19,
10,56,2000000,0,user_8,0,19,
592,57,2000000,0,user_47,8,19,
315,58,1700000,5630,user_47,4,19,
410,73,1200001,0,user_11,6,12,378
414,74,1200001,0,user_15,6,12,378
406,76,1200001,0,user_6,6,12,378
421,75,1200001,0,user_21,6,12,378
441,88,1200001,0,user_39,6,12,378
442,89,1200001,0,user_39,6,12,378
474,79,1200001,0,user_7,7,13,378
472,63,1200001,0,user_2,7,14,378
504,84,1200001,0,user_33,7,13,378
506,85,1200001,0,user_33,7,13,378
478,90,1200001,0,user_10,7,13,378
489,81,1200001,0,user_18,7,13,378
475,78,1200001,0,user_8,7,13,378
473,83,1200001,0,user_6,7,13,378
498,86,1200001,0,user_26,7,13,378
510,87,1200001,0,user_35,7,13,378
503,82,1200001,0,user_32,7,13,378
512,88,1200001,0,user_39,7,13,378
516,53,1200001,0,user_43,7,14,378
542,52,1200001,0,user_3,8,14,378
547,54,1200001,0,user_11,8,14,378
548,55,1200001,0,user_11,8,14,378
556,60,1200001,0,user_22,8,14,378
554,57,1200001,0,user_20,8,14,378
565,59,1200001,0,user_31,8,14,378
574,61,1200001,0,user_36,8,14,378
575,62,1200001,0,user_36,8,14,378
579,67,1200001,0,user_40,8,14,378
549,56,1200001,0,user_12,8,14,378
582,64,1200001,0,user_42,8,14,378
584,65,1200001,0,user_45,8,14,378
585,66,1200001,0,user_45,8,14,378
562,58,1200001,0,user_28,8,14,378
610,69,1200001,0,user_7,9,14,378
606,70,1200001,0,user_0,9,14,378
616,73,1200001,0,user_14,9,14,378
612,71,1200001,0,user_12,9,14,378
623,72,1200001,0,user_20,9,14,378
626,76,1200001,0,user_22,9,14,378
645,78,1200001,0,user_45,9,14,378
635,79,1200001,0,user_33,9,14,378
378,88,1200000,164000,user_47,5,9,
412,89,1199999,0,user_13,6,9,378
416,90,1199999,0,user_17,6,9,378
411,91,1199999,0,user_12,6,9,378
426,92,1199999,0,user_24,6,9,378
470,93,1199999,0,user_1,7,9,378
469,94,1199999,0,user_0,7,9,378
484,95,1199999,0,user_15,7,9,378
485,96,1199999,0,user_16,7,9,378
486,97,1199999,0,user_16,7,9,378
491,98,1199999,0,user_20,7,9,378
492,99,1199999,0,user_20,7,9,378
11,0,43000000,0,user_9,0,19,
267,9,30000001,0,user_0,4,19,258
288,10,30000001,0,user_20,4,19,258
292,12,30000001,0,user_26,4,19,258
293,13,30000001,0,user_26,4,19,258
296,11,30000001,0,user_30,4,19,258
285,14,30000001,0,user_17,4,19,258
302,15,30000001,0,user_39,4,19,258
363,18,30000001,0,user_28,5,19,258
338,17,30000001,0,user_6,5,19,258
376,16,30000001,0,user_42,5,19,258
424,2,30000001,0,user_23,6,19,258
427,3,30000001,0,user_24,6,19,258
433,6,30000001,0,user_31,6,19,258
440,19,30000001,0,user_38,6,19,258
434,5,30000001,0,user_32,6,19,258
438,7,30000001,0,user_37,6,19,258
428,4,30000001,0,user_27,6,19,258
446,8,30000001,0,user_45,6,19,258
444,20,30000001,0,user_41,6,19,258
258,21,30000000,67900,user_47,3,19,
275,29,29999999,0,user_11,4,19,258
277,30,29999999,0,user_12,4,19,258
282,32,29999999,0,user_14,4,19,258
273,28,29999999,0,user_10,4,19,258
290,31,29999999,0,user_23,4,19,258
312,33,29999999,0,user_44,4,19,258
295,34,29999999,0,user_29,4,19,258
366,35,29999999,0,user_30,5,19,258
375,36,29999999,0,user_41,5,19,258
420,24,29999999,0,user_21,6,19,258
423,25,29999999,0,user_21,6,19,258
417,22,29999999,0,user_18,6,19,258
432,26,29999999,0,user_31,6,19,258
439,37,29999999,0,user_38,6,19,258
437,27,29999999,0,user_37,6,19,258
443,23,29999999,0,user_40,6,19,258
647,39,27000000,0,user_47,9,19,
192,40,6300000,0,user_46,2,19,
380,42,6100000,0,user_47,5,19,
256,41,6100000,0,user_46,3,19,
379,45,3600000,0,user_47,5,19,
15,48,2600000,0,user_11,0,19,
649,50,2500000,0,user_49,9,19,
519,53,2400000,0,user_46,7,19,
10,56,2000000,0,user_8,0,19,
592,57,2000000,0,user_47,8,19,
315,58,1700000,5630,user_47,4,19,
410,73,1200001,0,user_11,6,12,378
421,75,1200001,0,user_21,6,12,378
406,76,1200001,0,user_6,6,12,378
414,74,1200001,0,user_15,6,12,378
441,88,1200001,0,user_39,6,12,378
442,89,1200001,0,user_39,6,12,378
472,63,1200001,0,user_2,7,14,378
478,90,1200001,0,user_10,7,13,378
474,79,1200001,0,user_7,7,13,378
489,81,1200001,0,user_18,7,13,378
475,78,1200001,0,user_8,7,13,378
473,83,1200001,0,user_6,7,13,378
504,84,1200001,0,user_33,7,13,378
506,85,1200001,0,user_33,7,13,378
498,86,1200001,0,user_26,7,13,378
510,87,1200001,0,user_35,7,13,378
503,82,1200001,0,user_32,7,13,378
512,88,1200001,0,user_39,7,13,378
542,52,1200001,0,user_3,8,14,378
547,54,1200001,0,user_11,8,14,378
548,55,1200001,0,user_11,8,14,378
516,53,1200001,0,user_43,7,14,378
549,56,1200001,0,user_12,8,14,378
554,57,1200001,0,user_20,8,14,378
556,60,1200001,0,user_22,8,14,378
582,64,1200001,0,user_42,8,14,378
584,65,1200001,0,user_45,8,14,378
585,66,1200001,0,user_45,8,14,378
565,59,1200001,0,user_31,8,14,378
574,61,1200001,0,user_36,8,14,378
575,62,1200001,0,user_36,8,14,378
579,67,1200001,0,user_40,8,14,378
562,58,1200001,0,user_28,8,14,378
616,73,1200001,0,user_14,9,14,378
626,76,1200001,0,user_22,9,14,378
610,69,1200001,0,user_7,9,14,378
606,70,1200001,0,user_0,9,14,378
612,71,1200001,0,user_12,9,14,378
627,75,1200001,0,user_24,9,14,378
623,72,1200001,0,user_20,9,14,378
633,77,1200001,0,user_32,9,14,378
635,79,1200001,0,user_33,9,14,378
642,80,1200001,0,user_41,9,14,378
645,78,1200001,0,user_45,9,14,378
630,88,1200001,0,user_28,9,16,378
663,69,1200001,0,user_1,10,15,378
664,70,1200001,0,user_1,10,15,378
614,68,1200001,0,user_13,9,14,378
670,87,1200001,0,user_5,10,15,378
675,96,1200001,0,user_9,10,16,378
667,90,1200001,0,user_3,10,16,378
679,91,1200001,0,user_15,10,16,378
11,0,43000000,0,user_9,0,19,
424,2,30000001,0,user_23,6,19,258
427,3,30000001,0,user_24,6,19,258
428,4,30000001,0,user_27,6,19,258
434,5,30000001,0,user_32,6,19,258
433,6,30000001,0,user_31,6,19,258
438,7,30000001,0,user_37,6,19,258
446,8,30000001,0,user_45,6,19,258
267,9,30000001,0,user_0,4,19,258
288,10,30000001,0,user_20,4,19,258
296,11,30000001,0,user_30,4,19,258
292,12,30000001,0,user_26,4,19,258
293,13,30000001,0,user_26,4,19,258
285,14,30000001,0,user_17,4,19,258
302,15,30000001,0,user_39,4,19,258
376,16,30000001,0,user_42,5,19,258
338,17,30000001,0,user_6,5,19,258
363,18,30000001,0,user_28,5,19,258
440,19,30000001,0,user_38,6,19,258
444,20,30000001,0,user_41,6,19,258
258,21,30000000,67900,user_47,3,19,
417,22,29999999,0,user_18,6,19,258
443,23,29999999,0,user_40,6,19,258
420,24,29999999,0,user_21,6,19,258
423,25,29999999,0,user_21,6,19,258
432,26,29999999,0,user_31,6,19,258
437,27,29999999,0,user_37,6,19,258
273,28,29999999,0,user_10,4,19,258
275,29,29999999,0,user_11,4,19,258
277,30,29999999,0,user_12,4,19,258
290,31,29999999,0,user_23,4,19,258
282,32,29999999,0,user_14,4,19,258
312,33,29999999,0,user_44,4,19,258
295,34,29999999,0,user_29,4,19,258
366,35,29999999,0,user_30,5,19,258
375,36,29999999,0,user_41,5,19,258
439,37,29999999,0,user_38,6,19,258
647,39,27000000,0,user_47,9,19,
192,40,6300000,0,user_46,2,19,
256,41,6100000,0,user_46,3,19,
380,42,6100000,0,user_47,5,19,
715,44,4200000,0,user_46,10,19,
379,45,3600000,0,user_47,5,19,
15,48,2600000,0,user_11,0,19,
649,50,2500000,0,user_49,9,19,
519,53,2400000,0,user_46,7,19,
10,56,2000000,0,user_8,0,19,
592,57,2000000,0,user_47,8,19,
315,58,1700000,5630,user_47,4,19,
779,78,1500000,0,user_48,11,19,
474,79,1200001,0,user_7,7,13,378
489,81,1200001,0,user_18,7,13,378
473,83,1200001,0,user_6,7,13,378
475,78,1200001,0,user_8,7,13,378
498,86,1200001,0,user_26,7,13,378
478,90,1200001,0,user_10,7,13,378
503,82,1200001,0,user_32,7,13,378
504,84,1200001,0,user_33,7,13,378
506,85,1200001,0,user_33,7,13,378
510,87,1200001,0,user_35,7,13,378
512,88,1200001,0,user_39,7,13,378
410,73,1200001,0,user_11,6,12,378
414,74,1200001,0,user_15,6,12,378
421,75,1200001,0,user_21,6,12,378
472,63,1200001,0,user_2,7,14,378
516,53,1200001,0,user_43,7,14,378
547,54,1200001,0,user_11,8,14,378
548,55,1200001,0,user_11,8,14,378
549,56,1200001,0,user_12,8,14,378
554,57,1200001,0,user_20,8,14,378
562,58,1200001,0,user_28,8,14,378
542,52,1200001,0,user_3,8,14,378
556,60,1200001,0,user_22,8,14,378
582,64,1200001,0,user_42,8,14,378
584,65,1200001,0,user_45,8,14,378
585,66,1200001,0,user_45,8,14,378
406,76,1200001,0,user_6,6,12,378
441,88,1200001,0,user_39,6,12,378
442,89,1200001,0,user_39,6,12,378
565,59,1200001,0,user_31,8,14,378
574,61,1200001,0,user_36,8,14,378
575,62,1200001,0,user_36,8,14,378
579,67,1200001,0,user_40,8,14,378
616,73,1200001,0,user_14,9,14,378
606,70,1200001,0,user_0,9,14,378
612,71,1200001,0,user_12,9,14,378
635,79,1200001,0,user_33,9,14,378
610,69,1200001,0,user_7,9,14,378
623,72,1200001,0,user_20,9,14,378
626,76,1200001,0,user_22,9,14,378
645,78,1200001,0,user_45,9,14,378
663,69,1200001,0,user_1,10,15,378
664,70,1200001,0,user_1,10,15,378
614,68,1200001,0,user_13,9,14,378
627,75,1200001,0,user_24,9,14,378
633,77,1200001,0,user_32,9,14,378
642,80,1200001,0,user_41,9,14,378
630,88,1200001,0,user_28,9,16,378
675,96,1200001,0,user_9,10,16,378
667,90,1200001,0,user_3,10,16,378
11,0,43000000,0,user_9,0,19,
267,9,30000001,0,user_0,4,19,258
288,10,30000001,0,user_20,4,19,258
292,12,30000001,0,user_26,4,19,258
293,13,30000001,0,user_26,4,19,258
285,14,30000001,0,user_17,4,19,258
296,11,30000001,0,user_30,4,19,258
302,15,30000001,0,user_39,4,19,258
363,18,30000001,0,user_28,5,19,258
376,16,30000001,0,user_42,5,19,258
338,17,30000001,0,user_6,5,19,258
428,4,30000001,0,user_27,6,19,258
438,7,30000001,0,user_37,6,19,258
446,8,30000001,0,user_45,6,19,258
424,2,30000001,0,user_23,6,19,258
427,3,30000001,0,user_24,6,19,258
433,6,30000001,0,user_31,6,19,258
434,5,30000001,0,user_32,6,19,258
440,19,30000001,0,user_38,6,19,258
444,20,30000001,0,user_41,6,19,258
258,21,30000000,67900,user_47,3,19,
277,30,29999999,0,user_12,4,19,258
290,31,29999999,0,user_23,4,19,258
275,29,29999999,0,user_11,4,19,258
282,32,29999999,0,user_14,4,19,258
295,34,29999999,0,user_29,4,19,258
273,28,29999999,0,user_10,4,19,258
312,33,29999999,0,user_44,4,19,258
366,35,29999999,0,user_30,5,19,258
375,36,29999999,0,user_41,5,19,258
420,24,29999999,0,user_21,6,19,258
423,25,29999999,0,user_21,6,19,258
417,22,29999999,0,user_18,6,19,258
437,27,29999999,0,user_37,6,19,258
432,26,29999999,0,user_31,6,19,258
443,23,29999999,0,user_40,6,19,258
439,37,29999999,0,user_38,6,19,258
647,39,27000000,0,user_47,9,19,
192,40,6300000,0,user_46,2,19,
256,41,6100000,0,user_46,3,19,
380,42,6100000,0,user_47,5,19,
715,44,4200000,0,user_46,10,19,
379,45,3600000,0,user_47,5,19,
15,48,2600000,0,user_11,0,19,
649,50,2500000,0,user_49,9,19,
519,53,2400000,0,user_46,7,19,
592,57,2000000,0,user_47,8,19,
10,56,2000000,0,user_8,0,19,
315,58,1700000,5630,user_47,4,19,
779,78,1500000,0,user_48,11,19,
547,54,1200001,0,user_11,8,14,378
548,55,1200001,0,user_11,8,14,378
542,52,1200001,0,user_3,8,14,378
549,56,1200001,0,user_12,8,14,378
562,58,1200001,0,user_28,8,14,378
554,57,1200001,0,user_20,8,14,378
556,60,1200001,0,user_22,8,14,378
565,59,1200001,0,user_31,8,14,378
574,61,1200001,0,user_36,8,14,378
575,62,1200001,0,user_36,8,14,378
579,67,1200001,0,user_40,8,14,378
582,64,1200001,0,user_42,8,14,378
584,65,1200001,0,user_45,8,14,378
585,66,1200001,0,user_45,8,14,378
614,68,1200001,0,user_13,9,14,378
