id,position,gas_fee,mev_potential,creator_id,created_at,included_at,target_tx
24,5,43000000,0,user_20,0,19,
11,4,43000000,0,user_9,0,19,
45,34,19000000,0,user_39,0,19,
16,57,6100000,0,user_14,0,19,
29,97,5000000,0,user_24,0,19,
35,99,3500000,0,user_29,0,12,
47,94,3500000,0,user_40,0,11,
46,98,3200000,0,user_40,0,11,
15,94,2600000,0,user_11,0,9,
33,98,2500000,0,user_27,0,9,
49,90,2100000,0,user_40,0,7,
30,92,2000000,0,user_24,0,7,
10,93,2000000,0,user_8,0,7,
51,99,1900000,0,user_41,0,7,
41,96,1800000,164000,user_34,0,6,
13,86,1100000,0,user_11,0,4,
37,84,1100000,779000,user_32,0,4,
44,85,1100000,4320000,user_36,0,4,
17,99,1000000,0,user_14,0,4,
52,98,1000000,19700,user_41,0,4,
32,90,910000,0,user_24,0,3,
6,96,660001,0,user_5,0,3,5
8,97,660001,0,user_5,0,3,5
5,99,660000,14200,user_4,0,3,
7,69,659999,0,user_5,0,2,5
22,72,630000,0,user_18,0,2,
39,77,460000,0,user_33,0,2,
55,76,460000,0,user_44,0,2,
27,80,420000,0,user_21,0,2,
34,85,360000,0,user_29,0,2,
21,84,360000,0,user_18,0,2,
54,87,340000,0,user_44,0,2,
50,91,320000,231000,user_40,0,2,
12,92,310000,0,user_11,0,2,
4,95,260000,0,user_4,0,2,
20,97,240000,0,user_18,0,2,
14,67,220000,0,user_11,0,1,
2,71,150001,0,user_2,0,1,1
9,70,150001,0,user_7,0,1,1
1,77,150000,39400,user_1,0,1,
56,73,150000,0,user_45,0,1,
58,74,150000,0,user_47,0,1,
18,75,150000,108000,user_17,0,1,
36,76,150000,0,user_30,0,1,
43,72,150000,121000,user_36,0,1,
3,79,149999,0,user_3,0,1,1
40,84,120000,0,user_33,0,1,
25,81,120000,0,user_20,0,1,
19,86,120000,0,user_18,0,1,
31,85,120000,350000,user_24,0,1,
28,82,120000,0,user_22,0,1,
38,83,120000,0,user_32,0,1,
59,88,110000,0,user_48,0,1,
48,93,84000,0,user_40,0,1,
53,94,84000,322000,user_42,0,1,
0,96,80000,0,user_1,0,1,
57,97,79000,0,user_45,0,1,
26,57,70000,0,user_21,0,0,
24,5,43000000,0,user_20,0,19,
11,4,43000000,0,user_9,0,19,
95,6,43000000,0,user_33,1,19,
100,25,27000000,0,user_39,1,19,
45,34,19000000,0,user_39,0,19,
16,57,6100000,0,user_14,0,19,
101,56,6100000,33300,user_40,1,19,
75,58,6100000,381000,user_14,1,19,
86,84,5200000,0,user_25,1,19,
29,97,5000000,0,user_24,0,19,
80,95,4200000,0,user_19,1,15,
60,96,4200000,0,user_49,0,15,
78,97,4200000,139000,user_17,1,15,
35,99,3500000,0,user_29,0,12,
47,94,3500000,0,user_40,0,11,
46,98,3200000,0,user_40,0,11,
15,94,2600000,0,user_11,0,9,
33,98,2500000,0,user_27,0,9,
99,99,2300000,0,user_39,1,8,
97,86,2300000,0,user_36,1,7,
49,90,2100000,0,user_40,0,7,
10,93,2000000,0,user_8,0,7,
30,92,2000000,0,user_24,0,7,
51,99,1900000,0,user_41,0,7,
74,98,1900000,0,user_12,1,7,
41,96,1800000,164000,user_34,0,6,
93,99,1700000,0,user_32,1,6,
110,98,1700000,6390,user_46,1,6,
67,97,1100001,0,user_2,1,5,44
72,98,1100001,0,user_10,1,5,44
69,99,1100001,0,user_3,1,5,44
71,81,1100001,0,user_6,1,4,37
70,76,1100001,0,user_4,1,4,44
73,80,1100001,0,user_11,1,4,44
44,85,1100000,4320000,user_36,0,4,
37,84,1100000,779000,user_32,0,4,
13,86,1100000,0,user_11,0,4,
89,88,1100000,0,user_28,1,4,
82,87,1100000,0,user_21,1,4,
85,89,1100000,0,user_24,1,4,
52,98,1000000,19700,user_41,0,4,
17,99,1000000,0,user_14,0,4,
32,90,910000,0,user_24,0,3,
103,91,910000,0,user_42,1,3,
6,96,660001,0,user_5,0,3,5
8,97,660001,0,user_5,0,3,5
5,99,660000,14200,user_4,0,3,
7,69,659999,0,user_5,0,2,5
79,70,650000,0,user_18,1,2,
22,72,630000,0,user_18,0,2,
55,76,460000,0,user_44,0,2,
39,77,460000,0,user_33,0,2,
27,80,420000,0,user_21,0,2,
91,79,420000,0,user_30,1,2,
34,85,360000,0,user_29,0,2,
21,84,360000,0,user_18,0,2,
84,82,360000,0,user_22,1,2,
112,86,350000,0,user_48,1,2,
54,87,340000,0,user_44,0,2,
68,88,320001,0,user_2,1,2,50
50,91,320000,231000,user_40,0,2,
76,90,320000,155000,user_15,1,2,
12,92,310000,0,user_11,0,2,
96,94,300000,0,user_36,1,2,
4,95,260000,0,user_4,0,2,
20,97,240000,0,user_18,0,2,
88,99,240000,0,user_27,1,2,
14,67,220000,0,user_11,0,1,
87,68,170000,0,user_26,1,1,
94,69,160000,67500,user_32,1,1,
9,70,150001,0,user_7,0,1,1
2,71,150001,0,user_2,0,1,1
43,72,150000,121000,user_36,0,1,
56,73,150000,0,user_45,0,1,
58,74,150000,0,user_47,0,1,
18,75,150000,108000,user_17,0,1,
36,76,150000,0,user_30,0,1,
1,77,150000,39400,user_1,0,1,
98,78,150000,15300,user_37,1,1,
3,79,149999,0,user_3,0,1,1
81,80,130000,0,user_19,1,1,
25,81,120000,0,user_20,0,1,
28,82,120000,0,user_22,0,1,
38,83,120000,0,user_32,0,1,
40,84,120000,0,user_33,0,1,
31,85,120000,350000,user_24,0,1,
19,86,120000,0,user_18,0,1,
90,87,120000,0,user_29,1,1,
59,88,110000,0,user_48,0,1,
102,89,110000,0,user_41,1,1,
77,90,110000,18600,user_17,1,1,
113,91,87000,0,user_48,1,1,
111,92,85000,0,user_47,1,1,
48,93,84000,0,user_40,0,1,
53,94,84000,322000,user_42,0,1,
83,95,84000,0,user_21,1,1,
0,96,80000,0,user_1,0,1,
57,97,79000,0,user_45,0,1,
23,98,77000,0,user_19,0,1,
109,99,77000,0,user_44,1,1,
95,6,43000000,0,user_33,1,19,
11,4,43000000,0,user_9,0,19,
24,5,43000000,0,user_20,0,19,
157,3,43000000,0,user_18,2,19,
100,25,27000000,0,user_39,1,19,
45,34,19000000,0,user_39,0,19,
145,47,6100001,0,user_11,2,19,75
101,56,6100000,33300,user_40,1,19,
16,57,6100000,0,user_14,0,19,
75,58,6100000,381000,user_14,1,19,
135,71,6099999,0,user_1,2,19,75
144,70,6099999,0,user_11,2,19,75
86,84,5200000,0,user_25,1,19,
170,82,5200000,0,user_32,2,19,
151,96,5000000,0,user_13,2,19,
29,97,5000000,0,user_24,0,19,
166,98,4500000,5640,user_28,2,16,
60,96,4200000,0,user_49,0,15,
80,95,4200000,0,user_19,1,15,
78,97,4200000,139000,user_17,1,15,
47,94,3500000,0,user_40,0,11,
35,99,3500000,0,user_29,0,12,
46,98,3200000,0,user_40,0,11,
15,94,2600000,0,user_11,0,9,
33,98,2500000,0,user_27,0,9,
97,86,2300000,0,user_36,1,7,
99,99,2300000,0,user_39,1,8,
105,97,2300000,0,user_43,1,8,
49,90,2100000,0,user_40,0,7,
30,92,2000000,0,user_24,0,7,
10,93,2000000,0,user_8,0,7,
74,98,1900000,0,user_12,1,7,
51,99,1900000,0,user_41,0,7,
149,95,1800000,0,user_13,2,6,
41,96,1800000,164000,user_34,0,6,
110,98,1700000,6390,user_46,1,6,
93,99,1700000,0,user_32,1,6,
173,83,1600000,0,user_37,2,5,
162,87,1500000,0,user_22,2,5,
172,91,1400000,0,user_36,2,5,
153,95,1200000,0,user_16,2,5,
69,99,1100001,0,user_3,1,5,44
71,81,1100001,0,user_6,1,4,37
70,76,1100001,0,user_4,1,4,44
72,98,1100001,0,user_10,1,5,44
73,80,1100001,0,user_11,1,4,44
136,82,1100001,0,user_1,2,4,44
67,97,1100001,0,user_2,1,5,44
82,87,1100000,0,user_21,1,4,
89,88,1100000,0,user_28,1,4,
85,89,1100000,0,user_24,1,4,
13,86,1100000,0,user_11,0,4,
37,84,1100000,779000,user_32,0,4,
44,85,1100000,4320000,user_36,0,4,
140,91,1099999,0,user_10,2,4,44
134,93,1099999,0,user_0,2,4,44
142,94,1099999,0,user_11,2,4,37
148,78,1000000,5640,user_13,2,3,
150,79,1000000,13900,user_13,2,3,
17,99,1000000,0,user_14,0,4,
52,98,1000000,19700,user_41,0,4,
147,81,1000000,0,user_12,2,3,
182,82,1000000,15100,user_48,2,3,
177,83,1000000,0,user_40,2,3,
103,91,910000,0,user_42,1,3,
32,90,910000,0,user_24,0,3,
6,96,660001,0,user_5,0,3,5
8,97,660001,0,user_5,0,3,5
5,99,660000,14200,user_4,0,3,
7,69,659999,0,user_5,0,2,5
79,70,650000,0,user_18,1,2,
176,71,650000,0,user_39,2,2,
22,72,630000,0,user_18,0,2,
180,73,630000,100000,user_46,2,2,
163,74,600000,0,user_22,2,2,
178,75,600000,0,user_41,2,2,
55,76,460000,0,user_44,0,2,
39,77,460000,0,user_33,0,2,
164,78,460000,283000,user_25,2,2,
91,79,420000,0,user_30,1,2,
27,80,420000,0,user_21,0,2,
159,81,420000,0,user_22,2,2,
84,82,360000,0,user_22,1,2,
107,83,360000,0,user_43,1,2,
21,84,360000,0,user_18,0,2,
34,85,360000,0,user_29,0,2,
112,86,350000,0,user_48,1,2,
54,87,340000,0,user_44,0,2,
68,88,320001,0,user_2,1,2,50
139,89,320001,0,user_8,2,2,50
76,90,320000,155000,user_15,1,2,
50,91,320000,231000,user_40,0,2,
12,92,310000,0,user_11,0,2,
161,93,310000,0,user_22,2,2,
96,94,300000,0,user_36,1,2,
4,95,260000,0,user_4,0,2,
92,96,240000,0,user_31,1,2,
20,97,240000,0,user_18,0,2,
169,98,240000,0,user_32,2,2,
88,99,240000,0,user_27,1,2,
157,3,43000000,0,user_18,2,19,
11,4,43000000,0,user_9,0,19,
24,5,43000000,0,user_20,0,19,
95,6,43000000,0,user_33,1,19,
100,25,27000000,0,user_39,1,19,
273,33,19000000,0,user_44,3,19,
45,34,19000000,0,user_39,0,19,
145,47,6100001,0,user_11,2,19,75
221,48,6100001,0,user_6,3,19,75
101,56,6100000,33300,user_40,1,19,
16,57,6100000,0,user_14,0,19,
75,58,6100000,381000,user_14,1,19,
243,59,6100000,0,user_25,3,19,
265,60,6100000,0,user_41,3,19,
144,70,6099999,0,user_11,2,19,75
135,71,6099999,0,user_1,2,19,75
170,82,5200000,0,user_32,2,19,
272,83,5200000,0,user_44,3,19,
86,84,5200000,0,user_25,1,19,
151,96,5000000,0,user_13,2,19,
29,97,5000000,0,user_24,0,19,
259,98,5000000,0,user_37,3,19,
230,99,5000000,0,user_15,3,19,
251,98,5000000,13900,user_34,3,18,
166,98,4500000,5640,user_28,2,16,
60,96,4200000,0,user_49,0,15,
78,97,4200000,139000,user_17,1,15,
80,95,4200000,0,user_19,1,15,
47,94,3500000,0,user_40,0,11,
35,99,3500000,0,user_29,0,12,
46,98,3200000,0,user_40,0,11,
257,99,3200000,0,user_37,3,11,
15,94,2600000,0,user_11,0,9,
33,98,2500000,0,user_27,0,9,
233,97,2500000,5630,user_16,3,9,
105,97,2300000,0,user_43,1,8,
97,86,2300000,0,user_36,1,7,
99,99,2300000,0,user_39,1,8,
49,90,2100000,0,user_40,0,7,
30,92,2000000,0,user_24,0,7,
10,93,2000000,0,user_8,0,7,
242,94,2000000,0,user_25,3,7,
74,98,1900000,0,user_12,1,7,
51,99,1900000,0,user_41,0,7,
149,95,1800000,0,user_13,2,6,
41,96,1800000,164000,user_34,0,6,
244,97,1800000,0,user_26,3,6,
110,98,1700000,6390,user_46,1,6,
93,99,1700000,0,user_32,1,6,
263,78,1700000,0,user_41,3,5,
269,79,1700000,0,user_42,3,5,
173,83,1600000,0,user_37,2,5,
162,87,1500000,0,user_22,2,5,
262,85,1500000,0,user_39,3,5,
172,91,1400000,0,user_36,2,5,
171,92,1300000,12800,user_35,2,5,
153,95,1200000,0,user_16,2,5,
67,97,1100001,0,user_2,1,5,44
70,76,1100001,0,user_4,1,4,44
72,98,1100001,0,user_10,1,5,44
69,99,1100001,0,user_3,1,5,44
73,80,1100001,0,user_11,1,4,44
136,82,1100001,0,user_1,2,4,44
219,74,1100001,0,user_5,3,4,37
71,81,1100001,0,user_6,1,4,37
223,96,1100001,0,user_6,3,5,44
37,84,1100000,779000,user_32,0,4,
13,86,1100000,0,user_11,0,4,
85,89,1100000,0,user_24,1,4,
89,88,1100000,0,user_28,1,4,
82,87,1100000,0,user_21,1,4,
255,83,1100000,0,user_37,3,4,
44,85,1100000,4320000,user_36,0,4,
140,91,1099999,0,user_10,2,4,44
142,94,1099999,0,user_11,2,4,37
134,93,1099999,0,user_0,2,4,44
222,92,1099999,0,user_6,3,4,44
224,90,1099999,0,user_7,3,4,44
148,78,1000000,5640,user_13,2,3,
150,79,1000000,13900,user_13,2,3,
174,96,1000000,0,user_38,2,4,
147,81,1000000,0,user_12,2,3,
182,82,1000000,15100,user_48,2,3,
177,83,1000000,0,user_40,2,3,
17,99,1000000,0,user_14,0,4,
52,98,1000000,19700,user_41,0,4,
264,97,1000000,0,user_41,3,4,
234,95,1000000,0,user_17,3,4,
258,88,970000,0,user_37,3,3,
248,89,970000,0,user_32,3,3,
32,90,910000,0,user_24,0,3,
103,91,910000,0,user_42,1,3,
232,92,910000,0,user_16,3,3,
254,93,870000,0,user_36,3,3,
231,94,670000,0,user_16,3,3,
249,95,670000,0,user_33,3,3,
6,96,660001,0,user_5,0,3,5
8,97,660001,0,user_5,0,3,5
175,98,660000,0,user_38,2,3,
5,99,660000,14200,user_4,0,3,
24,5,43000000,0,user_20,0,19,
11,4,43000000,0,user_9,0,19,
95,6,43000000,0,user_33,1,19,
157,3,43000000,0,user_18,2,19,
100,25,27000000,0,user_39,1,19,
332,26,27000000,0,user_18,4,19,
273,33,19000000,0,user_44,3,19,
45,34,19000000,0,user_39,0,19,
221,48,6100001,0,user_6,3,19,75
145,47,6100001,0,user_11,2,19,75
243,59,6100000,0,user_25,3,19,
265,60,6100000,0,user_41,3,19,
16,57,6100000,0,user_14,0,19,
75,58,6100000,381000,user_14,1,19,
101,56,6100000,33300,user_40,1,19,
135,71,6099999,0,user_1,2,19,75
144,70,6099999,0,user_11,2,19,75
321,73,6099999,0,user_6,4,19,75
322,72,6099999,0,user_7,4,19,75
272,83,5200000,0,user_44,3,19,
86,84,5200000,0,user_25,1,19,
170,82,5200000,0,user_32,2,19,
230,99,5000000,0,user_15,3,19,
259,98,5000000,0,user_37,3,19,
251,98,5000000,13900,user_34,3,18,
29,97,5000000,0,user_24,0,19,
151,96,5000000,0,user_13,2,19,
328,92,5000000,0,user_12,4,18,
330,93,5000000,0,user_15,4,18,
166,98,4500000,5640,user_28,2,16,
358,97,4500000,0,user_39,4,16,
60,96,4200000,0,user_49,0,15,
78,97,4200000,139000,user_17,1,15,
80,95,4200000,0,user_19,1,15,
347,97,3600000,0,user_27,4,12,
35,99,3500000,0,user_29,0,12,
47,94,3500000,0,user_40,0,11,
257,99,3200000,0,user_37,3,11,
46,98,3200000,0,user_40,0,11,
365,97,3200000,0,user_47,4,10,
15,94,2600000,0,user_11,0,9,
233,97,2500000,5630,user_16,3,9,
33,98,2500000,0,user_27,0,9,
105,97,2300000,0,user_43,1,8,
97,86,2300000,0,user_36,1,7,
99,99,2300000,0,user_39,1,8,
354,98,2300000,0,user_33,4,8,
49,90,2100000,0,user_40,0,7,
353,91,2100000,0,user_33,4,7,
242,94,2000000,0,user_25,3,7,
10,93,2000000,0,user_8,0,7,
30,92,2000000,0,user_24,0,7,
361,95,2000000,0,user_40,4,7,
51,99,1900000,0,user_41,0,7,
74,98,1900000,0,user_12,1,7,
244,97,1800000,0,user_26,3,6,
41,96,1800000,164000,user_34,0,6,
149,95,1800000,0,user_13,2,6,
263,78,1700000,0,user_41,3,5,
269,79,1700000,0,user_42,3,5,
110,98,1700000,6390,user_46,1,6,
93,99,1700000,0,user_32,1,6,
173,83,1600000,0,user_37,2,5,
363,82,1600000,0,user_47,4,5,
262,85,1500000,0,user_39,3,5,
162,87,1500000,0,user_22,2,5,
261,84,1500000,0,user_38,3,5,
335,86,1500000,17000,user_18,4,5,
172,91,1400000,0,user_36,2,5,
359,90,1400000,0,user_39,4,5,
362,89,1400000,0,user_47,4,5,
171,92,1300000,12800,user_35,2,5,
346,93,1300000,33100,user_26,4,5,
153,95,1200000,0,user_16,2,5,
219,74,1100001,0,user_5,3,4,37
223,96,1100001,0,user_6,3,5,44
70,76,1100001,0,user_4,1,4,44
67,97,1100001,0,user_2,1,5,44
69,99,1100001,0,user_3,1,5,44
72,98,1100001,0,user_10,1,5,44
73,80,1100001,0,user_11,1,4,44
71,81,1100001,0,user_6,1,4,37
136,82,1100001,0,user_1,2,4,44
255,83,1100000,0,user_37,3,4,
37,84,1100000,779000,user_32,0,4,
44,85,1100000,4320000,user_36,0,4,
13,86,1100000,0,user_11,0,4,
82,87,1100000,0,user_21,1,4,
89,88,1100000,0,user_28,1,4,
85,89,1100000,0,user_24,1,4,
224,90,1099999,0,user_7,3,4,44
140,91,1099999,0,user_10,2,4,44
222,92,1099999,0,user_6,3,4,44
134,93,1099999,0,user_0,2,4,44
142,94,1099999,0,user_11,2,4,37
234,95,1000000,0,user_17,3,4,
174,96,1000000,0,user_38,2,4,
264,97,1000000,0,user_41,3,4,
52,98,1000000,19700,user_41,0,4,
17,99,1000000,0,user_14,0,4,
24,5,43000000,0,user_20,0,19,
11,4,43000000,0,user_9,0,19,
95,6,43000000,0,user_33,1,19,
157,3,43000000,0,user_18,2,19,
367,7,43000000,0,user_49,4,19,
332,26,27000000,0,user_18,4,19,
100,25,27000000,0,user_39,1,19,
273,33,19000000,0,user_44,3,19,
45,34,19000000,0,user_39,0,19,
442,38,6300000,0,user_42,5,19,
221,48,6100001,0,user_6,3,19,75
400,51,6100001,0,user_2,5,19,75
145,47,6100001,0,user_11,2,19,75
403,52,6100001,0,user_3,5,19,75
404,53,6100001,0,user_3,5,19,75
406,54,6100001,0,user_3,5,19,75
408,49,6100001,0,user_4,5,19,75
409,50,6100001,0,user_4,5,19,75
243,59,6100000,0,user_25,3,19,
265,60,6100000,0,user_41,3,19,
16,57,6100000,0,user_14,0,19,
101,56,6100000,33300,user_40,1,19,
75,58,6100000,381000,user_14,1,19,
321,73,6099999,0,user_6,4,19,75
322,72,6099999,0,user_7,4,19,75
135,71,6099999,0,user_1,2,19,75
144,70,6099999,0,user_11,2,19,75
407,74,6099999,0,user_4,5,19,75
399,75,6099999,0,user_0,5,19,75
413,76,6099999,0,user_11,5,19,75
272,83,5200000,0,user_44,3,19,
416,86,5200000,66100,user_13,5,19,
86,84,5200000,0,user_25,1,19,
170,82,5200000,0,user_32,2,19,
417,87,5200000,16400,user_15,5,19,
431,85,5200000,0,user_33,5,19,
230,99,5000000,0,user_15,3,19,
259,98,5000000,0,user_37,3,19,
251,98,5000000,13900,user_34,3,18,
328,92,5000000,0,user_12,4,18,
330,93,5000000,0,user_15,4,18,
29,97,5000000,0,user_24,0,19,
151,96,5000000,0,user_13,2,19,
358,97,4500000,0,user_39,4,16,
166,98,4500000,5640,user_28,2,16,
80,95,4200000,0,user_19,1,15,
60,96,4200000,0,user_49,0,15,
78,97,4200000,139000,user_17,1,15,
347,97,3600000,0,user_27,4,12,
35,99,3500000,0,user_29,0,12,
47,94,3500000,0,user_40,0,11,
257,99,3200000,0,user_37,3,11,
365,97,3200000,0,user_47,4,10,
46,98,3200000,0,user_40,0,11,
15,94,2600000,0,user_11,0,9,
429,95,2600000,67900,user_30,5,9,
233,97,2500000,5630,user_16,3,9,
33,98,2500000,0,user_27,0,9,
356,99,2500000,0,user_35,4,9,
354,98,2300000,0,user_33,4,8,
99,99,2300000,0,user_39,1,8,
97,86,2300000,0,user_36,1,7,
105,97,2300000,0,user_43,1,8,
414,95,2300000,0,user_12,5,8,
353,91,2100000,0,user_33,4,7,
49,90,2100000,0,user_40,0,7,
242,94,2000000,0,user_25,3,7,
361,95,2000000,0,user_40,4,7,
422,96,2000000,0,user_20,5,7,
10,93,2000000,0,user_8,0,7,
30,92,2000000,0,user_24,0,7,
439,97,2000000,0,user_40,5,7,
51,99,1900000,0,user_41,0,7,
74,98,1900000,0,user_12,1,7,
244,97,1800000,0,user_26,3,6,
41,96,1800000,164000,user_34,0,6,
149,95,1800000,0,user_13,2,6,
420,94,1800000,164000,user_18,5,6,
263,78,1700000,0,user_41,3,5,
269,79,1700000,0,user_42,3,5,
93,99,1700000,0,user_32,1,6,
110,98,1700000,6390,user_46,1,6,
363,82,1600000,0,user_47,4,5,
173,83,1600000,0,user_37,2,5,
261,84,1500000,0,user_38,3,5,
262,85,1500000,0,user_39,3,5,
335,86,1500000,17000,user_18,4,5,
162,87,1500000,0,user_22,2,5,
434,88,1500000,0,user_33,5,5,
362,89,1400000,0,user_47,4,5,
359,90,1400000,0,user_39,4,5,
172,91,1400000,0,user_36,2,5,
171,92,1300000,12800,user_35,2,5,
346,93,1300000,33100,user_26,4,5,
441,94,1300000,0,user_42,5,5,
153,95,1200000,0,user_16,2,5,
223,96,1100001,0,user_6,3,5,44
67,97,1100001,0,user_2,1,5,44
72,98,1100001,0,user_10,1,5,44
69,99,1100001,0,user_3,1,5,44
367,7,43000000,0,user_49,4,19,
95,6,43000000,0,user_33,1,19,
11,4,43000000,0,user_9,0,19,
24,5,43000000,0,user_20,0,19,
157,3,43000000,0,user_18,2,19,
520,8,43000000,0,user_41,6,19,
505,16,30000000,0,user_22,6,19,
332,26,27000000,0,user_18,4,19,
100,25,27000000,0,user_39,1,19,
45,34,19000000,0,user_39,0,19,
273,33,19000000,0,user_44,3,19,
508,32,19000000,0,user_24,6,19,
442,38,6300000,0,user_42,5,19,
408,49,6100001,0,user_4,5,19,75
409,50,6100001,0,user_4,5,19,75
400,51,6100001,0,user_2,5,19,75
403,52,6100001,0,user_3,5,19,75
404,53,6100001,0,user_3,5,19,75
406,54,6100001,0,user_3,5,19,75
145,47,6100001,0,user_11,2,19,75
221,48,6100001,0,user_6,3,19,75
480,44,6100001,0,user_3,6,19,75
481,45,6100001,0,user_3,6,19,75
482,46,6100001,0,user_3,6,19,75
477,41,6100001,0,user_1,6,19,75
487,42,6100001,0,user_7,6,19,75
489,55,6100001,0,user_8,6,19,75
491,43,6100001,0,user_9,6,19,75
101,56,6100000,33300,user_40,1,19,
16,57,6100000,0,user_14,0,19,
75,58,6100000,381000,user_14,1,19,
243,59,6100000,0,user_25,3,19,
265,60,6100000,0,user_41,3,19,
322,72,6099999,0,user_7,4,19,75
407,74,6099999,0,user_4,5,19,75
399,75,6099999,0,user_0,5,19,75
413,76,6099999,0,user_11,5,19,75
483,77,6099999,0,user_4,6,19,75
135,71,6099999,0,user_1,2,19,75
144,70,6099999,0,user_11,2,19,75
321,73,6099999,0,user_6,4,19,75
478,68,6099999,0,user_3,6,19,75
479,69,6099999,0,user_3,6,19,75
486,66,6099999,0,user_7,6,19,75
488,67,6099999,0,user_7,6,19,75
476,65,6099999,0,user_0,6,19,75
431,85,5200000,0,user_33,5,19,
417,87,5200000,16400,user_15,5,19,
86,84,5200000,0,user_25,1,19,
170,82,5200000,0,user_32,2,19,
272,83,5200000,0,user_44,3,19,
517,81,5200000,0,user_33,6,19,
328,92,5000000,0,user_12,4,18,
330,93,5000000,0,user_15,4,18,
151,96,5000000,0,user_13,2,19,
29,97,5000000,0,user_24,0,19,
230,99,5000000,0,user_15,3,19,
259,98,5000000,0,user_37,3,19,
251,98,5000000,13900,user_34,3,18,
166,98,4500000,5640,user_28,2,16,
358,97,4500000,0,user_39,4,16,
60,96,4200000,0,user_49,0,15,
80,95,4200000,0,user_19,1,15,
78,97,4200000,139000,user_17,1,15,
347,97,3600000,0,user_27,4,12,
47,94,3500000,0,user_40,0,11,
35,99,3500000,0,user_29,0,12,
365,97,3200000,0,user_47,4,10,
46,98,3200000,0,user_40,0,11,
257,99,3200000,0,user_37,3,11,
429,95,2600000,67900,user_30,5,9,
502,96,2600000,0,user_20,6,9,
15,94,2600000,0,user_11,0,9,
356,99,2500000,0,user_35,4,9,
33,98,2500000,0,user_27,0,9,
233,97,2500000,5630,user_16,3,9,
509,81,2500000,0,user_25,6,7,
501,94,2400000,0,user_18,6,8,
354,98,2300000,0,user_33,4,8,
414,95,2300000,0,user_12,5,8,
97,86,2300000,0,user_36,1,7,
99,99,2300000,0,user_39,1,8,
105,97,2300000,0,user_43,1,8,
435,96,2300000,0,user_35,5,8,
353,91,2100000,0,user_33,4,7,
49,90,2100000,0,user_40,0,7,
361,95,2000000,0,user_40,4,7,
439,97,2000000,0,user_40,5,7,
422,96,2000000,0,user_20,5,7,
30,92,2000000,0,user_24,0,7,
10,93,2000000,0,user_8,0,7,
242,94,2000000,0,user_25,3,7,
74,98,1900000,0,user_12,1,7,
51,99,1900000,0,user_41,0,7,
420,94,1800000,164000,user_18,5,6,
149,95,1800000,0,user_13,2,6,
41,96,1800000,164000,user_34,0,6,
244,97,1800000,0,user_26,3,6,
110,98,1700000,6390,user_46,1,6,
93,99,1700000,0,user_32,1,6,
157,3,43000000,0,user_18,2,19,
11,4,43000000,0,user_9,0,19,
24,5,43000000,0,user_20,0,19,
95,6,43000000,0,user_33,1,19,
367,7,43000000,0,user_49,4,19,
520,8,43000000,0,user_41,6,19,
574,9,43000000,0,user_23,7,19,
505,16,30000000,0,user_22,6,19,
100,25,27000000,0,user_39,1,19,
332,26,27000000,0,user_18,4,19,
508,32,19000000,0,user_24,6,19,
273,33,19000000,0,user_44,3,19,
45,34,19000000,0,user_39,0,19,
605,35,19000000,0,user_47,7,19,
442,38,6300000,0,user_42,5,19,
477,41,6100001,0,user_1,6,19,75
487,42,6100001,0,user_7,6,19,75
491,43,6100001,0,user_9,6,19,75
480,44,6100001,0,user_3,6,19,75
481,45,6100001,0,user_3,6,19,75
482,46,6100001,0,user_3,6,19,75
145,47,6100001,0,user_11,2,19,75
221,48,6100001,0,user_6,3,19,75
408,49,6100001,0,user_4,5,19,75
409,50,6100001,0,user_4,5,19,75
400,51,6100001,0,user_2,5,19,75
403,52,6100001,0,user_3,5,19,75
404,53,6100001,0,user_3,5,19,75
406,54,6100001,0,user_3,5,19,75
489,55,6100001,0,user_8,6,19,75
101,56,6100000,33300,user_40,1,19,
16,57,6100000,0,user_14,0,19,
75,58,6100000,381000,user_14,1,19,
243,59,6100000,0,user_25,3,19,
265,60,6100000,0,user_41,3,19,
476,65,6099999,0,user_0,6,19,75
486,66,6099999,0,user_7,6,19,75
488,67,6099999,0,user_7,6,19,75
478,68,6099999,0,user_3,6,19,75
479,69,6099999,0,user_3,6,19,75
144,70,6099999,0,user_11,2,19,75
135,71,6099999,0,user_1,2,19,75
322,72,6099999,0,user_7,4,19,75
321,73,6099999,0,user_6,4,19,75
407,74,6099999,0,user_4,5,19,75
399,75,6099999,0,user_0,5,19,75
413,76,6099999,0,user_11,5,19,75
483,77,6099999,0,user_4,6,19,75
517,81,5200000,0,user_33,6,19,
170,82,5200000,0,user_32,2,19,
272,83,5200000,0,user_44,3,19,
86,84,5200000,0,user_25,1,19,
431,85,5200000,0,user_33,5,19,
416,86,5200000,66100,user_13,5,19,
417,87,5200000,16400,user_15,5,19,
583,88,5200000,0,user_33,7,19,
151,96,5000000,0,user_13,2,19,
29,97,5000000,0,user_24,0,19,
259,98,5000000,0,user_37,3,19,
230,99,5000000,0,user_15,3,19,
251,98,5000000,13900,user_34,3,18,
328,92,5000000,0,user_12,4,18,
330,93,5000000,0,user_15,4,18,
595,99,5000000,0,user_40,7,18,
166,98,4500000,5640,user_28,2,16,
358,97,4500000,0,user_39,4,16,
60,96,4200000,0,user_49,0,15,
78,97,4200000,139000,user_17,1,15,
80,95,4200000,0,user_19,1,15,
347,97,3600000,0,user_27,4,12,
47,94,3500000,0,user_40,0,11,
35,99,3500000,0,user_29,0,12,
46,98,3200000,0,user_40,0,11,
257,99,3200000,0,user_37,3,11,
365,97,3200000,0,user_47,4,10,
502,96,2600000,0,user_20,6,9,
15,94,2600000,0,user_11,0,9,
429,95,2600000,67900,user_30,5,9,
33,98,2500000,0,user_27,0,9,
233,97,2500000,5630,user_16,3,9,
356,99,2500000,0,user_35,4,9,
509,81,2500000,0,user_25,6,7,
599,90,2500000,0,user_42,7,8,
501,94,2400000,0,user_18,6,8,
435,96,2300000,0,user_35,5,8,
105,97,2300000,0,user_43,1,8,
97,86,2300000,0,user_36,1,7,
99,99,2300000,0,user_39,1,8,
354,98,2300000,0,user_33,4,8,
414,95,2300000,0,user_12,5,8,
49,90,2100000,0,user_40,0,7,
353,91,2100000,0,user_33,4,7,
30,92,2000000,0,user_24,0,7,
10,93,2000000,0,user_8,0,7,
242,94,2000000,0,user_25,3,7,
361,95,2000000,0,user_40,4,7,
422,96,2000000,0,user_20,5,7,
439,97,2000000,0,user_40,5,7,
74,98,1900000,0,user_12,1,7,
51,99,1900000,0,user_41,0,7,
574,9,43000000,0,user_23,7,19,
520,8,43000000,0,user_41,6,19,
95,6,43000000,0,user_33,1,19,
11,4,43000000,0,user_9,0,19,
24,5,43000000,0,user_20,0,19,
367,7,43000000,0,user_49,4,19,
157,3,43000000,0,user_18,2,19,
505,16,30000000,0,user_22,6,19,
589,17,30000000,0,user_35,7,19,
682,18,30000000,0,user_45,8,19,
332,26,27000000,0,user_18,4,19,
100,25,27000000,0,user_39,1,19,
654,27,27000000,0,user_20,8,19,
605,35,19000000,0,user_47,7,19,
508,32,19000000,0,user_24,6,19,
273,33,19000000,0,user_44,3,19,
45,34,19000000,0,user_39,0,19,
442,38,6300000,0,user_42,5,19,
491,43,6100001,0,user_9,6,19,75
400,51,6100001,0,user_2,5,19,75
408,49,6100001,0,user_4,5,19,75
409,50,6100001,0,user_4,5,19,75
403,52,6100001,0,user_3,5,19,75
404,53,6100001,0,user_3,5,19,75
406,54,6100001,0,user_3,5,19,75
477,41,6100001,0,user_1,6,19,75
487,42,6100001,0,user_7,6,19,75
480,44,6100001,0,user_3,6,19,75
481,45,6100001,0,user_3,6,19,75
482,46,6100001,0,user_3,6,19,75
489,55,6100001,0,user_8,6,19,75
145,47,6100001,0,user_11,2,19,75
221,48,6100001,0,user_6,3,19,75
16,57,6100000,0,user_14,0,19,
75,58,6100000,381000,user_14,1,19,
265,60,6100000,0,user_41,3,19,
243,59,6100000,0,user_25,3,19,
101,56,6100000,33300,user_40,1,19,
593,61,6100000,0,user_38,7,19,
407,74,6099999,0,user_4,5,19,75
483,77,6099999,0,user_4,6,19,75
486,66,6099999,0,user_7,6,19,75
488,67,6099999,0,user_7,6,19,75
413,76,6099999,0,user_11,5,19,75
478,68,6099999,0,user_3,6,19,75
479,69,6099999,0,user_3,6,19,75
135,71,6099999,0,user_1,2,19,75
144,70,6099999,0,user_11,2,19,75
321,73,6099999,0,user_6,4,19,75
322,72,6099999,0,user_7,4,19,75
399,75,6099999,0,user_0,5,19,75
476,65,6099999,0,user_0,6,19,75
583,88,5200000,0,user_33,7,19,
431,85,5200000,0,user_33,5,19,
417,87,5200000,16400,user_15,5,19,
517,81,5200000,0,user_33,6,19,
416,86,5200000,66100,user_13,5,19,
170,82,5200000,0,user_32,2,19,
272,83,5200000,0,user_44,3,19,
86,84,5200000,0,user_25,1,19,
595,99,5000000,0,user_40,7,18,
29,97,5000000,0,user_24,0,19,
230,99,5000000,0,user_15,3,19,
259,98,5000000,0,user_37,3,19,
251,98,5000000,13900,user_34,3,18,
328,92,5000000,0,user_12,4,18,
330,93,5000000,0,user_15,4,18,
151,96,5000000,0,user_13,2,19,
664,91,5000000,0,user_29,8,18,
166,98,4500000,5640,user_28,2,16,
647,99,4500000,0,user_17,8,16,
358,97,4500000,0,user_39,4,16,
60,96,4200000,0,user_49,0,15,
80,95,4200000,0,user_19,1,15,
78,97,4200000,139000,user_17,1,15,
600,98,4200000,0,user_43,7,15,
645,93,4200000,0,user_15,8,15,
676,94,4200000,0,user_42,8,15,
347,97,3600000,0,user_27,4,12,
659,98,3600000,0,user_24,8,12,
35,99,3500000,0,user_29,0,12,
47,94,3500000,0,user_40,0,11,
257,99,3200000,0,user_37,3,11,
365,97,3200000,0,user_47,4,10,
46,98,3200000,0,user_40,0,11,
661,95,3200000,0,user_25,8,10,
429,95,2600000,67900,user_30,5,9,
502,96,2600000,0,user_20,6,9,
15,94,2600000,0,user_11,0,9,
649,93,2600000,283000,user_18,8,9,
599,90,2500000,0,user_42,7,8,
33,98,2500000,0,user_27,0,9,
233,97,2500000,5630,user_16,3,9,
356,99,2500000,0,user_35,4,9,
501,94,2400000,0,user_18,6,8,
414,95,2300000,0,user_12,5,8,
435,96,2300000,0,user_35,5,8,
105,97,2300000,0,user_43,1,8,
354,98,2300000,0,user_33,4,8,
99,99,2300000,0,user_39,1,8,
642,10,43000000,0,user_13,8,19,
24,5,43000000,0,user_20,0,19,
11,4,43000000,0,user_9,0,19,
95,6,43000000,0,user_33,1,19,
157,3,43000000,0,user_18,2,19,
367,7,43000000,0,user_49,4,19,
574,9,43000000,0,user_23,7,19,
520,8,43000000,0,user_41,6,19,
589,17,30000000,0,user_35,7,19,
682,18,30000000,0,user_45,8,19,
505,16,30000000,0,user_22,6,19,
654,27,27000000,0,user_20,8,19,
729,28,27000000,0,user_28,9,19,
332,26,27000000,0,user_18,4,19,
100,25,27000000,0,user_39,1,19,
273,33,19000000,0,user_44,3,19,
45,34,19000000,0,user_39,0,19,
605,35,19000000,0,user_47,7,19,
508,32,19000000,0,user_24,6,19,
442,38,6300000,0,user_42,5,19,
221,48,6100001,0,user_6,3,19,75
400,51,6100001,0,user_2,5,19,75
145,47,6100001,0,user_11,2,19,75
403,52,6100001,0,user_3,5,19,75
404,53,6100001,0,user_3,5,19,75
406,54,6100001,0,user_3,5,19,75
408,49,6100001,0,user_4,5,19,75
409,50,6100001,0,user_4,5,19,75
477,41,6100001,0,user_1,6,19,75
480,44,6100001,0,user_3,6,19,75
481,45,6100001,0,user_3,6,19,75
482,46,6100001,0,user_3,6,19,75
487,42,6100001,0,user_7,6,19,75
491,43,6100001,0,user_9,6,19,75
489,55,6100001,0,user_8,6,19,75
243,59,6100000,0,user_25,3,19,
265,60,6100000,0,user_41,3,19,
16,57,6100000,0,user_14,0,19,
101,56,6100000,33300,user_40,1,19,
75,58,6100000,381000,user_14,1,19,
593,61,6100000,0,user_38,7,19,
321,73,6099999,0,user_6,4,19,75
322,72,6099999,0,user_7,4,19,75
135,71,6099999,0,user_1,2,19,75
144,70,6099999,0,user_11,2,19,75
407,74,6099999,0,user_4,5,19,75
399,75,6099999,0,user_0,5,19,75
413,76,6099999,0,user_11,5,19,75
483,77,6099999,0,user_4,6,19,75
478,68,6099999,0,user_3,6,19,75
479,69,6099999,0,user_3,6,19,75
486,66,6099999,0,user_7,6,19,75
488,67,6099999,0,user_7,6,19,75
476,65,6099999,0,user_0,6,19,75
272,83,5200000,0,user_44,3,19,
416,86,5200000,66100,user_13,5,19,
86,84,5200000,0,user_25,1,19,
170,82,5200000,0,user_32,2,19,
417,87,5200000,16400,user_15,5,19,
431,85,5200000,0,user_33,5,19,
517,81,5200000,0,user_33,6,19,
583,88,5200000,0,user_33,7,19,
664,91,5000000,0,user_29,8,18,
230,99,5000000,0,user_15,3,19,
259,98,5000000,0,user_37,3,19,
251,98,5000000,13900,user_34,3,18,
328,92,5000000,0,user_12,4,18,
330,93,5000000,0,user_15,4,18,
29,97,5000000,0,user_24,0,19,
151,96,5000000,0,user_13,2,19,
595,99,5000000,0,user_40,7,18,
734,89,5000000,0,user_32,9,18,
647,99,4500000,0,user_17,8,16,
358,97,4500000,0,user_39,4,16,
166,98,4500000,5640,user_28,2,16,
645,93,4200000,0,user_15,8,15,
676,94,4200000,0,user_42,8,15,
80,95,4200000,0,user_19,1,15,
60,96,4200000,0,user_49,0,15,
78,97,4200000,139000,user_17,1,15,
600,98,4200000,0,user_43,7,15,
739,99,4200000,0,user_34,9,15,
659,98,3600000,0,user_24,8,12,
347,97,3600000,0,user_27,4,12,
35,99,3500000,0,user_29,0,12,
47,94,3500000,0,user_40,0,11,
678,96,3500000,0,user_43,8,11,
661,95,3200000,0,user_25,8,10,
257,99,3200000,0,user_37,3,11,
365,97,3200000,0,user_47,4,10,
46,98,3200000,0,user_40,0,11,
727,94,3200000,0,user_23,9,10,
719,92,3200000,34700,user_14,9,9,
649,93,2600000,283000,user_18,8,9,
15,94,2600000,0,user_11,0,9,
429,95,2600000,67900,user_30,5,9,
502,96,2600000,0,user_20,6,9,
233,97,2500000,5630,user_16,3,9,
33,98,2500000,0,user_27,0,9,
356,99,2500000,0,user_35,4,9,
367,7,43000000,0,user_49,4,19,
95,6,43000000,0,user_33,1,19,
11,4,43000000,0,user_9,0,19,
24,5,43000000,0,user_20,0,19,
157,3,43000000,0,user_18,2,19,
520,8,43000000,0,user_41,6,19,
574,9,43000000,0,user_23,7,19,
642,10,43000000,0,user_13,8,19,
589,17,30000000,0,user_35,7,19,
682,18,30000000,0,user_45,8,19,
505,16,30000000,0,user_22,6,19,
808,15,30000000,0,user_30,10,19,
729,28,27000000,0,user_28,9,19,
654,27,27000000,0,user_20,8,19,
794,24,27000000,0,user_19,10,19,
332,26,27000000,0,user_18,4,19,
100,25,27000000,0,user_39,1,19,
805,30,19000000,0,user_28,10,19,
45,34,19000000,0,user_39,0,19,
273,33,19000000,0,user_44,3,19,
508,32,19000000,0,user_24,6,19,
605,35,19000000,0,user_47,7,19,
822,31,19000000,0,user_40,10,19,
442,38,6300000,0,user_42,5,19,
408,49,6100001,0,user_4,5,19,75
409,50,6100001,0,user_4,5,19,75
400,51,6100001,0,user_2,5,19,75
403,52,6100001,0,user_3,5,19,75
404,53,6100001,0,user_3,5,19,75
406,54,6100001,0,user_3,5,19,75
145,47,6100001,0,user_11,2,19,75
221,48,6100001,0,user_6,3,19,75
480,44,6100001,0,user_3,6,19,75
481,45,6100001,0,user_3,6,19,75
482,46,6100001,0,user_3,6,19,75
477,41,6100001,0,user_1,6,19,75
487,42,6100001,0,user_7,6,19,75
489,55,6100001,0,user_8,6,19,75
491,43,6100001,0,user_9,6,19,75
593,61,6100000,0,user_38,7,19,
101,56,6100000,33300,user_40,1,19,
16,57,6100000,0,user_14,0,19,
75,58,6100000,381000,user_14,1,19,
243,59,6100000,0,user_25,3,19,
265,60,6100000,0,user_41,3,19,
322,72,6099999,0,user_7,4,19,75
407,74,6099999,0,user_4,5,19,75
399,75,6099999,0,user_0,5,19,75
413,76,6099999,0,user_11,5,19,75
483,77,6099999,0,user_4,6,19,75
135,71,6099999,0,user_1,2,19,75
144,70,6099999,0,user_11,2,19,75
321,73,6099999,0,user_6,4,19,75
478,68,6099999,0,user_3,6,19,75
479,69,6099999,0,user_3,6,19,75
486,66,6099999,0,user_7,6,19,75
488,67,6099999,0,user_7,6,19,75
476,65,6099999,0,user_0,6,19,75
431,85,5200000,0,user_33,5,19,
417,87,5200000,16400,user_15,5,19,
86,84,5200000,0,user_25,1,19,
170,82,5200000,0,user_32,2,19,
272,83,5200000,0,user_44,3,19,
517,81,5200000,0,user_33,6,19,
583,88,5200000,0,user_33,7,19,
416,86,5200000,66100,user_13,5,19,
734,89,5000000,0,user_32,9,18,
750,95,5000000,0,user_43,9,19,
664,91,5000000,0,user_29,8,18,
328,92,5000000,0,user_12,4,18,
330,93,5000000,0,user_15,4,18,
151,96,5000000,0,user_13,2,19,
29,97,5000000,0,user_24,0,19,
230,99,5000000,0,user_15,3,19,
259,98,5000000,0,user_37,3,19,
251,98,5000000,13900,user_34,3,18,
595,99,5000000,0,user_40,7,18,
820,94,5000000,0,user_40,10,19,
647,99,4500000,0,user_17,8,16,
166,98,4500000,5640,user_28,2,16,
358,97,4500000,0,user_39,4,16,
739,99,4200000,0,user_34,9,15,
645,93,4200000,0,user_15,8,15,
600,98,4200000,0,user_43,7,15,
676,94,4200000,0,user_42,8,15,
60,96,4200000,0,user_49,0,15,
80,95,4200000,0,user_19,1,15,
78,97,4200000,139000,user_17,1,15,
818,98,4200000,0,user_39,10,13,
659,98,3600000,0,user_24,8,12,
347,97,3600000,0,user_27,4,12,
678,96,3500000,0,user_43,8,11,
47,94,3500000,0,user_40,0,11,
35,99,3500000,0,user_29,0,12,
727,94,3200000,0,user_23,9,10,
661,95,3200000,0,user_25,8,10,
795,97,3200000,0,user_20,10,11,
365,97,3200000,0,user_47,4,10,
46,98,3200000,0,user_40,0,11,
257,99,3200000,0,user_37,3,11,
157,3,43000000,0,user_18,2,19,
11,4,43000000,0,user_9,0,19,
24,5,43000000,0,user_20,0,19,
95,6,43000000,0,user_33,1,19,
367,7,43000000,0,user_49,4,19,
520,8,43000000,0,user_41,6,19,
574,9,43000000,0,user_23,7,19,
642,10,43000000,0,user_13,8,19,
808,15,30000000,0,user_30,10,19,
505,16,30000000,0,user_22,6,19,
589,17,30000000,0,user_35,7,19,
682,18,30000000,0,user_45,8,19,
794,24,27000000,0,user_19,10,19,
100,25,27000000,0,user_39,1,19,
332,26,27000000,0,user_18,4,19,
654,27,27000000,0,user_20,8,19,
729,28,27000000,0,user_28,9,19,
805,30,19000000,0,user_28,10,19,
822,31,19000000,0,user_40,10,19,
508,32,19000000,0,user_24,6,19,
273,33,19000000,0,user_44,3,19,
45,34,19000000,0,user_39,0,19,
605,35,19000000,0,user_47,7,19,
442,38,6300000,0,user_42,5,19,
903,39,6300000,0,user_46,11,19,
477,41,6100001,0,user_1,6,19,75
487,42,6100001,0,user_7,6,19,75
491,43,6100001,0,user_9,6,19,75
480,44,6100001,0,user_3,6,19,75
481,45,6100001,0,user_3,6,19,75
482,46,6100001,0,user_3,6,19,75
145,47,6100001,0,user_11,2,19,75
221,48,6100001,0,user_6,3,19,75
408,49,6100001,0,user_4,5,19,75
409,50,6100001,0,user_4,5,19,75
400,51,6100001,0,user_2,5,19,75
403,52,6100001,0,user_3,5,19,75
404,53,6100001,0,user_3,5,19,75
406,54,6100001,0,user_3,5,19,75
489,55,6100001,0,user_8,6,19,75
101,56,6100000,33300,user_40,1,19,
16,57,6100000,0,user_14,0,19,
75,58,6100000,381000,user_14,1,19,
243,59,6100000,0,user_25,3,19,
265,60,6100000,0,user_41,3,19,
593,61,6100000,0,user_38,7,19,
476,65,6099999,0,user_0,6,19,75
486,66,6099999,0,user_7,6,19,75
488,67,6099999,0,user_7,6,19,75
478,68,6099999,0,user_3,6,19,75
479,69,6099999,0,user_3,6,19,75
144,70,6099999,0,user_11,2,19,75
135,71,6099999,0,user_1,2,19,75
322,72,6099999,0,user_7,4,19,75
321,73,6099999,0,user_6,4,19,75
407,74,6099999,0,user_4,5,19,75
399,75,6099999,0,user_0,5,19,75
413,76,6099999,0,user_11,5,19,75
483,77,6099999,0,user_4,6,19,75
517,81,5200000,0,user_33,6,19,
170,82,5200000,0,user_32,2,19,
272,83,5200000,0,user_44,3,19,
86,84,5200000,0,user_25,1,19,
431,85,5200000,0,user_33,5,19,
416,86,5200000,66100,user_13,5,19,
417,87,5200000,16400,user_15,5,19,
583,88,5200000,0,user_33,7,19,
820,94,5000000,0,user_40,10,19,
750,95,5000000,0,user_43,9,19,
151,96,5000000,0,user_13,2,19,
29,97,5000000,0,user_24,0,19,
259,98,5000000,0,user_37,3,19,
230,99,5000000,0,user_15,3,19,
251,98,5000000,13900,user_34,3,18,
328,92,5000000,0,user_12,4,18,
330,93,5000000,0,user_15,4,18,
595,99,5000000,0,user_40,7,18,
664,91,5000000,0,user_29,8,18,
734,89,5000000,0,user_32,9,18,
814,92,5000000,215000,user_35,10,17,
166,98,4500000,5640,user_28,2,16,
358,97,4500000,0,user_39,4,16,
647,99,4500000,0,user_17,8,16,
818,98,4200000,0,user_39,10,13,
60,96,4200000,0,user_49,0,15,
78,97,4200000,139000,user_17,1,15,
80,95,4200000,0,user_19,1,15,
600,98,4200000,0,user_43,7,15,
645,93,4200000,0,user_15,8,15,
676,94,4200000,0,user_42,8,15,
739,99,4200000,0,user_34,9,15,
871,99,4200000,0,user_18,11,13,
347,97,3600000,0,user_27,4,12,
659,98,3600000,0,user_24,8,12,
47,94,3500000,0,user_40,0,11,
35,99,3500000,0,user_29,0,12,
678,96,3500000,0,user_43,8,11,
795,97,3200000,0,user_20,10,11,
46,98,3200000,0,user_40,0,11,
257,99,3200000,0,user_37,3,11,
367,7,43000000,0,user_49,4,19,
520,8,43000000,0,user_41,6,19,
574,9,43000000,0,user_23,7,19,
642,10,43000000,0,user_13,8,19,
24,5,43000000,0,user_20,0,19,
11,4,43000000,0,user_9,0,19,
95,6,43000000,0,user_33,1,19,
157,3,43000000,0,user_18,2,19,
505,16,30000000,0,user_22,6,19,
682,18,30000000,0,user_45,8,19,
589,17,30000000,0,user_35,7,19,
808,15,30000000,0,user_30,10,19,
952,14,30000000,12300,user_18,12,19,
958,13,30000000,0,user_23,12,19,
332,26,27000000,0,user_18,4,19,
654,27,27000000,0,user_20,8,19,
100,25,27000000,0,user_39,1,19,
729,28,27000000,0,user_28,9,19,
794,24,27000000,0,user_19,10,19,
508,32,19000000,0,user_24,6,19,
605,35,19000000,0,user_47,7,19,
273,33,19000000,0,user_44,3,19,
45,34,19000000,0,user_39,0,19,
805,30,19000000,0,user_28,10,19,
822,31,19000000,0,user_40,10,19,
903,39,6300000,0,user_46,11,19,
442,38,6300000,0,user_42,5,19,
403,52,6100001,0,user_3,5,19,75
404,53,6100001,0,user_3,5,19,75
406,54,6100001,0,user_3,5,19,75
408,49,6100001,0,user_4,5,19,75
409,50,6100001,0,user_4,5,19,75
477,41,6100001,0,user_1,6,19,75
480,44,6100001,0,user_3,6,19,75
481,45,6100001,0,user_3,6,19,75
482,46,6100001,0,user_3,6,19,75
400,51,6100001,0,user_2,5,19,75
487,42,6100001,0,user_7,6,19,75
489,55,6100001,0,user_8,6,19,75
491,43,6100001,0,user_9,6,19,75
221,48,6100001,0,user_6,3,19,75
145,47,6100001,0,user_11,2,19,75
593,61,6100000,0,user_38,7,19,
243,59,6100000,0,user_25,3,19,
265,60,6100000,0,user_41,3,19,
16,57,6100000,0,user_14,0,19,
75,58,6100000,381000,user_14,1,19,
101,56,6100000,33300,user_40,1,19,
407,74,6099999,0,user_4,5,19,75
413,76,6099999,0,user_11,5,19,75
478,68,6099999,0,user_3,6,19,75
479,69,6099999,0,user_3,6,19,75
486,66,6099999,0,user_7,6,19,75
488,67,6099999,0,user_7,6,19,75
483,77,6099999,0,user_4,6,19,75
322,72,6099999,0,user_7,4,19,75
321,73,6099999,0,user_6,4,19,75
399,75,6099999,0,user_0,5,19,75
476,65,6099999,0,user_0,6,19,75
135,71,6099999,0,user_1,2,19,75
144,70,6099999,0,user_11,2,19,75
416,86,5200000,66100,user_13,5,19,
417,87,5200000,16400,user_15,5,19,
431,85,5200000,0,user_33,5,19,
517,81,5200000,0,user_33,6,19,
583,88,5200000,0,user_33,7,19,
272,83,5200000,0,user_44,3,19,
86,84,5200000,0,user_25,1,19,
170,82,5200000,0,user_32,2,19,
814,92,5000000,215000,user_35,10,17,
595,99,5000000,0,user_40,7,18,
328,92,5000000,0,user_12,4,18,
330,93,5000000,0,user_15,4,18,
230,99,5000000,0,user_15,3,19,
259,98,5000000,0,user_37,3,19,
251,98,5000000,13900,user_34,3,18,
29,97,5000000,0,user_24,0,19,
151,96,5000000,0,user_13,2,19,
664,91,5000000,0,user_29,8,18,
750,95,5000000,0,user_43,9,19,
734,89,5000000,0,user_32,9,18,
820,94,5000000,0,user_40,10,19,
951,91,5000000,0,user_17,12,19,
358,97,4500000,0,user_39,4,16,
166,98,4500000,5640,user_28,2,16,
647,99,4500000,0,user_17,8,16,
871,99,4200000,0,user_18,11,13,
600,98,4200000,0,user_43,7,15,
60,96,4200000,0,user_49,0,15,
