id,position,gas_fee,mev_potential,creator_id,created_at,included_at,target_tx
11,0,43000000,0,user_9,0,19,
15,49,2600000,0,user_11,0,19,
10,61,2000000,0,user_8,0,19,
63,62,2000000,0,user_47,0,19,
13,95,1100000,0,user_11,0,10,
99,5,370001,0,builder_14,0,0,61
61,94,370000,594000,user_45,0,9,
100,7,660001,0,builder_14,0,0,5
5,82,660000,14200,user_4,0,6,
6,96,660001,0,user_5,0,8,5
8,97,660001,0,user_5,0,8,5
17,99,660001,0,user_14,0,8,5
19,94,660001,0,user_15,0,7,5
21,86,660001,0,user_17,0,7,5
23,87,660001,0,user_18,0,7,5
24,88,660001,0,user_18,0,7,5
25,89,660001,0,user_18,0,7,5
29,91,660001,0,user_22,0,7,5
41,97,660001,0,user_33,0,7,5
42,98,660001,0,user_33,0,7,5
31,92,660001,0,user_25,0,7,5
32,93,660001,0,user_25,0,7,5
35,95,660001,0,user_27,0,7,5
52,99,660001,0,user_40,0,7,5
27,98,660001,0,user_19,0,8,5
37,90,660001,0,user_28,0,7,5
48,96,660001,0,user_38,0,7,5
60,97,660001,0,user_44,0,5,5
7,76,659999,0,user_5,0,3,5
16,75,659999,0,user_14,0,3,5
22,78,659999,0,user_18,0,3,5
26,79,659999,0,user_18,0,3,5
33,80,659999,0,user_26,0,3,5
34,81,659999,0,user_26,0,3,5
36,77,659999,0,user_27,0,3,5
46,82,659999,0,user_36,0,3,5
43,83,659999,0,user_34,0,3,5
44,84,659999,0,user_34,0,3,5
49,85,659999,0,user_38,0,3,5
53,86,659999,0,user_41,0,3,5
54,87,659999,0,user_41,0,3,5
59,88,659999,0,user_44,0,3,5
64,89,460000,0,user_48,0,2,
12,81,310000,0,user_11,0,1,
4,82,260000,0,user_4,0,1,
14,83,220000,0,user_11,0,1,
1,84,150000,39400,user_1,0,1,
101,47,149999,0,builder_14,0,0,1
9,87,150001,0,user_7,0,1,1
2,88,150001,0,user_2,0,1,1
18,89,150001,0,user_15,0,1,1
47,90,150001,0,user_36,0,1,1
45,91,150001,0,user_35,0,1,1
51,92,150001,0,user_40,0,1,1
38,93,150001,0,user_29,0,1,1
3,55,149999,0,user_3,0,0,1
20,56,149999,0,user_16,0,0,1
30,57,149999,0,user_23,0,0,1
39,58,149999,0,user_30,0,0,1
28,59,149999,0,user_20,0,0,1
40,60,149999,0,user_31,0,0,1
0,61,80000,0,user_1,0,0,
11,0,43000000,0,user_9,0,19,
15,49,2600000,0,user_11,0,19,
10,61,2000000,0,user_8,0,19,
63,62,2000000,0,user_47,0,19,
181,4,360001,0,builder_10,1,1,143
143,90,360000,769000,user_47,1,9,
13,95,1100000,0,user_11,0,10,
182,7,370001,0,builder_10,1,1,61
61,94,370000,594000,user_45,0,9,
5,82,660000,14200,user_4,0,6,
183,10,659999,0,builder_10,1,1,5
6,96,660001,0,user_5,0,8,5
8,97,660001,0,user_5,0,8,5
17,99,660001,0,user_14,0,8,5
19,94,660001,0,user_15,0,7,5
21,86,660001,0,user_17,0,7,5
23,87,660001,0,user_18,0,7,5
24,88,660001,0,user_18,0,7,5
25,89,660001,0,user_18,0,7,5
29,91,660001,0,user_22,0,7,5
41,97,660001,0,user_33,0,7,5
42,98,660001,0,user_33,0,7,5
31,92,660001,0,user_25,0,7,5
32,93,660001,0,user_25,0,7,5
35,95,660001,0,user_27,0,7,5
52,99,660001,0,user_40,0,7,5
27,98,660001,0,user_19,0,8,5
37,90,660001,0,user_28,0,7,5
48,96,660001,0,user_38,0,7,5
60,97,660001,0,user_44,0,5,5
55,98,660001,0,user_42,0,5,5
56,99,660001,0,user_43,0,5,5
57,94,660001,0,user_43,0,4,5
125,95,660001,0,user_29,1,4,5
119,96,660001,0,user_23,1,4,5
121,97,660001,0,user_26,1,4,5
127,98,660001,0,user_31,1,4,5
131,99,660001,0,user_36,1,4,5
133,62,660001,0,user_38,1,3,5
138,63,660001,0,user_41,1,3,5
132,65,660001,0,user_37,1,3,5
7,76,659999,0,user_5,0,3,5
16,75,659999,0,user_14,0,3,5
22,78,659999,0,user_18,0,3,5
26,79,659999,0,user_18,0,3,5
33,80,659999,0,user_26,0,3,5
34,81,659999,0,user_26,0,3,5
36,77,659999,0,user_27,0,3,5
46,82,659999,0,user_36,0,3,5
43,83,659999,0,user_34,0,3,5
44,84,659999,0,user_34,0,3,5
49,85,659999,0,user_38,0,3,5
53,86,659999,0,user_41,0,3,5
54,87,659999,0,user_41,0,3,5
59,88,659999,0,user_44,0,3,5
58,89,659999,0,user_43,0,3,5
116,90,659999,0,user_18,1,3,5
128,91,659999,0,user_33,1,3,5
136,92,659999,0,user_40,1,3,5
129,93,659999,0,user_34,1,3,5
117,94,659999,0,user_19,1,3,5
137,95,659999,0,user_41,1,3,5
140,96,659999,0,user_44,1,3,5
64,89,460000,0,user_48,0,2,
103,91,370001,0,user_2,1,2,61
124,96,370001,0,user_29,1,2,61
126,97,370001,0,user_29,1,2,61
114,94,370001,0,user_15,1,2,61
105,90,370001,0,user_4,1,2,61
108,92,370001,0,user_5,1,2,61
120,93,370001,0,user_25,1,2,61
130,95,370001,0,user_35,1,2,61
104,99,369999,0,user_3,1,2,61
111,73,369999,0,user_7,1,1,61
112,74,369999,0,user_10,1,1,61
122,75,369999,0,user_29,1,1,61
123,76,369999,0,user_29,1,1,61
102,77,369999,0,user_0,1,1,61
113,78,369999,0,user_11,1,1,61
107,98,369999,0,user_4,1,2,61
110,80,369999,0,user_6,1,1,61
12,81,310000,0,user_11,0,1,
4,82,260000,0,user_4,0,1,
14,83,220000,0,user_11,0,1,
1,84,150000,39400,user_1,0,1,
184,85,149999,0,builder_10,1,1,1
62,86,160000,0,user_46,0,1,
9,87,150001,0,user_7,0,1,1
2,88,150001,0,user_2,0,1,1
18,89,150001,0,user_15,0,1,1
47,90,150001,0,user_36,0,1,1
45,91,150001,0,user_35,0,1,1
51,92,150001,0,user_40,0,1,1
38,93,150001,0,user_29,0,1,1
115,94,150001,0,user_17,1,1,1
106,95,150001,0,user_4,1,1,1
109,96,150001,0,user_6,1,1,1
118,97,150001,0,user_22,1,1,1
135,98,150001,0,user_40,1,1,1
141,99,150000,0,user_45,1,1,
11,0,43000000,0,user_9,0,19,
313,1,30000001,0,builder_14,2,2,250
250,14,30000000,139000,user_48,2,19,
145,38,27000000,0,user_49,1,19,
247,48,3500000,0,user_48,2,19,
15,49,2600000,0,user_11,0,19,
142,52,2500000,0,user_46,1,19,
10,61,2000000,0,user_8,0,19,
63,62,2000000,0,user_47,0,19,
245,60,2000000,0,user_47,2,19,
143,90,360000,769000,user_47,1,9,
314,11,359999,0,builder_14,2,2,143
13,95,1100000,0,user_11,0,10,
315,13,370001,0,builder_14,2,2,61
61,94,370000,594000,user_45,0,9,
316,15,660001,0,builder_14,2,2,5
5,82,660000,14200,user_4,0,6,
17,99,660001,0,user_14,0,8,5
6,96,660001,0,user_5,0,8,5
8,97,660001,0,user_5,0,8,5
19,94,660001,0,user_15,0,7,5
21,86,660001,0,user_17,0,7,5
35,95,660001,0,user_27,0,7,5
41,97,660001,0,user_33,0,7,5
42,98,660001,0,user_33,0,7,5
23,87,660001,0,user_18,0,7,5
24,88,660001,0,user_18,0,7,5
25,89,660001,0,user_18,0,7,5
29,91,660001,0,user_22,0,7,5
31,92,660001,0,user_25,0,7,5
32,93,660001,0,user_25,0,7,5
52,99,660001,0,user_40,0,7,5
27,98,660001,0,user_19,0,8,5
37,90,660001,0,user_28,0,7,5
48,96,660001,0,user_38,0,7,5
60,97,660001,0,user_44,0,5,5
55,98,660001,0,user_42,0,5,5
56,99,660001,0,user_43,0,5,5
57,94,660001,0,user_43,0,4,5
121,97,660001,0,user_26,1,4,5
119,96,660001,0,user_23,1,4,5
127,98,660001,0,user_31,1,4,5
131,99,660001,0,user_36,1,4,5
133,62,660001,0,user_38,1,3,5
138,63,660001,0,user_41,1,3,5
125,95,660001,0,user_29,1,4,5
132,65,660001,0,user_37,1,3,5
216,88,660001,0,user_16,2,8,5
206,87,660001,0,user_8,2,8,5
230,90,660001,0,user_30,2,8,5
220,91,660001,0,user_21,2,8,5
223,92,660001,0,user_24,2,8,5
226,93,660001,0,user_24,2,8,5
232,89,660001,0,user_32,2,8,5
16,75,659999,0,user_14,0,3,5
7,76,659999,0,user_5,0,3,5
36,77,659999,0,user_27,0,3,5
22,78,659999,0,user_18,0,3,5
26,79,659999,0,user_18,0,3,5
33,80,659999,0,user_26,0,3,5
34,81,659999,0,user_26,0,3,5
46,82,659999,0,user_36,0,3,5
43,83,659999,0,user_34,0,3,5
44,84,659999,0,user_34,0,3,5
49,85,659999,0,user_38,0,3,5
53,86,659999,0,user_41,0,3,5
54,87,659999,0,user_41,0,3,5
59,88,659999,0,user_44,0,3,5
58,89,659999,0,user_43,0,3,5
116,90,659999,0,user_18,1,3,5
128,91,659999,0,user_33,1,3,5
136,92,659999,0,user_40,1,3,5
129,93,659999,0,user_34,1,3,5
117,94,659999,0,user_19,1,3,5
137,95,659999,0,user_41,1,3,5
140,96,659999,0,user_44,1,3,5
134,97,659999,0,user_39,1,3,5
200,98,659999,0,user_1,2,3,5
203,99,659999,0,user_3,2,3,5
211,79,659999,0,user_13,2,2,5
212,80,659999,0,user_13,2,2,5
218,81,659999,0,user_18,2,2,5
207,82,659999,0,user_8,2,2,5
231,83,659999,0,user_31,2,2,5
236,84,659999,0,user_40,2,2,5
317,85,110001,0,builder_14,2,2,246
246,86,110000,510000,user_48,2,2,
144,87,220000,322000,user_48,1,2,
318,88,219999,0,builder_14,2,2,144
64,89,460000,0,user_48,0,2,
105,90,370001,0,user_4,1,2,61
103,91,370001,0,user_2,1,2,61
108,92,370001,0,user_5,1,2,61
120,93,370001,0,user_25,1,2,61
114,94,370001,0,user_15,1,2,61
130,95,370001,0,user_35,1,2,61
124,96,370001,0,user_29,1,2,61
126,97,370001,0,user_29,1,2,61
107,98,369999,0,user_4,1,2,61
104,99,369999,0,user_3,1,2,61
11,0,43000000,0,user_9,0,19,
434,1,30000001,0,builder_10,3,3,250
250,14,30000000,139000,user_48,2,19,
322,2,30000001,0,user_3,3,19,250
324,1,30000001,0,user_5,3,19,250
357,8,30000001,0,user_29,3,19,250
334,5,30000001,0,user_15,3,19,250
337,3,30000001,0,user_17,3,19,250
342,4,30000001,0,user_18,3,19,250
330,17,29999999,0,user_12,3,19,250
333,19,29999999,0,user_14,3,19,250
332,16,29999999,0,user_13,3,19,250
340,20,29999999,0,user_18,3,19,250
341,21,29999999,0,user_18,3,19,250
343,18,29999999,0,user_19,3,19,250
363,22,29999999,0,user_34,3,19,250
358,30,29999999,0,user_30,3,19,250
362,35,29999999,0,user_33,3,19,250
145,38,27000000,0,user_49,1,19,
242,44,6100000,0,user_46,2,19,
435,20,5000001,0,builder_10,3,3,385
385,46,5000000,12300,user_47,3,19,
247,48,3500000,0,user_48,2,19,
15,49,2600000,0,user_11,0,19,
142,52,2500000,0,user_46,1,19,
383,56,2400000,0,user_45,3,19,
10,61,2000000,0,user_8,0,19,
63,62,2000000,0,user_47,0,19,
245,60,2000000,0,user_47,2,19,
436,29,360001,0,builder_10,3,3,143
143,90,360000,769000,user_47,1,9,
13,95,1100000,0,user_11,0,10,
61,94,370000,594000,user_45,0,9,
437,33,369999,0,builder_10,3,3,61
438,34,660001,0,builder_10,3,3,5
5,82,660000,14200,user_4,0,6,
17,99,660001,0,user_14,0,8,5
6,96,660001,0,user_5,0,8,5
8,97,660001,0,user_5,0,8,5
19,94,660001,0,user_15,0,7,5
21,86,660001,0,user_17,0,7,5
35,95,660001,0,user_27,0,7,5
41,97,660001,0,user_33,0,7,5
42,98,660001,0,user_33,0,7,5
23,87,660001,0,user_18,0,7,5
24,88,660001,0,user_18,0,7,5
25,89,660001,0,user_18,0,7,5
29,91,660001,0,user_22,0,7,5
31,92,660001,0,user_25,0,7,5
32,93,660001,0,user_25,0,7,5
52,99,660001,0,user_40,0,7,5
27,98,660001,0,user_19,0,8,5
37,90,660001,0,user_28,0,7,5
48,96,660001,0,user_38,0,7,5
60,97,660001,0,user_44,0,5,5
55,98,660001,0,user_42,0,5,5
56,99,660001,0,user_43,0,5,5
57,94,660001,0,user_43,0,4,5
121,97,660001,0,user_26,1,4,5
119,96,660001,0,user_23,1,4,5
127,98,660001,0,user_31,1,4,5
131,99,660001,0,user_36,1,4,5
133,62,660001,0,user_38,1,3,5
138,63,660001,0,user_41,1,3,5
125,95,660001,0,user_29,1,4,5
132,65,660001,0,user_37,1,3,5
216,88,660001,0,user_16,2,8,5
206,87,660001,0,user_8,2,8,5
230,90,660001,0,user_30,2,8,5
220,91,660001,0,user_21,2,8,5
223,92,660001,0,user_24,2,8,5
226,93,660001,0,user_24,2,8,5
232,89,660001,0,user_32,2,8,5
219,99,660001,0,user_19,2,10,5
240,95,660001,0,user_43,2,8,5
16,75,659999,0,user_14,0,3,5
7,76,659999,0,user_5,0,3,5
36,77,659999,0,user_27,0,3,5
22,78,659999,0,user_18,0,3,5
26,79,659999,0,user_18,0,3,5
33,80,659999,0,user_26,0,3,5
34,81,659999,0,user_26,0,3,5
46,82,659999,0,user_36,0,3,5
43,83,659999,0,user_34,0,3,5
44,84,659999,0,user_34,0,3,5
49,85,659999,0,user_38,0,3,5
53,86,659999,0,user_41,0,3,5
54,87,659999,0,user_41,0,3,5
59,88,659999,0,user_44,0,3,5
58,89,659999,0,user_43,0,3,5
116,90,659999,0,user_18,1,3,5
128,91,659999,0,user_33,1,3,5
136,92,659999,0,user_40,1,3,5
129,93,659999,0,user_34,1,3,5
117,94,659999,0,user_19,1,3,5
137,95,659999,0,user_41,1,3,5
140,96,659999,0,user_44,1,3,5
134,97,659999,0,user_39,1,3,5
200,98,659999,0,user_1,2,3,5
203,99,659999,0,user_3,2,3,5
11,0,43000000,0,user_9,0,19,
582,1,30000001,0,builder_10,4,4,250
250,14,30000000,139000,user_48,2,19,
324,1,30000001,0,user_5,3,19,250
322,2,30000001,0,user_3,3,19,250
334,5,30000001,0,user_15,3,19,250
337,3,30000001,0,user_17,3,19,250
342,4,30000001,0,user_18,3,19,250
354,6,30000001,0,user_25,3,19,250
348,7,30000001,0,user_24,3,19,250
366,9,30000001,0,user_36,3,19,250
373,10,30000001,0,user_40,3,19,250
374,11,30000001,0,user_40,3,19,250
380,12,30000001,0,user_42,3,19,250
357,8,30000001,0,user_29,3,19,250
333,19,29999999,0,user_14,3,19,250
332,16,29999999,0,user_13,3,19,250
340,20,29999999,0,user_18,3,19,250
341,21,29999999,0,user_18,3,19,250
330,17,29999999,0,user_12,3,19,250
343,18,29999999,0,user_19,3,19,250
363,22,29999999,0,user_34,3,19,250
358,30,29999999,0,user_30,3,19,250
362,35,29999999,0,user_33,3,19,250
356,29,29999999,0,user_27,3,19,250
353,23,29999999,0,user_25,3,19,250
355,24,29999999,0,user_26,3,19,250
349,26,29999999,0,user_24,3,19,250
351,27,29999999,0,user_24,3,19,250
364,28,29999999,0,user_35,3,19,250
359,31,29999999,0,user_31,3,19,250
365,32,29999999,0,user_36,3,19,250
370,33,29999999,0,user_40,3,19,250
372,34,29999999,0,user_40,3,19,250
360,25,29999999,0,user_32,3,19,250
375,36,29999999,0,user_41,3,19,250
463,37,29999999,0,user_0,4,19,250
507,39,27000000,33100,user_45,4,19,
583,38,26999999,0,builder_10,4,4,507
145,38,27000000,0,user_49,1,19,
386,96,1500000,17700000,user_48,3,15,
584,41,1499999,0,builder_10,4,4,386
242,44,6100000,0,user_46,2,19,
385,46,5000000,12300,user_47,3,19,
585,44,4999999,0,builder_10,4,4,385
247,48,3500000,0,user_48,2,19,
15,49,2600000,0,user_11,0,19,
142,52,2500000,0,user_46,1,19,
383,56,2400000,0,user_45,3,19,
10,61,2000000,0,user_8,0,19,
63,62,2000000,0,user_47,0,19,
245,60,2000000,0,user_47,2,19,
472,94,1500001,0,user_10,4,19,386
466,92,1500001,0,user_5,4,19,386
477,93,1500001,0,user_16,4,19,386
481,95,1500001,0,user_21,4,19,386
490,96,1500001,0,user_29,4,19,386
465,97,1499999,0,user_3,4,12,386
469,94,1499999,0,user_7,4,12,386
473,95,1499999,0,user_12,4,12,386
474,96,1499999,0,user_12,4,12,386
471,96,1499999,0,user_9,4,11,386
470,99,1499999,0,user_8,4,12,386
468,98,1499999,0,user_6,4,12,386
586,64,360001,0,builder_10,4,4,143
143,90,360000,769000,user_47,1,9,
13,95,1100000,0,user_11,0,10,
587,67,370001,0,builder_10,4,4,61
61,94,370000,594000,user_45,0,9,
387,97,670000,19700,user_48,3,10,
588,70,669999,0,builder_10,4,4,387
589,71,660001,0,builder_10,4,4,5
5,82,660000,14200,user_4,0,6,
6,96,660001,0,user_5,0,8,5
8,97,660001,0,user_5,0,8,5
27,98,660001,0,user_19,0,8,5
17,99,660001,0,user_14,0,8,5
21,86,660001,0,user_17,0,7,5
23,87,660001,0,user_18,0,7,5
24,88,660001,0,user_18,0,7,5
25,89,660001,0,user_18,0,7,5
37,90,660001,0,user_28,0,7,5
29,91,660001,0,user_22,0,7,5
19,94,660001,0,user_15,0,7,5
41,97,660001,0,user_33,0,7,5
42,98,660001,0,user_33,0,7,5
31,92,660001,0,user_25,0,7,5
32,93,660001,0,user_25,0,7,5
35,95,660001,0,user_27,0,7,5
52,99,660001,0,user_40,0,7,5
48,96,660001,0,user_38,0,7,5
60,97,660001,0,user_44,0,5,5
55,98,660001,0,user_42,0,5,5
56,99,660001,0,user_43,0,5,5
57,94,660001,0,user_43,0,4,5
125,95,660001,0,user_29,1,4,5
119,96,660001,0,user_23,1,4,5
121,97,660001,0,user_26,1,4,5
127,98,660001,0,user_31,1,4,5
131,99,660001,0,user_36,1,4,5
11,0,43000000,0,user_9,0,19,
250,14,30000000,139000,user_48,2,19,
738,2,29999999,0,builder_10,5,5,250
322,2,30000001,0,user_3,3,19,250
324,1,30000001,0,user_5,3,19,250
354,6,30000001,0,user_25,3,19,250
337,3,30000001,0,user_17,3,19,250
342,4,30000001,0,user_18,3,19,250
348,7,30000001,0,user_24,3,19,250
357,8,30000001,0,user_29,3,19,250
334,5,30000001,0,user_15,3,19,250
366,9,30000001,0,user_36,3,19,250
373,10,30000001,0,user_40,3,19,250
374,11,30000001,0,user_40,3,19,250
380,12,30000001,0,user_42,3,19,250
333,19,29999999,0,user_14,3,19,250
353,23,29999999,0,user_25,3,19,250
355,24,29999999,0,user_26,3,19,250
332,16,29999999,0,user_13,3,19,250
340,20,29999999,0,user_18,3,19,250
341,21,29999999,0,user_18,3,19,250
349,26,29999999,0,user_24,3,19,250
351,27,29999999,0,user_24,3,19,250
364,28,29999999,0,user_35,3,19,250
330,17,29999999,0,user_12,3,19,250
356,29,29999999,0,user_27,3,19,250
358,30,29999999,0,user_30,3,19,250
359,31,29999999,0,user_31,3,19,250
365,32,29999999,0,user_36,3,19,250
370,33,29999999,0,user_40,3,19,250
372,34,29999999,0,user_40,3,19,250
360,25,29999999,0,user_32,3,19,250
362,35,29999999,0,user_33,3,19,250
363,22,29999999,0,user_34,3,19,250
343,18,29999999,0,user_19,3,19,250
375,36,29999999,0,user_41,3,19,250
463,37,29999999,0,user_0,4,19,250
507,39,27000000,33100,user_45,4,19,
739,38,26999999,0,builder_10,5,5,507
145,38,27000000,0,user_49,1,19,
386,96,1500000,17700000,user_48,3,15,
740,41,1499999,0,builder_10,5,5,386
242,44,6100000,0,user_46,2,19,
741,43,5000001,0,builder_10,5,5,385
385,46,5000000,12300,user_47,3,19,
509,47,4500000,0,user_48,4,19,
247,48,3500000,0,user_48,2,19,
15,49,2600000,0,user_11,0,19,
142,52,2500000,0,user_46,1,19,
383,56,2400000,0,user_45,3,19,
10,61,2000000,0,user_8,0,19,
63,62,2000000,0,user_47,0,19,
245,60,2000000,0,user_47,2,19,
466,92,1500001,0,user_5,4,19,386
477,93,1500001,0,user_16,4,19,386
472,94,1500001,0,user_10,4,19,386
481,95,1500001,0,user_21,4,19,386
490,96,1500001,0,user_29,4,19,386
634,97,1500001,0,user_14,5,19,386
635,98,1500001,0,user_14,5,19,386
640,87,1500001,0,user_21,5,18,386
469,94,1499999,0,user_7,4,12,386
471,96,1499999,0,user_9,4,11,386
465,97,1499999,0,user_3,4,12,386
473,95,1499999,0,user_12,4,12,386
474,96,1499999,0,user_12,4,12,386
470,99,1499999,0,user_8,4,12,386
468,98,1499999,0,user_6,4,12,386
486,95,1499999,0,user_27,4,11,386
495,99,1499999,0,user_35,4,11,386
143,90,360000,769000,user_47,1,9,
742,71,359999,0,builder_10,5,5,143
13,95,1100000,0,user_11,0,10,
61,94,370000,594000,user_45,0,9,
743,74,369999,0,builder_10,5,5,61
387,97,670000,19700,user_48,3,10,
744,76,669999,0,builder_10,5,5,387
5,82,660000,14200,user_4,0,6,
745,78,659999,0,builder_10,5,5,5
27,98,660001,0,user_19,0,8,5
6,96,660001,0,user_5,0,8,5
8,97,660001,0,user_5,0,8,5
17,99,660001,0,user_14,0,8,5
21,86,660001,0,user_17,0,7,5
23,87,660001,0,user_18,0,7,5
24,88,660001,0,user_18,0,7,5
25,89,660001,0,user_18,0,7,5
37,90,660001,0,user_28,0,7,5
29,91,660001,0,user_22,0,7,5
31,92,660001,0,user_25,0,7,5
32,93,660001,0,user_25,0,7,5
19,94,660001,0,user_15,0,7,5
35,95,660001,0,user_27,0,7,5
48,96,660001,0,user_38,0,7,5
41,97,660001,0,user_33,0,7,5
42,98,660001,0,user_33,0,7,5
52,99,660001,0,user_40,0,7,5
60,97,660001,0,user_44,0,5,5
55,98,660001,0,user_42,0,5,5
56,99,660001,0,user_43,0,5,5
11,0,43000000,0,user_9,0,19,
250,14,30000000,139000,user_48,2,19,
876,2,29999999,0,builder_6,6,6,250
322,2,30000001,0,user_3,3,19,250
324,1,30000001,0,user_5,3,19,250
354,6,30000001,0,user_25,3,19,250
337,3,30000001,0,user_17,3,19,250
342,4,30000001,0,user_18,3,19,250
348,7,30000001,0,user_24,3,19,250
357,8,30000001,0,user_29,3,19,250
334,5,30000001,0,user_15,3,19,250
366,9,30000001,0,user_36,3,19,250
373,10,30000001,0,user_40,3,19,250
374,11,30000001,0,user_40,3,19,250
380,12,30000001,0,user_42,3,19,250
333,19,29999999,0,user_14,3,19,250
353,23,29999999,0,user_25,3,19,250
355,24,29999999,0,user_26,3,19,250
332,16,29999999,0,user_13,3,19,250
340,20,29999999,0,user_18,3,19,250
341,21,29999999,0,user_18,3,19,250
349,26,29999999,0,user_24,3,19,250
351,27,29999999,0,user_24,3,19,250
364,28,29999999,0,user_35,3,19,250
330,17,29999999,0,user_12,3,19,250
356,29,29999999,0,user_27,3,19,250
358,30,29999999,0,user_30,3,19,250
359,31,29999999,0,user_31,3,19,250
365,32,29999999,0,user_36,3,19,250
370,33,29999999,0,user_40,3,19,250
372,34,29999999,0,user_40,3,19,250
360,25,29999999,0,user_32,3,19,250
362,35,29999999,0,user_33,3,19,250
363,22,29999999,0,user_34,3,19,250
343,18,29999999,0,user_19,3,19,250
375,36,29999999,0,user_41,3,19,250
463,37,29999999,0,user_0,4,19,250
877,37,27000001,0,builder_6,6,6,507
507,39,27000000,33100,user_45,4,19,
145,38,27000000,0,user_49,1,19,
878,40,1500001,0,builder_6,6,6,386
386,96,1500000,17700000,user_48,3,15,
242,44,6100000,0,user_46,2,19,
879,43,5000001,0,builder_6,6,6,385
385,46,5000000,12300,user_47,3,19,
509,47,4500000,0,user_48,4,19,
247,48,3500000,0,user_48,2,19,
15,49,2600000,0,user_11,0,19,
142,52,2500000,0,user_46,1,19,
383,56,2400000,0,user_45,3,19,
10,61,2000000,0,user_8,0,19,
63,62,2000000,0,user_47,0,19,
245,60,2000000,0,user_47,2,19,
466,92,1500001,0,user_5,4,19,386
477,93,1500001,0,user_16,4,19,386
472,94,1500001,0,user_10,4,19,386
481,95,1500001,0,user_21,4,19,386
490,96,1500001,0,user_29,4,19,386
634,97,1500001,0,user_14,5,19,386
635,98,1500001,0,user_14,5,19,386
640,87,1500001,0,user_21,5,18,386
638,91,1500001,0,user_19,5,19,386
649,99,1500001,0,user_34,5,19,386
817,88,1500001,0,user_36,6,19,386
809,89,1500001,0,user_32,6,19,386
469,94,1499999,0,user_7,4,12,386
471,96,1499999,0,user_9,4,11,386
465,97,1499999,0,user_3,4,12,386
473,95,1499999,0,user_12,4,12,386
474,96,1499999,0,user_12,4,12,386
470,99,1499999,0,user_8,4,12,386
468,98,1499999,0,user_6,4,12,386
486,95,1499999,0,user_27,4,11,386
495,99,1499999,0,user_35,4,11,386
826,92,1499999,0,user_44,6,12,386
143,90,360000,769000,user_47,1,9,
880,76,359999,0,builder_6,6,6,143
13,95,1100000,0,user_11,0,10,
61,94,370000,594000,user_45,0,9,
881,79,369999,0,builder_6,6,6,61
387,97,670000,19700,user_48,3,10,
882,81,669999,0,builder_6,6,6,387
5,82,660000,14200,user_4,0,6,
883,83,659999,0,builder_6,6,6,5
27,98,660001,0,user_19,0,8,5
6,96,660001,0,user_5,0,8,5
8,97,660001,0,user_5,0,8,5
17,99,660001,0,user_14,0,8,5
21,86,660001,0,user_17,0,7,5
23,87,660001,0,user_18,0,7,5
24,88,660001,0,user_18,0,7,5
25,89,660001,0,user_18,0,7,5
37,90,660001,0,user_28,0,7,5
29,91,660001,0,user_22,0,7,5
31,92,660001,0,user_25,0,7,5
32,93,660001,0,user_25,0,7,5
19,94,660001,0,user_15,0,7,5
35,95,660001,0,user_27,0,7,5
48,96,660001,0,user_38,0,7,5
41,97,660001,0,user_33,0,7,5
11,0,43000000,0,user_9,0,19,
322,2,30000001,0,user_3,3,19,250
324,1,30000001,0,user_5,3,19,250
337,3,30000001,0,user_17,3,19,250
342,4,30000001,0,user_18,3,19,250
348,7,30000001,0,user_24,3,19,250
354,6,30000001,0,user_25,3,19,250
334,5,30000001,0,user_15,3,19,250
366,9,30000001,0,user_36,3,19,250
357,8,30000001,0,user_29,3,19,250
373,10,30000001,0,user_40,3,19,250
374,11,30000001,0,user_40,3,19,250
380,12,30000001,0,user_42,3,19,250
250,14,30000000,139000,user_48,2,19,
332,16,29999999,0,user_13,3,19,250
330,17,29999999,0,user_12,3,19,250
343,18,29999999,0,user_19,3,19,250
333,19,29999999,0,user_14,3,19,250
340,20,29999999,0,user_18,3,19,250
341,21,29999999,0,user_18,3,19,250
349,26,29999999,0,user_24,3,19,250
351,27,29999999,0,user_24,3,19,250
358,30,29999999,0,user_30,3,19,250
359,31,29999999,0,user_31,3,19,250
353,23,29999999,0,user_25,3,19,250
355,24,29999999,0,user_26,3,19,250
356,29,29999999,0,user_27,3,19,250
365,32,29999999,0,user_36,3,19,250
360,25,29999999,0,user_32,3,19,250
363,22,29999999,0,user_34,3,19,250
362,35,29999999,0,user_33,3,19,250
364,28,29999999,0,user_35,3,19,250
370,33,29999999,0,user_40,3,19,250
372,34,29999999,0,user_40,3,19,250
375,36,29999999,0,user_41,3,19,250
463,37,29999999,0,user_0,4,19,250
507,39,27000000,33100,user_45,4,19,
145,38,27000000,0,user_49,1,19,
982,42,19000000,0,user_46,7,19,
242,44,6100000,0,user_46,2,19,
385,46,5000000,12300,user_47,3,19,
509,47,4500000,0,user_48,4,19,
247,48,3500000,0,user_48,2,19,
15,49,2600000,0,user_11,0,19,
984,50,2600000,0,user_47,7,19,
142,52,2500000,0,user_46,1,19,
383,56,2400000,0,user_45,3,19,
828,58,2300000,0,user_48,6,19,
10,61,2000000,0,user_8,0,19,
63,62,2000000,0,user_47,0,19,
245,60,2000000,0,user_47,2,19,
983,65,1600000,0,user_46,7,19,
466,92,1500001,0,user_5,4,19,386
477,93,1500001,0,user_16,4,19,386
481,95,1500001,0,user_21,4,19,386
472,94,1500001,0,user_10,4,19,386
490,96,1500001,0,user_29,4,19,386
638,91,1500001,0,user_19,5,19,386
634,97,1500001,0,user_14,5,19,386
635,98,1500001,0,user_14,5,19,386
640,87,1500001,0,user_21,5,18,386
649,99,1500001,0,user_34,5,19,386
817,88,1500001,0,user_36,6,19,386
809,89,1500001,0,user_32,6,19,386
958,90,1500001,0,user_13,7,19,386
386,96,1500000,17700000,user_48,3,15,
985,97,1500000,0,user_48,7,15,
465,97,1499999,0,user_3,4,12,386
469,94,1499999,0,user_7,4,12,386
473,95,1499999,0,user_12,4,12,386
474,96,1499999,0,user_12,4,12,386
471,96,1499999,0,user_9,4,11,386
468,98,1499999,0,user_6,4,12,386
470,99,1499999,0,user_8,4,12,386
495,99,1499999,0,user_35,4,11,386
486,95,1499999,0,user_27,4,11,386
826,92,1499999,0,user_44,6,12,386
967,91,1499999,0,user_26,7,12,386
13,95,1100000,0,user_11,0,10,
387,97,670000,19700,user_48,3,10,
829,98,670000,10700,user_48,6,10,
240,95,660001,0,user_43,2,8,5
27,98,660001,0,user_19,0,8,5
6,96,660001,0,user_5,0,8,5
8,97,660001,0,user_5,0,8,5
17,99,660001,0,user_14,0,8,5
21,86,660001,0,user_17,0,7,5
23,87,660001,0,user_18,0,7,5
24,88,660001,0,user_18,0,7,5
25,89,660001,0,user_18,0,7,5
37,90,660001,0,user_28,0,7,5
29,91,660001,0,user_22,0,7,5
31,92,660001,0,user_25,0,7,5
32,93,660001,0,user_25,0,7,5
19,94,660001,0,user_15,0,7,5
35,95,660001,0,user_27,0,7,5
48,96,660001,0,user_38,0,7,5
41,97,660001,0,user_33,0,7,5
42,98,660001,0,user_33,0,7,5
52,99,660001,0,user_40,0,7,5
11,0,43000000,0,user_9,0,19,
322,2,30000001,0,user_3,3,19,250
337,3,30000001,0,user_17,3,19,250
342,4,30000001,0,user_18,3,19,250
348,7,30000001,0,user_24,3,19,250
334,5,30000001,0,user_15,3,19,250
354,6,30000001,0,user_25,3,19,250
357,8,30000001,0,user_29,3,19,250
366,9,30000001,0,user_36,3,19,250
373,10,30000001,0,user_40,3,19,250
374,11,30000001,0,user_40,3,19,250
324,1,30000001,0,user_5,3,19,250
380,12,30000001,0,user_42,3,19,250
250,14,30000000,139000,user_48,2,19,
330,17,29999999,0,user_12,3,19,250
332,16,29999999,0,user_13,3,19,250
333,19,29999999,0,user_14,3,19,250
340,20,29999999,0,user_18,3,19,250
341,21,29999999,0,user_18,3,19,250
349,26,29999999,0,user_24,3,19,250
351,27,29999999,0,user_24,3,19,250
356,29,29999999,0,user_27,3,19,250
353,23,29999999,0,user_25,3,19,250
355,24,29999999,0,user_26,3,19,250
362,35,29999999,0,user_33,3,19,250
358,30,29999999,0,user_30,3,19,250
359,31,29999999,0,user_31,3,19,250
365,32,29999999,0,user_36,3,19,250
360,25,29999999,0,user_32,3,19,250
364,28,29999999,0,user_35,3,19,250
370,33,29999999,0,user_40,3,19,250
372,34,29999999,0,user_40,3,19,250
343,18,29999999,0,user_19,3,19,250
363,22,29999999,0,user_34,3,19,250
375,36,29999999,0,user_41,3,19,250
463,37,29999999,0,user_0,4,19,250
145,38,27000000,0,user_49,1,19,
507,39,27000000,33100,user_45,4,19,
982,42,19000000,0,user_46,7,19,
242,44,6100000,0,user_46,2,19,
385,46,5000000,12300,user_47,3,19,
509,47,4500000,0,user_48,4,19,
247,48,3500000,0,user_48,2,19,
984,50,2600000,0,user_47,7,19,
15,49,2600000,0,user_11,0,19,
142,52,2500000,0,user_46,1,19,
1164,53,2500000,0,user_48,8,19,
383,56,2400000,0,user_45,3,19,
1163,57,2400000,0,user_47,8,19,
828,58,2300000,0,user_48,6,19,
245,60,2000000,0,user_47,2,19,
10,61,2000000,0,user_8,0,19,
63,62,2000000,0,user_47,0,19,
983,65,1600000,0,user_46,7,19,
1162,66,1600000,0,user_46,8,19,
958,90,1500001,0,user_13,7,19,386
809,89,1500001,0,user_32,6,19,386
817,88,1500001,0,user_36,6,19,386
1138,97,1500001,0,user_26,8,18,386
1149,98,1500001,0,user_36,8,18,386
466,92,1500001,0,user_5,4,19,386
472,94,1500001,0,user_10,4,19,386
477,93,1500001,0,user_16,4,19,386
481,95,1500001,0,user_21,4,19,386
490,96,1500001,0,user_29,4,19,386
634,97,1500001,0,user_14,5,19,386
635,98,1500001,0,user_14,5,19,386
640,87,1500001,0,user_21,5,18,386
649,99,1500001,0,user_34,5,19,386
638,91,1500001,0,user_19,5,19,386
985,97,1500000,0,user_48,7,15,
386,96,1500000,17700000,user_48,3,15,
967,91,1499999,0,user_26,7,12,386
826,92,1499999,0,user_44,6,12,386
1150,99,1499999,0,user_36,8,13,386
469,94,1499999,0,user_7,4,12,386
473,95,1499999,0,user_12,4,12,386
474,96,1499999,0,user_12,4,12,386
465,97,1499999,0,user_3,4,12,386
468,98,1499999,0,user_6,4,12,386
470,99,1499999,0,user_8,4,12,386
495,99,1499999,0,user_35,4,11,386
486,95,1499999,0,user_27,4,11,386
471,96,1499999,0,user_9,4,11,386
13,95,1100000,0,user_11,0,10,
829,98,670000,10700,user_48,6,10,
387,97,670000,19700,user_48,3,10,
206,87,660001,0,user_8,2,8,5
216,88,660001,0,user_16,2,8,5
232,89,660001,0,user_32,2,8,5
230,90,660001,0,user_30,2,8,5
220,91,660001,0,user_21,2,8,5
223,92,660001,0,user_24,2,8,5
226,93,660001,0,user_24,2,8,5
219,99,660001,0,user_19,2,10,5
240,95,660001,0,user_43,2,8,5
6,96,660001,0,user_5,0,8,5
8,97,660001,0,user_5,0,8,5
27,98,660001,0,user_19,0,8,5
17,99,660001,0,user_14,0,8,5
11,0,43000000,0,user_9,0,19,
1370,1,30000001,0,builder_4,9,9,250
250,14,30000000,139000,user_48,2,19,
324,1,30000001,0,user_5,3,19,250
322,2,30000001,0,user_3,3,19,250
337,3,30000001,0,user_17,3,19,250
342,4,30000001,0,user_18,3,19,250
334,5,30000001,0,user_15,3,19,250
354,6,30000001,0,user_25,3,19,250
348,7,30000001,0,user_24,3,19,250
357,8,30000001,0,user_29,3,19,250
366,9,30000001,0,user_36,3,19,250
373,10,30000001,0,user_40,3,19,250
374,11,30000001,0,user_40,3,19,250
380,12,30000001,0,user_42,3,19,250
332,16,29999999,0,user_13,3,19,250
330,17,29999999,0,user_12,3,19,250
343,18,29999999,0,user_19,3,19,250
333,19,29999999,0,user_14,3,19,250
340,20,29999999,0,user_18,3,19,250
341,21,29999999,0,user_18,3,19,250
363,22,29999999,0,user_34,3,19,250
353,23,29999999,0,user_25,3,19,250
355,24,29999999,0,user_26,3,19,250
360,25,29999999,0,user_32,3,19,250
349,26,29999999,0,user_24,3,19,250
351,27,29999999,0,user_24,3,19,250
364,28,29999999,0,user_35,3,19,250
356,29,29999999,0,user_27,3,19,250
358,30,29999999,0,user_30,3,19,250
359,31,29999999,0,user_31,3,19,250
365,32,29999999,0,user_36,3,19,250
370,33,29999999,0,user_40,3,19,250
372,34,29999999,0,user_40,3,19,250
362,35,29999999,0,user_33,3,19,250
375,36,29999999,0,user_41,3,19,250
463,37,29999999,0,user_0,4,19,250
507,39,27000000,33100,user_45,4,19,
1371,38,26999999,0,builder_4,9,9,507
145,38,27000000,0,user_49,1,19,
386,96,1500000,17700000,user_48,3,15,
1372,41,1499999,0,builder_4,9,9,386
982,42,19000000,0,user_46,7,19,
242,44,6100000,0,user_46,2,19,
385,46,5000000,12300,user_47,3,19,
1373,45,4999999,0,builder_4,9,9,385
509,47,4500000,0,user_48,4,19,
247,48,3500000,0,user_48,2,19,
15,49,2600000,0,user_11,0,19,
984,50,2600000,0,user_47,7,19,
142,52,2500000,0,user_46,1,19,
1164,53,2500000,0,user_48,8,19,
383,56,2400000,0,user_45,3,19,
1163,57,2400000,0,user_47,8,19,
1165,55,2400000,0,user_49,8,19,
828,58,2300000,0,user_48,6,19,
245,60,2000000,0,user_47,2,19,
10,61,2000000,0,user_8,0,19,
63,62,2000000,0,user_47,0,19,
983,65,1600000,0,user_46,7,19,
1162,66,1600000,0,user_46,8,19,
466,92,1500001,0,user_5,4,19,386
477,93,1500001,0,user_16,4,19,386
472,94,1500001,0,user_10,4,19,386
481,95,1500001,0,user_21,4,19,386
490,96,1500001,0,user_29,4,19,386
634,97,1500001,0,user_14,5,19,386
635,98,1500001,0,user_14,5,19,386
640,87,1500001,0,user_21,5,18,386
649,99,1500001,0,user_34,5,19,386
638,91,1500001,0,user_19,5,19,386
817,88,1500001,0,user_36,6,19,386
809,89,1500001,0,user_32,6,19,386
958,90,1500001,0,user_13,7,19,386
1138,97,1500001,0,user_26,8,18,386
1149,98,1500001,0,user_36,8,18,386
985,97,1500000,0,user_48,7,15,
465,97,1499999,0,user_3,4,12,386
469,94,1499999,0,user_7,4,12,386
473,95,1499999,0,user_12,4,12,386
474,96,1499999,0,user_12,4,12,386
486,95,1499999,0,user_27,4,11,386
471,96,1499999,0,user_9,4,11,386
470,99,1499999,0,user_8,4,12,386
468,98,1499999,0,user_6,4,12,386
495,99,1499999,0,user_35,4,11,386
826,92,1499999,0,user_44,6,12,386
967,91,1499999,0,user_26,7,12,386
1150,99,1499999,0,user_36,8,13,386
1334,94,1499999,0,user_37,9,13,386
143,90,360000,769000,user_47,1,9,
1374,91,359999,0,builder_4,9,9,143
13,95,1100000,0,user_11,0,10,
1375,93,370001,0,builder_4,9,9,61
61,94,370000,594000,user_45,0,9,
1376,95,670001,0,builder_4,9,9,387
387,97,670000,19700,user_48,3,10,
1377,97,670001,0,builder_4,9,9,829
829,98,670000,10700,user_48,6,10,
1378,99,660001,0,builder_4,9,9,5
11,0,43000000,0,user_9,0,19,
324,1,30000001,0,user_5,3,19,250
322,2,30000001,0,user_3,3,19,250
334,5,30000001,0,user_15,3,19,250
337,3,30000001,0,user_17,3,19,250
342,4,30000001,0,user_18,3,19,250
354,6,30000001,0,user_25,3,19,250
348,7,30000001,0,user_24,3,19,250
366,9,30000001,0,user_36,3,19,250
357,8,30000001,0,user_29,3,19,250
373,10,30000001,0,user_40,3,19,250
374,11,30000001,0,user_40,3,19,250
380,12,30000001,0,user_42,3,19,250
250,14,30000000,139000,user_48,2,19,
330,17,29999999,0,user_12,3,19,250
333,19,29999999,0,user_14,3,19,250
332,16,29999999,0,user_13,3,19,250
356,29,29999999,0,user_27,3,19,250
340,20,29999999,0,user_18,3,19,250
341,21,29999999,0,user_18,3,19,250
353,23,29999999,0,user_25,3,19,250
355,24,29999999,0,user_26,3,19,250
349,26,29999999,0,user_24,3,19,250
351,27,29999999,0,user_24,3,19,250
358,30,29999999,0,user_30,3,19,250
359,31,29999999,0,user_31,3,19,250
365,32,29999999,0,user_36,3,19,250
343,18,29999999,0,user_19,3,19,250
363,22,29999999,0,user_34,3,19,250
362,35,29999999,0,user_33,3,19,250
364,28,29999999,0,user_35,3,19,250
360,25,29999999,0,user_32,3,19,250
370,33,29999999,0,user_40,3,19,250
372,34,29999999,0,user_40,3,19,250
463,37,29999999,0,user_0,4,19,250
375,36,29999999,0,user_41,3,19,250
507,39,27000000,33100,user_45,4,19,
145,38,27000000,0,user_49,1,19,
982,42,19000000,0,user_46,7,19,
242,44,6100000,0,user_46,2,19,
385,46,5000000,12300,user_47,3,19,
509,47,4500000,0,user_48,4,19,
247,48,3500000,0,user_48,2,19,
15,49,2600000,0,user_11,0,19,
984,50,2600000,0,user_47,7,19,
1164,53,2500000,0,user_48,8,19,
142,52,2500000,0,user_46,1,19,
1165,55,2400000,0,user_49,8,19,
1163,57,2400000,0,user_47,8,19,
383,56,2400000,0,user_45,3,19,
828,58,2300000,0,user_48,6,19,
1343,59,2100000,0,user_48,9,19,
245,60,2000000,0,user_47,2,19,
10,61,2000000,0,user_8,0,19,
63,62,2000000,0,user_47,0,19,
1162,66,1600000,0,user_46,8,19,
983,65,1600000,0,user_46,7,19,
1319,84,1500001,0,user_24,9,19,386
1340,81,1500001,0,user_43,9,19,386
1480,82,1500001,0,user_18,10,19,386
1464,80,1500001,0,user_3,10,19,386
1491,83,1500001,0,user_30,10,19,386
638,91,1500001,0,user_19,5,19,386
634,97,1500001,0,user_14,5,19,386
635,98,1500001,0,user_14,5,19,386
640,87,1500001,0,user_21,5,18,386
649,99,1500001,0,user_34,5,19,386
466,92,1500001,0,user_5,4,19,386
472,94,1500001,0,user_10,4,19,386
477,93,1500001,0,user_16,4,19,386
490,96,1500001,0,user_29,4,19,386
481,95,1500001,0,user_21,4,19,386
817,88,1500001,0,user_36,6,19,386
809,89,1500001,0,user_32,6,19,386
958,90,1500001,0,user_13,7,19,386
1138,97,1500001,0,user_26,8,18,386
1149,98,1500001,0,user_36,8,18,386
386,96,1500000,17700000,user_48,3,15,
985,97,1500000,0,user_48,7,15,
1316,95,1499999,0,user_21,9,13,386
1334,94,1499999,0,user_37,9,13,386
1475,96,1499999,0,user_13,10,13,386
1504,97,1499999,0,user_44,10,13,386
469,94,1499999,0,user_7,4,12,386
473,95,1499999,0,user_12,4,12,386
474,96,1499999,0,user_12,4,12,386
465,97,1499999,0,user_3,4,12,386
486,95,1499999,0,user_27,4,11,386
470,99,1499999,0,user_8,4,12,386
468,98,1499999,0,user_6,4,12,386
471,96,1499999,0,user_9,4,11,386
495,99,1499999,0,user_35,4,11,386
826,92,1499999,0,user_44,6,12,386
967,91,1499999,0,user_26,7,12,386
1150,99,1499999,0,user_36,8,13,386
13,95,1100000,0,user_11,0,10,
1507,96,870000,0,user_47,10,10,
387,97,670000,19700,user_48,3,10,
829,98,670000,10700,user_48,6,10,
219,99,660001,0,user_19,2,10,5
11,0,43000000,0,user_9,0,19,
324,1,30000001,0,user_5,3,19,250
322,2,30000001,0,user_3,3,19,250
337,3,30000001,0,user_17,3,19,250
342,4,30000001,0,user_18,3,19,250
334,5,30000001,0,user_15,3,19,250
354,6,30000001,0,user_25,3,19,250
348,7,30000001,0,user_24,3,19,250
357,8,30000001,0,user_29,3,19,250
366,9,30000001,0,user_36,3,19,250
373,10,30000001,0,user_40,3,19,250
374,11,30000001,0,user_40,3,19,250
380,12,30000001,0,user_42,3,19,250
250,14,30000000,139000,user_48,2,19,
332,16,29999999,0,user_13,3,19,250
330,17,29999999,0,user_12,3,19,250
343,18,29999999,0,user_19,3,19,250
333,19,29999999,0,user_14,3,19,250
340,20,29999999,0,user_18,3,19,250
341,21,29999999,0,user_18,3,19,250
363,22,29999999,0,user_34,3,19,250
353,23,29999999,0,user_25,3,19,250
355,24,29999999,0,user_26,3,19,250
360,25,29999999,0,user_32,3,19,250
349,26,29999999,0,user_24,3,19,250
351,27,29999999,0,user_24,3,19,250
364,28,29999999,0,user_35,3,19,250
356,29,29999999,0,user_27,3,19,250
358,30,29999999,0,user_30,3,19,250
359,31,29999999,0,user_31,3,19,250
365,32,29999999,0,user_36,3,19,250
370,33,29999999,0,user_40,3,19,250
372,34,29999999,0,user_40,3,19,250
362,35,29999999,0,user_33,3,19,250
375,36,29999999,0,user_41,3,19,250
463,37,29999999,0,user_0,4,19,250
145,38,27000000,0,user_49,1,19,
507,39,27000000,33100,user_45,4,19,
1638,40,27000000,0,user_46,11,19,
982,42,19000000,0,user_46,7,19,
242,44,6100000,0,user_46,2,19,
1633,45,5200000,0,user_45,11,19,
385,46,5000000,12300,user_47,3,19,
509,47,4500000,0,user_48,4,19,
247,48,3500000,0,user_48,2,19,
15,49,2600000,0,user_11,0,19,
984,50,2600000,0,user_47,7,19,
142,52,2500000,0,user_46,1,19,
1164,53,2500000,0,user_48,8,19,
1165,55,2400000,0,user_49,8,19,
383,56,2400000,0,user_45,3,19,
1163,57,2400000,0,user_47,8,19,
828,58,2300000,0,user_48,6,19,
1343,59,2100000,0,user_48,9,19,
245,60,2000000,0,user_47,2,19,
10,61,2000000,0,user_8,0,19,
63,62,2000000,0,user_47,0,19,
983,65,1600000,0,user_46,7,19,
1162,66,1600000,0,user_46,8,19,
1464,80,1500001,0,user_3,10,19,386
1340,81,1500001,0,user_43,9,19,386
1480,82,1500001,0,user_18,10,19,386
1491,83,1500001,0,user_30,10,19,386
1319,84,1500001,0,user_24,9,19,386
1618,85,1500001,0,user_34,11,19,386
1611,86,1500001,0,user_25,11,19,386
1629,87,1500001,0,user_44,11,19,386
817,88,1500001,0,user_36,6,19,386
809,89,1500001,0,user_32,6,19,386
958,90,1500001,0,user_13,7,19,386
638,91,1500001,0,user_19,5,19,386
466,92,1500001,0,user_5,4,19,386
477,93,1500001,0,user_16,4,19,386
472,94,1500001,0,user_10,4,19,386
481,95,1500001,0,user_21,4,19,386
490,96,1500001,0,user_29,4,19,386
634,97,1500001,0,user_14,5,19,386
635,98,1500001,0,user_14,5,19,386
649,99,1500001,0,user_34,5,19,386
640,87,1500001,0,user_21,5,18,386
1138,97,1500001,0,user_26,8,18,386
1149,98,1500001,0,user_36,8,18,386
386,96,1500000,17700000,user_48,3,15,
985,97,1500000,0,user_48,7,15,
1475,96,1499999,0,user_13,10,13,386
1504,97,1499999,0,user_44,10,13,386
1334,94,1499999,0,user_37,9,13,386
1316,95,1499999,0,user_21,9,13,386
1606,93,1499999,0,user_19,11,13,386
1621,92,1499999,0,user_35,11,13,386
826,92,1499999,0,user_44,6,12,386
465,97,1499999,0,user_3,4,12,386
469,94,1499999,0,user_7,4,12,386
473,95,1499999,0,user_12,4,12,386
474,96,1499999,0,user_12,4,12,386
486,95,1499999,0,user_27,4,11,386
471,96,1499999,0,user_9,4,11,386
470,99,1499999,0,user_8,4,12,386
468,98,1499999,0,user_6,4,12,386
495,99,1499999,0,user_35,4,11,386
11,0,43000000,0,user_9,0,19,
322,2,30000001,0,user_3,3,19,250
337,3,30000001,0,user_17,3,19,250
342,4,30000001,0,user_18,3,19,250
348,7,30000001,0,user_24,3,19,250
334,5,30000001,0,user_15,3,19,250
354,6,30000001,0,user_25,3,19,250
357,8,30000001,0,user_29,3,19,250
366,9,30000001,0,user_36,3,19,250
373,10,30000001,0,user_40,3,19,250
374,11,30000001,0,user_40,3,19,250
324,1,30000001,0,user_5,3,19,250
380,12,30000001,0,user_42,3,19,250
250,14,30000000,139000,user_48,2,19,
330,17,29999999,0,user_12,3,19,250
332,16,29999999,0,user_13,3,19,250
333,19,29999999,0,user_14,3,19,250
340,20,29999999,0,user_18,3,19,250
341,21,29999999,0,user_18,3,19,250
349,26,29999999,0,user_24,3,19,250
351,27,29999999,0,user_24,3,19,250
356,29,29999999,0,user_27,3,19,250
353,23,29999999,0,user_25,3,19,250
355,24,29999999,0,user_26,3,19,250
362,35,29999999,0,user_33,3,19,250
358,30,29999999,0,user_30,3,19,250
359,31,29999999,0,user_31,3,19,250
365,32,29999999,0,user_36,3,19,250
360,25,29999999,0,user_32,3,19,250
364,28,29999999,0,user_35,3,19,250
370,33,29999999,0,user_40,3,19,250
372,34,29999999,0,user_40,3,19,250
343,18,29999999,0,user_19,3,19,250
363,22,29999999,0,user_34,3,19,250
375,36,29999999,0,user_41,3,19,250
463,37,29999999,0,user_0,4,19,250
1638,40,27000000,0,user_46,11,19,
145,38,27000000,0,user_49,1,19,
