block_num,builder_id,proposer_id,winning_bid,total_gas_fee,total_mev
0,builder_16,proposer_6,61722518.218054056,116952003,6176600
1,builder_16,proposer_3,67259724.47701879,265901994,6790800
2,builder_16,proposer_5,74264817.55929226,388524002,11717600
3,builder_16,proposer_17,80473800.36324006,440750002,11042800
4,builder_17,proposer_17,89433619.80725512,468100007,10389700
5,builder_17,proposer_16,98663937.95118928,539999999,10723840
6,builder_17,proposer_5,108316694.99167882,597999999,10335930
7,builder_17,proposer_16,120290002.89259467,694700005,9303000
8,builder_17,proposer_18,132166758.04271504,895099999,9730100
9,builder_17,proposer_13,143463634.0427305,878199998,9590300
10,builder_17,proposer_13,159317129.7323381,908200002,9291200
11,builder_19,proposer_7,174282854.38660777,954400003,5200300
12,builder_17,proposer_5,194070271.28900257,1055600000,9520300
13,builder_17,proposer_17,217284593.66374928,1145299998,9399300
14,builder_17,proposer_18,242544336.64261028,1226700001,44933300
15,builder_17,proposer_18,262941938.4624633,1331000003,27083700
16,builder_17,proposer_6,291080600.56125766,1369999998,44781100
17,builder_17,proposer_11,316371573.8337646,1461199995,44802600
18,builder_19,proposer_7,349573505.8822417,1487600000,977130
19,builder_19,proposer_16,385541041.18941504,1526800000,1172330
20,builder_16,proposer_6,61722518.218054056,116952003,6176600
21,builder_16,proposer_3,67259724.47701879,265901994,6790800
22,builder_16,proposer_5,74264817.55929226,388524002,11717600
23,builder_16,proposer_17,80473800.36324006,440750002,11042800
24,builder_17,proposer_17,89433619.80725512,468100007,10389700
25,builder_17,proposer_16,98663937.95118928,539999999,10723840
26,builder_17,proposer_5,108316694.99167882,597999999,10335930
27,builder_17,proposer_16,120290002.89259467,694700005,9303000
28,builder_17,proposer_18,132166758.04271504,895099999,9730100
29,builder_17,proposer_13,143463634.0427305,878199998,9590300
30,builder_17,proposer_13,159317129.7323381,908200002,9291200
31,builder_19,proposer_7,174282854.38660777,954400003,5200300
32,builder_17,proposer_5,194070271.28900257,1055600000,9520300
33,builder_17,proposer_17,217284593.66374928,1145299998,9399300
34,builder_17,proposer_18,242544336.64261028,1226700001,44933300
35,builder_17,proposer_18,262941938.4624633,1331000003,27083700
36,builder_17,proposer_6,291080600.56125766,1369999998,44781100
37,builder_17,proposer_11,316371573.8337646,1461199995,44802600
38,builder_19,proposer_7,349573505.8822417,1487600000,977130
39,builder_19,proposer_16,385541041.18941504,1526800000,1172330
40,builder_16,proposer_6,61722518.218054056,116952003,6176600
41,builder_16,proposer_3,67259724.47701879,265901994,6790800
42,builder_16,proposer_5,74264817.55929226,388524002,11717600
43,builder_16,proposer_17,80473800.36324006,440750002,11042800
44,builder_17,proposer_17,89433619.80725512,468100007,10389700
45,builder_17,proposer_16,98663937.95118928,539999999,10723840
46,builder_17,proposer_5,108316694.99167882,597999999,10335930
47,builder_17,proposer_16,120290002.89259467,694700005,9303000
48,builder_17,proposer_18,132166758.04271504,895099999,9730100
49,builder_17,proposer_13,143463634.0427305,878199998,9590300
50,builder_17,proposer_13,159317129.7323381,908200002,9291200
51,builder_19,proposer_7,174282854.38660777,954400003,5200300
52,builder_17,proposer_5,194070271.28900257,1055600000,9520300
53,builder_17,proposer_17,217284593.66374928,1145299998,9399300
54,builder_17,proposer_18,242544336.64261028,1226700001,44933300
55,builder_17,proposer_18,262941938.4624633,1331000003,27083700
56,builder_17,proposer_6,291080600.56125766,1369999998,44781100
57,builder_17,proposer_11,316371573.8337646,1461199995,44802600
58,builder_19,proposer_7,349573505.8822417,1487600000,977130
59,builder_19,proposer_16,385541041.18941504,1526800000,1172330
60,builder_16,proposer_6,61722518.218054056,116952003,6176600
61,builder_16,proposer_3,67259724.47701879,265901994,6790800
62,builder_16,proposer_5,74264817.55929226,388524002,11717600
63,builder_16,proposer_17,80473800.36324006,440750002,11042800
64,builder_17,proposer_17,89433619.80725512,468100007,10389700
65,builder_17,proposer_16,98663937.95118928,539999999,10723840
66,builder_17,proposer_5,108316694.99167882,597999999,10335930
67,builder_17,proposer_16,120290002.89259467,694700005,9303000
68,builder_17,proposer_18,132166758.04271504,895099999,9730100
69,builder_17,proposer_13,143463634.0427305,878199998,9590300
70,builder_17,proposer_13,159317129.7323381,908200002,9291200
71,builder_19,proposer_7,174282854.38660777,954400003,5200300
72,builder_17,proposer_5,194070271.28900257,1055600000,9520300
73,builder_17,proposer_17,217284593.66374928,1145299998,9399300
74,builder_17,proposer_18,242544336.64261028,1226700001,44933300
75,builder_17,proposer_18,262941938.4624633,1331000003,27083700
76,builder_17,proposer_6,291080600.56125766,1369999998,44781100
77,builder_17,proposer_11,316371573.8337646,1461199995,44802600
78,builder_19,proposer_7,349573505.8822417,1487600000,977130
79,builder_19,proposer_16,385541041.18941504,1526800000,1172330
80,builder_16,proposer_6,61722518.218054056,116952003,6176600
81,builder_16,proposer_3,67259724.47701879,265901994,6790800
82,builder_16,proposer_5,74264817.55929226,388524002,11717600
83,builder_16,proposer_17,80473800.36324006,440750002,11042800
84,builder_17,proposer_17,89433619.80725512,468100007,10389700
85,builder_17,proposer_16,98663937.95118928,539999999,10723840
86,builder_17,proposer_5,108316694.99167882,597999999,10335930
87,builder_17,proposer_16,120290002.89259467,694700005,9303000
88,builder_17,proposer_18,132166758.04271504,895099999,9730100
89,builder_17,proposer_13,143463634.0427305,878199998,9590300
90,builder_17,proposer_13,159317129.7323381,908200002,9291200
91,builder_19,proposer_7,174282854.38660777,954400003,5200300
92,builder_17,proposer_5,194070271.28900257,1055600000,9520300
93,builder_17,proposer_17,217284593.66374928,1145299998,9399300
94,builder_17,proposer_18,242544336.64261028,1226700001,44933300
95,builder_17,proposer_18,262941938.4624633,1331000003,27083700
96,builder_17,proposer_6,291080600.56125766,1369999998,44781100
97,builder_17,proposer_11,316371573.8337646,1461199995,44802600
98,builder_19,proposer_7,349573505.8822417,1487600000,977130
99,builder_19,proposer_16,385541041.18941504,1526800000,1172330
100,builder_16,proposer_6,61722518.218054056,116952003,6176600
101,builder_16,proposer_3,67259724.47701879,265901994,6790800
102,builder_16,proposer_5,74264817.55929226,388524002,11717600
103,builder_16,proposer_17,80473800.36324006,440750002,11042800
104,builder_17,proposer_17,89433619.80725512,468100007,10389700
105,builder_17,proposer_16,98663937.95118928,539999999,10723840
106,builder_17,proposer_5,108316694.99167882,597999999,10335930
107,builder_17,proposer_16,120290002.89259467,694700005,9303000
108,builder_17,proposer_18,132166758.04271504,895099999,9730100
109,builder_17,proposer_13,143463634.0427305,878199998,9590300
110,builder_17,proposer_13,159317129.7323381,908200002,9291200
111,builder_19,proposer_7,174282854.38660777,954400003,5200300
112,builder_17,proposer_5,194070271.28900257,1055600000,9520300
113,builder_17,proposer_17,217284593.66374928,1145299998,9399300
114,builder_17,proposer_18,242544336.64261028,1226700001,44933300
115,builder_17,proposer_18,262941938.4624633,1331000003,27083700
116,builder_17,proposer_6,291080600.56125766,1369999998,44781100
117,builder_17,proposer_11,316371573.8337646,1461199995,44802600
118,builder_19,proposer_7,349573505.8822417,1487600000,977130
119,builder_19,proposer_16,385541041.18941504,1526800000,1172330
120,builder_16,proposer_6,61722518.218054056,116952003,6176600
121,builder_16,proposer_3,67259724.47701879,265901994,6790800
122,builder_16,proposer_5,74264817.55929226,388524002,11717600
123,builder_16,proposer_17,80473800.36324006,440750002,11042800
124,builder_17,proposer_17,89433619.80725512,468100007,10389700
125,builder_17,proposer_16,98663937.95118928,539999999,10723840
126,builder_17,proposer_5,108316694.99167882,597999999,10335930
127,builder_17,proposer_16,120290002.89259467,694700005,9303000
128,builder_17,proposer_18,132166758.04271504,895099999,9730100
129,builder_17,proposer_13,143463634.0427305,878199998,9590300
130,builder_17,proposer_13,159317129.7323381,908200002,9291200
131,builder_19,proposer_7,174282854.38660777,954400003,5200300
132,builder_17,proposer_5,194070271.28900257,1055600000,9520300
133,builder_17,proposer_17,217284593.66374928,1145299998,9399300
134,builder_17,proposer_18,242544336.64261028,1226700001,44933300
135,builder_17,proposer_18,262941938.4624633,1331000003,27083700
136,builder_17,proposer_6,291080600.56125766,1369999998,44781100
137,builder_17,proposer_11,316371573.8337646,1461199995,44802600
138,builder_19,proposer_7,349573505.8822417,1487600000,977130
139,builder_19,proposer_16,385541041.18941504,1526800000,1172330
140,builder_16,proposer_6,61722518.218054056,116952003,6176600
141,builder_16,proposer_3,67259724.47701879,265901994,6790800
142,builder_16,proposer_5,74264817.55929226,388524002,11717600
143,builder_16,proposer_17,80473800.36324006,440750002,11042800
144,builder_17,proposer_17,89433619.80725512,468100007,10389700
145,builder_17,proposer_16,98663937.95118928,539999999,10723840
146,builder_17,proposer_5,108316694.99167882,597999999,10335930
147,builder_17,proposer_16,120290002.89259467,694700005,9303000
148,builder_17,proposer_18,132166758.04271504,895099999,9730100
149,builder_17,proposer_13,143463634.0427305,878199998,9590300
150,builder_17,proposer_13,159317129.7323381,908200002,9291200
151,builder_19,proposer_7,174282854.38660777,954400003,5200300
152,builder_17,proposer_5,194070271.28900257,1055600000,9520300
153,builder_17,proposer_17,217284593.66374928,1145299998,9399300
154,builder_17,proposer_18,242544336.64261028,1226700001,44933300
155,builder_17,proposer_18,262941938.4624633,1331000003,27083700
156,builder_17,proposer_6,291080600.56125766,1369999998,44781100
157,builder_17,proposer_11,316371573.8337646,1461199995,44802600
158,builder_19,proposer_7,349573505.8822417,1487600000,977130
159,builder_19,proposer_16,385541041.18941504,1526800000,1172330
160,builder_16,proposer_6,61722518.218054056,116952003,6176600
161,builder_16,proposer_3,67259724.47701879,265901994,6790800
162,builder_16,proposer_5,74264817.55929226,388524002,11717600
163,builder_16,proposer_17,80473800.36324006,440750002,11042800
164,builder_17,proposer_17,89433619.80725512,468100007,10389700
165,builder_17,proposer_16,98663937.95118928,539999999,10723840
166,builder_17,proposer_5,108316694.99167882,597999999,10335930
167,builder_17,proposer_16,120290002.89259467,694700005,9303000
168,builder_17,proposer_18,132166758.04271504,895099999,9730100
169,builder_17,proposer_13,143463634.0427305,878199998,9590300
170,builder_17,proposer_13,159317129.7323381,908200002,9291200
171,builder_19,proposer_7,174282854.38660777,954400003,5200300
172,builder_17,proposer_5,194070271.28900257,1055600000,9520300
173,builder_17,proposer_17,217284593.66374928,1145299998,9399300
174,builder_17,proposer_18,242544336.64261028,1226700001,44933300
175,builder_17,proposer_18,262941938.4624633,1331000003,27083700
176,builder_17,proposer_6,291080600.56125766,1369999998,44781100
177,builder_17,proposer_11,316371573.8337646,1461199995,44802600
178,builder_19,proposer_7,349573505.8822417,1487600000,977130
179,builder_19,proposer_16,385541041.18941504,1526800000,1172330
180,builder_16,proposer_6,61722518.218054056,116952003,6176600
181,builder_16,proposer_3,67259724.47701879,265901994,6790800
182,builder_16,proposer_5,74264817.55929226,388524002,11717600
183,builder_16,proposer_17,80473800.36324006,440750002,11042800
184,builder_17,proposer_17,89433619.80725512,468100007,10389700
185,builder_17,proposer_16,98663937.95118928,539999999,10723840
186,builder_17,proposer_5,108316694.99167882,597999999,10335930
187,builder_17,proposer_16,120290002.89259467,694700005,9303000
188,builder_17,proposer_18,132166758.04271504,895099999,9730100
189,builder_17,proposer_13,143463634.0427305,878199998,9590300
190,builder_17,proposer_13,159317129.7323381,908200002,9291200
191,builder_19,proposer_7,174282854.38660777,954400003,5200300
192,builder_17,proposer_5,194070271.28900257,1055600000,9520300
193,builder_17,proposer_17,217284593.66374928,1145299998,9399300
194,builder_17,proposer_18,242544336.64261028,1226700001,44933300
195,builder_17,proposer_18,262941938.4624633,1331000003,27083700
196,builder_17,proposer_6,291080600.56125766,1369999998,44781100
197,builder_17,proposer_11,316371573.8337646,1461199995,44802600
198,builder_19,proposer_7,349573505.8822417,1487600000,977130
199,builder_19,proposer_16,385541041.18941504,1526800000,1172330
200,builder_16,proposer_6,61722518.218054056,116952003,6176600
201,builder_16,proposer_3,67259724.47701879,265901994,6790800
202,builder_16,proposer_5,74264817.55929226,388524002,11717600
203,builder_16,proposer_17,80473800.36324006,440750002,11042800
204,builder_17,proposer_17,89433619.80725512,468100007,10389700
205,builder_17,proposer_16,98663937.95118928,539999999,10723840
206,builder_17,proposer_5,108316694.99167882,597999999,10335930
207,builder_17,proposer_16,120290002.89259467,694700005,9303000
208,builder_17,proposer_18,132166758.04271504,895099999,9730100
209,builder_17,proposer_13,143463634.0427305,878199998,9590300
210,builder_17,proposer_13,159317129.7323381,908200002,9291200
211,builder_19,proposer_7,174282854.38660777,954400003,5200300
212,builder_17,proposer_5,194070271.28900257,1055600000,9520300
213,builder_17,proposer_17,217284593.66374928,1145299998,9399300
214,builder_17,proposer_18,242544336.64261028,1226700001,44933300
215,builder_17,proposer_18,262941938.4624633,1331000003,27083700
216,builder_17,proposer_6,291080600.56125766,1369999998,44781100
217,builder_17,proposer_11,316371573.8337646,1461199995,44802600
218,builder_19,proposer_7,349573505.8822417,1487600000,977130
219,builder_19,proposer_16,385541041.18941504,1526800000,1172330
220,builder_16,proposer_6,61722518.218054056,116952003,6176600
221,builder_16,proposer_3,67259724.47701879,265901994,6790800
222,builder_16,proposer_5,74264817.55929226,388524002,11717600
223,builder_16,proposer_17,80473800.36324006,440750002,11042800
224,builder_17,proposer_17,89433619.80725512,468100007,10389700
225,builder_17,proposer_16,98663937.95118928,539999999,10723840
226,builder_17,proposer_5,108316694.99167882,597999999,10335930
227,builder_17,proposer_16,120290002.89259467,694700005,9303000
228,builder_17,proposer_18,132166758.04271504,895099999,9730100
229,builder_17,proposer_13,143463634.0427305,878199998,9590300
230,builder_17,proposer_13,159317129.7323381,908200002,9291200
231,builder_19,proposer_7,174282854.38660777,954400003,5200300
232,builder_17,proposer_5,194070271.28900257,1055600000,9520300
233,builder_17,proposer_17,217284593.66374928,1145299998,9399300
234,builder_17,proposer_18,242544336.64261028,1226700001,44933300
235,builder_17,proposer_18,262941938.4624633,1331000003,27083700
236,builder_17,proposer_6,291080600.56125766,1369999998,44781100
237,builder_17,proposer_11,316371573.8337646,1461199995,44802600
238,builder_19,proposer_7,349573505.8822417,1487600000,977130
239,builder_19,proposer_16,385541041.18941504,1526800000,1172330
240,builder_16,proposer_6,61722518.218054056,116952003,6176600
241,builder_16,proposer_3,67259724.47701879,265901994,6790800
242,builder_16,proposer_5,74264817.55929226,388524002,11717600
243,builder_16,proposer_17,80473800.36324006,440750002,11042800
244,builder_17,proposer_17,89433619.80725512,468100007,10389700
245,builder_17,proposer_16,98663937.95118928,539999999,10723840
246,builder_17,proposer_5,108316694.99167882,597999999,10335930
247,builder_17,proposer_16,120290002.89259467,694700005,9303000
248,builder_17,proposer_18,132166758.04271504,895099999,9730100
249,builder_17,proposer_13,143463634.0427305,878199998,9590300
250,builder_17,proposer_13,159317129.7323381,908200002,9291200
251,builder_19,proposer_7,174282854.38660777,954400003,5200300
252,builder_17,proposer_5,194070271.28900257,1055600000,9520300
253,builder_17,proposer_17,217284593.66374928,1145299998,9399300
254,builder_17,proposer_18,242544336.64261028,1226700001,44933300
255,builder_17,proposer_18,262941938.4624633,1331000003,27083700
256,builder_17,proposer_6,291080600.56125766,1369999998,44781100
257,builder_17,proposer_11,316371573.8337646,1461199995,44802600
258,builder_19,proposer_7,349573505.8822417,1487600000,977130
259,builder_19,proposer_16,385541041.18941504,1526800000,1172330
260,builder_17,proposer_6,104459388.04639055,208084997,1019200
261,builder_17,proposer_7,113507967.47603166,303837003,1861600
262,builder_17,proposer_17,124949969.95918187,365958003,2181500
263,builder_17,proposer_10,137636931.56432375,484528005,2627900
264,builder_17,proposer_2,149789820.36767533,626660004,2348400
265,builder_17,proposer_18,162409498.84943014,694440001,23877700
266,builder_17,proposer_7,181929650.86848262,847799997,19831600
267,builder_17,proposer_9,202716357.1488986,856379997,28514400
268,builder_17,proposer_0,225073798.52461413,854180003,28225400
269,builder_17,proposer_0,245106030.9158365,982879992,29345400
270,builder_17,proposer_0,266016186.15352762,1024480007,36535400
271,builder_17,proposer_9,297530783.5345182,1070479998,36385400
272,builder_17,proposer_18,323450378.59695977,1073480004,41315400
273,builder_17,proposer_18,357647662.1053521,1235400001,32158400
274,builder_17,proposer_18,392168644.8735869,1241600004,32158400
275,builder_17,proposer_15,428430455.38086927,1308939991,36511300
276,builder_17,proposer_8,464170173.0673337,1360800002,32053900
277,builder_17,proposer_7,500555236.80321306,1490199998,31795600
278,builder_17,proposer_10,557976908.9089166,1675700000,31972400
279,builder_17,proposer_4,609474230.6459994,1653899998,31835000
280,builder_17,proposer_6,104459388.04639055,208084997,1019200
281,builder_17,proposer_7,113507967.47603166,303837003,1861600
282,builder_17,proposer_17,124949969.95918187,365958003,2181500
283,builder_17,proposer_10,137636931.56432375,484528005,2627900
284,builder_17,proposer_2,149789820.36767533,626660004,2348400
285,builder_17,proposer_18,162409498.84943014,694440001,23877700
286,builder_17,proposer_7,181929650.86848262,847799997,19831600
287,builder_17,proposer_9,202716357.1488986,856379997,28514400
288,builder_17,proposer_0,225073798.52461413,854180003,28225400
289,builder_17,proposer_0,245106030.9158365,982879992,29345400
290,builder_17,proposer_0,266016186.15352762,1024480007,36535400
291,builder_17,proposer_9,297530783.5345182,1070479998,36385400
292,builder_17,proposer_18,323450378.59695977,1073480004,41315400
293,builder_17,proposer_18,357647662.1053521,1235400001,32158400
294,builder_17,proposer_18,392168644.8735869,1241600004,32158400
295,builder_17,proposer_15,428430455.38086927,1308939991,36511300
296,builder_17,proposer_8,464170173.0673337,1360800002,32053900
297,builder_17,proposer_7,500555236.80321306,1490199998,31795600
298,builder_17,proposer_10,557976908.9089166,1675700000,31972400
299,builder_17,proposer_4,609474230.6459994,1653899998,31835000
300,builder_17,proposer_6,104459388.04639055,208084997,1019200
301,builder_17,proposer_7,113507967.47603166,303837003,1861600
302,builder_17,proposer_17,124949969.95918187,365958003,2181500
303,builder_17,proposer_10,137636931.56432375,484528005,2627900
304,builder_17,proposer_2,149789820.36767533,626660004,2348400
305,builder_17,proposer_18,162409498.84943014,694440001,23877700
306,builder_17,proposer_7,181929650.86848262,847799997,19831600
307,builder_17,proposer_9,202716357.1488986,856379997,28514400
308,builder_17,proposer_0,225073798.52461413,854180003,28225400
309,builder_17,proposer_0,245106030.9158365,982879992,29345400
310,builder_17,proposer_0,266016186.15352762,1024480007,36535400
311,builder_17,proposer_9,297530783.5345182,1070479998,36385400
312,builder_17,proposer_18,323450378.59695977,1073480004,41315400
313,builder_17,proposer_18,357647662.1053521,1235400001,32158400
314,builder_17,proposer_18,392168644.8735869,1241600004,32158400
315,builder_17,proposer_15,428430455.38086927,1308939991,36511300
316,builder_17,proposer_8,464170173.0673337,1360800002,32053900
317,builder_17,proposer_7,500555236.80321306,1490199998,31795600
318,builder_17,proposer_10,557976908.9089166,1675700000,31972400
319,builder_17,proposer_4,609474230.6459994,1653899998,31835000
320,builder_17,proposer_6,104459388.04639055,208084997,1019200
321,builder_17,proposer_7,113507967.47603166,303837003,1861600
322,builder_17,proposer_17,124949969.95918187,365958003,2181500
323,builder_17,proposer_10,137636931.56432375,484528005,2627900
324,builder_17,proposer_2,149789820.36767533,626660004,2348400
325,builder_17,proposer_18,162409498.84943014,694440001,23877700
326,builder_17,proposer_7,181929650.86848262,847799997,19831600
327,builder_17,proposer_9,202716357.1488986,856379997,28514400
328,builder_17,proposer_0,225073798.52461413,854180003,28225400
329,builder_17,proposer_0,245106030.9158365,982879992,29345400
330,builder_17,proposer_0,266016186.15352762,1024480007,36535400
331,builder_17,proposer_9,297530783.5345182,1070479998,36385400
332,builder_17,proposer_18,323450378.59695977,1073480004,41315400
333,builder_17,proposer_18,357647662.1053521,1235400001,32158400
334,builder_17,proposer_18,392168644.8735869,1241600004,32158400
335,builder_17,proposer_15,428430455.38086927,1308939991,36511300
336,builder_17,proposer_8,464170173.0673337,1360800002,32053900
337,builder_17,proposer_7,500555236.80321306,1490199998,31795600
338,builder_17,proposer_10,557976908.9089166,1675700000,31972400
339,builder_17,proposer_4,609474230.6459994,1653899998,31835000
340,builder_17,proposer_6,104459388.04639055,208084997,1019200
341,builder_17,proposer_7,113507967.47603166,303837003,1861600
342,builder_17,proposer_17,124949969.95918187,365958003,2181500
343,builder_17,proposer_10,137636931.56432375,484528005,2627900
344,builder_17,proposer_2,149789820.36767533,626660004,2348400
345,builder_17,proposer_18,162409498.84943014,694440001,23877700
346,builder_17,proposer_7,181929650.86848262,847799997,19831600
347,builder_17,proposer_9,202716357.1488986,856379997,28514400
348,builder_17,proposer_0,225073798.52461413,854180003,28225400
349,builder_17,proposer_0,245106030.9158365,982879992,29345400
350,builder_17,proposer_0,266016186.15352762,1024480007,36535400
351,builder_17,proposer_9,297530783.5345182,1070479998,36385400
352,builder_17,proposer_18,323450378.59695977,1073480004,41315400
353,builder_17,proposer_18,357647662.1053521,1235400001,32158400
354,builder_17,proposer_18,392168644.8735869,1241600004,32158400
355,builder_17,proposer_15,428430455.38086927,1308939991,36511300
356,builder_17,proposer_8,464170173.0673337,1360800002,32053900
357,builder_17,proposer_7,500555236.80321306,1490199998,31795600
358,builder_17,proposer_10,557976908.9089166,1675700000,31972400
359,builder_17,proposer_4,609474230.6459994,1653899998,31835000
360,builder_17,proposer_6,104459388.04639055,208084997,1019200
361,builder_17,proposer_7,113507967.47603166,303837003,1861600
362,builder_17,proposer_17,124949969.95918187,365958003,2181500
363,builder_17,proposer_10,137636931.56432375,484528005,2627900
364,builder_17,proposer_2,149789820.36767533,626660004,2348400
365,builder_17,proposer_18,162409498.84943014,694440001,23877700
366,builder_17,proposer_7,181929650.86848262,847799997,19831600
367,builder_17,proposer_9,202716357.1488986,856379997,28514400
368,builder_17,proposer_0,225073798.52461413,854180003,28225400
369,builder_17,proposer_0,245106030.9158365,982879992,29345400
370,builder_17,proposer_0,266016186.15352762,1024480007,36535400
371,builder_17,proposer_9,297530783.5345182,1070479998,36385400
372,builder_17,proposer_18,323450378.59695977,1073480004,41315400
373,builder_17,proposer_18,357647662.1053521,1235400001,32158400
374,builder_17,proposer_18,392168644.8735869,1241600004,32158400
375,builder_17,proposer_15,428430455.38086927,1308939991,36511300
376,builder_17,proposer_8,464170173.0673337,1360800002,32053900
377,builder_17,proposer_7,500555236.80321306,1490199998,31795600
378,builder_17,proposer_10,557976908.9089166,1675700000,31972400
379,builder_17,proposer_4,609474230.6459994,1653899998,31835000
380,builder_17,proposer_6,104459388.04639055,208084997,1019200
381,builder_17,proposer_7,113507967.47603166,303837003,1861600
382,builder_17,proposer_17,124949969.95918187,365958003,2181500
383,builder_17,proposer_10,137636931.56432375,484528005,2627900
384,builder_17,proposer_2,149789820.36767533,626660004,2348400
385,builder_17,proposer_18,162409498.84943014,694440001,23877700
386,builder_17,proposer_7,181929650.86848262,847799997,19831600
387,builder_17,proposer_9,202716357.1488986,856379997,28514400
388,builder_17,proposer_0,225073798.52461413,854180003,28225400
389,builder_17,proposer_0,245106030.9158365,982879992,29345400
390,builder_17,proposer_0,266016186.15352762,1024480007,36535400
391,builder_17,proposer_9,297530783.5345182,1070479998,36385400
392,builder_17,proposer_18,323450378.59695977,1073480004,41315400
393,builder_17,proposer_18,357647662.1053521,1235400001,32158400
394,builder_17,proposer_18,392168644.8735869,1241600004,32158400
395,builder_17,proposer_15,428430455.38086927,1308939991,36511300
396,builder_17,proposer_8,464170173.0673337,1360800002,32053900
397,builder_17,proposer_7,500555236.80321306,1490199998,31795600
398,builder_17,proposer_10,557976908.9089166,1675700000,31972400
399,builder_17,proposer_4,609474230.6459994,1653899998,31835000
400,builder_17,proposer_6,104459388.04639055,208084997,1019200
401,builder_17,proposer_7,113507967.47603166,303837003,1861600
402,builder_17,proposer_17,124949969.95918187,365958003,2181500
403,builder_17,proposer_10,137636931.56432375,484528005,2627900
404,builder_17,proposer_2,149789820.36767533,626660004,2348400
405,builder_17,proposer_18,162409498.84943014,694440001,23877700
406,builder_17,proposer_7,181929650.86848262,847799997,19831600
407,builder_17,proposer_9,202716357.1488986,856379997,28514400
408,builder_17,proposer_0,225073798.52461413,854180003,28225400
409,builder_17,proposer_0,245106030.9158365,982879992,29345400
410,builder_17,proposer_0,266016186.15352762,1024480007,36535400
411,builder_17,proposer_9,297530783.5345182,1070479998,36385400
412,builder_17,proposer_18,323450378.59695977,1073480004,41315400
413,builder_17,proposer_18,357647662.1053521,1235400001,32158400
414,builder_17,proposer_18,392168644.8735869,1241600004,32158400
415,builder_17,proposer_15,428430455.38086927,1308939991,36511300
416,builder_17,proposer_8,464170173.0673337,1360800002,32053900
417,builder_17,proposer_7,500555236.80321306,1490199998,31795600
418,builder_17,proposer_10,557976908.9089166,1675700000,31972400
419,builder_17,proposer_4,609474230.6459994,1653899998,31835000
420,builder_17,proposer_6,104459388.04639055,208084997,1019200
421,builder_17,proposer_7,113507967.47603166,303837003,1861600
422,builder_17,proposer_17,124949969.95918187,365958003,2181500
423,builder_17,proposer_10,137636931.56432375,484528005,2627900
424,builder_17,proposer_2,149789820.36767533,626660004,2348400
425,builder_17,proposer_18,162409498.84943014,694440001,23877700
426,builder_17,proposer_7,181929650.86848262,847799997,19831600
427,builder_17,proposer_9,202716357.1488986,856379997,28514400
428,builder_17,proposer_0,225073798.52461413,854180003,28225400
429,builder_17,proposer_0,245106030.9158365,982879992,29345400
430,builder_17,proposer_0,266016186.15352762,1024480007,36535400
431,builder_17,proposer_9,297530783.5345182,1070479998,36385400
432,builder_17,proposer_18,323450378.59695977,1073480004,41315400
433,builder_17,proposer_18,357647662.1053521,1235400001,32158400
434,builder_17,proposer_18,392168644.8735869,1241600004,32158400
435,builder_17,proposer_15,428430455.38086927,1308939991,36511300
436,builder_17,proposer_8,464170173.0673337,1360800002,32053900
437,builder_17,proposer_7,500555236.80321306,1490199998,31795600
438,builder_17,proposer_10,557976908.9089166,1675700000,31972400
439,builder_17,proposer_4,609474230.6459994,1653899998,31835000
440,builder_17,proposer_6,104459388.04639055,208084997,1019200
441,builder_17,proposer_7,113507967.47603166,303837003,1861600
442,builder_17,proposer_17,124949969.95918187,365958003,2181500
443,builder_17,proposer_10,137636931.56432375,484528005,2627900
444,builder_17,proposer_2,149789820.36767533,626660004,2348400
445,builder_17,proposer_18,162409498.84943014,694440001,23877700
446,builder_17,proposer_7,181929650.86848262,847799997,19831600
447,builder_17,proposer_9,202716357.1488986,856379997,28514400
448,builder_17,proposer_0,225073798.52461413,854180003,28225400
449,builder_17,proposer_0,245106030.9158365,982879992,29345400
450,builder_17,proposer_0,266016186.15352762,1024480007,36535400
451,builder_17,proposer_9,297530783.5345182,1070479998,36385400
452,builder_17,proposer_18,323450378.59695977,1073480004,41315400
453,builder_17,proposer_18,357647662.1053521,1235400001,32158400
454,builder_17,proposer_18,392168644.8735869,1241600004,32158400
455,builder_17,proposer_15,428430455.38086927,1308939991,36511300
456,builder_17,proposer_8,464170173.0673337,1360800002,32053900
457,builder_17,proposer_7,500555236.80321306,1490199998,31795600
458,builder_17,proposer_10,557976908.9089166,1675700000,31972400
459,builder_17,proposer_4,609474230.6459994,1653899998,31835000
460,builder_17,proposer_6,104459388.04639055,208084997,1019200
461,builder_17,proposer_7,113507967.47603166,303837003,1861600
462,builder_17,proposer_17,124949969.95918187,365958003,2181500
463,builder_17,proposer_10,137636931.56432375,484528005,2627900
464,builder_17,proposer_2,149789820.36767533,626660004,2348400
465,builder_17,proposer_18,162409498.84943014,694440001,23877700
466,builder_17,proposer_7,181929650.86848262,847799997,19831600
467,builder_17,proposer_9,202716357.1488986,856379997,28514400
468,builder_17,proposer_0,225073798.52461413,854180003,28225400
469,builder_17,proposer_0,245106030.9158365,982879992,29345400
470,builder_17,proposer_0,266016186.15352762,1024480007,36535400
471,builder_17,proposer_9,297530783.5345182,1070479998,36385400
472,builder_17,proposer_18,323450378.59695977,1073480004,41315400
473,builder_17,proposer_18,357647662.1053521,1235400001,32158400
474,builder_17,proposer_18,392168644.8735869,1241600004,32158400
475,builder_17,proposer_15,428430455.38086927,1308939991,36511300
476,builder_17,proposer_8,464170173.0673337,1360800002,32053900
477,builder_17,proposer_7,500555236.80321306,1490199998,31795600
478,builder_17,proposer_10,557976908.9089166,1675700000,31972400
479,builder_17,proposer_4,609474230.6459994,1653899998,31835000
480,builder_17,proposer_6,104459388.04639055,208084997,1019200
481,builder_17,proposer_7,113507967.47603166,303837003,1861600
482,builder_17,proposer_17,124949969.95918187,365958003,2181500
483,builder_17,proposer_10,137636931.56432375,484528005,2627900
484,builder_17,proposer_2,149789820.36767533,626660004,2348400
485,builder_17,proposer_18,162409498.84943014,694440001,23877700
486,builder_17,proposer_7,181929650.86848262,847799997,19831600
487,builder_17,proposer_9,202716357.1488986,856379997,28514400
488,builder_17,proposer_0,225073798.52461413,854180003,28225400
489,builder_17,proposer_0,245106030.9158365,982879992,29345400
490,builder_17,proposer_0,266016186.15352762,1024480007,36535400
491,builder_17,proposer_9,297530783.5345182,1070479998,36385400
492,builder_17,proposer_18,323450378.59695977,1073480004,41315400
493,builder_17,proposer_18,357647662.1053521,1235400001,32158400
494,builder_17,proposer_18,392168644.8735869,1241600004,32158400
495,builder_17,proposer_15,428430455.38086927,1308939991,36511300
496,builder_17,proposer_8,464170173.0673337,1360800002,32053900
497,builder_17,proposer_7,500555236.80321306,1490199998,31795600
498,builder_17,proposer_10,557976908.9089166,1675700000,31972400
499,builder_17,proposer_4,609474230.6459994,1653899998,31835000
500,builder_17,proposer_6,104459388.04639055,208084997,1019200
501,builder_17,proposer_7,113507967.47603166,303837003,1861600
502,builder_17,proposer_17,124949969.95918187,365958003,2181500
503,builder_17,proposer_10,137636931.56432375,484528005,2627900
504,builder_17,proposer_2,149789820.36767533,626660004,2348400
505,builder_17,proposer_18,162409498.84943014,694440001,23877700
506,builder_17,proposer_7,181929650.86848262,847799997,19831600
507,builder_17,proposer_9,202716357.1488986,856379997,28514400
508,builder_17,proposer_0,225073798.52461413,854180003,28225400
509,builder_17,proposer_0,245106030.9158365,982879992,29345400
510,builder_17,proposer_0,266016186.15352762,1024480007,36535400
511,builder_17,proposer_9,297530783.5345182,1070479998,36385400
512,builder_17,proposer_18,323450378.59695977,1073480004,41315400
513,builder_17,proposer_18,357647662.1053521,1235400001,32158400
514,builder_17,proposer_18,392168644.8735869,1241600004,32158400
515,builder_17,proposer_15,428430455.38086927,1308939991,36511300
516,builder_17,proposer_8,464170173.0673337,1360800002,32053900
517,builder_17,proposer_7,500555236.80321306,1490199998,31795600
518,builder_17,proposer_10,557976908.9089166,1675700000,31972400
519,builder_17,proposer_4,609474230.6459994,1653899998,31835000
520,builder_17,proposer_5,126028146.83274424,247095999,5183900
521,builder_17,proposer_7,138308941.93307853,355279009,6230720
522,builder_17,proposer_7,150875308.6234136,449930000,2557000
523,builder_17,proposer_17,165747471.15662727,686680000,6876900
524,builder_17,proposer_9,179867934.12597093,869500005,6892700
525,builder_17,proposer_7,195261835.42572662,1017999994,25108100
526,builder_17,proposer_0,215641528.69992766,1154920001,28601500
527,builder_17,proposer_13,241293653.16818655,1295420009,12769940
528,builder_17,proposer_4,266052117.6020305,1399320006,31173440
529,builder_17,proposer_4,289503109.16967225,1453820008,30804440
530,builder_17,proposer_17,321743199.6461778,1538620000,31121240
531,builder_17,proposer_18,355656572.0444244,1597520001,30371240
532,builder_17,proposer_18,394867191.2204237,1756466010,36520840
533,builder_17,proposer_16,427794397.7454893,1783456008,36452940
534,builder_17,proposer_0,471366372.2944577,1941046004,50445840
535,builder_17,proposer_4,514477896.2691619,1978846005,50647640
536,builder_17,proposer_15,555387711.2032131,2074965995,56290340
537,builder_17,proposer_12,618441217.3894427,2157066000,56411340
538,builder_17,proposer_18,680594417.8624395,2224665999,56250340
539,builder_17,proposer_15,749187319.6881192,2253766001,56086340
540,builder_17,proposer_5,126028146.83274424,247095999,5183900
541,builder_17,proposer_7,138308941.93307853,355279009,6230720
542,builder_17,proposer_7,150875308.6234136,449930000,2557000
543,builder_17,proposer_17,165747471.15662727,686680000,6876900
544,builder_17,proposer_9,179867934.12597093,869500005,6892700
545,builder_17,proposer_7,195261835.42572662,1017999994,25108100
546,builder_17,proposer_0,215641528.69992766,1154920001,28601500
547,builder_17,proposer_13,241293653.16818655,1295420009,12769940
548,builder_17,proposer_4,266052117.6020305,1399320006,31173440
549,builder_17,proposer_4,289503109.16967225,1453820008,30804440
550,builder_17,proposer_17,321743199.6461778,1538620000,31121240
551,builder_17,proposer_18,355656572.0444244,1597520001,30371240
552,builder_17,proposer_18,394867191.2204237,1756466010,36520840
553,builder_17,proposer_16,427794397.7454893,1783456008,36452940
554,builder_17,proposer_0,471366372.2944577,1941046004,50445840
555,builder_17,proposer_4,514477896.2691619,1978846005,50647640
556,builder_17,proposer_15,555387711.2032131,2074965995,56290340
557,builder_17,proposer_12,618441217.3894427,2157066000,56411340
558,builder_17,proposer_18,680594417.8624395,2224665999,56250340
559,builder_17,proposer_15,749187319.6881192,2253766001,56086340
560,builder_17,proposer_5,126028146.83274424,247095999,5183900
561,builder_17,proposer_7,138308941.93307853,355279009,6230720
562,builder_17,proposer_7,150875308.6234136,449930000,2557000
563,builder_17,proposer_17,165747471.15662727,686680000,6876900
564,builder_17,proposer_9,179867934.12597093,869500005,6892700
565,builder_17,proposer_7,195261835.42572662,1017999994,25108100
566,builder_17,proposer_0,215641528.69992766,1154920001,28601500
567,builder_17,proposer_13,241293653.16818655,1295420009,12769940
568,builder_17,proposer_4,266052117.6020305,1399320006,31173440
569,builder_17,proposer_4,289503109.16967225,1453820008,30804440
570,builder_17,proposer_17,321743199.6461778,1538620000,31121240
571,builder_17,proposer_18,355656572.0444244,1597520001,30371240
572,builder_17,proposer_18,394867191.2204237,1756466010,36520840
573,builder_17,proposer_16,427794397.7454893,1783456008,36452940
574,builder_17,proposer_0,471366372.2944577,1941046004,50445840
575,builder_17,proposer_4,514477896.2691619,1978846005,50647640
576,builder_17,proposer_15,555387711.2032131,2074965995,56290340
577,builder_17,proposer_12,618441217.3894427,2157066000,56411340
578,builder_17,proposer_18,680594417.8624395,2224665999,56250340
579,builder_17,proposer_15,749187319.6881192,2253766001,56086340
580,builder_17,proposer_5,126028146.83274424,247095999,5183900
581,builder_17,proposer_7,138308941.93307853,355279009,6230720
582,builder_17,proposer_7,150875308.6234136,449930000,2557000
583,builder_17,proposer_17,165747471.15662727,686680000,6876900
584,builder_17,proposer_9,179867934.12597093,869500005,6892700
585,builder_17,proposer_7,195261835.42572662,1017999994,25108100
586,builder_17,proposer_0,215641528.69992766,1154920001,28601500
587,builder_17,proposer_13,241293653.16818655,1295420009,12769940
588,builder_17,proposer_4,266052117.6020305,1399320006,31173440
589,builder_17,proposer_4,289503109.16967225,1453820008,30804440
590,builder_17,proposer_17,321743199.6461778,1538620000,31121240
591,builder_17,proposer_18,355656572.0444244,1597520001,30371240
592,builder_17,proposer_18,394867191.2204237,1756466010,36520840
593,builder_17,proposer_16,427794397.7454893,1783456008,36452940
594,builder_17,proposer_0,471366372.2944577,1941046004,50445840
595,builder_17,proposer_4,514477896.2691619,1978846005,50647640
596,builder_17,proposer_15,555387711.2032131,2074965995,56290340
597,builder_17,proposer_12,618441217.3894427,2157066000,56411340
598,builder_17,proposer_18,680594417.8624395,2224665999,56250340
599,builder_17,proposer_15,749187319.6881192,2253766001,56086340
600,builder_17,proposer_5,126028146.83274424,247095999,5183900
601,builder_17,proposer_7,138308941.93307853,355279009,6230720
602,builder_17,proposer_7,150875308.6234136,449930000,2557000
603,builder_17,proposer_17,165747471.15662727,686680000,6876900
604,builder_17,proposer_9,179867934.12597093,869500005,6892700
605,builder_17,proposer_7,195261835.42572662,1017999994,25108100
606,builder_17,proposer_0,215641528.69992766,1154920001,28601500
607,builder_17,proposer_13,241293653.16818655,1295420009,12769940
608,builder_17,proposer_4,266052117.6020305,1399320006,31173440
609,builder_17,proposer_4,289503109.16967225,1453820008,30804440
610,builder_17,proposer_17,321743199.6461778,1538620000,31121240
611,builder_17,proposer_18,355656572.0444244,1597520001,30371240
612,builder_17,proposer_18,394867191.2204237,1756466010,36520840
613,builder_17,proposer_16,427794397.7454893,1783456008,36452940
614,builder_17,proposer_0,471366372.2944577,1941046004,50445840
615,builder_17,proposer_4,514477896.2691619,1978846005,50647640
616,builder_17,proposer_15,555387711.2032131,2074965995,56290340
617,builder_17,proposer_12,618441217.3894427,2157066000,56411340
618,builder_17,proposer_18,680594417.8624395,2224665999,56250340
619,builder_17,proposer_15,749187319.6881192,2253766001,56086340
620,builder_17,proposer_5,126028146.83274424,247095999,5183900
621,builder_17,proposer_7,138308941.93307853,355279009,6230720
622,builder_17,proposer_7,150875308.6234136,449930000,2557000
623,builder_17,proposer_17,165747471.15662727,686680000,6876900
624,builder_17,proposer_9,179867934.12597093,869500005,6892700
625,builder_17,proposer_7,195261835.42572662,1017999994,25108100
626,builder_17,proposer_0,215641528.69992766,1154920001,28601500
627,builder_17,proposer_13,241293653.16818655,1295420009,12769940
628,builder_17,proposer_4,266052117.6020305,1399320006,31173440
629,builder_17,proposer_4,289503109.16967225,1453820008,30804440
630,builder_17,proposer_17,321743199.6461778,1538620000,31121240
631,builder_17,proposer_18,355656572.0444244,1597520001,30371240
632,builder_17,proposer_18,394867191.2204237,1756466010,36520840
633,builder_17,proposer_16,427794397.7454893,1783456008,36452940
634,builder_17,proposer_0,471366372.2944577,1941046004,50445840
635,builder_17,proposer_4,514477896.2691619,1978846005,50647640
636,builder_17,proposer_15,555387711.2032131,2074965995,56290340
637,builder_17,proposer_12,618441217.3894427,2157066000,56411340
638,builder_17,proposer_18,680594417.8624395,2224665999,56250340
639,builder_17,proposer_15,749187319.6881192,2253766001,56086340
640,builder_17,proposer_5,126028146.83274424,247095999,5183900
641,builder_17,proposer_7,138308941.93307853,355279009,6230720
642,builder_17,proposer_7,150875308.6234136,449930000,2557000
643,builder_17,proposer_17,165747471.15662727,686680000,6876900
644,builder_17,proposer_9,179867934.12597093,869500005,6892700
645,builder_17,proposer_7,195261835.42572662,1017999994,25108100
646,builder_17,proposer_0,215641528.69992766,1154920001,28601500
647,builder_17,proposer_13,241293653.16818655,1295420009,12769940
648,builder_17,proposer_4,266052117.6020305,1399320006,31173440
649,builder_17,proposer_4,289503109.16967225,1453820008,30804440
650,builder_17,proposer_17,321743199.6461778,1538620000,31121240
651,builder_17,proposer_18,355656572.0444244,1597520001,30371240
652,builder_17,proposer_18,394867191.2204237,1756466010,36520840
653,builder_17,proposer_16,427794397.7454893,1783456008,36452940
654,builder_17,proposer_0,471366372.2944577,1941046004,50445840
655,builder_17,proposer_4,514477896.2691619,1978846005,50647640
656,builder_17,proposer_15,555387711.2032131,2074965995,56290340
657,builder_17,proposer_12,618441217.3894427,2157066000,56411340
658,builder_17,proposer_18,680594417.8624395,2224665999,56250340
659,builder_17,proposer_15,749187319.6881192,2253766001,56086340
660,builder_17,proposer_5,126028146.83274424,247095999,5183900
661,builder_17,proposer_7,138308941.93307853,355279009,6230720
662,builder_17,proposer_7,150875308.6234136,449930000,2557000
663,builder_17,proposer_17,165747471.15662727,686680000,6876900
664,builder_17,proposer_9,179867934.12597093,869500005,6892700
665,builder_17,proposer_7,195261835.42572662,1017999994,25108100
666,builder_17,proposer_0,215641528.69992766,1154920001,28601500
667,builder_17,proposer_13,241293653.16818655,1295420009,12769940
668,builder_17,proposer_4,266052117.6020305,1399320006,31173440
669,builder_17,proposer_4,289503109.16967225,1453820008,30804440
670,builder_17,proposer_17,321743199.6461778,1538620000,31121240
671,builder_17,proposer_18,355656572.0444244,1597520001,30371240
672,builder_17,proposer_18,394867191.2204237,1756466010,36520840
673,builder_17,proposer_16,427794397.7454893,1783456008,36452940
674,builder_17,proposer_0,471366372.2944577,1941046004,50445840
675,builder_17,proposer_4,514477896.2691619,1978846005,50647640
676,builder_17,proposer_15,555387711.2032131,2074965995,56290340
677,builder_17,proposer_12,618441217.3894427,2157066000,56411340
678,builder_17,proposer_18,680594417.8624395,2224665999,56250340
679,builder_17,proposer_15,749187319.6881192,2253766001,56086340
680,builder_17,proposer_5,126028146.83274424,247095999,5183900
681,builder_17,proposer_7,138308941.93307853,355279009,6230720
682,builder_17,proposer_7,150875308.6234136,449930000,2557000
683,builder_17,proposer_17,165747471.15662727,686680000,6876900
684,builder_17,proposer_9,179867934.12597093,869500005,6892700
685,builder_17,proposer_7,195261835.42572662,1017999994,25108100
686,builder_17,proposer_0,215641528.69992766,1154920001,28601500
687,builder_17,proposer_13,241293653.16818655,1295420009,12769940
688,builder_17,proposer_4,266052117.6020305,1399320006,31173440
689,builder_17,proposer_4,289503109.16967225,1453820008,30804440
690,builder_17,proposer_17,321743199.6461778,1538620000,31121240
691,builder_17,proposer_18,355656572.0444244,1597520001,30371240
692,builder_17,proposer_18,394867191.2204237,1756466010,36520840
693,builder_17,proposer_16,427794397.7454893,1783456008,36452940
694,builder_17,proposer_0,471366372.2944577,1941046004,50445840
695,builder_17,proposer_4,514477896.2691619,1978846005,50647640
696,builder_17,proposer_15,555387711.2032131,2074965995,56290340
697,builder_17,proposer_12,618441217.3894427,2157066000,56411340
698,builder_17,proposer_18,680594417.8624395,2224665999,56250340
699,builder_17,proposer_15,749187319.6881192,2253766001,56086340
700,builder_17,proposer_5,126028146.83274424,247095999,5183900
701,builder_17,proposer_7,138308941.93307853,355279009,6230720
702,builder_17,proposer_7,150875308.6234136,449930000,2557000
703,builder_17,proposer_17,165747471.15662727,686680000,6876900
704,builder_17,proposer_9,179867934.12597093,869500005,6892700
705,builder_17,proposer_7,195261835.42572662,1017999994,25108100
706,builder_17,proposer_0,215641528.69992766,1154920001,28601500
707,builder_17,proposer_13,241293653.16818655,1295420009,12769940
708,builder_17,proposer_4,266052117.6020305,1399320006,31173440
709,builder_17,proposer_4,289503109.16967225,1453820008,30804440
710,builder_17,proposer_17,321743199.6461778,1538620000,31121240
711,builder_17,proposer_18,355656572.0444244,1597520001,30371240
712,builder_17,proposer_18,394867191.2204237,1756466010,36520840
713,builder_17,proposer_16,427794397.7454893,1783456008,36452940
714,builder_17,proposer_0,471366372.2944577,1941046004,50445840
715,builder_17,proposer_4,514477896.2691619,1978846005,50647640
716,builder_17,proposer_15,555387711.2032131,2074965995,56290340
717,builder_17,proposer_12,618441217.3894427,2157066000,56411340
718,builder_17,proposer_18,680594417.8624395,2224665999,56250340
719,builder_17,proposer_15,749187319.6881192,2253766001,56086340
720,builder_17,proposer_5,126028146.83274424,247095999,5183900
721,builder_17,proposer_7,138308941.93307853,355279009,6230720
722,builder_17,proposer_7,150875308.6234136,449930000,2557000
723,builder_17,proposer_17,165747471.15662727,686680000,6876900
724,builder_17,proposer_9,179867934.12597093,869500005,6892700
725,builder_17,proposer_7,195261835.42572662,1017999994,25108100
726,builder_17,proposer_0,215641528.69992766,1154920001,28601500
727,builder_17,proposer_13,241293653.16818655,1295420009,12769940
728,builder_17,proposer_4,266052117.6020305,1399320006,31173440
729,builder_17,proposer_4,289503109.16967225,1453820008,30804440
730,builder_17,proposer_17,321743199.6461778,1538620000,31121240
731,builder_17,proposer_18,355656572.0444244,1597520001,30371240
732,builder_17,proposer_18,394867191.2204237,1756466010,36520840
733,builder_17,proposer_16,427794397.7454893,1783456008,36452940
734,builder_17,proposer_0,471366372.2944577,1941046004,50445840
735,builder_17,proposer_4,514477896.2691619,1978846005,50647640
736,builder_17,proposer_15,555387711.2032131,2074965995,56290340
737,builder_17,proposer_12,618441217.3894427,2157066000,56411340
738,builder_17,proposer_18,680594417.8624395,2224665999,56250340
739,builder_17,proposer_15,749187319.6881192,2253766001,56086340
740,builder_17,proposer_5,126028146.83274424,247095999,5183900
741,builder_17,proposer_7,138308941.93307853,355279009,6230720
742,builder_17,proposer_7,150875308.6234136,449930000,2557000
743,builder_17,proposer_17,165747471.15662727,686680000,6876900
744,builder_17,proposer_9,179867934.12597093,869500005,6892700
745,builder_17,proposer_7,195261835.42572662,1017999994,25108100
746,builder_17,proposer_0,215641528.69992766,1154920001,28601500
747,builder_17,proposer_13,241293653.16818655,1295420009,12769940
748,builder_17,proposer_4,266052117.6020305,1399320006,31173440
749,builder_17,proposer_4,289503109.16967225,1453820008,30804440
750,builder_17,proposer_17,321743199.6461778,1538620000,31121240
751,builder_17,proposer_18,355656572.0444244,1597520001,30371240
752,builder_17,proposer_18,394867191.2204237,1756466010,36520840
753,builder_17,proposer_16,427794397.7454893,1783456008,36452940
754,builder_17,proposer_0,471366372.2944577,1941046004,50445840
755,builder_17,proposer_4,514477896.2691619,1978846005,50647640
756,builder_17,proposer_15,555387711.2032131,2074965995,56290340
757,builder_17,proposer_12,618441217.3894427,2157066000,56411340
758,builder_17,proposer_18,680594417.8624395,2224665999,56250340
759,builder_17,proposer_15,749187319.6881192,2253766001,56086340
760,builder_17,proposer_5,126028146.83274424,247095999,5183900
761,builder_17,proposer_7,138308941.93307853,355279009,6230720
762,builder_17,proposer_7,150875308.6234136,449930000,2557000
763,builder_17,proposer_17,165747471.15662727,686680000,6876900
764,builder_17,proposer_9,179867934.12597093,869500005,6892700
765,builder_17,proposer_7,195261835.42572662,1017999994,25108100
766,builder_17,proposer_0,215641528.69992766,1154920001,28601500
767,builder_17,proposer_13,241293653.16818655,1295420009,12769940
768,builder_17,proposer_4,266052117.6020305,1399320006,31173440
769,builder_17,proposer_4,289503109.16967225,1453820008,30804440
770,builder_17,proposer_17,321743199.6461778,1538620000,31121240
771,builder_17,proposer_18,355656572.0444244,1597520001,30371240
772,builder_17,proposer_18,394867191.2204237,1756466010,36520840
773,builder_17,proposer_16,427794397.7454893,1783456008,36452940
774,builder_17,proposer_0,471366372.2944577,1941046004,50445840
775,builder_17,proposer_4,514477896.2691619,1978846005,50647640
776,builder_17,proposer_15,555387711.2032131,2074965995,56290340
777,builder_17,proposer_12,618441217.3894427,2157066000,56411340
778,builder_17,proposer_18,680594417.8624395,2224665999,56250340
779,builder_17,proposer_15,749187319.6881192,2253766001,56086340
780,builder_17,proposer_18,110599553.1093376,217759007,1240590
781,builder_17,proposer_2,120276298.26327263,359494005,2146070
782,builder_17,proposer_9,134366288.99989134,581713993,2265030
783,builder_17,proposer_9,150317735.5525506,738400002,2442860
784,builder_17,proposer_1,165019151.6352584,823399997,2389680
785,builder_17,proposer_14,180123110.1344659,844339998,7789720
786,builder_17,proposer_13,198703589.1249056,966639998,7400290
787,builder_17,proposer_10,222747813.7427978,1006740000,14822050
788,builder_17,proposer_17,241896931.60943624,1160639993,8075070
789,builder_17,proposer_9,270824218.12503904,1224140001,16164570
790,builder_17,proposer_15,293335401.967573,1397340001,15324270
791,builder_17,proposer_3,321746293.0507446,1362600001,26767070
792,builder_17,proposer_7,351825887.55884945,1488440009,19077470
793,builder_17,proposer_19,390538658.41778827,1539660001,21953270
794,builder_17,proposer_7,432973690.8368497,1593160000,22001870
795,builder_17,proposer_13,473151998.98324424,1607500000,39687970
796,builder_17,proposer_4,520272314.92283094,1711000003,39724770
797,builder_17,proposer_13,568878728.2894077,1712300003,39724770
798,builder_17,proposer_11,630938018.7324454,1757280005,61744770
799,builder_17,proposer_18,680806229.2108917,1815940001,44025070
800,builder_17,proposer_18,110599553.1093376,217759007,1240590
801,builder_17,proposer_2,120276298.26327263,359494005,2146070
802,builder_17,proposer_9,134366288.99989134,581713993,2265030
803,builder_17,proposer_9,150317735.5525506,738400002,2442860
804,builder_17,proposer_1,165019151.6352584,823399997,2389680
805,builder_17,proposer_14,180123110.1344659,844339998,7789720
806,builder_17,proposer_13,198703589.1249056,966639998,7400290
807,builder_17,proposer_10,222747813.7427978,1006740000,14822050
808,builder_17,proposer_17,241896931.60943624,1160639993,8075070
809,builder_17,proposer_9,270824218.12503904,1224140001,16164570
810,builder_17,proposer_15,293335401.967573,1397340001,15324270
811,builder_17,proposer_3,321746293.0507446,1362600001,26767070
812,builder_17,proposer_7,351825887.55884945,1488440009,19077470
813,builder_17,proposer_19,390538658.41778827,1539660001,21953270
814,builder_17,proposer_7,432973690.8368497,1593160000,22001870
815,builder_17,proposer_13,473151998.98324424,1607500000,39687970
816,builder_17,proposer_4,520272314.92283094,1711000003,39724770
817,builder_17,proposer_13,568878728.2894077,1712300003,39724770
818,builder_17,proposer_11,630938018.7324454,1757280005,61744770
819,builder_17,proposer_18,680806229.2108917,1815940001,44025070
820,builder_17,proposer_18,110599553.1093376,217759007,1240590
821,builder_17,proposer_2,120276298.26327263,359494005,2146070
822,builder_17,proposer_9,134366288.99989134,581713993,2265030
823,builder_17,proposer_9,150317735.5525506,738400002,2442860
824,builder_17,proposer_1,165019151.6352584,823399997,2389680
825,builder_17,proposer_14,180123110.1344659,844339998,7789720
826,builder_17,proposer_13,198703589.1249056,966639998,7400290
827,builder_17,proposer_10,222747813.7427978,1006740000,14822050
828,builder_17,proposer_17,241896931.60943624,1160639993,8075070
829,builder_17,proposer_9,270824218.12503904,1224140001,16164570
830,builder_17,proposer_15,293335401.967573,1397340001,15324270
831,builder_17,proposer_3,321746293.0507446,1362600001,26767070
832,builder_17,proposer_7,351825887.55884945,1488440009,19077470
833,builder_17,proposer_19,390538658.41778827,1539660001,21953270
834,builder_17,proposer_7,432973690.8368497,1593160000,22001870
835,builder_17,proposer_13,473151998.98324424,1607500000,39687970
836,builder_17,proposer_4,520272314.92283094,1711000003,39724770
837,builder_17,proposer_13,568878728.2894077,1712300003,39724770
838,builder_17,proposer_11,630938018.7324454,1757280005,61744770
839,builder_17,proposer_18,680806229.2108917,1815940001,44025070
840,builder_17,proposer_18,110599553.1093376,217759007,1240590
841,builder_17,proposer_2,120276298.26327263,359494005,2146070
842,builder_17,proposer_9,134366288.99989134,581713993,2265030
843,builder_17,proposer_9,150317735.5525506,738400002,2442860
844,builder_17,proposer_1,165019151.6352584,823399997,2389680
845,builder_17,proposer_14,180123110.1344659,844339998,7789720
846,builder_17,proposer_13,198703589.1249056,966639998,7400290
847,builder_17,proposer_10,222747813.7427978,1006740000,14822050
848,builder_17,proposer_17,241896931.60943624,1160639993,8075070
849,builder_17,proposer_9,270824218.12503904,1224140001,16164570
850,builder_17,proposer_15,293335401.967573,1397340001,15324270
851,builder_17,proposer_3,321746293.0507446,1362600001,26767070
852,builder_17,proposer_7,351825887.55884945,1488440009,19077470
853,builder_17,proposer_19,390538658.41778827,1539660001,21953270
854,builder_17,proposer_7,432973690.8368497,1593160000,22001870
855,builder_17,proposer_13,473151998.98324424,1607500000,39687970
856,builder_17,proposer_4,520272314.92283094,1711000003,39724770
857,builder_17,proposer_13,568878728.2894077,1712300003,39724770
858,builder_17,proposer_11,630938018.7324454,1757280005,61744770
859,builder_17,proposer_18,680806229.2108917,1815940001,44025070
860,builder_17,proposer_18,110599553.1093376,217759007,1240590
861,builder_17,proposer_2,120276298.26327263,359494005,2146070
862,builder_17,proposer_9,134366288.99989134,581713993,2265030
863,builder_17,proposer_9,150317735.5525506,738400002,2442860
864,builder_17,proposer_1,165019151.6352584,823399997,2389680
865,builder_17,proposer_14,180123110.1344659,844339998,7789720
866,builder_17,proposer_13,198703589.1249056,966639998,7400290
867,builder_17,proposer_10,222747813.7427978,1006740000,14822050
868,builder_17,proposer_17,241896931.60943624,1160639993,8075070
869,builder_17,proposer_9,270824218.12503904,1224140001,16164570
870,builder_17,proposer_15,293335401.967573,1397340001,15324270
871,builder_17,proposer_3,321746293.0507446,1362600001,26767070
872,builder_17,proposer_7,351825887.55884945,1488440009,19077470
873,builder_17,proposer_19,390538658.41778827,1539660001,21953270
874,builder_17,proposer_7,432973690.8368497,1593160000,22001870
875,builder_17,proposer_13,473151998.98324424,1607500000,39687970
876,builder_17,proposer_4,520272314.92283094,1711000003,39724770
877,builder_17,proposer_13,568878728.2894077,1712300003,39724770
878,builder_17,proposer_11,630938018.7324454,1757280005,61744770
879,builder_17,proposer_18,680806229.2108917,1815940001,44025070
880,builder_17,proposer_18,110599553.1093376,217759007,1240590
881,builder_17,proposer_2,120276298.26327263,359494005,2146070
882,builder_17,proposer_9,134366288.99989134,581713993,2265030
883,builder_17,proposer_9,150317735.5525506,738400002,2442860
884,builder_17,proposer_1,165019151.6352584,823399997,2389680
885,builder_17,proposer_14,180123110.1344659,844339998,7789720
886,builder_17,proposer_13,198703589.1249056,966639998,7400290
887,builder_17,proposer_10,222747813.7427978,1006740000,14822050
888,builder_17,proposer_17,241896931.60943624,1160639993,8075070
889,builder_17,proposer_9,270824218.12503904,1224140001,16164570
890,builder_17,proposer_15,293335401.967573,1397340001,15324270
891,builder_17,proposer_3,321746293.0507446,1362600001,26767070
892,builder_17,proposer_7,351825887.55884945,1488440009,19077470
893,builder_17,proposer_19,390538658.41778827,1539660001,21953270
894,builder_17,proposer_7,432973690.8368497,1593160000,22001870
895,builder_17,proposer_13,473151998.98324424,1607500000,39687970
896,builder_17,proposer_4,520272314.92283094,1711000003,39724770
897,builder_17,proposer_13,568878728.2894077,1712300003,39724770
898,builder_17,proposer_11,630938018.7324454,1757280005,61744770
899,builder_17,proposer_18,680806229.2108917,1815940001,44025070
900,builder_17,proposer_18,110599553.1093376,217759007,1240590
901,builder_17,proposer_2,120276298.26327263,359494005,2146070
902,builder_17,proposer_9,134366288.99989134,581713993,2265030
903,builder_17,proposer_9,150317735.5525506,738400002,2442860
904,builder_17,proposer_1,165019151.6352584,823399997,2389680
905,builder_17,proposer_14,180123110.1344659,844339998,7789720
906,builder_17,proposer_13,198703589.1249056,966639998,7400290
907,builder_17,proposer_10,222747813.7427978,1006740000,14822050
908,builder_17,proposer_17,241896931.60943624,1160639993,8075070
909,builder_17,proposer_9,270824218.12503904,1224140001,16164570
910,builder_17,proposer_15,293335401.967573,1397340001,15324270
911,builder_17,proposer_3,321746293.0507446,1362600001,26767070
912,builder_17,proposer_7,351825887.55884945,1488440009,19077470
913,builder_17,proposer_19,390538658.41778827,1539660001,21953270
914,builder_17,proposer_7,432973690.8368497,1593160000,22001870
915,builder_17,proposer_13,473151998.98324424,1607500000,39687970
916,builder_17,proposer_4,520272314.92283094,1711000003,39724770
917,builder_17,proposer_13,568878728.2894077,1712300003,39724770
918,builder_17,proposer_11,630938018.7324454,1757280005,61744770
919,builder_17,proposer_18,680806229.2108917,1815940001,44025070
920,builder_17,proposer_18,110599553.1093376,217759007,1240590
921,builder_17,proposer_2,120276298.26327263,359494005,2146070
922,builder_17,proposer_9,134366288.99989134,581713993,2265030
923,builder_17,proposer_9,150317735.5525506,738400002,2442860
924,builder_17,proposer_1,165019151.6352584,823399997,2389680
925,builder_17,proposer_14,180123110.1344659,844339998,7789720
926,builder_17,proposer_13,198703589.1249056,966639998,7400290
927,builder_17,proposer_10,222747813.7427978,1006740000,14822050
928,builder_17,proposer_17,241896931.60943624,1160639993,8075070
929,builder_17,proposer_9,270824218.12503904,1224140001,16164570
930,builder_17,proposer_15,293335401.967573,1397340001,15324270
931,builder_17,proposer_3,321746293.0507446,1362600001,26767070
932,builder_17,proposer_7,351825887.55884945,1488440009,19077470
933,builder_17,proposer_19,390538658.41778827,1539660001,21953270
934,builder_17,proposer_7,432973690.8368497,1593160000,22001870
935,builder_17,proposer_13,473151998.98324424,1607500000,39687970
936,builder_17,proposer_4,520272314.92283094,1711000003,39724770
937,builder_17,proposer_13,568878728.2894077,1712300003,39724770
938,builder_17,proposer_11,630938018.7324454,1757280005,61744770
939,builder_17,proposer_18,680806229.2108917,1815940001,44025070
940,builder_17,proposer_18,110599553.1093376,217759007,1240590
941,builder_17,proposer_2,120276298.26327263,359494005,2146070
942,builder_17,proposer_9,134366288.99989134,581713993,2265030
943,builder_17,proposer_9,150317735.5525506,738400002,2442860
944,builder_17,proposer_1,165019151.6352584,823399997,2389680
945,builder_17,proposer_14,180123110.1344659,844339998,7789720
946,builder_17,proposer_13,198703589.1249056,966639998,7400290
947,builder_17,proposer_10,222747813.7427978,1006740000,14822050
948,builder_17,proposer_17,241896931.60943624,1160639993,8075070
949,builder_17,proposer_9,270824218.12503904,1224140001,16164570
950,builder_17,proposer_15,293335401.967573,1397340001,15324270
951,builder_17,proposer_3,321746293.0507446,1362600001,26767070
952,builder_17,proposer_7,351825887.55884945,1488440009,19077470
953,builder_17,proposer_19,390538658.41778827,1539660001,21953270
954,builder_17,proposer_7,432973690.8368497,1593160000,22001870
955,builder_17,proposer_13,473151998.98324424,1607500000,39687970
956,builder_17,proposer_4,520272314.92283094,1711000003,39724770
957,builder_17,proposer_13,568878728.2894077,1712300003,39724770
958,builder_17,proposer_11,630938018.7324454,1757280005,61744770
959,builder_17,proposer_18,680806229.2108917,1815940001,44025070
960,builder_17,proposer_18,110599553.1093376,217759007,1240590
961,builder_17,proposer_2,120276298.26327263,359494005,2146070
962,builder_17,proposer_9,134366288.99989134,581713993,2265030
963,builder_17,proposer_9,150317735.5525506,738400002,2442860
964,builder_17,proposer_1,165019151.6352584,823399997,2389680
965,builder_17,proposer_14,180123110.1344659,844339998,7789720
966,builder_17,proposer_13,198703589.1249056,966639998,7400290
967,builder_17,proposer_10,222747813.7427978,1006740000,14822050
968,builder_17,proposer_17,241896931.60943624,1160639993,8075070
969,builder_17,proposer_9,270824218.12503904,1224140001,16164570
970,builder_17,proposer_15,293335401.967573,1397340001,15324270
971,builder_17,proposer_3,321746293.0507446,1362600001,26767070
972,builder_17,proposer_7,351825887.55884945,1488440009,19077470
973,builder_17,proposer_19,390538658.41778827,1539660001,21953270
974,builder_17,proposer_7,432973690.8368497,1593160000,22001870
975,builder_17,proposer_13,473151998.98324424,1607500000,39687970
976,builder_17,proposer_4,520272314.92283094,1711000003,39724770
977,builder_17,proposer_13,568878728.2894077,1712300003,39724770
978,builder_17,proposer_11,630938018.7324454,1757280005,61744770
979,builder_17,proposer_18,680806229.2108917,1815940001,44025070
980,builder_17,proposer_18,110599553.1093376,217759007,1240590
981,builder_17,proposer_2,120276298.26327263,359494005,2146070
982,builder_17,proposer_9,134366288.99989134,581713993,2265030
983,builder_17,proposer_9,150317735.5525506,738400002,2442860
984,builder_17,proposer_1,165019151.6352584,823399997,2389680
985,builder_17,proposer_14,180123110.1344659,844339998,7789720
986,builder_17,proposer_13,198703589.1249056,966639998,7400290
987,builder_17,proposer_10,222747813.7427978,1006740000,14822050
988,builder_17,proposer_17,241896931.60943624,1160639993,8075070
989,builder_17,proposer_9,270824218.12503904,1224140001,16164570
990,builder_17,proposer_15,293335401.967573,1397340001,15324270
991,builder_17,proposer_3,321746293.0507446,1362600001,26767070
992,builder_17,proposer_7,351825887.55884945,1488440009,19077470
993,builder_17,proposer_19,390538658.41778827,1539660001,21953270
994,builder_17,proposer_7,432973690.8368497,1593160000,22001870
995,builder_17,proposer_13,473151998.98324424,1607500000,39687970
996,builder_17,proposer_4,520272314.92283094,1711000003,39724770
997,builder_17,proposer_13,568878728.2894077,1712300003,39724770
998,builder_17,proposer_11,630938018.7324454,1757280005,61744770
999,builder_17,proposer_18,680806229.2108917,1815940001,44025070
