id,position,gas_fee,mev_potential,creator_id,created_at,included_at,target_tx
11,1,43000000,0,user_9,0,19,
67,22,5000000,0,user_49,0,19,
58,62,3600000,108000,user_46,0,19,
15,97,2600000,0,user_11,0,9,
64,98,2100000,0,user_48,0,7,
10,97,2000000,0,user_8,0,6,
52,63,1700000,350000,user_40,0,3,
54,74,1600000,0,user_40,0,3,
60,81,1400000,47700,user_46,0,3,
13,84,1100000,0,user_11,0,3,
17,62,660001,0,user_14,0,2,5
6,93,660001,0,user_5,0,3,5
8,94,660001,0,user_5,0,3,5
21,73,660001,0,user_17,0,2,5
23,90,660001,0,user_18,0,3,5
24,91,660001,0,user_18,0,3,5
25,92,660001,0,user_18,0,3,5
37,89,660001,0,user_28,0,3,5
19,95,660001,0,user_15,0,3,5
41,98,660001,0,user_33,0,3,5
42,99,660001,0,user_33,0,3,5
29,97,660001,0,user_22,0,3,5
31,67,660001,0,user_25,0,2,5
32,68,660001,0,user_25,0,2,5
35,96,660001,0,user_27,0,3,5
5,77,660000,14200,user_4,0,2,
16,78,659999,0,user_14,0,2,5
7,79,659999,0,user_5,0,2,5
22,86,659999,0,user_18,0,2,5
26,87,659999,0,user_18,0,2,5
43,80,659999,0,user_34,0,2,5
44,81,659999,0,user_34,0,2,5
33,82,659999,0,user_26,0,2,5
34,83,659999,0,user_26,0,2,5
36,84,659999,0,user_27,0,2,5
46,85,659999,0,user_36,0,2,5
66,98,460000,283000,user_49,0,2,
62,82,360000,0,user_48,0,1,
56,83,340000,0,user_42,0,1,
12,84,310000,0,user_11,0,1,
4,85,260000,0,user_4,0,1,
14,87,220000,0,user_11,0,1,
65,88,220000,0,user_48,0,1,
51,89,170000,0,user_40,0,1,
2,90,150001,0,user_2,0,1,1
9,91,150001,0,user_7,0,1,1
18,92,150001,0,user_15,0,1,1
38,94,150001,0,user_29,0,1,1
47,93,150001,0,user_36,0,1,1
45,95,150001,0,user_35,0,1,1
1,97,150000,39400,user_1,0,1,
53,99,150000,0,user_40,0,1,
61,98,150000,0,user_47,0,1,
63,53,150000,0,user_48,0,0,
3,54,149999,0,user_3,0,0,1
20,55,149999,0,user_16,0,0,1
30,56,149999,0,user_23,0,0,1
39,57,149999,0,user_30,0,0,1
28,58,149999,0,user_20,0,0,1
40,59,149999,0,user_31,0,0,1
59,60,120000,0,user_46,0,0,
50,61,110000,0,user_40,0,0,
55,62,82000,0,user_41,0,0,
0,63,80000,0,user_1,0,0,
11,1,43000000,0,user_9,0,19,
122,5,30000000,6390,user_41,1,19,
67,22,5000000,0,user_49,0,19,
120,26,5000000,67500,user_41,1,19,
124,25,5000000,0,user_42,1,19,
110,46,3600001,0,user_32,1,19,58
84,45,3600001,0,user_6,1,19,58
99,43,3600001,0,user_21,1,19,58
58,62,3600000,108000,user_46,0,19,
104,82,3599999,0,user_28,1,19,58
114,80,3599999,0,user_36,1,19,58
115,81,3599999,0,user_36,1,19,58
15,97,2600000,0,user_11,0,9,
64,98,2100000,0,user_48,0,7,
10,97,2000000,0,user_8,0,6,
119,99,2000000,0,user_40,1,6,
118,98,2000000,0,user_39,1,6,
74,97,1700001,0,user_0,1,4,52
76,98,1700001,0,user_0,1,4,52
77,99,1700001,0,user_0,1,4,52
79,61,1700001,0,user_2,1,3,52
91,96,1700001,0,user_14,1,4,52
82,99,1700001,0,user_5,1,5,52
83,59,1700001,0,user_6,1,3,52
102,58,1700001,0,user_25,1,3,52
52,63,1700000,350000,user_40,0,3,
75,64,1699999,0,user_0,1,3,52
78,68,1699999,0,user_1,1,3,52
81,69,1699999,0,user_4,1,3,52
85,70,1699999,0,user_7,1,3,52
93,71,1699999,0,user_18,1,3,52
92,65,1699999,0,user_15,1,3,52
106,72,1699999,0,user_29,1,3,52
107,73,1699999,0,user_29,1,3,52
54,74,1600000,0,user_40,0,3,
103,78,1400001,0,user_27,1,3,60
113,79,1400001,0,user_36,1,3,60
60,81,1400000,47700,user_46,0,3,
73,82,1399999,0,user_0,1,3,60
13,84,1100000,0,user_11,0,3,
48,88,670000,0,user_38,0,3,
17,62,660001,0,user_14,0,2,5
21,73,660001,0,user_17,0,2,5
23,90,660001,0,user_18,0,3,5
24,91,660001,0,user_18,0,3,5
25,92,660001,0,user_18,0,3,5
6,93,660001,0,user_5,0,3,5
8,94,660001,0,user_5,0,3,5
29,97,660001,0,user_22,0,3,5
19,95,660001,0,user_15,0,3,5
41,98,660001,0,user_33,0,3,5
42,99,660001,0,user_33,0,3,5
31,67,660001,0,user_25,0,2,5
32,68,660001,0,user_25,0,2,5
35,96,660001,0,user_27,0,3,5
27,61,660001,0,user_19,0,2,5
37,89,660001,0,user_28,0,3,5
5,77,660000,14200,user_4,0,2,
16,78,659999,0,user_14,0,2,5
22,86,659999,0,user_18,0,2,5
26,87,659999,0,user_18,0,2,5
7,79,659999,0,user_5,0,2,5
33,82,659999,0,user_26,0,2,5
34,83,659999,0,user_26,0,2,5
36,84,659999,0,user_27,0,2,5
46,85,659999,0,user_36,0,2,5
43,80,659999,0,user_34,0,2,5
44,81,659999,0,user_34,0,2,5
127,88,650000,0,user_49,1,2,
80,90,460001,0,user_3,1,2,66
94,89,460001,0,user_18,1,2,66
105,96,460001,0,user_28,1,2,66
111,95,460001,0,user_33,1,2,66
100,91,460001,0,user_22,1,2,66
108,92,460001,0,user_30,1,2,66
98,94,460001,0,user_20,1,2,66
66,98,460000,283000,user_49,0,2,
88,77,459999,0,user_9,1,1,66
89,78,459999,0,user_9,1,1,66
86,99,459999,0,user_7,1,2,66
101,80,459999,0,user_23,1,1,66
123,81,420000,369000,user_41,1,1,
62,82,360000,0,user_48,0,1,
56,83,340000,0,user_42,0,1,
12,84,310000,0,user_11,0,1,
4,85,260000,0,user_4,0,1,
128,86,260000,0,user_49,1,1,
14,87,220000,0,user_11,0,1,
65,88,220000,0,user_48,0,1,
51,89,170000,0,user_40,0,1,
2,90,150001,0,user_2,0,1,1
9,91,150001,0,user_7,0,1,1
18,92,150001,0,user_15,0,1,1
47,93,150001,0,user_36,0,1,1
38,94,150001,0,user_29,0,1,1
45,95,150001,0,user_35,0,1,1
109,96,150001,0,user_31,1,1,1
1,97,150000,39400,user_1,0,1,
61,98,150000,0,user_47,0,1,
53,99,150000,0,user_40,0,1,
11,1,43000000,0,user_9,0,19,
122,5,30000000,6390,user_41,1,19,
196,20,5200000,0,user_49,2,19,
124,25,5000000,0,user_42,1,19,
120,26,5000000,67500,user_41,1,19,
67,22,5000000,0,user_49,0,19,
99,43,3600001,0,user_21,1,19,58
84,45,3600001,0,user_6,1,19,58
95,44,3600001,0,user_19,1,19,58
110,46,3600001,0,user_32,1,19,58
159,47,3600001,0,user_14,2,19,58
165,48,3600001,0,user_17,2,19,58
161,49,3600001,0,user_15,2,19,58
58,62,3600000,108000,user_46,0,19,
97,79,3599999,0,user_19,1,19,58
114,80,3599999,0,user_36,1,19,58
115,81,3599999,0,user_36,1,19,58
104,82,3599999,0,user_28,1,19,58
162,67,3599999,0,user_16,2,19,58
164,83,3599999,0,user_17,2,19,58
167,84,3599999,0,user_17,2,19,58
177,89,3599999,0,user_29,2,19,58
170,86,3599999,0,user_21,2,19,58
171,87,3599999,0,user_22,2,19,58
169,85,3599999,0,user_20,2,19,58
175,88,3599999,0,user_27,2,19,58
15,97,2600000,0,user_11,0,9,
64,98,2100000,0,user_48,0,7,
119,99,2000000,0,user_40,1,6,
118,98,2000000,0,user_39,1,6,
10,97,2000000,0,user_8,0,6,
79,61,1700001,0,user_2,1,3,52
91,96,1700001,0,user_14,1,4,52
82,99,1700001,0,user_5,1,5,52
83,59,1700001,0,user_6,1,3,52
102,58,1700001,0,user_25,1,3,52
74,97,1700001,0,user_0,1,4,52
76,98,1700001,0,user_0,1,4,52
77,99,1700001,0,user_0,1,4,52
172,98,1700001,0,user_23,2,5,52
52,63,1700000,350000,user_40,0,3,
78,68,1699999,0,user_1,1,3,52
85,70,1699999,0,user_7,1,3,52
93,71,1699999,0,user_18,1,3,52
81,69,1699999,0,user_4,1,3,52
92,65,1699999,0,user_15,1,3,52
106,72,1699999,0,user_29,1,3,52
107,73,1699999,0,user_29,1,3,52
142,66,1699999,0,user_0,2,3,52
75,64,1699999,0,user_0,1,3,52
174,67,1699999,0,user_24,2,3,52
54,74,1600000,0,user_40,0,3,
103,78,1400001,0,user_27,1,3,60
113,79,1400001,0,user_36,1,3,60
125,80,1400000,0,user_44,1,3,
60,81,1400000,47700,user_46,0,3,
73,82,1399999,0,user_0,1,3,60
13,84,1100000,0,user_11,0,3,
187,85,970000,0,user_39,2,3,
197,86,970000,0,user_49,2,3,
48,88,670000,0,user_38,0,3,
27,61,660001,0,user_19,0,2,5
17,62,660001,0,user_14,0,2,5
6,93,660001,0,user_5,0,3,5
8,94,660001,0,user_5,0,3,5
37,89,660001,0,user_28,0,3,5
29,97,660001,0,user_22,0,3,5
31,67,660001,0,user_25,0,2,5
32,68,660001,0,user_25,0,2,5
19,95,660001,0,user_15,0,3,5
35,96,660001,0,user_27,0,3,5
41,98,660001,0,user_33,0,3,5
42,99,660001,0,user_33,0,3,5
21,73,660001,0,user_17,0,2,5
23,90,660001,0,user_18,0,3,5
24,91,660001,0,user_18,0,3,5
25,92,660001,0,user_18,0,3,5
5,77,660000,14200,user_4,0,2,
16,78,659999,0,user_14,0,2,5
7,79,659999,0,user_5,0,2,5
43,80,659999,0,user_34,0,2,5
44,81,659999,0,user_34,0,2,5
33,82,659999,0,user_26,0,2,5
34,83,659999,0,user_26,0,2,5
36,84,659999,0,user_27,0,2,5
46,85,659999,0,user_36,0,2,5
22,86,659999,0,user_18,0,2,5
26,87,659999,0,user_18,0,2,5
127,88,650000,0,user_49,1,2,
94,89,460001,0,user_18,1,2,66
80,90,460001,0,user_3,1,2,66
100,91,460001,0,user_22,1,2,66
108,92,460001,0,user_30,1,2,66
96,93,460001,0,user_19,1,2,66
98,94,460001,0,user_20,1,2,66
111,95,460001,0,user_33,1,2,66
105,96,460001,0,user_28,1,2,66
166,97,460001,0,user_17,2,2,66
66,98,460000,283000,user_49,0,2,
86,99,459999,0,user_7,1,2,66
11,1,43000000,0,user_9,0,19,
122,5,30000000,6390,user_41,1,19,
243,13,19000000,0,user_40,3,19,
196,20,5200000,0,user_49,2,19,
67,22,5000000,0,user_49,0,19,
120,26,5000000,67500,user_41,1,19,
124,25,5000000,0,user_42,1,19,
99,43,3600001,0,user_21,1,19,58
84,45,3600001,0,user_6,1,19,58
95,44,3600001,0,user_19,1,19,58
110,46,3600001,0,user_32,1,19,58
159,47,3600001,0,user_14,2,19,58
161,49,3600001,0,user_15,2,19,58
165,48,3600001,0,user_17,2,19,58
217,31,3600001,0,user_2,3,19,58
227,34,3600001,0,user_18,3,19,58
225,38,3600001,0,user_15,3,19,58
239,40,3600001,0,user_32,3,19,58
226,32,3600001,0,user_16,3,19,58
229,33,3600001,0,user_21,3,19,58
231,35,3600001,0,user_25,3,19,58
236,41,3600001,0,user_29,3,19,58
232,36,3600001,0,user_26,3,19,58
233,37,3600001,0,user_26,3,19,58
241,39,3600001,0,user_36,3,19,58
240,42,3600001,0,user_35,3,19,58
58,62,3600000,108000,user_46,0,19,
97,79,3599999,0,user_19,1,19,58
114,80,3599999,0,user_36,1,19,58
115,81,3599999,0,user_36,1,19,58
162,67,3599999,0,user_16,2,19,58
169,85,3599999,0,user_20,2,19,58
164,83,3599999,0,user_17,2,19,58
167,84,3599999,0,user_17,2,19,58
175,88,3599999,0,user_27,2,19,58
170,86,3599999,0,user_21,2,19,58
218,69,3599999,0,user_5,3,19,58
222,70,3599999,0,user_12,3,19,58
223,71,3599999,0,user_12,3,19,58
220,72,3599999,0,user_7,3,19,58
104,82,3599999,0,user_28,1,19,58
221,73,3599999,0,user_8,3,19,58
230,75,3599999,0,user_23,3,19,58
238,76,3599999,0,user_30,3,19,58
171,87,3599999,0,user_22,2,19,58
234,74,3599999,0,user_27,3,19,58
183,99,2600000,0,user_38,2,9,
15,97,2600000,0,user_11,0,9,
245,95,2600000,0,user_41,3,8,
186,99,2100000,0,user_38,2,7,
64,98,2100000,0,user_48,0,7,
118,98,2000000,0,user_39,1,6,
119,99,2000000,0,user_40,1,6,
10,97,2000000,0,user_8,0,6,
74,97,1700001,0,user_0,1,4,52
76,98,1700001,0,user_0,1,4,52
77,99,1700001,0,user_0,1,4,52
91,96,1700001,0,user_14,1,4,52
102,58,1700001,0,user_25,1,3,52
83,59,1700001,0,user_6,1,3,52
172,98,1700001,0,user_23,2,5,52
79,61,1700001,0,user_2,1,3,52
82,99,1700001,0,user_5,1,5,52
52,63,1700000,350000,user_40,0,3,
75,64,1699999,0,user_0,1,3,52
92,65,1699999,0,user_15,1,3,52
142,66,1699999,0,user_0,2,3,52
174,67,1699999,0,user_24,2,3,52
78,68,1699999,0,user_1,1,3,52
81,69,1699999,0,user_4,1,3,52
85,70,1699999,0,user_7,1,3,52
93,71,1699999,0,user_18,1,3,52
106,72,1699999,0,user_29,1,3,52
107,73,1699999,0,user_29,1,3,52
54,74,1600000,0,user_40,0,3,
244,75,1600000,0,user_40,3,3,
190,76,1500000,0,user_43,2,3,
246,77,1500000,0,user_42,3,3,
103,78,1400001,0,user_27,1,3,60
113,79,1400001,0,user_36,1,3,60
125,80,1400000,0,user_44,1,3,
60,81,1400000,47700,user_46,0,3,
73,82,1399999,0,user_0,1,3,60
185,83,1200000,0,user_38,2,3,
13,84,1100000,0,user_11,0,3,
187,85,970000,0,user_39,2,3,
197,86,970000,0,user_49,2,3,
184,87,910000,0,user_38,2,3,
48,88,670000,0,user_38,0,3,
37,89,660001,0,user_28,0,3,5
23,90,660001,0,user_18,0,3,5
24,91,660001,0,user_18,0,3,5
25,92,660001,0,user_18,0,3,5
6,93,660001,0,user_5,0,3,5
8,94,660001,0,user_5,0,3,5
19,95,660001,0,user_15,0,3,5
35,96,660001,0,user_27,0,3,5
29,97,660001,0,user_22,0,3,5
41,98,660001,0,user_33,0,3,5
42,99,660001,0,user_33,0,3,5
11,1,43000000,0,user_9,0,19,
122,5,30000000,6390,user_41,1,19,
243,13,19000000,0,user_40,3,19,
326,14,19000000,0,user_45,4,19,
196,20,5200000,0,user_49,2,19,
67,22,5000000,0,user_49,0,19,
120,26,5000000,67500,user_41,1,19,
124,25,5000000,0,user_42,1,19,
159,47,3600001,0,user_14,2,19,58
165,48,3600001,0,user_17,2,19,58
161,49,3600001,0,user_15,2,19,58
225,38,3600001,0,user_15,3,19,58
227,34,3600001,0,user_18,3,19,58
217,31,3600001,0,user_2,3,19,58
226,32,3600001,0,user_16,3,19,58
229,33,3600001,0,user_21,3,19,58
231,35,3600001,0,user_25,3,19,58
232,36,3600001,0,user_26,3,19,58
233,37,3600001,0,user_26,3,19,58
241,39,3600001,0,user_36,3,19,58
236,41,3600001,0,user_29,3,19,58
239,40,3600001,0,user_32,3,19,58
289,58,3600001,0,user_9,4,19,58
275,52,3600001,0,user_3,4,19,58
276,50,3600001,0,user_4,4,19,58
296,54,3600001,0,user_14,4,19,58
240,42,3600001,0,user_35,3,19,58
298,51,3600001,0,user_17,4,19,58
95,44,3600001,0,user_19,1,19,58
99,43,3600001,0,user_21,1,19,58
84,45,3600001,0,user_6,1,19,58
110,46,3600001,0,user_32,1,19,58
308,57,3600001,0,user_23,4,19,58
282,53,3600001,0,user_6,4,19,58
302,55,3600001,0,user_21,4,19,58
304,56,3600001,0,user_21,4,19,58
250,63,3600000,0,user_44,3,19,
58,62,3600000,108000,user_46,0,19,
162,67,3599999,0,user_16,2,19,58
170,86,3599999,0,user_21,2,19,58
164,83,3599999,0,user_17,2,19,58
167,84,3599999,0,user_17,2,19,58
169,85,3599999,0,user_20,2,19,58
175,88,3599999,0,user_27,2,19,58
177,89,3599999,0,user_29,2,19,58
171,87,3599999,0,user_22,2,19,58
220,72,3599999,0,user_7,3,19,58
218,69,3599999,0,user_5,3,19,58
222,70,3599999,0,user_12,3,19,58
223,71,3599999,0,user_12,3,19,58
221,73,3599999,0,user_8,3,19,58
230,75,3599999,0,user_23,3,19,58
238,76,3599999,0,user_30,3,19,58
224,68,3599999,0,user_13,3,19,58
234,74,3599999,0,user_27,3,19,58
271,77,3599999,0,user_0,4,19,58
272,91,3599999,0,user_1,4,19,58
274,92,3599999,0,user_2,4,19,58
290,99,3599999,0,user_11,4,19,58
291,91,3599999,0,user_11,4,18,58
297,97,3599999,0,user_14,4,18,58
277,93,3599999,0,user_5,4,19,58
278,94,3599999,0,user_5,4,19,58
280,95,3599999,0,user_5,4,19,58
281,96,3599999,0,user_5,4,19,58
292,98,3599999,0,user_12,4,19,58
295,97,3599999,0,user_13,4,19,58
299,94,3599999,0,user_17,4,17,58
300,95,3599999,0,user_18,4,17,58
310,78,3599999,0,user_28,4,19,58
97,79,3599999,0,user_19,1,19,58
114,80,3599999,0,user_36,1,19,58
115,81,3599999,0,user_36,1,19,58
104,82,3599999,0,user_28,1,19,58
307,96,3599999,0,user_23,4,17,58
309,81,3599999,0,user_24,4,15,58
283,98,3599999,0,user_6,4,17,58
284,99,3599999,0,user_6,4,17,58
312,80,3599999,0,user_30,4,15,58
301,98,3599999,0,user_21,4,18,58
303,99,3599999,0,user_21,4,18,58
305,95,3599999,0,user_21,4,16,58
316,90,3599999,0,user_35,4,19,58
333,97,3500000,0,user_49,4,12,
183,99,2600000,0,user_38,2,9,
245,95,2600000,0,user_41,3,8,
15,97,2600000,0,user_11,0,9,
328,96,2400000,67900,user_47,4,7,
331,97,2300000,0,user_49,4,7,
186,99,2100000,0,user_38,2,7,
64,98,2100000,0,user_48,0,7,
249,94,2000000,0,user_44,3,5,
10,97,2000000,0,user_8,0,6,
118,98,2000000,0,user_39,1,6,
119,99,2000000,0,user_40,1,6,
172,98,1700001,0,user_23,2,5,52
91,96,1700001,0,user_14,1,4,52
74,97,1700001,0,user_0,1,4,52
76,98,1700001,0,user_0,1,4,52
77,99,1700001,0,user_0,1,4,52
11,1,43000000,0,user_9,0,19,
386,2,43000000,0,user_46,5,19,
320,6,30000000,0,user_43,4,19,
122,5,30000000,6390,user_41,1,19,
326,14,19000000,0,user_45,4,19,
243,13,19000000,0,user_40,3,19,
196,20,5200000,0,user_49,2,19,
120,26,5000000,67500,user_41,1,19,
124,25,5000000,0,user_42,1,19,
67,22,5000000,0,user_49,0,19,
302,55,3600001,0,user_21,4,19,58
304,56,3600001,0,user_21,4,19,58
348,59,3600001,0,user_1,5,19,58
275,52,3600001,0,user_3,4,19,58
282,53,3600001,0,user_6,4,19,58
308,57,3600001,0,user_23,4,19,58
289,58,3600001,0,user_9,4,19,58
161,49,3600001,0,user_15,2,19,58
217,31,3600001,0,user_2,3,19,58
226,32,3600001,0,user_16,3,19,58
227,34,3600001,0,user_18,3,19,58
225,38,3600001,0,user_15,3,19,58
165,48,3600001,0,user_17,2,19,58
240,42,3600001,0,user_35,3,19,58
236,41,3600001,0,user_29,3,19,58
276,50,3600001,0,user_4,4,19,58
298,51,3600001,0,user_17,4,19,58
229,33,3600001,0,user_21,3,19,58
231,35,3600001,0,user_25,3,19,58
232,36,3600001,0,user_26,3,19,58
233,37,3600001,0,user_26,3,19,58
241,39,3600001,0,user_36,3,19,58
239,40,3600001,0,user_32,3,19,58
84,45,3600001,0,user_6,1,19,58
110,46,3600001,0,user_32,1,19,58
99,43,3600001,0,user_21,1,19,58
95,44,3600001,0,user_19,1,19,58
159,47,3600001,0,user_14,2,19,58
360,60,3600001,0,user_8,5,19,58
250,63,3600000,0,user_44,3,19,
58,62,3600000,108000,user_46,0,19,
271,77,3599999,0,user_0,4,19,58
277,93,3599999,0,user_5,4,19,58
278,94,3599999,0,user_5,4,19,58
280,95,3599999,0,user_5,4,19,58
281,96,3599999,0,user_5,4,19,58
292,98,3599999,0,user_12,4,19,58
301,98,3599999,0,user_21,4,18,58
303,99,3599999,0,user_21,4,18,58
305,95,3599999,0,user_21,4,16,58
283,98,3599999,0,user_6,4,17,58
284,99,3599999,0,user_6,4,17,58
312,80,3599999,0,user_30,4,15,58
316,90,3599999,0,user_35,4,19,58
307,96,3599999,0,user_23,4,17,58
309,81,3599999,0,user_24,4,15,58
169,85,3599999,0,user_20,2,19,58
175,88,3599999,0,user_27,2,19,58
171,87,3599999,0,user_22,2,19,58
177,89,3599999,0,user_29,2,19,58
224,68,3599999,0,user_13,3,19,58
220,72,3599999,0,user_7,3,19,58
218,69,3599999,0,user_5,3,19,58
222,70,3599999,0,user_12,3,19,58
223,71,3599999,0,user_12,3,19,58
234,74,3599999,0,user_27,3,19,58
164,83,3599999,0,user_17,2,19,58
167,84,3599999,0,user_17,2,19,58
221,73,3599999,0,user_8,3,19,58
230,75,3599999,0,user_23,3,19,58
238,76,3599999,0,user_30,3,19,58
290,99,3599999,0,user_11,4,19,58
291,91,3599999,0,user_11,4,18,58
272,91,3599999,0,user_1,4,19,58
274,92,3599999,0,user_2,4,19,58
295,97,3599999,0,user_13,4,19,58
299,94,3599999,0,user_17,4,17,58
300,95,3599999,0,user_18,4,17,58
114,80,3599999,0,user_36,1,19,58
115,81,3599999,0,user_36,1,19,58
97,79,3599999,0,user_19,1,19,58
104,82,3599999,0,user_28,1,19,58
162,67,3599999,0,user_16,2,19,58
170,86,3599999,0,user_21,2,19,58
310,78,3599999,0,user_28,4,19,58
370,85,3599999,0,user_29,5,17,58
333,97,3500000,0,user_49,4,12,
183,99,2600000,0,user_38,2,9,
245,95,2600000,0,user_41,3,8,
15,97,2600000,0,user_11,0,9,
328,96,2400000,67900,user_47,4,7,
331,97,2300000,0,user_49,4,7,
186,99,2100000,0,user_38,2,7,
64,98,2100000,0,user_48,0,7,
249,94,2000000,0,user_44,3,5,
119,99,2000000,0,user_40,1,6,
118,98,2000000,0,user_39,1,6,
10,97,2000000,0,user_8,0,6,
172,98,1700001,0,user_23,2,5,52
82,99,1700001,0,user_5,1,5,52
386,2,43000000,0,user_46,5,19,
11,1,43000000,0,user_9,0,19,
320,6,30000000,0,user_43,4,19,
122,5,30000000,6390,user_41,1,19,
326,14,19000000,0,user_45,4,19,
243,13,19000000,0,user_40,3,19,
196,20,5200000,0,user_49,2,19,
67,22,5000000,0,user_49,0,19,
120,26,5000000,67500,user_41,1,19,
124,25,5000000,0,user_42,1,19,
296,54,3600001,0,user_14,4,19,58
360,60,3600001,0,user_8,5,19,58
275,52,3600001,0,user_3,4,19,58
308,57,3600001,0,user_23,4,19,58
282,53,3600001,0,user_6,4,19,58
302,55,3600001,0,user_21,4,19,58
304,56,3600001,0,user_21,4,19,58
289,58,3600001,0,user_9,4,19,58
348,59,3600001,0,user_1,5,19,58
298,51,3600001,0,user_17,4,19,58
236,41,3600001,0,user_29,3,19,58
276,50,3600001,0,user_4,4,19,58
240,42,3600001,0,user_35,3,19,58
231,35,3600001,0,user_25,3,19,58
232,36,3600001,0,user_26,3,19,58
233,37,3600001,0,user_26,3,19,58
241,39,3600001,0,user_36,3,19,58
239,40,3600001,0,user_32,3,19,58
84,45,3600001,0,user_6,1,19,58
99,43,3600001,0,user_21,1,19,58
110,46,3600001,0,user_32,1,19,58
95,44,3600001,0,user_19,1,19,58
159,47,3600001,0,user_14,2,19,58
161,49,3600001,0,user_15,2,19,58
165,48,3600001,0,user_17,2,19,58
217,31,3600001,0,user_2,3,19,58
226,32,3600001,0,user_16,3,19,58
229,33,3600001,0,user_21,3,19,58
227,34,3600001,0,user_18,3,19,58
225,38,3600001,0,user_15,3,19,58
58,62,3600000,108000,user_46,0,19,
250,63,3600000,0,user_44,3,19,
448,65,3600000,0,user_48,6,19,
297,97,3599999,0,user_14,4,18,58
310,78,3599999,0,user_28,4,19,58
300,95,3599999,0,user_18,4,17,58
277,93,3599999,0,user_5,4,19,58
278,94,3599999,0,user_5,4,19,58
280,95,3599999,0,user_5,4,19,58
281,96,3599999,0,user_5,4,19,58
307,96,3599999,0,user_23,4,17,58
309,81,3599999,0,user_24,4,15,58
271,77,3599999,0,user_0,4,19,58
292,98,3599999,0,user_12,4,19,58
283,98,3599999,0,user_6,4,17,58
284,99,3599999,0,user_6,4,17,58
312,80,3599999,0,user_30,4,15,58
316,90,3599999,0,user_35,4,19,58
301,98,3599999,0,user_21,4,18,58
303,99,3599999,0,user_21,4,18,58
305,95,3599999,0,user_21,4,16,58
230,75,3599999,0,user_23,3,19,58
290,99,3599999,0,user_11,4,19,58
291,91,3599999,0,user_11,4,18,58
274,92,3599999,0,user_2,4,19,58
295,97,3599999,0,user_13,4,19,58
299,94,3599999,0,user_17,4,17,58
272,91,3599999,0,user_1,4,19,58
222,70,3599999,0,user_12,3,19,58
223,71,3599999,0,user_12,3,19,58
224,68,3599999,0,user_13,3,19,58
238,76,3599999,0,user_30,3,19,58
234,74,3599999,0,user_27,3,19,58
114,80,3599999,0,user_36,1,19,58
115,81,3599999,0,user_36,1,19,58
104,82,3599999,0,user_28,1,19,58
97,79,3599999,0,user_19,1,19,58
169,85,3599999,0,user_20,2,19,58
162,67,3599999,0,user_16,2,19,58
164,83,3599999,0,user_17,2,19,58
167,84,3599999,0,user_17,2,19,58
175,88,3599999,0,user_27,2,19,58
171,87,3599999,0,user_22,2,19,58
170,86,3599999,0,user_21,2,19,58
177,89,3599999,0,user_29,2,19,58
220,72,3599999,0,user_7,3,19,58
218,69,3599999,0,user_5,3,19,58
221,73,3599999,0,user_8,3,19,58
333,97,3500000,0,user_49,4,12,
15,97,2600000,0,user_11,0,9,
245,95,2600000,0,user_41,3,8,
183,99,2600000,0,user_38,2,9,
449,98,2500000,0,user_48,6,8,
328,96,2400000,67900,user_47,4,7,
331,97,2300000,0,user_49,4,7,
64,98,2100000,0,user_48,0,7,
186,99,2100000,0,user_38,2,7,
10,97,2000000,0,user_8,0,6,
118,98,2000000,0,user_39,1,6,
119,99,2000000,0,user_40,1,6,
386,2,43000000,0,user_46,5,19,
11,1,43000000,0,user_9,0,19,
320,6,30000000,0,user_43,4,19,
122,5,30000000,6390,user_41,1,19,
326,14,19000000,0,user_45,4,19,
243,13,19000000,0,user_40,3,19,
515,11,19000000,0,user_40,7,19,
196,20,5200000,0,user_49,2,19,
67,22,5000000,0,user_49,0,19,
124,25,5000000,0,user_42,1,19,
120,26,5000000,67500,user_41,1,19,
522,28,4200000,0,user_49,7,19,
298,51,3600001,0,user_17,4,19,58
360,60,3600001,0,user_8,5,19,58
308,57,3600001,0,user_23,4,19,58
227,34,3600001,0,user_18,3,19,58
275,52,3600001,0,user_3,4,19,58
289,58,3600001,0,user_9,4,19,58
282,53,3600001,0,user_6,4,19,58
296,54,3600001,0,user_14,4,19,58
302,55,3600001,0,user_21,4,19,58
304,56,3600001,0,user_21,4,19,58
348,59,3600001,0,user_1,5,19,58
232,36,3600001,0,user_26,3,19,58
233,37,3600001,0,user_26,3,19,58
225,38,3600001,0,user_15,3,19,58
241,39,3600001,0,user_36,3,19,58
236,41,3600001,0,user_29,3,19,58
239,40,3600001,0,user_32,3,19,58
240,42,3600001,0,user_35,3,19,58
276,50,3600001,0,user_4,4,19,58
231,35,3600001,0,user_25,3,19,58
99,43,3600001,0,user_21,1,19,58
95,44,3600001,0,user_19,1,19,58
84,45,3600001,0,user_6,1,19,58
110,46,3600001,0,user_32,1,19,58
159,47,3600001,0,user_14,2,19,58
165,48,3600001,0,user_17,2,19,58
161,49,3600001,0,user_15,2,19,58
217,31,3600001,0,user_2,3,19,58
226,32,3600001,0,user_16,3,19,58
229,33,3600001,0,user_21,3,19,58
250,63,3600000,0,user_44,3,19,
448,65,3600000,0,user_48,6,19,
58,62,3600000,108000,user_46,0,19,
299,94,3599999,0,user_17,4,17,58
370,85,3599999,0,user_29,5,17,58
277,93,3599999,0,user_5,4,19,58
278,94,3599999,0,user_5,4,19,58
280,95,3599999,0,user_5,4,19,58
281,96,3599999,0,user_5,4,19,58
307,96,3599999,0,user_23,4,17,58
271,77,3599999,0,user_0,4,19,58
292,98,3599999,0,user_12,4,19,58
310,78,3599999,0,user_28,4,19,58
283,98,3599999,0,user_6,4,17,58
284,99,3599999,0,user_6,4,17,58
312,80,3599999,0,user_30,4,15,58
316,90,3599999,0,user_35,4,19,58
297,97,3599999,0,user_14,4,18,58
301,98,3599999,0,user_21,4,18,58
303,99,3599999,0,user_21,4,18,58
305,95,3599999,0,user_21,4,16,58
300,95,3599999,0,user_18,4,17,58
234,74,3599999,0,user_27,3,19,58
230,75,3599999,0,user_23,3,19,58
224,68,3599999,0,user_13,3,19,58
272,91,3599999,0,user_1,4,19,58
274,92,3599999,0,user_2,4,19,58
290,99,3599999,0,user_11,4,19,58
291,91,3599999,0,user_11,4,18,58
295,97,3599999,0,user_13,4,19,58
309,81,3599999,0,user_24,4,15,58
238,76,3599999,0,user_30,3,19,58
222,70,3599999,0,user_12,3,19,58
223,71,3599999,0,user_12,3,19,58
97,79,3599999,0,user_19,1,19,58
114,80,3599999,0,user_36,1,19,58
115,81,3599999,0,user_36,1,19,58
104,82,3599999,0,user_28,1,19,58
162,67,3599999,0,user_16,2,19,58
164,83,3599999,0,user_17,2,19,58
167,84,3599999,0,user_17,2,19,58
177,89,3599999,0,user_29,2,19,58
170,86,3599999,0,user_21,2,19,58
171,87,3599999,0,user_22,2,19,58
169,85,3599999,0,user_20,2,19,58
175,88,3599999,0,user_27,2,19,58
218,69,3599999,0,user_5,3,19,58
220,72,3599999,0,user_7,3,19,58
221,73,3599999,0,user_8,3,19,58
333,97,3500000,0,user_49,4,12,
245,95,2600000,0,user_41,3,8,
15,97,2600000,0,user_11,0,9,
183,99,2600000,0,user_38,2,9,
449,98,2500000,0,user_48,6,8,
328,96,2400000,67900,user_47,4,7,
331,97,2300000,0,user_49,4,7,
64,98,2100000,0,user_48,0,7,
186,99,2100000,0,user_38,2,7,
386,2,43000000,0,user_46,5,19,
11,1,43000000,0,user_9,0,19,
320,6,30000000,0,user_43,4,19,
122,5,30000000,6390,user_41,1,19,
326,14,19000000,0,user_45,4,19,
515,11,19000000,0,user_40,7,19,
243,13,19000000,0,user_40,3,19,
577,12,19000000,0,user_49,8,19,
196,20,5200000,0,user_49,2,19,
572,19,5200000,0,user_41,8,19,
67,22,5000000,0,user_49,0,19,
120,26,5000000,67500,user_41,1,19,
124,25,5000000,0,user_42,1,19,
522,28,4200000,0,user_49,7,19,
275,52,3600001,0,user_3,4,19,58
276,50,3600001,0,user_4,4,19,58
298,51,3600001,0,user_17,4,19,58
308,57,3600001,0,user_23,4,19,58
282,53,3600001,0,user_6,4,19,58
296,54,3600001,0,user_14,4,19,58
302,55,3600001,0,user_21,4,19,58
304,56,3600001,0,user_21,4,19,58
289,58,3600001,0,user_9,4,19,58
348,59,3600001,0,user_1,5,19,58
360,60,3600001,0,user_8,5,19,58
225,38,3600001,0,user_15,3,19,58
227,34,3600001,0,user_18,3,19,58
226,32,3600001,0,user_16,3,19,58
229,33,3600001,0,user_21,3,19,58
231,35,3600001,0,user_25,3,19,58
232,36,3600001,0,user_26,3,19,58
233,37,3600001,0,user_26,3,19,58
241,39,3600001,0,user_36,3,19,58
236,41,3600001,0,user_29,3,19,58
240,42,3600001,0,user_35,3,19,58
239,40,3600001,0,user_32,3,19,58
217,31,3600001,0,user_2,3,19,58
95,44,3600001,0,user_19,1,19,58
84,45,3600001,0,user_6,1,19,58
99,43,3600001,0,user_21,1,19,58
110,46,3600001,0,user_32,1,19,58
159,47,3600001,0,user_14,2,19,58
161,49,3600001,0,user_15,2,19,58
165,48,3600001,0,user_17,2,19,58
448,65,3600000,0,user_48,6,19,
250,63,3600000,0,user_44,3,19,
58,62,3600000,108000,user_46,0,19,
272,91,3599999,0,user_1,4,19,58
274,92,3599999,0,user_2,4,19,58
290,99,3599999,0,user_11,4,19,58
291,91,3599999,0,user_11,4,18,58
295,97,3599999,0,user_13,4,19,58
299,94,3599999,0,user_17,4,17,58
300,95,3599999,0,user_18,4,17,58
277,93,3599999,0,user_5,4,19,58
278,94,3599999,0,user_5,4,19,58
280,95,3599999,0,user_5,4,19,58
281,96,3599999,0,user_5,4,19,58
292,98,3599999,0,user_12,4,19,58
307,96,3599999,0,user_23,4,17,58
283,98,3599999,0,user_6,4,17,58
284,99,3599999,0,user_6,4,17,58
312,80,3599999,0,user_30,4,15,58
297,97,3599999,0,user_14,4,18,58
301,98,3599999,0,user_21,4,18,58
303,99,3599999,0,user_21,4,18,58
305,95,3599999,0,user_21,4,16,58
309,81,3599999,0,user_24,4,15,58
370,85,3599999,0,user_29,5,17,58
218,69,3599999,0,user_5,3,19,58
220,72,3599999,0,user_7,3,19,58
222,70,3599999,0,user_12,3,19,58
223,71,3599999,0,user_12,3,19,58
234,74,3599999,0,user_27,3,19,58
221,73,3599999,0,user_8,3,19,58
169,85,3599999,0,user_20,2,19,58
230,75,3599999,0,user_23,3,19,58
238,76,3599999,0,user_30,3,19,58
224,68,3599999,0,user_13,3,19,58
271,77,3599999,0,user_0,4,19,58
316,90,3599999,0,user_35,4,19,58
310,78,3599999,0,user_28,4,19,58
162,67,3599999,0,user_16,2,19,58
97,79,3599999,0,user_19,1,19,58
104,82,3599999,0,user_28,1,19,58
114,80,3599999,0,user_36,1,19,58
115,81,3599999,0,user_36,1,19,58
164,83,3599999,0,user_17,2,19,58
167,84,3599999,0,user_17,2,19,58
175,88,3599999,0,user_27,2,19,58
170,86,3599999,0,user_21,2,19,58
177,89,3599999,0,user_29,2,19,58
171,87,3599999,0,user_22,2,19,58
333,97,3500000,0,user_49,4,12,
518,98,3200000,0,user_44,7,10,
245,95,2600000,0,user_41,3,8,
15,97,2600000,0,user_11,0,9,
183,99,2600000,0,user_38,2,9,
449,98,2500000,0,user_48,6,8,
542,99,2400001,0,user_13,8,8,517
11,1,43000000,0,user_9,0,19,
386,2,43000000,0,user_46,5,19,
122,5,30000000,6390,user_41,1,19,
320,6,30000000,0,user_43,4,19,
577,12,19000000,0,user_49,8,19,
515,11,19000000,0,user_40,7,19,
243,13,19000000,0,user_40,3,19,
326,14,19000000,0,user_45,4,19,
196,20,5200000,0,user_49,2,19,
572,19,5200000,0,user_41,8,19,
67,22,5000000,0,user_49,0,19,
120,26,5000000,67500,user_41,1,19,
124,25,5000000,0,user_42,1,19,
522,28,4200000,0,user_49,7,19,
217,31,3600001,0,user_2,3,19,58
95,44,3600001,0,user_19,1,19,58
99,43,3600001,0,user_21,1,19,58
84,45,3600001,0,user_6,1,19,58
110,46,3600001,0,user_32,1,19,58
159,47,3600001,0,user_14,2,19,58
161,49,3600001,0,user_15,2,19,58
165,48,3600001,0,user_17,2,19,58
225,38,3600001,0,user_15,3,19,58
226,32,3600001,0,user_16,3,19,58
229,33,3600001,0,user_21,3,19,58
236,41,3600001,0,user_29,3,19,58
227,34,3600001,0,user_18,3,19,58
231,35,3600001,0,user_25,3,19,58
232,36,3600001,0,user_26,3,19,58
233,37,3600001,0,user_26,3,19,58
241,39,3600001,0,user_36,3,19,58
239,40,3600001,0,user_32,3,19,58
240,42,3600001,0,user_35,3,19,58
360,60,3600001,0,user_8,5,19,58
276,50,3600001,0,user_4,4,19,58
298,51,3600001,0,user_17,4,19,58
308,57,3600001,0,user_23,4,19,58
275,52,3600001,0,user_3,4,19,58
282,53,3600001,0,user_6,4,19,58
296,54,3600001,0,user_14,4,19,58
302,55,3600001,0,user_21,4,19,58
304,56,3600001,0,user_21,4,19,58
289,58,3600001,0,user_9,4,19,58
348,59,3600001,0,user_1,5,19,58
448,65,3600000,0,user_48,6,19,
58,62,3600000,108000,user_46,0,19,
250,63,3600000,0,user_44,3,19,
162,67,3599999,0,user_16,2,19,58
316,90,3599999,0,user_35,4,19,58
97,79,3599999,0,user_19,1,19,58
104,82,3599999,0,user_28,1,19,58
114,80,3599999,0,user_36,1,19,58
115,81,3599999,0,user_36,1,19,58
169,85,3599999,0,user_20,2,19,58
170,86,3599999,0,user_21,2,19,58
171,87,3599999,0,user_22,2,19,58
164,83,3599999,0,user_17,2,19,58
167,84,3599999,0,user_17,2,19,58
177,89,3599999,0,user_29,2,19,58
175,88,3599999,0,user_27,2,19,58
218,69,3599999,0,user_5,3,19,58
220,72,3599999,0,user_7,3,19,58
222,70,3599999,0,user_12,3,19,58
223,71,3599999,0,user_12,3,19,58
234,74,3599999,0,user_27,3,19,58
221,73,3599999,0,user_8,3,19,58
230,75,3599999,0,user_23,3,19,58
238,76,3599999,0,user_30,3,19,58
224,68,3599999,0,user_13,3,19,58
271,77,3599999,0,user_0,4,19,58
310,78,3599999,0,user_28,4,19,58
274,92,3599999,0,user_2,4,19,58
370,85,3599999,0,user_29,5,17,58
290,99,3599999,0,user_11,4,19,58
291,91,3599999,0,user_11,4,18,58
277,93,3599999,0,user_5,4,19,58
278,94,3599999,0,user_5,4,19,58
280,95,3599999,0,user_5,4,19,58
281,96,3599999,0,user_5,4,19,58
272,91,3599999,0,user_1,4,19,58
295,97,3599999,0,user_13,4,19,58
299,94,3599999,0,user_17,4,17,58
300,95,3599999,0,user_18,4,17,58
307,96,3599999,0,user_23,4,17,58
292,98,3599999,0,user_12,4,19,58
283,98,3599999,0,user_6,4,17,58
284,99,3599999,0,user_6,4,17,58
312,80,3599999,0,user_30,4,15,58
309,81,3599999,0,user_24,4,15,58
297,97,3599999,0,user_14,4,18,58
301,98,3599999,0,user_21,4,18,58
303,99,3599999,0,user_21,4,18,58
305,95,3599999,0,user_21,4,16,58
333,97,3500000,0,user_49,4,12,
518,98,3200000,0,user_44,7,10,
643,99,3200000,31700,user_45,9,10,
644,96,3200000,0,user_45,9,9,
15,97,2600000,0,user_11,0,9,
647,98,2600000,4320000,user_47,9,9,
183,99,2600000,0,user_38,2,9,
11,1,43000000,0,user_9,0,19,
386,2,43000000,0,user_46,5,19,
122,5,30000000,6390,user_41,1,19,
320,6,30000000,0,user_43,4,19,
515,11,19000000,0,user_40,7,19,
243,13,19000000,0,user_40,3,19,
326,14,19000000,0,user_45,4,19,
577,12,19000000,0,user_49,8,19,
196,20,5200000,0,user_49,2,19,
572,19,5200000,0,user_41,8,19,
67,22,5000000,0,user_49,0,19,
124,25,5000000,0,user_42,1,19,
120,26,5000000,67500,user_41,1,19,
705,23,5000000,0,user_39,10,19,
522,28,4200000,0,user_49,7,19,
634,29,4200000,0,user_38,9,19,
226,32,3600001,0,user_16,3,19,58
229,33,3600001,0,user_21,3,19,58
227,34,3600001,0,user_18,3,19,58
231,35,3600001,0,user_25,3,19,58
232,36,3600001,0,user_26,3,19,58
233,37,3600001,0,user_26,3,19,58
225,38,3600001,0,user_15,3,19,58
241,39,3600001,0,user_36,3,19,58
239,40,3600001,0,user_32,3,19,58
236,41,3600001,0,user_29,3,19,58
217,31,3600001,0,user_2,3,19,58
276,50,3600001,0,user_4,4,19,58
240,42,3600001,0,user_35,3,19,58
298,51,3600001,0,user_17,4,19,58
99,43,3600001,0,user_21,1,19,58
95,44,3600001,0,user_19,1,19,58
84,45,3600001,0,user_6,1,19,58
110,46,3600001,0,user_32,1,19,58
159,47,3600001,0,user_14,2,19,58
165,48,3600001,0,user_17,2,19,58
161,49,3600001,0,user_15,2,19,58
275,52,3600001,0,user_3,4,19,58
282,53,3600001,0,user_6,4,19,58
296,54,3600001,0,user_14,4,19,58
302,55,3600001,0,user_21,4,19,58
304,56,3600001,0,user_21,4,19,58
308,57,3600001,0,user_23,4,19,58
289,58,3600001,0,user_9,4,19,58
348,59,3600001,0,user_1,5,19,58
360,60,3600001,0,user_8,5,19,58
448,65,3600000,0,user_48,6,19,
250,63,3600000,0,user_44,3,19,
58,62,3600000,108000,user_46,0,19,
714,64,3600000,0,user_44,10,19,
224,68,3599999,0,user_13,3,19,58
218,69,3599999,0,user_5,3,19,58
222,70,3599999,0,user_12,3,19,58
223,71,3599999,0,user_12,3,19,58
220,72,3599999,0,user_7,3,19,58
221,73,3599999,0,user_8,3,19,58
234,74,3599999,0,user_27,3,19,58
230,75,3599999,0,user_23,3,19,58
238,76,3599999,0,user_30,3,19,58
272,91,3599999,0,user_1,4,19,58
274,92,3599999,0,user_2,4,19,58
277,93,3599999,0,user_5,4,19,58
278,94,3599999,0,user_5,4,19,58
280,95,3599999,0,user_5,4,19,58
281,96,3599999,0,user_5,4,19,58
295,97,3599999,0,user_13,4,19,58
271,77,3599999,0,user_0,4,19,58
292,98,3599999,0,user_12,4,19,58
290,99,3599999,0,user_11,4,19,58
291,91,3599999,0,user_11,4,18,58
299,94,3599999,0,user_17,4,17,58
300,95,3599999,0,user_18,4,17,58
310,78,3599999,0,user_28,4,19,58
97,79,3599999,0,user_19,1,19,58
114,80,3599999,0,user_36,1,19,58
115,81,3599999,0,user_36,1,19,58
104,82,3599999,0,user_28,1,19,58
162,67,3599999,0,user_16,2,19,58
164,83,3599999,0,user_17,2,19,58
167,84,3599999,0,user_17,2,19,58
169,85,3599999,0,user_20,2,19,58
170,86,3599999,0,user_21,2,19,58
171,87,3599999,0,user_22,2,19,58
175,88,3599999,0,user_27,2,19,58
177,89,3599999,0,user_29,2,19,58
283,98,3599999,0,user_6,4,17,58
284,99,3599999,0,user_6,4,17,58
297,97,3599999,0,user_14,4,18,58
301,98,3599999,0,user_21,4,18,58
303,99,3599999,0,user_21,4,18,58
305,95,3599999,0,user_21,4,16,58
307,96,3599999,0,user_23,4,17,58
309,81,3599999,0,user_24,4,15,58
312,80,3599999,0,user_30,4,15,58
316,90,3599999,0,user_35,4,19,58
370,85,3599999,0,user_29,5,17,58
333,97,3500000,0,user_49,4,12,
707,98,3500000,0,user_41,10,12,
518,98,3200000,0,user_44,7,10,
643,99,3200000,31700,user_45,9,10,
386,2,43000000,0,user_46,5,19,
11,1,43000000,0,user_9,0,19,
320,6,30000000,0,user_43,4,19,
122,5,30000000,6390,user_41,1,19,
515,11,19000000,0,user_40,7,19,
577,12,19000000,0,user_49,8,19,
326,14,19000000,0,user_45,4,19,
243,13,19000000,0,user_40,3,19,
768,17,6100000,0,user_39,11,19,
777,16,6100000,0,user_47,11,19,
572,19,5200000,0,user_41,8,19,
196,20,5200000,0,user_49,2,19,
67,22,5000000,0,user_49,0,19,
120,26,5000000,67500,user_41,1,19,
124,25,5000000,0,user_42,1,19,
772,24,5000000,33300,user_41,11,19,
522,28,4200000,0,user_49,7,19,
634,29,4200000,0,user_38,9,19,
348,59,3600001,0,user_1,5,19,58
360,60,3600001,0,user_8,5,19,58
275,52,3600001,0,user_3,4,19,58
240,42,3600001,0,user_35,3,19,58
276,50,3600001,0,user_4,4,19,58
296,54,3600001,0,user_14,4,19,58
302,55,3600001,0,user_21,4,19,58
304,56,3600001,0,user_21,4,19,58
298,51,3600001,0,user_17,4,19,58
217,31,3600001,0,user_2,3,19,58
282,53,3600001,0,user_6,4,19,58
308,57,3600001,0,user_23,4,19,58
289,58,3600001,0,user_9,4,19,58
95,44,3600001,0,user_19,1,19,58
84,45,3600001,0,user_6,1,19,58
99,43,3600001,0,user_21,1,19,58
110,46,3600001,0,user_32,1,19,58
159,47,3600001,0,user_14,2,19,58
161,49,3600001,0,user_15,2,19,58
165,48,3600001,0,user_17,2,19,58
226,32,3600001,0,user_16,3,19,58
229,33,3600001,0,user_21,3,19,58
231,35,3600001,0,user_25,3,19,58
232,36,3600001,0,user_26,3,19,58
233,37,3600001,0,user_26,3,19,58
227,34,3600001,0,user_18,3,19,58
225,38,3600001,0,user_15,3,19,58
239,40,3600001,0,user_32,3,19,58
241,39,3600001,0,user_36,3,19,58
236,41,3600001,0,user_29,3,19,58
448,65,3600000,0,user_48,6,19,
58,62,3600000,108000,user_46,0,19,
250,63,3600000,0,user_44,3,19,
714,64,3600000,0,user_44,10,19,
316,90,3599999,0,user_35,4,19,58
277,93,3599999,0,user_5,4,19,58
278,94,3599999,0,user_5,4,19,58
280,95,3599999,0,user_5,4,19,58
281,96,3599999,0,user_5,4,19,58
370,85,3599999,0,user_29,5,17,58
295,97,3599999,0,user_13,4,19,58
271,77,3599999,0,user_0,4,19,58
292,98,3599999,0,user_12,4,19,58
290,99,3599999,0,user_11,4,19,58
291,91,3599999,0,user_11,4,18,58
297,97,3599999,0,user_14,4,18,58
301,98,3599999,0,user_21,4,18,58
303,99,3599999,0,user_21,4,18,58
305,95,3599999,0,user_21,4,16,58
299,94,3599999,0,user_17,4,17,58
300,95,3599999,0,user_18,4,17,58
310,78,3599999,0,user_28,4,19,58
283,98,3599999,0,user_6,4,17,58
284,99,3599999,0,user_6,4,17,58
307,96,3599999,0,user_23,4,17,58
312,80,3599999,0,user_30,4,15,58
309,81,3599999,0,user_24,4,15,58
272,91,3599999,0,user_1,4,19,58
274,92,3599999,0,user_2,4,19,58
218,69,3599999,0,user_5,3,19,58
97,79,3599999,0,user_19,1,19,58
104,82,3599999,0,user_28,1,19,58
114,80,3599999,0,user_36,1,19,58
115,81,3599999,0,user_36,1,19,58
162,67,3599999,0,user_16,2,19,58
164,83,3599999,0,user_17,2,19,58
167,84,3599999,0,user_17,2,19,58
169,85,3599999,0,user_20,2,19,58
175,88,3599999,0,user_27,2,19,58
170,86,3599999,0,user_21,2,19,58
177,89,3599999,0,user_29,2,19,58
171,87,3599999,0,user_22,2,19,58
220,72,3599999,0,user_7,3,19,58
221,73,3599999,0,user_8,3,19,58
222,70,3599999,0,user_12,3,19,58
223,71,3599999,0,user_12,3,19,58
238,76,3599999,0,user_30,3,19,58
230,75,3599999,0,user_23,3,19,58
224,68,3599999,0,user_13,3,19,58
234,74,3599999,0,user_27,3,19,58
333,97,3500000,0,user_49,4,12,
707,98,3500000,0,user_41,10,12,
386,2,43000000,0,user_46,5,19,
11,1,43000000,0,user_9,0,19,
320,6,30000000,0,user_43,4,19,
122,5,30000000,6390,user_41,1,19,
577,12,19000000,0,user_49,8,19,
243,13,19000000,0,user_40,3,19,
326,14,19000000,0,user_45,4,19,
515,11,19000000,0,user_40,7,19,
777,16,6100000,0,user_47,11,19,
572,19,5200000,0,user_41,8,19,
196,20,5200000,0,user_49,2,19,
67,22,5000000,0,user_49,0,19,
120,26,5000000,67500,user_41,1,19,
124,25,5000000,0,user_42,1,19,
705,23,5000000,0,user_39,10,19,
522,28,4200000,0,user_49,7,19,
634,29,4200000,0,user_38,9,19,
360,60,3600001,0,user_8,5,19,58
159,47,3600001,0,user_14,2,19,58
165,48,3600001,0,user_17,2,19,58
161,49,3600001,0,user_15,2,19,58
225,38,3600001,0,user_15,3,19,58
227,34,3600001,0,user_18,3,19,58
239,40,3600001,0,user_32,3,19,58
226,32,3600001,0,user_16,3,19,58
217,31,3600001,0,user_2,3,19,58
229,33,3600001,0,user_21,3,19,58
231,35,3600001,0,user_25,3,19,58
232,36,3600001,0,user_26,3,19,58
233,37,3600001,0,user_26,3,19,58
236,41,3600001,0,user_29,3,19,58
241,39,3600001,0,user_36,3,19,58
240,42,3600001,0,user_35,3,19,58
276,50,3600001,0,user_4,4,19,58
298,51,3600001,0,user_17,4,19,58
308,57,3600001,0,user_23,4,19,58
275,52,3600001,0,user_3,4,19,58
282,53,3600001,0,user_6,4,19,58
296,54,3600001,0,user_14,4,19,58
302,55,3600001,0,user_21,4,19,58
304,56,3600001,0,user_21,4,19,58
289,58,3600001,0,user_9,4,19,58
348,59,3600001,0,user_1,5,19,58
95,44,3600001,0,user_19,1,19,58
99,43,3600001,0,user_21,1,19,58
84,45,3600001,0,user_6,1,19,58
110,46,3600001,0,user_32,1,19,58
714,64,3600000,0,user_44,10,19,
250,63,3600000,0,user_44,3,19,
58,62,3600000,108000,user_46,0,19,
448,65,3600000,0,user_48,6,19,
316,90,3599999,0,user_35,4,19,58
274,92,3599999,0,user_2,4,19,58
370,85,3599999,0,user_29,5,17,58
162,67,3599999,0,user_16,2,19,58
164,83,3599999,0,user_17,2,19,58
