id,position,gas_fee,mev_potential,creator_id,created_at,included_at,target_tx
11,2,43000000,0,user_9,0,19,
15,88,2600000,0,user_11,0,11,
10,82,2000000,0,user_8,0,10,
60,84,1600000,0,user_46,0,10,
13,90,1100000,0,user_11,0,10,
62,93,1000000,0,user_48,0,10,
63,93,660000,121000,user_48,0,4,
85,7,659999,0,builder_9,0,0,63
5,92,660000,14200,user_4,0,4,
86,9,659999,0,builder_9,0,0,5
17,84,660001,0,user_14,0,6,5
31,91,660001,0,user_25,0,6,5
32,92,660001,0,user_25,0,6,5
19,93,660001,0,user_15,0,6,5
6,89,660001,0,user_5,0,7,5
8,90,660001,0,user_5,0,7,5
29,90,660001,0,user_22,0,6,5
21,85,660001,0,user_17,0,6,5
23,86,660001,0,user_18,0,6,5
24,87,660001,0,user_18,0,6,5
25,88,660001,0,user_18,0,6,5
35,94,660001,0,user_27,0,6,5
52,98,660001,0,user_40,0,6,5
41,96,660001,0,user_33,0,6,5
42,97,660001,0,user_33,0,6,5
27,81,660001,0,user_19,0,6,5
37,89,660001,0,user_28,0,6,5
48,95,660001,0,user_38,0,6,5
16,59,659999,0,user_14,0,2,5
7,92,659999,0,user_5,0,3,5
33,62,659999,0,user_26,0,2,5
34,63,659999,0,user_26,0,2,5
22,60,659999,0,user_18,0,2,5
26,61,659999,0,user_18,0,2,5
36,64,659999,0,user_27,0,2,5
46,65,659999,0,user_36,0,2,5
43,67,659999,0,user_34,0,2,5
44,68,659999,0,user_34,0,2,5
49,66,659999,0,user_38,0,2,5
53,69,659999,0,user_41,0,2,5
54,70,659999,0,user_41,0,2,5
55,77,240000,350000,user_42,0,1,
87,42,239999,0,builder_9,0,0,55
12,78,310000,0,user_11,0,1,
4,79,260000,0,user_4,0,1,
14,90,220000,0,user_11,0,1,
88,46,150001,0,builder_9,0,0,1
1,92,150000,39400,user_1,0,1,
2,95,150001,0,user_2,0,1,1
9,96,150001,0,user_7,0,1,1
38,50,150001,0,user_29,0,0,1
45,98,150001,0,user_35,0,1,1
18,97,150001,0,user_15,0,1,1
47,99,150001,0,user_36,0,1,1
51,54,150001,0,user_40,0,0,1
58,55,150000,0,user_45,0,0,
3,56,149999,0,user_3,0,0,1
20,57,149999,0,user_16,0,0,1
50,58,149999,0,user_39,0,0,1
28,59,149999,0,user_20,0,0,1
39,60,149999,0,user_30,0,0,1
40,61,149999,0,user_31,0,0,1
59,62,120000,0,user_46,0,0,
0,63,80000,0,user_1,0,0,
11,2,43000000,0,user_9,0,19,
147,10,5000000,0,user_48,1,19,
141,12,4500000,0,user_42,1,19,
15,88,2600000,0,user_11,0,11,
10,82,2000000,0,user_8,0,10,
60,84,1600000,0,user_46,0,10,
145,85,1500000,0,user_46,1,10,
184,7,630001,0,builder_9,1,1,144
144,8,630000,594000,user_46,1,1,
13,90,1100000,0,user_11,0,10,
62,93,1000000,0,user_48,0,10,
63,93,660000,121000,user_48,0,4,
185,12,659999,0,builder_9,1,1,63
5,92,660000,14200,user_4,0,4,
186,14,659999,0,builder_9,1,1,5
17,84,660001,0,user_14,0,6,5
6,89,660001,0,user_5,0,7,5
8,90,660001,0,user_5,0,7,5
29,90,660001,0,user_22,0,6,5
31,91,660001,0,user_25,0,6,5
32,92,660001,0,user_25,0,6,5
21,85,660001,0,user_17,0,6,5
23,86,660001,0,user_18,0,6,5
24,87,660001,0,user_18,0,6,5
25,88,660001,0,user_18,0,6,5
37,89,660001,0,user_28,0,6,5
19,93,660001,0,user_15,0,6,5
41,96,660001,0,user_33,0,6,5
42,97,660001,0,user_33,0,6,5
35,94,660001,0,user_27,0,6,5
52,98,660001,0,user_40,0,6,5
27,81,660001,0,user_19,0,6,5
48,95,660001,0,user_38,0,6,5
106,95,660001,0,user_10,1,8,5
118,88,660001,0,user_17,1,8,5
113,90,660001,0,user_15,1,8,5
115,91,660001,0,user_15,1,8,5
116,92,660001,0,user_15,1,8,5
117,93,660001,0,user_15,1,8,5
127,94,660001,0,user_26,1,8,5
135,99,660001,0,user_35,1,8,5
132,96,660001,0,user_32,1,8,5
94,85,660001,0,user_0,1,8,5
95,86,660001,0,user_0,1,8,5
134,98,660001,0,user_33,1,8,5
137,89,660001,0,user_38,1,8,5
123,87,660001,0,user_21,1,8,5
16,59,659999,0,user_14,0,2,5
7,92,659999,0,user_5,0,3,5
33,62,659999,0,user_26,0,2,5
34,63,659999,0,user_26,0,2,5
22,60,659999,0,user_18,0,2,5
26,61,659999,0,user_18,0,2,5
43,67,659999,0,user_34,0,2,5
44,68,659999,0,user_34,0,2,5
36,64,659999,0,user_27,0,2,5
46,65,659999,0,user_36,0,2,5
49,66,659999,0,user_38,0,2,5
96,83,659999,0,user_1,1,3,5
53,69,659999,0,user_41,0,2,5
54,70,659999,0,user_41,0,2,5
110,94,659999,0,user_13,1,4,5
105,86,659999,0,user_8,1,3,5
120,99,659999,0,user_18,1,4,5
124,89,659999,0,user_23,1,3,5
125,90,659999,0,user_24,1,3,63
126,91,659999,0,user_24,1,3,5
112,98,659999,0,user_14,1,4,5
138,96,659999,0,user_40,1,3,5
131,94,659999,0,user_32,1,3,5
108,95,659999,0,user_12,1,4,5
109,96,659999,0,user_12,1,4,5
133,95,659999,0,user_33,1,3,5
121,97,659999,0,user_19,1,4,5
139,99,659999,0,user_41,1,3,5
140,86,659999,0,user_41,1,2,5
187,76,240001,0,builder_9,1,1,55
55,77,240000,350000,user_42,0,1,
12,78,310000,0,user_11,0,1,
4,79,260000,0,user_4,0,1,
98,80,240001,0,user_3,1,1,55
99,81,240001,0,user_3,1,1,55
101,82,240001,0,user_5,1,1,55
102,83,240001,0,user_5,1,1,55
104,84,240001,0,user_7,1,1,55
97,85,239999,0,user_2,1,1,55
100,86,239999,0,user_4,1,1,55
103,87,239999,0,user_6,1,1,55
107,88,239999,0,user_10,1,1,55
119,89,239999,0,user_17,1,1,55
14,90,220000,0,user_11,0,1,
148,91,220000,0,user_48,1,1,
1,92,150000,39400,user_1,0,1,
188,93,149999,0,builder_9,1,1,1
61,94,170000,0,user_47,0,1,
2,95,150001,0,user_2,0,1,1
9,96,150001,0,user_7,0,1,1
18,97,150001,0,user_15,0,1,1
45,98,150001,0,user_35,0,1,1
47,99,150001,0,user_36,0,1,1
11,2,43000000,0,user_9,0,19,
243,3,43000000,0,user_48,2,19,
147,10,5000000,0,user_48,1,19,
141,12,4500000,0,user_42,1,19,
149,68,3500000,0,user_49,1,19,
15,88,2600000,0,user_11,0,11,
237,87,2600000,0,user_44,2,11,
10,82,2000000,0,user_8,0,10,
60,84,1600000,0,user_46,0,10,
145,85,1500000,0,user_46,1,10,
242,87,1300000,0,user_47,2,10,
13,90,1100000,0,user_11,0,10,
62,93,1000000,0,user_48,0,10,
241,94,1000000,0,user_46,2,10,
27,81,660001,0,user_19,0,6,5
6,89,660001,0,user_5,0,7,5
8,90,660001,0,user_5,0,7,5
17,84,660001,0,user_14,0,6,5
21,85,660001,0,user_17,0,6,5
23,86,660001,0,user_18,0,6,5
24,87,660001,0,user_18,0,6,5
25,88,660001,0,user_18,0,6,5
37,89,660001,0,user_28,0,6,5
29,90,660001,0,user_22,0,6,5
31,91,660001,0,user_25,0,6,5
32,92,660001,0,user_25,0,6,5
19,93,660001,0,user_15,0,6,5
35,94,660001,0,user_27,0,6,5
48,95,660001,0,user_38,0,6,5
41,96,660001,0,user_33,0,6,5
42,97,660001,0,user_33,0,6,5
52,98,660001,0,user_40,0,6,5
106,95,660001,0,user_10,1,8,5
94,85,660001,0,user_0,1,8,5
95,86,660001,0,user_0,1,8,5
136,97,660001,0,user_37,1,8,5
113,90,660001,0,user_15,1,8,5
115,91,660001,0,user_15,1,8,5
116,92,660001,0,user_15,1,8,5
117,93,660001,0,user_15,1,8,5
123,87,660001,0,user_21,1,8,5
127,94,660001,0,user_26,1,8,5
118,88,660001,0,user_17,1,8,5
132,96,660001,0,user_32,1,8,5
135,99,660001,0,user_35,1,8,5
134,98,660001,0,user_33,1,8,5
137,89,660001,0,user_38,1,8,5
215,69,660001,0,user_27,2,5,5
222,74,660001,0,user_33,2,5,5
209,71,660001,0,user_16,2,5,5
217,72,660001,0,user_29,2,5,63
226,70,660001,0,user_34,2,5,5
218,73,660001,0,user_30,2,5,5
214,75,660001,0,user_26,2,5,5
232,76,660001,0,user_40,2,5,5
230,35,660001,0,user_38,2,4,5
5,92,660000,14200,user_4,0,4,
63,93,660000,121000,user_48,0,4,
7,92,659999,0,user_5,0,3,5
16,59,659999,0,user_14,0,2,5
22,60,659999,0,user_18,0,2,5
26,61,659999,0,user_18,0,2,5
33,62,659999,0,user_26,0,2,5
34,63,659999,0,user_26,0,2,5
36,64,659999,0,user_27,0,2,5
46,65,659999,0,user_36,0,2,5
49,66,659999,0,user_38,0,2,5
43,67,659999,0,user_34,0,2,5
44,68,659999,0,user_34,0,2,5
53,69,659999,0,user_41,0,2,5
54,70,659999,0,user_41,0,2,5
96,83,659999,0,user_1,1,3,5
110,94,659999,0,user_13,1,4,5
108,95,659999,0,user_12,1,4,5
109,96,659999,0,user_12,1,4,5
121,97,659999,0,user_19,1,4,5
105,86,659999,0,user_8,1,3,5
112,98,659999,0,user_14,1,4,5
120,99,659999,0,user_18,1,4,5
124,89,659999,0,user_23,1,3,5
131,94,659999,0,user_32,1,3,5
125,90,659999,0,user_24,1,3,63
126,91,659999,0,user_24,1,3,5
138,96,659999,0,user_40,1,3,5
133,95,659999,0,user_33,1,3,5
139,99,659999,0,user_41,1,3,5
140,86,659999,0,user_41,1,2,5
130,97,659999,0,user_31,1,3,5
221,88,659999,0,user_33,2,2,5
204,89,659999,0,user_11,2,2,5
224,90,659999,0,user_34,2,2,5
227,91,659999,0,user_34,2,2,63
212,92,659999,0,user_22,2,2,5
213,93,659999,0,user_26,2,2,5
228,94,659999,0,user_35,2,2,5
231,95,659999,0,user_39,2,2,5
202,96,659999,0,user_8,2,2,5
199,97,630001,0,user_4,2,2,144
200,98,630001,0,user_5,2,2,144
205,99,630001,0,user_12,2,2,144
11,2,43000000,0,user_9,0,19,
243,3,43000000,0,user_48,2,19,
147,10,5000000,0,user_48,1,19,
141,12,4500000,0,user_42,1,19,
149,68,3500000,0,user_49,1,19,
237,87,2600000,0,user_44,2,11,
15,88,2600000,0,user_11,0,11,
10,82,2000000,0,user_8,0,10,
60,84,1600000,0,user_46,0,10,
145,85,1500000,0,user_46,1,10,
242,87,1300000,0,user_47,2,10,
236,88,1200000,0,user_43,2,10,
13,90,1100000,0,user_11,0,10,
62,93,1000000,0,user_48,0,10,
241,94,1000000,0,user_46,2,10,
94,85,660001,0,user_0,1,8,5
95,86,660001,0,user_0,1,8,5
118,88,660001,0,user_17,1,8,5
6,89,660001,0,user_5,0,7,5
8,90,660001,0,user_5,0,7,5
106,95,660001,0,user_10,1,8,5
113,90,660001,0,user_15,1,8,5
115,91,660001,0,user_15,1,8,5
116,92,660001,0,user_15,1,8,5
117,93,660001,0,user_15,1,8,5
132,96,660001,0,user_32,1,8,5
134,98,660001,0,user_33,1,8,5
127,94,660001,0,user_26,1,8,5
135,99,660001,0,user_35,1,8,5
123,87,660001,0,user_21,1,8,5
136,97,660001,0,user_37,1,8,5
137,89,660001,0,user_38,1,8,5
27,81,660001,0,user_19,0,6,5
48,95,660001,0,user_38,0,6,5
31,91,660001,0,user_25,0,6,5
32,92,660001,0,user_25,0,6,5
29,90,660001,0,user_22,0,6,5
19,93,660001,0,user_15,0,6,5
35,94,660001,0,user_27,0,6,5
52,98,660001,0,user_40,0,6,5
41,96,660001,0,user_33,0,6,5
42,97,660001,0,user_33,0,6,5
37,89,660001,0,user_28,0,6,5
226,70,660001,0,user_34,2,5,5
17,84,660001,0,user_14,0,6,5
21,85,660001,0,user_17,0,6,5
23,86,660001,0,user_18,0,6,5
24,87,660001,0,user_18,0,6,5
25,88,660001,0,user_18,0,6,5
214,75,660001,0,user_26,2,5,5
209,71,660001,0,user_16,2,5,5
217,72,660001,0,user_29,2,5,63
232,76,660001,0,user_40,2,5,5
222,74,660001,0,user_33,2,5,5
230,35,660001,0,user_38,2,4,5
218,73,660001,0,user_30,2,5,5
290,81,660001,0,user_2,3,7,5
294,92,660001,0,user_3,3,9,5
306,55,660001,0,user_15,3,5,5
335,62,660001,0,user_33,3,5,5
298,93,660001,0,user_7,3,9,5
302,78,660001,0,user_10,3,6,63
303,79,660001,0,user_10,3,6,63
307,96,660001,0,user_16,3,9,5
326,63,660001,0,user_29,3,5,5
327,64,660001,0,user_29,3,5,5
312,94,660001,0,user_19,3,9,5
313,95,660001,0,user_19,3,9,5
339,61,660001,0,user_37,3,5,63
316,98,660001,0,user_23,3,9,5
317,99,660001,0,user_23,3,9,5
318,50,660001,0,user_23,3,5,5
319,51,660001,0,user_23,3,5,5
315,52,660001,0,user_22,3,5,5
328,53,660001,0,user_30,3,5,5
337,65,660001,0,user_35,3,5,5
341,66,660001,0,user_39,3,5,5
330,58,660001,0,user_32,3,5,5
332,59,660001,0,user_32,3,5,5
334,60,660001,0,user_32,3,5,5
329,54,660001,0,user_31,3,5,5
63,93,660000,121000,user_48,0,4,
5,92,660000,14200,user_4,0,4,
96,83,659999,0,user_1,1,3,5
108,95,659999,0,user_12,1,4,5
109,96,659999,0,user_12,1,4,5
105,86,659999,0,user_8,1,3,5
110,94,659999,0,user_13,1,4,5
120,99,659999,0,user_18,1,4,5
124,89,659999,0,user_23,1,3,5
125,90,659999,0,user_24,1,3,63
126,91,659999,0,user_24,1,3,5
7,92,659999,0,user_5,0,3,5
112,98,659999,0,user_14,1,4,5
131,94,659999,0,user_32,1,3,5
133,95,659999,0,user_33,1,3,5
138,96,659999,0,user_40,1,3,5
130,97,659999,0,user_31,1,3,5
121,97,659999,0,user_19,1,4,5
139,99,659999,0,user_41,1,3,5
243,3,43000000,0,user_48,2,19,
11,2,43000000,0,user_9,0,19,
147,10,5000000,0,user_48,1,19,
141,12,4500000,0,user_42,1,19,
350,42,4200000,0,user_49,3,19,
442,43,4200000,139000,user_45,4,19,
444,44,4200000,0,user_47,4,19,
149,68,3500000,0,user_49,1,19,
237,87,2600000,0,user_44,2,11,
15,88,2600000,0,user_11,0,11,
10,82,2000000,0,user_8,0,10,
60,84,1600000,0,user_46,0,10,
145,85,1500000,0,user_46,1,10,
242,87,1300000,0,user_47,2,10,
236,88,1200000,0,user_43,2,10,
13,90,1100000,0,user_11,0,10,
241,94,1000000,0,user_46,2,10,
62,93,1000000,0,user_48,0,10,
94,85,660001,0,user_0,1,8,5
95,86,660001,0,user_0,1,8,5
123,87,660001,0,user_21,1,8,5
118,88,660001,0,user_17,1,8,5
137,89,660001,0,user_38,1,8,5
113,90,660001,0,user_15,1,8,5
115,91,660001,0,user_15,1,8,5
116,92,660001,0,user_15,1,8,5
117,93,660001,0,user_15,1,8,5
127,94,660001,0,user_26,1,8,5
106,95,660001,0,user_10,1,8,5
132,96,660001,0,user_32,1,8,5
136,97,660001,0,user_37,1,8,5
134,98,660001,0,user_33,1,8,5
135,99,660001,0,user_35,1,8,5
218,73,660001,0,user_30,2,5,5
209,71,660001,0,user_16,2,5,5
230,35,660001,0,user_38,2,4,5
214,75,660001,0,user_26,2,5,5
226,70,660001,0,user_34,2,5,5
222,74,660001,0,user_33,2,5,5
217,72,660001,0,user_29,2,5,63
232,76,660001,0,user_40,2,5,5
290,81,660001,0,user_2,3,7,5
215,69,660001,0,user_27,2,5,5
302,78,660001,0,user_10,3,6,63
303,79,660001,0,user_10,3,6,63
27,81,660001,0,user_19,0,6,5
298,93,660001,0,user_7,3,9,5
312,94,660001,0,user_19,3,9,5
313,95,660001,0,user_19,3,9,5
307,96,660001,0,user_16,3,9,5
324,97,660001,0,user_28,3,9,63
339,61,660001,0,user_37,3,5,63
17,84,660001,0,user_14,0,6,5
6,89,660001,0,user_5,0,7,5
8,90,660001,0,user_5,0,7,5
19,93,660001,0,user_15,0,6,5
21,85,660001,0,user_17,0,6,5
35,94,660001,0,user_27,0,6,5
41,96,660001,0,user_33,0,6,5
42,97,660001,0,user_33,0,6,5
23,86,660001,0,user_18,0,6,5
24,87,660001,0,user_18,0,6,5
25,88,660001,0,user_18,0,6,5
29,90,660001,0,user_22,0,6,5
31,91,660001,0,user_25,0,6,5
32,92,660001,0,user_25,0,6,5
52,98,660001,0,user_40,0,6,5
37,89,660001,0,user_28,0,6,5
48,95,660001,0,user_38,0,6,5
294,92,660001,0,user_3,3,9,5
306,55,660001,0,user_15,3,5,5
315,52,660001,0,user_22,3,5,5
316,98,660001,0,user_23,3,9,5
317,99,660001,0,user_23,3,9,5
318,50,660001,0,user_23,3,5,5
319,51,660001,0,user_23,3,5,5
330,58,660001,0,user_32,3,5,5
332,59,660001,0,user_32,3,5,5
334,60,660001,0,user_32,3,5,5
326,63,660001,0,user_29,3,5,5
327,64,660001,0,user_29,3,5,5
337,65,660001,0,user_35,3,5,5
341,66,660001,0,user_39,3,5,5
335,62,660001,0,user_33,3,5,5
328,53,660001,0,user_30,3,5,5
329,54,660001,0,user_31,3,5,5
391,98,660001,0,user_3,4,10,63
388,97,660001,0,user_0,4,10,5
425,80,660001,0,user_30,4,7,5
431,99,660001,0,user_35,4,10,5
436,83,660001,0,user_39,4,7,63
437,84,660001,0,user_40,4,7,63
5,92,660000,14200,user_4,0,4,
63,93,660000,121000,user_48,0,4,
110,94,659999,0,user_13,1,4,5
108,95,659999,0,user_12,1,4,5
109,96,659999,0,user_12,1,4,5
121,97,659999,0,user_19,1,4,5
112,98,659999,0,user_14,1,4,5
120,99,659999,0,user_18,1,4,5
243,3,43000000,0,user_48,2,19,
11,2,43000000,0,user_9,0,19,
147,10,5000000,0,user_48,1,19,
141,12,4500000,0,user_42,1,19,
503,39,4200001,0,user_4,5,19,442
511,13,4200001,0,user_11,5,19,442
509,15,4200001,0,user_9,5,19,442
515,14,4200001,0,user_17,5,19,442
517,16,4200001,0,user_18,5,19,442
529,18,4200001,0,user_34,5,19,442
530,19,4200001,0,user_34,5,19,442
536,20,4200001,0,user_37,5,19,442
524,17,4200001,0,user_26,5,19,442
537,21,4200001,0,user_39,5,19,442
538,40,4200001,0,user_41,5,19,442
350,42,4200000,0,user_49,3,19,
442,43,4200000,139000,user_45,4,19,
444,44,4200000,0,user_47,4,19,
520,45,4199999,0,user_21,5,19,442
513,52,4199999,0,user_15,5,19,442
518,50,4199999,0,user_19,5,19,442
535,51,4199999,0,user_37,5,19,442
504,46,4199999,0,user_5,5,19,442
525,47,4199999,0,user_26,5,19,442
522,48,4199999,0,user_24,5,19,442
528,49,4199999,0,user_31,5,19,442
149,68,3500000,0,user_49,1,19,
544,72,3200000,10700,user_48,5,19,
237,87,2600000,0,user_44,2,11,
15,88,2600000,0,user_11,0,11,
546,99,2400000,0,user_48,5,11,
10,82,2000000,0,user_8,0,10,
60,84,1600000,0,user_46,0,10,
145,85,1500000,0,user_46,1,10,
547,86,1500000,0,user_48,5,10,
242,87,1300000,0,user_47,2,10,
236,88,1200000,0,user_43,2,10,
13,90,1100000,0,user_11,0,10,
446,89,1100000,0,user_49,4,10,
241,94,1000000,0,user_46,2,10,
62,93,1000000,0,user_48,0,10,
543,95,1000000,0,user_47,5,10,
294,92,660001,0,user_3,3,9,5
298,93,660001,0,user_7,3,9,5
312,94,660001,0,user_19,3,9,5
313,95,660001,0,user_19,3,9,5
307,96,660001,0,user_16,3,9,5
324,97,660001,0,user_28,3,9,63
316,98,660001,0,user_23,3,9,5
317,99,660001,0,user_23,3,9,5
318,50,660001,0,user_23,3,5,5
319,51,660001,0,user_23,3,5,5
315,52,660001,0,user_22,3,5,5
328,53,660001,0,user_30,3,5,5
329,54,660001,0,user_31,3,5,5
306,55,660001,0,user_15,3,5,5
302,78,660001,0,user_10,3,6,63
303,79,660001,0,user_10,3,6,63
330,58,660001,0,user_32,3,5,5
332,59,660001,0,user_32,3,5,5
334,60,660001,0,user_32,3,5,5
339,61,660001,0,user_37,3,5,63
335,62,660001,0,user_33,3,5,5
326,63,660001,0,user_29,3,5,5
327,64,660001,0,user_29,3,5,5
337,65,660001,0,user_35,3,5,5
341,66,660001,0,user_39,3,5,5
290,81,660001,0,user_2,3,7,5
388,97,660001,0,user_0,4,10,5
215,69,660001,0,user_27,2,5,5
226,70,660001,0,user_34,2,5,5
209,71,660001,0,user_16,2,5,5
217,72,660001,0,user_29,2,5,63
218,73,660001,0,user_30,2,5,5
222,74,660001,0,user_33,2,5,5
214,75,660001,0,user_26,2,5,5
232,76,660001,0,user_40,2,5,5
6,89,660001,0,user_5,0,7,5
8,90,660001,0,user_5,0,7,5
27,81,660001,0,user_19,0,6,5
17,84,660001,0,user_14,0,6,5
21,85,660001,0,user_17,0,6,5
23,86,660001,0,user_18,0,6,5
24,87,660001,0,user_18,0,6,5
25,88,660001,0,user_18,0,6,5
37,89,660001,0,user_28,0,6,5
19,93,660001,0,user_15,0,6,5
29,90,660001,0,user_22,0,6,5
31,91,660001,0,user_25,0,6,5
32,92,660001,0,user_25,0,6,5
35,94,660001,0,user_27,0,6,5
52,98,660001,0,user_40,0,6,5
41,96,660001,0,user_33,0,6,5
42,97,660001,0,user_33,0,6,5
48,95,660001,0,user_38,0,6,5
94,85,660001,0,user_0,1,8,5
95,86,660001,0,user_0,1,8,5
113,90,660001,0,user_15,1,8,5
115,91,660001,0,user_15,1,8,5
116,92,660001,0,user_15,1,8,5
11,2,43000000,0,user_9,0,19,
243,3,43000000,0,user_48,2,19,
147,10,5000000,0,user_48,1,19,
655,8,5000000,0,user_48,6,19,
141,12,4500000,0,user_42,1,19,
503,39,4200001,0,user_4,5,19,442
511,13,4200001,0,user_11,5,19,442
515,14,4200001,0,user_17,5,19,442
517,16,4200001,0,user_18,5,19,442
529,18,4200001,0,user_34,5,19,442
530,19,4200001,0,user_34,5,19,442
536,20,4200001,0,user_37,5,19,442
524,17,4200001,0,user_26,5,19,442
537,21,4200001,0,user_39,5,19,442
538,40,4200001,0,user_41,5,19,442
509,15,4200001,0,user_9,5,19,442
614,23,4200001,0,user_4,6,19,442
609,25,4200001,0,user_0,6,19,442
610,26,4200001,0,user_0,6,19,442
622,27,4200001,0,user_12,6,19,442
611,22,4200001,0,user_2,6,19,442
612,24,4200001,0,user_3,6,19,442
628,30,4200001,0,user_21,6,19,442
620,29,4200001,0,user_9,6,19,442
644,37,4200001,0,user_37,6,19,442
618,31,4200001,0,user_8,6,19,442
629,33,4200001,0,user_22,6,19,442
630,34,4200001,0,user_22,6,19,442
633,32,4200001,0,user_25,6,19,442
647,35,4200001,0,user_40,6,19,442
648,36,4200001,0,user_40,6,19,442
642,38,4200001,0,user_32,6,19,442
645,28,4200001,0,user_38,6,19,442
649,41,4200001,0,user_41,6,19,442
444,44,4200000,0,user_47,4,19,
442,43,4200000,139000,user_45,4,19,
350,42,4200000,0,user_49,3,19,
504,46,4199999,0,user_5,5,19,442
518,50,4199999,0,user_19,5,19,442
535,51,4199999,0,user_37,5,19,442
513,52,4199999,0,user_15,5,19,442
520,45,4199999,0,user_21,5,19,442
525,47,4199999,0,user_26,5,19,442
522,48,4199999,0,user_24,5,19,442
528,49,4199999,0,user_31,5,19,442
613,53,4199999,0,user_4,6,19,442
617,55,4199999,0,user_7,6,19,442
636,58,4199999,0,user_27,6,19,442
621,60,4199999,0,user_10,6,19,442
638,63,4199999,0,user_29,6,19,442
626,56,4199999,0,user_18,6,19,442
619,57,4199999,0,user_8,6,19,442
616,54,4199999,0,user_6,6,19,442
639,59,4199999,0,user_30,6,19,442
646,61,4199999,0,user_39,6,19,442
149,68,3500000,0,user_49,1,19,
544,72,3200000,10700,user_48,5,19,
548,73,3200000,0,user_49,5,19,
15,88,2600000,0,user_11,0,11,
237,87,2600000,0,user_44,2,11,
546,99,2400000,0,user_48,5,11,
10,82,2000000,0,user_8,0,10,
60,84,1600000,0,user_46,0,10,
145,85,1500000,0,user_46,1,10,
547,86,1500000,0,user_48,5,10,
242,87,1300000,0,user_47,2,10,
236,88,1200000,0,user_43,2,10,
446,89,1100000,0,user_49,4,10,
13,90,1100000,0,user_11,0,10,
62,93,1000000,0,user_48,0,10,
241,94,1000000,0,user_46,2,10,
543,95,1000000,0,user_47,5,10,
653,96,670000,0,user_46,6,10,
388,97,660001,0,user_0,4,10,5
391,98,660001,0,user_3,4,10,63
431,99,660001,0,user_35,4,10,5
425,80,660001,0,user_30,4,7,5
437,84,660001,0,user_40,4,7,63
302,78,660001,0,user_10,3,6,63
303,79,660001,0,user_10,3,6,63
436,83,660001,0,user_39,4,7,63
27,81,660001,0,user_19,0,6,5
6,89,660001,0,user_5,0,7,5
8,90,660001,0,user_5,0,7,5
17,84,660001,0,user_14,0,6,5
21,85,660001,0,user_17,0,6,5
23,86,660001,0,user_18,0,6,5
24,87,660001,0,user_18,0,6,5
25,88,660001,0,user_18,0,6,5
37,89,660001,0,user_28,0,6,5
29,90,660001,0,user_22,0,6,5
31,91,660001,0,user_25,0,6,5
32,92,660001,0,user_25,0,6,5
19,93,660001,0,user_15,0,6,5
35,94,660001,0,user_27,0,6,5
48,95,660001,0,user_38,0,6,5
41,96,660001,0,user_33,0,6,5
42,97,660001,0,user_33,0,6,5
52,98,660001,0,user_40,0,6,5
106,95,660001,0,user_10,1,8,5
11,2,43000000,0,user_9,0,19,
243,3,43000000,0,user_48,2,19,
780,5,30000000,18600,user_47,7,19,
147,10,5000000,0,user_48,1,19,
655,8,5000000,0,user_48,6,19,
141,12,4500000,0,user_42,1,19,
503,39,4200001,0,user_4,5,19,442
511,13,4200001,0,user_11,5,19,442
509,15,4200001,0,user_9,5,19,442
515,14,4200001,0,user_17,5,19,442
517,16,4200001,0,user_18,5,19,442
524,17,4200001,0,user_26,5,19,442
529,18,4200001,0,user_34,5,19,442
530,19,4200001,0,user_34,5,19,442
536,20,4200001,0,user_37,5,19,442
537,21,4200001,0,user_39,5,19,442
538,40,4200001,0,user_41,5,19,442
611,22,4200001,0,user_2,6,19,442
614,23,4200001,0,user_4,6,19,442
609,25,4200001,0,user_0,6,19,442
610,26,4200001,0,user_0,6,19,442
622,27,4200001,0,user_12,6,19,442
644,37,4200001,0,user_37,6,19,442
612,24,4200001,0,user_3,6,19,442
618,31,4200001,0,user_8,6,19,442
628,30,4200001,0,user_21,6,19,442
629,33,4200001,0,user_22,6,19,442
630,34,4200001,0,user_22,6,19,442
633,32,4200001,0,user_25,6,19,442
642,38,4200001,0,user_32,6,19,442
620,29,4200001,0,user_9,6,19,442
647,35,4200001,0,user_40,6,19,442
648,36,4200001,0,user_40,6,19,442
645,28,4200001,0,user_38,6,19,442
649,41,4200001,0,user_41,6,19,442
350,42,4200000,0,user_49,3,19,
442,43,4200000,139000,user_45,4,19,
444,44,4200000,0,user_47,4,19,
518,50,4199999,0,user_19,5,19,442
520,45,4199999,0,user_21,5,19,442
504,46,4199999,0,user_5,5,19,442
522,48,4199999,0,user_24,5,19,442
528,49,4199999,0,user_31,5,19,442
525,47,4199999,0,user_26,5,19,442
513,52,4199999,0,user_15,5,19,442
535,51,4199999,0,user_37,5,19,442
613,53,4199999,0,user_4,6,19,442
621,60,4199999,0,user_10,6,19,442
617,55,4199999,0,user_7,6,19,442
626,56,4199999,0,user_18,6,19,442
616,54,4199999,0,user_6,6,19,442
619,57,4199999,0,user_8,6,19,442
638,63,4199999,0,user_29,6,19,442
646,61,4199999,0,user_39,6,19,442
636,58,4199999,0,user_27,6,19,442
639,59,4199999,0,user_30,6,19,442
738,62,4199999,0,user_8,7,19,442
149,68,3500000,0,user_49,1,19,
544,72,3200000,10700,user_48,5,19,
548,73,3200000,0,user_49,5,19,
782,74,3200000,6390,user_47,7,19,
237,87,2600000,0,user_44,2,11,
15,88,2600000,0,user_11,0,11,
781,86,2600000,0,user_47,7,11,
546,99,2400000,0,user_48,5,11,
10,82,2000000,0,user_8,0,10,
60,84,1600000,0,user_46,0,10,
779,83,1600000,0,user_46,7,10,
547,86,1500000,0,user_48,5,10,
145,85,1500000,0,user_46,1,10,
242,87,1300000,0,user_47,2,10,
236,88,1200000,0,user_43,2,10,
446,89,1100000,0,user_49,4,10,
13,90,1100000,0,user_11,0,10,
543,95,1000000,0,user_47,5,10,
62,93,1000000,0,user_48,0,10,
241,94,1000000,0,user_46,2,10,
653,96,670000,0,user_46,6,10,
391,98,660001,0,user_3,4,10,63
388,97,660001,0,user_0,4,10,5
425,80,660001,0,user_30,4,7,5
290,81,660001,0,user_2,3,7,5
431,99,660001,0,user_35,4,10,5
436,83,660001,0,user_39,4,7,63
437,84,660001,0,user_40,4,7,63
324,97,660001,0,user_28,3,9,63
94,85,660001,0,user_0,1,8,5
95,86,660001,0,user_0,1,8,5
118,88,660001,0,user_17,1,8,5
6,89,660001,0,user_5,0,7,5
8,90,660001,0,user_5,0,7,5
106,95,660001,0,user_10,1,8,5
113,90,660001,0,user_15,1,8,5
115,91,660001,0,user_15,1,8,5
116,92,660001,0,user_15,1,8,5
117,93,660001,0,user_15,1,8,5
132,96,660001,0,user_32,1,8,5
134,98,660001,0,user_33,1,8,5
127,94,660001,0,user_26,1,8,5
135,99,660001,0,user_35,1,8,5
243,3,43000000,0,user_48,2,19,
11,2,43000000,0,user_9,0,19,
776,0,43000000,0,user_43,7,19,
780,5,30000000,18600,user_47,7,19,
655,8,5000000,0,user_48,6,19,
147,10,5000000,0,user_48,1,19,
141,12,4500000,0,user_42,1,19,
612,24,4200001,0,user_3,6,19,442
609,25,4200001,0,user_0,6,19,442
610,26,4200001,0,user_0,6,19,442
614,23,4200001,0,user_4,6,19,442
622,27,4200001,0,user_12,6,19,442
628,30,4200001,0,user_21,6,19,442
620,29,4200001,0,user_9,6,19,442
618,31,4200001,0,user_8,6,19,442
629,33,4200001,0,user_22,6,19,442
630,34,4200001,0,user_22,6,19,442
633,32,4200001,0,user_25,6,19,442
645,28,4200001,0,user_38,6,19,442
642,38,4200001,0,user_32,6,19,442
644,37,4200001,0,user_37,6,19,442
647,35,4200001,0,user_40,6,19,442
648,36,4200001,0,user_40,6,19,442
649,41,4200001,0,user_41,6,19,442
611,22,4200001,0,user_2,6,19,442
515,14,4200001,0,user_17,5,19,442
517,16,4200001,0,user_18,5,19,442
529,18,4200001,0,user_34,5,19,442
530,19,4200001,0,user_34,5,19,442
536,20,4200001,0,user_37,5,19,442
524,17,4200001,0,user_26,5,19,442
509,15,4200001,0,user_9,5,19,442
537,21,4200001,0,user_39,5,19,442
511,13,4200001,0,user_11,5,19,442
503,39,4200001,0,user_4,5,19,442
538,40,4200001,0,user_41,5,19,442
350,42,4200000,0,user_49,3,19,
442,43,4200000,139000,user_45,4,19,
444,44,4200000,0,user_47,4,19,
613,53,4199999,0,user_4,6,19,442
617,55,4199999,0,user_7,6,19,442
626,56,4199999,0,user_18,6,19,442
619,57,4199999,0,user_8,6,19,442
616,54,4199999,0,user_6,6,19,442
639,59,4199999,0,user_30,6,19,442
636,58,4199999,0,user_27,6,19,442
621,60,4199999,0,user_10,6,19,442
638,63,4199999,0,user_29,6,19,442
646,61,4199999,0,user_39,6,19,442
504,46,4199999,0,user_5,5,19,442
535,51,4199999,0,user_37,5,19,442
520,45,4199999,0,user_21,5,19,442
525,47,4199999,0,user_26,5,19,442
522,48,4199999,0,user_24,5,19,442
528,49,4199999,0,user_31,5,19,442
518,50,4199999,0,user_19,5,19,442
513,52,4199999,0,user_15,5,19,442
738,62,4199999,0,user_8,7,19,442
149,68,3500000,0,user_49,1,19,
926,67,3500000,0,user_42,8,19,
548,73,3200000,0,user_49,5,19,
544,72,3200000,10700,user_48,5,19,
782,74,3200000,6390,user_47,7,19,
885,77,2600001,0,user_8,8,19,772
237,87,2600000,0,user_44,2,11,
15,88,2600000,0,user_11,0,11,
781,86,2600000,0,user_47,7,11,
772,85,2600000,350000,user_43,7,11,
892,91,2599999,0,user_15,8,11,772
889,92,2599999,0,user_9,8,11,772
546,99,2400000,0,user_48,5,11,
10,82,2000000,0,user_8,0,10,
60,84,1600000,0,user_46,0,10,
779,83,1600000,0,user_46,7,10,
547,86,1500000,0,user_48,5,10,
145,85,1500000,0,user_46,1,10,
242,87,1300000,0,user_47,2,10,
236,88,1200000,0,user_43,2,10,
13,90,1100000,0,user_11,0,10,
446,89,1100000,0,user_49,4,10,
543,95,1000000,0,user_47,5,10,
241,94,1000000,0,user_46,2,10,
62,93,1000000,0,user_48,0,10,
775,92,1000000,0,user_43,7,10,
653,96,670000,0,user_46,6,10,
94,85,660001,0,user_0,1,8,5
95,86,660001,0,user_0,1,8,5
123,87,660001,0,user_21,1,8,5
118,88,660001,0,user_17,1,8,5
137,89,660001,0,user_38,1,8,5
113,90,660001,0,user_15,1,8,5
115,91,660001,0,user_15,1,8,5
116,92,660001,0,user_15,1,8,5
117,93,660001,0,user_15,1,8,5
127,94,660001,0,user_26,1,8,5
106,95,660001,0,user_10,1,8,5
132,96,660001,0,user_32,1,8,5
136,97,660001,0,user_37,1,8,5
134,98,660001,0,user_33,1,8,5
135,99,660001,0,user_35,1,8,5
776,0,43000000,0,user_43,7,19,
243,3,43000000,0,user_48,2,19,
11,2,43000000,0,user_9,0,19,
780,5,30000000,18600,user_47,7,19,
147,10,5000000,0,user_48,1,19,
655,8,5000000,0,user_48,6,19,
141,12,4500000,0,user_42,1,19,
503,39,4200001,0,user_4,5,19,442
511,13,4200001,0,user_11,5,19,442
509,15,4200001,0,user_9,5,19,442
515,14,4200001,0,user_17,5,19,442
517,16,4200001,0,user_18,5,19,442
529,18,4200001,0,user_34,5,19,442
530,19,4200001,0,user_34,5,19,442
536,20,4200001,0,user_37,5,19,442
537,21,4200001,0,user_39,5,19,442
524,17,4200001,0,user_26,5,19,442
538,40,4200001,0,user_41,5,19,442
614,23,4200001,0,user_4,6,19,442
609,25,4200001,0,user_0,6,19,442
610,26,4200001,0,user_0,6,19,442
620,29,4200001,0,user_9,6,19,442
611,22,4200001,0,user_2,6,19,442
612,24,4200001,0,user_3,6,19,442
629,33,4200001,0,user_22,6,19,442
630,34,4200001,0,user_22,6,19,442
618,31,4200001,0,user_8,6,19,442
622,27,4200001,0,user_12,6,19,442
628,30,4200001,0,user_21,6,19,442
633,32,4200001,0,user_25,6,19,442
644,37,4200001,0,user_37,6,19,442
642,38,4200001,0,user_32,6,19,442
647,35,4200001,0,user_40,6,19,442
648,36,4200001,0,user_40,6,19,442
645,28,4200001,0,user_38,6,19,442
649,41,4200001,0,user_41,6,19,442
350,42,4200000,0,user_49,3,19,
442,43,4200000,139000,user_45,4,19,
444,44,4200000,0,user_47,4,19,
738,62,4199999,0,user_8,7,19,442
621,60,4199999,0,user_10,6,19,442
520,45,4199999,0,user_21,5,19,442
513,52,4199999,0,user_15,5,19,442
518,50,4199999,0,user_19,5,19,442
535,51,4199999,0,user_37,5,19,442
504,46,4199999,0,user_5,5,19,442
525,47,4199999,0,user_26,5,19,442
522,48,4199999,0,user_24,5,19,442
528,49,4199999,0,user_31,5,19,442
613,53,4199999,0,user_4,6,19,442
616,54,4199999,0,user_6,6,19,442
617,55,4199999,0,user_7,6,19,442
619,57,4199999,0,user_8,6,19,442
626,56,4199999,0,user_18,6,19,442
636,58,4199999,0,user_27,6,19,442
639,59,4199999,0,user_30,6,19,442
646,61,4199999,0,user_39,6,19,442
638,63,4199999,0,user_29,6,19,442
149,68,3500000,0,user_49,1,19,
926,67,3500000,0,user_42,8,19,
782,74,3200000,6390,user_47,7,19,
548,73,3200000,0,user_49,5,19,
544,72,3200000,10700,user_48,5,19,
1102,71,3200000,0,user_47,9,19,
885,77,2600001,0,user_8,8,19,772
1057,76,2600001,0,user_7,9,19,772
1096,78,2600001,0,user_39,9,19,772
1091,79,2600001,0,user_36,9,19,772
781,86,2600000,0,user_47,7,11,
772,85,2600000,350000,user_43,7,11,
237,87,2600000,0,user_44,2,11,
15,88,2600000,0,user_11,0,11,
892,91,2599999,0,user_15,8,11,772
889,92,2599999,0,user_9,8,11,772
1076,90,2599999,0,user_27,9,11,772
1059,89,2599999,0,user_8,9,11,772
1089,93,2599999,0,user_35,9,11,772
546,99,2400000,0,user_48,5,11,
10,82,2000000,0,user_8,0,10,
779,83,1600000,0,user_46,7,10,
60,84,1600000,0,user_46,0,10,
145,85,1500000,0,user_46,1,10,
547,86,1500000,0,user_48,5,10,
242,87,1300000,0,user_47,2,10,
236,88,1200000,0,user_43,2,10,
13,90,1100000,0,user_11,0,10,
446,89,1100000,0,user_49,4,10,
775,92,1000000,0,user_43,7,10,
241,94,1000000,0,user_46,2,10,
62,93,1000000,0,user_48,0,10,
543,95,1000000,0,user_47,5,10,
653,96,670000,0,user_46,6,10,
294,92,660001,0,user_3,3,9,5
298,93,660001,0,user_7,3,9,5
312,94,660001,0,user_19,3,9,5
313,95,660001,0,user_19,3,9,5
307,96,660001,0,user_16,3,9,5
324,97,660001,0,user_28,3,9,63
316,98,660001,0,user_23,3,9,5
317,99,660001,0,user_23,3,9,5
776,0,43000000,0,user_43,7,19,
11,2,43000000,0,user_9,0,19,
243,3,43000000,0,user_48,2,19,
1255,1,43000000,6390,user_44,10,19,
780,5,30000000,18600,user_47,7,19,
147,10,5000000,0,user_48,1,19,
655,8,5000000,0,user_48,6,19,
1256,9,5000000,0,user_45,10,19,
141,12,4500000,0,user_42,1,19,
503,39,4200001,0,user_4,5,19,442
511,13,4200001,0,user_11,5,19,442
515,14,4200001,0,user_17,5,19,442
517,16,4200001,0,user_18,5,19,442
529,18,4200001,0,user_34,5,19,442
530,19,4200001,0,user_34,5,19,442
536,20,4200001,0,user_37,5,19,442
524,17,4200001,0,user_26,5,19,442
537,21,4200001,0,user_39,5,19,442
538,40,4200001,0,user_41,5,19,442
509,15,4200001,0,user_9,5,19,442
614,23,4200001,0,user_4,6,19,442
609,25,4200001,0,user_0,6,19,442
610,26,4200001,0,user_0,6,19,442
622,27,4200001,0,user_12,6,19,442
611,22,4200001,0,user_2,6,19,442
612,24,4200001,0,user_3,6,19,442
628,30,4200001,0,user_21,6,19,442
620,29,4200001,0,user_9,6,19,442
644,37,4200001,0,user_37,6,19,442
618,31,4200001,0,user_8,6,19,442
629,33,4200001,0,user_22,6,19,442
630,34,4200001,0,user_22,6,19,442
633,32,4200001,0,user_25,6,19,442
645,28,4200001,0,user_38,6,19,442
647,35,4200001,0,user_40,6,19,442
648,36,4200001,0,user_40,6,19,442
642,38,4200001,0,user_32,6,19,442
649,41,4200001,0,user_41,6,19,442
444,44,4200000,0,user_47,4,19,
442,43,4200000,139000,user_45,4,19,
350,42,4200000,0,user_49,3,19,
738,62,4199999,0,user_8,7,19,442
504,46,4199999,0,user_5,5,19,442
518,50,4199999,0,user_19,5,19,442
535,51,4199999,0,user_37,5,19,442
513,52,4199999,0,user_15,5,19,442
520,45,4199999,0,user_21,5,19,442
525,47,4199999,0,user_26,5,19,442
522,48,4199999,0,user_24,5,19,442
528,49,4199999,0,user_31,5,19,442
613,53,4199999,0,user_4,6,19,442
617,55,4199999,0,user_7,6,19,442
636,58,4199999,0,user_27,6,19,442
621,60,4199999,0,user_10,6,19,442
638,63,4199999,0,user_29,6,19,442
626,56,4199999,0,user_18,6,19,442
619,57,4199999,0,user_8,6,19,442
616,54,4199999,0,user_6,6,19,442
639,59,4199999,0,user_30,6,19,442
646,61,4199999,0,user_39,6,19,442
926,67,3500000,0,user_42,8,19,
149,68,3500000,0,user_49,1,19,
782,74,3200000,6390,user_47,7,19,
544,72,3200000,10700,user_48,5,19,
548,73,3200000,0,user_49,5,19,
1102,71,3200000,0,user_47,9,19,
885,77,2600001,0,user_8,8,19,772
1057,76,2600001,0,user_7,9,19,772
1096,78,2600001,0,user_39,9,19,772
1091,79,2600001,0,user_36,9,19,772
772,85,2600000,350000,user_43,7,11,
781,86,2600000,0,user_47,7,11,
15,88,2600000,0,user_11,0,11,
237,87,2600000,0,user_44,2,11,
892,91,2599999,0,user_15,8,11,772
889,92,2599999,0,user_9,8,11,772
1059,89,2599999,0,user_8,9,11,772
1089,93,2599999,0,user_35,9,11,772
1076,90,2599999,0,user_27,9,11,772
1216,94,2599999,0,user_15,10,11,772
546,99,2400000,0,user_48,5,11,
1253,81,2300000,0,user_42,10,10,
10,82,2000000,0,user_8,0,10,
779,83,1600000,0,user_46,7,10,
60,84,1600000,0,user_46,0,10,
145,85,1500000,0,user_46,1,10,
547,86,1500000,0,user_48,5,10,
242,87,1300000,0,user_47,2,10,
236,88,1200000,0,user_43,2,10,
446,89,1100000,0,user_49,4,10,
13,90,1100000,0,user_11,0,10,
1257,91,1100000,0,user_46,10,10,
775,92,1000000,0,user_43,7,10,
62,93,1000000,0,user_48,0,10,
241,94,1000000,0,user_46,2,10,
543,95,1000000,0,user_47,5,10,
653,96,670000,0,user_46,6,10,
388,97,660001,0,user_0,4,10,5
391,98,660001,0,user_3,4,10,63
431,99,660001,0,user_35,4,10,5
776,0,43000000,0,user_43,7,19,
1255,1,43000000,6390,user_44,10,19,
11,2,43000000,0,user_9,0,19,
243,3,43000000,0,user_48,2,19,
780,5,30000000,18600,user_47,7,19,
655,8,5000000,0,user_48,6,19,
1256,9,5000000,0,user_45,10,19,
147,10,5000000,0,user_48,1,19,
1379,11,5000000,39400,user_46,11,19,
141,12,4500000,0,user_42,1,19,
511,13,4200001,0,user_11,5,19,442
515,14,4200001,0,user_17,5,19,442
509,15,4200001,0,user_9,5,19,442
517,16,4200001,0,user_18,5,19,442
524,17,4200001,0,user_26,5,19,442
529,18,4200001,0,user_34,5,19,442
530,19,4200001,0,user_34,5,19,442
536,20,4200001,0,user_37,5,19,442
537,21,4200001,0,user_39,5,19,442
611,22,4200001,0,user_2,6,19,442
614,23,4200001,0,user_4,6,19,442
612,24,4200001,0,user_3,6,19,442
609,25,4200001,0,user_0,6,19,442
610,26,4200001,0,user_0,6,19,442
622,27,4200001,0,user_12,6,19,442
645,28,4200001,0,user_38,6,19,442
620,29,4200001,0,user_9,6,19,442
628,30,4200001,0,user_21,6,19,442
618,31,4200001,0,user_8,6,19,442
633,32,4200001,0,user_25,6,19,442
629,33,4200001,0,user_22,6,19,442
630,34,4200001,0,user_22,6,19,442
647,35,4200001,0,user_40,6,19,442
648,36,4200001,0,user_40,6,19,442
644,37,4200001,0,user_37,6,19,442
642,38,4200001,0,user_32,6,19,442
503,39,4200001,0,user_4,5,19,442
538,40,4200001,0,user_41,5,19,442
649,41,4200001,0,user_41,6,19,442
350,42,4200000,0,user_49,3,19,
442,43,4200000,139000,user_45,4,19,
444,44,4200000,0,user_47,4,19,
520,45,4199999,0,user_21,5,19,442
504,46,4199999,0,user_5,5,19,442
525,47,4199999,0,user_26,5,19,442
522,48,4199999,0,user_24,5,19,442
528,49,4199999,0,user_31,5,19,442
518,50,4199999,0,user_19,5,19,442
535,51,4199999,0,user_37,5,19,442
513,52,4199999,0,user_15,5,19,442
613,53,4199999,0,user_4,6,19,442
616,54,4199999,0,user_6,6,19,442
617,55,4199999,0,user_7,6,19,442
626,56,4199999,0,user_18,6,19,442
619,57,4199999,0,user_8,6,19,442
636,58,4199999,0,user_27,6,19,442
639,59,4199999,0,user_30,6,19,442
621,60,4199999,0,user_10,6,19,442
646,61,4199999,0,user_39,6,19,442
738,62,4199999,0,user_8,7,19,442
638,63,4199999,0,user_29,6,19,442
926,67,3500000,0,user_42,8,19,
149,68,3500000,0,user_49,1,19,
1254,69,3500000,0,user_43,10,19,
1102,71,3200000,0,user_47,9,19,
544,72,3200000,10700,user_48,5,19,
548,73,3200000,0,user_49,5,19,
782,74,3200000,6390,user_47,7,19,
1057,76,2600001,0,user_7,9,19,772
885,77,2600001,0,user_8,8,19,772
1096,78,2600001,0,user_39,9,19,772
1091,79,2600001,0,user_36,9,19,772
1350,80,2600001,0,user_4,11,19,772
1358,81,2600001,0,user_14,11,19,772
1346,82,2600001,0,user_0,11,19,772
1351,83,2600001,0,user_5,11,19,772
1356,84,2600001,0,user_12,11,19,772
1370,85,2600001,0,user_33,11,19,772
1360,86,2600001,0,user_16,11,19,772
1367,87,2600001,0,user_29,11,19,772
1353,88,2600001,0,user_8,11,19,772
1371,92,2600001,0,user_35,11,19,772
1374,86,2600001,0,user_39,11,18,772
1369,90,2600001,0,user_31,11,19,772
1375,93,2600001,0,user_40,11,19,772
772,85,2600000,350000,user_43,7,11,
781,86,2600000,0,user_47,7,11,
237,87,2600000,0,user_44,2,11,
15,88,2600000,0,user_11,0,11,
1059,89,2599999,0,user_8,9,11,772
1076,90,2599999,0,user_27,9,11,772
892,91,2599999,0,user_15,8,11,772
889,92,2599999,0,user_9,8,11,772
1089,93,2599999,0,user_35,9,11,772
1216,94,2599999,0,user_15,10,11,772
1348,95,2599999,0,user_2,11,11,772
1359,96,2599999,0,user_15,11,11,772
1365,97,2599999,0,user_24,11,11,772
1373,98,2599999,0,user_36,11,11,772
546,99,2400000,0,user_48,5,11,
776,0,43000000,0,user_43,7,19,
1255,1,43000000,6390,user_44,10,19,
243,3,43000000,0,user_48,2,19,
11,2,43000000,0,user_9,0,19,
780,5,30000000,18600,user_47,7,19,
1256,9,5000000,0,user_45,10,19,
655,8,5000000,0,user_48,6,19,
147,10,5000000,0,user_48,1,19,
1379,11,5000000,39400,user_46,11,19,
141,12,4500000,0,user_42,1,19,
611,22,4200001,0,user_2,6,19,442
612,24,4200001,0,user_3,6,19,442
609,25,4200001,0,user_0,6,19,442
610,26,4200001,0,user_0,6,19,442
614,23,4200001,0,user_4,6,19,442
622,27,4200001,0,user_12,6,19,442
628,30,4200001,0,user_21,6,19,442
620,29,4200001,0,user_9,6,19,442
618,31,4200001,0,user_8,6,19,442
629,33,4200001,0,user_22,6,19,442
630,34,4200001,0,user_22,6,19,442
633,32,4200001,0,user_25,6,19,442
645,28,4200001,0,user_38,6,19,442
642,38,4200001,0,user_32,6,19,442
644,37,4200001,0,user_37,6,19,442
647,35,4200001,0,user_40,6,19,442
648,36,4200001,0,user_40,6,19,442
649,41,4200001,0,user_41,6,19,442
515,14,4200001,0,user_17,5,19,442
517,16,4200001,0,user_18,5,19,442
529,18,4200001,0,user_34,5,19,442
530,19,4200001,0,user_34,5,19,442
536,20,4200001,0,user_37,5,19,442
524,17,4200001,0,user_26,5,19,442
509,15,4200001,0,user_9,5,19,442
537,21,4200001,0,user_39,5,19,442
511,13,4200001,0,user_11,5,19,442
503,39,4200001,0,user_4,5,19,442
538,40,4200001,0,user_41,5,19,442
350,42,4200000,0,user_49,3,19,
442,43,4200000,139000,user_45,4,19,
444,44,4200000,0,user_47,4,19,
738,62,4199999,0,user_8,7,19,442
613,53,4199999,0,user_4,6,19,442
617,55,4199999,0,user_7,6,19,442
626,56,4199999,0,user_18,6,19,442
619,57,4199999,0,user_8,6,19,442
616,54,4199999,0,user_6,6,19,442
639,59,4199999,0,user_30,6,19,442
636,58,4199999,0,user_27,6,19,442
621,60,4199999,0,user_10,6,19,442
638,63,4199999,0,user_29,6,19,442
646,61,4199999,0,user_39,6,19,442
504,46,4199999,0,user_5,5,19,442
535,51,4199999,0,user_37,5,19,442
520,45,4199999,0,user_21,5,19,442
525,47,4199999,0,user_26,5,19,442
522,48,4199999,0,user_24,5,19,442
528,49,4199999,0,user_31,5,19,442
518,50,4199999,0,user_19,5,19,442
513,52,4199999,0,user_15,5,19,442
926,67,3500000,0,user_42,8,19,
1254,69,3500000,0,user_43,10,19,
149,68,3500000,0,user_49,1,19,
782,74,3200000,6390,user_47,7,19,
1102,71,3200000,0,user_47,9,19,
548,73,3200000,0,user_49,5,19,
544,72,3200000,10700,user_48,5,19,
885,77,2600001,0,user_8,8,19,772
