id,position,gas_fee,mev_potential,creator_id,created_at,included_at,target_tx
11,8,43000000,0,user_9,0,19,
24,7,43000000,0,user_20,0,19,
35,99,3500000,0,user_29,0,18,
15,99,2600000,0,user_11,0,14,
13,95,1100000,0,user_11,0,6,
6,95,660001,0,user_5,0,4,5
8,96,660001,0,user_5,0,4,5
5,97,660000,14200,user_4,0,4,
7,99,659999,0,user_5,0,4,5
22,80,630000,0,user_18,0,3,
55,91,460000,0,user_44,0,3,
39,92,460000,0,user_33,0,3,
27,98,420000,0,user_21,0,3,
21,71,360000,0,user_18,0,2,
34,70,360000,0,user_29,0,2,
54,74,340000,0,user_44,0,2,
12,81,310000,0,user_11,0,2,
4,85,260000,0,user_4,0,2,
20,86,240000,0,user_18,0,2,
14,89,220000,0,user_11,0,2,
9,93,150001,0,user_7,0,2,1
2,92,150001,0,user_2,0,2,1
1,94,150000,39400,user_1,0,2,
56,95,150000,0,user_45,0,2,
58,96,150000,0,user_47,0,2,
18,97,150000,108000,user_17,0,2,
36,98,150000,0,user_30,0,2,
3,57,149999,0,user_3,0,1,1
19,62,120000,0,user_18,0,1,
40,63,120000,0,user_33,0,1,
25,64,120000,0,user_20,0,1,
59,66,110000,0,user_48,0,1,
0,73,80000,0,user_1,0,1,
57,74,79000,0,user_45,0,1,
26,78,70000,0,user_21,0,1,
11,8,43000000,0,user_9,0,19,
24,7,43000000,0,user_20,0,19,
94,9,43000000,0,user_37,1,19,
45,28,19000000,0,user_39,0,19,
16,43,6100000,0,user_14,0,19,
100,44,6100000,33300,user_44,1,19,
85,64,5200000,0,user_29,1,19,
29,75,5000000,0,user_24,0,19,
60,87,4200000,0,user_49,0,19,
79,88,4200000,0,user_23,1,19,
35,99,3500000,0,user_29,0,18,
47,92,3500000,0,user_40,0,17,
46,95,3200000,0,user_40,0,16,
15,99,2600000,0,user_11,0,14,
33,93,2500000,0,user_27,0,12,
104,98,2300000,0,user_47,1,11,
49,94,2100000,0,user_40,0,10,
76,92,2100000,0,user_17,1,10,
30,89,2000000,0,user_24,0,9,
10,90,2000000,0,user_8,0,9,
51,91,1900000,0,user_41,0,8,
41,95,1800000,164000,user_34,0,8,
70,80,1100001,0,user_5,1,6,44
68,79,1100001,0,user_2,1,6,37
37,97,1100000,779000,user_32,0,6,
44,96,1100000,4320000,user_36,0,6,
13,95,1100000,0,user_11,0,6,
69,88,1099999,0,user_4,1,5,37
52,91,1000000,19700,user_41,0,5,
17,94,1000000,0,user_14,0,5,
75,98,970000,0,user_16,1,5,
32,89,910000,0,user_24,0,4,
77,91,910000,0,user_18,1,4,
5,97,660000,14200,user_4,0,4,
22,80,630000,0,user_18,0,3,
73,81,630000,0,user_12,1,3,
55,91,460000,0,user_44,0,3,
39,92,460000,0,user_33,0,3,
27,98,420000,0,user_21,0,3,
34,70,360000,0,user_29,0,2,
21,71,360000,0,user_18,0,2,
106,73,360000,0,user_47,1,2,
54,74,340000,0,user_44,0,2,
50,79,320000,231000,user_40,0,2,
12,81,310000,0,user_11,0,2,
4,85,260000,0,user_4,0,2,
20,86,240000,0,user_18,0,2,
14,89,220000,0,user_11,0,2,
86,90,170000,0,user_30,1,2,
2,92,150001,0,user_2,0,2,1
9,93,150001,0,user_7,0,2,1
1,94,150000,39400,user_1,0,2,
43,99,150000,121000,user_36,0,2,
56,95,150000,0,user_45,0,2,
18,97,150000,108000,user_17,0,2,
58,96,150000,0,user_47,0,2,
36,98,150000,0,user_30,0,2,
3,57,149999,0,user_3,0,1,1
80,58,130000,0,user_23,1,1,
31,59,120000,350000,user_24,0,1,
28,60,120000,0,user_22,0,1,
38,61,120000,0,user_32,0,1,
19,62,120000,0,user_18,0,1,
40,63,120000,0,user_33,0,1,
25,64,120000,0,user_20,0,1,
89,65,120000,0,user_33,1,1,
59,66,110000,0,user_48,0,1,
101,67,110000,0,user_45,1,1,
105,68,110000,0,user_47,1,1,
107,69,110000,84800,user_47,1,1,
48,70,84000,0,user_40,0,1,
53,71,84000,322000,user_42,0,1,
103,72,82000,0,user_47,1,1,
0,73,80000,0,user_1,0,1,
57,74,79000,0,user_45,0,1,
23,75,77000,0,user_19,0,1,
108,76,77000,0,user_48,1,1,
42,77,73000,0,user_35,0,1,
26,78,70000,0,user_21,0,1,
24,7,43000000,0,user_20,0,19,
11,8,43000000,0,user_9,0,19,
94,9,43000000,0,user_37,1,19,
147,13,30000000,0,user_15,2,19,
99,20,27000000,0,user_43,1,19,
149,19,27000000,0,user_17,2,19,
45,28,19000000,0,user_39,0,19,
16,43,6100000,0,user_14,0,19,
100,44,6100000,33300,user_44,1,19,
85,64,5200000,0,user_29,1,19,
29,75,5000000,0,user_24,0,19,
152,73,5000000,0,user_20,2,19,
60,87,4200000,0,user_49,0,19,
79,88,4200000,0,user_23,1,19,
148,96,3600000,0,user_16,2,19,
35,99,3500000,0,user_29,0,18,
47,92,3500000,0,user_40,0,17,
46,95,3200000,0,user_40,0,16,
15,99,2600000,0,user_11,0,14,
33,93,2500000,0,user_27,0,12,
96,89,2300000,0,user_40,1,10,
98,99,2300000,0,user_43,1,11,
104,98,2300000,0,user_47,1,11,
49,94,2100000,0,user_40,0,10,
76,92,2100000,0,user_17,1,10,
30,89,2000000,0,user_24,0,9,
10,90,2000000,0,user_8,0,9,
74,91,2000000,0,user_14,1,9,
51,91,1900000,0,user_41,0,8,
41,95,1800000,164000,user_34,0,8,
92,84,1700000,0,user_36,1,7,
174,87,1600000,0,user_44,2,7,
163,89,1500000,0,user_29,2,7,
143,96,1400000,0,user_12,2,7,
154,78,1200000,0,user_23,2,6,
68,79,1100001,0,user_2,1,6,37
71,84,1100001,0,user_6,1,6,44
72,85,1100001,0,user_8,1,6,37
135,81,1100001,0,user_2,2,6,37
13,95,1100000,0,user_11,0,6,
44,96,1100000,4320000,user_36,0,6,
37,97,1100000,779000,user_32,0,6,
81,98,1100000,0,user_25,1,6,
88,93,1100000,0,user_32,1,6,
84,92,1100000,0,user_28,1,6,
69,88,1099999,0,user_4,1,5,37
131,89,1099999,0,user_1,2,5,37
17,94,1000000,0,user_14,0,5,
52,91,1000000,19700,user_41,0,5,
175,93,1000000,0,user_45,2,5,
178,95,1000000,0,user_47,2,5,
75,98,970000,0,user_16,1,5,
32,89,910000,0,user_24,0,4,
102,90,910000,0,user_46,1,4,
77,91,910000,0,user_18,1,4,
6,95,660001,0,user_5,0,4,5
8,96,660001,0,user_5,0,4,5
5,97,660000,14200,user_4,0,4,
176,98,660000,0,user_45,2,4,
7,99,659999,0,user_5,0,4,5
22,80,630000,0,user_18,0,3,
73,81,630000,0,user_12,1,3,
179,83,600000,0,user_48,2,3,
164,82,600000,0,user_29,2,3,
39,92,460000,0,user_33,0,3,
55,91,460000,0,user_44,0,3,
27,98,420000,0,user_21,0,3,
90,99,420000,0,user_34,1,3,
144,68,420000,0,user_12,2,2,
160,69,420000,0,user_29,2,2,
34,70,360000,0,user_29,0,2,
21,71,360000,0,user_18,0,2,
83,72,360000,0,user_26,1,2,
106,73,360000,0,user_47,1,2,
54,74,340000,0,user_44,0,2,
133,75,320001,0,user_2,2,2,50
136,76,320001,0,user_3,2,2,50
137,77,320001,0,user_4,2,2,50
142,78,320001,0,user_11,2,2,50
50,79,320000,231000,user_40,0,2,
132,80,319999,0,user_2,2,2,50
12,81,310000,0,user_11,0,2,
162,82,310000,0,user_29,2,2,
95,83,300000,0,user_40,1,2,
78,84,300000,155000,user_19,1,2,
4,85,260000,0,user_4,0,2,
20,86,240000,0,user_18,0,2,
87,87,240000,0,user_31,1,2,
91,88,240000,0,user_35,1,2,
14,89,220000,0,user_11,0,2,
86,90,170000,0,user_30,1,2,
93,91,160000,67500,user_36,1,2,
2,92,150001,0,user_2,0,2,1
9,93,150001,0,user_7,0,2,1
1,94,150000,39400,user_1,0,2,
56,95,150000,0,user_45,0,2,
58,96,150000,0,user_47,0,2,
18,97,150000,108000,user_17,0,2,
36,98,150000,0,user_30,0,2,
43,99,150000,121000,user_36,0,2,
24,7,43000000,0,user_20,0,19,
11,8,43000000,0,user_9,0,19,
94,9,43000000,0,user_37,1,19,
158,6,43000000,0,user_25,2,19,
147,13,30000000,0,user_15,2,19,
243,14,30000000,0,user_15,3,19,
99,20,27000000,0,user_43,1,19,
149,19,27000000,0,user_17,2,19,
45,28,19000000,0,user_39,0,19,
16,43,6100000,0,user_14,0,19,
100,44,6100000,33300,user_44,1,19,
85,64,5200000,0,user_29,1,19,
171,63,5200000,0,user_39,2,19,
29,75,5000000,0,user_24,0,19,
152,73,5000000,0,user_20,2,19,
167,84,4500000,5640,user_35,2,19,
60,87,4200000,0,user_49,0,19,
79,88,4200000,0,user_23,1,19,
148,96,3600000,0,user_16,2,19,
35,99,3500000,0,user_29,0,18,
47,92,3500000,0,user_40,0,17,
46,95,3200000,0,user_40,0,16,
15,99,2600000,0,user_11,0,14,
33,93,2500000,0,user_27,0,12,
104,98,2300000,0,user_47,1,11,
98,99,2300000,0,user_43,1,11,
96,89,2300000,0,user_40,1,10,
49,94,2100000,0,user_40,0,10,
76,92,2100000,0,user_17,1,10,
247,93,2100000,0,user_20,3,10,
10,90,2000000,0,user_8,0,9,
30,89,2000000,0,user_24,0,9,
74,91,2000000,0,user_14,1,9,
146,92,2000000,0,user_14,2,9,
258,93,2000000,0,user_30,3,9,
51,91,1900000,0,user_41,0,8,
249,92,1900000,43600,user_23,3,8,
41,95,1800000,164000,user_34,0,8,
274,96,1800000,0,user_44,3,8,
92,84,1700000,0,user_36,1,7,
174,87,1600000,0,user_44,2,7,
163,89,1500000,0,user_29,2,7,
143,96,1400000,0,user_12,2,7,
173,97,1400000,0,user_43,2,7,
172,77,1300000,12800,user_42,2,6,
154,78,1200000,0,user_23,2,6,
68,79,1100001,0,user_2,1,6,37
71,84,1100001,0,user_6,1,6,44
70,80,1100001,0,user_5,1,6,44
72,85,1100001,0,user_8,1,6,37
135,81,1100001,0,user_2,2,6,37
219,86,1100001,0,user_1,3,6,44
230,82,1100001,0,user_5,3,6,37
238,83,1100001,0,user_10,3,6,37
37,97,1100000,779000,user_32,0,6,
44,96,1100000,4320000,user_36,0,6,
13,95,1100000,0,user_11,0,6,
81,98,1100000,0,user_25,1,6,
88,93,1100000,0,user_32,1,6,
84,92,1100000,0,user_28,1,6,
69,88,1099999,0,user_4,1,5,37
131,89,1099999,0,user_1,2,5,37
138,90,1099999,0,user_8,2,5,44
52,91,1000000,19700,user_41,0,5,
17,94,1000000,0,user_14,0,5,
175,93,1000000,0,user_45,2,5,
178,95,1000000,0,user_47,2,5,
151,92,1000000,13900,user_19,2,5,
75,98,970000,0,user_16,1,5,
32,89,910000,0,user_24,0,4,
77,91,910000,0,user_18,1,4,
102,90,910000,0,user_46,1,4,
256,94,670000,0,user_29,3,4,
6,95,660001,0,user_5,0,4,5
8,96,660001,0,user_5,0,4,5
5,97,660000,14200,user_4,0,4,
176,98,660000,0,user_45,2,4,
7,99,659999,0,user_5,0,4,5
177,78,650000,0,user_46,2,3,
257,79,650000,0,user_30,3,3,
22,80,630000,0,user_18,0,3,
73,81,630000,0,user_12,1,3,
164,82,600000,0,user_29,2,3,
179,83,600000,0,user_48,2,3,
218,84,460001,0,user_1,3,3,165
220,85,460001,0,user_1,3,3,165
229,86,460001,0,user_5,3,3,165
233,87,460001,0,user_7,3,3,165
222,88,460001,0,user_3,3,3,165
225,89,460001,0,user_3,3,3,165
239,90,460001,0,user_11,3,3,165
55,91,460000,0,user_44,0,3,
39,92,460000,0,user_33,0,3,
165,93,460000,283000,user_32,2,3,
226,94,459999,0,user_4,3,3,165
227,95,459999,0,user_5,3,3,165
228,96,459999,0,user_5,3,3,165
224,97,459999,0,user_3,3,3,165
27,98,420000,0,user_21,0,3,
90,99,420000,0,user_34,1,3,
24,7,43000000,0,user_20,0,19,
11,8,43000000,0,user_9,0,19,
94,9,43000000,0,user_37,1,19,
158,6,43000000,0,user_25,2,19,
147,13,30000000,0,user_15,2,19,
243,14,30000000,0,user_15,3,19,
99,20,27000000,0,user_43,1,19,
149,19,27000000,0,user_17,2,19,
45,28,19000000,0,user_39,0,19,
100,44,6100000,33300,user_44,1,19,
16,43,6100000,0,user_14,0,19,
85,64,5200000,0,user_29,1,19,
171,63,5200000,0,user_39,2,19,
29,75,5000000,0,user_24,0,19,
152,73,5000000,0,user_20,2,19,
346,74,5000000,0,user_37,4,19,
167,84,4500000,5640,user_35,2,19,
60,87,4200000,0,user_49,0,19,
79,88,4200000,0,user_23,1,19,
277,86,4200000,0,user_46,3,19,
148,96,3600000,0,user_16,2,19,
262,97,3600000,0,user_34,3,19,
35,99,3500000,0,user_29,0,18,
47,92,3500000,0,user_40,0,17,
46,95,3200000,0,user_40,0,16,
15,99,2600000,0,user_11,0,14,
33,93,2500000,0,user_27,0,12,
96,89,2300000,0,user_40,1,10,
104,98,2300000,0,user_47,1,11,
98,99,2300000,0,user_43,1,11,
268,97,2300000,0,user_39,3,11,
49,94,2100000,0,user_40,0,10,
76,92,2100000,0,user_17,1,10,
247,93,2100000,0,user_20,3,10,
352,95,2100000,0,user_44,4,10,
10,90,2000000,0,user_8,0,9,
30,89,2000000,0,user_24,0,9,
74,91,2000000,0,user_14,1,9,
146,92,2000000,0,user_14,2,9,
258,93,2000000,0,user_30,3,9,
326,96,2000000,0,user_15,4,9,
51,91,1900000,0,user_41,0,8,
249,92,1900000,43600,user_23,3,8,
41,95,1800000,164000,user_34,0,8,
274,96,1800000,0,user_44,3,8,
92,84,1700000,0,user_36,1,7,
259,82,1700000,0,user_32,3,7,
253,83,1700000,23500,user_27,3,7,
174,87,1600000,0,user_44,2,7,
163,89,1500000,0,user_29,2,7,
267,90,1500000,56200,user_38,3,7,
338,91,1500000,155000,user_29,4,7,
143,96,1400000,0,user_12,2,7,
173,97,1400000,0,user_43,2,7,
264,98,1400000,23500,user_36,3,7,
351,99,1400000,0,user_44,4,7,
172,77,1300000,12800,user_42,2,6,
154,78,1200000,0,user_23,2,6,
68,79,1100001,0,user_2,1,6,37
70,80,1100001,0,user_5,1,6,44
71,84,1100001,0,user_6,1,6,44
72,85,1100001,0,user_8,1,6,37
135,81,1100001,0,user_2,2,6,37
219,86,1100001,0,user_1,3,6,44
238,83,1100001,0,user_10,3,6,37
234,87,1100001,0,user_8,3,6,44
235,88,1100001,0,user_8,3,6,37
316,89,1100001,0,user_0,4,6,44
319,90,1100001,0,user_2,4,6,44
44,96,1100000,4320000,user_36,0,6,
37,97,1100000,779000,user_32,0,6,
13,95,1100000,0,user_11,0,6,
84,92,1100000,0,user_28,1,6,
88,93,1100000,0,user_32,1,6,
81,98,1100000,0,user_25,1,6,
246,94,1100000,0,user_19,3,6,
69,88,1099999,0,user_4,1,5,37
131,89,1099999,0,user_1,2,5,37
138,90,1099999,0,user_8,2,5,44
321,79,1099999,0,user_5,4,4,37
52,91,1000000,19700,user_41,0,5,
17,94,1000000,0,user_14,0,5,
175,93,1000000,0,user_45,2,5,
178,95,1000000,0,user_47,2,5,
151,92,1000000,13900,user_19,2,5,
248,96,1000000,0,user_22,3,5,
345,97,1000000,0,user_37,4,5,
75,98,970000,0,user_16,1,5,
260,99,970000,0,user_32,3,5,
32,89,910000,0,user_24,0,4,
102,90,910000,0,user_46,1,4,
77,91,910000,0,user_18,1,4,
353,92,870000,0,user_48,4,4,
343,93,870000,0,user_37,4,4,
256,94,670000,0,user_29,3,4,
6,95,660001,0,user_5,0,4,5
8,96,660001,0,user_5,0,4,5
5,97,660000,14200,user_4,0,4,
176,98,660000,0,user_45,2,4,
7,99,659999,0,user_5,0,4,5
94,9,43000000,0,user_37,1,19,
24,7,43000000,0,user_20,0,19,
11,8,43000000,0,user_9,0,19,
158,6,43000000,0,user_25,2,19,
147,13,30000000,0,user_15,2,19,
243,14,30000000,0,user_15,3,19,
99,20,27000000,0,user_43,1,19,
149,19,27000000,0,user_17,2,19,
45,28,19000000,0,user_39,0,19,
100,44,6100000,33300,user_44,1,19,
16,43,6100000,0,user_14,0,19,
418,45,6100000,12800,user_20,5,19,
85,64,5200000,0,user_29,1,19,
171,63,5200000,0,user_39,2,19,
29,75,5000000,0,user_24,0,19,
152,73,5000000,0,user_20,2,19,
346,74,5000000,0,user_37,4,19,
167,84,4500000,5640,user_35,2,19,
60,87,4200000,0,user_49,0,19,
79,88,4200000,0,user_23,1,19,
277,86,4200000,0,user_46,3,19,
148,96,3600000,0,user_16,2,19,
262,97,3600000,0,user_34,3,19,
47,92,3500000,0,user_40,0,17,
35,99,3500000,0,user_29,0,18,
46,95,3200000,0,user_40,0,16,
415,99,3200000,0,user_17,5,17,
15,99,2600000,0,user_11,0,14,
445,95,2600000,67900,user_47,5,13,
33,93,2500000,0,user_27,0,12,
333,92,2500000,0,user_25,4,12,
104,98,2300000,0,user_47,1,11,
96,89,2300000,0,user_40,1,10,
98,99,2300000,0,user_43,1,11,
268,97,2300000,0,user_39,3,11,
76,92,2100000,0,user_17,1,10,
49,94,2100000,0,user_40,0,10,
247,93,2100000,0,user_20,3,10,
352,95,2100000,0,user_44,4,10,
30,89,2000000,0,user_24,0,9,
10,90,2000000,0,user_8,0,9,
74,91,2000000,0,user_14,1,9,
146,92,2000000,0,user_14,2,9,
258,93,2000000,0,user_30,3,9,
331,94,2000000,0,user_24,4,9,
332,95,2000000,0,user_24,4,9,
326,96,2000000,0,user_15,4,9,
438,87,2000000,0,user_37,5,9,
51,91,1900000,0,user_41,0,8,
249,92,1900000,43600,user_23,3,8,
41,95,1800000,164000,user_34,0,8,
274,96,1800000,0,user_44,3,8,
92,84,1700000,0,user_36,1,7,
253,83,1700000,23500,user_27,3,7,
259,82,1700000,0,user_32,3,7,
336,99,1700000,0,user_25,4,8,
174,87,1600000,0,user_44,2,7,
163,89,1500000,0,user_29,2,7,
267,90,1500000,56200,user_38,3,7,
338,91,1500000,155000,user_29,4,7,
349,92,1500000,0,user_40,4,7,
350,93,1500000,0,user_42,4,7,
143,96,1400000,0,user_12,2,7,
173,97,1400000,0,user_43,2,7,
264,98,1400000,23500,user_36,3,7,
351,99,1400000,0,user_44,4,7,
172,77,1300000,12800,user_42,2,6,
154,78,1200000,0,user_23,2,6,
71,84,1100001,0,user_6,1,6,44
72,85,1100001,0,user_8,1,6,37
135,81,1100001,0,user_2,2,6,37
68,79,1100001,0,user_2,1,6,37
70,80,1100001,0,user_5,1,6,44
219,86,1100001,0,user_1,3,6,44
238,83,1100001,0,user_10,3,6,37
230,82,1100001,0,user_5,3,6,37
234,87,1100001,0,user_8,3,6,44
235,88,1100001,0,user_8,3,6,37
316,89,1100001,0,user_0,4,6,44
319,90,1100001,0,user_2,4,6,44
84,92,1100000,0,user_28,1,6,
88,93,1100000,0,user_32,1,6,
81,98,1100000,0,user_25,1,6,
37,97,1100000,779000,user_32,0,6,
13,95,1100000,0,user_11,0,6,
44,96,1100000,4320000,user_36,0,6,
246,94,1100000,0,user_19,3,6,
414,99,1100000,0,user_16,5,6,
69,88,1099999,0,user_4,1,5,37
131,89,1099999,0,user_1,2,5,37
138,90,1099999,0,user_8,2,5,44
52,91,1000000,19700,user_41,0,5,
151,92,1000000,13900,user_19,2,5,
175,93,1000000,0,user_45,2,5,
17,94,1000000,0,user_14,0,5,
178,95,1000000,0,user_47,2,5,
248,96,1000000,0,user_22,3,5,
345,97,1000000,0,user_37,4,5,
75,98,970000,0,user_16,1,5,
260,99,970000,0,user_32,3,5,
94,9,43000000,0,user_37,1,19,
158,6,43000000,0,user_25,2,19,
24,7,43000000,0,user_20,0,19,
11,8,43000000,0,user_9,0,19,
147,13,30000000,0,user_15,2,19,
243,14,30000000,0,user_15,3,19,
99,20,27000000,0,user_43,1,19,
149,19,27000000,0,user_17,2,19,
434,21,27000000,0,user_34,5,19,
45,28,19000000,0,user_39,0,19,
100,44,6100000,33300,user_44,1,19,
16,43,6100000,0,user_14,0,19,
432,47,6100000,0,user_32,5,19,
418,45,6100000,12800,user_20,5,19,
85,64,5200000,0,user_29,1,19,
171,63,5200000,0,user_39,2,19,
152,73,5000000,0,user_20,2,19,
29,75,5000000,0,user_24,0,19,
346,74,5000000,0,user_37,4,19,
419,76,5000000,0,user_22,5,19,
167,84,4500000,5640,user_35,2,19,
79,88,4200000,0,user_23,1,19,
60,87,4200000,0,user_49,0,19,
277,86,4200000,0,user_46,3,19,
148,96,3600000,0,user_16,2,19,
262,97,3600000,0,user_34,3,19,
35,99,3500000,0,user_29,0,18,
47,92,3500000,0,user_40,0,17,
492,97,3500000,0,user_16,6,18,
46,95,3200000,0,user_40,0,16,
421,96,3200000,0,user_25,5,16,
415,99,3200000,0,user_17,5,17,
490,98,3200000,0,user_15,6,16,
15,99,2600000,0,user_11,0,14,
422,94,2600000,0,user_26,5,13,
445,95,2600000,67900,user_47,5,13,
33,93,2500000,0,user_27,0,12,
333,92,2500000,0,user_25,4,12,
435,97,2400000,0,user_35,5,12,
98,99,2300000,0,user_43,1,11,
96,89,2300000,0,user_40,1,10,
104,98,2300000,0,user_47,1,11,
268,97,2300000,0,user_39,3,11,
76,92,2100000,0,user_17,1,10,
247,93,2100000,0,user_20,3,10,
49,94,2100000,0,user_40,0,10,
352,95,2100000,0,user_44,4,10,
30,89,2000000,0,user_24,0,9,
10,90,2000000,0,user_8,0,9,
74,91,2000000,0,user_14,1,9,
146,92,2000000,0,user_14,2,9,
258,93,2000000,0,user_30,3,9,
326,96,2000000,0,user_15,4,9,
331,94,2000000,0,user_24,4,9,
332,95,2000000,0,user_24,4,9,
436,98,2000000,164000,user_35,5,10,
438,87,2000000,0,user_37,5,9,
51,91,1900000,0,user_41,0,8,
249,92,1900000,43600,user_23,3,8,
493,93,1900000,0,user_17,6,8,
274,96,1800000,0,user_44,3,8,
41,95,1800000,164000,user_34,0,8,
92,84,1700000,0,user_36,1,7,
259,82,1700000,0,user_32,3,7,
253,83,1700000,23500,user_27,3,7,
336,99,1700000,0,user_25,4,8,
174,87,1600000,0,user_44,2,7,
485,88,1600000,0,user_12,6,7,
163,89,1500000,0,user_29,2,7,
338,91,1500000,155000,user_29,4,7,
267,90,1500000,56200,user_38,3,7,
349,92,1500000,0,user_40,4,7,
350,93,1500000,0,user_42,4,7,
143,96,1400000,0,user_12,2,7,
173,97,1400000,0,user_43,2,7,
264,98,1400000,23500,user_36,3,7,
351,99,1400000,0,user_44,4,7,
172,77,1300000,12800,user_42,2,6,
154,78,1200000,0,user_23,2,6,
68,79,1100001,0,user_2,1,6,37
70,80,1100001,0,user_5,1,6,44
135,81,1100001,0,user_2,2,6,37
230,82,1100001,0,user_5,3,6,37
238,83,1100001,0,user_10,3,6,37
71,84,1100001,0,user_6,1,6,44
72,85,1100001,0,user_8,1,6,37
219,86,1100001,0,user_1,3,6,44
234,87,1100001,0,user_8,3,6,44
235,88,1100001,0,user_8,3,6,37
316,89,1100001,0,user_0,4,6,44
319,90,1100001,0,user_2,4,6,44
473,91,1100001,0,user_2,6,6,44
84,92,1100000,0,user_28,1,6,
88,93,1100000,0,user_32,1,6,
246,94,1100000,0,user_19,3,6,
13,95,1100000,0,user_11,0,6,
44,96,1100000,4320000,user_36,0,6,
37,97,1100000,779000,user_32,0,6,
81,98,1100000,0,user_25,1,6,
414,99,1100000,0,user_16,5,6,
158,6,43000000,0,user_25,2,19,
24,7,43000000,0,user_20,0,19,
11,8,43000000,0,user_9,0,19,
94,9,43000000,0,user_37,1,19,
590,4,43000000,0,user_30,7,19,
593,5,43000000,0,user_33,7,19,
147,13,30000000,0,user_15,2,19,
243,14,30000000,0,user_15,3,19,
149,19,27000000,0,user_17,2,19,
99,20,27000000,0,user_43,1,19,
434,21,27000000,0,user_34,5,19,
45,28,19000000,0,user_39,0,19,
517,27,19000000,231000,user_35,6,19,
561,39,6100001,0,user_1,7,19,505
560,38,6100001,0,user_0,7,19,505
564,35,6100001,0,user_3,7,19,505
566,36,6100001,0,user_3,7,19,505
16,43,6100000,0,user_14,0,19,
100,44,6100000,33300,user_44,1,19,
418,45,6100000,12800,user_20,5,19,
505,46,6100000,594000,user_26,6,19,
432,47,6100000,0,user_32,5,19,
513,48,6100000,0,user_34,6,19,
567,53,6099999,0,user_3,7,19,505
573,55,6099999,0,user_10,7,19,505
171,63,5200000,0,user_39,2,19,
85,64,5200000,0,user_29,1,19,
152,73,5000000,0,user_20,2,19,
346,74,5000000,0,user_37,4,19,
29,75,5000000,0,user_24,0,19,
419,76,5000000,0,user_22,5,19,
525,72,5000000,14200,user_43,6,19,
167,84,4500000,5640,user_35,2,19,
277,86,4200000,0,user_46,3,19,
60,87,4200000,0,user_49,0,19,
79,88,4200000,0,user_23,1,19,
523,89,4200000,0,user_41,6,19,
148,96,3600000,0,user_16,2,19,
262,97,3600000,0,user_34,3,19,
518,94,3600000,0,user_35,6,19,
35,99,3500000,0,user_29,0,18,
47,92,3500000,0,user_40,0,17,
514,98,3500000,0,user_34,6,18,
492,97,3500000,0,user_16,6,18,
46,95,3200000,0,user_40,0,16,
415,99,3200000,0,user_17,5,17,
490,98,3200000,0,user_15,6,16,
421,96,3200000,0,user_25,5,16,
15,99,2600000,0,user_11,0,14,
445,95,2600000,67900,user_47,5,13,
422,94,2600000,0,user_26,5,13,
33,93,2500000,0,user_27,0,12,
333,92,2500000,0,user_25,4,12,
435,97,2400000,0,user_35,5,12,
268,97,2300000,0,user_39,3,11,
104,98,2300000,0,user_47,1,11,
98,99,2300000,0,user_43,1,11,
96,89,2300000,0,user_40,1,10,
247,93,2100000,0,user_20,3,10,
352,95,2100000,0,user_44,4,10,
49,94,2100000,0,user_40,0,10,
76,92,2100000,0,user_17,1,10,
258,93,2000000,0,user_30,3,9,
10,90,2000000,0,user_8,0,9,
30,89,2000000,0,user_24,0,9,
74,91,2000000,0,user_14,1,9,
146,92,2000000,0,user_14,2,9,
326,96,2000000,0,user_15,4,9,
331,94,2000000,0,user_24,4,9,
332,95,2000000,0,user_24,4,9,
438,87,2000000,0,user_37,5,9,
436,98,2000000,164000,user_35,5,10,
515,99,2000000,0,user_34,6,10,
486,97,2000000,0,user_13,6,10,
249,92,1900000,43600,user_23,3,8,
51,91,1900000,0,user_41,0,8,
493,93,1900000,0,user_17,6,8,
579,94,1900000,0,user_17,7,8,
274,96,1800000,0,user_44,3,8,
41,95,1800000,164000,user_34,0,8,
516,97,1800000,0,user_34,6,8,
582,98,1800000,0,user_21,7,8,
259,82,1700000,0,user_32,3,7,
253,83,1700000,23500,user_27,3,7,
92,84,1700000,0,user_36,1,7,
336,99,1700000,0,user_25,4,8,
524,86,1700000,0,user_43,6,7,
174,87,1600000,0,user_44,2,7,
485,88,1600000,0,user_12,6,7,
163,89,1500000,0,user_29,2,7,
267,90,1500000,56200,user_38,3,7,
338,91,1500000,155000,user_29,4,7,
349,92,1500000,0,user_40,4,7,
350,93,1500000,0,user_42,4,7,
511,94,1500000,0,user_32,6,7,
588,95,1500000,12800,user_29,7,7,
143,96,1400000,0,user_12,2,7,
173,97,1400000,0,user_43,2,7,
264,98,1400000,23500,user_36,3,7,
351,99,1400000,0,user_44,4,7,
24,7,43000000,0,user_20,0,19,
11,8,43000000,0,user_9,0,19,
94,9,43000000,0,user_37,1,19,
158,6,43000000,0,user_25,2,19,
593,5,43000000,0,user_33,7,19,
590,4,43000000,0,user_30,7,19,
656,10,43000000,42000,user_23,8,19,
147,13,30000000,0,user_15,2,19,
243,14,30000000,0,user_15,3,19,
99,20,27000000,0,user_43,1,19,
149,19,27000000,0,user_17,2,19,
434,21,27000000,0,user_34,5,19,
45,28,19000000,0,user_39,0,19,
517,27,19000000,231000,user_35,6,19,
561,39,6100001,0,user_1,7,19,505
560,38,6100001,0,user_0,7,19,505
564,35,6100001,0,user_3,7,19,505
566,36,6100001,0,user_3,7,19,505
570,37,6100001,0,user_6,7,19,505
635,41,6100001,0,user_3,8,19,505
641,40,6100001,0,user_10,8,19,505
642,42,6100001,0,user_11,8,19,505
418,45,6100000,12800,user_20,5,19,
100,44,6100000,33300,user_44,1,19,
16,43,6100000,0,user_14,0,19,
432,47,6100000,0,user_32,5,19,
513,48,6100000,0,user_34,6,19,
505,46,6100000,594000,user_26,6,19,
567,53,6099999,0,user_3,7,19,505
573,55,6099999,0,user_10,7,19,505
571,54,6099999,0,user_8,7,19,505
637,56,6099999,0,user_4,8,19,505
634,57,6099999,0,user_3,8,19,505
643,60,6099999,0,user_11,8,19,505
85,64,5200000,0,user_29,1,19,
171,63,5200000,0,user_39,2,19,
597,62,5200000,39400,user_40,7,19,
346,74,5000000,0,user_37,4,19,
29,75,5000000,0,user_24,0,19,
152,73,5000000,0,user_20,2,19,
419,76,5000000,0,user_22,5,19,
525,72,5000000,14200,user_43,6,19,
167,84,4500000,5640,user_35,2,19,
60,87,4200000,0,user_49,0,19,
79,88,4200000,0,user_23,1,19,
277,86,4200000,0,user_46,3,19,
523,89,4200000,0,user_41,6,19,
650,90,4200000,0,user_21,8,19,
148,96,3600000,0,user_16,2,19,
262,97,3600000,0,user_34,3,19,
518,94,3600000,0,user_35,6,19,
585,95,3600000,0,user_24,7,19,
657,98,3600000,0,user_23,8,19,
35,99,3500000,0,user_29,0,18,
47,92,3500000,0,user_40,0,17,
492,97,3500000,0,user_16,6,18,
514,98,3500000,0,user_34,6,18,
46,95,3200000,0,user_40,0,16,
421,96,3200000,0,user_25,5,16,
415,99,3200000,0,user_17,5,17,
490,98,3200000,0,user_15,6,16,
591,99,3200000,33100,user_31,7,16,
15,99,2600000,0,user_11,0,14,
422,94,2600000,0,user_26,5,13,
445,95,2600000,67900,user_47,5,13,
576,98,2600000,0,user_13,7,14,
333,92,2500000,0,user_25,4,12,
33,93,2500000,0,user_27,0,12,
601,94,2500000,0,user_46,7,12,
435,97,2400000,0,user_35,5,12,
96,89,2300000,0,user_40,1,10,
104,98,2300000,0,user_47,1,11,
98,99,2300000,0,user_43,1,11,
268,97,2300000,0,user_39,3,11,
352,95,2100000,0,user_44,4,10,
49,94,2100000,0,user_40,0,10,
76,92,2100000,0,user_17,1,10,
247,93,2100000,0,user_20,3,10,
654,96,2100000,0,user_23,8,10,
326,96,2000000,0,user_15,4,9,
331,94,2000000,0,user_24,4,9,
332,95,2000000,0,user_24,4,9,
438,87,2000000,0,user_37,5,9,
10,90,2000000,0,user_8,0,9,
30,89,2000000,0,user_24,0,9,
74,91,2000000,0,user_14,1,9,
146,92,2000000,0,user_14,2,9,
258,93,2000000,0,user_30,3,9,
436,98,2000000,164000,user_35,5,10,
515,99,2000000,0,user_34,6,10,
486,97,2000000,0,user_13,6,10,
51,91,1900000,0,user_41,0,8,
249,92,1900000,43600,user_23,3,8,
493,93,1900000,0,user_17,6,8,
579,94,1900000,0,user_17,7,8,
41,95,1800000,164000,user_34,0,8,
274,96,1800000,0,user_44,3,8,
516,97,1800000,0,user_34,6,8,
582,98,1800000,0,user_21,7,8,
336,99,1700000,0,user_25,4,8,
94,9,43000000,0,user_37,1,19,
24,7,43000000,0,user_20,0,19,
11,8,43000000,0,user_9,0,19,
158,6,43000000,0,user_25,2,19,
593,5,43000000,0,user_33,7,19,
590,4,43000000,0,user_30,7,19,
656,10,43000000,42000,user_23,8,19,
147,13,30000000,0,user_15,2,19,
243,14,30000000,0,user_15,3,19,
658,16,30000000,0,user_24,8,19,
651,15,30000000,0,user_22,8,19,
434,21,27000000,0,user_34,5,19,
99,20,27000000,0,user_43,1,19,
149,19,27000000,0,user_17,2,19,
45,28,19000000,0,user_39,0,19,
517,27,19000000,231000,user_35,6,19,
670,31,6300000,0,user_42,8,19,
731,32,6300000,0,user_17,9,19,
561,39,6100001,0,user_1,7,19,505
564,35,6100001,0,user_3,7,19,505
566,36,6100001,0,user_3,7,19,505
560,38,6100001,0,user_0,7,19,505
570,37,6100001,0,user_6,7,19,505
635,41,6100001,0,user_3,8,19,505
641,40,6100001,0,user_10,8,19,505
642,42,6100001,0,user_11,8,19,505
418,45,6100000,12800,user_20,5,19,
432,47,6100000,0,user_32,5,19,
100,44,6100000,33300,user_44,1,19,
16,43,6100000,0,user_14,0,19,
505,46,6100000,594000,user_26,6,19,
513,48,6100000,0,user_34,6,19,
567,53,6099999,0,user_3,7,19,505
573,55,6099999,0,user_10,7,19,505
571,54,6099999,0,user_8,7,19,505
637,56,6099999,0,user_4,8,19,505
634,57,6099999,0,user_3,8,19,505
639,58,6099999,0,user_6,8,19,505
640,59,6099999,0,user_8,8,19,505
643,60,6099999,0,user_11,8,19,505
85,64,5200000,0,user_29,1,19,
171,63,5200000,0,user_39,2,19,
597,62,5200000,39400,user_40,7,19,
419,76,5000000,0,user_22,5,19,
29,75,5000000,0,user_24,0,19,
152,73,5000000,0,user_20,2,19,
346,74,5000000,0,user_37,4,19,
525,72,5000000,14200,user_43,6,19,
652,77,5000000,0,user_22,8,19,
675,78,5000000,0,user_49,8,19,
167,84,4500000,5640,user_35,2,19,
60,87,4200000,0,user_49,0,19,
79,88,4200000,0,user_23,1,19,
277,86,4200000,0,user_46,3,19,
523,89,4200000,0,user_41,6,19,
650,90,4200000,0,user_21,8,19,
148,96,3600000,0,user_16,2,19,
262,97,3600000,0,user_34,3,19,
518,94,3600000,0,user_35,6,19,
585,95,3600000,0,user_24,7,19,
657,98,3600000,0,user_23,8,19,
47,92,3500000,0,user_40,0,17,
35,99,3500000,0,user_29,0,18,
514,98,3500000,0,user_34,6,18,
492,97,3500000,0,user_16,6,18,
415,99,3200000,0,user_17,5,17,
421,96,3200000,0,user_25,5,16,
46,95,3200000,0,user_40,0,16,
490,98,3200000,0,user_15,6,16,
591,99,3200000,33100,user_31,7,16,
422,94,2600000,0,user_26,5,13,
445,95,2600000,67900,user_47,5,13,
15,99,2600000,0,user_11,0,14,
576,98,2600000,0,user_13,7,14,
33,93,2500000,0,user_27,0,12,
333,92,2500000,0,user_25,4,12,
601,94,2500000,0,user_46,7,12,
435,97,2400000,0,user_35,5,12,
104,98,2300000,0,user_47,1,11,
96,89,2300000,0,user_40,1,10,
98,99,2300000,0,user_43,1,11,
268,97,2300000,0,user_39,3,11,
76,92,2100000,0,user_17,1,10,
49,94,2100000,0,user_40,0,10,
247,93,2100000,0,user_20,3,10,
352,95,2100000,0,user_44,4,10,
654,96,2100000,0,user_23,8,10,
438,87,2000000,0,user_37,5,9,
486,97,2000000,0,user_13,6,10,
30,89,2000000,0,user_24,0,9,
10,90,2000000,0,user_8,0,9,
74,91,2000000,0,user_14,1,9,
146,92,2000000,0,user_14,2,9,
258,93,2000000,0,user_30,3,9,
331,94,2000000,0,user_24,4,9,
332,95,2000000,0,user_24,4,9,
326,96,2000000,0,user_15,4,9,
436,98,2000000,164000,user_35,5,10,
515,99,2000000,0,user_34,6,10,
660,99,2000000,0,user_27,8,9,
94,9,43000000,0,user_37,1,19,
158,6,43000000,0,user_25,2,19,
24,7,43000000,0,user_20,0,19,
11,8,43000000,0,user_9,0,19,
590,4,43000000,0,user_30,7,19,
593,5,43000000,0,user_33,7,19,
656,10,43000000,42000,user_23,8,19,
736,11,43000000,14200,user_24,9,19,
844,2,43000000,0,user_47,10,19,
147,13,30000000,0,user_15,2,19,
243,14,30000000,0,user_15,3,19,
658,16,30000000,0,user_24,8,19,
651,15,30000000,0,user_22,8,19,
99,20,27000000,0,user_43,1,19,
149,19,27000000,0,user_17,2,19,
434,21,27000000,0,user_34,5,19,
45,28,19000000,0,user_39,0,19,
517,27,19000000,231000,user_35,6,19,
670,31,6300000,0,user_42,8,19,
731,32,6300000,0,user_17,9,19,
561,39,6100001,0,user_1,7,19,505
564,35,6100001,0,user_3,7,19,505
566,36,6100001,0,user_3,7,19,505
570,37,6100001,0,user_6,7,19,505
560,38,6100001,0,user_0,7,19,505
635,41,6100001,0,user_3,8,19,505
641,40,6100001,0,user_10,8,19,505
642,42,6100001,0,user_11,8,19,505
505,46,6100000,594000,user_26,6,19,
513,48,6100000,0,user_34,6,19,
100,44,6100000,33300,user_44,1,19,
16,43,6100000,0,user_14,0,19,
418,45,6100000,12800,user_20,5,19,
432,47,6100000,0,user_32,5,19,
573,55,6099999,0,user_10,7,19,505
567,53,6099999,0,user_3,7,19,505
571,54,6099999,0,user_8,7,19,505
637,56,6099999,0,user_4,8,19,505
634,57,6099999,0,user_3,8,19,505
643,60,6099999,0,user_11,8,19,505
639,58,6099999,0,user_6,8,19,505
640,59,6099999,0,user_8,8,19,505
85,64,5200000,0,user_29,1,19,
171,63,5200000,0,user_39,2,19,
597,62,5200000,39400,user_40,7,19,
525,72,5000000,14200,user_43,6,19,
152,73,5000000,0,user_20,2,19,
29,75,5000000,0,user_24,0,19,
346,74,5000000,0,user_37,4,19,
419,76,5000000,0,user_22,5,19,
675,78,5000000,0,user_49,8,19,
652,77,5000000,0,user_22,8,19,
748,79,5000000,0,user_36,9,19,
834,70,5000000,0,user_37,10,19,
811,71,5000000,0,user_21,10,19,
167,84,4500000,5640,user_35,2,19,
747,83,4500000,84800,user_35,9,19,
523,89,4200000,0,user_41,6,19,
79,88,4200000,0,user_23,1,19,
60,87,4200000,0,user_49,0,19,
277,86,4200000,0,user_46,3,19,
650,90,4200000,0,user_21,8,19,
148,96,3600000,0,user_16,2,19,
262,97,3600000,0,user_34,3,19,
518,94,3600000,0,user_35,6,19,
585,95,3600000,0,user_24,7,19,
657,98,3600000,0,user_23,8,19,
492,97,3500000,0,user_16,6,18,
514,98,3500000,0,user_34,6,18,
35,99,3500000,0,user_29,0,18,
47,92,3500000,0,user_40,0,17,
733,96,3500000,0,user_19,9,18,
490,98,3200000,0,user_15,6,16,
46,95,3200000,0,user_40,0,16,
415,99,3200000,0,user_17,5,17,
421,96,3200000,0,user_25,5,16,
591,99,3200000,33100,user_31,7,16,
576,98,2600000,0,user_13,7,14,
15,99,2600000,0,user_11,0,14,
422,94,2600000,0,user_26,5,13,
445,95,2600000,67900,user_47,5,13,
751,96,2600000,0,user_41,9,14,
812,99,2600000,0,user_21,10,15,
33,93,2500000,0,user_27,0,12,
333,92,2500000,0,user_25,4,12,
601,94,2500000,0,user_46,7,12,
828,96,2500000,0,user_33,10,12,
435,97,2400000,0,user_35,5,12,
98,99,2300000,0,user_43,1,11,
96,89,2300000,0,user_40,1,10,
104,98,2300000,0,user_47,1,11,
268,97,2300000,0,user_39,3,11,
76,92,2100000,0,user_17,1,10,
247,93,2100000,0,user_20,3,10,
49,94,2100000,0,user_40,0,10,
352,95,2100000,0,user_44,4,10,
654,96,2100000,0,user_23,8,10,
486,97,2000000,0,user_13,6,10,
436,98,2000000,164000,user_35,5,10,
515,99,2000000,0,user_34,6,10,
590,4,43000000,0,user_30,7,19,
593,5,43000000,0,user_33,7,19,
158,6,43000000,0,user_25,2,19,
24,7,43000000,0,user_20,0,19,
11,8,43000000,0,user_9,0,19,
94,9,43000000,0,user_37,1,19,
656,10,43000000,42000,user_23,8,19,
736,11,43000000,14200,user_24,9,19,
819,3,43000000,0,user_25,10,19,
844,2,43000000,0,user_47,10,19,
147,13,30000000,0,user_15,2,19,
243,14,30000000,0,user_15,3,19,
651,15,30000000,0,user_22,8,19,
658,16,30000000,0,user_24,8,19,
897,12,30000000,0,user_23,11,19,
149,19,27000000,0,user_17,2,19,
99,20,27000000,0,user_43,1,19,
434,21,27000000,0,user_34,5,19,
517,27,19000000,231000,user_35,6,19,
45,28,19000000,0,user_39,0,19,
911,26,19000000,0,user_33,11,19,
894,25,19000000,0,user_21,11,19,
670,31,6300000,0,user_42,8,19,
731,32,6300000,0,user_17,9,19,
564,35,6100001,0,user_3,7,19,505
566,36,6100001,0,user_3,7,19,505
570,37,6100001,0,user_6,7,19,505
560,38,6100001,0,user_0,7,19,505
561,39,6100001,0,user_1,7,19,505
641,40,6100001,0,user_10,8,19,505
635,41,6100001,0,user_3,8,19,505
642,42,6100001,0,user_11,8,19,505
16,43,6100000,0,user_14,0,19,
100,44,6100000,33300,user_44,1,19,
418,45,6100000,12800,user_20,5,19,
505,46,6100000,594000,user_26,6,19,
432,47,6100000,0,user_32,5,19,
513,48,6100000,0,user_34,6,19,
567,53,6099999,0,user_3,7,19,505
571,54,6099999,0,user_8,7,19,505
573,55,6099999,0,user_10,7,19,505
637,56,6099999,0,user_4,8,19,505
634,57,6099999,0,user_3,8,19,505
639,58,6099999,0,user_6,8,19,505
640,59,6099999,0,user_8,8,19,505
643,60,6099999,0,user_11,8,19,505
597,62,5200000,39400,user_40,7,19,
171,63,5200000,0,user_39,2,19,
85,64,5200000,0,user_29,1,19,
525,72,5000000,14200,user_43,6,19,
152,73,5000000,0,user_20,2,19,
346,74,5000000,0,user_37,4,19,
29,75,5000000,0,user_24,0,19,
419,76,5000000,0,user_22,5,19,
652,77,5000000,0,user_22,8,19,
675,78,5000000,0,user_49,8,19,
748,79,5000000,0,user_36,9,19,
811,71,5000000,0,user_21,10,19,
834,70,5000000,0,user_37,10,19,
909,69,5000000,0,user_33,11,19,
167,84,4500000,5640,user_35,2,19,
747,83,4500000,84800,user_35,9,19,
277,86,4200000,0,user_46,3,19,
60,87,4200000,0,user_49,0,19,
79,88,4200000,0,user_23,1,19,
523,89,4200000,0,user_41,6,19,
650,90,4200000,0,user_21,8,19,
518,94,3600000,0,user_35,6,19,
585,95,3600000,0,user_24,7,19,
148,96,3600000,0,user_16,2,19,
262,97,3600000,0,user_34,3,19,
657,98,3600000,0,user_23,8,19,
35,99,3500000,0,user_29,0,18,
47,92,3500000,0,user_40,0,17,
492,97,3500000,0,user_16,6,18,
514,98,3500000,0,user_34,6,18,
733,96,3500000,0,user_19,9,18,
591,99,3200000,33100,user_31,7,16,
46,95,3200000,0,user_40,0,16,
415,99,3200000,0,user_17,5,17,
421,96,3200000,0,user_25,5,16,
490,98,3200000,0,user_15,6,16,
821,97,3200000,0,user_27,10,15,
576,98,2600000,0,user_13,7,14,
15,99,2600000,0,user_11,0,14,
445,95,2600000,67900,user_47,5,13,
422,94,2600000,0,user_26,5,13,
751,96,2600000,0,user_41,9,14,
812,99,2600000,0,user_21,10,15,
601,94,2500000,0,user_46,7,12,
33,93,2500000,0,user_27,0,12,
333,92,2500000,0,user_25,4,12,
828,96,2500000,0,user_33,10,12,
804,95,2500000,0,user_14,10,12,
435,97,2400000,0,user_35,5,12,
815,99,2400000,0,user_24,10,12,
825,98,2400000,0,user_31,10,12,
268,97,2300000,0,user_39,3,11,
104,98,2300000,0,user_47,1,11,
98,99,2300000,0,user_43,1,11,
656,10,43000000,42000,user_23,8,19,
24,7,43000000,0,user_20,0,19,
11,8,43000000,0,user_9,0,19,
94,9,43000000,0,user_37,1,19,
158,6,43000000,0,user_25,2,19,
590,4,43000000,0,user_30,7,19,
593,5,43000000,0,user_33,7,19,
736,11,43000000,14200,user_24,9,19,
844,2,43000000,0,user_47,10,19,
819,3,43000000,0,user_25,10,19,
651,15,30000000,0,user_22,8,19,
658,16,30000000,0,user_24,8,19,
147,13,30000000,0,user_15,2,19,
243,14,30000000,0,user_15,3,19,
897,12,30000000,0,user_23,11,19,
99,20,27000000,0,user_43,1,19,
149,19,27000000,0,user_17,2,19,
434,21,27000000,0,user_34,5,19,
988,22,27000000,256000,user_21,12,19,
45,28,19000000,0,user_39,0,19,
517,27,19000000,231000,user_35,6,19,
894,25,19000000,0,user_21,11,19,
911,26,19000000,0,user_33,11,19,
670,31,6300000,0,user_42,8,19,
731,32,6300000,0,user_17,9,19,
641,40,6100001,0,user_10,8,19,505
635,41,6100001,0,user_3,8,19,505
642,42,6100001,0,user_11,8,19,505
561,39,6100001,0,user_1,7,19,505
560,38,6100001,0,user_0,7,19,505
564,35,6100001,0,user_3,7,19,505
566,36,6100001,0,user_3,7,19,505
570,37,6100001,0,user_6,7,19,505
418,45,6100000,12800,user_20,5,19,
100,44,6100000,33300,user_44,1,19,
16,43,6100000,0,user_14,0,19,
432,47,6100000,0,user_32,5,19,
513,48,6100000,0,user_34,6,19,
505,46,6100000,594000,user_26,6,19,
634,57,6099999,0,user_3,8,19,505
643,60,6099999,0,user_11,8,19,505
573,55,6099999,0,user_10,7,19,505
637,56,6099999,0,user_4,8,19,505
639,58,6099999,0,user_6,8,19,505
640,59,6099999,0,user_8,8,19,505
567,53,6099999,0,user_3,7,19,505
571,54,6099999,0,user_8,7,19,505
85,64,5200000,0,user_29,1,19,
171,63,5200000,0,user_39,2,19,
597,62,5200000,39400,user_40,7,19,
652,77,5000000,0,user_22,8,19,
675,78,5000000,0,user_49,8,19,
346,74,5000000,0,user_37,4,19,
29,75,5000000,0,user_24,0,19,
152,73,5000000,0,user_20,2,19,
419,76,5000000,0,user_22,5,19,
525,72,5000000,14200,user_43,6,19,
748,79,5000000,0,user_36,9,19,
811,71,5000000,0,user_21,10,19,
834,70,5000000,0,user_37,10,19,
903,68,5000000,215000,user_28,11,19,
909,69,5000000,0,user_33,11,19,
167,84,4500000,5640,user_35,2,19,
747,83,4500000,84800,user_35,9,19,
650,90,4200000,0,user_21,8,19,
60,87,4200000,0,user_49,0,19,
79,88,4200000,0,user_23,1,19,
277,86,4200000,0,user_46,3,19,
523,89,4200000,0,user_41,6,19,
907,85,4200000,0,user_32,11,19,
657,98,3600000,0,user_23,8,19,
148,96,3600000,0,user_16,2,19,
262,97,3600000,0,user_34,3,19,
518,94,3600000,0,user_35,6,19,
585,95,3600000,0,user_24,7,19,
733,96,3500000,0,user_19,9,18,
35,99,3500000,0,user_29,0,18,
47,92,3500000,0,user_40,0,17,
492,97,3500000,0,user_16,6,18,
514,98,3500000,0,user_34,6,18,
46,95,3200000,0,user_40,0,16,
421,96,3200000,0,user_25,5,16,
415,99,3200000,0,user_17,5,17,
490,98,3200000,0,user_15,6,16,
591,99,3200000,33100,user_31,7,16,
821,97,3200000,0,user_27,10,15,
15,99,2600000,0,user_11,0,14,
422,94,2600000,0,user_26,5,13,
445,95,2600000,67900,user_47,5,13,
576,98,2600000,0,user_13,7,14,
751,96,2600000,0,user_41,9,14,
812,99,2600000,0,user_21,10,15,
333,92,2500000,0,user_25,4,12,
33,93,2500000,0,user_27,0,12,
601,94,2500000,0,user_46,7,12,
804,95,2500000,0,user_14,10,12,
828,96,2500000,0,user_33,10,12,
435,97,2400000,0,user_35,5,12,
825,98,2400000,0,user_31,10,12,
815,99,2400000,0,user_24,10,12,
736,11,43000000,14200,user_24,9,19,
94,9,43000000,0,user_37,1,19,
24,7,43000000,0,user_20,0,19,
11,8,43000000,0,user_9,0,19,
158,6,43000000,0,user_25,2,19,
593,5,43000000,0,user_33,7,19,
590,4,43000000,0,user_30,7,19,
656,10,43000000,42000,user_23,8,19,
819,3,43000000,0,user_25,10,19,
844,2,43000000,0,user_47,10,19,
147,13,30000000,0,user_15,2,19,
243,14,30000000,0,user_15,3,19,
658,16,30000000,0,user_24,8,19,
651,15,30000000,0,user_22,8,19,
897,12,30000000,0,user_23,11,19,
434,21,27000000,0,user_34,5,19,
99,20,27000000,0,user_43,1,19,
149,19,27000000,0,user_17,2,19,
988,22,27000000,256000,user_21,12,19,
45,28,19000000,0,user_39,0,19,
517,27,19000000,231000,user_35,6,19,
911,26,19000000,0,user_33,11,19,
894,25,19000000,0,user_21,11,19,
731,32,6300000,0,user_17,9,19,
670,31,6300000,0,user_42,8,19,
641,40,6100001,0,user_10,8,19,505
561,39,6100001,0,user_1,7,19,505
564,35,6100001,0,user_3,7,19,505
566,36,6100001,0,user_3,7,19,505
560,38,6100001,0,user_0,7,19,505
570,37,6100001,0,user_6,7,19,505
642,42,6100001,0,user_11,8,19,505
635,41,6100001,0,user_3,8,19,505
418,45,6100000,12800,user_20,5,19,
