id,position,gas_fee,mev_potential,creator_id,created_at,included_at,target_tx
11,8,43000000,0,user_9,0,19,
40,7,43000000,0,user_37,0,19,
49,99,3500000,0,user_47,0,17,
48,98,3200000,0,user_47,0,15,
28,99,3200000,0,user_23,0,15,
15,95,2600000,0,user_11,0,13,
51,96,2100000,0,user_47,0,9,
21,88,2000000,0,user_17,0,8,
53,94,1900000,0,user_48,0,8,
33,96,1500000,67900,user_30,0,7,
25,95,1500000,0,user_21,0,7,
23,91,1400000,0,user_20,0,6,
13,91,1100000,0,user_11,0,5,
54,97,1000000,19700,user_48,0,5,
18,86,870000,0,user_15,0,4,
6,89,660001,0,user_5,0,4,5
8,90,660001,0,user_5,0,4,5
5,92,660000,14200,user_4,0,4,
7,93,659999,0,user_5,0,4,5
22,82,460000,0,user_18,0,3,
27,83,460000,0,user_23,0,3,
19,97,360000,594000,user_15,0,3,
52,78,320000,231000,user_47,0,2,
12,82,310000,0,user_11,0,2,
24,83,310000,0,user_21,0,2,
4,85,260000,0,user_4,0,2,
14,89,220000,0,user_11,0,2,
20,99,160000,0,user_16,0,2,
9,72,150001,0,user_7,0,1,1
2,71,150001,0,user_2,0,1,1
1,73,150000,39400,user_1,0,1,
3,74,149999,0,user_3,0,1,1
35,75,120000,13800,user_33,0,1,
50,76,84000,0,user_47,0,1,
0,80,80000,0,user_1,0,1,
11,8,43000000,0,user_9,0,19,
40,7,43000000,0,user_37,0,19,
105,24,27000000,0,user_48,1,19,
72,23,27000000,0,user_15,1,19,
47,31,19000000,0,user_46,0,19,
80,53,6100000,381000,user_23,1,19,
45,87,5000000,0,user_42,0,19,
49,99,3500000,0,user_47,0,17,
28,99,3200000,0,user_23,0,15,
48,98,3200000,0,user_47,0,15,
15,95,2600000,0,user_11,0,13,
38,99,2500000,0,user_36,0,12,
78,95,2400000,0,user_21,1,10,
104,92,2300000,0,user_48,1,9,
102,93,2300000,0,user_45,1,9,
51,96,2100000,0,user_47,0,9,
31,89,2000000,0,user_25,0,8,
10,87,2000000,0,user_8,0,8,
21,88,2000000,0,user_17,0,8,
53,94,1900000,0,user_48,0,8,
79,95,1900000,0,user_21,1,8,
37,98,1700000,34700,user_34,0,8,
25,95,1500000,0,user_21,0,7,
33,96,1500000,67900,user_30,0,7,
23,91,1400000,0,user_20,0,6,
42,87,1200000,0,user_39,0,5,
34,92,1100000,15700,user_32,0,5,
13,91,1100000,0,user_11,0,5,
94,88,1100000,0,user_37,1,5,
87,89,1100000,0,user_30,1,5,
90,90,1100000,0,user_33,1,5,
54,97,1000000,19700,user_48,0,5,
32,83,970000,0,user_28,0,4,
18,86,870000,0,user_15,0,4,
17,91,660001,0,user_14,0,4,5
5,92,660000,14200,user_4,0,4,
16,94,659999,0,user_14,0,4,5
36,98,630000,0,user_34,0,4,
77,75,600000,0,user_20,1,3,
26,76,530000,0,user_22,0,3,
39,77,470000,0,user_36,0,3,
22,82,460000,0,user_18,0,3,
27,83,460000,0,user_23,0,3,
75,84,460000,7190000,user_18,1,3,
74,85,460000,0,user_17,1,3,
60,91,360001,0,user_3,1,3,19
64,92,360001,0,user_10,1,3,19
66,93,360001,0,user_10,1,3,19
70,95,360001,0,user_11,1,3,19
71,94,360001,0,user_12,1,3,19
19,97,360000,594000,user_15,0,3,
62,99,359999,0,user_7,1,3,19
67,73,359999,0,user_10,1,2,19
69,75,359999,0,user_11,1,2,19
44,76,350000,0,user_41,0,2,
59,77,320001,0,user_2,1,2,52
52,78,320000,231000,user_47,0,2,
65,80,319999,0,user_10,1,2,52
68,81,319999,0,user_10,1,2,52
24,83,310000,0,user_21,0,2,
12,82,310000,0,user_11,0,2,
101,84,300000,0,user_45,1,2,
4,85,260000,0,user_4,0,2,
73,86,260000,0,user_16,1,2,
14,89,220000,0,user_11,0,2,
61,92,170001,0,user_5,1,2,46
58,91,170001,0,user_0,1,2,46
43,94,170000,155000,user_41,0,2,
46,93,170000,4320000,user_43,0,2,
63,97,169999,0,user_9,1,2,46
20,99,160000,0,user_16,0,2,
2,71,150001,0,user_2,0,1,1
9,72,150001,0,user_7,0,1,1
1,73,150000,39400,user_1,0,1,
3,74,149999,0,user_3,0,1,1
35,75,120000,13800,user_33,0,1,
50,76,84000,0,user_47,0,1,
55,77,84000,322000,user_49,0,1,
88,78,84000,0,user_30,1,1,
29,79,83000,43600,user_24,0,1,
0,80,80000,0,user_1,0,1,
30,81,80000,0,user_24,0,1,
41,82,73000,0,user_38,0,1,
11,8,43000000,0,user_9,0,19,
40,7,43000000,0,user_37,0,19,
100,9,43000000,0,user_42,1,19,
105,24,27000000,0,user_48,1,19,
72,23,27000000,0,user_15,1,19,
47,31,19000000,0,user_46,0,19,
119,42,6100001,0,user_1,2,19,80
130,43,6100001,0,user_11,2,19,80
80,53,6100000,381000,user_23,1,19,
106,54,6100000,33300,user_49,1,19,
122,60,6099999,0,user_4,2,19,80
91,74,5200000,0,user_34,1,19,
45,87,5000000,0,user_42,0,19,
83,99,4200000,139000,user_26,1,19,
85,89,4200000,0,user_28,1,18,
49,99,3500000,0,user_47,0,17,
48,98,3200000,0,user_47,0,15,
28,99,3200000,0,user_23,0,15,
15,95,2600000,0,user_11,0,13,
158,96,2600000,0,user_44,2,13,
38,99,2500000,0,user_36,0,12,
78,95,2400000,0,user_21,1,10,
104,92,2300000,0,user_48,1,9,
102,93,2300000,0,user_45,1,9,
51,96,2100000,0,user_47,0,9,
21,88,2000000,0,user_17,0,8,
10,87,2000000,0,user_8,0,8,
31,89,2000000,0,user_25,0,8,
138,90,2000000,0,user_17,2,8,
53,94,1900000,0,user_48,0,8,
79,95,1900000,0,user_21,1,8,
37,98,1700000,34700,user_34,0,8,
98,99,1700000,0,user_41,1,8,
25,95,1500000,0,user_21,0,7,
33,96,1500000,67900,user_30,0,7,
23,91,1400000,0,user_20,0,6,
150,97,1300000,0,user_29,2,6,
42,87,1200000,0,user_39,0,5,
13,91,1100000,0,user_11,0,5,
34,92,1100000,15700,user_32,0,5,
90,90,1100000,0,user_33,1,5,
87,89,1100000,0,user_30,1,5,
94,88,1100000,0,user_37,1,5,
54,97,1000000,19700,user_48,0,5,
142,98,1000000,0,user_21,2,5,
32,83,970000,0,user_28,0,4,
18,86,870000,0,user_15,0,4,
141,88,670000,0,user_21,2,4,
17,91,660001,0,user_14,0,4,5
6,89,660001,0,user_5,0,4,5
8,90,660001,0,user_5,0,4,5
5,92,660000,14200,user_4,0,4,
16,94,659999,0,user_14,0,4,5
7,93,659999,0,user_5,0,4,5
84,95,650000,0,user_27,1,4,
36,98,630000,0,user_34,0,4,
77,75,600000,0,user_20,1,3,
26,76,530000,0,user_22,0,3,
39,77,470000,0,user_36,0,3,
131,79,460001,0,user_12,2,3,75
22,82,460000,0,user_18,0,3,
27,83,460000,0,user_23,0,3,
75,84,460000,7190000,user_18,1,3,
74,85,460000,0,user_17,1,3,
162,86,460000,0,user_47,2,3,
96,89,420000,0,user_39,1,3,
64,92,360001,0,user_10,1,3,19
66,93,360001,0,user_10,1,3,19
60,91,360001,0,user_3,1,3,19
71,94,360001,0,user_12,1,3,19
70,95,360001,0,user_11,1,3,19
19,97,360000,594000,user_15,0,3,
89,98,360000,0,user_31,1,3,
67,73,359999,0,user_10,1,2,19
62,99,359999,0,user_7,1,3,19
69,75,359999,0,user_11,1,2,19
44,76,350000,0,user_41,0,2,
59,77,320001,0,user_2,1,2,52
52,78,320000,231000,user_47,0,2,
81,79,320000,155000,user_24,1,2,
65,80,319999,0,user_10,1,2,52
68,81,319999,0,user_10,1,2,52
12,82,310000,0,user_11,0,2,
24,83,310000,0,user_21,0,2,
101,84,300000,0,user_45,1,2,
4,85,260000,0,user_4,0,2,
73,86,260000,0,user_16,1,2,
97,87,240000,0,user_40,1,2,
93,88,240000,0,user_36,1,2,
14,89,220000,0,user_11,0,2,
136,90,220000,231000,user_16,2,2,
58,91,170001,0,user_0,1,2,46
61,92,170001,0,user_5,1,2,46
46,93,170000,4320000,user_43,0,2,
43,94,170000,155000,user_41,0,2,
92,95,170000,0,user_35,1,2,
135,96,170000,139000,user_15,2,2,
63,97,169999,0,user_9,1,2,46
118,98,169999,0,user_0,2,2,46
20,99,160000,0,user_16,0,2,
40,7,43000000,0,user_37,0,19,
11,8,43000000,0,user_9,0,19,
100,9,43000000,0,user_42,1,19,
143,10,43000000,0,user_22,2,19,
147,19,30000000,18600,user_26,2,19,
72,23,27000000,0,user_15,1,19,
105,24,27000000,0,user_48,1,19,
47,31,19000000,0,user_46,0,19,
222,35,6300000,0,user_33,3,19,
119,42,6100001,0,user_1,2,19,80
126,44,6100001,0,user_8,2,19,80
130,43,6100001,0,user_11,2,19,80
189,39,6100001,0,user_7,3,19,80
80,53,6100000,381000,user_23,1,19,
106,54,6100000,33300,user_49,1,19,
122,60,6099999,0,user_4,2,19,80
127,61,6099999,0,user_8,2,19,80
91,74,5200000,0,user_34,1,19,
45,87,5000000,0,user_42,0,19,
235,84,5000000,0,user_47,3,19,
204,85,5000000,0,user_20,3,19,
83,99,4200000,139000,user_26,1,19,
85,89,4200000,0,user_28,1,18,
49,99,3500000,0,user_47,0,17,
202,95,3500000,0,user_18,3,16,
48,98,3200000,0,user_47,0,15,
28,99,3200000,0,user_23,0,15,
149,95,3200000,6390,user_26,2,14,
15,95,2600000,0,user_11,0,13,
148,97,2600000,0,user_26,2,13,
158,96,2600000,0,user_44,2,13,
38,99,2500000,0,user_36,0,12,
78,95,2400000,0,user_21,1,10,
102,93,2300000,0,user_45,1,9,
104,92,2300000,0,user_48,1,9,
51,96,2100000,0,user_47,0,9,
161,97,2100000,0,user_46,2,9,
198,98,2100000,0,user_15,3,9,
10,87,2000000,0,user_8,0,8,
31,89,2000000,0,user_25,0,8,
21,88,2000000,0,user_17,0,8,
138,90,2000000,0,user_17,2,8,
53,94,1900000,0,user_48,0,8,
79,95,1900000,0,user_21,1,8,
37,98,1700000,34700,user_34,0,8,
98,99,1700000,0,user_41,1,8,
146,93,1600000,0,user_25,2,7,
25,95,1500000,0,user_21,0,7,
33,96,1500000,67900,user_30,0,7,
23,91,1400000,0,user_20,0,6,
150,97,1300000,0,user_29,2,6,
42,87,1200000,0,user_39,0,5,
34,92,1100000,15700,user_32,0,5,
13,91,1100000,0,user_11,0,5,
90,90,1100000,0,user_33,1,5,
94,88,1100000,0,user_37,1,5,
87,89,1100000,0,user_30,1,5,
154,93,1100000,0,user_35,2,5,
205,94,1100000,0,user_21,3,5,
54,97,1000000,19700,user_48,0,5,
142,98,1000000,0,user_21,2,5,
217,99,1000000,0,user_30,3,5,
32,83,970000,0,user_28,0,4,
231,84,910000,5640,user_44,3,4,
18,86,870000,0,user_15,0,4,
200,87,870000,0,user_16,3,4,
141,88,670000,0,user_21,2,4,
6,89,660001,0,user_5,0,4,5
8,90,660001,0,user_5,0,4,5
17,91,660001,0,user_14,0,4,5
5,92,660000,14200,user_4,0,4,
7,93,659999,0,user_5,0,4,5
16,94,659999,0,user_14,0,4,5
84,95,650000,0,user_27,1,4,
36,98,630000,0,user_34,0,4,
77,75,600000,0,user_20,1,3,
26,76,530000,0,user_22,0,3,
39,77,470000,0,user_36,0,3,
201,78,470000,0,user_17,3,3,
131,79,460001,0,user_12,2,3,75
133,80,460001,0,user_13,2,3,75
188,81,460001,0,user_7,3,3,75
22,82,460000,0,user_18,0,3,
27,83,460000,0,user_23,0,3,
75,84,460000,7190000,user_18,1,3,
74,85,460000,0,user_17,1,3,
162,86,460000,0,user_47,2,3,
125,87,459999,0,user_8,2,3,75
128,88,459999,0,user_8,2,3,75
96,89,420000,0,user_39,1,3,
157,90,420000,0,user_42,2,3,
60,91,360001,0,user_3,1,3,19
64,92,360001,0,user_10,1,3,19
66,93,360001,0,user_10,1,3,19
71,94,360001,0,user_12,1,3,19
70,95,360001,0,user_11,1,3,19
192,96,360001,0,user_9,3,3,19
19,97,360000,594000,user_15,0,3,
89,98,360000,0,user_31,1,3,
62,99,359999,0,user_7,1,3,19
40,7,43000000,0,user_37,0,19,
11,8,43000000,0,user_9,0,19,
100,9,43000000,0,user_42,1,19,
143,10,43000000,0,user_22,2,19,
203,6,43000000,6390,user_19,3,19,
147,19,30000000,18600,user_26,2,19,
72,23,27000000,0,user_15,1,19,
105,24,27000000,0,user_48,1,19,
47,31,19000000,0,user_46,0,19,
220,34,6300000,67500,user_32,3,19,
222,35,6300000,0,user_33,3,19,
119,42,6100001,0,user_1,2,19,80
130,43,6100001,0,user_11,2,19,80
126,44,6100001,0,user_8,2,19,80
189,39,6100001,0,user_7,3,19,80
259,40,6100001,0,user_4,4,19,80
266,46,6100001,0,user_7,4,19,80
254,47,6100001,0,user_0,4,19,80
268,48,6100001,0,user_9,4,19,80
80,53,6100000,381000,user_23,1,19,
106,54,6100000,33300,user_49,1,19,
122,60,6099999,0,user_4,2,19,80
127,61,6099999,0,user_8,2,19,80
255,64,6099999,0,user_1,4,19,80
260,58,6099999,0,user_5,4,19,80
257,62,6099999,0,user_3,4,19,80
258,63,6099999,0,user_3,4,19,80
269,68,6099999,0,user_12,4,19,80
91,74,5200000,0,user_34,1,19,
45,87,5000000,0,user_42,0,19,
229,86,5000000,16400,user_42,3,19,
235,84,5000000,0,user_47,3,19,
204,85,5000000,0,user_20,3,19,
85,89,4200000,0,user_28,1,18,
83,99,4200000,139000,user_26,1,19,
49,99,3500000,0,user_47,0,17,
202,95,3500000,0,user_18,3,16,
48,98,3200000,0,user_47,0,15,
28,99,3200000,0,user_23,0,15,
149,95,3200000,6390,user_26,2,14,
300,97,3200000,0,user_44,4,15,
15,95,2600000,0,user_11,0,13,
158,96,2600000,0,user_44,2,13,
148,97,2600000,0,user_26,2,13,
38,99,2500000,0,user_36,0,12,
78,95,2400000,0,user_21,1,10,
232,99,2400000,0,user_46,3,11,
102,93,2300000,0,user_45,1,9,
104,92,2300000,0,user_48,1,9,
277,91,2300000,0,user_18,4,9,
51,96,2100000,0,user_47,0,9,
161,97,2100000,0,user_46,2,9,
198,98,2100000,0,user_15,3,9,
10,87,2000000,0,user_8,0,8,
21,88,2000000,0,user_17,0,8,
31,89,2000000,0,user_25,0,8,
138,90,2000000,0,user_17,2,8,
53,94,1900000,0,user_48,0,8,
79,95,1900000,0,user_21,1,8,
283,96,1800000,0,user_23,4,8,
37,98,1700000,34700,user_34,0,8,
98,99,1700000,0,user_41,1,8,
146,93,1600000,0,user_25,2,7,
25,95,1500000,0,user_21,0,7,
33,96,1500000,67900,user_30,0,7,
23,91,1400000,0,user_20,0,6,
221,99,1400000,296000,user_32,3,7,
236,93,1400000,0,user_49,3,6,
150,97,1300000,0,user_29,2,6,
227,98,1300000,0,user_41,3,6,
42,87,1200000,0,user_39,0,5,
34,92,1100000,15700,user_32,0,5,
13,91,1100000,0,user_11,0,5,
94,88,1100000,0,user_37,1,5,
87,89,1100000,0,user_30,1,5,
90,90,1100000,0,user_33,1,5,
154,93,1100000,0,user_35,2,5,
205,94,1100000,0,user_21,3,5,
223,95,1100000,0,user_34,3,5,
291,96,1100000,0,user_37,4,5,
54,97,1000000,19700,user_48,0,5,
142,98,1000000,0,user_21,2,5,
217,99,1000000,0,user_30,3,5,
32,83,970000,0,user_28,0,4,
231,84,910000,5640,user_44,3,4,
218,85,910000,0,user_31,3,4,
18,86,870000,0,user_15,0,4,
200,87,870000,0,user_16,3,4,
141,88,670000,0,user_21,2,4,
6,89,660001,0,user_5,0,4,5
8,90,660001,0,user_5,0,4,5
17,91,660001,0,user_14,0,4,5
5,92,660000,14200,user_4,0,4,
7,93,659999,0,user_5,0,4,5
16,94,659999,0,user_14,0,4,5
84,95,650000,0,user_27,1,4,
226,96,650000,0,user_40,3,4,
230,97,650000,0,user_43,3,4,
36,98,630000,0,user_34,0,4,
207,99,630000,0,user_22,3,4,
100,9,43000000,0,user_42,1,19,
11,8,43000000,0,user_9,0,19,
40,7,43000000,0,user_37,0,19,
143,10,43000000,0,user_22,2,19,
203,6,43000000,6390,user_19,3,19,
147,19,30000000,18600,user_26,2,19,
72,23,27000000,0,user_15,1,19,
105,24,27000000,0,user_48,1,19,
47,31,19000000,0,user_46,0,19,
222,35,6300000,0,user_33,3,19,
220,34,6300000,67500,user_32,3,19,
119,42,6100001,0,user_1,2,19,80
126,44,6100001,0,user_8,2,19,80
130,43,6100001,0,user_11,2,19,80
189,39,6100001,0,user_7,3,19,80
259,40,6100001,0,user_4,4,19,80
254,47,6100001,0,user_0,4,19,80
268,48,6100001,0,user_9,4,19,80
264,45,6100001,0,user_6,4,19,80
266,46,6100001,0,user_7,4,19,80
270,41,6100001,0,user_13,4,19,80
80,53,6100000,381000,user_23,1,19,
106,54,6100000,33300,user_49,1,19,
293,55,6100000,0,user_38,4,19,
122,60,6099999,0,user_4,2,19,80
127,61,6099999,0,user_8,2,19,80
255,64,6099999,0,user_1,4,19,80
257,62,6099999,0,user_3,4,19,80
258,63,6099999,0,user_3,4,19,80
261,65,6099999,0,user_6,4,19,80
263,66,6099999,0,user_6,4,19,80
267,67,6099999,0,user_8,4,19,80
260,58,6099999,0,user_5,4,19,80
269,68,6099999,0,user_12,4,19,80
271,59,6099999,0,user_13,4,19,80
91,74,5200000,0,user_34,1,19,
45,87,5000000,0,user_42,0,19,
204,85,5000000,0,user_20,3,19,
235,84,5000000,0,user_47,3,19,
229,86,5000000,16400,user_42,3,19,
85,89,4200000,0,user_28,1,18,
83,99,4200000,139000,user_26,1,19,
286,91,4200000,0,user_25,4,18,
49,99,3500000,0,user_47,0,17,
202,95,3500000,0,user_18,3,16,
48,98,3200000,0,user_47,0,15,
28,99,3200000,0,user_23,0,15,
149,95,3200000,6390,user_26,2,14,
300,97,3200000,0,user_44,4,15,
368,94,3200000,0,user_44,5,14,
15,95,2600000,0,user_11,0,13,
158,96,2600000,0,user_44,2,13,
148,97,2600000,0,user_26,2,13,
38,99,2500000,0,user_36,0,12,
78,95,2400000,0,user_21,1,10,
232,99,2400000,0,user_46,3,11,
295,97,2400000,0,user_40,4,10,
104,92,2300000,0,user_48,1,9,
102,93,2300000,0,user_45,1,9,
277,91,2300000,0,user_18,4,9,
357,99,2300000,0,user_30,5,10,
51,96,2100000,0,user_47,0,9,
161,97,2100000,0,user_46,2,9,
198,98,2100000,0,user_15,3,9,
356,95,2100000,0,user_30,5,9,
21,88,2000000,0,user_17,0,8,
31,89,2000000,0,user_25,0,8,
10,87,2000000,0,user_8,0,8,
138,90,2000000,0,user_17,2,8,
364,86,2000000,0,user_37,5,8,
79,95,1900000,0,user_21,1,8,
53,94,1900000,0,user_48,0,8,
283,96,1800000,0,user_23,4,8,
98,99,1700000,0,user_41,1,8,
37,98,1700000,34700,user_34,0,8,
146,93,1600000,0,user_25,2,7,
366,94,1600000,0,user_44,5,7,
25,95,1500000,0,user_21,0,7,
33,96,1500000,67900,user_30,0,7,
23,91,1400000,0,user_20,0,6,
236,93,1400000,0,user_49,3,6,
221,99,1400000,296000,user_32,3,7,
306,94,1400000,0,user_49,4,6,
365,95,1400000,0,user_44,5,6,
150,97,1300000,0,user_29,2,6,
227,98,1300000,0,user_41,3,6,
349,99,1300000,33100,user_23,5,6,
42,87,1200000,0,user_39,0,5,
94,88,1100000,0,user_37,1,5,
87,89,1100000,0,user_30,1,5,
90,90,1100000,0,user_33,1,5,
13,91,1100000,0,user_11,0,5,
34,92,1100000,15700,user_32,0,5,
154,93,1100000,0,user_35,2,5,
205,94,1100000,0,user_21,3,5,
223,95,1100000,0,user_34,3,5,
291,96,1100000,0,user_37,4,5,
54,97,1000000,19700,user_48,0,5,
142,98,1000000,0,user_21,2,5,
217,99,1000000,0,user_30,3,5,
143,10,43000000,0,user_22,2,19,
100,9,43000000,0,user_42,1,19,
203,6,43000000,6390,user_19,3,19,
11,8,43000000,0,user_9,0,19,
40,7,43000000,0,user_37,0,19,
370,11,43000000,0,user_46,5,19,
147,19,30000000,18600,user_26,2,19,
105,24,27000000,0,user_48,1,19,
72,23,27000000,0,user_15,1,19,
47,31,19000000,0,user_46,0,19,
220,34,6300000,67500,user_32,3,19,
222,35,6300000,0,user_33,3,19,
126,44,6100001,0,user_8,2,19,80
130,43,6100001,0,user_11,2,19,80
119,42,6100001,0,user_1,2,19,80
189,39,6100001,0,user_7,3,19,80
259,40,6100001,0,user_4,4,19,80
266,46,6100001,0,user_7,4,19,80
254,47,6100001,0,user_0,4,19,80
268,48,6100001,0,user_9,4,19,80
264,45,6100001,0,user_6,4,19,80
270,41,6100001,0,user_13,4,19,80
334,49,6100001,0,user_8,5,19,80
106,54,6100000,33300,user_49,1,19,
80,53,6100000,381000,user_23,1,19,
293,55,6100000,0,user_38,4,19,
122,60,6099999,0,user_4,2,19,80
127,61,6099999,0,user_8,2,19,80
255,64,6099999,0,user_1,4,19,80
257,62,6099999,0,user_3,4,19,80
258,63,6099999,0,user_3,4,19,80
260,58,6099999,0,user_5,4,19,80
269,68,6099999,0,user_12,4,19,80
261,65,6099999,0,user_6,4,19,80
263,66,6099999,0,user_6,4,19,80
271,59,6099999,0,user_13,4,19,80
267,67,6099999,0,user_8,4,19,80
91,74,5200000,0,user_34,1,19,
204,85,5000000,0,user_20,3,19,
45,87,5000000,0,user_42,0,19,
229,86,5000000,16400,user_42,3,19,
235,84,5000000,0,user_47,3,19,
361,92,4500000,0,user_36,5,19,
85,89,4200000,0,user_28,1,18,
83,99,4200000,139000,user_26,1,19,
286,91,4200000,0,user_25,4,18,
350,98,3600000,0,user_24,5,18,
49,99,3500000,0,user_47,0,17,
202,95,3500000,0,user_18,3,16,
420,97,3500000,0,user_30,6,16,
149,95,3200000,6390,user_26,2,14,
48,98,3200000,0,user_47,0,15,
28,99,3200000,0,user_23,0,15,
300,97,3200000,0,user_44,4,15,
368,94,3200000,0,user_44,5,14,
148,97,2600000,0,user_26,2,13,
158,96,2600000,0,user_44,2,13,
15,95,2600000,0,user_11,0,13,
38,99,2500000,0,user_36,0,12,
359,94,2500000,0,user_32,5,11,
78,95,2400000,0,user_21,1,10,
232,99,2400000,0,user_46,3,11,
295,97,2400000,0,user_40,4,10,
412,94,2400000,0,user_23,6,10,
104,92,2300000,0,user_48,1,9,
102,93,2300000,0,user_45,1,9,
277,91,2300000,0,user_18,4,9,
357,99,2300000,0,user_30,5,10,
161,97,2100000,0,user_46,2,9,
51,96,2100000,0,user_47,0,9,
198,98,2100000,0,user_15,3,9,
356,95,2100000,0,user_30,5,9,
404,99,2100000,121000,user_16,6,9,
138,90,2000000,0,user_17,2,8,
21,88,2000000,0,user_17,0,8,
31,89,2000000,0,user_25,0,8,
10,87,2000000,0,user_8,0,8,
364,86,2000000,0,user_37,5,8,
403,91,2000000,0,user_15,6,8,
424,92,2000000,0,user_37,6,8,
79,95,1900000,0,user_21,1,8,
53,94,1900000,0,user_48,0,8,
283,96,1800000,0,user_23,4,8,
98,99,1700000,0,user_41,1,8,
37,98,1700000,34700,user_34,0,8,
146,93,1600000,0,user_25,2,7,
366,94,1600000,0,user_44,5,7,
25,95,1500000,0,user_21,0,7,
33,96,1500000,67900,user_30,0,7,
373,97,1500000,0,user_49,5,7,
414,98,1500000,0,user_23,6,7,
23,91,1400000,0,user_20,0,6,
221,99,1400000,296000,user_32,3,7,
236,93,1400000,0,user_49,3,6,
306,94,1400000,0,user_49,4,6,
365,95,1400000,0,user_44,5,6,
362,96,1400000,0,user_36,5,6,
150,97,1300000,0,user_29,2,6,
227,98,1300000,0,user_41,3,6,
349,99,1300000,33100,user_23,5,6,
203,6,43000000,6390,user_19,3,19,
40,7,43000000,0,user_37,0,19,
11,8,43000000,0,user_9,0,19,
100,9,43000000,0,user_42,1,19,
143,10,43000000,0,user_22,2,19,
370,11,43000000,0,user_46,5,19,
147,19,30000000,18600,user_26,2,19,
479,18,30000000,0,user_21,7,19,
72,23,27000000,0,user_15,1,19,
105,24,27000000,0,user_48,1,19,
47,31,19000000,0,user_46,0,19,
482,30,19000000,0,user_23,7,19,
220,34,6300000,67500,user_32,3,19,
222,35,6300000,0,user_33,3,19,
428,36,6300000,0,user_40,6,19,
189,39,6100001,0,user_7,3,19,80
259,40,6100001,0,user_4,4,19,80
270,41,6100001,0,user_13,4,19,80
119,42,6100001,0,user_1,2,19,80
130,43,6100001,0,user_11,2,19,80
126,44,6100001,0,user_8,2,19,80
264,45,6100001,0,user_6,4,19,80
266,46,6100001,0,user_7,4,19,80
254,47,6100001,0,user_0,4,19,80
268,48,6100001,0,user_9,4,19,80
334,49,6100001,0,user_8,5,19,80
80,53,6100000,381000,user_23,1,19,
106,54,6100000,33300,user_49,1,19,
293,55,6100000,0,user_38,4,19,
439,52,6100000,594000,user_49,6,19,
260,58,6099999,0,user_5,4,19,80
271,59,6099999,0,user_13,4,19,80
122,60,6099999,0,user_4,2,19,80
127,61,6099999,0,user_8,2,19,80
257,62,6099999,0,user_3,4,19,80
258,63,6099999,0,user_3,4,19,80
255,64,6099999,0,user_1,4,19,80
261,65,6099999,0,user_6,4,19,80
263,66,6099999,0,user_6,4,19,80
267,67,6099999,0,user_8,4,19,80
269,68,6099999,0,user_12,4,19,80
91,74,5200000,0,user_34,1,19,
235,84,5000000,0,user_47,3,19,
204,85,5000000,0,user_20,3,19,
229,86,5000000,16400,user_42,3,19,
45,87,5000000,0,user_42,0,19,
417,88,5000000,0,user_27,6,19,
361,92,4500000,0,user_36,5,19,
83,99,4200000,139000,user_26,1,19,
85,89,4200000,0,user_28,1,18,
286,91,4200000,0,user_25,4,18,
350,98,3600000,0,user_24,5,18,
202,95,3500000,0,user_18,3,16,
49,99,3500000,0,user_47,0,17,
420,97,3500000,0,user_30,6,16,
300,97,3200000,0,user_44,4,15,
48,98,3200000,0,user_47,0,15,
28,99,3200000,0,user_23,0,15,
149,95,3200000,6390,user_26,2,14,
368,94,3200000,0,user_44,5,14,
15,95,2600000,0,user_11,0,13,
148,97,2600000,0,user_26,2,13,
158,96,2600000,0,user_44,2,13,
38,99,2500000,0,user_36,0,12,
359,94,2500000,0,user_32,5,11,
232,99,2400000,0,user_46,3,11,
78,95,2400000,0,user_21,1,10,
295,97,2400000,0,user_40,4,10,
412,94,2400000,0,user_23,6,10,
475,98,2400000,0,user_17,7,11,
102,93,2300000,0,user_45,1,9,
104,92,2300000,0,user_48,1,9,
277,91,2300000,0,user_18,4,9,
357,99,2300000,0,user_30,5,10,
198,98,2100000,0,user_15,3,9,
51,96,2100000,0,user_47,0,9,
161,97,2100000,0,user_46,2,9,
356,95,2100000,0,user_30,5,9,
404,99,2100000,121000,user_16,6,9,
10,87,2000000,0,user_8,0,8,
31,89,2000000,0,user_25,0,8,
21,88,2000000,0,user_17,0,8,
138,90,2000000,0,user_17,2,8,
364,86,2000000,0,user_37,5,8,
403,91,2000000,0,user_15,6,8,
424,92,2000000,0,user_37,6,8,
425,93,2000000,0,user_38,6,8,
53,94,1900000,0,user_48,0,8,
79,95,1900000,0,user_21,1,8,
283,96,1800000,0,user_23,4,8,
37,98,1700000,34700,user_34,0,8,
98,99,1700000,0,user_41,1,8,
423,92,1700000,0,user_35,6,7,
146,93,1600000,0,user_25,2,7,
366,94,1600000,0,user_44,5,7,
25,95,1500000,0,user_21,0,7,
33,96,1500000,67900,user_30,0,7,
373,97,1500000,0,user_49,5,7,
414,98,1500000,0,user_23,6,7,
221,99,1400000,296000,user_32,3,7,
203,6,43000000,6390,user_19,3,19,
40,7,43000000,0,user_37,0,19,
11,8,43000000,0,user_9,0,19,
100,9,43000000,0,user_42,1,19,
143,10,43000000,0,user_22,2,19,
370,11,43000000,0,user_46,5,19,
494,5,43000000,0,user_40,7,19,
536,3,43000000,0,user_23,8,19,
147,19,30000000,18600,user_26,2,19,
479,18,30000000,0,user_21,7,19,
72,23,27000000,0,user_15,1,19,
105,24,27000000,0,user_48,1,19,
47,31,19000000,0,user_46,0,19,
482,30,19000000,0,user_23,7,19,
567,29,19000000,0,user_47,8,19,
220,34,6300000,67500,user_32,3,19,
222,35,6300000,0,user_33,3,19,
428,36,6300000,0,user_40,6,19,
189,39,6100001,0,user_7,3,19,80
259,40,6100001,0,user_4,4,19,80
270,41,6100001,0,user_13,4,19,80
264,45,6100001,0,user_6,4,19,80
266,46,6100001,0,user_7,4,19,80
254,47,6100001,0,user_0,4,19,80
268,48,6100001,0,user_9,4,19,80
119,42,6100001,0,user_1,2,19,80
130,43,6100001,0,user_11,2,19,80
126,44,6100001,0,user_8,2,19,80
334,49,6100001,0,user_8,5,19,80
293,55,6100000,0,user_38,4,19,
80,53,6100000,381000,user_23,1,19,
106,54,6100000,33300,user_49,1,19,
439,52,6100000,594000,user_49,6,19,
255,64,6099999,0,user_1,4,19,80
257,62,6099999,0,user_3,4,19,80
258,63,6099999,0,user_3,4,19,80
271,59,6099999,0,user_13,4,19,80
261,65,6099999,0,user_6,4,19,80
263,66,6099999,0,user_6,4,19,80
267,67,6099999,0,user_8,4,19,80
260,58,6099999,0,user_5,4,19,80
269,68,6099999,0,user_12,4,19,80
122,60,6099999,0,user_4,2,19,80
127,61,6099999,0,user_8,2,19,80
91,74,5200000,0,user_34,1,19,
491,73,5200000,0,user_32,7,19,
545,72,5200000,0,user_33,8,19,
204,85,5000000,0,user_20,3,19,
235,84,5000000,0,user_47,3,19,
229,86,5000000,16400,user_42,3,19,
45,87,5000000,0,user_42,0,19,
417,88,5000000,0,user_27,6,19,
361,92,4500000,0,user_36,5,19,
286,91,4200000,0,user_25,4,18,
85,89,4200000,0,user_28,1,18,
83,99,4200000,139000,user_26,1,19,
350,98,3600000,0,user_24,5,18,
202,95,3500000,0,user_18,3,16,
49,99,3500000,0,user_47,0,17,
420,97,3500000,0,user_30,6,16,
300,97,3200000,0,user_44,4,15,
368,94,3200000,0,user_44,5,14,
48,98,3200000,0,user_47,0,15,
28,99,3200000,0,user_23,0,15,
149,95,3200000,6390,user_26,2,14,
15,95,2600000,0,user_11,0,13,
158,96,2600000,0,user_44,2,13,
148,97,2600000,0,user_26,2,13,
476,98,2600000,0,user_19,7,13,
38,99,2500000,0,user_36,0,12,
359,94,2500000,0,user_32,5,11,
483,98,2500000,0,user_24,7,12,
232,99,2400000,0,user_46,3,11,
295,97,2400000,0,user_40,4,10,
78,95,2400000,0,user_21,1,10,
412,94,2400000,0,user_23,6,10,
475,98,2400000,0,user_17,7,11,
277,91,2300000,0,user_18,4,9,
102,93,2300000,0,user_45,1,9,
104,92,2300000,0,user_48,1,9,
357,99,2300000,0,user_30,5,10,
198,98,2100000,0,user_15,3,9,
51,96,2100000,0,user_47,0,9,
161,97,2100000,0,user_46,2,9,
356,95,2100000,0,user_30,5,9,
404,99,2100000,121000,user_16,6,9,
364,86,2000000,0,user_37,5,8,
10,87,2000000,0,user_8,0,8,
21,88,2000000,0,user_17,0,8,
31,89,2000000,0,user_25,0,8,
138,90,2000000,0,user_17,2,8,
403,91,2000000,0,user_15,6,8,
424,92,2000000,0,user_37,6,8,
425,93,2000000,0,user_38,6,8,
53,94,1900000,0,user_48,0,8,
79,95,1900000,0,user_21,1,8,
283,96,1800000,0,user_23,4,8,
544,97,1800000,0,user_33,8,8,
37,98,1700000,34700,user_34,0,8,
98,99,1700000,0,user_41,1,8,
370,11,43000000,0,user_46,5,19,
100,9,43000000,0,user_42,1,19,
11,8,43000000,0,user_9,0,19,
40,7,43000000,0,user_37,0,19,
143,10,43000000,0,user_22,2,19,
203,6,43000000,6390,user_19,3,19,
494,5,43000000,0,user_40,7,19,
536,3,43000000,0,user_23,8,19,
595,4,43000000,0,user_16,9,19,
147,19,30000000,18600,user_26,2,19,
479,18,30000000,0,user_21,7,19,
551,16,30000000,0,user_35,8,19,
635,17,30000000,0,user_48,9,19,
72,23,27000000,0,user_15,1,19,
105,24,27000000,0,user_48,1,19,
607,22,27000000,0,user_23,9,19,
47,31,19000000,0,user_46,0,19,
482,30,19000000,0,user_23,7,19,
567,29,19000000,0,user_47,8,19,
222,35,6300000,0,user_33,3,19,
220,34,6300000,67500,user_32,3,19,
428,36,6300000,0,user_40,6,19,
334,49,6100001,0,user_8,5,19,80
264,45,6100001,0,user_6,4,19,80
254,47,6100001,0,user_0,4,19,80
268,48,6100001,0,user_9,4,19,80
266,46,6100001,0,user_7,4,19,80
119,42,6100001,0,user_1,2,19,80
126,44,6100001,0,user_8,2,19,80
130,43,6100001,0,user_11,2,19,80
189,39,6100001,0,user_7,3,19,80
259,40,6100001,0,user_4,4,19,80
270,41,6100001,0,user_13,4,19,80
293,55,6100000,0,user_38,4,19,
80,53,6100000,381000,user_23,1,19,
106,54,6100000,33300,user_49,1,19,
439,52,6100000,594000,user_49,6,19,
555,50,6100000,0,user_38,8,19,
260,58,6099999,0,user_5,4,19,80
255,64,6099999,0,user_1,4,19,80
257,62,6099999,0,user_3,4,19,80
258,63,6099999,0,user_3,4,19,80
261,65,6099999,0,user_6,4,19,80
263,66,6099999,0,user_6,4,19,80
269,68,6099999,0,user_12,4,19,80
122,60,6099999,0,user_4,2,19,80
127,61,6099999,0,user_8,2,19,80
271,59,6099999,0,user_13,4,19,80
267,67,6099999,0,user_8,4,19,80
91,74,5200000,0,user_34,1,19,
491,73,5200000,0,user_32,7,19,
545,72,5200000,0,user_33,8,19,
45,87,5000000,0,user_42,0,19,
204,85,5000000,0,user_20,3,19,
235,84,5000000,0,user_47,3,19,
229,86,5000000,16400,user_42,3,19,
417,88,5000000,0,user_27,6,19,
557,81,5000000,0,user_40,8,19,
361,92,4500000,0,user_36,5,19,
600,89,4500000,0,user_20,9,19,
286,91,4200000,0,user_25,4,18,
85,89,4200000,0,user_28,1,18,
83,99,4200000,139000,user_26,1,19,
562,96,4200000,0,user_43,8,19,
598,98,4200000,0,user_18,9,19,
629,97,4200000,0,user_45,9,19,
350,98,3600000,0,user_24,5,18,
49,99,3500000,0,user_47,0,17,
202,95,3500000,0,user_18,3,16,
420,97,3500000,0,user_30,6,16,
368,94,3200000,0,user_44,5,14,
300,97,3200000,0,user_44,4,15,
48,98,3200000,0,user_47,0,15,
28,99,3200000,0,user_23,0,15,
149,95,3200000,6390,user_26,2,14,
15,95,2600000,0,user_11,0,13,
158,96,2600000,0,user_44,2,13,
148,97,2600000,0,user_26,2,13,
476,98,2600000,0,user_19,7,13,
602,94,2600000,283000,user_21,9,13,
359,94,2500000,0,user_32,5,11,
38,99,2500000,0,user_36,0,12,
483,98,2500000,0,user_24,7,12,
561,97,2500000,0,user_42,8,12,
615,96,2500000,0,user_30,9,11,
295,97,2400000,0,user_40,4,10,
78,95,2400000,0,user_21,1,10,
232,99,2400000,0,user_46,3,11,
412,94,2400000,0,user_23,6,10,
475,98,2400000,0,user_17,7,11,
357,99,2300000,0,user_30,5,10,
277,91,2300000,0,user_18,4,9,
104,92,2300000,0,user_48,1,9,
102,93,2300000,0,user_45,1,9,
568,94,2300000,0,user_49,8,9,
356,95,2100000,0,user_30,5,9,
51,96,2100000,0,user_47,0,9,
161,97,2100000,0,user_46,2,9,
198,98,2100000,0,user_15,3,9,
404,99,2100000,121000,user_16,6,9,
370,11,43000000,0,user_46,5,19,
143,10,43000000,0,user_22,2,19,
100,9,43000000,0,user_42,1,19,
203,6,43000000,6390,user_19,3,19,
11,8,43000000,0,user_9,0,19,
40,7,43000000,0,user_37,0,19,
494,5,43000000,0,user_40,7,19,
536,3,43000000,0,user_23,8,19,
595,4,43000000,0,user_16,9,19,
147,19,30000000,18600,user_26,2,19,
479,18,30000000,0,user_21,7,19,
551,16,30000000,0,user_35,8,19,
635,17,30000000,0,user_48,9,19,
105,24,27000000,0,user_48,1,19,
72,23,27000000,0,user_15,1,19,
607,22,27000000,0,user_23,9,19,
47,31,19000000,0,user_46,0,19,
482,30,19000000,0,user_23,7,19,
567,29,19000000,0,user_47,8,19,
428,36,6300000,0,user_40,6,19,
220,34,6300000,67500,user_32,3,19,
222,35,6300000,0,user_33,3,19,
334,49,6100001,0,user_8,5,19,80
126,44,6100001,0,user_8,2,19,80
130,43,6100001,0,user_11,2,19,80
119,42,6100001,0,user_1,2,19,80
189,39,6100001,0,user_7,3,19,80
259,40,6100001,0,user_4,4,19,80
266,46,6100001,0,user_7,4,19,80
254,47,6100001,0,user_0,4,19,80
268,48,6100001,0,user_9,4,19,80
264,45,6100001,0,user_6,4,19,80
270,41,6100001,0,user_13,4,19,80
439,52,6100000,594000,user_49,6,19,
293,55,6100000,0,user_38,4,19,
106,54,6100000,33300,user_49,1,19,
80,53,6100000,381000,user_23,1,19,
555,50,6100000,0,user_38,8,19,
670,51,6100000,0,user_20,10,19,
122,60,6099999,0,user_4,2,19,80
127,61,6099999,0,user_8,2,19,80
255,64,6099999,0,user_1,4,19,80
257,62,6099999,0,user_3,4,19,80
258,63,6099999,0,user_3,4,19,80
260,58,6099999,0,user_5,4,19,80
269,68,6099999,0,user_12,4,19,80
261,65,6099999,0,user_6,4,19,80
263,66,6099999,0,user_6,4,19,80
271,59,6099999,0,user_13,4,19,80
267,67,6099999,0,user_8,4,19,80
91,74,5200000,0,user_34,1,19,
491,73,5200000,0,user_32,7,19,
545,72,5200000,0,user_33,8,19,
665,70,5200000,0,user_16,10,19,
417,88,5000000,0,user_27,6,19,
204,85,5000000,0,user_20,3,19,
45,87,5000000,0,user_42,0,19,
229,86,5000000,16400,user_42,3,19,
235,84,5000000,0,user_47,3,19,
557,81,5000000,0,user_40,8,19,
617,82,5000000,0,user_32,9,19,
664,78,5000000,0,user_16,10,19,
361,92,4500000,0,user_36,5,19,
600,89,4500000,0,user_20,9,19,
671,90,4500000,0,user_20,10,19,
85,89,4200000,0,user_28,1,18,
83,99,4200000,139000,user_26,1,19,
286,91,4200000,0,user_25,4,18,
562,96,4200000,0,user_43,8,19,
598,98,4200000,0,user_18,9,19,
629,97,4200000,0,user_45,9,19,
350,98,3600000,0,user_24,5,18,
612,99,3600000,0,user_27,9,18,
420,97,3500000,0,user_30,6,16,
49,99,3500000,0,user_47,0,17,
202,95,3500000,0,user_18,3,16,
631,98,3500000,0,user_46,9,17,
368,94,3200000,0,user_44,5,14,
149,95,3200000,6390,user_26,2,14,
48,98,3200000,0,user_47,0,15,
28,99,3200000,0,user_23,0,15,
300,97,3200000,0,user_44,4,15,
614,96,3200000,0,user_28,9,15,
476,98,2600000,0,user_19,7,13,
148,97,2600000,0,user_26,2,13,
158,96,2600000,0,user_44,2,13,
15,95,2600000,0,user_11,0,13,
602,94,2600000,283000,user_21,9,13,
359,94,2500000,0,user_32,5,11,
38,99,2500000,0,user_36,0,12,
483,98,2500000,0,user_24,7,12,
561,97,2500000,0,user_42,8,12,
615,96,2500000,0,user_30,9,11,
691,97,2500000,24700,user_45,10,11,
412,94,2400000,0,user_23,6,10,
78,95,2400000,0,user_21,1,10,
232,99,2400000,0,user_46,3,11,
295,97,2400000,0,user_40,4,10,
475,98,2400000,0,user_17,7,11,
357,99,2300000,0,user_30,5,10,
494,5,43000000,0,user_40,7,19,
203,6,43000000,6390,user_19,3,19,
40,7,43000000,0,user_37,0,19,
11,8,43000000,0,user_9,0,19,
100,9,43000000,0,user_42,1,19,
143,10,43000000,0,user_22,2,19,
370,11,43000000,0,user_46,5,19,
536,3,43000000,0,user_23,8,19,
595,4,43000000,0,user_16,9,19,
479,18,30000000,0,user_21,7,19,
147,19,30000000,18600,user_26,2,19,
551,16,30000000,0,user_35,8,19,
635,17,30000000,0,user_48,9,19,
72,23,27000000,0,user_15,1,19,
105,24,27000000,0,user_48,1,19,
607,22,27000000,0,user_23,9,19,
482,30,19000000,0,user_23,7,19,
47,31,19000000,0,user_46,0,19,
567,29,19000000,0,user_47,8,19,
742,28,19000000,0,user_30,11,19,
220,34,6300000,67500,user_32,3,19,
222,35,6300000,0,user_33,3,19,
428,36,6300000,0,user_40,6,19,
189,39,6100001,0,user_7,3,19,80
259,40,6100001,0,user_4,4,19,80
270,41,6100001,0,user_13,4,19,80
119,42,6100001,0,user_1,2,19,80
130,43,6100001,0,user_11,2,19,80
126,44,6100001,0,user_8,2,19,80
264,45,6100001,0,user_6,4,19,80
266,46,6100001,0,user_7,4,19,80
254,47,6100001,0,user_0,4,19,80
268,48,6100001,0,user_9,4,19,80
334,49,6100001,0,user_8,5,19,80
439,52,6100000,594000,user_49,6,19,
80,53,6100000,381000,user_23,1,19,
106,54,6100000,33300,user_49,1,19,
293,55,6100000,0,user_38,4,19,
555,50,6100000,0,user_38,8,19,
670,51,6100000,0,user_20,10,19,
260,58,6099999,0,user_5,4,19,80
271,59,6099999,0,user_13,4,19,80
122,60,6099999,0,user_4,2,19,80
127,61,6099999,0,user_8,2,19,80
257,62,6099999,0,user_3,4,19,80
258,63,6099999,0,user_3,4,19,80
255,64,6099999,0,user_1,4,19,80
261,65,6099999,0,user_6,4,19,80
263,66,6099999,0,user_6,4,19,80
267,67,6099999,0,user_8,4,19,80
269,68,6099999,0,user_12,4,19,80
491,73,5200000,0,user_32,7,19,
91,74,5200000,0,user_34,1,19,
545,72,5200000,0,user_33,8,19,
665,70,5200000,0,user_16,10,19,
235,84,5000000,0,user_47,3,19,
204,85,5000000,0,user_20,3,19,
229,86,5000000,16400,user_42,3,19,
45,87,5000000,0,user_42,0,19,
417,88,5000000,0,user_27,6,19,
557,81,5000000,0,user_40,8,19,
617,82,5000000,0,user_32,9,19,
664,78,5000000,0,user_16,10,19,
746,79,5000000,0,user_33,11,19,
741,83,5000000,0,user_29,11,19,
361,92,4500000,0,user_36,5,19,
600,89,4500000,0,user_20,9,19,
671,90,4500000,0,user_20,10,19,
83,99,4200000,139000,user_26,1,19,
85,89,4200000,0,user_28,1,18,
286,91,4200000,0,user_25,4,18,
562,96,4200000,0,user_43,8,19,
598,98,4200000,0,user_18,9,19,
629,97,4200000,0,user_45,9,19,
722,95,4200000,0,user_15,11,19,
350,98,3600000,0,user_24,5,18,
612,99,3600000,0,user_27,9,18,
202,95,3500000,0,user_18,3,16,
49,99,3500000,0,user_47,0,17,
420,97,3500000,0,user_30,6,16,
631,98,3500000,0,user_46,9,17,
300,97,3200000,0,user_44,4,15,
48,98,3200000,0,user_47,0,15,
28,99,3200000,0,user_23,0,15,
149,95,3200000,6390,user_26,2,14,
368,94,3200000,0,user_44,5,14,
614,96,3200000,0,user_28,9,15,
476,98,2600000,0,user_19,7,13,
15,95,2600000,0,user_11,0,13,
148,97,2600000,0,user_26,2,13,
158,96,2600000,0,user_44,2,13,
602,94,2600000,283000,user_21,9,13,
483,98,2500000,0,user_24,7,12,
38,99,2500000,0,user_36,0,12,
359,94,2500000,0,user_32,5,11,
561,97,2500000,0,user_42,8,12,
615,96,2500000,0,user_30,9,11,
691,97,2500000,24700,user_45,10,11,
475,98,2400000,0,user_17,7,11,
232,99,2400000,0,user_46,3,11,
536,3,43000000,0,user_23,8,19,
494,5,43000000,0,user_40,7,19,
203,6,43000000,6390,user_19,3,19,
40,7,43000000,0,user_37,0,19,
11,8,43000000,0,user_9,0,19,
100,9,43000000,0,user_42,1,19,
143,10,43000000,0,user_22,2,19,
370,11,43000000,0,user_46,5,19,
595,4,43000000,0,user_16,9,19,
730,2,43000000,0,user_19,11,19,
479,18,30000000,0,user_21,7,19,
551,16,30000000,0,user_35,8,19,
147,19,30000000,18600,user_26,2,19,
635,17,30000000,0,user_48,9,19,
72,23,27000000,0,user_15,1,19,
105,24,27000000,0,user_48,1,19,
607,22,27000000,0,user_23,9,19,
567,29,19000000,0,user_47,8,19,
482,30,19000000,0,user_23,7,19,
47,31,19000000,0,user_46,0,19,
742,28,19000000,0,user_30,11,19,
220,34,6300000,67500,user_32,3,19,
222,35,6300000,0,user_33,3,19,
428,36,6300000,0,user_40,6,19,
189,39,6100001,0,user_7,3,19,80
259,40,6100001,0,user_4,4,19,80
270,41,6100001,0,user_13,4,19,80
264,45,6100001,0,user_6,4,19,80
266,46,6100001,0,user_7,4,19,80
254,47,6100001,0,user_0,4,19,80
268,48,6100001,0,user_9,4,19,80
119,42,6100001,0,user_1,2,19,80
130,43,6100001,0,user_11,2,19,80
126,44,6100001,0,user_8,2,19,80
334,49,6100001,0,user_8,5,19,80
555,50,6100000,0,user_38,8,19,
293,55,6100000,0,user_38,4,19,
80,53,6100000,381000,user_23,1,19,
106,54,6100000,33300,user_49,1,19,
439,52,6100000,594000,user_49,6,19,
670,51,6100000,0,user_20,10,19,
255,64,6099999,0,user_1,4,19,80
257,62,6099999,0,user_3,4,19,80
258,63,6099999,0,user_3,4,19,80
271,59,6099999,0,user_13,4,19,80
261,65,6099999,0,user_6,4,19,80
263,66,6099999,0,user_6,4,19,80
267,67,6099999,0,user_8,4,19,80
260,58,6099999,0,user_5,4,19,80
269,68,6099999,0,user_12,4,19,80
122,60,6099999,0,user_4,2,19,80
127,61,6099999,0,user_8,2,19,80
545,72,5200000,0,user_33,8,19,
491,73,5200000,0,user_32,7,19,
91,74,5200000,0,user_34,1,19,
665,70,5200000,0,user_16,10,19,
831,71,5200000,0,user_45,12,19,
557,81,5000000,0,user_40,8,19,
204,85,5000000,0,user_20,3,19,
235,84,5000000,0,user_47,3,19,
229,86,5000000,16400,user_42,3,19,
45,87,5000000,0,user_42,0,19,
417,88,5000000,0,user_27,6,19,
617,82,5000000,0,user_32,9,19,
664,78,5000000,0,user_16,10,19,
741,83,5000000,0,user_29,11,19,
746,79,5000000,0,user_33,11,19,
801,80,5000000,0,user_15,12,19,
600,89,4500000,0,user_20,9,19,
361,92,4500000,0,user_36,5,19,
671,90,4500000,0,user_20,10,19,
758,91,4500000,0,user_46,11,19,
562,96,4200000,0,user_43,8,19,
629,97,4200000,0,user_45,9,19,
286,91,4200000,0,user_25,4,18,
85,89,4200000,0,user_28,1,18,
83,99,4200000,139000,user_26,1,19,
598,98,4200000,0,user_18,9,19,
722,95,4200000,0,user_15,11,19,
350,98,3600000,0,user_24,5,18,
612,99,3600000,0,user_27,9,18,
202,95,3500000,0,user_18,3,16,
49,99,3500000,0,user_47,0,17,
420,97,3500000,0,user_30,6,16,
631,98,3500000,0,user_46,9,17,
736,99,3500000,779000,user_27,11,16,
614,96,3200000,0,user_28,9,15,
300,97,3200000,0,user_44,4,15,
368,94,3200000,0,user_44,5,14,
48,98,3200000,0,user_47,0,15,
28,99,3200000,0,user_23,0,15,
149,95,3200000,6390,user_26,2,14,
476,98,2600000,0,user_19,7,13,
15,95,2600000,0,user_11,0,13,
158,96,2600000,0,user_44,2,13,
148,97,2600000,0,user_26,2,13,
602,94,2600000,283000,user_21,9,13,
561,97,2500000,0,user_42,8,12,
483,98,2500000,0,user_24,7,12,
38,99,2500000,0,user_36,0,12,
494,5,43000000,0,user_40,7,19,
536,3,43000000,0,user_23,8,19,
595,4,43000000,0,user_16,9,19,
370,11,43000000,0,user_46,5,19,
100,9,43000000,0,user_42,1,19,
11,8,43000000,0,user_9,0,19,
40,7,43000000,0,user_37,0,19,
143,10,43000000,0,user_22,2,19,
203,6,43000000,6390,user_19,3,19,
730,2,43000000,0,user_19,11,19,
479,18,30000000,0,user_21,7,19,
551,16,30000000,0,user_35,8,19,
635,17,30000000,0,user_48,9,19,
147,19,30000000,18600,user_26,2,19,
607,22,27000000,0,user_23,9,19,
72,23,27000000,0,user_15,1,19,
105,24,27000000,0,user_48,1,19,
482,30,19000000,0,user_23,7,19,
567,29,19000000,0,user_47,8,19,
47,31,19000000,0,user_46,0,19,
742,28,19000000,0,user_30,11,19,
222,35,6300000,0,user_33,3,19,
220,34,6300000,67500,user_32,3,19,
428,36,6300000,0,user_40,6,19,
334,49,6100001,0,user_8,5,19,80
264,45,6100001,0,user_6,4,19,80
254,47,6100001,0,user_0,4,19,80
268,48,6100001,0,user_9,4,19,80
266,46,6100001,0,user_7,4,19,80
