id,position,gas_fee,mev_potential,creator_id,created_at,included_at,target_tx
11,3,43000000,0,user_9,0,19,
40,2,43000000,0,user_37,0,19,
49,97,3500000,0,user_47,0,13,
48,98,3200000,0,user_47,0,12,
28,99,3200000,0,user_23,0,12,
15,97,2600000,0,user_11,0,10,
51,98,2100000,0,user_47,0,8,
21,92,2000000,0,user_17,0,7,
53,96,1900000,0,user_48,0,7,
33,90,1500000,67900,user_30,0,6,
25,89,1500000,0,user_21,0,6,
23,94,1400000,0,user_20,0,6,
13,84,1100000,0,user_11,0,5,
54,89,1000000,19700,user_48,0,5,
18,98,870000,0,user_15,0,5,
6,81,660001,0,user_5,0,4,5
8,82,660001,0,user_5,0,4,5
5,84,660000,14200,user_4,0,4,
7,85,659999,0,user_5,0,4,5
22,98,460000,0,user_18,0,4,
27,97,460000,0,user_23,0,4,
19,97,360000,594000,user_15,0,3,
52,74,320000,231000,user_47,0,2,
12,76,310000,0,user_11,0,2,
24,77,310000,0,user_21,0,2,
4,79,260000,0,user_4,0,2,
14,84,220000,0,user_11,0,2,
20,95,160000,0,user_16,0,2,
9,99,150001,0,user_7,0,2,1
2,98,150001,0,user_2,0,2,1
1,70,150000,39400,user_1,0,1,
3,71,149999,0,user_3,0,1,1
35,72,120000,13800,user_33,0,1,
50,73,84000,0,user_47,0,1,
0,78,80000,0,user_1,0,1,
11,3,43000000,0,user_9,0,19,
40,2,43000000,0,user_37,0,19,
109,18,27000000,0,user_48,1,19,
47,22,19000000,0,user_46,0,19,
76,30,6300000,0,user_15,1,19,
84,59,6100000,381000,user_23,1,19,
45,98,5000000,0,user_42,0,19,
49,97,3500000,0,user_47,0,13,
28,99,3200000,0,user_23,0,12,
48,98,3200000,0,user_47,0,12,
15,97,2600000,0,user_11,0,10,
38,98,2500000,0,user_36,0,9,
82,88,2400000,0,user_21,1,8,
108,96,2300000,0,user_48,1,8,
106,95,2300000,0,user_45,1,8,
51,98,2100000,0,user_47,0,8,
31,91,2000000,0,user_25,0,7,
10,99,2000000,0,user_8,0,8,
21,92,2000000,0,user_17,0,7,
53,96,1900000,0,user_48,0,7,
83,97,1900000,0,user_21,1,7,
37,99,1700000,34700,user_34,0,7,
25,89,1500000,0,user_21,0,6,
33,90,1500000,67900,user_30,0,6,
23,94,1400000,0,user_20,0,6,
42,78,1200000,0,user_39,0,5,
34,83,1100000,15700,user_32,0,5,
13,84,1100000,0,user_11,0,5,
98,80,1100000,0,user_37,1,5,
91,81,1100000,0,user_30,1,5,
94,82,1100000,0,user_33,1,5,
54,89,1000000,19700,user_48,0,5,
32,93,970000,0,user_28,0,5,
18,98,870000,0,user_15,0,5,
17,83,660001,0,user_14,0,4,5
5,84,660000,14200,user_4,0,4,
16,86,659999,0,user_14,0,4,5
36,91,630000,0,user_34,0,4,
81,92,600000,0,user_20,1,4,
26,93,530000,0,user_22,0,4,
39,94,470000,0,user_36,0,4,
22,98,460000,0,user_18,0,4,
27,97,460000,0,user_23,0,4,
79,99,460000,7190000,user_18,1,4,
78,85,460000,0,user_17,1,3,
61,93,360001,0,user_0,1,3,19
64,91,360001,0,user_4,1,3,19
72,92,360001,0,user_10,1,3,19
19,97,360000,594000,user_15,0,3,
68,99,359999,0,user_9,1,3,19
69,69,359999,0,user_9,1,2,19
73,71,359999,0,user_11,1,2,19
44,73,350000,0,user_41,0,2,
52,74,320000,231000,user_47,0,2,
24,77,310000,0,user_21,0,2,
12,76,310000,0,user_11,0,2,
105,78,300000,0,user_45,1,2,
4,79,260000,0,user_4,0,2,
77,80,260000,0,user_16,1,2,
14,84,220000,0,user_11,0,2,
62,85,170001,0,user_1,1,2,46
71,86,170001,0,user_9,1,2,46
63,87,170001,0,user_2,1,2,46
74,88,170001,0,user_12,1,2,46
43,91,170000,155000,user_41,0,2,
46,90,170000,4320000,user_43,0,2,
70,93,169999,0,user_9,1,2,46
20,95,160000,0,user_16,0,2,
2,98,150001,0,user_2,0,2,1
9,99,150001,0,user_7,0,2,1
1,70,150000,39400,user_1,0,1,
3,71,149999,0,user_3,0,1,1
35,72,120000,13800,user_33,0,1,
50,73,84000,0,user_47,0,1,
55,74,84000,322000,user_49,0,1,
92,75,84000,0,user_30,1,1,
67,76,83999,0,user_9,1,1,55
29,77,83000,43600,user_24,0,1,
0,78,80000,0,user_1,0,1,
30,79,80000,0,user_24,0,1,
41,80,73000,0,user_38,0,1,
11,3,43000000,0,user_9,0,19,
40,2,43000000,0,user_37,0,19,
104,4,43000000,0,user_42,1,19,
109,18,27000000,0,user_48,1,19,
47,22,19000000,0,user_46,0,19,
76,30,6300000,0,user_15,1,19,
144,42,6100001,0,user_9,2,19,84
147,41,6100001,0,user_12,2,19,84
84,59,6100000,381000,user_23,1,19,
110,60,6100000,33300,user_49,1,19,
134,68,6099999,0,user_2,2,19,84
95,82,5200000,0,user_34,1,19,
45,98,5000000,0,user_42,0,19,
149,95,5000000,39400,user_18,2,19,
87,97,4200000,139000,user_26,1,15,
89,98,4200000,0,user_28,1,15,
49,97,3500000,0,user_47,0,13,
48,98,3200000,0,user_47,0,12,
28,99,3200000,0,user_23,0,12,
15,97,2600000,0,user_11,0,10,
38,98,2500000,0,user_36,0,9,
82,88,2400000,0,user_21,1,8,
108,96,2300000,0,user_48,1,8,
106,95,2300000,0,user_45,1,8,
51,98,2100000,0,user_47,0,8,
21,92,2000000,0,user_17,0,7,
31,91,2000000,0,user_25,0,7,
10,99,2000000,0,user_8,0,8,
53,96,1900000,0,user_48,0,7,
83,97,1900000,0,user_21,1,7,
37,99,1700000,34700,user_34,0,7,
102,85,1700000,0,user_41,1,6,
25,89,1500000,0,user_21,0,6,
33,90,1500000,67900,user_30,0,6,
23,94,1400000,0,user_20,0,6,
42,78,1200000,0,user_39,0,5,
13,84,1100000,0,user_11,0,5,
34,83,1100000,15700,user_32,0,5,
94,82,1100000,0,user_33,1,5,
91,81,1100000,0,user_30,1,5,
98,80,1100000,0,user_37,1,5,
54,89,1000000,19700,user_48,0,5,
32,93,970000,0,user_28,0,5,
18,98,870000,0,user_15,0,5,
17,83,660001,0,user_14,0,4,5
6,81,660001,0,user_5,0,4,5
8,82,660001,0,user_5,0,4,5
5,84,660000,14200,user_4,0,4,
16,86,659999,0,user_14,0,4,5
7,85,659999,0,user_5,0,4,5
88,87,650000,0,user_27,1,4,
150,88,650000,0,user_20,2,4,
36,91,630000,0,user_34,0,4,
81,92,600000,0,user_20,1,4,
26,93,530000,0,user_22,0,4,
39,94,470000,0,user_36,0,4,
22,98,460000,0,user_18,0,4,
27,97,460000,0,user_23,0,4,
79,99,460000,7190000,user_18,1,4,
78,85,460000,0,user_17,1,3,
100,87,420000,0,user_39,1,3,
171,88,420000,0,user_48,2,3,
151,89,420000,0,user_21,2,3,
64,91,360001,0,user_4,1,3,19
61,93,360001,0,user_0,1,3,19
72,92,360001,0,user_10,1,3,19
19,97,360000,594000,user_15,0,3,
93,98,360000,0,user_31,1,3,
68,99,359999,0,user_9,1,3,19
69,69,359999,0,user_9,1,2,19
65,70,359999,0,user_6,1,2,19
73,71,359999,0,user_11,1,2,19
75,72,359999,0,user_13,1,2,19
44,73,350000,0,user_41,0,2,
52,74,320000,231000,user_47,0,2,
85,75,320000,155000,user_24,1,2,
12,76,310000,0,user_11,0,2,
24,77,310000,0,user_21,0,2,
105,78,300000,0,user_45,1,2,
4,79,260000,0,user_4,0,2,
77,80,260000,0,user_16,1,2,
169,81,260000,0,user_44,2,2,
101,82,240000,0,user_40,1,2,
97,83,240000,0,user_36,1,2,
14,84,220000,0,user_11,0,2,
62,85,170001,0,user_1,1,2,46
71,86,170001,0,user_9,1,2,46
63,87,170001,0,user_2,1,2,46
74,88,170001,0,user_12,1,2,46
146,89,170001,0,user_10,2,2,46
46,90,170000,4320000,user_43,0,2,
43,91,170000,155000,user_41,0,2,
96,92,170000,0,user_35,1,2,
70,93,169999,0,user_9,1,2,46
66,94,169999,0,user_8,1,2,46
20,95,160000,0,user_16,0,2,
103,96,160000,67500,user_41,1,2,
80,97,160000,0,user_19,1,2,
2,98,150001,0,user_2,0,2,1
9,99,150001,0,user_7,0,2,1
40,2,43000000,0,user_37,0,19,
11,3,43000000,0,user_9,0,19,
104,4,43000000,0,user_42,1,19,
157,1,43000000,0,user_28,2,19,
161,15,30000000,18600,user_32,2,19,
109,18,27000000,0,user_48,1,19,
47,22,19000000,0,user_46,0,19,
76,30,6300000,0,user_15,1,19,
144,42,6100001,0,user_9,2,19,84
140,44,6100001,0,user_6,2,19,84
142,45,6100001,0,user_8,2,19,84
147,41,6100001,0,user_12,2,19,84
84,59,6100000,381000,user_23,1,19,
110,60,6100000,33300,user_49,1,19,
134,68,6099999,0,user_2,2,19,84
95,82,5200000,0,user_34,1,19,
45,98,5000000,0,user_42,0,19,
149,95,5000000,39400,user_18,2,19,
87,97,4200000,139000,user_26,1,15,
89,98,4200000,0,user_28,1,15,
49,97,3500000,0,user_47,0,13,
48,98,3200000,0,user_47,0,12,
28,99,3200000,0,user_23,0,12,
163,92,3200000,6390,user_32,2,11,
15,97,2600000,0,user_11,0,10,
162,96,2600000,0,user_32,2,10,
38,98,2500000,0,user_36,0,9,
223,96,2500000,0,user_18,3,9,
82,88,2400000,0,user_21,1,8,
260,90,2400000,0,user_45,3,8,
220,89,2400000,0,user_16,3,8,
106,95,2300000,0,user_45,1,8,
108,96,2300000,0,user_48,1,8,
51,98,2100000,0,user_47,0,8,
10,99,2000000,0,user_8,0,8,
31,91,2000000,0,user_25,0,7,
21,92,2000000,0,user_17,0,7,
224,88,2000000,0,user_18,3,7,
53,96,1900000,0,user_48,0,7,
83,97,1900000,0,user_21,1,7,
37,99,1700000,34700,user_34,0,7,
102,85,1700000,0,user_41,1,6,
160,86,1600000,0,user_31,2,6,
25,89,1500000,0,user_21,0,6,
33,90,1500000,67900,user_30,0,6,
221,91,1500000,0,user_17,3,6,
229,88,1500000,0,user_20,3,6,
23,94,1400000,0,user_20,0,6,
264,95,1400000,0,user_48,3,6,
164,75,1300000,0,user_35,2,5,
42,78,1200000,0,user_39,0,5,
34,83,1100000,15700,user_32,0,5,
13,84,1100000,0,user_11,0,5,
94,82,1100000,0,user_33,1,5,
98,80,1100000,0,user_37,1,5,
91,81,1100000,0,user_30,1,5,
168,85,1100000,0,user_41,2,5,
251,86,1100000,0,user_33,3,5,
54,89,1000000,19700,user_48,0,5,
156,91,1000000,0,user_27,2,5,
245,90,1000000,0,user_29,3,5,
32,93,970000,0,user_28,0,5,
227,94,970000,0,user_18,3,5,
237,95,910000,0,user_23,3,5,
246,96,910000,0,user_30,3,5,
18,98,870000,0,user_15,0,5,
231,99,870000,0,user_21,3,5,
155,80,670000,0,user_27,2,4,
6,81,660001,0,user_5,0,4,5
8,82,660001,0,user_5,0,4,5
17,83,660001,0,user_14,0,4,5
5,84,660000,14200,user_4,0,4,
7,85,659999,0,user_5,0,4,5
16,86,659999,0,user_14,0,4,5
88,87,650000,0,user_27,1,4,
150,88,650000,0,user_20,2,4,
36,91,630000,0,user_34,0,4,
81,92,600000,0,user_20,1,4,
26,93,530000,0,user_22,0,4,
39,94,470000,0,user_36,0,4,
143,96,460001,0,user_8,2,4,79
148,95,460001,0,user_13,2,4,79
22,98,460000,0,user_18,0,4,
27,97,460000,0,user_23,0,4,
79,99,460000,7190000,user_18,1,4,
78,85,460000,0,user_17,1,3,
137,86,459999,0,user_6,2,3,79
100,87,420000,0,user_39,1,3,
171,88,420000,0,user_48,2,3,
151,89,420000,0,user_21,2,3,
222,90,420000,381000,user_17,3,3,
64,91,360001,0,user_4,1,3,19
72,92,360001,0,user_10,1,3,19
61,93,360001,0,user_0,1,3,19
139,94,360001,0,user_6,2,3,19
211,95,360001,0,user_7,3,3,19
216,96,360001,0,user_12,3,3,19
19,97,360000,594000,user_15,0,3,
93,98,360000,0,user_31,1,3,
68,99,359999,0,user_9,1,3,19
40,2,43000000,0,user_37,0,19,
11,3,43000000,0,user_9,0,19,
104,4,43000000,0,user_42,1,19,
157,1,43000000,0,user_28,2,19,
161,15,30000000,18600,user_32,2,19,
109,18,27000000,0,user_48,1,19,
47,22,19000000,0,user_46,0,19,
76,30,6300000,0,user_15,1,19,
238,27,6300000,7840,user_24,3,19,
250,28,6300000,0,user_32,3,19,
248,29,6300000,67500,user_31,3,19,
147,41,6100001,0,user_12,2,19,84
144,42,6100001,0,user_9,2,19,84
140,44,6100001,0,user_6,2,19,84
142,45,6100001,0,user_8,2,19,84
84,59,6100000,381000,user_23,1,19,
110,60,6100000,33300,user_49,1,19,
338,58,6100000,0,user_37,4,19,
134,68,6099999,0,user_2,2,19,84
95,82,5200000,0,user_34,1,19,
45,98,5000000,0,user_42,0,19,
149,95,5000000,39400,user_18,2,19,
263,96,5000000,0,user_46,3,19,
257,97,5000000,16400,user_41,3,19,
89,98,4200000,0,user_28,1,15,
87,97,4200000,139000,user_26,1,15,
49,97,3500000,0,user_47,0,13,
234,95,3500000,0,user_22,3,13,
48,98,3200000,0,user_47,0,12,
28,99,3200000,0,user_23,0,12,
163,92,3200000,6390,user_32,2,11,
15,97,2600000,0,user_11,0,10,
162,96,2600000,0,user_32,2,10,
38,98,2500000,0,user_36,0,9,
223,96,2500000,0,user_18,3,9,
82,88,2400000,0,user_21,1,8,
260,90,2400000,0,user_45,3,8,
220,89,2400000,0,user_16,3,8,
106,95,2300000,0,user_45,1,8,
108,96,2300000,0,user_48,1,8,
322,93,2300000,0,user_17,4,8,
51,98,2100000,0,user_47,0,8,
10,99,2000000,0,user_8,0,8,
21,92,2000000,0,user_17,0,7,
31,91,2000000,0,user_25,0,7,
224,88,2000000,0,user_18,3,7,
228,89,2000000,0,user_19,3,7,
53,96,1900000,0,user_48,0,7,
83,97,1900000,0,user_21,1,7,
37,99,1700000,34700,user_34,0,7,
102,85,1700000,0,user_41,1,6,
160,86,1600000,0,user_31,2,6,
25,89,1500000,0,user_21,0,6,
33,90,1500000,67900,user_30,0,6,
221,91,1500000,0,user_17,3,6,
229,88,1500000,0,user_20,3,6,
23,94,1400000,0,user_20,0,6,
264,95,1400000,0,user_48,3,6,
249,96,1400000,296000,user_31,3,6,
351,97,1400000,0,user_48,4,6,
164,75,1300000,0,user_35,2,5,
255,76,1300000,0,user_40,3,5,
42,78,1200000,0,user_39,0,5,
34,83,1100000,15700,user_32,0,5,
13,84,1100000,0,user_11,0,5,
98,80,1100000,0,user_37,1,5,
91,81,1100000,0,user_30,1,5,
94,82,1100000,0,user_33,1,5,
168,85,1100000,0,user_41,2,5,
251,86,1100000,0,user_33,3,5,
54,89,1000000,19700,user_48,0,5,
156,91,1000000,0,user_27,2,5,
245,90,1000000,0,user_29,3,5,
32,93,970000,0,user_28,0,5,
227,94,970000,0,user_18,3,5,
246,96,910000,0,user_30,3,5,
259,97,910000,5640,user_43,3,5,
237,95,910000,0,user_23,3,5,
18,98,870000,0,user_15,0,5,
231,99,870000,0,user_21,3,5,
155,80,670000,0,user_27,2,4,
6,81,660001,0,user_5,0,4,5
8,82,660001,0,user_5,0,4,5
17,83,660001,0,user_14,0,4,5
5,84,660000,14200,user_4,0,4,
7,85,659999,0,user_5,0,4,5
16,86,659999,0,user_14,0,4,5
88,87,650000,0,user_27,1,4,
150,88,650000,0,user_20,2,4,
254,89,650000,0,user_39,3,4,
258,90,650000,0,user_42,3,4,
36,91,630000,0,user_34,0,4,
81,92,600000,0,user_20,1,4,
26,93,530000,0,user_22,0,4,
39,94,470000,0,user_36,0,4,
148,95,460001,0,user_13,2,4,79
143,96,460001,0,user_8,2,4,79
27,97,460000,0,user_23,0,4,
22,98,460000,0,user_18,0,4,
79,99,460000,7190000,user_18,1,4,
104,4,43000000,0,user_42,1,19,
11,3,43000000,0,user_9,0,19,
40,2,43000000,0,user_37,0,19,
157,1,43000000,0,user_28,2,19,
434,5,43000000,0,user_44,5,19,
161,15,30000000,18600,user_32,2,19,
109,18,27000000,0,user_48,1,19,
47,22,19000000,0,user_46,0,19,
76,30,6300000,0,user_15,1,19,
238,27,6300000,7840,user_24,3,19,
248,29,6300000,67500,user_31,3,19,
250,28,6300000,0,user_32,3,19,
140,44,6100001,0,user_6,2,19,84
142,45,6100001,0,user_8,2,19,84
147,41,6100001,0,user_12,2,19,84
144,42,6100001,0,user_9,2,19,84
317,43,6100001,0,user_13,4,19,84
394,46,6100001,0,user_4,5,19,84
392,47,6100001,0,user_3,5,19,84
400,48,6100001,0,user_11,5,19,84
84,59,6100000,381000,user_23,1,19,
110,60,6100000,33300,user_49,1,19,
338,58,6100000,0,user_37,4,19,
134,68,6099999,0,user_2,2,19,84
395,71,6099999,0,user_5,5,19,84
399,69,6099999,0,user_9,5,19,84
95,82,5200000,0,user_34,1,19,
439,83,5200000,66100,user_48,5,19,
45,98,5000000,0,user_42,0,19,
149,95,5000000,39400,user_18,2,19,
257,97,5000000,16400,user_41,3,19,
263,96,5000000,0,user_46,3,19,
89,98,4200000,0,user_28,1,15,
87,97,4200000,139000,user_26,1,15,
331,99,4200000,0,user_24,4,16,
49,97,3500000,0,user_47,0,13,
234,95,3500000,0,user_22,3,13,
404,96,3500000,0,user_15,5,13,
28,99,3200000,0,user_23,0,12,
48,98,3200000,0,user_47,0,12,
163,92,3200000,6390,user_32,2,11,
345,97,3200000,0,user_43,4,12,
15,97,2600000,0,user_11,0,10,
162,96,2600000,0,user_32,2,10,
38,98,2500000,0,user_36,0,9,
223,96,2500000,0,user_18,3,9,
423,99,2500000,0,user_30,5,10,
82,88,2400000,0,user_21,1,8,
260,90,2400000,0,user_45,3,8,
220,89,2400000,0,user_16,3,8,
340,87,2400000,0,user_39,4,8,
108,96,2300000,0,user_48,1,8,
106,95,2300000,0,user_45,1,8,
322,93,2300000,0,user_17,4,8,
51,98,2100000,0,user_47,0,8,
21,92,2000000,0,user_17,0,7,
10,99,2000000,0,user_8,0,8,
31,91,2000000,0,user_25,0,7,
224,88,2000000,0,user_18,3,7,
228,89,2000000,0,user_19,3,7,
83,97,1900000,0,user_21,1,7,
53,96,1900000,0,user_48,0,7,
328,98,1800000,0,user_22,4,7,
102,85,1700000,0,user_41,1,6,
37,99,1700000,34700,user_34,0,7,
160,86,1600000,0,user_31,2,6,
33,90,1500000,67900,user_30,0,6,
25,89,1500000,0,user_21,0,6,
229,88,1500000,0,user_20,3,6,
221,91,1500000,0,user_17,3,6,
437,92,1500000,0,user_47,5,6,
23,94,1400000,0,user_20,0,6,
264,95,1400000,0,user_48,3,6,
249,96,1400000,296000,user_31,3,6,
351,97,1400000,0,user_48,4,6,
164,75,1300000,0,user_35,2,5,
255,76,1300000,0,user_40,3,5,
413,77,1300000,33100,user_21,5,5,
42,78,1200000,0,user_39,0,5,
406,79,1200000,0,user_17,5,5,
98,80,1100000,0,user_37,1,5,
91,81,1100000,0,user_30,1,5,
94,82,1100000,0,user_33,1,5,
34,83,1100000,15700,user_32,0,5,
13,84,1100000,0,user_11,0,5,
168,85,1100000,0,user_41,2,5,
251,86,1100000,0,user_33,3,5,
336,87,1100000,0,user_36,4,5,
410,88,1100000,0,user_20,5,5,
54,89,1000000,19700,user_48,0,5,
245,90,1000000,0,user_29,3,5,
156,91,1000000,0,user_27,2,5,
412,92,1000000,0,user_21,5,5,
32,93,970000,0,user_28,0,5,
227,94,970000,0,user_18,3,5,
237,95,910000,0,user_23,3,5,
246,96,910000,0,user_30,3,5,
259,97,910000,5640,user_43,3,5,
18,98,870000,0,user_15,0,5,
231,99,870000,0,user_21,3,5,
157,1,43000000,0,user_28,2,19,
11,3,43000000,0,user_9,0,19,
40,2,43000000,0,user_37,0,19,
104,4,43000000,0,user_42,1,19,
434,5,43000000,0,user_44,5,19,
161,15,30000000,18600,user_32,2,19,
109,18,27000000,0,user_48,1,19,
47,22,19000000,0,user_46,0,19,
76,30,6300000,0,user_15,1,19,
250,28,6300000,0,user_32,3,19,
238,27,6300000,7840,user_24,3,19,
248,29,6300000,67500,user_31,3,19,
140,44,6100001,0,user_6,2,19,84
142,45,6100001,0,user_8,2,19,84
147,41,6100001,0,user_12,2,19,84
144,42,6100001,0,user_9,2,19,84
317,43,6100001,0,user_13,4,19,84
394,46,6100001,0,user_4,5,19,84
392,47,6100001,0,user_3,5,19,84
400,48,6100001,0,user_11,5,19,84
401,49,6100001,0,user_13,5,19,84
402,50,6100001,0,user_13,5,19,84
482,53,6100001,0,user_7,6,19,84
483,54,6100001,0,user_7,6,19,84
475,51,6100001,0,user_0,6,19,84
478,52,6100001,0,user_3,6,19,84
110,60,6100000,33300,user_49,1,19,
84,59,6100000,381000,user_23,1,19,
338,58,6100000,0,user_37,4,19,
134,68,6099999,0,user_2,2,19,84
399,69,6099999,0,user_9,5,19,84
396,70,6099999,0,user_6,5,19,84
403,72,6099999,0,user_13,5,19,84
479,73,6099999,0,user_4,6,19,84
488,74,6099999,0,user_12,6,19,84
95,82,5200000,0,user_34,1,19,
439,83,5200000,66100,user_48,5,19,
490,85,5200000,0,user_15,6,19,
494,84,5200000,0,user_20,6,19,
149,95,5000000,39400,user_18,2,19,
45,98,5000000,0,user_42,0,19,
257,97,5000000,16400,user_41,3,19,
263,96,5000000,0,user_46,3,19,
425,99,4500000,0,user_34,5,17,
87,97,4200000,139000,user_26,1,15,
89,98,4200000,0,user_28,1,15,
331,99,4200000,0,user_24,4,16,
414,94,3600000,0,user_22,5,13,
49,97,3500000,0,user_47,0,13,
234,95,3500000,0,user_22,3,13,
404,96,3500000,0,user_15,5,13,
506,98,3500000,0,user_30,6,13,
163,92,3200000,6390,user_32,2,11,
48,98,3200000,0,user_47,0,12,
28,99,3200000,0,user_23,0,12,
345,97,3200000,0,user_43,4,12,
432,96,3200000,0,user_42,5,11,
162,96,2600000,0,user_32,2,10,
15,97,2600000,0,user_11,0,10,
408,94,2600000,0,user_19,5,10,
38,98,2500000,0,user_36,0,9,
223,96,2500000,0,user_18,3,9,
423,99,2500000,0,user_30,5,10,
260,90,2400000,0,user_45,3,8,
82,88,2400000,0,user_21,1,8,
220,89,2400000,0,user_16,3,8,
340,87,2400000,0,user_39,4,8,
498,91,2400000,0,user_23,6,8,
106,95,2300000,0,user_45,1,8,
108,96,2300000,0,user_48,1,8,
322,93,2300000,0,user_17,4,8,
421,94,2300000,0,user_28,5,8,
51,98,2100000,0,user_47,0,8,
420,97,2100000,0,user_28,5,8,
228,89,2000000,0,user_19,3,7,
21,92,2000000,0,user_17,0,7,
31,91,2000000,0,user_25,0,7,
10,99,2000000,0,user_8,0,8,
224,88,2000000,0,user_18,3,7,
428,93,2000000,0,user_35,5,7,
510,94,2000000,0,user_37,6,7,
53,96,1900000,0,user_48,0,7,
83,97,1900000,0,user_21,1,7,
328,98,1800000,0,user_22,4,7,
37,99,1700000,34700,user_34,0,7,
102,85,1700000,0,user_41,1,6,
160,86,1600000,0,user_31,2,6,
430,87,1600000,0,user_42,5,6,
229,88,1500000,0,user_20,3,6,
25,89,1500000,0,user_21,0,6,
33,90,1500000,67900,user_30,0,6,
221,91,1500000,0,user_17,3,6,
437,92,1500000,0,user_47,5,6,
500,93,1500000,0,user_23,6,6,
23,94,1400000,0,user_20,0,6,
264,95,1400000,0,user_48,3,6,
249,96,1400000,296000,user_31,3,6,
351,97,1400000,0,user_48,4,6,
426,98,1400000,0,user_34,5,6,
429,99,1400000,0,user_42,5,6,
157,1,43000000,0,user_28,2,19,
40,2,43000000,0,user_37,0,19,
11,3,43000000,0,user_9,0,19,
104,4,43000000,0,user_42,1,19,
434,5,43000000,0,user_44,5,19,
161,15,30000000,18600,user_32,2,19,
578,13,30000000,0,user_21,7,19,
109,18,27000000,0,user_48,1,19,
47,22,19000000,0,user_46,0,19,
581,21,19000000,0,user_23,7,19,
238,27,6300000,7840,user_24,3,19,
250,28,6300000,0,user_32,3,19,
248,29,6300000,67500,user_31,3,19,
76,30,6300000,0,user_15,1,19,
514,31,6300000,0,user_40,6,19,
147,41,6100001,0,user_12,2,19,84
144,42,6100001,0,user_9,2,19,84
317,43,6100001,0,user_13,4,19,84
140,44,6100001,0,user_6,2,19,84
142,45,6100001,0,user_8,2,19,84
394,46,6100001,0,user_4,5,19,84
392,47,6100001,0,user_3,5,19,84
400,48,6100001,0,user_11,5,19,84
401,49,6100001,0,user_13,5,19,84
402,50,6100001,0,user_13,5,19,84
475,51,6100001,0,user_0,6,19,84
478,52,6100001,0,user_3,6,19,84
482,53,6100001,0,user_7,6,19,84
483,54,6100001,0,user_7,6,19,84
485,55,6100001,0,user_8,6,19,84
561,36,6100001,0,user_5,7,19,525
555,37,6100001,0,user_0,7,19,84
564,38,6100001,0,user_9,7,19,525
565,40,6100001,0,user_10,7,19,84
338,58,6100000,0,user_37,4,19,
84,59,6100000,381000,user_23,1,19,
110,60,6100000,33300,user_49,1,19,
525,57,6100000,594000,user_49,6,19,
134,68,6099999,0,user_2,2,19,84
399,69,6099999,0,user_9,5,19,84
396,70,6099999,0,user_6,5,19,84
395,71,6099999,0,user_5,5,19,84
403,72,6099999,0,user_13,5,19,84
479,73,6099999,0,user_4,6,19,84
481,75,6099999,0,user_6,6,19,84
488,74,6099999,0,user_12,6,19,84
560,66,6099999,0,user_5,7,19,525
95,82,5200000,0,user_34,1,19,
439,83,5200000,66100,user_48,5,19,
490,85,5200000,0,user_15,6,19,
494,84,5200000,0,user_20,6,19,
149,95,5000000,39400,user_18,2,19,
263,96,5000000,0,user_46,3,19,
257,97,5000000,16400,user_41,3,19,
45,98,5000000,0,user_42,0,19,
503,99,5000000,0,user_27,6,19,
425,99,4500000,0,user_34,5,17,
87,97,4200000,139000,user_26,1,15,
89,98,4200000,0,user_28,1,15,
331,99,4200000,0,user_24,4,16,
414,94,3600000,0,user_22,5,13,
234,95,3500000,0,user_22,3,13,
49,97,3500000,0,user_47,0,13,
404,96,3500000,0,user_15,5,13,
506,98,3500000,0,user_30,6,13,
163,92,3200000,6390,user_32,2,11,
48,98,3200000,0,user_47,0,12,
28,99,3200000,0,user_23,0,12,
345,97,3200000,0,user_43,4,12,
432,96,3200000,0,user_42,5,11,
162,96,2600000,0,user_32,2,10,
15,97,2600000,0,user_11,0,10,
408,94,2600000,0,user_19,5,10,
223,96,2500000,0,user_18,3,9,
38,98,2500000,0,user_36,0,9,
423,99,2500000,0,user_30,5,10,
220,89,2400000,0,user_16,3,8,
260,90,2400000,0,user_45,3,8,
82,88,2400000,0,user_21,1,8,
340,87,2400000,0,user_39,4,8,
498,91,2400000,0,user_23,6,8,
574,92,2400000,0,user_17,7,8,
106,95,2300000,0,user_45,1,8,
108,96,2300000,0,user_48,1,8,
322,93,2300000,0,user_17,4,8,
421,94,2300000,0,user_28,5,8,
51,98,2100000,0,user_47,0,8,
420,97,2100000,0,user_28,5,8,
224,88,2000000,0,user_18,3,7,
228,89,2000000,0,user_19,3,7,
10,99,2000000,0,user_8,0,8,
31,91,2000000,0,user_25,0,7,
21,92,2000000,0,user_17,0,7,
428,93,2000000,0,user_35,5,7,
510,94,2000000,0,user_37,6,7,
511,95,2000000,0,user_38,6,7,
53,96,1900000,0,user_48,0,7,
83,97,1900000,0,user_21,1,7,
328,98,1800000,0,user_22,4,7,
37,99,1700000,34700,user_34,0,7,
434,5,43000000,0,user_44,5,19,
40,2,43000000,0,user_37,0,19,
11,3,43000000,0,user_9,0,19,
104,4,43000000,0,user_42,1,19,
157,1,43000000,0,user_28,2,19,
593,0,43000000,0,user_40,7,19,
161,15,30000000,18600,user_32,2,19,
578,13,30000000,0,user_21,7,19,
663,14,30000000,0,user_37,8,19,
109,18,27000000,0,user_48,1,19,
47,22,19000000,0,user_46,0,19,
581,21,19000000,0,user_23,7,19,
76,30,6300000,0,user_15,1,19,
238,27,6300000,7840,user_24,3,19,
250,28,6300000,0,user_32,3,19,
248,29,6300000,67500,user_31,3,19,
514,31,6300000,0,user_40,6,19,
394,46,6100001,0,user_4,5,19,84
401,49,6100001,0,user_13,5,19,84
402,50,6100001,0,user_13,5,19,84
147,41,6100001,0,user_12,2,19,84
144,42,6100001,0,user_9,2,19,84
140,44,6100001,0,user_6,2,19,84
142,45,6100001,0,user_8,2,19,84
392,47,6100001,0,user_3,5,19,84
400,48,6100001,0,user_11,5,19,84
317,43,6100001,0,user_13,4,19,84
478,52,6100001,0,user_3,6,19,84
482,53,6100001,0,user_7,6,19,84
483,54,6100001,0,user_7,6,19,84
475,51,6100001,0,user_0,6,19,84
485,55,6100001,0,user_8,6,19,84
555,37,6100001,0,user_0,7,19,84
564,38,6100001,0,user_9,7,19,525
565,40,6100001,0,user_10,7,19,84
568,56,6100001,0,user_13,7,19,525
633,39,6100001,0,user_10,8,19,525
338,58,6100000,0,user_37,4,19,
84,59,6100000,381000,user_23,1,19,
110,60,6100000,33300,user_49,1,19,
525,57,6100000,594000,user_49,6,19,
395,71,6099999,0,user_5,5,19,84
403,72,6099999,0,user_13,5,19,84
134,68,6099999,0,user_2,2,19,84
396,70,6099999,0,user_6,5,19,84
399,69,6099999,0,user_9,5,19,84
479,73,6099999,0,user_4,6,19,84
488,74,6099999,0,user_12,6,19,84
481,75,6099999,0,user_6,6,19,84
563,67,6099999,0,user_8,7,19,84
567,79,6099999,0,user_13,7,19,525
569,78,6099999,0,user_14,7,19,525
635,77,6099999,0,user_12,8,19,525
95,82,5200000,0,user_34,1,19,
439,83,5200000,66100,user_48,5,19,
494,84,5200000,0,user_20,6,19,
490,85,5200000,0,user_15,6,19,
590,81,5200000,0,user_32,7,19,
45,98,5000000,0,user_42,0,19,
149,95,5000000,39400,user_18,2,19,
263,96,5000000,0,user_46,3,19,
257,97,5000000,16400,user_41,3,19,
503,99,5000000,0,user_27,6,19,
425,99,4500000,0,user_34,5,17,
331,99,4200000,0,user_24,4,16,
89,98,4200000,0,user_28,1,15,
87,97,4200000,139000,user_26,1,15,
674,98,4200000,0,user_45,8,16,
414,94,3600000,0,user_22,5,13,
49,97,3500000,0,user_47,0,13,
234,95,3500000,0,user_22,3,13,
404,96,3500000,0,user_15,5,13,
506,98,3500000,0,user_30,6,13,
345,97,3200000,0,user_43,4,12,
48,98,3200000,0,user_47,0,12,
28,99,3200000,0,user_23,0,12,
163,92,3200000,6390,user_32,2,11,
432,96,3200000,0,user_42,5,11,
408,94,2600000,0,user_19,5,10,
15,97,2600000,0,user_11,0,10,
162,96,2600000,0,user_32,2,10,
575,95,2600000,0,user_19,7,10,
38,98,2500000,0,user_36,0,9,
223,96,2500000,0,user_18,3,9,
423,99,2500000,0,user_30,5,10,
582,99,2500000,0,user_24,7,9,
673,86,2500000,0,user_44,8,8,
340,87,2400000,0,user_39,4,8,
82,88,2400000,0,user_21,1,8,
220,89,2400000,0,user_16,3,8,
260,90,2400000,0,user_45,3,8,
498,91,2400000,0,user_23,6,8,
574,92,2400000,0,user_17,7,8,
322,93,2300000,0,user_17,4,8,
421,94,2300000,0,user_28,5,8,
106,95,2300000,0,user_45,1,8,
108,96,2300000,0,user_48,1,8,
420,97,2100000,0,user_28,5,8,
51,98,2100000,0,user_47,0,8,
10,99,2000000,0,user_8,0,8,
434,5,43000000,0,user_44,5,19,
104,4,43000000,0,user_42,1,19,
11,3,43000000,0,user_9,0,19,
40,2,43000000,0,user_37,0,19,
157,1,43000000,0,user_28,2,19,
593,0,43000000,0,user_40,7,19,
648,6,43000000,0,user_25,8,19,
726,7,43000000,0,user_16,9,19,
161,15,30000000,18600,user_32,2,19,
578,13,30000000,0,user_21,7,19,
663,14,30000000,0,user_37,8,19,
109,18,27000000,0,user_48,1,19,
47,22,19000000,0,user_46,0,19,
581,21,19000000,0,user_23,7,19,
679,23,19000000,0,user_49,8,19,
742,24,19000000,0,user_29,9,19,
248,29,6300000,67500,user_31,3,19,
250,28,6300000,0,user_32,3,19,
238,27,6300000,7840,user_24,3,19,
76,30,6300000,0,user_15,1,19,
514,31,6300000,0,user_40,6,19,
735,32,6300000,0,user_21,9,19,
317,43,6100001,0,user_13,4,19,84
392,47,6100001,0,user_3,5,19,84
394,46,6100001,0,user_4,5,19,84
401,49,6100001,0,user_13,5,19,84
402,50,6100001,0,user_13,5,19,84
400,48,6100001,0,user_11,5,19,84
140,44,6100001,0,user_6,2,19,84
142,45,6100001,0,user_8,2,19,84
147,41,6100001,0,user_12,2,19,84
144,42,6100001,0,user_9,2,19,84
478,52,6100001,0,user_3,6,19,84
482,53,6100001,0,user_7,6,19,84
483,54,6100001,0,user_7,6,19,84
485,55,6100001,0,user_8,6,19,84
475,51,6100001,0,user_0,6,19,84
565,40,6100001,0,user_10,7,19,84
555,37,6100001,0,user_0,7,19,84
564,38,6100001,0,user_9,7,19,525
561,36,6100001,0,user_5,7,19,525
568,56,6100001,0,user_13,7,19,525
633,39,6100001,0,user_10,8,19,525
636,35,6100001,0,user_13,8,19,525
338,58,6100000,0,user_37,4,19,
84,59,6100000,381000,user_23,1,19,
110,60,6100000,33300,user_49,1,19,
525,57,6100000,594000,user_49,6,19,
667,61,6100000,0,user_40,8,19,
134,68,6099999,0,user_2,2,19,84
403,72,6099999,0,user_13,5,19,84
396,70,6099999,0,user_6,5,19,84
399,69,6099999,0,user_9,5,19,84
479,73,6099999,0,user_4,6,19,84
481,75,6099999,0,user_6,6,19,84
488,74,6099999,0,user_12,6,19,84
395,71,6099999,0,user_5,5,19,84
569,78,6099999,0,user_14,7,19,525
560,66,6099999,0,user_5,7,19,525
567,79,6099999,0,user_13,7,19,525
563,67,6099999,0,user_8,7,19,84
632,76,6099999,0,user_6,8,19,525
635,77,6099999,0,user_12,8,19,525
439,83,5200000,66100,user_48,5,19,
494,84,5200000,0,user_20,6,19,
95,82,5200000,0,user_34,1,19,
490,85,5200000,0,user_15,6,19,
590,81,5200000,0,user_32,7,19,
657,86,5200000,0,user_35,8,19,
263,96,5000000,0,user_46,3,19,
257,97,5000000,16400,user_41,3,19,
45,98,5000000,0,user_42,0,19,
149,95,5000000,39400,user_18,2,19,
503,99,5000000,0,user_27,6,19,
669,95,5000000,0,user_42,8,18,
749,96,5000000,0,user_37,9,18,
425,99,4500000,0,user_34,5,17,
331,99,4200000,0,user_24,4,16,
89,98,4200000,0,user_28,1,15,
87,97,4200000,139000,user_26,1,15,
674,98,4200000,0,user_45,8,16,
414,94,3600000,0,user_22,5,13,
234,95,3500000,0,user_22,3,13,
404,96,3500000,0,user_15,5,13,
49,97,3500000,0,user_47,0,13,
506,98,3500000,0,user_30,6,13,
345,97,3200000,0,user_43,4,12,
432,96,3200000,0,user_42,5,11,
28,99,3200000,0,user_23,0,12,
48,98,3200000,0,user_47,0,12,
163,92,3200000,6390,user_32,2,11,
727,97,3200000,0,user_17,9,11,
408,94,2600000,0,user_19,5,10,
15,97,2600000,0,user_11,0,10,
162,96,2600000,0,user_32,2,10,
575,95,2600000,0,user_19,7,10,
223,96,2500000,0,user_18,3,9,
423,99,2500000,0,user_30,5,10,
38,98,2500000,0,user_36,0,9,
582,99,2500000,0,user_24,7,9,
434,5,43000000,0,user_44,5,19,
157,1,43000000,0,user_28,2,19,
11,3,43000000,0,user_9,0,19,
40,2,43000000,0,user_37,0,19,
104,4,43000000,0,user_42,1,19,
593,0,43000000,0,user_40,7,19,
648,6,43000000,0,user_25,8,19,
726,7,43000000,0,user_16,9,19,
161,15,30000000,18600,user_32,2,19,
578,13,30000000,0,user_21,7,19,
663,14,30000000,0,user_37,8,19,
109,18,27000000,0,user_48,1,19,
47,22,19000000,0,user_46,0,19,
581,21,19000000,0,user_23,7,19,
679,23,19000000,0,user_49,8,19,
742,24,19000000,0,user_29,9,19,
514,31,6300000,0,user_40,6,19,
76,30,6300000,0,user_15,1,19,
250,28,6300000,0,user_32,3,19,
238,27,6300000,7840,user_24,3,19,
248,29,6300000,67500,user_31,3,19,
735,32,6300000,0,user_21,9,19,
478,52,6100001,0,user_3,6,19,84
482,53,6100001,0,user_7,6,19,84
483,54,6100001,0,user_7,6,19,84
485,55,6100001,0,user_8,6,19,84
475,51,6100001,0,user_0,6,19,84
561,36,6100001,0,user_5,7,19,525
394,46,6100001,0,user_4,5,19,84
400,48,6100001,0,user_11,5,19,84
392,47,6100001,0,user_3,5,19,84
565,40,6100001,0,user_10,7,19,84
317,43,6100001,0,user_13,4,19,84
568,56,6100001,0,user_13,7,19,525
140,44,6100001,0,user_6,2,19,84
142,45,6100001,0,user_8,2,19,84
147,41,6100001,0,user_12,2,19,84
144,42,6100001,0,user_9,2,19,84
401,49,6100001,0,user_13,5,19,84
402,50,6100001,0,user_13,5,19,84
555,37,6100001,0,user_0,7,19,84
564,38,6100001,0,user_9,7,19,525
633,39,6100001,0,user_10,8,19,525
636,35,6100001,0,user_13,8,19,525
525,57,6100000,594000,user_49,6,19,
338,58,6100000,0,user_37,4,19,
110,60,6100000,33300,user_49,1,19,
84,59,6100000,381000,user_23,1,19,
667,61,6100000,0,user_40,8,19,
481,75,6099999,0,user_6,6,19,84
479,73,6099999,0,user_4,6,19,84
488,74,6099999,0,user_12,6,19,84
395,71,6099999,0,user_5,5,19,84
560,66,6099999,0,user_5,7,19,525
396,70,6099999,0,user_6,5,19,84
399,69,6099999,0,user_9,5,19,84
567,79,6099999,0,user_13,7,19,525
134,68,6099999,0,user_2,2,19,84
403,72,6099999,0,user_13,5,19,84
563,67,6099999,0,user_8,7,19,84
569,78,6099999,0,user_14,7,19,525
635,77,6099999,0,user_12,8,19,525
632,76,6099999,0,user_6,8,19,525
494,84,5200000,0,user_20,6,19,
490,85,5200000,0,user_15,6,19,
439,83,5200000,66100,user_48,5,19,
95,82,5200000,0,user_34,1,19,
590,81,5200000,0,user_32,7,19,
657,86,5200000,0,user_35,8,19,
503,99,5000000,0,user_27,6,19,
149,95,5000000,39400,user_18,2,19,
45,98,5000000,0,user_42,0,19,
257,97,5000000,16400,user_41,3,19,
263,96,5000000,0,user_46,3,19,
669,95,5000000,0,user_42,8,18,
749,96,5000000,0,user_37,9,18,
814,93,5000000,0,user_18,10,19,
425,99,4500000,0,user_34,5,17,
331,99,4200000,0,user_24,4,16,
87,97,4200000,139000,user_26,1,15,
89,98,4200000,0,user_28,1,15,
674,98,4200000,0,user_45,8,16,
414,94,3600000,0,user_22,5,13,
506,98,3500000,0,user_30,6,13,
404,96,3500000,0,user_15,5,13,
49,97,3500000,0,user_47,0,13,
234,95,3500000,0,user_22,3,13,
345,97,3200000,0,user_43,4,12,
432,96,3200000,0,user_42,5,11,
163,92,3200000,6390,user_32,2,11,
48,98,3200000,0,user_47,0,12,
28,99,3200000,0,user_23,0,12,
727,97,3200000,0,user_17,9,11,
729,99,3200000,0,user_19,9,13,
408,94,2600000,0,user_19,5,10,
575,95,2600000,0,user_19,7,10,
162,96,2600000,0,user_32,2,10,
15,97,2600000,0,user_11,0,10,
812,98,2600000,0,user_17,10,10,
423,99,2500000,0,user_30,5,10,
593,0,43000000,0,user_40,7,19,
157,1,43000000,0,user_28,2,19,
40,2,43000000,0,user_37,0,19,
11,3,43000000,0,user_9,0,19,
104,4,43000000,0,user_42,1,19,
434,5,43000000,0,user_44,5,19,
648,6,43000000,0,user_25,8,19,
726,7,43000000,0,user_16,9,19,
578,13,30000000,0,user_21,7,19,
663,14,30000000,0,user_37,8,19,
161,15,30000000,18600,user_32,2,19,
109,18,27000000,0,user_48,1,19,
581,21,19000000,0,user_23,7,19,
47,22,19000000,0,user_46,0,19,
679,23,19000000,0,user_49,8,19,
742,24,19000000,0,user_29,9,19,
823,25,19000000,0,user_27,10,19,
238,27,6300000,7840,user_24,3,19,
250,28,6300000,0,user_32,3,19,
248,29,6300000,67500,user_31,3,19,
76,30,6300000,0,user_15,1,19,
514,31,6300000,0,user_40,6,19,
735,32,6300000,0,user_21,9,19,
561,36,6100001,0,user_5,7,19,525
555,37,6100001,0,user_0,7,19,84
564,38,6100001,0,user_9,7,19,525
633,39,6100001,0,user_10,8,19,525
565,40,6100001,0,user_10,7,19,84
636,35,6100001,0,user_13,8,19,525
147,41,6100001,0,user_12,2,19,84
144,42,6100001,0,user_9,2,19,84
317,43,6100001,0,user_13,4,19,84
140,44,6100001,0,user_6,2,19,84
142,45,6100001,0,user_8,2,19,84
394,46,6100001,0,user_4,5,19,84
392,47,6100001,0,user_3,5,19,84
400,48,6100001,0,user_11,5,19,84
401,49,6100001,0,user_13,5,19,84
402,50,6100001,0,user_13,5,19,84
475,51,6100001,0,user_0,6,19,84
478,52,6100001,0,user_3,6,19,84
482,53,6100001,0,user_7,6,19,84
483,54,6100001,0,user_7,6,19,84
485,55,6100001,0,user_8,6,19,84
568,56,6100001,0,user_13,7,19,525
525,57,6100000,594000,user_49,6,19,
338,58,6100000,0,user_37,4,19,
84,59,6100000,381000,user_23,1,19,
110,60,6100000,33300,user_49,1,19,
667,61,6100000,0,user_40,8,19,
560,66,6099999,0,user_5,7,19,525
563,67,6099999,0,user_8,7,19,84
134,68,6099999,0,user_2,2,19,84
399,69,6099999,0,user_9,5,19,84
396,70,6099999,0,user_6,5,19,84
395,71,6099999,0,user_5,5,19,84
403,72,6099999,0,user_13,5,19,84
479,73,6099999,0,user_4,6,19,84
488,74,6099999,0,user_12,6,19,84
481,75,6099999,0,user_6,6,19,84
632,76,6099999,0,user_6,8,19,525
635,77,6099999,0,user_12,8,19,525
569,78,6099999,0,user_14,7,19,525
567,79,6099999,0,user_13,7,19,525
590,81,5200000,0,user_32,7,19,
95,82,5200000,0,user_34,1,19,
439,83,5200000,66100,user_48,5,19,
494,84,5200000,0,user_20,6,19,
490,85,5200000,0,user_15,6,19,
657,86,5200000,0,user_35,8,19,
149,95,5000000,39400,user_18,2,19,
263,96,5000000,0,user_46,3,19,
257,97,5000000,16400,user_41,3,19,
45,98,5000000,0,user_42,0,19,
503,99,5000000,0,user_27,6,19,
669,95,5000000,0,user_42,8,18,
749,96,5000000,0,user_37,9,18,
833,92,5000000,0,user_41,10,19,
814,93,5000000,0,user_18,10,19,
829,94,5000000,0,user_38,10,19,
425,99,4500000,0,user_34,5,17,
822,95,4500000,0,user_26,10,16,
889,98,4500000,18600,user_29,11,17,
674,98,4200000,0,user_45,8,16,
87,97,4200000,139000,user_26,1,15,
89,98,4200000,0,user_28,1,15,
331,99,4200000,0,user_24,4,16,
414,94,3600000,0,user_22,5,13,
234,95,3500000,0,user_22,3,13,
49,97,3500000,0,user_47,0,13,
404,96,3500000,0,user_15,5,13,
506,98,3500000,0,user_30,6,13,
163,92,3200000,6390,user_32,2,11,
48,98,3200000,0,user_47,0,12,
28,99,3200000,0,user_23,0,12,
345,97,3200000,0,user_43,4,12,
432,96,3200000,0,user_42,5,11,
727,97,3200000,0,user_17,9,11,
729,99,3200000,0,user_19,9,13,
820,99,3200000,68100,user_24,10,11,
593,0,43000000,0,user_40,7,19,
648,6,43000000,0,user_25,8,19,
434,5,43000000,0,user_44,5,19,
40,2,43000000,0,user_37,0,19,
11,3,43000000,0,user_9,0,19,
104,4,43000000,0,user_42,1,19,
157,1,43000000,0,user_28,2,19,
726,7,43000000,0,user_16,9,19,
957,8,43000000,0,user_21,12,19,
578,13,30000000,0,user_21,7,19,
663,14,30000000,0,user_37,8,19,
161,15,30000000,18600,user_32,2,19,
109,18,27000000,0,user_48,1,19,
900,17,27000000,0,user_41,11,19,
581,21,19000000,0,user_23,7,19,
679,23,19000000,0,user_49,8,19,
47,22,19000000,0,user_46,0,19,
742,24,19000000,0,user_29,9,19,
823,25,19000000,0,user_27,10,19,
76,30,6300000,0,user_15,1,19,
238,27,6300000,7840,user_24,3,19,
250,28,6300000,0,user_32,3,19,
248,29,6300000,67500,user_31,3,19,
514,31,6300000,0,user_40,6,19,
735,32,6300000,0,user_21,9,19,
555,37,6100001,0,user_0,7,19,84
565,40,6100001,0,user_10,7,19,84
564,38,6100001,0,user_9,7,19,525
633,39,6100001,0,user_10,8,19,525
561,36,6100001,0,user_5,7,19,525
394,46,6100001,0,user_4,5,19,84
401,49,6100001,0,user_13,5,19,84
402,50,6100001,0,user_13,5,19,84
147,41,6100001,0,user_12,2,19,84
144,42,6100001,0,user_9,2,19,84
140,44,6100001,0,user_6,2,19,84
142,45,6100001,0,user_8,2,19,84
392,47,6100001,0,user_3,5,19,84
400,48,6100001,0,user_11,5,19,84
317,43,6100001,0,user_13,4,19,84
478,52,6100001,0,user_3,6,19,84
482,53,6100001,0,user_7,6,19,84
483,54,6100001,0,user_7,6,19,84
475,51,6100001,0,user_0,6,19,84
485,55,6100001,0,user_8,6,19,84
568,56,6100001,0,user_13,7,19,525
636,35,6100001,0,user_13,8,19,525
667,61,6100000,0,user_40,8,19,
338,58,6100000,0,user_37,4,19,
84,59,6100000,381000,user_23,1,19,
110,60,6100000,33300,user_49,1,19,
525,57,6100000,594000,user_49,6,19,
635,77,6099999,0,user_12,8,19,525
560,66,6099999,0,user_5,7,19,525
632,76,6099999,0,user_6,8,19,525
395,71,6099999,0,user_5,5,19,84
403,72,6099999,0,user_13,5,19,84
134,68,6099999,0,user_2,2,19,84
396,70,6099999,0,user_6,5,19,84
399,69,6099999,0,user_9,5,19,84
479,73,6099999,0,user_4,6,19,84
488,74,6099999,0,user_12,6,19,84
481,75,6099999,0,user_6,6,19,84
569,78,6099999,0,user_14,7,19,525
567,79,6099999,0,user_13,7,19,525
563,67,6099999,0,user_8,7,19,84
590,81,5200000,0,user_32,7,19,
657,86,5200000,0,user_35,8,19,
95,82,5200000,0,user_34,1,19,
439,83,5200000,66100,user_48,5,19,
494,84,5200000,0,user_20,6,19,
490,85,5200000,0,user_15,6,19,
669,95,5000000,0,user_42,8,18,
749,96,5000000,0,user_37,9,18,
45,98,5000000,0,user_42,0,19,
149,95,5000000,39400,user_18,2,19,
263,96,5000000,0,user_46,3,19,
257,97,5000000,16400,user_41,3,19,
503,99,5000000,0,user_27,6,19,
814,93,5000000,0,user_18,10,19,
833,92,5000000,0,user_41,10,19,
885,91,5000000,0,user_26,11,19,
829,94,5000000,0,user_38,10,19,
425,99,4500000,0,user_34,5,17,
822,95,4500000,0,user_26,10,16,
889,98,4500000,18600,user_29,11,17,
888,97,4500000,0,user_28,11,17,
674,98,4200000,0,user_45,8,16,
331,99,4200000,0,user_24,4,16,
89,98,4200000,0,user_28,1,15,
87,97,4200000,139000,user_26,1,15,
414,94,3600000,0,user_22,5,13,
49,97,3500000,0,user_47,0,13,
234,95,3500000,0,user_22,3,13,
404,96,3500000,0,user_15,5,13,
506,98,3500000,0,user_30,6,13,
729,99,3200000,0,user_19,9,13,
345,97,3200000,0,user_43,4,12,
48,98,3200000,0,user_47,0,12,
28,99,3200000,0,user_23,0,12,
593,0,43000000,0,user_40,7,19,
648,6,43000000,0,user_25,8,19,
726,7,43000000,0,user_16,9,19,
434,5,43000000,0,user_44,5,19,
104,4,43000000,0,user_42,1,19,
11,3,43000000,0,user_9,0,19,
40,2,43000000,0,user_37,0,19,
157,1,43000000,0,user_28,2,19,
957,8,43000000,0,user_21,12,19,
578,13,30000000,0,user_21,7,19,
663,14,30000000,0,user_37,8,19,
161,15,30000000,18600,user_32,2,19,
109,18,27000000,0,user_48,1,19,
900,17,27000000,0,user_41,11,19,
581,21,19000000,0,user_23,7,19,
679,23,19000000,0,user_49,8,19,
742,24,19000000,0,user_29,9,19,
47,22,19000000,0,user_46,0,19,
823,25,19000000,0,user_27,10,19,
735,32,6300000,0,user_21,9,19,
248,29,6300000,67500,user_31,3,19,
250,28,6300000,0,user_32,3,19,
238,27,6300000,7840,user_24,3,19,
76,30,6300000,0,user_15,1,19,
514,31,6300000,0,user_40,6,19,
568,56,6100001,0,user_13,7,19,525
565,40,6100001,0,user_10,7,19,84
636,35,6100001,0,user_13,8,19,525
